{"rb_ScNup133N_56-480_renamed_NR.pdb_0": [{"rot": [[0.6926614525842151, 0.1363267060682451, -0.7082620569510326], [-0.09337791412937843, 0.9906602867184634, 0.09936177067533847], [0.7151927553161957, -0.002688034872249133, 0.6989220966686872]], "trans": [704.6261776046044, -40.929935909125675, -78.46799147883542]}], "rb_ScNup133C_490_881_renamed_relative_3CQC_NR.pdb_0": [{"rot": [[0.9913465957344436, 0.05025287702422547, 0.12127067030621798], [-0.048927392650344514, 0.9987058218133436, -0.013884945969463937], [-0.12181148293231785, 0.007831336215741948, 0.992522358840801]], "trans": [-152.51429077646128, 35.57790994298762, 67.65101416837354]}], "rb_ScNup84_506-726_ScNup133C_882_1155_renamed_relative_3CQC_new_NR.pdb_0": [{"rot": [[0.9687464026595107, -0.17057070603091062, -0.1801000876689777], [0.16242082437524263, 0.9849453112194795, -0.05917947039327862], [0.18748302094729372, 0.028077894345534864, 0.9818664617480308]], "trans": [290.1751060343785, -34.29999383684685, -111.94792951778197]}], "rb_4XMM.renamed.noAb_Nup145c_149-550_Sec13_Nup84_7-436_3IKO_updated_NR.pdb_0": [{"rot": [[0.9984348421036491, -0.049275556042413016, -0.026453461969516267], [0.045869269633068394, 0.9920999402752018, -0.11676351574558905], [0.03199806520386035, 0.11536736142710627, 0.9928073809861393]], "trans": [56.24554258968817, 86.90153423473919, -89.16268150820235]}], "rb_4XMM.renamed.noAb_Seh1_Nup85_47_544_3F3F_NR.pdb_0": [{"rot": [[0.9518928062210995, 0.09168300599022806, -0.2923941036975907], [-0.13406974929052706, 0.9826242607952541, -0.12835444839099747], [0.2755456183460315, 0.1613808802466321, 0.9476448826966392]], "trans": [242.79155461917526, 234.6041802045362, -273.00247012582827]}], "rb_4XMM.renamed.noAb_Nup120_715-1036_Nup85_553-744_Nup145c_92-99_554-712_remaining_updated_NR.pdb_0": [{"rot": [[0.9849339163231661, -0.038453174637799514, -0.16860170176065167], [0.05623794132777203, 0.9931923350435943, 0.10201117373047588], [0.1635312643855202, -0.10995607746245842, 0.9803913435957834]], "trans": [188.81099270389075, -123.38188748452671, -49.552984014424396]}], "rb_4XMM.renamed.noAb_Nup120_2-711_3F7F_updated_NR.pdb_0": [{"rot": [[0.9763798386045932, 0.03382226938067405, 0.2133974340530057], [-0.08149204030916828, 0.9723735504584152, 0.21874351586993823], [-0.20010361848980818, -0.23096695101861248, 0.9521621759996814]], "trans": [-189.98193778377083, -116.37246568970573, 319.566916460642]}]}
