{"rb_ScNup133N_56-480_renamed_NR.pdb_0": [{"rot": [[0.9942841364262456, -0.0897659685569366, 0.05780248212793622], [0.07216231148402684, 0.9640274260457606, 0.2558197072800837], [-0.07868708186479915, -0.2501863160139269, 0.9649948965807964]], "trans": [9.316524382718512, -251.68054759483744, 256.80429791062795]}], "rb_ScNup133C_490_881_renamed_relative_3CQC_NR.pdb_0": [{"rot": [[0.9863185110845932, -0.016637672775671845, 0.1640090928469527], [0.005096937213807416, 0.9974960983285898, 0.07053761443569394], [-0.16477201195260432, -0.06873661079693834, 0.9839336676896674]], "trans": [-139.15903468822466, -70.63515749489443, 153.2309294483356]}], "rb_ScNup84_506-726_ScNup133C_882_1155_renamed_relative_3CQC_new_NR.pdb_0": [{"rot": [[0.9670699149334034, -0.23714203700972278, 0.0924090575299843], [0.22702853456044733, 0.9678880848744822, 0.10793840675748317], [-0.11503835936780588, -0.0834044929298619, 0.9898534570496165]], "trans": [90.25076376528096, -210.76491830052123, 129.78238811570122]}], "rb_4XMM.renamed.noAb_Nup145c_149-550_Sec13_Nup84_7-436_3IKO_updated_NR.pdb_0": [{"rot": [[0.9982209478388914, 0.01681199049927642, 0.05720398824450543], [-0.016393452215369152, 0.9998353648109782, -0.007778045883157584], [-0.05732533488857858, 0.006826437486005112, 0.9983322121073536]], "trans": [-60.888672312195354, 20.269304618721094, 35.08216794017915]}], "rb_4XMM.renamed.noAb_Seh1_Nup85_47_544_3F3F_NR.pdb_0": [{"rot": [[0.9513245802167599, 0.09905513037152308, -0.29183835289845933], [-0.14769721607888223, 0.9776488822417512, -0.14962685392001734], [0.2704941319843244, 0.18544741626276384, 0.9446915794922234]], "trans": [238.13938179560262, 268.6164339193087, -280.78267991366806]}], "rb_4XMM.renamed.noAb_Nup120_715-1036_Nup85_553-744_Nup145c_92-99_554-712_remaining_updated_NR.pdb_0": [{"rot": [[0.9781814817525588, -0.1818159416231828, -0.10051841686001456], [0.1936732271458805, 0.9731315408298239, 0.12452182671753903], [0.07517758870347235, -0.1412726711499716, 0.9871121327097966]], "trans": [212.15103082997075, -241.27091947123165, 30.233367852571973]}], "rb_4XMM.renamed.noAb_Nup120_2-711_3F7F_updated_NR.pdb_0": [{"rot": [[0.9356978500158095, 0.24674681826535855, 0.25216173609752013], [-0.30098583940867657, 0.9311831948287794, 0.2056827220354771], [-0.18405721379844808, -0.2683539926000564, 0.9455734115891599]], "trans": [-287.9626223131646, 85.08849085731077, 333.03394188801667]}]}
