{"rb_ScNup133N_56-480_renamed_NR.pdb_0": [{"rot": [[0.6670034717324868, 0.1001083949579567, -0.7382985019324847], [-0.04415421392156582, 0.9945016273935591, 0.09495745628717647], [0.7437451002122825, -0.03073796301813405, 0.66775624560143]], "trans": [772.1545755185066, -63.75963077478457, -42.86289643734392]}], "rb_ScNup133C_490_881_renamed_relative_3CQC_NR.pdb_0": [{"rot": [[0.973869772790358, -0.12548837690791007, 0.18928901950793176], [0.08393191641946961, 0.9733413298776317, 0.21345277922341085], [-0.21102866879031157, -0.19198781943931056, 0.9584401797376438]], "trans": [-85.33474794617575, -222.38120403745097, 284.66921538710153]}], "rb_ScNup84_506-726_ScNup133C_882_1155_renamed_relative_3CQC_new_NR.pdb_0": [{"rot": [[0.9861264879313686, -0.11126624096444034, -0.12318430671877295], [0.12455390511578436, 0.9865341327427727, 0.10600344170766719], [0.10973091870821924, -0.11987588813062329, 0.9867060843657253]], "trans": [186.9779094149394, -155.62389003608098, 26.70605995420715]}], "rb_4XMM.renamed.noAb_Nup145c_149-550_Sec13_Nup84_7-436_3IKO_updated_NR.pdb_0": [{"rot": [[0.9989365883198482, -0.04606825142806533, 0.0018462736152262064], [0.046064948198485146, 0.995589558812348, -0.08172790790975147], [0.0019269310762462628, 0.0817260459963315, 0.9966529688624985]], "trans": [28.275516236084513, 52.438315947074216, -50.43985593083676]}], "rb_4XMM.renamed.noAb_Seh1_Nup85_47_544_3F3F_NR.pdb_0": [{"rot": [[0.9652061286976135, 0.06287032475851446, -0.2538197222229275], [-0.11723333900893469, 0.9716900410937079, -0.20512144759659723], [0.23373804429185535, 0.22774061189007622, 0.9452516809541001]], "trans": [215.10395162816235, 296.88601221071144, -276.2693749548107]}], "rb_4XMM.renamed.noAb_Nup120_715-1036_Nup85_553-744_Nup145c_92-99_554-712_remaining_updated_NR.pdb_0": [{"rot": [[0.9890615413185538, -0.023533194401449582, -0.1456140660988165], [0.03847562876250015, 0.9941758613432777, 0.10066768455508487], [0.14239695739690927, -0.10516912799683842, 0.984206564213269]], "trans": [156.70966275736384, -108.81508654784955, -39.028263781840224]}], "rb_4XMM.renamed.noAb_Nup120_2-711_3F7F_updated_NR.pdb_0": [{"rot": [[0.9636897196766692, 0.05578504190013811, 0.2611324439622568], [-0.08987923784849638, 0.9886370650718921, 0.12049263948394276], [-0.25144352605162607, -0.13958790300822568, 0.9577532931504282]], "trans": [-234.99122984593248, -27.34317426701375, 310.65604033151453]}]}
