{"rb_ScNup133N_56-480_renamed_NR.pdb_0": [{"rot": [[0.9924496173070395, -0.09151719491287635, 0.08166002781282114], [0.06447575524823487, 0.9556400381887104, 0.28739344876988954], [-0.10433903436529321, -0.2799584262814035, 0.9543252304438773]], "trans": [-11.359929493103152, -271.5256471718909, 301.78213378267196]}], "rb_ScNup133C_490_881_renamed_relative_3CQC_NR.pdb_0": [{"rot": [[0.9821119542758642, 0.007388869121443089, 0.18815290027408085], [-0.02367324547673591, 0.996146521769936, 0.08444930203533728], [-0.18680387232881504, -0.08739285885450597, 0.9785023257530844]], "trans": [-176.31217384625597, -67.1495968454426, 182.22223688175313]}], "rb_ScNup84_506-726_ScNup133C_882_1155_renamed_relative_3CQC_new_NR.pdb_0": [{"rot": [[0.9655447585704671, -0.2375859313645751, 0.10618966246639742], [0.22560496406529193, 0.9675844413747454, 0.11350219821052546], [-0.12971399071109613, -0.08563453758356196, 0.987846651351642]], "trans": [78.60461945228678, -215.14775188153578, 141.327806300646]}], "rb_4XMM.renamed.noAb_Nup145c_149-550_Sec13_Nup84_7-436_3IKO_updated_NR.pdb_0": [{"rot": [[0.9903994572846, 0.0027002470479738673, -0.13820862374052678], [-0.030997623471070764, 0.9786864963353881, -0.20300711620509485], [0.13471474436570152, 0.2053422765936013, 0.9693742760636066]], "trans": [131.39608668116568, 228.79098231956118, -195.4286895214883]}], "rb_4XMM.renamed.noAb_Seh1_Nup85_47_544_3F3F_NR.pdb_0": [{"rot": [[0.9547779444131514, 0.09397296406425067, -0.28207828503302657], [-0.14295254129396306, 0.9769731994143374, -0.15839172504808557], [0.2606983847280073, 0.1915527333427785, 0.9462261371094731]], "trans": [230.38330747750388, 272.0606156496341, -277.5015397854977]}], "rb_4XMM.renamed.noAb_Nup120_715-1036_Nup85_553-744_Nup145c_92-99_554-712_remaining_updated_NR.pdb_0": [{"rot": [[0.989740577296988, -0.026536276301144624, -0.14039022648280872], [0.042694267358907204, 0.9926356246335891, 0.11336541025802425], [0.13634804430761435, -0.11819620445832137, 0.9835847030455157]], "trans": [152.13514615202325, -123.55258743424042, -26.374237955699755]}], "rb_4XMM.renamed.noAb_Nup120_2-711_3F7F_updated_NR.pdb_0": [{"rot": [[0.9650827711475396, 0.06034153572531115, 0.25490026265285737], [-0.09084985924249706, 0.9898091401540554, 0.10965477255052247], [-0.24568587242615958, -0.12898358474549906, 0.9607297679141604]], "trans": [-231.80582547799997, -16.505118214580023, 298.9598986389692]}]}
