{"rb_ScNic96_CTD_cyt_out.pdb_0": [{"rot": [[0.9849971034833598, 0.0020830431422655337, -0.17255830046873846], [0.002809270907609195, 0.9996010965325095, 0.02810259432815177], [0.1725480052807323, -0.028165737026970693, 0.984598332890813]], "trans": [96.079337519923, -6.394233494489299, -57.2866353032756]}], "rb_ScNic96_CTD_cyt_in.pdb_0": [{"rot": [[0.8878674909771135, -0.15746217204183932, 0.43231583690847086], [-0.03760807727573849, 0.9116329465463097, 0.4092810810371224], [-0.4585596482352404, -0.37964593392680984, 0.8034874074079897]], "trans": [-89.26744806264708, -127.41419924734225, 520.0495068805319]}], "rb_ScNic96_CTD_nucl_in.pdb_0": [{"rot": [[0.879021919592126, -0.29861556682907164, 0.3716842855488066], [0.28584880959774894, 0.9539983654281292, 0.09042995528036021], [-0.3815899932232558, 0.026755597691143822, 0.9239443787718316]], "trans": [38.13184619022178, -163.68171052932155, 203.38914751004387]}], "rb_ScNic96_CTD_nucl_out.pdb_0": [{"rot": [[0.9494960671457712, 0.09457857587433792, 0.2991857474217245], [-0.08982795871365744, 0.9955166108864203, -0.02962457227630295], [-0.3006462311555747, 0.0012531699001118897, 0.9537349072237792]], "trans": [-133.7105894946552, 48.97106753424276, 157.39630849891083]}], "rb_ScNsp1_complex_cyt_out.pdb_0": [{"rot": [[0.9482678513775696, 0.08325381123473719, -0.3063607105336105], [-0.11808740653820415, 0.9882589476798366, -0.0969516206559937], [0.29469212147739693, 0.12811344677914788, 0.9469654155741477]], "trans": [135.42212926960792, 107.769658834611, -152.51833265156063]}], "rb_ScNsp1_complex_cyt_in.pdb_0": [{"rot": [[0.9693074455068906, -0.05392474237005947, 0.23986495835204458], [-0.02733041027088054, 0.9459669356198184, 0.3231092777814881], [-0.24432790417660183, -0.31974783638731974, 0.9154590085669025]], "trans": [-87.10203246198176, -126.82995248727963, 291.15875146607704]}], "rb_ScNsp1_complex_nucl_in.pdb_0": [{"rot": [[0.9678264972984805, -0.04397966327131126, -0.2477451520120983], [0.09457898582713292, 0.9759880822644951, 0.19621946569488238], [0.23316664977407597, -0.21333788340615037, 0.9487466790123265]], "trans": [149.71232629415275, -120.09210380225159, 44.68493300831824]}], "rb_ScNsp1_complex_nucl_out.pdb_0": [{"rot": [[0.9495735343248976, 0.037696212442177836, 0.31127013746460913], [-0.02129008517400812, 0.9982071753050222, -0.055938961760580413], [-0.31282077166167527, 0.046491189886712886, 0.9486736710164941]], "trans": [-143.37096843118326, 37.56773372982781, 123.18525322959493]}], "rb_ScNup188_NTD_cyt_out.pdb_0": [{"rot": [[0.9943490107114857, -0.08804504538991366, 0.05931369891836597], [0.09802013382803966, 0.9760004329611008, -0.19446132835110855], [-0.0407688393435933, 0.1991763661733804, 0.9791152521008671]], "trans": [8.562943306326815, 72.86186252583468, -64.16140115608016]}], "rb_ScNup188_NTD_nucl_out.pdb_0": [{"rot": [[0.9807710450367417, 0.19508428719038506, 0.005502554766365729], [-0.1926917947918334, 0.972444484800175, -0.13123107940432413], [-0.030952050617680672, 0.12764734573480727, 0.9913365350320844]], "trans": [-93.99955026624315, 153.04198474396696, -47.884906657898796]}], "rb_ScNup188_CTD_cyt_out.pdb_0": [{"rot": [[0.953334786998762, 0.12012783685618113, 0.27698752085659145], [-0.1404770698482408, 0.9885685800361482, 0.054757240728207576], [-0.2672432913000407, -0.09111237774072813, 0.9593120232111935]], "trans": [-203.23733241769816, 35.24147876623829, 190.84058837533485]}], "rb_ScNup188_CTD_nucl_out.pdb_0": [{"rot": [[0.9738510820367436, -0.11819992868752843, -0.1940176457802917], [0.09636263992162222, 0.9882791661530976, -0.11839987911764849], [0.20573845445905178, 0.09660779785297452, 0.9738267924794428]], "trans": [141.51112588002962, 17.211524323146534, -117.36815757166852]}], "rb_ScNup192_NTD_cyt_in.pdb_0": [{"rot": [[0.9974384765777415, -0.07123236490379901, -0.006514263771537013], [0.07137734941882885, 0.9971181968411515, 0.02570166372420478], [0.00466470065658534, -0.026100799192011644, 0.9996484326248514]], "trans": [30.48243385678171, -45.81246532038256, 6.895857060547769]}], "rb_ScNup192_NTD_nucl_in.pdb_0": [{"rot": [[0.999409215123998, 0.0328641331572815, 0.010058303885529824], [-0.0339325686114223, 0.9900052149644999, 0.13688774645863988], [-0.005459076173155289, -0.13714817933503248, 0.9905354993095506]], "trans": [-22.45645323985582, -39.16092651044096, 90.9372190446611]}], "rb_ScNup192_CTD_cyt_in.pdb_0": [{"rot": [[0.9783692508050199, -0.11375013131119922, -0.1727845962634102], [0.11565169425541406, 0.9932893801814451, 0.0009448992611166447], [0.171517622112356, -0.020907291681285977, 0.9849591821286188]], "trans": [141.07151136274746, -43.758651961091346, -56.01702858875126]}], "rb_ScNup192_CTD_nucl_in.pdb_0": [{"rot": [[0.9786939309326873, 0.18417785673838205, 0.09075630359804596], [-0.1859393813675731, 0.9824964776396311, 0.011279090493580344], [-0.08709038989560722, -0.02791394835873596, 0.9958092565721898]], "trans": [-138.72139861495833, 77.30688027306678, 57.51469916358769]}], "rb_ScNup157_NTD_cyt_out.pdb_0": [{"rot": [[0.9882590549084009, 0.038706899588503055, -0.14780330279056708], [-0.07516189654571996, 0.9653919625906102, -0.2497379584146161], [0.13302153847856746, 0.25791497531104235, 0.9569666325484394]], "trans": [57.321157175938765, 176.2292352634019, -166.33451036248618]}], "rb_ScNup157_NTD_nucl_out.pdb_0": [{"rot": [[0.9731910104641707, 0.13875408732835515, 0.1834299877375589], [-0.0629736560136856, 0.9278018232693283, -0.36772013187528857], [-0.22120934835579578, 0.34631066975735064, 0.9116662460638866]], "trans": [-138.76336566313228, 228.3139918510568, -30.536599998409827]}], "rb_ScNup157_CTD_cyt_out.pdb_0": [{"rot": [[0.9780658268863994, 0.15482050602158237, -0.1393479429063934], [-0.15782801532420893, 0.9874083226586109, -0.010729488493332542], [0.1359321737332394, 0.03248715530372667, 0.9901853507724837]], "trans": [4.239361287148654, 96.806527267668, -74.91975458478134]}], "rb_ScNup157_CTD_nucl_out.pdb_0": [{"rot": [[0.948547877074355, -0.23668047656524568, 0.21033135027993635], [0.274601011361099, 0.945629245817571, -0.17429748711313126], [-0.15764266382294698, 0.22308671288837162, 0.9619673118539243]], "trans": [55.17850882356754, -42.096875388050364, -14.776282144857532]}], "rb_ScNup170_NTD_cyt_in.pdb_0": [{"rot": [[0.9843176726963825, -0.049954231130340226, 0.16918420141890922], [0.09248838610381996, 0.9628216307595112, -0.25381175263865624], [-0.1502152377539916, 0.26547896740377047, 0.9523425330272401]], "trans": [-53.125795302038796, 76.24523522387102, -11.740062473768205]}], "rb_ScNup170_NTD_nucl_in.pdb_0": [{"rot": [[0.961161934209713, 0.22593410185918783, 0.15849769034066846], [-0.1786110730100472, 0.9470424708432136, -0.2668494763295991], [-0.21039444104929167, 0.2281761162704454, 0.9506155054170392]], "trans": [-199.33627922145018, 252.9581520760131, -19.28185747815388]}], "rb_ScNup170_CTD_cyt_in.pdb_0": [{"rot": [[0.991207722320932, -0.13231260521681065, 0.0007910196517249089], [0.1306938228373326, 0.979978735971356, 0.15020253565152017], [-0.020648871240649402, -0.14877853186774861, 0.9886549309904661]], "trans": [61.62851582260981, -123.75347099427199, 91.22352826923975]}], "rb_ScNup170_CTD_nucl_in.pdb_0": [{"rot": [[0.9835431786489879, 0.13707640162049145, -0.11769824064880544], [-0.10552945733227348, 0.9646238446149695, 0.24158719344243415], [0.14665043255375096, -0.22519080469462768, 0.9632148006092851]], "trans": [-17.130187886103215, -54.71224686629432, 66.26956300395238]}]}
