{"rb_ScNup133N_56-480_renamed_CR.pdb_0": [{"rot": [[0.9138981842021662, 0.3535617504377129, -0.19945976421174624], [-0.40594332672213285, 0.7955442911512579, -0.4497991733056115], [-0.00035270632633746524, 0.4920400079709619, 0.870572516309919]], "trans": [168.3464837986063, 943.1103122176771, -62.363649531870124]}], "rb_ScNup133N_56-480_renamed_NR.pdb_0": [{"rot": [[-0.2356175670543176, 0.7649868640222744, -0.5993992492227274], [-0.8881659440918256, 0.08087777178485017, 0.4523494686485136], [0.39451947715021507, 0.6389474813351115, 0.660379056485468]], "trans": [386.3995410609959, 650.9202018713412, -359.72061689696943]}], "rb_ScNup133C_490_881_renamed_relative_3CQC_CR.pdb_0": [{"rot": [[0.984010338089401, -0.10623617852325769, -0.14295988565313453], [-0.05266572282088712, 0.5932053656509344, -0.8033266557277272], [0.17014692525266586, 0.7980108198111824, 0.5781252072789667]], "trans": [216.9103876905848, 1116.6723249251659, 15.732242570516746]}], "rb_ScNup133C_490_881_renamed_relative_3CQC_NR.pdb_0": [{"rot": [[0.8754800365316261, -0.22838709195020324, -0.4258803140145254], [0.10320814647167552, 0.9493080101475605, -0.29692150540430606], [0.47210463261491364, 0.21599453257017312, 0.8546716198419887]], "trans": [552.8561183473976, 215.42105270135096, -267.56622144082223]}], "rb_ScNup84_506-726_ScNup133C_882_1155_renamed_relative_3CQC_CR.pdb_0": [{"rot": [[0.8572736945041787, -0.1837130267030991, -0.48096916380444216], [-0.1942128734094827, -0.9805490254073214, 0.028371968116196716], [-0.4768261449555699, 0.06908786139649008, -0.8762783204521672]], "trans": [731.9044269442148, 928.6084830455204, 2459.1166184612634]}], "rb_ScNup84_506-726_ScNup133C_882_1155_renamed_relative_3CQC_NR.pdb_0": [{"rot": [[0.8333187737322456, 0.0969946349266094, -0.5442167418784916], [-0.2761688745984713, 0.9258718121704432, -0.25786069908234144], [0.4788638366471212, 0.365175886695266, 0.7983332623208967]], "trans": [429.79827486465075, 381.9990327673909, -329.7527532340056]}], "rb_4XMM.renamed.noAb_Nup145c_149-550_Sec13_Nup84_7-436_3IKO_updated_CR.pdb_0": [{"rot": [[0.9269910442344983, 0.3725883215476753, -0.0431919732742142], [-0.1719576422848068, 0.5244921979551164, 0.8338695962463564], [0.33334392625167886, -0.7655624578899473, 0.5502689795914523]], "trans": [-102.16625838239838, -573.9010064579934, 682.6737687900397]}], "rb_4XMM.renamed.noAb_Nup145c_149-550_Sec13_Nup84_7-436_3IKO_updated_NR.pdb_0": [{"rot": [[0.41729939449508346, -0.27073017225673857, -0.8675058438903299], [-0.17943864071678323, 0.9112540677664048, -0.3706990668950947], [0.890877651292112, 0.31035656559676217, 0.3316863165993327]], "trans": [1201.6169678112924, 465.24205402539735, -198.12385211213655]}], "rb_4XMM.renamed.noAb_Seh1_Nup85_47_544_3F3F_CR.pdb_0": [{"rot": [[-0.6779256451925326, 0.22617410952218878, 0.699472724108761], [0.3827402629264558, -0.7037694737100033, 0.598513507791537], [0.6276358105822784, 0.6734640302612959, 0.39053743638598415]], "trans": [120.93084260002627, 94.89790024502088, -112.03495852255355]}], "rb_4XMM.renamed.noAb_Seh1_Nup85_47_544_3F3F_NR.pdb_0": [{"rot": [[0.9025111564168923, -0.4136367558716775, -0.11990932713931361], [0.2742222691808913, 0.7666300664282583, -0.5805863315076337], [0.33207794209843483, 0.4911038336646981, 0.8053205976078782]], "trans": [415.247094339186, 398.6441543336427, -376.34306229536924]}], "rb_4XMM.renamed.noAb_Nup120_715-1036_Nup85_553-744_Nup145c_92-99_554-712_remaining_updated_CR.pdb_0": [{"rot": [[0.9832952555134779, 0.09067398533312042, 0.15782480435119633], [-0.09233610574651831, 0.9957227039647035, 0.0032156468691852914], [-0.15685816542422049, -0.01773485813387229, 0.9874618933137215]], "trans": [-217.2845966171675, 57.51238127596889, 115.89957403277333]}], "rb_4XMM.renamed.noAb_Nup120_715-1036_Nup85_553-744_Nup145c_92-99_554-712_remaining_updated_NR.pdb_0": [{"rot": [[0.98515417769306, -0.019662176408060842, 0.17054220883056204], [0.005140439806323495, 0.9963525453256278, 0.08517735204699917], [-0.17159493597570502, -0.08303616225500288, 0.981661944716944]], "trans": [-116.49979445867746, -65.4904387202281, 177.8969215905728]}], "rb_4XMM.renamed.noAb_Nup120_2-711_3F7F_updated_CR.pdb_0": [{"rot": [[-0.5037110536556296, -0.8595237375767962, 0.0865685795606631], [0.408841197357498, -0.3254661610640475, -0.8525964187970294], [0.7610020037873905, -0.3940694387341486, 0.5153496169469134]], "trans": [1209.1675445478268, 1462.1035328318474, 336.80815444030213]}], "rb_4XMM.renamed.noAb_Nup120_2-711_3F7F_updated_NR.pdb_0": [{"rot": [[-0.6154748373379034, 0.5200392597168109, 0.5922414144224257], [-0.025963733250862375, 0.737640374266111, -0.6746944218001456], [-0.7877287662384573, -0.4306342376144121, -0.440496928746041]], "trans": [350.09119475181524, 668.4415236789022, 1864.0551514052152]}], "rb_ScNic96_CTD_cyt_out.pdb_0": [{"rot": [[0.9922047699440317, 0.04016112828655945, -0.11796939550180058], [-0.0332498972431674, 0.9976456185397868, 0.059980531355462614], [0.12010053635862139, -0.05559049903639416, 0.991204094817639]], "trans": [111.18524836112465, -33.19078220293477, -52.36166262359097]}], "rb_ScNic96_CTD_cyt_in.pdb_0": [{"rot": [[0.9857397862907781, 0.16044460309024103, -0.05074054653456219], [-0.15209524759504786, 0.9784990417356273, 0.13930779224960943], [0.07200075959607745, -0.12960383737248782, 0.9889482979185077]], "trans": [-40.82897399556646, -19.035711409850364, 38.88901212440612]}], "rb_ScNic96_CTD_nucl_in.pdb_0": [{"rot": [[0.9961955875485022, -0.0636187334229788, -0.05955676373469483], [0.05951799685437114, 0.9958902274836678, -0.06826611789878927], [0.06365500294036101, 0.06446170615322162, 0.9958879098776521]], "trans": [98.67915862725874, 22.766324750805552, -80.2035589778402]}], "rb_ScNic96_CTD_nucl_out.pdb_0": [{"rot": [[0.9799582267983903, 0.19883951736544134, -0.012029965254829859], [-0.18980620406544166, 0.9503562405348386, 0.24656970814509055], [0.0604605543178524, -0.23934465193600118, 0.9690503903106441]], "trans": [-109.03680418343811, -74.70947582968597, 172.55263040003547]}], "rb_ScNsp1_complex_cyt_out.pdb_0": [{"rot": [[0.9700538941971241, -0.23235817896939903, -0.07074686578937317], [0.2127231225212171, 0.9533257256749409, -0.21428703626484474], [0.11723615269113072, 0.19282047980536804, 0.9742052900029899]], "trans": [256.0991858045886, 85.35882930933963, -191.7502983579525]}], "rb_ScNsp1_complex_cyt_in.pdb_0": [{"rot": [[0.995095255981471, 0.09664300063042332, -0.021108338454736475], [-0.09663334183248605, 0.9953189480456577, 0.0014794957155455256], [0.021152512131130174, 0.0005675301176280954, 0.9997760995043385]], "trans": [-40.62653772181193, 70.47457236583614, -9.993124804213721]}], "rb_ScNsp1_complex_nucl_in.pdb_0": [{"rot": [[0.9963439699131212, 0.08421635387026555, -0.014363124958025242], [-0.08438375597730752, 0.9963672440828454, -0.011475915907589965], [0.013344487435786137, 0.0126459740452869, 0.9998309877151849]], "trans": [-39.472457633146405, 80.59938349075765, -19.22265434399901]}], "rb_ScNsp1_complex_nucl_out.pdb_0": [{"rot": [[0.9880299806219344, -0.02060974219472472, 0.1528790238027674], [0.007969856959852271, 0.9965313721898985, 0.08283541284594077], [-0.15405595987257237, -0.08062544739711487, 0.9847671290512063]], "trans": [-112.55896452289096, -78.80546968253122, 183.41617107861714]}], "rb_ScNup188_NTD_cyt_out.pdb_0": [{"rot": [[0.9918725460374738, 0.11365651926488492, 0.057193076903853224], [-0.12113101477760267, 0.9810696747313954, 0.15109457495681958], [-0.03893750988555161, -0.1567944161984878, 0.9868634056306311]], "trans": [-128.93504036295178, -57.75256834256459, 147.44237886087808]}], "rb_ScNup188_NTD_nucl_out.pdb_0": [{"rot": [[0.832949548476736, -0.2392503977244111, 0.4989532010931615], [0.10781828757318652, 0.9545872914552045, 0.27773786176357435], [-0.5427432786844876, -0.17754534682983894, 0.8209186215830926]], "trans": [-153.24093299123285, -288.0904107738887, 673.7658559419692]}], "rb_ScNup188_CTD_cyt_out.pdb_0": [{"rot": [[0.9966142650223132, -0.04406187137599135, 0.06941583569244168], [0.04469348506461328, 0.9989720535474865, -0.007571566805947544], [-0.06901086252767498, 0.010648367103144547, 0.9975590775143209]], "trans": [-40.00172966242428, -22.57838986726665, 47.834533761384705]}], "rb_ScNup188_CTD_nucl_out.pdb_0": [{"rot": [[0.9974823324329053, -0.06784814669436419, -0.020630692532039988], [0.066350478202667, 0.9955971291308056, -0.06621155872486545], [0.025032189806106532, 0.064676003715744, 0.9975923035072357]], "trans": [65.18372810095354, 16.21821102187164, -63.14204511395633]}], "rb_ScNup192_NTD_cyt_in.pdb_0": [{"rot": [[0.9884374880207598, 0.14753905722474672, 0.03497940634778386], [-0.15092590206399162, 0.9795061207111655, 0.13337590327916848], [-0.01458438759018977, -0.13711304125646329, 0.9904480347580193]], "trans": [-135.93937545796905, -19.079805518761873, 124.4575009640248]}], "rb_ScNup192_NTD_nucl_in.pdb_0": [{"rot": [[0.9097551901452176, -0.3455041500525135, 0.23015728600313567], [0.33696973440212447, 0.9383850845001728, 0.07671265400548526], [-0.24248070459482063, 0.007766304403885899, 0.9701251426569181]], "trans": [81.33066583294999, -298.5833519026719, 215.59597741909715]}], "rb_ScNup192_CTD_cyt_in.pdb_0": [{"rot": [[0.9969252397687702, -0.07822617125381402, -0.004553289245014532], [0.0778951241638474, 0.9956649542174283, -0.05082960333019581], [0.008509755782547437, 0.05031863545621263, 0.9986969605352496]], "trans": [62.59630975696746, -1.393377502363819, -39.68388205588212]}], "rb_ScNup192_CTD_nucl_in.pdb_0": [{"rot": [[0.983971352449919, 0.1407611155728464, -0.10948372436378383], [-0.1345534603329657, 0.9889525650244999, 0.062194778268652114], [0.11702881640990066, -0.04646646612504072, 0.9920408880966287]], "trans": [20.281980889202032, 51.70625622207456, -51.46926007927061]}], "rb_ScNup157_NTD_cyt_out.pdb_0": [{"rot": [[0.9969220387307596, 0.05428564025906926, -0.05656428161454011], [-0.04938074774590763, 0.9951760690385048, 0.0847710644331206], [0.06089327093333975, -0.08171695585820707, 0.9947936211497874]], "trans": [30.978807693841077, -49.48627181568054, 17.785280034698758]}], "rb_ScNup157_NTD_nucl_out.pdb_0": [{"rot": [[0.820314176617717, 0.32395816239503145, 0.4713128055311364], [-0.23420273475815637, 0.9421140922572083, -0.23993773401067275], [-0.5217602233514903, 0.08644157673255458, 0.8487014334500634]], "trans": [-499.73755047309453, 414.4995448845962, 446.33737834096223]}], "rb_ScNup157_CTD_cyt_out.pdb_0": [{"rot": [[0.9960031246564464, 0.008492079989298545, 0.08891377987719669], [-0.011026187660770168, 0.9995457502724264, 0.028048463380400773], [-0.08863520102230667, -0.028916737191245465, 0.9956443257760009]], "trans": [-89.93350339114431, -22.289988466914224, 82.33594862814937]}], "rb_ScNup157_CTD_nucl_out.pdb_0": [{"rot": [[0.9651713895951148, -0.2447709922295938, -0.09236530771871973], [0.2164076289577308, 0.9453548755110088, -0.24386860699248825], [0.14700995488716664, 0.21538644504820564, 0.9653997889235153]], "trans": [266.9836583823584, 110.66350917724674, -200.1274979530715]}], "rb_ScNup170_NTD_cyt_in.pdb_0": [{"rot": [[0.9552892316115991, 0.08706073480232593, -0.2825648817928372], [-0.23953254705828694, 0.7881403979406867, -0.5669734315059795], [0.17333967481996299, 0.6093070995726008, 0.7737559147067856]], "trans": [231.6335639526817, 813.8570838958186, -331.80507798691065]}], "rb_ScNup170_NTD_nucl_in.pdb_0": [{"rot": [[0.9212836864446613, 0.12659702611470935, 0.3677085286879363], [-0.17052757363565124, 0.9812882079660593, 0.08940805073760394], [-0.3495092498359275, -0.1450746217836601, 0.9256331013924769]], "trans": [-356.73008335101315, 63.28415583435708, 429.54137966475776]}], "rb_ScNup170_CTD_cyt_in.pdb_0": [{"rot": [[0.9968571772481362, -0.06318137750036239, 0.047789974953265556], [0.06124107111327471, 0.9972792866805945, 0.04103115361213163], [-0.05025235693751962, -0.037975490714409664, 0.9980143098809872]], "trans": [4.221113655686054, -77.43625912803316, 58.72990291644817]}], "rb_ScNup170_CTD_nucl_in.pdb_0": [{"rot": [[0.9620388981627391, 0.0924614755785977, 0.2567723387665643], [-0.09669532701032761, 0.9953064515745514, 0.003883450584319848], [-0.255208095788885, -0.028564715785448072, 0.9664641146239771]], "trans": [-262.0230716091771, 73.47311517776234, 234.70219269802055]}]}
