{"rb_ScNic96_CTD_cyt_out.pdb_0": [{"rot": [[0.9950203617731057, -0.07543040627631253, -0.06515161905823125], [0.07886189800989943, 0.9955384538085892, 0.05180721987021095], [0.06095310245750146, -0.056687218995066166, 0.9965296174742682]], "trans": [75.93125871525257, -50.44052685582017, 5.512918937507152]}], "rb_ScNic96_CTD_cyt_in.pdb_0": [{"rot": [[0.9178668505553671, -0.20429873062003057, 0.3402682373049485], [0.06121374230516703, 0.9199525196081413, 0.3872211763574278], [-0.3921394170503255, -0.3345883894185179, 0.8568998116826461]], "trans": [-30.20488366662528, -177.93036613643687, 432.6658751104426]}], "rb_ScNic96_CTD_nucl_in.pdb_0": [{"rot": [[0.5765864860945367, 0.23581081265754367, -0.7822667605663324], [0.04023323688246101, 0.9480883286826509, 0.31545175172393236], [0.8160449195375917, -0.21335834094200898, 0.537167485657275]], "trans": [432.4968361133022, -148.31908219192076, -81.02667852034267]}], "rb_ScNic96_CTD_nucl_out.pdb_0": [{"rot": [[0.8502580094240335, 0.24379182828635632, -0.46650494302962753], [-0.2146912862244778, 0.9698256660849922, 0.11552414908615649], [0.48059231062258956, 0.0019292132067067827, 0.8769420215195776]], "trans": [160.61270066023008, 52.33539689285692, -166.87335797635694]}], "rb_ScNsp1_complex_cyt_out.pdb_0": [{"rot": [[0.9696144142997001, 0.008388590055304736, -0.24449441535367014], [-0.016162697318535126, 0.9994249685732628, -0.029807707186586443], [0.24410377874510333, 0.032853671776772564, 0.9691924377816539]], "trans": [135.97238427284913, 27.05462025269111, -94.08258016702757]}], "rb_ScNsp1_complex_cyt_in.pdb_0": [{"rot": [[0.9774627916890819, -0.03944237218862412, 0.20739042923799852], [-0.036017598710209306, 0.9368296612102855, 0.3479265992415251], [-0.20801255598289628, -0.34755501025414165, 0.9142955164500735]], "trans": [-82.19724161236456, -131.38570163792662, 289.5726157623616]}], "rb_ScNsp1_complex_nucl_in.pdb_0": [{"rot": [[0.9767125145896745, -0.03937985544856476, -0.21090730387723475], [0.0771074546264924, 0.9817622482476722, 0.17377378500999052], [0.2002176422919257, -0.18598955589098315, 0.9619359546323947]], "trans": [125.15962951269756, -104.77024412813591, 36.19051530985581]}], "rb_ScNsp1_complex_nucl_out.pdb_0": [{"rot": [[0.9285440408757317, 0.04451656690849443, 0.3685434023623917], [-0.023672498268735166, 0.9978637445654908, -0.060889737291700115], [-0.3704667015804294, 0.04781445965831951, 0.9276142519753019]], "trans": [-163.75932421968872, 37.32537656858193, 154.26026600452434]}], "rb_ScNup188_NTD_cyt_out.pdb_0": [{"rot": [[0.9935560892647313, -0.06950022631453877, 0.08953220664767009], [0.08802482469372767, 0.9707779510278256, -0.22325277161964885], [-0.0713997739675114, 0.22969520748253425, 0.9706400898051468]], "trans": [-17.50976355886553, 96.69420975939613, -59.187653884706265]}], "rb_ScNup188_NTD_nucl_out.pdb_0": [{"rot": [[0.9774495467659179, 0.21025675948605357, -0.01960812631347279], [-0.20994276016681504, 0.957582189724882, -0.19738385793990104], [-0.022724897813641797, 0.19704934664221468, 0.9801301617679334]], "trans": [-89.38840707603362, 192.85114254834855, -82.97265528117379]}], "rb_ScNup188_CTD_cyt_out.pdb_0": [{"rot": [[0.9484593953112401, 0.0892647222893622, 0.30406674398960365], [-0.11537870284795092, 0.9909228713846692, 0.06898998402584318], [-0.29514831928195084, -0.10051702503240383, 0.9501493552614106]], "trans": [-199.95637112323294, 16.13447445988629, 214.40368541444508]}], "rb_ScNup188_CTD_nucl_out.pdb_0": [{"rot": [[0.9056980358453668, -0.15603338622236484, -0.39416322792699415], [0.12118111417288119, 0.9862930862191166, -0.11198698872721753], [0.40623417561015757, 0.053661256604305665, 0.9121920105471124]], "trans": [266.56777881380754, 2.609993154694223, -157.8615896302436]}], "rb_ScNup192_NTD_cyt_in.pdb_0": [{"rot": [[0.9981089894429137, -0.02949710385235873, -0.05392926902498338], [0.026008134186677273, 0.9975922670168064, -0.06429032387845608], [0.05569580010533699, 0.06276615053189223, 0.9964729741433204]], "trans": [39.65919755625538, 22.077405699114195, -49.6821524671584]}], "rb_ScNup192_NTD_nucl_in.pdb_0": [{"rot": [[0.9998788184940788, -0.01544531780183283, -0.001946916763942452], [0.015515083879195535, 0.9784277343744963, 0.20600594840686526], [-0.0012769099838520718, -0.20601119087270692, 0.9785488024294458]], "trans": [10.556707302941845, -79.96733967659372, 133.00184039298364]}], "rb_ScNup192_CTD_cyt_in.pdb_0": [{"rot": [[0.9962994047577325, -0.08251096629172028, -0.024071487718754298], [0.08116305183874198, 0.9953206589391232, -0.052434195952742235], [0.02828524519266572, 0.05028644281111451, 0.9983342218785225]], "trans": [44.56075359486914, -1.189864437329959, -31.90331652849477]}], "rb_ScNup192_CTD_nucl_in.pdb_0": [{"rot": [[0.9718523857371242, 0.19238209303317616, 0.13598555297248538], [-0.19552609846174435, 0.9806472365653127, 0.010027075203781901], [-0.13142482702056923, -0.03633356157863396, 0.9906600764871991]], "trans": [-160.30372714856827, 83.17138517331722, 85.08337892083563]}], "rb_ScNup157_NTD_cyt_out.pdb_0": [{"rot": [[0.9617503129067329, 0.039678605486529864, -0.27103863910971304], [-0.1343624914195677, 0.9305806899772273, -0.34053825092202733], [0.23871124088179752, 0.36393019620272155, 0.9003175860597861]], "trans": [134.39174737370342, 272.0674419338658, -248.0340057036591]}], "rb_ScNup157_NTD_nucl_out.pdb_0": [{"rot": [[0.978090673024443, 0.02554419313141083, 0.20660621854110917], [0.03751339147913766, 0.9545712985546002, -0.29561187634382424], [-0.20477153318350755, 0.2968857190453065, 0.9326990345361283]], "trans": [-91.40734771237703, 134.01874463420046, -22.0907702945982]}], "rb_ScNup157_CTD_cyt_out.pdb_0": [{"rot": [[0.9486695680461228, 0.2600166674101603, -0.1800482805585669], [-0.2721580879610941, 0.9611552095165308, -0.045941684520650165], [0.1611087391190921, 0.09258507378701866, 0.9825843364776929]], "trans": [-14.044063521442922, 186.76278549794205, -115.1952698670525]}], "rb_ScNup157_CTD_nucl_out.pdb_0": [{"rot": [[0.9893436801782212, -0.1115393642421655, 0.09358446834740836], [0.11549184077087886, 0.992584284952196, -0.037921919535960226], [-0.08866068580136019, 0.04832605395013551, 0.994888875856415]], "trans": [25.97818642803361, -42.17028671765814, 18.670212948212566]}], "rb_ScNup170_NTD_cyt_in.pdb_0": [{"rot": [[0.9637877618966691, -0.06504040790228825, 0.2586172758307409], [0.10571595509249344, 0.9835275458763005, -0.14662095123625413], [-0.24482092814359535, 0.1686514507570156, 0.9547876210448388]], "trans": [-78.00700338440072, 12.789972641993586, 67.37926693771345]}], "rb_ScNup170_NTD_nucl_in.pdb_0": [{"rot": [[0.9837140391513459, 0.1693784469013913, 0.06014674473166951], [-0.15503469612852483, 0.9688984122233968, -0.19287329983000817], [-0.09094466544487373, 0.18040734052763163, 0.9793785066616822]], "trans": [-126.23423335267995, 190.71413363932805, -57.96639747600233]}], "rb_ScNup170_CTD_cyt_in.pdb_0": [{"rot": [[0.9158284166010862, -0.3831324582557728, 0.12028229619040857], [0.35106902060548395, 0.9093139172280351, 0.223380264809839], [-0.19495859590450215, -0.1623506063009806, 0.9672814618903074]], "trans": [148.9420903603928, -230.85541410372582, 194.13399703246012]}], "rb_ScNup170_CTD_nucl_in.pdb_0": [{"rot": [[0.9130804769445421, 0.3509634769382008, -0.20762630006378163], [-0.2639772732138503, 0.8968087996622077, 0.35503517582770533], [0.3108054726823624, -0.2693670631385329, 0.9115049881634295]], "trans": [-64.37187714164531, 3.009263664883406, 39.72825304237767]}]}
