{"rb_ScNup133N_56-480_renamed_CR.pdb_0": [{"rot": [[0.8471496449696204, 0.4911411197537659, -0.20277544110386747], [-0.4185071029148371, 0.8518758614028271, 0.31489573126516995], [0.32739774562095103, -0.18190084454507954, 0.92721238069609]], "trans": [166.71000265240127, 67.37769629179633, -157.8044669644055]}], "rb_ScNup133N_56-480_renamed_NR.pdb_0": [{"rot": [[-0.6448066350678057, 0.716522682344412, -0.2661196141935105], [-0.17571640774840291, -0.4778020866136653, -0.8607141860545954], [-0.7438737442742087, -0.5082326354275143, 0.4339947475095438]], "trans": [325.60032858848933, 1785.4201622020198, 1109.3808058704776]}], "rb_ScNup133C_490_881_renamed_relative_3CQC_CR.pdb_0": [{"rot": [[0.7960796104082434, 0.21856092541259636, 0.5643477436608119], [-0.145590554798739, 0.9742877447258648, -0.171949936988602], [-0.5874186277652892, 0.054722137748614126, 0.807431014635038]], "trans": [-556.7631993138315, 328.6560111351047, 686.0165697058031]}], "rb_ScNup133C_490_881_renamed_relative_3CQC_NR.pdb_0": [{"rot": [[0.8211179718766156, 0.008208262742841962, 0.5706994836899507], [-0.1722110979244424, 0.9568599422189484, 0.234013650730908], [-0.5441586294573394, -0.2904335989507649, 0.7871084490637962]], "trans": [-367.8172552753433, -76.43947282598413, 626.6654543013832]}], "rb_ScNup84_506-726_ScNup133C_882_1155_renamed_relative_3CQC_CR.pdb_0": [{"rot": [[0.5942225251352775, -0.7385352577163674, -0.3185361262583476], [0.4607702241439774, -0.012025174379007908, 0.8874379954247306], [-0.6592347011225699, -0.6741076088362851, 0.33314942675151443]], "trans": [981.3067993604154, -960.0328380046758, 1561.2793361659396]}], "rb_ScNup84_506-726_ScNup133C_882_1155_renamed_relative_3CQC_NR.pdb_0": [{"rot": [[0.8610782347705295, 0.08744721610936973, -0.5008964543687574], [-0.16899608959629653, 0.9783186105253849, -0.11972058302916588], [0.4795670915582428, 0.1877383303814223, 0.8571870997629203]], "trans": [401.3902498747783, 190.40322363653155, -253.99821387256895]}], "rb_4XMM.renamed.noAb_Nup145c_149-550_Sec13_Nup84_7-436_3IKO_updated_CR.pdb_0": [{"rot": [[0.9906227232308376, 0.13127395121133448, 0.03786515485353285], [-0.13221264840138916, 0.8512023483352866, 0.5079117815046057], [0.03444467769349117, -0.5081552045604334, 0.8605764650841516]], "trans": [-105.8901637535995, -398.20363251946026, 414.60997127343273]}], "rb_4XMM.renamed.noAb_Nup145c_149-550_Sec13_Nup84_7-436_3IKO_updated_NR.pdb_0": [{"rot": [[-0.13879539561114998, -0.33415058516258667, -0.9322441872131166], [-0.4903142247996918, 0.841066890599855, -0.22846979339896978], [0.8604230349753665, 0.42538203061741053, -0.28057499694660387]], "trans": [1630.2751342242304, 569.7404937890478, 231.75465914151266]}], "rb_4XMM.renamed.noAb_Seh1_Nup85_47_544_3F3F_CR.pdb_0": [{"rot": [[0.7288975466792957, 0.671006445241594, -0.13586286059532893], [-0.003109037239295398, 0.20169144168859862, 0.9794441771928717], [0.684615731876175, -0.7134920551721768, 0.14909858105909296]], "trans": [-93.25812805257794, -664.5542470956059, 1010.2812823064278]}], "rb_4XMM.renamed.noAb_Seh1_Nup85_47_544_3F3F_NR.pdb_0": [{"rot": [[0.7904603222509459, -0.6021621449207128, -0.11213041590674236], [0.3869225191791174, 0.6328084105689094, -0.670704465219472], [0.4748299096508328, 0.4867794847132929, 0.7332000342084313]], "trans": [593.3469949807198, 471.06469316444714, -428.6965598183351]}], "rb_4XMM.renamed.noAb_Nup120_715-1036_Nup85_553-744_Nup145c_92-99_554-712_remaining_updated_CR.pdb_0": [{"rot": [[0.9769609889779911, -0.024089304948434368, -0.2120540765989798], [0.029588694742376898, 0.9993021261209145, 0.022798462089825944], [0.21135689049233075, -0.028547611411817428, 0.9769919645135736]], "trans": [266.2277528979528, -37.62869110870929, -82.16855530634507]}], "rb_4XMM.renamed.noAb_Nup120_715-1036_Nup85_553-744_Nup145c_92-99_554-712_remaining_updated_NR.pdb_0": [{"rot": [[0.9978405904046307, 0.017452029726773594, 0.06332126656466909], [-0.016028011876659587, 0.9996086395201315, -0.02292750819416894], [-0.06369661667796593, 0.021863084300432902, 0.9977297963720703]], "trans": [-66.40224545983858, 29.231129638520997, 22.337666184179398]}], "rb_4XMM.renamed.noAb_Nup120_2-711_3F7F_updated_CR.pdb_0": [{"rot": [[-0.48832783292517623, -0.8364783138244176, 0.2486764124159313], [-0.2923095094675015, -0.11171142413360166, -0.9497766623753761], [0.8222475772329572, -0.5364928594301137, -0.18995876793407152]], "trans": [1010.9726386825015, 1832.200079838803, 1156.0548480985478]}], "rb_4XMM.renamed.noAb_Nup120_2-711_3F7F_updated_NR.pdb_0": [{"rot": [[-0.7316878910714131, -0.5924263066900868, 0.3371407735664958], [-0.4750334478684586, 0.08846002818822923, -0.8755101637440574], [0.4888517704434305, -0.8007533294058071, -0.34614744254413127]], "trans": [1144.1043243965946, 1425.6365131605528, 1099.5845825257593]}], "rb_ScNic96_CTD_cyt_out.pdb_0": [{"rot": [[0.9936318583988538, 0.09783648344429699, -0.055890540184301535], [-0.11176927883667939, 0.7930585189389626, -0.5988036521654382], [-0.014260374580207725, 0.6012372310873574, 0.7989433231908502]], "trans": [16.02159958130528, 822.8834097736124, -116.7852387070352]}], "rb_ScNic96_CTD_cyt_in.pdb_0": [{"rot": [[0.9946346783547918, 0.09358639497472505, -0.04408450169497938], [-0.06867058577494885, 0.9160088390489723, 0.3952368371413263], [0.07737058396693976, -0.39008895582903735, 0.917520789561101]], "trans": [-11.661952440414098, -292.11705737805846, 265.0951052291206]}], "rb_ScNic96_CTD_nucl_in.pdb_0": [{"rot": [[0.9512881464760058, 0.07473272492303704, 0.29910847898350007], [-0.1705483902107258, 0.9357742550358333, 0.3086094460781471], [-0.256834789253277, -0.3445889775336821, 0.9029365025246882]], "trans": [-288.07499589491954, -121.99133421051215, 477.66524510064363]}], "rb_ScNic96_CTD_nucl_out.pdb_0": [{"rot": [[0.7715806212381892, 0.19795911529629334, 0.6045457249876118], [-0.395595825961606, 0.8935495084915487, 0.2123045415347133], [-0.4981639162077509, -0.4029658354570756, 0.7677572845912543]], "trans": [-518.3432756861085, 134.88281495942306, 804.6066518806625]}], "rb_ScNsp1_complex_cyt_out.pdb_0": [{"rot": [[0.9784700056309469, -0.1713454827203726, -0.11505291665967471], [0.16471038412854322, 0.9842003717507698, -0.06496243226569462], [0.12436614266271709, 0.04461338136668991, 0.9912329235665186]], "trans": [250.27537235903037, -44.51441526391011, -114.21522552199303]}], "rb_ScNsp1_complex_cyt_in.pdb_0": [{"rot": [[0.9941275795052165, 0.0866431236872718, -0.06483305318132808], [-0.06039548758549114, 0.9413602491461173, 0.3319537112412994], [0.08979276555720724, -0.3260887156055439, 0.9410650396270794]], "trans": [4.4074083089032, -233.70786089987814, 230.33409339492562]}], "rb_ScNsp1_complex_nucl_in.pdb_0": [{"rot": [[0.9917982821283817, -0.0018971215099598292, -0.12779893777793086], [-0.00509625503091291, 0.9985077163835694, -0.054372497709129164], [0.12771137675184183, 0.054577845802539784, 0.990308569586118]], "trans": [127.17465503602057, 61.93112503586485, -127.04569965953146]}], "rb_ScNsp1_complex_nucl_out.pdb_0": [{"rot": [[0.9972204765790195, 0.018703735295434502, 0.07212136561042179], [-0.017451297236640746, 0.9996864509160374, -0.01795695073380284], [-0.0724346140755387, 0.016648427580288925, 0.9972342034561551]], "trans": [-76.56950474323241, 31.629320594950173, 40.61470043804036]}], "rb_ScNup188_NTD_cyt_out.pdb_0": [{"rot": [[0.9977340106447218, 0.04206628982691105, 0.05250972541345313], [-0.04684710445256806, 0.9945248945676338, 0.09341082854598264], [-0.048292782144002684, -0.09565908919404943, 0.9942419956164378]], "trans": [-80.44626822414091, -59.35926938000989, 104.30971989868681]}], "rb_ScNup188_NTD_nucl_out.pdb_0": [{"rot": [[0.8849371007041064, -0.23660214615030586, 0.40113059249386523], [0.22330469160153868, 0.9714311078216439, 0.0803530799979382], [-0.40868244702476736, 0.01846692160276451, 0.9124897973678202]], "trans": [-106.05877207848255, -216.6150050928744, 365.2719606527764]}], "rb_ScNup188_CTD_cyt_out.pdb_0": [{"rot": [[0.9973210220120191, 0.009291790222085377, -0.07255647240164159], [-0.008728803753510176, 0.9999293186592978, 0.008072525663314721], [0.07262635222792155, -0.007417568336114385, 0.9973316362384405]], "trans": [73.17474237902695, -1.7234919270316595, -46.70702942722187]}], "rb_ScNup188_CTD_nucl_out.pdb_0": [{"rot": [[0.9996671197497159, 0.025616683288548017, 0.0030716817222266957], [-0.02497978219904101, 0.9312106539716393, 0.36362443318759746], [0.006454469195597016, -0.36358011973567433, 0.931540571505287]], "trans": [-22.88122999430084, -253.17242151220455, 311.07543317029854]}], "rb_ScNup192_NTD_cyt_in.pdb_0": [{"rot": [[0.9935255112817366, -0.009261439378419372, -0.11323110956359687], [0.01714390804711084, 0.9974804107921312, 0.06883978866057745], [0.11230825815244232, -0.07033530995595756, 0.9911810123908565]], "trans": [127.29976123512222, -78.33143884901608, -12.790977657563303]}], "rb_ScNup192_NTD_nucl_in.pdb_0": [{"rot": [[0.9640192378038254, -0.26545872408412635, -0.014091662490940631], [0.26386033281564264, 0.9490769703660392, 0.17213549630229655], [-0.03232079687367281, -0.16966016069910847, 0.9849724848750868]], "trans": [212.55103403652504, -335.88747834821356, 146.2797016213301]}], "rb_ScNup192_CTD_cyt_in.pdb_0": [{"rot": [[0.9892142116538306, 0.013317196838536886, 0.1458694475565482], [-0.0179122787855406, 0.9993823593462751, 0.03023326142149675], [-0.14537673036218, -0.03252002607371579, 0.9888417740838852]], "trans": [-145.00445103890934, -13.022005105299172, 139.29787796130768]}], "rb_ScNup192_CTD_nucl_in.pdb_0": [{"rot": [[0.9968133876780606, 0.04824784124048462, -0.06352334973395084], [-0.04276438921950132, 0.9954611298464092, 0.08501967995466507], [0.06733704151855678, -0.082032217942365, 0.9943522706058375]], "trans": [32.245373343149595, -41.68072811312277, 4.8183777785773145]}], "rb_ScNup157_NTD_cyt_out.pdb_0": [{"rot": [[0.9721870326878587, 0.053538441042891086, 0.228004405229971], [-0.08944966165260478, 0.9845997169439221, 0.15020704185950307], [-0.21645122199657474, -0.16642425521733561, 0.962004072637712]], "trans": [-236.7521542482765, -81.95727669726091, 278.20761150208864]}], "rb_ScNup157_NTD_nucl_out.pdb_0": [{"rot": [[0.9794391103240516, 0.10543554488326268, 0.17199527622234342], [-0.09383217701313765, 0.9928135573473957, -0.0742749143667296], [-0.1785904581006665, 0.05660906484282631, 0.9822936740369528]], "trans": [-210.1083581705226, 143.10003275867535, 106.95284995562383]}], "rb_ScNup157_CTD_cyt_out.pdb_0": [{"rot": [[0.9823623557203995, -0.18214526256160535, 0.042276534742472005], [0.18543905060954502, 0.9780355054384176, -0.0951782990541949], [-0.0240116757536451, 0.101339298538045, 0.9945621076631257]], "trans": [78.198572922023, -23.54824060225394, -41.61745164065201]}], "rb_ScNup157_CTD_nucl_out.pdb_0": [{"rot": [[0.9520374913543165, -0.10869276404290233, -0.28602534520649353], [0.05709664508677369, 0.9814680412352751, -0.1829219974569152], [0.30060703281130136, 0.15781751195132512, 0.9406003639941242]], "trans": [344.9837567475024, 138.5928430710909, -237.48411889849035]}], "rb_ScNup170_NTD_cyt_in.pdb_0": [{"rot": [[0.9222221211684145, -0.04061053280263145, -0.3845219679720744], [-0.19577205915164153, 0.8085373755471372, -0.5549239706472175], [0.3334361409372967, 0.5870418187564104, 0.7377006458910074]], "trans": [444.51947888872456, 758.0145975225603, -383.9587422705729]}], "rb_ScNup170_NTD_nucl_in.pdb_0": [{"rot": [[0.9043210220810434, 0.29513288323789766, 0.3083829928092381], [-0.3214910437815425, 0.9461803068356822, 0.03723352957468411], [-0.2807970758226508, -0.13281343376338095, 0.950533320837007]], "trans": [-378.04126503315376, 256.95291186623297, 342.8937385392585]}], "rb_ScNup170_CTD_cyt_in.pdb_0": [{"rot": [[0.9989208155354361, -0.027886247503534148, 0.03714244862944198], [0.023841663593190558, 0.9941646687788448, 0.10520544866573577], [-0.039859495319537516, -0.10420637481469773, 0.9937566362449362]], "trans": [-10.745743803758842, -117.78249745202152, 96.06354798426378]}], "rb_ScNup170_CTD_nucl_in.pdb_0": [{"rot": [[0.996666708383553, 0.00023726788273229068, 0.08158073365596549], [-0.00047228892192618466, 0.9999957942140902, 0.0028615550501456424], [-0.0815797115897573, -0.0028905463294353136, 0.9966626286757467]], "trans": [-68.40428178141792, 1.7382931289972703, 65.31487156581568]}]}
