{"rb_ScNup133N_56-480_renamed_CR.pdb_0": [{"rot": [[0.2312067357222049, 0.9560733775307347, -0.18018640940331432], [0.21042131497870276, 0.13168034466136913, 0.9687017895268387], [0.9498770002265131, -0.2618854398526945, -0.17073283466821665]], "trans": [536.7884093861738, -944.2321980686227, 526.495081253119]}], "rb_ScNup133N_56-480_renamed_NR.pdb_0": [{"rot": [[-0.4757408795088424, 0.7165618462481927, -0.5101075730329208], [-0.6291017365133692, -0.6825144711110589, -0.3720282272084431], [-0.6147370337632332, 0.14392052398937039, 0.7754903365578507]], "trans": [444.7192994921314, 1748.9165941654664, 289.9240592308305]}], "rb_ScNup133C_490_881_renamed_relative_3CQC_CR.pdb_0": [{"rot": [[0.9706659816059351, -0.14501820466256038, 0.19177401406195083], [0.23484894834804515, 0.7427587644480018, -0.6270210437421491], [-0.051512363688757126, 0.6536659224344838, 0.7550280380456555]], "trans": [-140.99247665458256, 621.8353495113694, 46.81693264585738]}], "rb_ScNup133C_490_881_renamed_relative_3CQC_NR.pdb_0": [{"rot": [[0.9932427838569393, -0.09594628078737838, -0.06529229295395299], [0.09840472345778623, 0.9945118797201122, 0.0355335263766996], [0.06152465129776755, -0.041718488690705643, 0.9972333152196879]], "trans": [127.7285015689061, -75.26407808791976, -6.915203407862123]}], "rb_ScNup84_506-726_ScNup133C_882_1155_renamed_relative_3CQC_CR.pdb_0": [{"rot": [[-0.10925555480413862, -0.8762363779313063, -0.46933254067267116], [0.6453057406388323, -0.4216595945203875, 0.6370115285043673], [-0.7560712432324137, -0.23326593480130597, 0.6115090177734624]], "trans": [1768.2993259768384, -663.8830722390082, 1132.6755595122204]}], "rb_ScNup84_506-726_ScNup133C_882_1155_renamed_relative_3CQC_NR.pdb_0": [{"rot": [[0.41236124555599263, 0.9089788747881895, -0.0609557901458575], [-0.8038822387232212, 0.394532324770849, 0.4451040226466729], [0.4286391832635591, -0.13454237213497008, 0.8934018136714537]], "trans": [-322.15019394185606, 465.5026800261139, -30.174176541592033]}], "rb_4XMM.renamed.noAb_Nup145c_149-550_Sec13_Nup84_7-436_3IKO_updated_CR.pdb_0": [{"rot": [[0.9775305324986007, -0.13597877886114657, 0.16107088418591656], [0.020721111743827375, 0.822401511376636, 0.5685300252524259], [-0.20977295717299063, -0.5524178905365535, 0.8067402188152283]], "trans": [-90.16191192759413, -546.2716805302907, 654.8962610123452]}], "rb_4XMM.renamed.noAb_Nup145c_149-550_Sec13_Nup84_7-436_3IKO_updated_NR.pdb_0": [{"rot": [[0.30664547918746526, -0.19281755014796403, 0.9320890206674615], [-0.3190838167099686, 0.9017764503964109, 0.291521442477648], [-0.8967463788651109, -0.3868082546500098, 0.2150007119219007]], "trans": [-195.10596295808057, 32.81831802811041, 1391.2148243626787]}], "rb_4XMM.renamed.noAb_Seh1_Nup85_47_544_3F3F_CR.pdb_0": [{"rot": [[0.9306805130289378, 0.3632317820745015, 0.04354830833890708], [-0.3655791030869922, 0.9189875055558719, 0.14769524033736633], [0.013627254100113149, -0.15337743355260539, 0.9880737122414059]], "trans": [-228.22123826198538, 102.44825507489986, 103.67604678242492]}], "rb_4XMM.renamed.noAb_Seh1_Nup85_47_544_3F3F_NR.pdb_0": [{"rot": [[0.9835628656154491, 0.17133400913450159, -0.0569977779937436], [-0.06583864809772211, 0.04636422919292456, -0.9967525423433893], [-0.16813495115231059, 0.9841214435044306, 0.0568825336616227]], "trans": [-36.38894023903549, 1403.1819446523195, 264.1855142283257]}], "rb_4XMM.renamed.noAb_Nup120_715-1036_Nup85_553-744_Nup145c_92-99_554-712_remaining_updated_CR.pdb_0": [{"rot": [[0.9913909004963387, -0.09405131399119757, -0.09109573398127481], [0.07035946404158722, 0.9694105874678037, -0.2351439106698443], [0.11042476277012604, 0.22671008632581013, 0.9676822353052187]], "trans": [157.72262264145604, 242.96734296198815, -157.21856830171328]}], "rb_4XMM.renamed.noAb_Nup120_715-1036_Nup85_553-744_Nup145c_92-99_554-712_remaining_updated_NR.pdb_0": [{"rot": [[0.9884965039248255, -0.14741819088097446, 0.0338014604089795], [0.13856416487889234, 0.9722941845563853, 0.18826574539530663], [-0.060618758976197874, -0.1814163599988046, 0.9815362807278045]], "trans": [63.28647373179433, -218.11338895477797, 146.77557694121117]}], "rb_4XMM.renamed.noAb_Nup120_2-711_3F7F_updated_CR.pdb_0": [{"rot": [[-0.6575177256812679, -0.5742208478612517, 0.48779181860342535], [-0.45501624906055743, -0.21339005189823712, -0.8645373900773334], [0.6005253146252809, -0.7904018621134263, -0.12097207471906335]], "trans": [682.9810164014971, 1879.9575269115985, 1339.6359368510307]}], "rb_4XMM.renamed.noAb_Nup120_2-711_3F7F_updated_NR.pdb_0": [{"rot": [[-0.8009703948438948, 0.17143977296334156, 0.5736330105824604], [-0.2773311786848087, 0.7428884266718937, -0.6092652975890361], [-0.5305976290117719, -0.6470897849319212, -0.5474860421269659]], "trans": [665.5541533566167, 781.1334425079983, 1878.5897219970498]}], "rb_ScNic96_CTD_cyt_out.pdb_0": [{"rot": [[0.9914904071257068, -0.09324920318399109, -0.090836989620147], [-0.010667608079972121, 0.6372356411678385, -0.7705951854010415], [0.12974195433841768, 0.7650067475068205, 0.6308182793431744]], "trans": [155.08759208839092, 1009.374646298925, -150.61597351404907]}], "rb_ScNic96_CTD_cyt_in.pdb_0": [{"rot": [[0.9914661669340863, 0.12178875876000408, -0.046500946922930636], [-0.11039348971414031, 0.974081226427878, 0.19743110633711303], [0.06934058879015727, -0.19061286042777903, 0.9792132659363719]], "trans": [-24.162966515901076, -104.67894943448619, 91.77446252999516]}], "rb_ScNic96_CTD_nucl_in.pdb_0": [{"rot": [[0.9989074478886566, -0.011774442749674473, -0.04522469514000072], [0.013336064580382207, 0.9993196709135823, 0.034385239662941484], [0.04478906042862745, -0.03495079145176382, 0.998384886826126]], "trans": [51.43223170146189, -39.36177134968352, -8.71765767484942]}], "rb_ScNic96_CTD_nucl_out.pdb_0": [{"rot": [[0.8822786925084272, 0.35203367899234034, -0.3125005561606848], [-0.22452581019278733, 0.8981986064094787, 0.37792515661350473], [0.4137299473121227, -0.26327087248533126, 0.8715021390667494]], "trans": [94.93465945114258, -127.67512973697842, 52.196666428732215]}], "rb_ScNsp1_complex_cyt_out.pdb_0": [{"rot": [[0.9883875622353193, -0.09010563262551377, -0.12235604516197245], [0.0990919988917853, 0.9926516422690621, 0.0694513704412267], [0.11519896950126383, -0.08076937581589957, 0.9900532840994756]], "trans": [197.20727742561735, -136.29612288723274, -22.38653131500098]}], "rb_ScNsp1_complex_cyt_in.pdb_0": [{"rot": [[0.9977093195279477, 0.06652818334263683, 0.012252124232485357], [-0.06648170825517494, 0.9977789607534279, -0.004162684864747086], [-0.012501847645590643, 0.003338607335085851, 0.9999162752483374]], "trans": [-55.59279830453772, 58.27477871981421, 6.457700334411015]}], "rb_ScNsp1_complex_nucl_in.pdb_0": [{"rot": [[0.9593562318653521, 0.1217904948490968, -0.2545637361163711], [-0.1275335744612148, 0.9918154085288486, -0.006114146702463626], [0.2517355909804156, 0.03833106793666971, 0.9670366701757362]], "trans": [188.00682028771791, 111.45343893792324, -194.6965528449266]}], "rb_ScNsp1_complex_nucl_out.pdb_0": [{"rot": [[0.9938060767596489, 0.10421804496967416, -0.03857565162500948], [-0.10698039058318487, 0.9911753938057487, -0.0782721837224986], [0.030077862727666174, 0.08191421010251117, 0.9961854166554626]], "trans": [-36.663807113382404, 158.3942452290246, -78.98580988880565]}], "rb_ScNup188_NTD_cyt_out.pdb_0": [{"rot": [[0.9618374996410743, 0.14964849961578988, 0.22907193378270624], [-0.1583220209900452, 0.9871878254958417, 0.019857866512249512], [-0.22316532426394853, -0.05536717218292418, 0.9732069226483298]], "trans": [-314.2545726471817, 99.40813194666896, 218.42513248581622]}], "rb_ScNup188_NTD_nucl_out.pdb_0": [{"rot": [[0.9257692791774275, -0.2614588948432, 0.27311259223748596], [0.270252011080198, 0.9627732223176129, 0.005618976354228672], [-0.26441462183172726, 0.06860735161433734, 0.9619656641824863]], "trans": [-10.139428423528557, -181.5927295325265, 183.3021833818841]}], "rb_ScNup188_CTD_cyt_out.pdb_0": [{"rot": [[0.9964800329638449, -0.07636318972356036, -0.0345862278894126], [0.08148003712541298, 0.9792787155432677, 0.1854028069743538], [0.019711607098767493, -0.18756828233785072, 0.9820537622790376]], "trans": [86.01829498047516, -238.43820734286635, 120.06674523062168]}], "rb_ScNup188_CTD_nucl_out.pdb_0": [{"rot": [[0.9657751041611352, 0.06622386195356082, -0.25078446580780145], [-0.11214310963948436, 0.9784291830210464, -0.17349425573532487], [0.23388538035314477, 0.19568018274910579, 0.9523690959582537]], "trans": [192.85936256955233, 243.13646098138952, -259.1969726255264]}], "rb_ScNup192_NTD_cyt_in.pdb_0": [{"rot": [[0.9886412161501628, 0.08651691120488625, -0.12289576805038016], [-0.07513012589168275, 0.9926904129250569, 0.09445214804428752], [0.1301691588381323, -0.08414611198531953, 0.9879146835254182]], "trans": [67.43936252369986, -40.184424010714224, -9.851466017324242]}], "rb_ScNup192_NTD_nucl_in.pdb_0": [{"rot": [[0.9910772712813359, 0.008501828358634526, -0.13301714650413238], [0.025316731785311422, 0.9677893702898764, 0.2504851249987409], [0.13086216199212092, -0.25161767360120907, 0.9589388097737329]], "trans": [124.0437816621361, -226.54118957156106, 91.97228145907764]}], "rb_ScNup192_CTD_cyt_in.pdb_0": [{"rot": [[0.999109167349643, -0.030840591523591, -0.02880502790100468], [0.028705434418781314, 0.9970054604791733, -0.07180605691402286], [0.030933311376761728, 0.07091522889468702, 0.9970025880398113]], "trans": [52.148342229628724, 54.3632320488033, -65.49572550763833]}], "rb_ScNup192_CTD_nucl_in.pdb_0": [{"rot": [[0.9977920297747424, 0.011640259137233837, -0.06538784049973026], [-0.006481822450208572, 0.9968887204227169, 0.07855485390275217], [0.06609879950289638, -0.07795757475176361, 0.9947630699031301]], "trans": [56.26589786094871, -60.44537744592378, 0.6692216761470036]}], "rb_ScNup157_NTD_cyt_out.pdb_0": [{"rot": [[0.9898437881909321, -0.12880555933626672, 0.060153161711560106], [0.12651921697234483, 0.9911411002681869, 0.04040058286551074], [-0.06482409055690914, -0.03237973507056138, 0.9973712398300998]], "trans": [30.255621684292237, -121.77619177900169, 63.97874317105061]}], "rb_ScNup157_NTD_nucl_out.pdb_0": [{"rot": [[0.9584914737177735, 0.24412023624677884, 0.14730717927224682], [-0.21227336452690118, 0.9559064282446864, -0.20293575129314692], [-0.19035260314153388, 0.16324279676390488, 0.9680483850417491]], "trans": [-253.95146221110917, 360.54663583463656, 63.75328797465386]}], "rb_ScNup157_CTD_cyt_out.pdb_0": [{"rot": [[0.9824139437160555, 0.13495107921384206, 0.1290389453277055], [-0.1482762540949705, 0.9838863620018101, 0.09990885415420955], [-0.11347685078389769, -0.11728526286734706, 0.9865937215745428]], "trans": [-194.90739483163202, 9.525291870413184, 162.00257487124702]}], "rb_ScNup157_CTD_nucl_out.pdb_0": [{"rot": [[0.9942062887682515, -0.06045532380379866, -0.08887637029850734], [0.04104994507949605, 0.9777197085492979, -0.20586178257084403], [0.0993416195893237, 0.20102070872935696, 0.9745367706142833]], "trans": [118.67564287803839, 170.4490764521969, -167.4954432806203]}], "rb_ScNup170_NTD_cyt_in.pdb_0": [{"rot": [[0.992700668263174, 0.10969876010684004, -0.0501155191619028], [-0.11375758015808643, 0.7136614098227463, -0.6911921621997633], [-0.040057411129797556, 0.6918479415021984, 0.7209312239407768]], "trans": [-20.896867756855727, 910.4785435159239, -217.2600592015135]}], "rb_ScNup170_NTD_nucl_in.pdb_0": [{"rot": [[0.9611425375771097, 0.12552841203885987, 0.24586101811966324], [-0.16128044288307317, 0.9781657954169525, 0.13107362595030847], [-0.22403937422532436, -0.16563301134533487, 0.9604020326662175]], "trans": [-270.62786691482563, 17.20211085195706, 305.59256761259417]}], "rb_ScNup170_CTD_cyt_in.pdb_0": [{"rot": [[0.9766678426474373, -0.21318887325520477, -0.025892652598280688], [0.21397501418740136, 0.976289320971448, 0.03276972780797451], [0.01829257887506323, -0.03754552006942479, 0.9991274770922949]], "trans": [187.63256897808157, -158.00422125447596, 9.786968849092432]}], "rb_ScNup170_CTD_nucl_in.pdb_0": [{"rot": [[0.9687956067505866, 0.1250432135527779, 0.21400763324039834], [-0.1253980399720628, 0.9920342758968032, -0.011971926205512472], [-0.21379991560318118, -0.015237788235163328, 0.9767586221261487]], "trans": [-246.08502144250735, 110.9451361440099, 186.84171067001023]}]}
