{"rb_ScNic96_CTD_cyt_out.pdb_0": [{"rot": [[0.9197366055463485, -0.06869052539835444, -0.3864792208367476], [0.025835706493247616, 0.9930281249831605, -0.11501156142938064], [0.3916849405939373, 0.09579537939236661, 0.9150989851371256]], "trans": [290.96640005542224, 64.61465983858875, -196.53952863752943]}], "rb_ScNic96_CTD_cyt_in.pdb_0": [{"rot": [[0.9926381966509877, -0.007772543950943414, 0.12086768844486465], [-0.0392765689049789, 0.9233521045883005, 0.3819401027483336], [-0.11457208073752811, -0.3838756029143892, 0.9162492891143691]], "trans": [-57.03194118929764, -116.64941720457682, 296.9948417048355]}], "rb_ScNic96_CTD_nucl_in.pdb_0": [{"rot": [[0.918170573035194, -0.04485532872818218, -0.3936379025156358], [0.1432067400281429, 0.9639664100177437, 0.22418873737994557], [0.3693976562225786, -0.2622151022389615, 0.8915091764727247]], "trans": [233.92010519963952, -168.32284183259208, -1.3501136517134]}], "rb_ScNic96_CTD_nucl_out.pdb_0": [{"rot": [[0.9980813005137936, -0.022993104743149816, -0.05748943119361701], [0.032235790476635676, 0.9856967997842305, 0.165416663935269], [0.05286370566883793, -0.16695249632574477, 0.9845467447478364]], "trans": [34.02025035253382, -80.76442328165814, 48.20491015280493]}], "rb_ScNsp1_complex_cyt_out.pdb_0": [{"rot": [[0.9836067174202239, 0.08905339307393396, -0.15680343946428937], [-0.08683459624987748, 0.9960022662719565, 0.020958016968381246], [0.1580429635888052, -0.0069984829174331575, 0.9874074351031197]], "trans": [40.62688476052733, 27.00516502840793, -49.270778441763014]}], "rb_ScNsp1_complex_cyt_in.pdb_0": [{"rot": [[0.9695392485090149, -0.004561672323393773, 0.24489352124175914], [-0.07409971848430609, 0.9475129311650494, 0.31101202066087735], [-0.23345851306200108, -0.3196849017714622, 0.9183129565993553]], "trans": [-112.84202269678855, -101.82334817562179, 288.2074527085033]}], "rb_ScNsp1_complex_nucl_in.pdb_0": [{"rot": [[0.9548594404001851, -0.05278520262263332, -0.29233058591726635], [0.11922612528514677, 0.969444887854279, 0.21438689433520466], [0.27208193642381917, -0.23956279301529956, 0.9319769782964453]], "trans": [182.87786214106376, -134.30517583558992, 50.74798011593168]}], "rb_ScNsp1_complex_nucl_out.pdb_0": [{"rot": [[0.9660559966603824, 0.00930408536740659, 0.2581651512346157], [0.0026881660353592998, 0.9989350564067826, -0.04606003522518433], [-0.25831876641057716, 0.04519056402674004, 0.9650021905897747]], "trans": [-113.27093939399049, 21.25965479190785, 95.61857957746048]}], "rb_ScNup188_NTD_cyt_out.pdb_0": [{"rot": [[0.9990606778635291, -0.004638143257421694, 0.04308421490510163], [0.011716151711115034, 0.9861368239675099, -0.16552007794933637], [-0.04171922501614195, 0.1658693824742707, 0.9852648650092302]], "trans": [-23.3212816484845, 90.64868811706867, -51.64973174648992]}], "rb_ScNup188_NTD_nucl_out.pdb_0": [{"rot": [[0.9686473152823262, 0.20616132004814022, -0.138635813238677], [-0.22138793914162, 0.9695042184629251, -0.10511398948388403], [0.11273756693741178, 0.13251068069631222, 0.9847492881451764]], "trans": [-36.56809256174597, 154.33198360280596, -106.47762169991427]}], "rb_ScNup188_CTD_cyt_out.pdb_0": [{"rot": [[0.9569722847758484, 0.10222688436561338, 0.2715763433802588], [-0.13043691428820636, 0.9875529236643745, 0.08789445006891586], [-0.25921083611968043, -0.11953613292576246, 0.9583949370501132]], "trans": [-191.82914012600423, 12.268835078230381, 203.8929926476028]}], "rb_ScNup188_CTD_nucl_out.pdb_0": [{"rot": [[0.9382543633801823, -0.1917321104253737, -0.2879540717369378], [0.16360483512203033, 0.9793231999484697, -0.11899381482826477], [0.30481503821619843, 0.06453578754863384, 0.9502225658248364]], "trans": [224.8853585183756, -5.136518296904512, -136.26906920335256]}], "rb_ScNup192_NTD_cyt_in.pdb_0": [{"rot": [[0.9924365045566935, 0.06135658232469009, -0.10632569881606824], [-0.05125556017859939, 0.9941319269591667, 0.09526058655725285], [0.11154663587069627, -0.08909030029070177, 0.989757680657262]], "trans": [33.22115812586543, -29.430581285359835, -6.964192647944969]}], "rb_ScNup192_NTD_nucl_in.pdb_0": [{"rot": [[0.9976019331800353, -0.023295153332215057, 0.0651745252893037], [0.011402194266418902, 0.9841057243662042, 0.17721713584069712], [-0.06826692377255872, -0.17604902470873798, 0.9820113889450238]], "trans": [-14.056048235580363, -69.96728889535962, 139.1050977298388]}], "rb_ScNup192_CTD_cyt_in.pdb_0": [{"rot": [[0.9956034908559732, -0.09254023676556285, -0.014491155053110867], [0.09133551565938912, 0.9934331003765478, -0.06890935100168469], [0.02077288074950638, 0.06728283329062079, 0.997517672910988]], "trans": [44.29138012475261, 2.681561495383164, -35.582698107710485]}], "rb_ScNup192_CTD_nucl_in.pdb_0": [{"rot": [[0.9879993080171051, 0.14586329570803455, 0.05080616422157966], [-0.14865736127966875, 0.9872789444290949, 0.05640279092683576], [-0.041932759211452966, -0.0632786287158688, 0.9971145665633171]], "trans": [-104.6783926418587, 38.73965284979903, 58.15387493652389]}], "rb_ScNup157_NTD_cyt_out.pdb_0": [{"rot": [[0.9673011728754699, 0.03617310150286989, -0.2510377415477698], [-0.15217896669661027, 0.8745949319483683, -0.46035341543794644], [0.20290392566161397, 0.48350306280094396, 0.8515014886735162]], "trans": [125.05809447444437, 367.9414497558313, -264.8390706007407]}], "rb_ScNup157_NTD_nucl_out.pdb_0": [{"rot": [[0.9839749305975725, 0.11015276525570988, 0.14021306737256667], [-0.05363721709465347, 0.9327924754342471, -0.356400402238257], [-0.17004818404747657, 0.343168422323166, 0.9237526990609475]], "trans": [-110.0898472384954, 216.4557209293829, -59.74497553775086]}], "rb_ScNup157_CTD_cyt_out.pdb_0": [{"rot": [[0.9655654615078653, 0.1908211090024136, -0.17683507542959853], [-0.19818003919770755, 0.9798527423509067, -0.024764397246905538], [0.16854676385709072, 0.05895682883683987, 0.9839289002396492]], "trans": [12.789612007089033, 128.21328192235922, -99.78119248404653]}], "rb_ScNup157_CTD_nucl_out.pdb_0": [{"rot": [[0.9708480316422733, -0.18676231229744739, 0.1502462583947932], [0.1984803920889704, 0.9778074537165083, -0.0670680058794621], [-0.13438613549221815, 0.09493377777034748, 0.9863710987380553]], "trans": [44.18653114348746, -64.92987016569685, 22.55894073163421]}], "rb_ScNup170_NTD_cyt_in.pdb_0": [{"rot": [[0.9657040193847044, -0.01905741431053465, 0.2589450943810735], [0.07516766620974952, 0.9751159075209082, -0.20856363263103925], [-0.2485267971483279, 0.2208750367503581, 0.94310585261662]], "trans": [-96.61970237626133, 59.062520982002354, 55.41883869302484]}], "rb_ScNup170_NTD_nucl_in.pdb_0": [{"rot": [[0.9856079035498767, 0.14249144019109458, 0.09095740724252997], [-0.11724722432024273, 0.9638147402540099, -0.23940391571211384], [-0.12177909857284382, 0.22529388793609545, 0.9666501514040239]], "trans": [-124.78058035234443, 199.44562040872364, -65.8322569870075]}], "rb_ScNup170_CTD_cyt_in.pdb_0": [{"rot": [[0.8087540703785746, -0.5119840198378617, 0.28946367142830326], [0.4878198811602664, 0.8588653684085855, 0.15614750235969022], [-0.3285553487479274, 0.01492120568352176, 0.9443668463208982]], "trans": [176.41613009979284, -243.29609863203598, 190.9035385991641]}], "rb_ScNup170_CTD_nucl_in.pdb_0": [{"rot": [[0.805833245053471, 0.5262601059601664, -0.27144627837085294], [-0.4114508296025028, 0.8273051159140558, 0.38245844218926917], [0.4258415151039226, -0.19651093113927476, 0.8832001233903731]], "trans": [-84.09185999338263, 98.73544434509847, -41.853984058680055]}]}
