{"rb_ScNic96_CTD_cyt_out.pdb_0": [{"rot": [[0.9842107555383709, -0.029639714114047408, -0.17450122071156962], [0.03759293269735353, 0.9983911477400417, 0.04244864574442385], [0.17296230830386902, -0.04833842634551609, 0.9837415496179053]], "trans": [119.0947571072582, -28.065681348857538, -42.40391880018615]}], "rb_ScNic96_CTD_cyt_in.pdb_0": [{"rot": [[0.5568227940813241, -0.48381305137887504, 0.675183906285487], [0.038211203756199186, 0.8269157550817879, 0.5610260581336829], [-0.8297519387738539, -0.2865925074264475, 0.47893262030065575]], "trans": [117.15041093035836, -206.33252497852993, 815.29065400564]}], "rb_ScNic96_CTD_nucl_in.pdb_0": [{"rot": [[0.3388402627558391, 0.3222898007065027, -0.8839211280969111], [-0.013478853464938267, 0.9410646149653765, 0.3379581497306102], [0.940747360796098, -0.10259958489501603, 0.323214678402058]], "trans": [544.9004690865147, -132.39300057746038, -103.6405409270717]}], "rb_ScNic96_CTD_nucl_out.pdb_0": [{"rot": [[0.9736910791637547, 0.05424950701782591, 0.221320295827668], [-0.051097527891188405, 0.9984944512001497, -0.01994676830772414], [-0.22206918966919487, 0.00811307037043696, 0.9749971554260211]], "trans": [-94.50965135778517, 18.274792612152964, 110.32584038925808]}], "rb_ScNsp1_complex_cyt_out.pdb_0": [{"rot": [[0.9295746787338282, 0.04443257145055329, -0.3659462573263895], [-0.09312546268162022, 0.9888155623709223, -0.11649648841665279], [0.3566771156904165, 0.1423711003236564, 0.9233157124924263]], "trans": [194.50445013394665, 108.49155561354212, -171.4630574238887]}], "rb_ScNsp1_complex_cyt_in.pdb_0": [{"rot": [[0.9791511900916013, -0.04700429452689294, 0.19761969344736421], [-0.013910161591873894, 0.9550605063073881, 0.2960843405118954], [-0.20265600002637243, -0.29266025624929876, 0.9344947940279852]], "trans": [-73.11130713789674, -122.86655854039822, 254.0303701619141]}], "rb_ScNsp1_complex_nucl_in.pdb_0": [{"rot": [[0.9769050994691593, -0.05859382862571115, -0.2054828213698979], [0.09941112879277945, 0.9758829442095773, 0.1943448138566945], [0.18913977398553164, -0.21028371893189596, 0.9591699033272854]], "trans": [134.5998316642225, -117.66653814484005, 54.65769870704378]}], "rb_ScNsp1_complex_nucl_out.pdb_0": [{"rot": [[0.9600210594552685, 0.01343512871055446, 0.27960519079394053], [-0.005096437684321918, 0.9995208952941645, -0.030528776478638373], [-0.27988138867262125, 0.027883277907801214, 0.959629580144236]], "trans": [-121.83110663663791, 18.942167245171163, 113.56250941463486]}], "rb_ScNup188_NTD_cyt_out.pdb_0": [{"rot": [[0.9972277111633693, -0.0054378833548385215, 0.07421133008164886], [0.01657386358216917, 0.9885044069489185, -0.15028088530657205], [-0.07254101690649171, 0.1510942317469022, 0.9858541139534723]], "trans": [-40.83948963410751, 77.17211157209294, -30.949859917703975]}], "rb_ScNup188_NTD_nucl_out.pdb_0": [{"rot": [[0.9905481756481886, 0.13653879962367674, 0.013094575875969733], [-0.13320383443901193, 0.9803245464483437, -0.14567265399378992], [-0.03272690347085072, 0.14255153393834663, 0.989246182687118]], "trans": [-68.85099094517943, 131.5883405133, -55.702529396295404]}], "rb_ScNup188_CTD_cyt_out.pdb_0": [{"rot": [[0.9470708402368706, 0.14349655405782213, 0.287168178157955], [-0.1612749133862491, 0.9861341702983011, 0.03911266396372669], [-0.27757382060505326, -0.08335548658374013, 0.9570813115776016]], "trans": [-218.46904010758027, 52.9963646636171, 192.4232038610739]}], "rb_ScNup188_CTD_nucl_out.pdb_0": [{"rot": [[0.9893297930212535, -0.08164101584695302, -0.12067023316460587], [0.07745401320830089, 0.9962329182484697, -0.03899805682422526], [0.12339949950648557, 0.029235545652761746, 0.9919263311314672]], "trans": [87.88838260069218, -8.161984100263567, -61.64074981619592]}], "rb_ScNup192_NTD_cyt_in.pdb_0": [{"rot": [[0.9946412027615938, -0.10298864349434221, -0.009067363462596503], [0.10308119452870394, 0.9811366354952107, 0.1635395053914222], [-0.007946389337494109, -0.1635978049985109, 0.9864951155967088]], "trans": [44.22768479645157, -127.6688926576216, 74.81320117345604]}], "rb_ScNup192_NTD_nucl_in.pdb_0": [{"rot": [[0.9993107699704038, -0.03264629196161539, 0.017669313577929807], [0.02631627196958406, 0.9587439956752581, 0.2830501803325042], [-0.026180887127466336, -0.28239010318670377, 0.9589423292208044]], "trans": [11.951478114895679, -105.71075427041046, 193.48714981341737]}], "rb_ScNup192_CTD_cyt_in.pdb_0": [{"rot": [[0.9901794851770144, -0.10979422523814152, -0.08654371865675782], [0.10187533598188193, 0.9906122911855747, -0.09115209526196172], [0.09573924510441094, 0.08144026434401672, 0.9920692920811606]], "trans": [89.7912338625182, 8.579120052467545, -74.30963616403199]}], "rb_ScNup192_CTD_nucl_in.pdb_0": [{"rot": [[0.9755423970488724, 0.18432006202537982, 0.11976287527902156], [-0.18956053189037014, 0.9812854389091046, 0.03384807430865658], [-0.11128268647717986, -0.05572254588516663, 0.9922253582581406]], "trans": [-151.01430533407898, 70.61787653927558, 86.11366561189965]}], "rb_ScNup157_NTD_cyt_out.pdb_0": [{"rot": [[0.9827510964982769, 0.09287559100168521, -0.15992000164932693], [-0.13617791831715073, 0.9485060979215121, -0.285992581666925], [0.1251233666995916, 0.3028370961454244, 0.9447930124127533]], "trans": [41.91225540397977, 235.99062350043923, -180.29084744033378]}], "rb_ScNup157_NTD_nucl_out.pdb_0": [{"rot": [[0.9994071731849735, -0.03349688548215586, 0.007953668927896337], [0.034427197156298425, 0.9705640134787071, -0.23837001454894544], [0.00026510824318589764, 0.2385025249407193, 0.9711418409864337]], "trans": [13.863128393758643, 100.92923854969149, -112.7242549781551]}], "rb_ScNup157_CTD_cyt_out.pdb_0": [{"rot": [[0.9416784912801895, 0.30050174354781256, -0.1514606258569879], [-0.3073829902792552, 0.9512903913156233, -0.023712626964368055], [0.13695735229351177, 0.06888609086958447, 0.9881788249792941]], "trans": [-49.374067603012634, 198.26158918214367, -93.46682885555572]}], "rb_ScNup157_CTD_nucl_out.pdb_0": [{"rot": [[0.9196138781492333, -0.30946030605890856, 0.2419599844793614], [0.3463731223691013, 0.9293439393599643, -0.12784953060211726], [-0.18529969027390658, 0.20138063796906794, 0.9618263166682248]], "trans": [89.82119752031082, -88.64837101793631, 7.225304291108841]}], "rb_ScNup170_NTD_cyt_in.pdb_0": [{"rot": [[0.9885283047711074, -0.016307489509583318, 0.15015277703810553], [0.048623241873744005, 0.9755886345833681, -0.21415554258866745], [-0.1429950034653225, 0.21899973026845035, 0.9651899021054343]], "trans": [-56.8694547289565, 72.91014317087735, -4.1893483597804675]}], "rb_ScNup170_NTD_nucl_in.pdb_0": [{"rot": [[0.9843788968581221, 0.16244246384350705, 0.0679016447579618], [-0.14767885133732692, 0.9717868274136118, -0.1839057338232648], [-0.09586002445270518, 0.17100528648505792, 0.9805957616194804]], "trans": [-125.58303758108838, 181.0476461167754, -48.525335111449465]}], "rb_ScNup170_CTD_cyt_in.pdb_0": [{"rot": [[0.9497425865892146, -0.3075516690667971, 0.05831800813690585], [0.28712574719321504, 0.930101128368809, 0.229064829918971], [-0.124690915938439, -0.2008080224027329, 0.9716626542278639]], "trans": [128.74304938668075, -215.08580638203955, 172.0457331175561]}], "rb_ScNup170_CTD_nucl_in.pdb_0": [{"rot": [[0.8122112460203806, 0.52123848031131, -0.2619605666522672], [-0.3966056862447355, 0.8226936331245726, 0.40728259925343435], [0.4278046534066259, -0.22690445711586904, 0.8749271660341732]], "trans": [-87.68972886144797, 84.9361010808658, -19.215035952390735]}]}
