{"rb_ScNic96_CTD_cyt_out.pdb_0": [{"rot": [[0.9936712331538907, -0.10626793030677628, -0.03639515614391889], [0.11071212914363496, 0.9812998642837615, 0.1574592036597231], [0.01898169810394197, -0.160492066299195, 0.9868545950605415]], "trans": [83.97851914887451, -116.98402549863692, 92.93289054212698]}], "rb_ScNic96_CTD_cyt_in.pdb_0": [{"rot": [[0.881258992753629, -0.15328450602805005, 0.44708662237042607], [-0.03904073327132955, 0.9191061423621416, 0.39207106526472885], [-0.47101848035559724, -0.36297074163618076, 0.803986213737266]], "trans": [-93.78608633647286, -128.25966560803624, 514.666675208417]}], "rb_ScNic96_CTD_nucl_in.pdb_0": [{"rot": [[0.8174785105837026, 0.08940159146062344, -0.56897824227132], [0.07556106879069187, 0.9626943501620515, 0.2598270829788063], [0.5709810939226109, -0.25539566090749255, 0.7802266637154651]], "trans": [291.66825961333655, -149.37666764537846, -51.41597578156393]}], "rb_ScNic96_CTD_nucl_out.pdb_0": [{"rot": [[0.9962267899376521, -0.006576585698924007, 0.08653861294858753], [-0.002872553363765155, 0.994079773207211, 0.10861469945394986], [-0.0867405986127203, -0.1084534601607724, 0.9903100098107976]], "trans": [-27.304870453731667, -49.517561194007385, 89.30589563205353]}], "rb_ScNsp1_complex_cyt_out.pdb_0": [{"rot": [[0.9581841596408134, 0.0693210974584884, -0.2776287118807765], [-0.09207706133578296, 0.9933046531129612, -0.06976876722364116], [0.27093344383666423, 0.09241456352378079, 0.9581516672529014]], "trans": [123.8658363561259, 83.23526236880423, -131.18469678196868]}], "rb_ScNsp1_complex_cyt_in.pdb_0": [{"rot": [[0.9763152161150248, -0.02330063457068355, 0.2150945820119036], [-0.04152132157048292, 0.9555242724683308, 0.29197490402243026], [-0.21233129453124097, -0.2939905528286076, 0.9319254134372648]], "trans": [-91.24267295386198, -109.83662783794358, 258.8576703524618]}], "rb_ScNsp1_complex_nucl_in.pdb_0": [{"rot": [[0.9773278524824792, -0.07858450755776974, -0.1966080973253363], [0.1107714644027564, 0.9811287723419934, 0.1584803292423463], [0.18044376253019928, -0.17666580669330564, 0.967589397063315]], "trans": [142.20819047098576, -104.58528105257585, 36.967392348967735]}], "rb_ScNsp1_complex_nucl_out.pdb_0": [{"rot": [[0.9887211148143268, -0.038915974091317, 0.1446240093512784], [0.04462135727380978, 0.998340007707622, -0.03641652764045703], [-0.14296674996431075, 0.04245910939797363, 0.9888163289680106]], "trans": [-48.110881457617495, 3.069149248270037, 41.333151155600376]}], "rb_ScNup188_NTD_cyt_out.pdb_0": [{"rot": [[0.9934345385904908, 0.06694143376425592, 0.09277209699626598], [-0.05129731097969391, 0.9854909332419617, -0.1617906251429299], [-0.10225655686434695, 0.15596943592727786, 0.9824546460955719]], "trans": [-84.25045003964874, 117.25473229725281, -18.721163211036014]}], "rb_ScNup188_NTD_nucl_out.pdb_0": [{"rot": [[0.9849309470420281, 0.1556519590694152, -0.07538897264684678], [-0.16832115725348795, 0.9628701182858842, -0.21106663244808305], [0.03973685417519232, 0.22057561730613084, 0.9745600953611221]], "trans": [-43.495405587845426, 178.53952734110584, -118.48193058838461]}], "rb_ScNup188_CTD_cyt_out.pdb_0": [{"rot": [[0.9292878339685099, 0.13133124219051037, 0.3452190992149945], [-0.16709346908757397, 0.9830209552642425, 0.07582594608480367], [-0.3293992929961973, -0.12814798607888106, 0.9354540071203562]], "trans": [-236.61271599145385, 37.39465895668263, 252.8408681253291]}], "rb_ScNup188_CTD_nucl_out.pdb_0": [{"rot": [[0.8993687646638576, -0.1419929968292771, -0.41348979914678546], [0.11773104530398351, 0.9895096613181075, -0.08372592865867295], [0.42104064663478685, 0.0266198987519997, 0.9066510656651737]], "trans": [270.4461110939819, -8.566493330524679, -149.37847646428207]}], "rb_ScNup192_NTD_cyt_in.pdb_0": [{"rot": [[0.9984712355924409, -0.05096976085674541, 0.02138399337613178], [0.04764933503471299, 0.9897885718023295, 0.13434330649591275], [-0.028013078467993068, -0.1331189941657886, 0.9907040934744517]], "trans": [4.931880812077964, -93.16651406368902, 69.61030718412576]}], "rb_ScNup192_NTD_nucl_in.pdb_0": [{"rot": [[0.9989021839429943, 0.008129034499735746, 0.046133997355735444], [-0.012443945924270765, 0.9954917583760805, 0.09402822563004153], [-0.04516165545848296, -0.09449908890249832, 0.9945000488048494]], "trans": [-23.24271014275803, -30.077338301411146, 77.91048564407225]}], "rb_ScNup192_CTD_cyt_in.pdb_0": [{"rot": [[0.9760314976060764, -0.15087322861620153, -0.1568431846391893], [0.1495468566987838, 0.9885463831668184, -0.020292510424173495], [0.15810835946385907, -0.003649275917924759, 0.98741502391493]], "trans": [152.00186109253593, -48.32492912975215, -59.086358927086394]}], "rb_ScNup192_CTD_nucl_in.pdb_0": [{"rot": [[0.9858734051963123, 0.16224468813327886, 0.04159675587307817], [-0.16299728726184315, 0.9865068454163368, 0.01536646647702148], [-0.03854235685462897, -0.021929548997741015, 0.9990163069784435]], "trans": [-108.23040491105672, 63.8693288058646, 32.345044879907505]}], "rb_ScNup157_NTD_cyt_out.pdb_0": [{"rot": [[0.9947087635296209, 0.006405665839390333, -0.1025350827889013], [-0.03474037632590303, 0.960232089050867, -0.27703328574332486], [0.0966828940925302, 0.2791295444809849, 0.9553738092431311]], "trans": [48.565535839736015, 172.06657040247086, -159.73608187382877]}], "rb_ScNup157_NTD_nucl_out.pdb_0": [{"rot": [[0.9991238013270661, 0.0346275031187218, 0.02350671498779691], [-0.026658394546697627, 0.9595197684199729, -0.2803767893593823], [-0.032263905869364395, 0.2795044723059826, 0.9596021521125347]], "trans": [-28.428878607402737, 157.02094632153984, -111.97321438612204]}], "rb_ScNup157_CTD_cyt_out.pdb_0": [{"rot": [[0.9409654914002336, 0.26449079302855344, -0.21125473816471996], [-0.2883405930302834, 0.9532024922786758, -0.0909104566299482], [0.1773235641556472, 0.1464569189790914, 0.9731940836638343]], "trans": [4.816391524753612, 225.39748285967255, -148.88579660623543]}], "rb_ScNup157_CTD_nucl_out.pdb_0": [{"rot": [[0.9567880491854927, -0.2463927691452332, 0.15442549092932795], [0.25529692335473964, 0.9660164422471113, -0.04044396412122049], [-0.1392124630247749, 0.07812065425467325, 0.9871763031583559]], "trans": [77.1815033241333, -96.24226913565593, 33.2959036051235]}], "rb_ScNup170_NTD_cyt_in.pdb_0": [{"rot": [[0.9906853846908107, -0.028907137257254207, 0.13306707322102965], [0.059848609805857864, 0.9701970150349358, -0.2348103403208791], [-0.12231358250139997, 0.24058705167338318, 0.9628900550440752]], "trans": [-45.82610344962609, 80.08636101181861, -21.458898409248377]}], "rb_ScNup170_NTD_nucl_in.pdb_0": [{"rot": [[0.9849818649414994, 0.1695491149143759, 0.032616305249339964], [-0.16036772307770653, 0.968393655438794, -0.19103905752689204], [-0.06397592618507691, 0.18293940455146035, 0.9810403942402777]], "trans": [-112.79147082393916, 191.96480434095633, -72.59569762829125]}], "rb_ScNup170_CTD_cyt_in.pdb_0": [{"rot": [[0.9323562320580571, -0.32971271362913884, 0.1483286318072583], [0.293616289778492, 0.9299150576032141, 0.22146661152310215], [-0.21095338565478478, -0.16293407290717765, 0.9638211229095693]], "trans": [103.87390823887011, -213.37408775600227, 202.83067760344403]}], "rb_ScNup170_CTD_nucl_in.pdb_0": [{"rot": [[0.8135976457585448, 0.5185353364310719, -0.2630208655001893], [-0.415694834031593, 0.8350487077861188, 0.3604045790277638], [0.4065177434941799, -0.18388790198664084, 0.8949461233657319]], "trans": [-85.88319785259046, 105.84972894981485, -44.90777944691723]}]}
