{"rb_ScNic96_CTD_cyt_out.pdb_0": [{"rot": [[0.9063596919616893, -0.0705371811890029, -0.4165772615698349], [0.01774695632400806, 0.9914512034854458, -0.1292654503279823], [0.4221340478193468, 0.10976801527390428, 0.899863227659894]], "trans": [311.20704000817403, 84.03674322529002, -207.68288242453264]}], "rb_ScNic96_CTD_cyt_in.pdb_0": [{"rot": [[0.9298670133563272, -0.14921963877591674, 0.3362749423840088], [-0.010296955738289176, 0.9031351090325981, 0.42923297582455155], [-0.36775169635816396, -0.4025921934616483, 0.8382590384776241]], "trans": [-64.5911475749648, -149.0642827380301, 469.58544925237163]}], "rb_ScNic96_CTD_nucl_in.pdb_0": [{"rot": [[0.9564674338645499, -0.07613614898134748, -0.2817327364273659], [0.12962972604470072, 0.9757458122773622, 0.17639797036464333], [0.2614692755987545, -0.20523985149448876, 0.9431386013075606]], "trans": [180.17170736952858, -145.47438467953896, 1.1129658390505028]}], "rb_ScNic96_CTD_nucl_out.pdb_0": [{"rot": [[0.9987680020532902, 0.04913301141406137, 0.006958826327953021], [-0.04954483359961363, 0.9794476753839788, 0.195518696416749], [0.002790616072392115, -0.1956225916766874, 0.9806752847337546]], "trans": [-23.417324348022646, -59.50687418335025, 85.10139045770956]}], "rb_ScNsp1_complex_cyt_out.pdb_0": [{"rot": [[0.9960068453082837, 0.028867606400162872, -0.08448091737052542], [-0.027888387175677445, 0.9995297459654365, 0.012748521130267412], [0.08480920916846106, -0.010341577780718014, 0.9963435400549477]], "trans": [31.034412030736803, 7.823126850858557, -23.600829742818405]}], "rb_ScNsp1_complex_cyt_in.pdb_0": [{"rot": [[0.9892114080318882, -0.033036540166714715, 0.14272132718477257], [0.004103579299480655, 0.9801067068583963, 0.19842883814638237], [-0.14643753226718462, -0.19570240209308468, 0.9696683035752457]], "trans": [-54.98540266492688, -92.40018620034317, 169.29204577227495]}], "rb_ScNsp1_complex_nucl_in.pdb_0": [{"rot": [[0.9851432370059531, -0.10390166351426643, -0.13673787661215234], [0.11731634953802637, 0.9886365121360711, 0.09399319657557771], [0.12541800792750482, -0.10863835045872029, 0.9861379376624267]], "trans": [122.27216106350767, -77.66079846945922, 13.297719248043222]}], "rb_ScNsp1_complex_nucl_out.pdb_0": [{"rot": [[0.9734003815050378, 0.016200767391671724, 0.2285371576391227], [-0.014239967930604586, 0.9998463113406848, -0.010226290224856348], [-0.2286677078189739, 0.006699913010523771, 0.9734814793135353]], "trans": [-105.32542936704715, 12.833570789967894, 98.55330784876031]}], "rb_ScNup188_NTD_cyt_out.pdb_0": [{"rot": [[0.996967091413382, -0.03635673517015107, 0.06880992985398099], [0.046614232641895896, 0.9869877321145416, -0.15389064289488802], [-0.06231959526464762, 0.15663142872093788, 0.9856890298582456]], "trans": [-23.240984372792013, 67.65497666148076, -38.329328554301355]}], "rb_ScNup188_NTD_nucl_out.pdb_0": [{"rot": [[0.9727224710017873, 0.2055591689608254, -0.10750080215659606], [-0.222380292460209, 0.9582069866890118, -0.17996215209225427], [0.06601514927263809, 0.19895928909326796, 0.9777817759346984]], "trans": [-51.48525664025925, 191.69790050371336, -119.26468967585578]}], "rb_ScNup188_CTD_cyt_out.pdb_0": [{"rot": [[0.9259878449266732, 0.13439500030079937, 0.35282360315347716], [-0.1631678353037972, 0.9851753754455785, 0.0529692093383993], [-0.3404743287978216, -0.1066183075733731, 0.9341893640584125]], "trans": [-241.83004482432904, 47.89438702382887, 246.05628580208656]}], "rb_ScNup188_CTD_nucl_out.pdb_0": [{"rot": [[0.9219892650119514, -0.13020957748396197, -0.3646659582880875], [0.1010703814068628, 0.9900434901018615, -0.09797278045047103], [0.3737921524122629, 0.053472924348430956, 0.9259698014280131]], "trans": [237.72342962507474, 6.039254324333058, -150.31295876992687]}], "rb_ScNup192_NTD_cyt_in.pdb_0": [{"rot": [[0.9992171843023631, -0.03797624456364215, -0.011082573875216013], [0.03873483625992867, 0.9961215292111142, 0.07900323728827414], [0.008039344175596368, -0.0793706739983558, 0.9968127532562335]], "trans": [18.25873467768855, -60.88698482910132, 27.58153863232633]}], "rb_ScNup192_NTD_nucl_in.pdb_0": [{"rot": [[0.9965727664197703, -0.006854560417317218, 0.0824362555671462], [-0.0011757569283205528, 0.9952864510752655, 0.09697163452086917], [-0.08271238617094784, -0.09673621507733733, 0.9918673126312911]], "trans": [-30.1488350268379, -36.3779892052554, 94.6401062135497]}], "rb_ScNup192_CTD_cyt_in.pdb_0": [{"rot": [[0.9958743374550784, -0.0615066315227618, -0.06671760095456201], [0.055767454226362964, 0.9948432574884106, -0.08471649236694559], [0.07158418154536293, 0.08064630995012384, 0.9941689381809861]], "trans": [53.71940287934416, 25.91952282128102, -63.93730228548941]}], "rb_ScNup192_CTD_nucl_in.pdb_0": [{"rot": [[0.9791396717937525, 0.16356599332086116, 0.1205473722176601], [-0.1761664399649883, 0.9790064048129, 0.10252728790611236], [-0.10124667179559665, -0.12162493644101392, 0.9873988486351574]], "trans": [-141.43457484510094, 33.645612050229715, 118.4270715351335]}], "rb_ScNup157_NTD_cyt_out.pdb_0": [{"rot": [[0.9921946743154958, 0.07019029210985916, -0.10306818691283687], [-0.10536944230707607, 0.9139310163493061, -0.3919532854596577], [0.06668589721869686, 0.39975419978814075, 0.9141933990485166]], "trans": [20.186734335854453, 287.91780603051006, -181.42429804961273]}], "rb_ScNup157_NTD_nucl_out.pdb_0": [{"rot": [[0.9845776097521348, 0.16741853732103412, 0.050773651986611684], [-0.1428417490834813, 0.9368539358738561, -0.31921926250844535], [-0.10101071771620976, 0.3070435412102809, 0.9463197655694959]], "trans": [-102.61212421498783, 243.20290993096603, -85.464351532806]}], "rb_ScNup157_CTD_cyt_out.pdb_0": [{"rot": [[0.9197341614276409, 0.3307931944581124, -0.2113408025043669], [-0.34615972832559694, 0.9373521940650063, -0.0392976687230445], [0.18510136355127507, 0.10930108316807594, 0.9766221164963151]], "trans": [-20.84376634636925, 232.65761536807508, -134.66732077308188]}], "rb_ScNup157_CTD_nucl_out.pdb_0": [{"rot": [[0.8971796350752546, -0.3495242621042831, 0.27000276407230994], [0.4047595803866384, 0.8953167821871983, -0.18595037407650247], [-0.17674383862376505, 0.27611709424520453, 0.9447332775837418]], "trans": [109.62578673634113, -75.11970417664457, -21.488213885608275]}], "rb_ScNup170_NTD_cyt_in.pdb_0": [{"rot": [[0.9961893034376541, -0.016998270255281545, 0.08554490355790201], [0.039408931670197, 0.9627159204758771, -0.26762845993447576], [-0.07780621968079474, 0.2699798423412643, 0.9597171858982054]], "trans": [-31.2474335362117, 107.28398848541252, -52.13821986106376]}], "rb_ScNup170_NTD_nucl_in.pdb_0": [{"rot": [[0.9806720114451555, 0.18324207650961108, -0.06859116097981303], [-0.1921074653391748, 0.9682562584578178, -0.15992041682732477], [0.0371096716378701, 0.17000635092170346, 0.9847439834379372]], "trans": [-69.87810376553949, 192.56216711406023, -113.00097186754732]}], "rb_ScNup170_CTD_cyt_in.pdb_0": [{"rot": [[0.6659033513128522, -0.6530150414638484, 0.36075487845943194], [0.585261535863795, 0.7571336333229949, 0.2902026807758181], [-0.4626463674867262, 0.017889016548932768, 0.8863624099307507]], "trans": [269.9986956965055, -310.84596491751324, 282.4272003376011]}], "rb_ScNup170_CTD_nucl_in.pdb_0": [{"rot": [[0.9669364561488077, 0.20502730555952514, -0.15164990519412114], [-0.16670412188676526, 0.9581949014946373, 0.23253444152564773], [0.1929860759649445, -0.19956536454175483, 0.9606924792871906]], "trans": [-32.378389718276026, -19.76081738690425, 31.075115847843108]}]}
