{"rb_ScNup133N_56-480_renamed_1.pdb_0": [{"rot": [[-0.6967753734786292, -0.367065423723878, 0.6162524268675371], [0.353112159859649, -0.9233578641398634, -0.15073837364893472], [0.6243523696383102, 0.11257543887314864, 0.7729882852214174]], "trans": [926.7232360167318, 213.0315848686033, -308.9955859148917]}], "rb_ScNup133N_56-480_renamed_1.pdb_1": [{"rot": [[-0.23269009303535726, -0.9089603293666946, 0.3458994655109907], [0.7767098436870856, -0.38772748943777813, -0.49637607985665744], [0.5853008963967011, 0.15316172358611638, 0.7962187809298086]], "trans": [485.3536633068581, -381.6073850394123, -270.88126031819223]}], "rb_ScNup133N_56-480_renamed_1.pdb_2": [{"rot": [[0.3941794343108227, -0.9147161802668332, -0.08897686847971231], [0.7469158144911555, 0.37526236521401835, -0.5489033824973174], [0.5354804754885236, 0.1499081946126928, 0.8311366876504427]], "trans": [-246.0126062008318, -488.81981154197655, -212.02396261527082]}], "rb_ScNup133N_56-480_renamed_1.pdb_3": [{"rot": [[0.8166042005801836, -0.38096111780949493, -0.43361988689650877], [0.281183834670646, 0.9186414848035535, -0.27754904704904915], [0.5040766119497231, 0.10472081510026832, 0.8572866032838874]], "trans": [-838.9289862250698, -45.799026703494064, -166.87912278721018]}], "rb_ScNup133N_56-480_renamed_1.pdb_4": [{"rot": [[0.7871218215029292, 0.37962361647143056, -0.48613285008427953], [-0.34765373517467285, 0.924090719429691, 0.15872373068642204], [0.5094861318358046, 0.04407098910927215, 0.8593495385382603]], "trans": [-946.0547878874353, 687.9272639197653, -161.8692196463433]}], "rb_ScNup133N_56-480_renamed_1.pdb_5": [{"rot": [[0.32300349044406007, 0.9214767609894238, -0.21575292377484778], [-0.7712149800196783, 0.38841783061423196, 0.5043402060654909], [0.548540062123271, 0.0034882398677762994, 0.8361169968541625]], "trans": [-504.6322927610471, 1282.5319705351774, -199.90512019103738]}], "rb_ScNup133N_56-480_renamed_1.pdb_6": [{"rot": [[-0.30386373019366986, 0.9271731035565068, 0.21912751884276038], [-0.7413717504206142, -0.37457245038699566, 0.5568333746187966], [0.5983600597893077, 0.006746514098213363, 0.8011989287289764]], "trans": [226.74889079113876, 1389.687388876251, -258.6808526748268]}], "rb_ScNup133N_56-480_renamed_1.pdb_7": [{"rot": [[-0.726252183732868, 0.3933756463784525, 0.5637493826689092], [-0.27560663106614974, -0.9179096588005107, 0.28545199805413557], [0.6297608677391829, 0.051937068814726636, 0.7750508308151967]], "trans": [819.6372663088277, 946.6204807825654, -303.7407593696927]}], "rb_ScNup133C_490_881_renamed_relative_3CQC_1.pdb_7": [{"rot": [[0.7898609040801499, 0.3434865521505421, -0.5080715901301918], [-0.27875992701713487, 0.9389947839145787, 0.20144899818717305], [0.5462715948089285, -0.017486688449989088, 0.8374255551581664]], "trans": [188.15010677576203, 111.20002658889716, -251.98050506849097]}], "rb_ScNup133C_490_881_renamed_relative_3CQC_1.pdb_8": [{"rot": [[0.374241974869465, 0.9051479540338752, -0.20161876290190014], [-0.7223117746225522, 0.4208789210592987, 0.5487500651932352], [0.5815570861810747, -0.05973370167878897, 0.8113095835723423]], "trans": [-108.91492485515283, 70.19123531676232, -228.06181718099083]}], "rb_ScNup133C_490_881_renamed_relative_3CQC_1.pdb_9": [{"rot": [[-0.23240964810692333, 0.9372318232124889, 0.25996589204087805], [-0.7410015834915339, -0.343752794590642, 0.5768454467828994], [0.6300019116874607, -0.05857069035718526, 0.7743817311256944]], "trans": [-347.95473269797884, 251.93233179261108, -209.85188231129786]}], "rb_ScNup133C_490_881_renamed_relative_3CQC_1.pdb_10": [{"rot": [[-0.6747088903215631, 0.42094297673899655, 0.6062795754890289], [-0.3238806000623255, -0.9069683227003178, 0.26927647227606], [0.663226409474406, -0.014678962915833066, 0.7482748544641886]], "trans": [-388.9345135178345, 549.9569359466104, -207.99433216497317]}], "rb_ScNup133C_490_881_renamed_relative_3CQC_1.pdb_11": [{"rot": [[-0.6935506192658031, -0.34126929944969514, 0.6344468486556889], [0.2846958221663763, -0.9388280655641341, -0.1937786163386358], [0.6617672002728991, 0.04622908783676656, 0.7482827300430958]], "trans": [-207.845820556275, 789.6781493136082, -223.55334090800426]}], "rb_ScNup133C_490_881_renamed_relative_3CQC_1.pdb_12": [{"rot": [[-0.27789708445572975, -0.9028903067691563, 0.32796692576127723], [0.7282150341254447, -0.42066813659009344, -0.5410556190739498], [0.6264791094080326, 0.08847266696622513, 0.7744007442372465]], "trans": [89.22894983851143, 830.6640218292881, -247.39021693551382]}], "rb_ScNup133C_490_881_renamed_relative_3CQC_1.pdb_13": [{"rot": [[0.32875601270207555, -0.9349145402754434, -0.13361993299574715], [0.7468572278283688, 0.343966071773813, -0.5691147711217968], [0.5780343980705264, 0.0873048901840402, 0.8113285960677067]], "trans": [328.2611217542598, 648.9045682683421, -265.51697726944803]}], "rb_ScNup133C_490_881_renamed_relative_3CQC_1.pdb_14": [{"rot": [[0.7710227340839002, -0.41858175243888124, -0.4799096373808107], [0.3297015433490446, 0.9071410589256708, -0.2615186255785038], [0.5448126612323214, 0.04340985759486818, 0.8374334292494825]], "trans": [369.22419186836476, 350.87715613024704, -267.2907052176811]}], "rb_ScNup84_506-726_ScNup133C_882_1155_renamed_relative_3CQC_new_1.pdb_14": [{"rot": [[0.9778077260297579, 0.1678005627778529, 0.12543931619690865], [-0.18960319401008188, 0.9634735612660642, 0.1891278021932815], [-0.08912171305404445, -0.20871432119699312, 0.9739074146907339]], "trans": [-74.7205183470411, 69.33389390221015, 121.34871598462814]}], "rb_ScNup84_506-726_ScNup133C_882_1155_renamed_relative_3CQC_new_1.pdb_15": [{"rot": [[0.5577788476495731, 0.7940736762957393, 0.2415155351708902], [-0.8283253090783939, 0.550990455644131, 0.1014233707251634], [-0.05253512591490879, -0.2566252411654787, 0.9650821447637823]], "trans": [-317.4097955678916, 247.3528702606381, 139.86764603337647]}], "rb_ScNup84_506-726_ScNup133C_882_1155_renamed_relative_3CQC_new_1.pdb_16": [{"rot": [[-0.18956646961501294, 0.9463215329025582, 0.26180166149711626], [-0.981837067864444, -0.18481059233101177, -0.04290707551918843], [0.007779830656840847, -0.26518031851404594, 0.964167450657684]], "trans": [-363.59478618687365, 545.3353760051132, 142.1402884601871]}], "rb_ScNup84_506-726_ScNup133C_882_1155_renamed_relative_3CQC_new_1.pdb_17": [{"rot": [[-0.8264228013414328, 0.5353551915032568, 0.1744137963393026], [-0.5602091175555655, -0.8128869539607493, -0.1593127260705407], [0.05648980466058599, -0.22936786830531364, 0.971699173076978]], "trans": [-186.21775815175602, 788.7191745123704, 126.85930218836285]}], "rb_ScNup84_506-726_ScNup133C_882_1155_renamed_relative_3CQC_new_1.pdb_18": [{"rot": [[-0.9797107287300719, -0.19807547048504015, 0.030544983275794982], [0.18956294360320153, -0.965302640725682, -0.1796015095162385], [0.06505980651429914, -0.17016732882710495, 0.9832651228311554]], "trans": [110.81323783765788, 834.926721700479, 103.00050933903134]}], "rb_ScNup84_506-726_ScNup133C_882_1155_renamed_relative_3CQC_new_1.pdb_19": [{"rot": [[-0.5596320225568902, -0.8243164298972544, -0.0855243984505395], [0.8282520703989887, -0.5527703942577298, -0.0918879704419455], [0.028469408295049098, -0.12225921083336128, 0.9920898034743281]], "trans": [353.4951695329898, 656.8891016954088, 84.56473207349654]}], "rb_ScNup84_506-726_ScNup133C_882_1155_renamed_relative_3CQC_new_1.pdb_20": [{"rot": [[0.18772528799210625, -0.9765069027121831, -0.10579926844613186], [0.9817051668381365, 0.18304257875750646, 0.05244406320171652], [-0.03184621879571257, -0.11370876534928129, 0.9930035926577279]], "trans": [399.66345287114086, 358.9033794217519, 82.37591355955485]}], "rb_ScNup84_506-726_ScNup133C_882_1155_renamed_relative_3CQC_new_1.pdb_21": [{"rot": [[0.824548752659236, -0.5654915640691746, -0.018402321991897154], [0.5600272453379321, 0.8110866637647814, 0.16884285102461596], [-0.08055332995787573, -0.14952496390072037, 0.9854711797932919]], "trans": [222.27396983909154, 115.53390938127995, 97.74029944620091]}], "rb_4XMM.renamed.noAb_Nup145c_149-550_Sec13_Nup84_7-436_3IKO_updated_1.pdb_21": [{"rot": [[0.9954127453032476, -0.014300553498461798, 0.09459894638678379], [0.01515118145784508, 0.9998509324561767, -0.008279768532117482], [-0.09446643948134922, 0.009675072927457621, 0.9954810318512176]], "trans": [-21.359338790083484, -5.463344299272364, 46.91321956791006]}], "rb_4XMM.renamed.noAb_Nup145c_149-550_Sec13_Nup84_7-436_3IKO_updated_1.pdb_22": [{"rot": [[0.714503839884739, 0.6949375564149789, 0.08090769724779712], [-0.6962587566587057, 0.7176302241424752, -0.015185689753634815], [-0.06861491504065514, -0.045482459049599806, 0.996605909752077]], "trans": [-333.78260798240956, 152.56930117632885, 71.08762350967095]}], "rb_4XMM.renamed.noAb_Nup145c_149-550_Sec13_Nup84_7-436_3IKO_updated_1.pdb_23": [{"rot": [[0.014330133149054125, 0.997693167887575, 0.06635503021162145], [-0.9998331286402172, 0.015049563381831887, -0.010354975399809944], [-0.011329702442907461, -0.06619556928126716, 0.9977423437191004]], "trans": [-443.38330887601415, 485.8912261577808, 78.24294775578181]}], "rb_4XMM.renamed.noAb_Nup145c_149-550_Sec13_Nup84_7-436_3IKO_updated_1.pdb_24": [{"rot": [[-0.6949367450487779, 0.7166077748645578, 0.05946610282065369], [-0.717733786981275, -0.6963093923648522, 0.003382473947814102], [0.0438307130506356, -0.04033022573897944, 0.998224594710687]], "trans": [-285.9538921782771, 799.2378639469863, 64.21150737398551]}], "rb_4XMM.renamed.noAb_Nup145c_149-550_Sec13_Nup84_7-436_3IKO_updated_1.pdb_25": [{"rot": [[-0.997798256797484, 0.016345163882852967, 0.064276545874399], [-0.015218503626405123, -0.9997225366598927, 0.017979066763363392], [0.0645525822819981, 0.016961288628847247, 0.9977701532962258]], "trans": [46.28318339375511, 909.0464527346151, 37.23712288443426]}], "rb_4XMM.renamed.noAb_Nup145c_149-550_Sec13_Nup84_7-436_3IKO_updated_1.pdb_26": [{"rot": [[-0.7168338581673573, -0.6928709538416423, 0.07796833400472622], [0.6961693629696145, -0.7174461714499212, 0.024883913163530422], [0.03869674207709163, 0.07211679689518743, 0.9966452376639323]], "trans": [358.7006677664845, 750.989689702952, 13.145773961114969]}], "rb_4XMM.renamed.noAb_Nup145c_149-550_Sec13_Nup84_7-436_3IKO_updated_1.pdb_27": [{"rot": [[-0.016636455473946765, -0.9955717765986584, 0.09252062467067712], [0.9996887699859162, -0.014841771571688533, 0.020052056768763107], [-0.018590091804702544, 0.0928254246249525, 0.9955088392525141]], "trans": [468.28190684710046, 417.6595720314838, 6.074517392514622]}], "rb_4XMM.renamed.noAb_Nup145c_149-550_Sec13_Nup84_7-436_3IKO_updated_1.pdb_28": [{"rot": [[0.6926084400015706, -0.7144308943355354, 0.09940848081283923], [0.7175337691687126, 0.696495098804099, 0.006314067184291311], [-0.07374848433107178, 0.06695576570239511, 0.9950266762745983]], "trans": [310.8345790259708, 104.32569940199471, 20.189799882423245]}], "rb_4XMM.renamed.noAb_Seh1_Nup85_47_544_3F3F_1.pdb_28": [{"rot": [[0.6245416228776359, -0.7603345514978482, 0.17843522940252132], [0.25649075110740316, 0.4154848456301089, 0.8726882820618599], [-0.7376721872822132, -0.4992631699317366, 0.45450635997748684]], "trans": [527.7409545188256, -59.86939278768364, 777.2752532666501]}], "rb_4XMM.renamed.noAb_Seh1_Nup85_47_544_3F3F_1.pdb_29": [{"rot": [[0.6090040699627131, -0.2559905408224578, 0.7507215767368565], [-0.30127910762238125, 0.8008884803470915, 0.5175022138673258], [-0.733719934361271, -0.541337681172064, 0.41061974241887117]], "trans": [31.580500910102614, -230.81904304211452, 817.6953027297893]}], "rb_4XMM.renamed.noAb_Seh1_Nup85_47_544_3F3F_1.pdb_30": [{"rot": [[0.20484500376506287, 0.3724339204820568, 0.9051693207940996], [-0.6845001327106723, 0.7155404210038818, -0.1395043878473179], [-0.6996414029712352, -0.5910117433553651, 0.40150594823051977]], "trans": [-439.88716181451076, 0.3066232244532472, 854.1908975838741]}], "rb_4XMM.renamed.noAb_Seh1_Nup85_47_544_3F3F_1.pdb_31": [{"rot": [[-0.3511734960938971, 0.7567989221986066, 0.5513007953923262], [-0.6686760442442955, 0.20943876417136847, -0.7134477920045484], [-0.6554002773076809, -0.619185590450385, 0.4325039665524671]], "trans": [-610.4677157976282, 498.1110486363495, 865.4064086766803]}], "rb_4XMM.renamed.noAb_Seh1_Nup85_47_544_3F3F_1.pdb_32": [{"rot": [[-0.7333279525359406, 0.6719380267751127, -0.10358282774189609], [-0.2630768163665018, -0.42093500354460023, -0.8681038598470621], [-0.6269136325841904, -0.6093545855776172, 0.48545472117965793]], "trans": [-380.2307539908645, 970.9734985400664, 844.795636372522]}], "rb_4XMM.renamed.noAb_Seh1_Nup85_47_544_3F3F_1.pdb_33": [{"rot": [[-0.7177468965994828, 0.16756394328928353, -0.6758414883174538], [0.2946918042827839, -0.8062990407458854, -0.5128728861821578], [-0.6308693469414747, -0.5672778700086977, 0.5293389134458437]], "trans": [115.94957837748024, 1141.8845992166423, 804.4566666002515]}], "rb_4XMM.renamed.noAb_Seh1_Nup85_47_544_3F3F_1.pdb_34": [{"rot": [[-0.31355793054498926, -0.4608538784783055, -0.8302379941220718], [0.6778810951896596, -0.7209016608070499, 0.14414581586053513], [-0.6649501071334644, -0.5176045770055892, 0.5384485647543819]], "trans": [587.4057598026076, 910.7223348383993, 768.0446415331253]}], "rb_4XMM.renamed.noAb_Seh1_Nup85_47_544_3F3F_1.pdb_35": [{"rot": [[0.24245935024839627, -0.8451794178449132, -0.47632469506467245], [0.6620133667718751, -0.21476985299932044, 0.718061426660708], [-0.709190923300973, -0.4894340220029437, 0.5074471129226471]], "trans": [757.9540250127832, 412.9049360612194, 756.9142437662052]}], "rb_4XMM.renamed.noAb_Nup120_715-1036_Nup85_553-744_Nup145c_92-99_554-712_remaining_updated_1.pdb_35": [{"rot": [[0.9999731901692486, 0.007176441593882733, -0.0014552074721025743], [-0.007221230327681585, 0.9994109469127843, -0.03355015683193761], [0.0012135795366785861, 0.033559765746241844, 0.9994359756121283]], "trans": [-0.48593873257868836, 14.845646972830082, -19.25296690537118]}], "rb_4XMM.renamed.noAb_Nup120_715-1036_Nup85_553-744_Nup145c_92-99_554-712_remaining_updated_1.pdb_36": [{"rot": [[0.7038561120586678, 0.71032549231566, -0.0049263053267806015], [-0.7097812351358971, 0.7035586374814312, 0.03486892419094452], [0.028234230405977348, -0.021046106333207738, 0.9993797524672966]], "trans": [-305.9749894334809, 148.40785109754177, 4.487797137922485]}], "rb_4XMM.renamed.noAb_Nup120_715-1036_Nup85_553-744_Nup145c_92-99_554-712_remaining_updated_1.pdb_37": [{"rot": [[-0.0008370835336896087, 0.9991650820176957, 0.040846519652589744], [-0.9963123089097433, -0.004337802006698754, 0.08569111149172545], [0.08579675055673301, -0.0406241596875856, 0.9954841009496754]], "trans": [-427.9197118356852, 459.51476675998754, 12.735102843291315]}], "rb_4XMM.renamed.noAb_Nup120_715-1036_Nup85_553-744_Nup145c_92-99_554-712_remaining_updated_1.pdb_38": [{"rot": [[-0.7012871864557624, 0.7044889064143234, 0.10904890119626112], [-0.6989605085443618, -0.7095826559596615, 0.08914405115676685], [0.14018020405309883, -0.013705294611344947, 0.9900311486469748]], "trans": [-294.88125479613166, 765.9156929527755, 0.6815671427062284]}], "rb_4XMM.renamed.noAb_Nup120_715-1036_Nup85_553-744_Nup145c_92-99_554-712_remaining_updated_1.pdb_39": [{"rot": [[-0.9871606500693496, -0.0010775758919258777, 0.15972692254237106], [0.00808128864582231, -0.9990335449793715, 0.04320496244383815], [0.15952599703020934, 0.043941038177854906, 0.9862153119047434]], "trans": [15.206491048429712, 888.1167636542906, -24.587673894390093]}], "rb_4XMM.renamed.noAb_Nup120_715-1036_Nup85_553-744_Nup145c_92-99_554-712_remaining_updated_1.pdb_40": [{"rot": [[-0.6909887685737748, -0.7042035710786506, 0.16319268422626737], [0.7106180285774585, -0.7031260570205471, -0.025214388737876153], [0.1325010911863923, 0.09854480411880832, 0.9862719616898784]], "trans": [320.6916652843017, 754.5309854076676, -48.24553767098138]}], "rb_4XMM.renamed.noAb_Nup120_715-1036_Nup85_553-744_Nup145c_92-99_554-712_remaining_updated_1.pdb_41": [{"rot": [[0.01372679382732489, -0.9929879570889353, 0.11741589418628387], [0.9970937832305613, 0.0047930291749516685, -0.07603298175327616], [0.0749370574161281, 0.11811834721020506, 0.9901679117594859]], "trans": [442.6186588424179, 443.4149074644316, -56.40890910967477]}], "rb_4XMM.renamed.noAb_Nup120_715-1036_Nup85_553-744_Nup145c_92-99_554-712_remaining_updated_1.pdb_42": [{"rot": [[0.7141537241899555, -0.6982567687381127, 0.04921324148058244], [0.6996870162212028, 0.7100147312546864, -0.07948056827177902], [0.02055571835491367, 0.09119520992214727, 0.9956208596298936]], "trans": [309.5628330650885, 137.02483181560842, -44.27156521695963]}], "rb_4XMM.renamed.noAb_Nup120_2-711_3F7F_updated_1.pdb_42": [{"rot": [[-0.9757393381826223, 0.039468128958356205, 0.21534857956221093], [0.16652140039150792, -0.5048009485630804, 0.847022210772222], [0.1421385490800663, 0.8623330384058921, 0.4859818553599227]], "trans": [1111.6560739153442, 527.9447268533477, -441.8892617856741]}], "rb_4XMM.renamed.noAb_Nup120_2-711_3F7F_updated_1.pdb_43": [{"rot": [[-0.5715368153942135, -0.31085135060161295, 0.7594189268632899], [0.8136001758088905, -0.3350907372992458, 0.4751515039437286], [0.10677276138032632, 0.8894299498023428, 0.444425406364014]], "trans": [835.8436496942122, -296.9209028359584, -415.8507046455513]}], "rb_4XMM.renamed.noAb_Nup120_2-711_3F7F_updated_1.pdb_44": [{"rot": [[0.17050402637661927, -0.4390279293786974, 0.8821467305470283], [0.9842450888845924, 0.03336460752798259, -0.1736329691362244], [0.04679724346495734, 0.8978537075659674, 0.437799883296152]], "trans": [59.30166246229274, -684.3008192175009, -352.0294753754819]}], "rb_4XMM.renamed.noAb_Nup120_2-711_3F7F_updated_1.pdb_45": [{"rot": [[0.8156851992446531, -0.2699739602355201, 0.5116363127534603], [0.5784899434455931, 0.3847187496984521, -0.7192641162763302], [-0.0026535006164150055, 0.8826695556238504, 0.46998661098936545]], "trans": [-763.0587290786721, -407.26228842297195, -287.7889450600187]}], "rb_4XMM.renamed.noAb_Nup120_2-711_3F7F_updated_1.pdb_46": [{"rot": [[0.9860504750892565, 0.0972763580428802, -0.13506209957705081], [-0.16596817516239054, 0.5131434786352973, -0.8421035180827404], [-0.012610527725430948, 0.8527725842802264, 0.5221301505281097]], "trans": [-1149.4852989432006, 371.9017287600883, -260.7381172482514]}], "rb_4XMM.renamed.noAb_Nup120_2-711_3F7F_updated_1.pdb_47": [{"rot": [[0.5817974731702713, 0.4475826107795292, -0.6791034580536779], [-0.8130152041993296, 0.3434057773386361, -0.4701901209416943], [0.022759129012452972, 0.8256768608954856, 0.5636840812266806]], "trans": [-873.6020005507532, 1196.7460816483804, -286.69974338779815]}], "rb_4XMM.renamed.noAb_Nup120_2-711_3F7F_updated_1.pdb_48": [{"rot": [[-0.16025669802083342, 0.5757304558031345, -0.8017806638976586], [-0.9836018706922759, -0.02505961547035873, 0.17860396312268328], [0.08273542596802463, 0.8172554422781095, 0.5703055245714325]], "trans": [-97.02324671486934, 1584.0654348097469, -350.441131925998]}], "rb_4XMM.renamed.noAb_Nup120_2-711_3F7F_updated_1.pdb_49": [{"rot": [[-0.8054062420364952, 0.40664907861425303, -0.4312276801769864], [-0.5777961001376639, -0.3764004773221399, 0.724206011668895], [0.13218340271892262, 0.8324417141961592, 0.5381155456886586]], "trans": [725.3220921462253, 1306.9627667545594, -414.5976738024078]}]}
