{"rb_ScNup133N_56-480_renamed_1.pdb_0": [{"rot": [[-0.7137568982987241, -0.4187453225683828, 0.5614298219351077], [0.3414719329627185, -0.9079207394833364, -0.24305729739042448], [0.6115128854976732, 0.01822870382483617, 0.7910244656312325]], "trans": [959.5413804667195, 245.02383182963626, -287.93999853712813]}], "rb_ScNup133N_56-480_renamed_1.pdb_1": [{"rot": [[-0.25318907292530135, -0.9365805103185114, 0.2423060895700796], [0.779707463471691, -0.3458240652089515, -0.5219789146401383], [0.5726705551691726, 0.056768508998139455, 0.8178176885029818]], "trans": [531.590275963132, -380.9019319909795, -250.74298291795805]}], "rb_ScNup133N_56-480_renamed_1.pdb_2": [{"rot": [[0.3815104475904202, -0.9066614059851341, -0.1800413099164118], [0.7627548751284101, 0.4188058095487569, -0.49275419263163495], [0.5221635556482291, 0.05066348571970308, 0.851339199360354]], "trans": [-212.33807761009527, -519.7469337190961, -190.73050191458128]}], "rb_ScNup133N_56-480_renamed_1.pdb_3": [{"rot": [[0.818525734867092, -0.3465150427461141, -0.4581953148068471], [0.300545233215865, 0.9380379228754896, -0.1725033855860758], [0.48957959940290435, 0.003490042706863483, 0.8719516244897969]], "trans": [-836.4380480007169, -90.17369683267833, -143.03470817357095]}], "rb_ScNup133N_56-480_renamed_1.pdb_4": [{"rot": [[0.8018470717024891, 0.41571694174940865, -0.4292093870649405], [-0.3361525368776239, 0.9076987816116487, 0.251166068192871], [0.49400682743549285, -0.057116951977911515, 0.867579914615289]], "trans": [-975.1011594050605, 656.1678363127485, -135.5724652779167]}], "rb_ScNup133N_56-480_renamed_1.pdb_5": [{"rot": [[0.34124505414758666, 0.9335083035129756, -0.11006389186348209], [-0.7743519039927327, 0.3455614824914841, 0.5300626289422002], [0.5328517071405887, -0.09565306628965564, 0.8407850790224256]], "trans": [-547.0946926733271, 1282.060388980156, -172.69125543233048]}], "rb_ScNup133N_56-480_renamed_1.pdb_6": [{"rot": [[-0.29345316142550615, 0.9035295619652888, 0.3122812397570316], [-0.7573495002623545, -0.4190660185244942, 0.5008047589334484], [0.5833583602741431, -0.08954330110533745, 0.8072639102086884]], "trans": [196.85104243111687, 1420.8473955271636, -232.62236308822946]}], "rb_ScNup133N_56-480_renamed_1.pdb_7": [{"rot": [[-0.7304324110892316, 0.34334268660523865, 0.5904102746269475], [-0.29510557352563754, -0.9382541500933615, 0.1805321309537095], [0.6159392772867105, -0.0423668430176196, 0.7866535815136445]], "trans": [820.9240579884867, 991.225587416922, -280.23329545098295]}], "rb_ScNup133C_490_881_renamed_relative_3CQC_1.pdb_7": [{"rot": [[0.8006075783741964, 0.26531687295755924, -0.5372471148120145], [-0.31320753892007647, 0.949682032169207, 0.0022528512157639347], [0.5108116512115207, 0.16646619686589217, 0.8434218768134796]], "trans": [206.80527098726202, 194.30633265957383, -277.5771634358323]}], "rb_ScNup133C_490_881_renamed_relative_3CQC_1.pdb_8": [{"rot": [[0.35687452601329517, 0.8609011505908624, -0.3626151976877438], [-0.7562860059855827, 0.49412256935992593, 0.42880574109907466], [0.5483357090625844, 0.1212109539624239, 0.8274272504615486]], "trans": [-37.606430657856265, 114.3338591360654, -257.6656952665901]}], "rb_ScNup133C_490_881_renamed_relative_3CQC_1.pdb_9": [{"rot": [[-0.26933039758544475, 0.9610765162930356, 0.06158787840569535], [-0.7546983289583781, -0.25035641549692667, 0.606425673505804], [0.5982403941593245, 0.11684859883446888, 0.792751433771345]], "trans": [-266.86629165388655, 231.1847635066905, -239.91956129231022]}], "rb_ScNup133C_490_881_renamed_relative_3CQC_1.pdb_10": [{"rot": [[-0.7111675186884586, 0.5071588283630896, 0.48685797022939326], [-0.3093745914272451, -0.8476286359185198, 0.4310603875910431], [0.6312908383160108, 0.1559346606251905, 0.7597080090890056]], "trans": [-346.66873952605073, 476.4062551885646, -234.71069211442875]}], "rb_ScNup133C_490_881_renamed_relative_3CQC_1.pdb_11": [{"rot": [[-0.7098024218501937, -0.2349405313702133, 0.664065861684733], [0.3188082820973791, -0.9478036036435764, 0.00544134049419033], [0.6281256253343936, 0.21557197322411276, 0.7476542805057327]], "trans": [-230.26246175705583, 706.3442435265925, -245.0665118412171]}], "rb_ScNup133C_490_881_renamed_relative_3CQC_1.pdb_12": [{"rot": [[-0.2660348000463709, -0.8304892943741321, 0.48940067132590737], [0.7618519069262532, -0.4921974101117137, -0.4210978287668538], [0.5905989816086077, 0.26082415802467934, 0.7636514921831804]], "trans": [14.162016146767428, 786.2979296219014, -264.89643035847826]}], "rb_ScNup133C_490_881_renamed_relative_3CQC_1.pdb_13": [{"rot": [[0.3601700167468628, -0.9306065980434131, 0.0651837304443002], [0.7602150807195127, 0.25228941245877456, -0.5986844606366832], [0.5406945441588944, 0.26518184711491266, 0.7983282519600153]], "trans": [243.4193019834855, 669.4294336080648, -282.55979689576264]}], "rb_ScNup133C_490_881_renamed_relative_3CQC_1.pdb_14": [{"rot": [[0.8019724173641143, -0.4766423142346096, -0.3600726955327763], [0.3148566793483157, 0.8495259861418978, -0.4232858021944427], [0.5076470360958643, 0.22609224478233783, 0.8313704250166545]], "trans": [323.20915852148215, 424.2020850909621, -287.68515738087467]}], "rb_ScNup84_506-726_ScNup133C_882_1155_renamed_relative_3CQC_new_1.pdb_14": [{"rot": [[-0.9381208902424087, 0.2273257065139782, -0.2612512554012131], [0.31325184692027574, 0.23537469689399038, -0.920039147244886], [-0.14765661411472683, -0.9449453821359103, -0.29202011760868773]], "trans": [1116.6005786350922, 319.94584337980564, 743.4800222439021]}], "rb_ScNup84_506-726_ScNup133C_882_1155_renamed_relative_3CQC_new_1.pdb_15": [{"rot": [[-0.44715303678408547, 0.30841682924550096, -0.8396030140089543], [0.8741491735515174, -0.048205586461373406, -0.4832591890622596], [-0.18951882247937263, -0.9500290947502951, -0.2480470420181734]], "trans": [716.1455420452579, -379.20533199461454, 778.8417071982869]}], "rb_ScNup84_506-726_ScNup133C_882_1155_renamed_relative_3CQC_new_1.pdb_16": [{"rot": [[0.2955139370273324, 0.16588407056630156, -0.94082622633245], [0.9223319368741258, -0.30616807286315656, 0.23572210202117788], [-0.24894841080960445, -0.937413242007821, -0.2434771087058439]], "trans": [-59.94913311068163, -589.3119600517431, 841.764764669072]}], "rb_ScNup84_506-726_ScNup133C_882_1155_renamed_relative_3CQC_new_1.pdb_17": [{"rot": [[0.8548152463287849, -0.11677486977744747, -0.5056229073453029], [0.42957399475675473, -0.38739470050613634, 0.8157153480525439], [-0.29113068830437683, -0.914488368328553, -0.28098744904212114]], "trans": [-757.0343298521934, -187.29049877707928, 895.4119852759472]}], "rb_ScNup84_506-726_ScNup133C_882_1155_renamed_relative_3CQC_new_1.pdb_18": [{"rot": [[0.9031042979830209, -0.3739743990413193, 0.21105870232301868], [-0.3154601024212566, -0.2443017656216058, 0.9169523276018954], [-0.29135468203713977, -0.8946841879545249, -0.3386039767622157]], "trans": [-966.7457976875626, 591.3493281072545, 908.3800756627813]}], "rb_ScNup84_506-726_ScNup133C_882_1155_renamed_relative_3CQC_new_1.pdb_19": [{"rot": [[0.4120926846553604, -0.4550434064691752, 0.7893764105181154], [-0.8763188755522585, 0.03928487292469553, 0.4801269906078113], [-0.24948917332092896, -0.8896022689877859, -0.38257411753465487]], "trans": [-566.2296884878692, 1290.4694479860354, 873.0961505320788]}], "rb_ScNup84_506-726_ScNup133C_882_1155_renamed_relative_3CQC_new_1.pdb_20": [{"rot": [[-0.330578067303105, -0.3124905244367722, 0.8905435494996143], [-0.9244433472274092, 0.29723616370074063, -0.23886222128132267], [-0.1900595674653734, -0.9022196712141088, -0.387139542915959]], "trans": [209.88792703983006, 1500.5155538357633, 810.2540356299362]}], "rb_ScNup84_506-726_ScNup133C_882_1155_renamed_relative_3CQC_new_1.pdb_21": [{"rot": [[-0.8898409597375041, -0.029825241234329003, 0.45529498279549385], [-0.43164152338435485, 0.3784406034567225, -0.8188212899929646], [-0.14788056553810036, -0.9251449425039426, -0.3496257623452623]], "trans": [906.948319800294, 1098.4397919947546, 756.6915328410353]}], "rb_4XMM.renamed.noAb_Nup145c_149-550_Sec13_Nup84_7-436_3IKO_updated_1.pdb_21": [{"rot": [[0.9945983553529789, -0.016192614227319938, 0.1025276098113852], [0.0181089967222593, 0.999677770130712, -0.01778820238814369], [-0.10220653485400852, 0.01954878898994909, 0.9945710980529063]], "trans": [-21.430972798999164, -5.336255401706637, 47.17718590072241]}], "rb_4XMM.renamed.noAb_Nup145c_149-550_Sec13_Nup84_7-436_3IKO_updated_1.pdb_22": [{"rot": [[0.7158586996917446, 0.6936693110618469, 0.07980732401620584], [-0.6940391561915923, 0.7194099547850143, -0.02754934897754455], [-0.07652432128746735, -0.03566796668169735, 0.9964295381030643]], "trans": [-333.73857763014087, 152.7248550138711, 71.3422321813247]}], "rb_4XMM.renamed.noAb_Nup145c_149-550_Sec13_Nup84_7-436_3IKO_updated_1.pdb_23": [{"rot": [[0.01669908436431017, 0.9982427699913559, 0.05685519098005903], [-0.9996740808188043, 0.017767130538329512, -0.018331972384692016], [-0.019309912492624363, -0.0565305336293519, 0.9982141183368967]], "trans": [-443.23739670173256, 485.9848524902628, 78.48973712191963]}], "rb_4XMM.renamed.noAb_Nup145c_149-550_Sec13_Nup84_7-436_3IKO_updated_1.pdb_24": [{"rot": [[-0.6933029298199377, 0.7191043358345299, 0.04711689386059538], [-0.7197505288603188, -0.6942184430018126, 0.004464258217310984], [0.03591968413533744, -0.03081732597288459, 0.9988794064908431]], "trans": [-285.77956452902316, 799.2154483350132, 64.45659644967367]}], "rb_4XMM.renamed.noAb_Nup145c_149-550_Sec13_Nup84_7-436_3IKO_updated_1.pdb_25": [{"rot": [[-0.9982181519234662, 0.019777239172359167, 0.056297264420386066], [-0.01825166397549915, -0.9994555778590101, 0.027484989514959562], [0.056810192154445584, 0.026408496686318075, 0.9980356673837582]], "trans": [46.3958139850443, 908.9218597460456, 37.48762673885847]}], "rb_4XMM.renamed.noAb_Nup145c_149-550_Sec13_Nup84_7-436_3IKO_updated_1.pdb_26": [{"rot": [[-0.7194229455333973, -0.6900628462583935, 0.07901831214228078], [0.6938745876521322, -0.7191320565903154, 0.03724435252177989], [0.03112365741094347, 0.08162324055039566, 0.996177175281294]], "trans": [358.6976317733557, 750.8366408535558, 13.405635609729131]}], "rb_4XMM.renamed.noAb_Nup145c_149-550_Sec13_Nup84_7-436_3IKO_updated_1.pdb_27": [{"rot": [[-0.020239473565443422, -0.9945815896671891, 0.10196972690402076], [0.9994546268389611, -0.017465350516579825, 0.028025174781358242], [-0.026092385862285454, 0.10248133013588309, 0.9943926610618129]], "trans": [468.1769938591517, 417.5684586815305, 6.34219792299092]}], "rb_4XMM.renamed.noAb_Nup145c_149-550_Sec13_Nup84_7-436_3IKO_updated_1.pdb_28": [{"rot": [[0.6897407276146139, -0.7153876174508729, 0.11170624632323052], [0.7194753579507907, 0.6944982904436474, 0.005228180604439733], [-0.08131997276957358, 0.07676380246453862, 0.9937275183167369]], "trans": [310.7012596128309, 104.35063022288966, 20.459179971193237]}], "rb_4XMM.renamed.noAb_Seh1_Nup85_47_544_3F3F_1.pdb_28": [{"rot": [[0.7502745018930347, -0.624554363536799, 0.21684099888238464], [0.31387055902986194, 0.6251579421798389, 0.7146067586468511], [-0.5818706419673092, -0.46809122435335265, 0.6650692909012853]], "trans": [384.6493904624672, -150.96166896616137, 627.4708813232805]}], "rb_4XMM.renamed.noAb_Seh1_Nup85_47_544_3F3F_1.pdb_29": [{"rot": [[0.7416736047584072, -0.011296659695906597, 0.6706658254931381], [-0.3403438131049985, 0.8552507959429523, 0.3907840387222894], [-0.578002035364779, -0.5180911710487536, 0.6304721925632495]], "trans": [-137.04371790607263, -203.0132118450694, 669.347546033254]}], "rb_4XMM.renamed.noAb_Seh1_Nup85_47_544_3F3F_1.pdb_30": [{"rot": [[0.2744381885349685, 0.5846921249984942, 0.7634257001427168], [-0.7966542607284317, 0.5828675707698054, -0.16002307273686797], [-0.5385403137527293, -0.5642698945625739, 0.625758592872252]], "trans": [-542.7618222189096, 130.26368026257347, 700.1054800081386]}], "rb_4XMM.renamed.noAb_Seh1_Nup85_47_544_3F3F_1.pdb_31": [{"rot": [[-0.3777186519342225, 0.8142733570305593, 0.4407805803471654], [-0.7877476896453196, -0.03242579942969792, -0.6151440034575751], [-0.486602710061773, -0.5795752475404167, 0.6536897849890342]], "trans": [-594.8276230050496, 653.6308215511114, 701.7502567397646]}], "rb_4XMM.renamed.noAb_Seh1_Nup85_47_544_3F3F_1.pdb_32": [{"rot": [[-0.832754244090863, 0.5429551135805333, -0.10825947342109324], [-0.3188416947788011, -0.6301817827561683, -0.7079624950185187], [-0.45261500485428463, -0.555041138402384, 0.6979032827417766]], "trans": [-262.73832669691683, 1060.4924779722055, 673.3423477285796]}], "rb_4XMM.renamed.noAb_Seh1_Nup85_47_544_3F3F_1.pdb_33": [{"rot": [[-0.8241023220477436, -0.07032055275132565, -0.5620590561998549], [0.33537198050378925, -0.8602264958175947, -0.3841041663225671], [-0.4564876750674541, -0.5050399942124746, 0.7324981957366042]], "trans": [258.96538780837005, 1112.503471240203, 631.5475115260399]}], "rb_4XMM.renamed.noAb_Seh1_Nup85_47_544_3F3F_1.pdb_34": [{"rot": [[-0.3568313037298248, -0.6662881094409194, -0.654775973823204], [0.7916457408090887, -0.5877965020721396, 0.16671020727775657], [-0.4959520558857568, -0.45886319025327027, 0.7372083361528737]], "trans": [664.6640418705038, 779.1951449388857, 600.8737573879698]}], "rb_4XMM.renamed.noAb_Seh1_Nup85_47_544_3F3F_1.pdb_35": [{"rot": [[0.2953248598108985, -0.8958213586369347, -0.3320953486388443], [0.7826879838902326, 0.027514866881197586, 0.6218057992447151], [-0.5478893565780615, -0.4435617493770089, 0.7092744373217545]], "trans": [716.6955569281276, 255.8243330581456, 599.314207889571]}], "rb_4XMM.renamed.noAb_Nup120_715-1036_Nup85_553-744_Nup145c_92-99_554-712_remaining_updated_1.pdb_35": [{"rot": [[0.9865687527965477, -0.12099152420115698, 0.10974127335212461], [0.11333485886879917, 0.9908320018048506, 0.07353335273589875], [-0.11763207798323663, -0.06010819637015888, 0.991236449571177]], "trans": [36.34514922423136, -80.03543563168034, 98.36906172284239]}], "rb_4XMM.renamed.noAb_Nup120_715-1036_Nup85_553-744_Nup145c_92-99_554-712_remaining_updated_1.pdb_36": [{"rot": [[0.7769944758951196, 0.6115620448707535, 0.14923622114611068], [-0.6219344883755649, 0.7824254277353663, 0.03174810548920284], [-0.0973502778501061, -0.11748325543085511, 0.988291762636862]], "trans": [-344.42879246213886, 62.135159781987085, 128.06861385599842]}], "rb_4XMM.renamed.noAb_Nup120_715-1036_Nup85_553-744_Nup145c_92-99_554-712_remaining_updated_1.pdb_37": [{"rot": [[0.1104621404792635, 0.9828413269593401, 0.1477194690673596], [-0.992974727091984, 0.1154791078975076, -0.025802461041449704], [-0.04241823755578726, -0.14383150440706288, 0.9886926678511688]], "trans": [-513.5595114684652, 432.73036203012674, 139.78749706326204]}], "rb_4XMM.renamed.noAb_Nup120_715-1036_Nup85_553-744_Nup145c_92-99_554-712_remaining_updated_1.pdb_38": [{"rot": [[-0.6225642132584833, 0.7753456835792317, 0.10607955186980819], [-0.7824252537730144, -0.6193003996045984, -0.06540441351941453], [0.014984079153539727, -0.12371776753820915, 0.9922043092867929]], "trans": [-371.9659345184396, 814.6503930386066, 126.68462922675158]}], "rb_4XMM.renamed.noAb_Nup120_715-1036_Nup85_553-744_Nup145c_92-99_554-712_remaining_updated_1.pdb_39": [{"rot": [[-0.9926674116269605, 0.1106289883110674, 0.048709720170614396], [-0.1136289186364822, -0.9914688988851618, -0.0638583697955699], [0.0412295857768855, -0.06892495548575824, 0.9967695178766011]], "trans": [-2.5936621195585303, 984.161230365401, 96.45985997671795]}], "rb_4XMM.renamed.noAb_Nup120_715-1036_Nup85_553-744_Nup145c_92-99_554-712_remaining_updated_1.pdb_40": [{"rot": [[-0.7830357825668177, -0.6219083462516586, 0.009218030293793013], [0.6216239551663063, -0.7830048354897893, -0.022070024082560556], [0.020943294472650816, -0.011551470128685884, 0.9997139300592428]], "trans": [378.17573374713635, 841.9611521968473, 66.8432902102636]}], "rb_4XMM.renamed.noAb_Nup120_715-1036_Nup85_553-744_Nup145c_92-99_554-712_remaining_updated_1.pdb_41": [{"rot": [[-0.11647449018745648, -0.9931356207456846, 0.010739271002013205], [0.9926118670961576, -0.11602939709878402, 0.035480421485258096], [-0.0339907992764363, 0.014792491844691473, 0.9993126676619148]], "trans": [547.2840854737178, 471.35308614036563, 55.20872899139795]}], "rb_4XMM.renamed.noAb_Nup120_715-1036_Nup85_553-744_Nup145c_92-99_554-712_remaining_updated_1.pdb_42": [{"rot": [[0.6165354619210711, -0.7855826634678396, 0.052382278038905536], [0.7820048674150062, 0.6187338001247219, 0.07507910443297541], [-0.09139152878143876, -0.005325733939494516, 0.9958007958547711]], "trans": [405.66724953025846, 89.44457966075436, 68.39587123063228]}], "rb_4XMM.renamed.noAb_Nup120_2-711_3F7F_updated_1.pdb_42": [{"rot": [[0.9728361118757392, 0.09984434701816236, 0.20885642388734546], [-0.11490808886099341, 0.9914860386858977, 0.061250030247012796], [-0.20096275909931124, -0.08358553379301177, 0.9760263459536986]], "trans": [-105.22121501088816, 57.00684686018212, 178.3932250590846]}], "rb_4XMM.renamed.noAb_Nup120_2-711_3F7F_updated_1.pdb_43": [{"rot": [[0.6047025496655234, 0.7681188388766365, 0.21054281225162352], [-0.7784465465529917, 0.625898472686228, -0.047666298878425044], [-0.16839180677139703, -0.13507239263392878, 0.9764218597309311]], "trans": [-346.59574778201113, 263.41792211763396, 196.66922086620386]}], "rb_4XMM.renamed.noAb_Nup120_2-711_3F7F_updated_1.pdb_44": [{"rot": [[-0.12342664702699624, 0.9831334144836132, 0.13496129863580889], [-0.9863111797861064, -0.10654977295223389, -0.12584674216190514], [-0.10934404159628869, -0.14864667910726467, 0.9828265591434583]], "trans": [-371.8373276876442, 580.5358992204365, 197.17944067275013]}], "rb_4XMM.renamed.noAb_Nup120_2-711_3F7F_updated_1.pdb_45": [{"rot": [[-0.7850031281576683, 0.6189295037430099, 0.026388599415387883], [-0.6167319555210508, -0.7767801884142135, -0.12749209358371458], [-0.058410476987053685, -0.11635638479950002, 0.9914884809691611]], "trans": [-166.15716797352732, 822.5887126134704, 179.6489954231357]}], "rb_4XMM.renamed.noAb_Nup120_2-711_3F7F_updated_1.pdb_46": [{"rot": [[-0.9924660628517608, -0.11113710715818664, -0.051571867331257924], [0.11378640560064379, -0.9921623460732247, -0.05163848308150239], [-0.045428713255042864, -0.05711761940927308, 0.9973333492694441]], "trans": [149.95630704882137, 847.7785280616066, 154.37147202504946]}], "rb_4XMM.renamed.noAb_Nup120_2-711_3F7F_updated_1.pdb_47": [{"rot": [[-0.6242807387380958, -0.7793831036148416, -0.053249760941362356], [0.7772959473249964, -0.6265223410841966, 0.05727797477662744], [-0.07800365063733675, -0.005633286968770853, 0.9969371577813586]], "trans": [391.321279850576, 641.3489132941089, 136.17880499935666]}], "rb_4XMM.renamed.noAb_Nup120_2-711_3F7F_updated_1.pdb_48": [{"rot": [[0.10386468990447184, -0.9943405586340971, 0.02233785232017372], [0.9851034246253435, 0.10594275610622816, 0.13545248325532672], [-0.13705243150877047, 0.007936364649273137, 0.9905320010649256]], "trans": [416.5446594576166, 324.22936409452507, 135.75252010749966]}], "rb_4XMM.renamed.noAb_Nup120_2-711_3F7F_updated_1.pdb_49": [{"rot": [[0.7654123641265821, -0.6300843641655569, 0.13091068281939539], [0.6154722872137115, 0.7761445638060281, 0.1370893130272038], [-0.18798344744704787, -0.024357957805079128, 0.9818701102373403]], "trans": [210.85214778574968, 82.19310056479492, 153.36634595093201]}]}
