{"rb_ScNup133N_56-480_renamed_1.pdb_0": [{"rot": [[0.7326651640079376, -0.5035400437547806, -0.4578746354458337], [0.5105370959692501, 0.8515110278737417, -0.11950248134950127], [0.45005958615332947, -0.1462066816012072, 0.8809483385344776]], "trans": [401.7758301874803, -233.31175077790078, -205.80881690464076]}], "rb_ScNup133N_56-480_renamed_1.pdb_1": [{"rot": [[0.8882377219831521, 0.24043539853350376, -0.3914390991945171], [-0.12943221249021236, 0.948558776887876, 0.2889351988921807], [0.440773242854042, -0.20597831420081758, 0.8736657727431698]], "trans": [-199.43113946193955, -321.3092355930995, -157.41951111639196]}], "rb_ScNup133N_56-480_renamed_1.pdb_2": [{"rot": [[0.5471743286149057, 0.8351068831133797, -0.05653979024971989], [-0.6921312162375024, 0.4894113955304643, 0.5305005800510667], [0.4706959035454017, -0.2511433449279087, 0.8457968944634394]], "trans": [-686.732729518013, 42.96390826226235, -120.3096795611105]}], "rb_ScNup133N_56-480_renamed_1.pdb_3": [{"rot": [[-0.09072527126783697, 0.9321074694500233, 0.3506345541284399], [-0.8479229048215047, -0.25695610622124526, 0.4636812557724071], [0.5222984516848942, -0.25524346195561715, 0.8136676855427358]], "trans": [-774.6588842342086, 646.111453661565, -116.19477991131834]}], "rb_ScNup133N_56-480_renamed_1.pdb_4": [{"rot": [[-0.6517704976694059, 0.4746128463591617, 0.5915554618449802], [-0.5055423104069017, -0.8533111220593256, 0.12762092837111302], [0.5653513869764758, -0.21587675891746136, 0.796099889588653]], "trans": [-411.699309079734, 1134.8011809246857, -147.4613735007623]}], "rb_ScNup133N_56-480_renamed_1.pdb_5": [{"rot": [[-0.8072931462260707, -0.2693701852783927, 0.5250880681747534], [0.13443918723185044, -0.9503004751001066, -0.28081152391052094], [0.5746336928799507, -0.15610480552370581, 0.8033849691770157]], "trans": [189.5210724291736, 1222.751874090914, -195.7690440445901]}], "rb_ScNup133N_56-480_renamed_1.pdb_6": [{"rot": [[-0.46618585654399225, -0.8640058753686147, 0.19016990952002874], [0.6971114030388544, -0.4911064347824209, -0.5223506116283367], [0.5447076637165498, -0.11094285485695532, 0.8312552219653386]], "trans": [676.8007969364811, 858.4408937938791, -232.79447209888582]}], "rb_ScNup133N_56-480_renamed_1.pdb_7": [{"rot": [[0.1717259114682833, -0.9609482522934218, -0.21699923443321878], [0.8528530193161243, 0.2552686554396627, -0.4554993314961009], [0.4931043893272047, -0.10684741440129664, 0.8633838608996579]], "trans": [764.6864445209558, 255.2868658715861, -236.82363494972134]}], "rb_ScNup133C_490_881_renamed_relative_3CQC_1.pdb_7": [{"rot": [[0.9605990747731765, 0.14037755266432383, -0.23988238837583045], [-0.16567640198910338, 0.9821852565622275, -0.08867610510017036], [0.22316081055790862, 0.12492503552037289, 0.9667434965549917]], "trans": [60.96228702737716, 121.3127564860815, -145.63500874045582]}], "rb_ScNup133C_490_881_renamed_relative_3CQC_1.pdb_8": [{"rot": [[0.5686205703790737, 0.7944196252097855, -0.21346687336287193], [-0.7812914359393919, 0.6027655814210158, 0.16204118606683787], [0.2573991823404644, 0.07463988836894354, 0.963418158431079]], "trans": [-189.8519990661381, 173.10473849004617, -125.85431124162693]}], "rb_ScNup133C_490_881_renamed_relative_3CQC_1.pdb_9": [{"rot": [[-0.14259482710268212, 0.9896165036758823, -0.018052449581104912], [-0.9383683275281672, -0.12936363347075042, 0.3205151045227592], [0.31485170664226375, 0.06264364283442894, 0.9470713683967467]], "trans": [-330.76092981366395, 387.63104638949517, -115.625530441421]}], "rb_ScNup133C_490_881_renamed_relative_3CQC_1.pdb_10": [{"rot": [[-0.7564071096901744, 0.6116191043811884, 0.23188435817473615], [-0.5448892188785536, -0.7853107710075445, 0.29390939435386465], [0.36186188464671987, 0.09596386869800971, 0.9272793065438455]], "trans": [-279.21615342811214, 639.2192609911698, -120.9168254572212]}], "rb_ScNup133C_490_881_renamed_relative_3CQC_1.pdb_11": [{"rot": [[-0.9132363874904653, -0.11813636640413451, 0.38992704381229015], [0.16864028010707346, -0.9808127491656731, 0.09781005571760608], [0.37089049123531237, 0.1550811078336155, 0.9156364417738767]], "trans": [-65.41141335822249, 780.4855755827621, -138.6044761603252]}], "rb_ScNup133C_490_881_renamed_relative_3CQC_1.pdb_12": [{"rot": [[-0.5212098582753284, -0.7721488643419061, 0.36349197368321073], [0.784224528156998, -0.6013417525622132, -0.1529051538122214], [0.3366484413650912, 0.20536364800253673, 0.9189633284334823]], "trans": [185.4053723554929, 728.6743080166611, -158.30280247179388]}], "rb_ScNup133C_490_881_renamed_relative_3CQC_1.pdb_13": [{"rot": [[0.19001780956694786, -0.9672886465639587, 0.16806518460360126], [0.9412455930256765, 0.13080275845147687, -0.3113637294085906], [0.27919521066293473, 0.21735526819000286, 0.9353110294083622]], "trans": [326.30410746452446, 514.1373461671412, -168.44824219078072]}], "rb_ScNup133C_490_881_renamed_relative_3CQC_1.pdb_14": [{"rot": [[0.8037994199042412, -0.5892400771736852, -0.08186955486597701], [0.5477183209160228, 0.7867202060859718, -0.2847384032212325], [0.2321877117647193, 0.1840311082083516, 0.9551028309648485]], "trans": [274.74623960910066, 262.5535840519929, -163.07344877801688]}], "rb_ScNup84_506-726_ScNup133C_882_1155_renamed_relative_3CQC_new_1.pdb_14": [{"rot": [[0.9649025441617255, 0.23032153097481717, 0.1261549548755227], [-0.25031824721464296, 0.9519076967493224, 0.17667063134768082], [-0.07939682223878816, -0.20204882884791878, 0.976151840329959]], "trans": [-88.14307885556536, 105.86303326368713, 115.7709402605974]}], "rb_ScNup84_506-726_ScNup133C_882_1155_renamed_relative_3CQC_new_1.pdb_15": [{"rot": [[0.5060185897165744, 0.8303753732953203, 0.2332850751460666], [-0.8616016617906672, 0.4991336399681737, 0.09223982790357614], [-0.039846747179777084, -0.2476738760482789, 0.9680237021180896]], "trans": [-301.28321490648955, 282.3210798423283, 131.94221544917013]}], "rb_ScNup84_506-726_ScNup133C_882_1155_renamed_relative_3CQC_new_1.pdb_16": [{"rot": [[-0.24947013872669638, 0.9356757729528568, 0.24955059164978094], [-0.9681571705352666, -0.24654707298349593, -0.043430794885840854], [0.020888825357787036, -0.2524388811422352, 0.9673873413802907]], "trans": [-327.666427850982, 558.2394615034476, 132.74388596443234]}], "rb_ScNup84_506-726_ScNup133C_882_1155_renamed_relative_3CQC_new_1.pdb_17": [{"rot": [[-0.8589876916549479, 0.4845362710924068, 0.1654229354750072], [-0.5075630539931819, -0.8483041663605462, -0.15086347323474839], [0.06723014060982634, -0.2135524369591764, 0.9746155472094515]], "trans": [-151.83514620359313, 771.9814166159601, 117.73032681617588]}], "rb_ScNup84_506-726_ScNup133C_882_1155_renamed_relative_3CQC_new_1.pdb_18": [{"rot": [[-0.9654700923653139, -0.2587592510292015, 0.03018527380887986], [0.25035815998819033, -0.953619850087684, -0.16712262936559164], [0.0720298026891511, -0.15379477080040116, 0.9854739347131471]], "trans": [123.2080993648292, 798.3340109085676, 95.7206975458198]}], "rb_ScNup84_506-726_ScNup133C_882_1155_renamed_relative_3CQC_new_1.pdb_19": [{"rot": [[-0.5065384491198126, -0.8587777960862684, -0.07693826429355413], [0.8616055375694454, -0.5007987116864121, -0.08268342036282139], [0.03247610187445768, -0.10817276608481297, 0.9936015073884492]], "trans": [336.3410108298045, 621.859639868261, 79.63255421689786]}], "rb_ScNup84_506-726_ScNup133C_882_1155_renamed_relative_3CQC_new_1.pdb_20": [{"rot": [[0.2489586105321719, -0.9640200401228787, -0.09319319977000178], [0.96810174637546, 0.24489024118975328, 0.05298847454689273], [-0.028259846189825105, -0.10341243644506973, 0.9942370185633904]], "trans": [362.7092368203625, 345.9395951342631, 78.91456293550016]}], "rb_ScNup84_506-726_ScNup133C_882_1155_renamed_relative_3CQC_new_1.pdb_21": [{"rot": [[0.8584402565379656, -0.5128335926667456, -0.009057162223769885], [0.507459805691127, 0.8466119057317185, 0.16041454635172195], [-0.07459806675077268, -0.14230245010478101, 0.9870081768309831]], "trans": [186.867812098512, 132.21184617955998, 94.01133801913312]}], "rb_4XMM.renamed.noAb_Nup145c_149-550_Sec13_Nup84_7-436_3IKO_updated_1.pdb_21": [{"rot": [[0.9968617719150417, -0.04349778986372131, 0.06614038079248927], [0.045321901853373106, 0.9986253030085286, -0.026333047744577117], [-0.06490402843273407, 0.02924801648140445, 0.9974627915993193]], "trans": [-1.4353935321656763, -16.550605696993102, 23.08961727507716]}], "rb_4XMM.renamed.noAb_Nup145c_149-550_Sec13_Nup84_7-436_3IKO_updated_1.pdb_22": [{"rot": [[0.7373855809410006, 0.6737612904486652, 0.04804402682178652], [-0.6742434971593285, 0.7384681247292695, -0.007780443251803673], [-0.04072114387712526, -0.026656185994728188, 0.9988149158825936]], "trans": [-327.94505962023413, 129.31560394386202, 48.44598972831625]}], "rb_4XMM.renamed.noAb_Nup145c_149-550_Sec13_Nup84_7-436_3IKO_updated_1.pdb_23": [{"rot": [[0.046623923234834386, 0.9977431041240924, 0.04832088528796855], [-0.9987857098862175, 0.0457926845632492, 0.018169638619834356], [0.01591588857955762, -0.04910934955089, 0.9986665891464537]], "trans": [-456.08604409869787, 464.03030848228434, 57.07231284804891]}], "rb_4XMM.renamed.noAb_Nup145c_149-550_Sec13_Nup84_7-436_3IKO_updated_1.pdb_24": [{"rot": [[-0.6707652823798114, 0.738654536567922, 0.06680876859784153], [-0.7381833320666826, -0.6736219779165714, 0.03631527401377703], [0.07182829674203213, -0.024958094386275245, 0.9971047032843362]], "trans": [-310.78963813292745, 791.5130313175115, 43.939169820767006]}], "rb_4XMM.renamed.noAb_Nup145c_149-550_Sec13_Nup84_7-436_3IKO_updated_1.pdb_25": [{"rot": [[-0.994525324066078, 0.04827332380336166, 0.09267721402932719], [-0.04510091112093492, -0.9983326096827725, 0.036026493862793656], [0.09426180354376557, 0.03164943369098689, 0.9950442330568605]], "trans": [22.829388322268073, 919.919892701455, 16.764145910355012]}], "rb_4XMM.renamed.noAb_Nup145c_149-550_Sec13_Nup84_7-436_3IKO_updated_1.pdb_26": [{"rot": [[-0.734993004387563, -0.6689654853570093, 0.11077212150358068], [0.6744440982988711, -0.7381191442268058, 0.017472469651130446], [0.07007454438785665, 0.08755174656709037, 0.9936922309759121]], "trans": [349.3342188804259, 774.0284594938346, -8.509241807443914]}], "rb_4XMM.renamed.noAb_Nup145c_149-550_Sec13_Nup84_7-436_3IKO_updated_1.pdb_27": [{"rot": [[-0.04420601561764781, -0.9928932834398367, 0.11049323908398886], [0.9989320840899807, -0.045418298622639575, -0.008477589626278925], [0.013435756728190897, 0.11000048113660227, 0.9938407189237399]], "trans": [477.4556334217307, 439.3041071320621, -17.051481551589745]}], "rb_4XMM.renamed.noAb_Nup145c_149-550_Sec13_Nup84_7-436_3IKO_updated_1.pdb_28": [{"rot": [[0.6731628841257095, -0.7337485989462472, 0.09200394002419075], [0.7382734088953621, 0.6739760046928828, -0.026621773348892215], [-0.042474759017293515, 0.08584485216154503, 0.9954027105668258]], "trans": [332.1402141352043, 111.8331976382118, -3.834403933194835]}], "rb_4XMM.renamed.noAb_Seh1_Nup85_47_544_3F3F_1.pdb_28": [{"rot": [[0.6604761488205105, -0.7292235003891816, 0.1788975777347901], [0.2516958607228306, 0.4395015367415255, 0.8622572660736645], [-0.7074040221360206, -0.5244725785796489, 0.47382281897750955]], "trans": [494.14843995448877, -65.9482521338607, 771.9048175688016]}], "rb_4XMM.renamed.noAb_Seh1_Nup85_47_544_3F3F_1.pdb_29": [{"rot": [[0.6316975891395359, -0.21750145608203258, 0.7440774640301184], [-0.32825151008342207, 0.7944926927070451, 0.5109132092274188], [-0.7022884749184266, -0.5669871937154337, 0.4304839371677486]], "trans": [3.3736546631704414, -211.7519444366148, 811.7732489592981]}], "rb_4XMM.renamed.noAb_Seh1_Nup85_47_544_3F3F_1.pdb_30": [{"rot": [[0.2025394976956512, 0.3947044202968301, 0.896206545653029], [-0.7177554620871698, 0.6824148531397018, -0.13833678056956072], [-0.6661867970150901, -0.6152384812513443, 0.42151721515296703]], "trans": [-446.5591464847732, 33.32702733737981, 846.4844925809357]}], "rb_4XMM.renamed.noAb_Seh1_Nup85_47_544_3F3F_1.pdb_31": [{"rot": [[-0.37559126441422697, 0.7487552942618122, 0.5461654615687701], [-0.6886390881988943, 0.16892479675558275, -0.7051529048693475], [-0.620247860375444, -0.64096015660569, 0.4521754851202039]], "trans": [-592.0710711851173, 525.718062704595, 855.7282173928104]}], "rb_4XMM.renamed.noAb_Seh1_Nup85_47_544_3F3F_1.pdb_32": [{"rot": [[-0.7640175451023862, 0.6372431717269038, -0.10098678558681387], [-0.25795917078321884, -0.4451677612057, -0.8574862859497736], [-0.5913833418219991, -0.6290840996802722, 0.5044987002410452]], "trans": [-347.91726889099783, 976.9716672284965, 834.1133239647926]}], "rb_4XMM.renamed.noAb_Seh1_Nup85_47_544_3F3F_1.pdb_33": [{"rot": [[-0.7351937523311453, 0.1254934263939825, -0.6661392845832969], [0.3219859219509179, -0.8001187415853599, -0.5060978812732527], [-0.5965024833130755, -0.5865674720744035, 0.5478351833403691]], "trans": [142.87543378434117, 1122.7372334983386, 794.3261265381989]}], "rb_4XMM.renamed.noAb_Seh1_Nup85_47_544_3F3F_1.pdb_34": [{"rot": [[-0.30600527032137503, -0.48670372524951727, -0.8182177328583035], [0.7114561774540515, -0.6879928552681686, 0.14316402712420342], [-0.6326064195833053, -0.538317113724051, 0.5567978115741797]], "trans": [592.7956647758424, 877.623354293943, 759.6985312661982]}], "rb_4XMM.renamed.noAb_Seh1_Nup85_47_544_3F3F_1.pdb_35": [{"rot": [[0.27212323660800475, -0.8407145597909953, -0.46813243110621416], [0.6822944285218435, -0.17447502743373394, 0.7099526587104568], [-0.6785449557000865, -0.5125987648809038, 0.526136150950053]], "trans": [738.275722232691, 385.2213129541209, 750.5398766094086]}], "rb_4XMM.renamed.noAb_Nup120_715-1036_Nup85_553-744_Nup145c_92-99_554-712_remaining_updated_1.pdb_35": [{"rot": [[0.9978441084941148, -0.018065271013565073, 0.06309343172463547], [0.016549477916225783, 0.9995636905582281, 0.024465144559439534], [-0.06350787293151258, -0.02336823700710784, 0.9977077104918524]], "trans": [-9.586077139309054, -15.43682781590985, 47.85695014322198]}], "rb_4XMM.renamed.noAb_Nup120_715-1036_Nup85_553-744_Nup145c_92-99_554-712_remaining_updated_1.pdb_36": [{"rot": [[0.7178253403282635, 0.6914128536978302, 0.08170095791381402], [-0.6952003715181007, 0.7181770860623631, 0.030300437225676623], [-0.03772564411254969, -0.07854895795868475, 0.9961961839817985]], "trans": [-332.4485940560153, 137.27404085355545, 72.88931972596157]}], "rb_4XMM.renamed.noAb_Nup120_715-1036_Nup85_553-744_Nup145c_92-99_554-712_remaining_updated_1.pdb_37": [{"rot": [[0.018041685429372956, 0.9949261978765991, 0.09897655462623958], [-0.999646422708325, 0.016015730547683515, 0.021225596374941195], [0.019532720069551653, -0.0993245042969631, 0.9948633653386008]], "trans": [-453.18495271893477, 474.2395613337078, 80.91449703607151]}], "rb_4XMM.renamed.noAb_Nup120_715-1036_Nup85_553-744_Nup145c_92-99_554-712_remaining_updated_1.pdb_38": [{"rot": [[-0.6915637242132527, 0.7146723649646659, 0.10479993372185964], [-0.7184398861778919, -0.6955843534501989, 0.002556791732850068], [0.07472446253398154, -0.07352426804177606, 0.9944900385161871]], "trans": [-301.0641785014081, 798.060697308615, 67.25522495147601]}], "rb_4XMM.renamed.noAb_Nup120_715-1036_Nup85_553-744_Nup145c_92-99_554-712_remaining_updated_1.pdb_39": [{"rot": [[-0.9952940341946874, 0.01482800186088539, 0.09575967761681474], [-0.016315516038494654, -0.9997578031641396, -0.01476952771111432], [0.09551748234150821, -0.016262391374743432, 0.9952949036310358]], "trans": [34.801147496284386, 919.0385782413381, 39.93730255625394]}], "rb_4XMM.renamed.noAb_Nup120_715-1036_Nup85_553-744_Nup145c_92-99_554-712_remaining_updated_1.pdb_40": [{"rot": [[-0.7152197463304362, -0.694628195723028, 0.07715169580505118], [0.695412331728589, -0.7183155229060718, -0.020603359725573492], [0.0697309353073032, 0.038916310960126085, 0.99680645935027]], "trans": [357.658294942862, 766.3027724885465, 14.98795887341879]}], "rb_4XMM.renamed.noAb_Nup120_715-1036_Nup85_553-744_Nup145c_92-99_554-712_remaining_updated_1.pdb_41": [{"rot": [[-0.015412327498836476, -0.9980867839100321, 0.05987680640444367], [0.9998034485387483, -0.016130368787323435, -0.011527163259425849], [0.012470944274317088, 0.059687377115363024, 0.9981392150206269]], "trans": [478.3749079176046, 429.3281854302662, 7.046876119307797]}], "rb_4XMM.renamed.noAb_Nup120_715-1036_Nup85_553-744_Nup145c_92-99_554-712_remaining_updated_1.pdb_42": [{"rot": [[0.6941711690639553, -0.7177774429740866, 0.05405488320180859], [0.7185412262498447, 0.69544769509867, 0.007142097823089133], [-0.04271878064445336, 0.03388282366519681, 0.9985124235785562]], "trans": [326.23540577492855, 105.51939830209494, 20.79005744173253]}], "rb_4XMM.renamed.noAb_Nup120_2-711_3F7F_updated_1.pdb_42": [{"rot": [[0.9883375189600608, 0.09772211276960571, 0.11678757336171203], [-0.13218625607183834, 0.9313188835622918, 0.33936990265195616], [-0.07560252853961424, -0.3508497196751514, 0.9333749149630527]], "trans": [-83.63170366788631, 20.08011452834296, 276.9160396985458]}], "rb_4XMM.renamed.noAb_Nup120_2-711_3F7F_updated_1.pdb_43": [{"rot": [[0.6059894679337672, 0.7189135266694765, 0.340499788436068], [-0.7943681259211591, 0.5694557725894138, 0.21142233464111715], [-0.041905193876853264, -0.39860188689499565, 0.9161661915230739]], "trans": [-355.3753008119427, 227.76635720129661, 297.60643369095624]}], "rb_4XMM.renamed.noAb_Nup120_2-711_3F7F_updated_1.pdb_44": [{"rot": [[-0.13123832932278867, 0.9032484632818893, 0.4085568681291132], [-0.9911907788735494, -0.12696134280431792, -0.03770487116237828], [0.017814061653939006, -0.4099061246337151, 0.9119537423549288]], "trans": [-401.20007646150185, 567.3280924981177, 299.64806216854134]}], "rb_4XMM.renamed.noAb_Nup120_2-711_3F7F_updated_1.pdb_45": [{"rot": [[-0.7914674342647745, 0.5427409176166864, 0.28109001555183805], [-0.6073527296300927, -0.7499614969399283, -0.26206948490524057], [0.06857085612132152, -0.3781402510342157, 0.9232052795768502]], "trans": [-194.25931757245138, 839.8453848566402, 281.8689152833569]}], "rb_4XMM.renamed.noAb_Nup120_2-711_3F7F_updated_1.pdb_46": [{"rot": [[-0.9879263279867955, -0.15141870691906206, 0.03277111022663182], [0.1322882804458999, -0.9345824152226033, -0.3302355523158472], [0.08063114365549957, -0.321913162749902, 0.9433294940375614]], "trans": [144.22007477256568, 885.6738787145987, 254.70827286790148]}], "rb_4XMM.renamed.noAb_Nup120_2-711_3F7F_updated_1.pdb_47": [{"rot": [[-0.6055266204760905, -0.7725819146216087, -0.19093113181043464], [0.7944401187136695, -0.5726705605674045, -0.20227042996351446], [0.04692983776889742, -0.2741634808996697, 0.9605373371545539]], "trans": [415.9540133176707, 677.9667129834172, 234.10122711539344]}], "rb_4XMM.renamed.noAb_Nup120_2-711_3F7F_updated_1.pdb_48": [{"rot": [[0.13171654777169306, -0.9568625400175738, -0.25896878297243525], [0.9912049019750379, 0.12376099961150167, 0.046862109169535884], [-0.012790361361700323, -0.262863642381899, 0.9647482117993058]], "trans": [461.7588387538717, 338.4017908146384, 232.14368088818367]}], "rb_4XMM.renamed.noAb_Nup120_2-711_3F7F_updated_1.pdb_49": [{"rot": [[0.7919157336683323, -0.5963063943931822, -0.13148442787778858], [0.6073150458120508, 0.7467328376763142, 0.2712167108903614], [-0.0635445190307818, -0.294633251928023, 0.9534953282315884]], "trans": [254.80335183186662, 65.90114827531477, 250.00639726876005]}]}
