{"rb_ScNup133N_56-480_renamed_1.pdb_0": [{"rot": [[0.7418492289045977, -0.40016872276285903, -0.5380750086149649], [0.3474851572702749, 0.9156870003177602, -0.20191924852750687], [0.5735100583690794, -0.03717944017064889, 0.8183543866675922]], "trans": [400.67886050730675, -125.55669372404725, -282.2853257471938]}], "rb_ScNup133N_56-480_renamed_1.pdb_1": [{"rot": [[0.7822392575958309, 0.3611184288717889, -0.5076369019339437], [-0.24408816808209946, 0.9273650972141568, 0.2835752857202136], [0.5731690065576178, -0.09791555953037694, 0.8135661209290891]], "trans": [-125.75449334621732, -248.74752883308327, -239.6847078712504]}], "rb_ScNup133N_56-480_renamed_1.pdb_2": [{"rot": [[0.39381363576319955, 0.9078591240275389, -0.143884089484967], [-0.690874650223938, 0.3955966270954911, 0.6051409144229304], [0.6063027609741848, -0.13890687366224516, 0.7830082007772714]], "trans": [-584.9713093381542, 37.60923409911962, -204.43430672514808]}], "rb_ScNup133N_56-480_renamed_1.pdb_3": [{"rot": [[-0.19588243052247284, 0.9197649544383505, 0.3400919022846989], [-0.7311404682271531, -0.36810094230729323, 0.5743999582112274], [0.6535011010956183, -0.13614009277027608, 0.7445818867037477]], "trans": [-707.9539883640582, 565.7618825116983, -197.16029942974313]}], "rb_ScNup133N_56-480_renamed_1.pdb_4": [{"rot": [[-0.6413966709165051, 0.3898613167773623, 0.6607711133349], [-0.3412973381574282, -0.9163428067023169, 0.20936090268140276], [0.6871145737821868, -0.09123603611259565, 0.7207978553038171]], "trans": [-422.6556296555167, 1026.3112648074016, -222.0998971210002]}], "rb_ScNup133N_56-480_renamed_1.pdb_5": [{"rot": [[-0.6817405616452835, -0.3714267663723281, 0.6302951402555527], [0.25027913760225806, -0.9279611517166872, -0.276131226386489], [0.6874519327841334, -0.030500133226471965, 0.7255891275264011]], "trans": [103.79387888841273, 1149.4611758862952, -264.6191269218667]}], "rb_ScNup133N_56-480_renamed_1.pdb_6": [{"rot": [[-0.29328008267103073, -0.9181260017396597, 0.2665172377877591], [0.6970351183235735, -0.3961497870223217, -0.5976682943454574], [0.6543155484413561, 0.010487667601172979, 0.756148908546572]], "trans": [562.9949055638897, 863.0687782197971, -299.7856195926685]}], "rb_ScNup133N_56-480_renamed_1.pdb_7": [{"rot": [[0.29641914013038295, -0.929972268787231, -0.21745636953442263], [0.7372546512406432, 0.36754869140257884, -0.5668893531124803], [0.6071171819248727, 0.007716134717513312, 0.7945748477498008]], "trans": [685.9429275492071, 334.90689328892825, -306.9743429781164]}], "rb_ScNup133C_490_881_renamed_relative_3CQC_1.pdb_7": [{"rot": [[0.9689314192617006, 0.22305712403454286, -0.10685234758743266], [-0.21762039316387227, 0.9741726548986221, 0.0602412062210877], [0.1175298653394473, -0.03511634754937545, 0.9924482721472606]], "trans": [-0.6363972707317771, 110.35938868256457, -56.792826640345595]}], "rb_ScNup133C_490_881_renamed_relative_3CQC_1.pdb_8": [{"rot": [[0.5358195238428479, 0.8442219857352454, -0.013662967103194382], [-0.8299776114476919, 0.5296120481666718, 0.17506639578253488], [0.1550309722746006, -0.08246403602748373, 0.9844618227222678]], "trans": [-239.48758311594418, 213.88937652478552, -38.2173921366271]}], "rb_ScNup133C_490_881_renamed_relative_3CQC_1.pdb_9": [{"rot": [[-0.2021958355916274, 0.9702452164209825, 0.13319558581876606], [-0.9555736422652126, -0.22523844258582898, 0.19012274506093554], [0.2144664502373247, -0.08883616377191719, 0.9726830304517964]], "trans": [-335.4644379484653, 456.49903676922577, -31.706614778207552]}], "rb_ScNup133C_490_881_renamed_relative_3CQC_1.pdb_10": [{"rot": [[-0.8127748554684412, 0.5273006306284966, 0.24769150017116806], [-0.5208325598594963, -0.848176756484145, 0.09659003235447773], [0.26101815819681645, -0.050499848502985625, 0.964012077928859]], "trans": [-232.34045359448763, 696.0643264436623, -41.05059484242287]}], "rb_ScNup133C_490_881_renamed_relative_3CQC_1.pdb_11": [{"rot": [[-0.9382317367795762, -0.225128587766314, 0.26275145493398216], [0.2195681798469265, -0.9742768458164173, -0.05073896042214633], [0.2674154492513235, 0.010086955752725665, 0.9635285314018235]], "trans": [9.474799202513225, 792.2446377814049, -60.751492156350764]}], "rb_ScNup133C_490_881_renamed_relative_3CQC_1.pdb_12": [{"rot": [[-0.505072069510943, -0.84625879337579, 0.16955311626178968], [0.8318913838836032, -0.5296675002405411, -0.16555683196159215], [0.2299107000993115, 0.05743164478828092, 0.9715156592442327]], "trans": [248.3244490982534, 688.6963050535937, -79.24423838965328]}], "rb_ScNup133C_490_881_renamed_relative_3CQC_1.pdb_13": [{"rot": [[0.23295310570018446, -0.9722231538180017, 0.02269338504533633], [0.9574294855686722, 0.22519285661336264, -0.18060165418406374], [0.1704747216109924, 0.06379903220653657, 0.9832944893475012]], "trans": [344.28891674300894, 446.0795183988515, -85.67151714995362]}], "rb_ScNup133C_490_881_renamed_relative_3CQC_1.pdb_14": [{"rot": [[0.8434982350601574, -0.5292299706484189, -0.09179523744656942], [0.5226404948477861, 0.8480963841692455, -0.08705995809964384], [0.12392594803212001, 0.025459012677715775, 0.9919648169556292]], "trans": [241.15277723075172, 206.52272913139797, -76.24413301365041]}], "rb_ScNup84_506-726_ScNup133C_882_1155_renamed_relative_3CQC_new_1.pdb_14": [{"rot": [[0.9478221234128825, 0.10906229581945556, 0.2995640799556668], [-0.19466572010822028, 0.9421358883326083, 0.27291981483665906], [-0.25246480900086576, -0.31699429576305915, 0.9142079285752447]], "trans": [-90.56861881677128, 51.56760176392754, 263.6759573684832]}], "rb_ScNup84_506-726_ScNup133C_882_1155_renamed_relative_3CQC_new_1.pdb_15": [{"rot": [[0.529722633254151, 0.7352482236991664, 0.4228521980142822], [-0.8201806727877565, 0.5710623667469169, 0.034517202534882024], [-0.2160962651313354, -0.36509974367648, 0.9055410434451093]], "trans": [-338.3565624260283, 254.1574243490646, 282.48173393014804]}], "rb_ScNup84_506-726_ScNup133C_882_1155_renamed_relative_3CQC_new_1.pdb_16": [{"rot": [[-0.20694825741607953, 0.9166237530297879, 0.3420136168839407], [-0.9657259714353102, -0.1354077303345222, -0.22144546656226755], [-0.15667088704598278, -0.3761191858270995, 0.9132297581687674]], "trans": [-370.82834908375935, 573.1238496518646, 283.5592524112081]}], "rb_ScNup84_506-726_ScNup133C_882_1155_renamed_relative_3CQC_new_1.pdb_17": [{"rot": [[-0.8306383537836295, 0.5469365413344786, 0.10440471721479036], [-0.5460391279144338, -0.7634142588130328, -0.34502165182404504], [-0.10900089912503838, -0.3435972776289505, 0.9327699152502226]], "trans": [-168.95963497440982, 821.6119650985297, 266.30129219363425]}], "rb_ScNup84_506-726_ScNup133C_882_1155_renamed_relative_3CQC_new_1.pdb_18": [{"rot": [[-0.9759812033660296, -0.15724543018596435, -0.15077985728149512], [0.19302138725584964, -0.9450621394138523, -0.2638186814998891], [-0.10101205243942112, -0.2865858114634142, 0.9527146151549436]], "trans": [148.99395416715788, 854.0540457731556, 240.84181461130666]}], "rb_ScNup84_506-726_ScNup133C_882_1155_renamed_relative_3CQC_new_1.pdb_19": [{"rot": [[-0.5578329155437307, -0.7834024336490669, -0.2740493847624915], [0.818503503535524, -0.573939482445904, -0.025406400567571943], [-0.1373843260203039, -0.23848290807193473, 0.9613799714584758]], "trans": [396.7726360154706, 651.4451801783879, 222.11934551177364]}], "rb_ScNup84_506-726_ScNup133C_882_1155_renamed_relative_3CQC_new_1.pdb_20": [{"rot": [[0.17884934678610603, -0.9647228676123952, -0.19319083792949354], [0.9639909779101171, 0.13254482680952434, 0.2305499151895939], [-0.19681032915494795, -0.22746792651217845, 0.9536896962566863]], "trans": [429.22607840363645, 332.4766153598265, 221.1257761815421]}], "rb_ScNup84_506-726_ScNup133C_882_1155_renamed_relative_3CQC_new_1.pdb_21": [{"rot": [[0.8025067271307635, -0.5949866652421124, 0.0444277063772181], [0.5442551965176033, 0.7605223185618428, 0.3541074470170087], [-0.24447747130043473, -0.25999359829309077, 0.9341488611956639]], "trans": [227.34451052639395, 84.00475084012737, 238.4671584447761]}], "rb_4XMM.renamed.noAb_Nup145c_149-550_Sec13_Nup84_7-436_3IKO_updated_1.pdb_21": [{"rot": [[0.998679796059251, -0.032310550452702674, 0.03993361081213278], [0.03266320715965024, 0.9994326924888676, -0.008210242535816908], [-0.039645678719090006, 0.009503763143856165, 0.9991686037126098]], "trans": [1.820181712336307, -15.968055191203405, 16.882912306025503]}], "rb_4XMM.renamed.noAb_Nup145c_149-550_Sec13_Nup84_7-436_3IKO_updated_1.pdb_22": [{"rot": [[0.7302495386960357, 0.681871271322535, 0.04227505859504615], [-0.6830208766070289, 0.7300174151252818, 0.02360202814940835], [-0.014767984059798104, -0.04611011774859828, 0.9988271941071778]], "trans": [-325.3490539045473, 127.07561251157537, 42.30558953413782]}], "rb_4XMM.renamed.noAb_Nup145c_149-550_Sec13_Nup84_7-436_3IKO_updated_1.pdb_23": [{"rot": [[0.035889989842536385, 0.9971503625079788, 0.06635558137268054], [-0.9984680887270861, 0.032981037581001516, 0.04442664688852575], [0.0421115711269459, -0.06784840241512219, 0.9968065057306423]], "trans": [-455.9461869933581, 460.2631579889848, 51.135113256643876]}], "rb_4XMM.renamed.noAb_Nup145c_149-550_Sec13_Nup84_7-436_3IKO_updated_1.pdb_24": [{"rot": [[-0.677633236313229, 0.7288317860520107, 0.09806846936652655], [-0.7288850045349012, -0.6833427019656112, 0.04206425839703611], [0.09767214141101924, -0.042976497188252076, 0.9942902863256846]], "trans": [-313.4636622318305, 788.4087359511468, 38.223028881801724]}], "rb_4XMM.renamed.noAb_Nup145c_149-550_Sec13_Nup84_7-436_3IKO_updated_1.pdb_25": [{"rot": [[-0.992328173211724, 0.03410034733446451, 0.11883586563806847], [-0.032197195871743405, -0.9993212567234224, 0.01789878316293181], [0.11936556131597076, 0.013935285156247828, 0.9927525726984214]], "trans": [18.63216171039744, 919.2801567703569, 11.157422397970265]}], "rb_4XMM.renamed.noAb_Nup145c_149-550_Sec13_Nup84_7-436_3IKO_updated_1.pdb_26": [{"rot": [[-0.7238420896192002, -0.6800604811306351, 0.11649193663114964], [0.6834657956494076, -0.7298499340176848, -0.013913302688448093], [0.0944835195842592, 0.06954722006483845, 0.9930941791734663]], "trans": [345.79678195611456, 776.2112136388678, -14.182287390384317]}], "rb_4XMM.renamed.noAb_Nup145c_149-550_Sec13_Nup84_7-436_3IKO_updated_1.pdb_27": [{"rot": [[-0.029457918957937146, -0.9952852163607514, 0.09240978900742206], [0.9988584987472807, -0.03278883423506995, -0.034736030714954694], [0.03760226709910961, 0.09128105193978515, 0.9951149878610863]], "trans": [476.37446428349864, 443.0138275103837, -22.927736298149114]}], "rb_4XMM.renamed.noAb_Nup145c_149-550_Sec13_Nup84_7-436_3IKO_updated_1.pdb_28": [{"rot": [[0.6840443007818919, -0.7269107637893162, 0.06069708440314686], [0.7292194209100289, 0.6835138218102603, -0.03237115323819532], [-0.017956356408017324, 0.06640479562171478, 0.9976311805386715]], "trans": [333.87287457911054, 114.87984205729413, -9.931712143139464]}], "rb_4XMM.renamed.noAb_Seh1_Nup85_47_544_3F3F_1.pdb_28": [{"rot": [[0.7327756736050419, -0.6364833812006889, 0.24068385410743878], [0.25771186577857985, 0.5869362924028374, 0.767522236093085], [-0.6297812369462873, -0.5003945384551519, 0.5941219567350251]], "trans": [390.86680849296215, -120.0775725600895, 687.0324362869811]}], "rb_4XMM.renamed.noAb_Seh1_Nup85_47_544_3F3F_1.pdb_29": [{"rot": [[0.688729507609902, -0.047338113573154955, 0.7234713320863185], [-0.37048068292264846, 0.8347707712620591, 0.4073104749791122], [-0.6232140313957838, -0.5485588960630181, 0.5573934056136052]], "trans": [-109.68548755756768, -182.1261893954174, 727.2726878359742]}], "rb_4XMM.renamed.noAb_Seh1_Nup85_47_544_3F3F_1.pdb_30": [{"rot": [[0.2147639155675402, 0.544100301636922, 0.811068013380323], [-0.7832551204481341, 0.5920319493024504, -0.18976192267395056], [-0.5834276963445189, -0.5945191609727528, 0.5533164468677725]], "trans": [-507.49616556938173, 129.0882359794049, 757.5076952902525]}], "rb_4XMM.renamed.noAb_Seh1_Nup85_47_544_3F3F_1.pdb_31": [{"rot": [[-0.41146537578878, 0.7913589015178243, 0.4521585269742181], [-0.7388023611758784, 0.0009196510453398088, -0.6739215276001322], [-0.5337296278528474, -0.6113511619604983, 0.5842794204159545]], "trans": [-569.5202078933359, 631.252021851588, 760.049369870681]}], "rb_4XMM.renamed.noAb_Seh1_Nup85_47_544_3F3F_1.pdb_32": [{"rot": [[-0.8231044177495184, 0.5495901119130613, -0.14300288937154132], [-0.2631634582714749, -0.5922842045068518, -0.7615408165832463], [-0.5032336551859566, -0.5891944755164195, 0.6321437797756989]], "trans": [-259.4211426577974, 1030.1906587430058, 733.4327676716198]}], "rb_4XMM.renamed.noAb_Seh1_Nup85_47_544_3F3F_1.pdb_33": [{"rot": [[-0.7790092554235826, -0.03957450128696324, -0.625762286185639], [0.365025612435146, -0.8400724345972873, -0.40129117470500986], [-0.5098047491253254, -0.5410288009687362, 0.6688699083466003]], "trans": [241.1425386646992, 1092.200384923065, 693.2742744565562]}], "rb_4XMM.renamed.noAb_Seh1_Nup85_47_544_3F3F_1.pdb_34": [{"rot": [[-0.30501145664329476, -0.6309940004486291, -0.7133124019068816], [0.7777628358581491, -0.5972872002249455, 0.1957880783023555], [-0.5495934701888469, -0.4950702696034927, 0.672943122173412]], "trans": [638.9354869467927, 780.9551452535272, 663.1233066868155]}], "rb_4XMM.renamed.noAb_Seh1_Nup85_47_544_3F3F_1.pdb_35": [{"rot": [[0.32121438469688923, -0.8782065039480942, -0.3543651442891338], [0.7332609269214887, -0.006155514956949215, 0.6799194972096678], [-0.5992910245565435, -0.4782420371097406, 0.6419772751640727]], "trans": [700.9268975435261, 278.7869064858671, 660.6667313117439]}], "rb_4XMM.renamed.noAb_Nup120_715-1036_Nup85_553-744_Nup145c_92-99_554-712_remaining_updated_1.pdb_35": [{"rot": [[0.9963489270812482, -0.06881594367422492, 0.05052901542946384], [0.06427125684241589, 0.9941644462770296, 0.08663867094192315], [-0.05619627254490551, -0.08307478350806899, 0.9949575665811814]], "trans": [22.09057621085833, -60.62509059762044, 75.96701169460871]}], "rb_4XMM.renamed.noAb_Nup120_715-1036_Nup85_553-744_Nup145c_92-99_554-712_remaining_updated_1.pdb_36": [{"rot": [[0.750553246481447, 0.6504468183442456, 0.11657083984431002], [-0.6599814174649525, 0.746687477300131, 0.08295986887717252], [-0.033081003568692785, -0.13920038702896473, 0.989711523351059]], "trans": [-341.2932324903427, 84.61598120740287, 104.26552323095268]}], "rb_4XMM.renamed.noAb_Nup120_715-1036_Nup85_553-744_Nup145c_92-99_554-712_remaining_updated_1.pdb_37": [{"rot": [[0.066164691183633, 0.9847841655383335, 0.16069343777996023], [-0.9975410253929039, 0.061553336058560615, 0.03351252718216054], [0.023111388938089394, -0.16251564270872315, 0.9864352637534418]], "trans": [-495.9583986253154, 445.04568013565154, 114.88087227697767]}], "rb_4XMM.renamed.noAb_Nup120_715-1036_Nup85_553-744_Nup145c_92-99_554-712_remaining_updated_1.pdb_38": [{"rot": [[-0.6558922732401042, 0.7383365657651464, 0.15704916923707968], [-0.7506603890267722, -0.6598767371169778, -0.03273640417065688], [0.07946260913223362, -0.1393621450250367, 0.9870480668558737]], "trans": [-351.29797375408623, 809.5193232913814, 101.6184425862877]}], "rb_4XMM.renamed.noAb_Nup120_715-1036_Nup85_553-744_Nup145c_92-99_554-712_remaining_updated_1.pdb_39": [{"rot": [[-0.992626496027141, 0.05547649788297463, 0.10777289811227432], [-0.06396566616681088, -0.9949788331962223, -0.0769773670848672], [0.10296131767180554, -0.08330353938532624, 0.9911909439604264]], "trans": [7.945838861051243, 964.5232282307775, 72.27155737313376]}], "rb_4XMM.renamed.noAb_Nup120_715-1036_Nup85_553-744_Nup145c_92-99_554-712_remaining_updated_1.pdb_40": [{"rot": [[-0.7467743215162905, -0.6637669820158485, 0.04173135882587794], [0.6602676921400226, -0.7474454193563971, -0.07329338168774899], [0.0798416397625335, -0.027179747399673694, 0.9964369392446859]], "trans": [371.3248617916557, 819.2540386804612, 44.05604068764961]}], "rb_4XMM.renamed.noAb_Nup120_715-1036_Nup85_553-744_Nup145c_92-99_554-712_remaining_updated_1.pdb_41": [{"rot": [[-0.062359420051669556, -0.9980509020735262, -0.0023873837224345357], [0.9977735729072335, -0.06228505964600689, -0.02384257856912818], [0.023647408711127582, -0.0038688777587412796, 0.9997128747025992]], "trans": [525.9684531000198, 458.81261096975976, 33.524944944163735]}], "rb_4XMM.renamed.noAb_Nup120_715-1036_Nup85_553-744_Nup145c_92-99_554-712_remaining_updated_1.pdb_42": [{"rot": [[0.6596783088386367, -0.751547028516998, 0.0012620519264082558], [0.7508362723484706, 0.6591256464555302, 0.04240606454778321], [-0.032702002593840804, -0.02702676658144914, 0.9990996611522307]], "trans": [381.2861298623302, 94.35073247091282, 46.87153941884662]}], "rb_4XMM.renamed.noAb_Nup120_2-711_3F7F_updated_1.pdb_42": [{"rot": [[0.9962345377796651, 0.08418661160959665, -0.020721007712766595], [-0.0723373622873959, 0.93886369494223, 0.33660402305487386], [0.04779175401928286, -0.3338376502809696, 0.9414182765926324]], "trans": [-41.27334305575209, -21.915956787370988, 186.38613619551674]}], "rb_4XMM.renamed.noAb_Nup120_2-711_3F7F_updated_1.pdb_43": [{"rot": [[0.6562202302497444, 0.714972966892417, 0.241223270071583], [-0.7505071113914747, 0.5853099207366179, 0.30684095625929575], [0.07819261577538895, -0.382395022588356, 0.9206845070586631]], "trans": [-356.742161532717, 163.00385348809846, 210.6724705204101]}], "rb_4XMM.renamed.noAb_Nup120_2-711_3F7F_updated_1.pdb_44": [{"rot": [[-0.06233185470888153, 0.9119522388889023, 0.40553403540771926], [-0.9886599593967147, -0.11204021139253467, 0.09999237829356136], [0.1366243923105879, -0.3947025525843917, 0.908594337649717]], "trans": [-449.5445947914246, 517.4905286835844, 216.3858923166215]}], "rb_4XMM.renamed.noAb_Nup120_2-711_3F7F_updated_1.pdb_45": [{"rot": [[-0.7384837741430513, 0.5597311926557766, 0.37595572517994225], [-0.6472826099864895, -0.7446691614071073, -0.1627668973050526], [0.1888569250425111, -0.3635503156612261, 0.9122303600769435]], "trans": [-265.31375557535097, 833.8808930026306, 200.20340343786967]}], "rb_4XMM.renamed.noAb_Nup120_2-711_3F7F_updated_1.pdb_46": [{"rot": [[-0.9761361999061646, -0.13535411660684288, 0.16981573057385801], [0.07364127213406407, -0.9419739703203681, -0.32750878198509226], [0.20429165981808622, -0.3071877314549901, 0.929462541134557]], "trans": [88.02724618715831, 926.829126718182, 171.6289389436069]}], "rb_4XMM.renamed.noAb_Nup120_2-711_3F7F_updated_1.pdb_47": [{"rot": [[-0.6360689900869865, -0.7661129140300534, -0.09212623299636521], [0.7517843117919879, -0.5883706990731234, -0.29772515684041634], [0.17388671137602127, -0.25863279650613413, 0.9501960261852542]], "trans": [403.48818289476463, 741.8849607447528, 147.42582793570847]}], "rb_4XMM.renamed.noAb_Nup120_2-711_3F7F_updated_1.pdb_48": [{"rot": [[0.0825016888547499, -0.9630378023842946, -0.2564208698896045], [0.9898807545388112, 0.10899487023186577, -0.09086368942989079], [0.11545372722345075, -0.24632967633228067, 0.9622848473441978]], "trans": [496.26950316420823, 387.3914120174978, 141.7965990076529]}], "rb_4XMM.renamed.noAb_Nup120_2-711_3F7F_updated_1.pdb_49": [{"rot": [[0.7586270013484026, -0.6107674054307262, -0.22682206525942017], [0.6484503470536023, 0.7415961542412105, 0.1718932558907083], [0.06322357338202707, -0.27748571220526763, 0.9586472027241001]], "trans": [312.0205147042975, 71.01591653505932, 158.06293873880972]}]}
