{"rb_ScNup133N_56-480_renamed_1.pdb_0": [{"rot": [[-0.7031465618247386, -0.37395315759695735, 0.6047676814424795], [0.31948651319934573, -0.9260002458554206, -0.20112660828299958], [0.6352269519453434, 0.05179363473404838, 0.7705868795426397]], "trans": [931.2485304759878, 247.94688989658752, -303.37223494141125]}], "rb_ScNup133N_56-480_renamed_1.pdb_1": [{"rot": [[-0.2606976490544178, -0.9169077815192391, 0.3021867898617751], [0.7580497044965969, -0.38824267084933645, -0.5240498774395368], [0.5978272169198382, 0.09245403572175095, 0.7962756243843205]], "trans": [513.2879312812445, -359.7841424082077, -267.0600504174097]}], "rb_ScNup133N_56-480_renamed_1.pdb_2": [{"rot": [[0.36141612911200915, -0.9219137918459954, -0.13947523802391565], [0.754181452810571, 0.377002447018684, -0.5376611304329696], [0.5482597175191934, 0.08912976689109411, 0.8315450479677643]], "trans": [-210.7481282214226, -492.8555653917532, -208.66119961219323]}], "rb_ScNup133N_56-480_renamed_1.pdb_3": [{"rot": [[0.798751749620378, -0.3860385971430667, -0.4614865588445621], [0.3101478345212903, 0.9214437277453931, -0.23398670334107782], [0.5155617937940483, 0.04376823179526737, 0.8557338246589159]], "trans": [-816.7072021276489, -73.3121463680443, -162.36254785006696]}], "rb_ScNup133N_56-480_renamed_1.pdb_4": [{"rot": [[0.7951118395446366, 0.37679455769232567, -0.47520840050380575], [-0.3139299959033662, 0.9261397924590262, 0.20907664263628611], [0.5188883505033172, -0.017057142708949133, 0.8546718280103482]], "trans": [-949.6080075809609, 653.071781031801, -155.26249324308804]}], "rb_ScNup133N_56-480_renamed_1.pdb_5": [{"rot": [[0.352628709529887, 0.9197072546101258, -0.17260231467969459], [-0.7524584459032259, 0.3883396202358249, 0.5319761522324041], [0.5562906438222607, -0.057713994599204926, 0.8289811906329445]], "trans": [-531.5934655061881, 1260.7703869187567, -191.49634298960802]}], "rb_ScNup133N_56-480_renamed_1.pdb_6": [{"rot": [[-0.2694847838490976, 0.9246535806868603, 0.26906078680619694], [-0.7485413662172262, -0.37690586505343115, 0.5455527398427854], [0.6058578829523061, -0.05438496677657664, 0.793711850140375]], "trans": [192.4595246834881, 1393.7853762090808, -249.81379210964758]}], "rb_ScNup133N_56-480_renamed_1.pdb_7": [{"rot": [[-0.7067857843706514, 0.38873590836358, 0.5910484316537027], [-0.30447343735624915, -0.9213050681649534, 0.24185304901538293], [0.6385528803130008, -0.009020250678851954, 0.7695250834908876]], "trans": [798.3924255270578, 974.194809460332, -296.0276517314682]}], "rb_ScNup133C_490_881_renamed_relative_3CQC_1.pdb_7": [{"rot": [[0.8029037546550538, 0.3181565641767627, -0.5041051095079818], [-0.2595178277559022, 0.947874326917414, 0.18489120435466005], [0.5366526416944901, -0.0176255791988887, 0.8436191564445586]], "trans": [185.18265882421656, 107.40965087159813, -247.25893142176187]}], "rb_ScNup133C_490_881_renamed_relative_3CQC_1.pdb_8": [{"rot": [[0.39686392317718494, 0.8934477013211533, -0.2103573898971948], [-0.7184518630217851, 0.4450013056207192, 0.5346033656051756], [0.5712494612697148, -0.06103313034575725, 0.8185041294943223]], "trans": [-113.5975081644388, 69.87437004713243, -223.22043689460492]}], "rb_ScNup133C_490_881_renamed_relative_3CQC_1.pdb_9": [{"rot": [[-0.21385457227061883, 0.9459173653009862, 0.24393966455045904], [-0.7548090835079053, -0.3185247905725744, 0.5734153862991931], [0.6201044019944593, -0.061500372460152275, 0.7821050024225366]], "trans": [-351.40209017871337, 255.28725144856747, -205.12682213951075]}], "rb_ScNup133C_490_881_renamed_relative_3CQC_1.pdb_10": [{"rot": [[-0.6714842259242478, 0.4448280871346133, 0.592652433751076], [-0.3472909168166849, -0.8954196087944785, 0.2785906374646653], [0.654597550737504, -0.018753588523347298, 0.7557448970955456]], "trans": [-388.919896690775, 555.0309316244944, -203.5535768987951]}], "rb_ScNup133C_490_881_renamed_relative_3CQC_1.pdb_11": [{"rot": [[-0.7079391340952896, -0.3162749686692818, 0.6315000606568892], [0.2653727489980086, -0.9477300303136648, -0.1771583860021827], [0.6545223346117761, 0.042165552704823625, 0.7548659348913853]], "trans": [-204.17055430552278, 793.5114531371439, -219.39832551604042]}], "rb_ScNup133C_490_881_renamed_relative_3CQC_1.pdb_12": [{"rot": [[-0.30186349756294345, -0.8915269004676907, 0.33772505767493405], [0.7242748999442401, -0.4448118726272512, -0.5268474800932406], [0.6199228162842745, 0.08556975933300684, 0.7799830242626203]], "trans": [94.6190805812991, 831.0236807042322, -243.35498593912263]}], "rb_ScNup133C_490_881_renamed_relative_3CQC_1.pdb_13": [{"rot": [[0.30885785012566763, -0.9439370155608672, -0.11657503622041823], [0.7605841854773786, 0.31871831634603814, -0.5656238428737399], [0.5710678814444576, 0.08603223511909913, 0.8163822201046205]], "trans": [332.4157402584022, 645.59253928973, -261.36540380210124]}], "rb_ScNup133C_490_881_renamed_relative_3CQC_1.pdb_14": [{"rot": [[0.7664557323235526, -0.44280272954460587, -0.46526482039394634], [0.353030114171186, 0.8955737861299857, -0.2707717342801492], [0.5365774397760718, 0.04328205522669898, 0.8427403602644807]], "trans": [369.91670189330205, 345.8463229085259, -262.85481747276515]}], "rb_ScNup84_506-726_ScNup133C_882_1155_renamed_relative_3CQC_new_1.pdb_14": [{"rot": [[0.9839317398195259, 0.17364799541625536, 0.04152956854623463], [-0.17767432062587374, 0.9293346625857323, 0.32368027543672934], [0.017611563413123473, -0.32585803443306244, 0.9452546610461997]], "trans": [-56.21431281507853, 36.29258251079392, 102.71772978937037]}], "rb_ScNup84_506-726_ScNup133C_882_1155_renamed_relative_3CQC_new_1.pdb_15": [{"rot": [[0.5726401623792605, 0.7718357810618454, 0.2763200526615913], [-0.8180586430616915, 0.5159824087697706, 0.2540515899422964], [0.053509820989398243, -0.3715261510483425, 0.9268791820646778]], "trans": [-327.9520674532788, 209.87372981297105, 123.57359549146707]}], "rb_ScNup84_506-726_ScNup133C_882_1155_renamed_relative_3CQC_new_1.pdb_16": [{"rot": [[-0.1696963616860337, 0.9036043661333011, 0.3933221254078605], [-0.9789431298917075, -0.20051050499418704, 0.03828688841891037], [0.11346141753190309, -0.3785428468374617, 0.9186031895436897]], "trans": [-397.8131689397163, 525.3251710716096, 127.64837593758273]}], "rb_ScNup84_506-726_ScNup133C_882_1155_renamed_relative_3CQC_new_1.pdb_17": [{"rot": [[-0.8082066296339177, 0.49176185555871454, 0.3239943228410519], [-0.5660793802596346, -0.8004124272731298, -0.19721582469873772], [0.1623458624685271, -0.3427976424717432, 0.9252748765935253]], "trans": [-224.87008564284133, 797.8511209272572, 112.57901218916516]}], "rb_ScNup84_506-726_ScNup133C_882_1155_renamed_relative_3CQC_new_1.pdb_18": [{"rot": [[-0.9688423235057432, -0.2224286009879224, 0.10894984922681841], [0.17867119992118952, -0.9322923533789491, -0.3144957394780746], [0.17152595868472262, -0.2852305826760066, 0.9429858748696031]], "trans": [89.56659908382608, 867.8021521337612, 87.2173549092526]}], "rb_ScNup84_506-726_ScNup133C_882_1155_renamed_relative_3CQC_new_1.pdb_19": [{"rot": [[-0.5575007888681116, -0.8205841639761523, -0.12583521066454417], [0.8190232197976571, -0.5188931630918983, -0.24484862819456643], [0.13562387637768553, -0.23956526277413742, 0.961360831856721]], "trans": [361.29735510941333, 694.2000810959915, 66.44462543297209]}], "rb_ScNup84_506-726_ScNup133C_882_1155_renamed_relative_3CQC_new_1.pdb_20": [{"rot": [[0.1848483033726141, -0.9522968706140325, -0.24282045827933119], [0.9798494371626536, 0.19761006898928507, -0.029074750662361523], [0.07567156158223871, -0.2325530710456612, 0.9696354386649317]], "trans": [431.14038748973553, 378.7435656122552, 62.45378648420092]}], "rb_ScNup84_506-726_ScNup133C_882_1155_renamed_relative_3CQC_new_1.pdb_21": [{"rot": [[0.8233263878596166, -0.5404075602039289, -0.17347428607280907], [0.5669355862340992, 0.797479646815872, 0.20642251324850142], [0.026789925633193504, -0.2683018482770227, 0.9629623139540295]], "trans": [258.1825764089068, 106.23159718497197, 77.606732691145]}], "rb_4XMM.renamed.noAb_Nup145c_149-550_Sec13_Nup84_7-436_3IKO_updated_1.pdb_21": [{"rot": [[0.9939450188247845, -0.058891994186588754, -0.09276331480777855], [0.05758725588027528, 0.9982010897556322, -0.016682097315668463], [0.09357888390860372, 0.011239102784320897, 0.9955484292866041]], "trans": [55.70927083526823, -25.319366144669345, -52.794322856976805]}], "rb_4XMM.renamed.noAb_Nup145c_149-550_Sec13_Nup84_7-436_3IKO_updated_1.pdb_22": [{"rot": [[0.7470977708705536, 0.6621926076913837, -0.05784350507305266], [-0.6543865648613755, 0.7479801450635059, 0.11092306486798356], [0.11671822689357403, -0.04501836191670385, 0.992144244856139]], "trans": [-295.1148419447102, 78.4708682851855, -25.295218958533894]}], "rb_4XMM.renamed.noAb_Nup145c_149-550_Sec13_Nup84_7-436_3IKO_updated_1.pdb_23": [{"rot": [[0.07062065581309596, 0.9958844524869276, 0.056805635876570504], [-0.9825213040454245, 0.05961417697689986, 0.1763463552224611], [0.17223417218835463, -0.06826644269463697, 0.9826876832098859]], "trans": [-470.1141264738508, 400.69302126051934, -12.873217014009697]}], "rb_4XMM.renamed.noAb_Nup145c_149-550_Sec13_Nup84_7-436_3IKO_updated_1.pdb_24": [{"rot": [[-0.6391964940196075, 0.746702152463802, 0.1840210247199143], [-0.7345910047580333, -0.6636423244389021, 0.1412618877897172], [0.22760469626443444, -0.04488608603182624, 0.9727185314977393]], "trans": [-366.7696210458077, 752.5849290312042, -22.78129601154717]}], "rb_4XMM.renamed.noAb_Nup145c_149-550_Sec13_Nup84_7-436_3IKO_updated_1.pdb_25": [{"rot": [[-0.9665327838337464, 0.06062021244598426, 0.24927809293556522], [-0.05583673213897589, -0.998095502737853, 0.026222638282844116], [0.2503929653936564, 0.011426165475624799, 0.9680768593577139]], "trans": [-45.62008075859137, 928.0034671444525, -49.191158669288484]}], "rb_4XMM.renamed.noAb_Nup145c_149-550_Sec13_Nup84_7-436_3IKO_updated_1.pdb_26": [{"rot": [[-0.7196299996145121, -0.6604448933487336, 0.21434832983813312], [0.6561176904762599, -0.7478179702826139, -0.10137977888361388], [0.22724929020552753, 0.06768180089190509, 0.9714818237770135]], "trans": [305.2024788182926, 824.1860993673158, -76.60753016207883]}], "rb_4XMM.renamed.noAb_Nup145c_149-550_Sec13_Nup84_7-436_3IKO_updated_1.pdb_27": [{"rot": [[-0.04312727368678959, -0.9940830589278145, 0.09969408315975346], [0.9841993237623103, -0.05942583449867145, -0.1667940685394637], [0.17173156195107392, 0.09092547578569832, 0.9809387485888141]], "trans": [480.18316902587986, 501.9506203637059, -88.94550859741696]}], "rb_4XMM.renamed.noAb_Nup145c_149-550_Sec13_Nup84_7-436_3IKO_updated_1.pdb_28": [{"rot": [[0.6666705584125258, -0.7448443425968981, -0.02751857277050082], [0.7362133209891778, 0.6638110851426263, -0.13169961746282433], [0.11636284864172286, 0.06754071766840437, 0.9909076338957229]], "trans": [376.81774765209724, 150.06723404937077, -78.95332734119927]}], "rb_4XMM.renamed.noAb_Seh1_Nup85_47_544_3F3F_1.pdb_28": [{"rot": [[0.6520659181123397, -0.72816878759327, 0.21114036850222564], [0.28207336265407223, 0.49150066934709274, 0.8239306464213969], [-0.7037362123106446, -0.47770001968421966, 0.5258878537068149]], "trans": [486.8895709996507, -97.00417445873404, 729.5363834770268]}], "rb_4XMM.renamed.noAb_Seh1_Nup85_47_544_3F3F_1.pdb_29": [{"rot": [[0.6472235564580581, -0.17917022842008917, 0.7409451377893459], [-0.30063309362628843, 0.8332120069203982, 0.4640878090839774], [-0.7005151040359281, -0.5231211912851286, 0.48540993834691676]], "trans": [-24.50414842375494, -231.0361788999021, 770.9909967709659]}], "rb_4XMM.renamed.noAb_Seh1_Nup85_47_544_3F3F_1.pdb_30": [{"rot": [[0.23305226371462898, 0.45004294150387286, 0.8620603187596707], [-0.7090664808636014, 0.6853054527292858, -0.16607577239083648], [-0.6655158661468494, -0.5725537418112352, 0.4788223518641944]], "trans": [-480.72430309449265, 36.98939463219225, 806.0917353468425]}], "rb_4XMM.renamed.noAb_Seh1_Nup85_47_544_3F3F_1.pdb_31": [{"rot": [[-0.34782057701361846, 0.7908687753314633, 0.5035349306767319], [-0.7039607619034888, 0.13442675170132334, -0.6974013866686002], [-0.6192415456880854, -0.597039386165384, 0.5099841953051962]], "trans": [-614.5087803629999, 550.0595027970409, 814.3000965276807]}], "rb_4XMM.renamed.noAb_Seh1_Nup85_47_544_3F3F_1.pdb_32": [{"rot": [[-0.7551114653210231, 0.6436466939622224, -0.12460179891251277], [-0.28830693890342185, -0.4967115857116241, -0.8186309972142383], [-0.5888002920522981, -0.582234088637329, 0.5606404214001905]], "trans": [-347.4828337449915, 1007.6105587383291, 790.8315114970392]}], "rb_4XMM.renamed.noAb_Seh1_Nup85_47_544_3F3F_1.pdb_33": [{"rot": [[-0.7502236560355822, 0.09462146849359938, -0.6543785170867966], [0.29439911790425566, -0.8383798224024945, -0.4587465888326076], [-0.5920250208410083, -0.5368110012736999, 0.6011158986499419]], "trans": [163.92788550411927, 1141.6028192109416, 749.4582131741031]}], "rb_4XMM.renamed.noAb_Seh1_Nup85_47_544_3F3F_1.pdb_34": [{"rot": [[-0.336020496754818, -0.5345801827392074, -0.775444552487898], [0.7027999842862054, -0.6904238877956388, 0.17142647767617436], [-0.6270266404611132, -0.48737960911764255, 0.6076995217773165]], "trans": [620.1336804963257, 873.5418455343287, 714.4412679811417]}], "rb_4XMM.renamed.noAb_Seh1_Nup85_47_544_3F3F_1.pdb_35": [{"rot": [[0.2448519615500519, -0.8753630607007377, -0.4168777145467527], [0.6976486742636654, -0.13951845456243128, 0.7027239345110257], [-0.6733007086163191, -0.46289751867680456, 0.5765345115252123]], "trans": [753.8846773627481, 360.4616525431587, 706.318101052305]}], "rb_4XMM.renamed.noAb_Nup120_715-1036_Nup85_553-744_Nup145c_92-99_554-712_remaining_updated_1.pdb_35": [{"rot": [[0.998755015858359, -0.009703222735336858, 0.048931235078589215], [0.008379174514840923, 0.9995951029735671, 0.02719226996248066], [-0.04917527561913159, -0.02674841265965196, 0.9984319279189594]], "trans": [-10.466019429386847, -11.443314768327127, 42.29067302712576]}], "rb_4XMM.renamed.noAb_Nup120_715-1036_Nup85_553-744_Nup145c_92-99_554-712_remaining_updated_1.pdb_36": [{"rot": [[0.7129944828896457, 0.697296383777401, 0.07359769384895679], [-0.7007940210311291, 0.7121113327937516, 0.04225150640778107], [-0.0229479292300337, -0.08170191477355289, 0.9963925881229683]], "trans": [-330.36707659834576, 140.39739205164324, 67.09122967879273]}], "rb_4XMM.renamed.noAb_Nup120_715-1036_Nup85_553-744_Nup145c_92-99_554-712_remaining_updated_1.pdb_37": [{"rot": [[0.010965563497029152, 0.9947586554850051, 0.10166107295742938], [-0.9993458937222354, 0.007398530162207928, 0.0353983961775628], [0.034460718473319975, -0.10198273917238179, 0.994189106655871]], "trans": [-449.6219698116184, 474.6471390790414, 75.01153853952604]}], "rb_4XMM.renamed.noAb_Nup120_715-1036_Nup85_553-744_Nup145c_92-99_554-712_remaining_updated_1.pdb_38": [{"rot": [[-0.6960733027315325, 0.70842599940313, 0.11668144922861837], [-0.712380546954623, -0.7017126086889882, 0.010647587873542017], [0.08941987220437228, -0.07571009296368071, 0.9931123140301819]], "trans": [-298.36758779161147, 795.4978283789637, 61.435775903539934]}], "rb_4XMM.renamed.noAb_Nup120_715-1036_Nup85_553-744_Nup145c_92-99_554-712_remaining_updated_1.pdb_39": [{"rot": [[-0.993928778711334, 0.0060361227549892635, 0.10985967445555576], [-0.008006327076149199, -0.9998147801537487, -0.01750154601338885], [0.1097336847834051, -0.018274862740818267, 0.9937930105488055]], "trans": [34.79103312683179, 914.9907189599763, 34.34081984243443]}], "rb_4XMM.renamed.noAb_Nup120_715-1036_Nup85_553-744_Nup145c_92-99_554-712_remaining_updated_1.pdb_40": [{"rot": [[-0.7081129268511965, -0.700941081021676, 0.085192040487326], [0.7011444162318764, -0.7122755289473992, -0.03255884594947791], [0.08350203837686372, 0.03667658379490658, 0.9958324345933114]], "trans": [354.6867886123968, 763.1253074651438, 9.623282556872311]}], "rb_4XMM.renamed.noAb_Nup120_715-1036_Nup85_553-744_Nup145c_92-99_554-712_remaining_updated_1.pdb_41": [{"rot": [[-0.0060607031742997974, -0.9983483975759214, 0.05712919511615695], [0.9996411785141311, -0.0075394027300613176, -0.025703533324235084], [0.02609180131591439, 0.056952914447470054, 0.9980358628025483]], "trans": [473.9221479107503, 428.8666100456212, 1.787050807198284]}], "rb_4XMM.renamed.noAb_Nup120_715-1036_Nup85_553-744_Nup145c_92-99_554-712_remaining_updated_1.pdb_42": [{"rot": [[0.7009558007530761, -0.7119604274271075, 0.04211074884659921], [0.7126203476213228, 0.7015492389807685, -0.0009515469334356354], [-0.02886530004479621, 0.0306759688243383, 0.999112495863208]], "trans": [322.6492696656154, 108.02820149257775, 15.446704544425472]}], "rb_4XMM.renamed.noAb_Nup120_2-711_3F7F_updated_1.pdb_42": [{"rot": [[0.994454849690175, 0.0771499366733237, 0.07146635011664235], [-0.09771290669422866, 0.9291002421366682, 0.35668603550875194], [-0.03888109814623717, -0.36169134262916475, 0.9314867862047512]], "trans": [-60.919368397249514, -4.99889667240609, 261.1755271040553]}], "rb_4XMM.renamed.noAb_Nup120_2-711_3F7F_updated_1.pdb_43": [{"rot": [[0.6353556015824742, 0.702550599148223, 0.3205400367727036], [-0.7721881769854895, 0.5817610304453993, 0.25549857686283584], [-0.006977023835390589, -0.40984967865252864, 0.9121263958722059]], "trans": [-357.26518958825636, 193.11951835181583, 283.87342269038993]}], "rb_4XMM.renamed.noAb_Nup120_2-711_3F7F_updated_1.pdb_44": [{"rot": [[-0.09409231336490098, 0.9001008179761926, 0.42539999299980147], [-0.9941916987021694, -0.10737615950777646, 0.007295656314280696], [0.05224464371911089, -0.4222426764882375, 0.904976032475288]], "trans": [-427.2370487285038, 543.3702339928913, 287.787716305063]}], "rb_4XMM.renamed.noAb_Nup120_2-711_3F7F_updated_1.pdb_45": [{"rot": [[-0.7665680213601775, 0.5540728895097223, 0.32461777791471913], [-0.633670678572981, -0.7346050450139107, -0.24252195561839024], [0.1040910166383278, -0.3916103432628634, 0.9142244797120355]], "trans": [-229.84253079115712, 840.5715592883672, 270.64936445824594]}], "rb_4XMM.renamed.noAb_Nup120_2-711_3F7F_updated_1.pdb_46": [{"rot": [[-0.9881257707522393, -0.1328251467617378, 0.07723303414353072], [0.09817658646401294, -0.9324861010162239, -0.34760757943668996], [0.11818975863232464, -0.3358975316957291, 0.9344538667880558]], "trans": [119.28378569264635, 910.6188841366466, 242.52226021375145]}], "rb_4XMM.renamed.noAb_Nup120_2-711_3F7F_updated_1.pdb_47": [{"rot": [[-0.6289739079829508, -0.7581987359280551, -0.1718327672877145], [0.7726236495037044, -0.5850978147856721, -0.24640057500056287], [0.08628162784875601, -0.28774159235350494, 0.9538135335198583]], "trans": [415.6206951848962, 712.4776147695064, 219.90766273136086]}], "rb_4XMM.renamed.noAb_Nup120_2-711_3F7F_updated_1.pdb_48": [{"rot": [[0.10049134169617391, -0.9556952116879938, -0.27667336807279297], [0.9945699113138535, 0.10405485742905185, 0.0018105674725452103], [0.027058857205280534, -0.27535295350161043, 0.9609623141646522]], "trans": [485.5717710938727, 362.2218173692953, 216.07752698326965]}], "rb_4XMM.renamed.noAb_Nup120_2-711_3F7F_updated_1.pdb_49": [{"rot": [[0.7729389495630833, -0.6096183538410738, -0.17587166601933468], [0.6339961222837835, 0.7312565631918847, 0.2516202609447789], [-0.02478501921408789, -0.3059890544592932, 0.9517123522229102]], "trans": [288.1606001811906, 65.03639345497925, 233.2996053968102]}]}
