{"rb_ScNup133N_56-480_renamed_1.pdb_0": [{"rot": [[-0.6362099133018728, 0.1809515962858001, 0.7499956439993798], [0.061663907046270054, -0.9570702096955561, 0.28322107315857187], [0.7690477935630611, 0.22643571607616358, 0.5977393727209732]], "trans": [739.1748344103489, 267.48778269199954, -367.6452913118141]}], "rb_ScNup133N_56-480_renamed_1.pdb_1": [{"rot": [[-0.3923602072697956, -0.5419639850909027, 0.7431880694787768], [0.5362768134397972, -0.7912298413711436, -0.2938750031742273], [0.7473022461615247, 0.28324967252970135, 0.6010898234821124]], "trans": [389.6243291985601, -214.30224615049372, -337.398577327954]}], "rb_ScNup133N_56-480_renamed_1.pdb_2": [{"rot": [[0.11468239179840972, -0.9364303193995018, 0.331581371492342], [0.6987665288347165, -0.16120690363200008, -0.6969488305475976], [0.7060972221951286, 0.31162572283226175, 0.6358585704994414]], "trans": [-197.2457452608328, -306.88313628919104, -290.1297104297366]}], "rb_ScNup133N_56-480_renamed_1.pdb_3": [{"rot": [[0.5878851800679412, -0.7713634660267062, -0.24369944262502874], [0.4539442868476974, 0.5639222832708612, -0.6898740775452524], [0.6695712056942255, 0.29494077661429563, 0.6816775915308764]], "trans": [-677.636711142204, 43.9804199048871, -253.5054544359743]}], "rb_ScNup133N_56-480_renamed_1.pdb_4": [{"rot": [[0.7500392920111928, -0.14346191512093276, -0.645646760503901], [-0.05476959117165201, 0.9593668173282092, -0.2767952342299834], [0.6591216521418771, 0.2429691106280294, 0.7117054580080061]], "trans": [-770.1268537803635, 632.7477208322863, -248.95681000863635]}], "rb_ScNup133N_56-480_renamed_1.pdb_5": [{"rot": [[0.5061525624788296, 0.5794407513853492, -0.6387941758736494], [-0.529363342613917, 0.7934697147213193, 0.3003002885724342], [0.6808700573477539, 0.18615645960870805, 0.7083514223556103]], "trans": [-420.5322301676026, 1114.5106967859724, -279.1244322879567]}], "rb_ScNup133N_56-480_renamed_1.pdb_6": [{"rot": [[-0.0009027235662035227, 0.9738579585251619, -0.22715602943211888], [-0.6918132561123236, 0.16341583730645476, 0.7033417965574726], [0.72207589888974, 0.15778447558182945, 0.6735803259507656]], "trans": [166.35161323879424, 1207.0459203894954, -326.311697878049]}], "rb_ScNup133N_56-480_renamed_1.pdb_7": [{"rot": [[-0.47408643007919316, 0.8087345450733825, 0.3481242485373776], [-0.4469538817957248, -0.5617003697670857, 0.6962218914622342], [0.7586002137901742, 0.17447386683531363, 0.6277615673398887]], "trans": [646.7217592484315, 856.1450697044379, -362.85163635460583]}], "rb_ScNup133C_490_881_renamed_relative_3CQC_1.pdb_7": [{"rot": [[0.7650775028866853, 0.36872132618770626, -0.5279213939508927], [-0.26878299930505345, 0.9278578801328615, 0.2585255375392003], [0.5851599045229039, -0.055895777029503727, 0.8089892139262514]], "trans": [202.47681781718734, 88.22455728601997, -254.86888947126988]}], "rb_ScNup133C_490_881_renamed_relative_3CQC_1.pdb_8": [{"rot": [[0.36447439468833637, 0.9144272340042315, -0.17601491223172325], [-0.6955507107868887, 0.39300712977197855, 0.6014603932697857], [0.6191668792340437, -0.09678961545414694, 0.7792715483063741]], "trans": [-115.01268583316266, 43.681967429889994, -229.30505109593514]}], "rb_ScNup133C_490_881_renamed_relative_3CQC_1.pdb_9": [{"rot": [[-0.21972451467121507, 0.9234284115362995, 0.3146444126630017], [-0.7130287097334677, -0.3721350242186471, 0.5942268782591484], [0.6658161884096278, -0.09378428715586229, 0.7401981563975565]], "trans": [-370.9910285270787, 237.41350531012125, -209.80334927394762]}], "rb_ScNup133C_490_881_renamed_relative_3CQC_1.pdb_10": [{"rot": [[-0.6452872668845216, 0.3904518420690218, 0.656621429913471], [-0.31097813792209955, -0.9193375195269355, 0.24106248759308185], [0.6977800089793397, -0.048640355826913964, 0.7146587821148099]], "trans": [-415.5005744805692, 555.9286212169694, -207.76415100543676]}], "rb_ScNup133C_490_881_renamed_relative_3CQC_1.pdb_11": [{"rot": [[-0.6629132012702221, -0.37227728503404106, 0.6495811809384169], [0.27507411076705385, -0.9280414188461076, -0.251144099058324], [0.696333484163572, 0.012196227030768364, 0.7176147510181444]], "trans": [-222.4650907502177, 812.636785984248, -224.3580424876049]}], "rb_ScNup133C_490_881_renamed_relative_3CQC_1.pdb_12": [{"rot": [[-0.2622767969394988, -0.9179414926352223, 0.29764794285493656], [0.7018103657151797, -0.39314785523001217, -0.5940513231218039], [0.6623240085954013, 0.053086533383336076, 0.7473344148448252]], "trans": [95.03442783367899, 857.1548539013414, -249.84008321514182]}], "rb_ScNup133C_490_881_renamed_relative_3CQC_1.pdb_13": [{"rot": [[0.3219234914774097, -0.9268829940564234, -0.19301083120901008], [0.7192425117924715, 0.3719949797557947, -0.586779297749112], [0.6156748125962677, 0.05007644521613547, 0.7864075754779227]], "trans": [351.0041998807262, 663.4036298728386, -269.2585295318955]}], "rb_ScNup133C_490_881_renamed_relative_3CQC_1.pdb_14": [{"rot": [[0.7474548978018118, -0.39386373168993444, -0.5349603131180491], [0.31715855203359195, 0.9191556248626549, -0.23358807793912895], [0.5837136529361269, 0.00492931461975589, 0.8119446244870034]], "trans": [395.49543709124146, 344.88542962207435, -271.21377688423195]}], "rb_ScNup84_506-726_ScNup133C_882_1155_renamed_relative_3CQC_new_1.pdb_14": [{"rot": [[0.9899848171734758, 0.13466914019350007, 0.0423589948599065], [-0.1403235640500613, 0.9715644886193293, 0.19071376936694395], [-0.015471235835786051, -0.1947477012275189, 0.9807313463575582]], "trans": [-45.632463918637995, 36.34005642853339, 73.19319759691504]}], "rb_ScNup84_506-726_ScNup133C_882_1155_renamed_relative_3CQC_new_1.pdb_15": [{"rot": [[0.6026093254724917, 0.7765655449684393, 0.18386939718576875], [-0.7978194603958092, 0.5808658450361729, 0.1614898717695662], [0.01860401750501331, -0.2440098859437504, 0.9695942791159554]], "trans": [-321.00035244225273, 200.74900572285347, 94.38303452207163]}], "rb_ScNup84_506-726_ScNup133C_882_1155_renamed_relative_3CQC_new_1.pdb_16": [{"rot": [[-0.13487160185854907, 0.9552205162037659, 0.2633693536376585], [-0.9877637357438238, -0.15061997668837812, 0.04045274986692403], [0.07830998251508241, -0.2546907694554348, 0.9638465430724353]], "trans": [-399.8947107051445, 512.2924110092351, 99.19683590793505]}], "rb_ScNup84_506-726_ScNup133C_882_1155_renamed_relative_3CQC_new_1.pdb_17": [{"rot": [[-0.7904312391080469, 0.5659754527147313, 0.23428666877667287], [-0.5988843553809556, -0.7943782682379951, -0.10149234370699581], [0.12867006303741624, -0.2205333396009699, 0.9668552430443703]], "trans": [-236.09619788719675, 788.4638695040809, 84.8386139292536]}], "rb_ScNup84_506-726_ScNup133C_882_1155_renamed_relative_3CQC_new_1.pdb_18": [{"rot": [[-0.9800335073843608, -0.16314439895139252, 0.11365838946023371], [0.14100765647696348, -0.9732863454310015, -0.18119197171077175], [0.1401826138248961, -0.1615475004088622, 0.9768578401655309]], "trans": [74.44162098306992, 867.4783635987249, 59.743622373255334]}], "rb_ScNup84_506-726_ScNup133C_882_1155_renamed_relative_3CQC_new_1.pdb_19": [{"rot": [[-0.5926067245392439, -0.805010349098682, -0.027849737429350506], [0.7984731268061978, -0.5825373340438463, -0.1519569682950371], [0.10610342029925035, -0.11228798817818095, 0.987994672005722]], "trans": [349.80322636747115, 703.048205343337, 38.63686603401135]}], "rb_ScNup84_506-726_ScNup133C_882_1155_renamed_relative_3CQC_new_1.pdb_20": [{"rot": [[0.144889037318996, -0.9836082738209578, -0.10734025589557222], [0.9883595128247499, 0.14896248549181418, -0.030913610674277316], [0.046396554544430924, -0.10161171973278166, 0.9937416254436306]], "trans": [428.67982057245285, 391.4990167043352, 33.90698528150182]}], "rb_ScNup84_506-726_ScNup133C_882_1155_renamed_relative_3CQC_new_1.pdb_21": [{"rot": [[0.8004183622035606, -0.5943129905851725, -0.07824649940460845], [0.5994286922049097, 0.7926902047445354, 0.11102919554592407], [-0.003960859613581814, -0.13577300366336428, 0.9907320541232865]], "trans": [264.8662958920217, 115.34082202518516, 48.348815853052]}], "rb_4XMM.renamed.noAb_Nup145c_149-550_Sec13_Nup84_7-436_3IKO_updated_1.pdb_21": [{"rot": [[0.9991067166454073, -0.018885855912622703, 0.03780334906436426], [0.019786871475935563, 0.9995255589889476, -0.02360374218269602], [-0.0373396367313519, 0.02433066736199461, 0.9990063914482685]], "trans": [-4.231770658706068, -6.285295694906836, 10.650587339438857]}], "rb_4XMM.renamed.noAb_Nup145c_149-550_Sec13_Nup84_7-436_3IKO_updated_1.pdb_22": [{"rot": [[0.7215201055080547, 0.6917471846112131, 0.02990936191406418], [-0.6922937836807668, 0.7214758579275964, 0.014209275301959428], [-0.011749656361520353, -0.030958343142027667, 0.9994516129184479]], "trans": [-322.93649900246567, 137.8285111728506, 35.39338419297388]}], "rb_4XMM.renamed.noAb_Nup145c_149-550_Sec13_Nup84_7-436_3IKO_updated_1.pdb_23": [{"rot": [[0.023223693754804486, 0.9984296387258286, 0.0509795700471698], [-0.9986989173635145, 0.020853845939765803, 0.0465358954621549], [0.04539969719422307, -0.05199397679858462, 0.997614902590845]], "trans": [-446.791790743521, 465.7681121967786, 43.71107514220188]}], "rb_4XMM.renamed.noAb_Nup145c_149-550_Sec13_Nup84_7-436_3IKO_updated_1.pdb_24": [{"rot": [[-0.6867106346298835, 0.7215026005882793, 0.08867074844937314], [-0.719932081948569, -0.691906223581704, 0.054438728402703626], [0.10062952681703874, -0.0264532628092306, 0.994572231272985]], "trans": [-303.23955628108484, 785.421981943865, 30.75504445080952]}], "rb_4XMM.renamed.noAb_Nup145c_149-550_Sec13_Nup84_7-436_3IKO_updated_1.pdb_25": [{"rot": [[-0.9923933400042287, 0.02319383381077974, 0.12090287336704805], [-0.019298820234385283, -0.9992594519941557, 0.03328818315708773], [0.12158541957328356, 0.03070168844700351, 0.9921060387245362]], "trans": [23.627194689505245, 909.5324931918832, 4.13912247903346]}], "rb_4XMM.renamed.noAb_Nup145c_149-550_Sec13_Nup84_7-436_3IKO_updated_1.pdb_26": [{"rot": [[-0.7147511834337945, -0.6874175398747996, 0.1287939115504592], [0.6927600241378779, -0.7211539844130548, -0.004525452647123056], [0.09599111800826149, 0.08598870063940306, 0.9916610553136944]], "trans": [342.3272239677529, 765.3940752887145, -20.520703496373415]}], "rb_4XMM.renamed.noAb_Nup145c_149-550_Sec13_Nup84_7-436_3IKO_updated_1.pdb_27": [{"rot": [[-0.016430854991948796, -0.9940453581430773, 0.1077211815681259], [0.9991103401052432, -0.020507925034503105, -0.036850417983557184], [0.03884012485841445, 0.1070198624787885, 0.9934979585967967]], "trans": [466.1634740713121, 437.4451625889072, -28.754354814284852]}], "rb_4XMM.renamed.noAb_Nup145c_149-550_Sec13_Nup84_7-436_3IKO_updated_1.pdb_28": [{"rot": [[0.6934817506034443, -0.7170627216002593, 0.07002938576919186], [0.7202877930345734, 0.6922303854481067, -0.04475029237612037], [-0.016387702260073633, 0.08147482282026593, 0.9965406647302659]], "trans": [322.59283693765474, 117.802969026857, -15.714437536998446]}], "rb_4XMM.renamed.noAb_Seh1_Nup85_47_544_3F3F_1.pdb_28": [{"rot": [[0.645504678363335, -0.7364665262632257, 0.2023382462729741], [0.25527063682465534, 0.45772811983971173, 0.8516583060612604], [-0.7198337392663532, -0.4980984079494511, 0.48346392193424303]], "trans": [496.3113422860798, -73.72177379239633, 760.2311905195388]}], "rb_4XMM.renamed.noAb_Seh1_Nup85_47_544_3F3F_1.pdb_29": [{"rot": [[0.6233581414895724, -0.20926539775040356, 0.7534139770027031], [-0.3158883756357869, 0.8140044595239952, 0.4874538686001276], [-0.7152895648454884, -0.5418530549691604, 0.4413118004809502]], "trans": [-0.8040013730615101, -219.44532676975447, 800.604613757266]}], "rb_4XMM.renamed.noAb_Seh1_Nup85_47_544_3F3F_1.pdb_30": [{"rot": [[0.2050861758359928, 0.4147957788556612, 0.8865010560199524], [-0.7038850017025103, 0.6918548486287741, -0.16088123820728858], [-0.6800629124273889, -0.59100027941819, 0.43385839264487674]], "trans": [-455.16541019195625, 30.187995250639446, 835.6466857678465]}], "rb_4XMM.renamed.noAb_Seh1_Nup85_47_544_3F3F_1.pdb_31": [{"rot": [[-0.3642816034828205, 0.7701331670365461, 0.5236351959086036], [-0.6814253470732015, 0.1628362515259829, -0.7135431672681974], [-0.6347900516943765, -0.6167489442384343, 0.46547000982944603]], "trans": [-600.5996510493684, 528.9395891945777, 844.8532715754541]}], "rb_4XMM.renamed.noAb_Seh1_Nup85_47_544_3F3F_1.pdb_32": [{"rot": [[-0.7512015232562186, 0.6485851145387151, -0.12261166606948765], [-0.26166659411083937, -0.4631447784393441, -0.8467747680055193], [-0.6059924628111863, -0.6040151185220197, 0.5176281209641342]], "trans": [-351.90738168896564, 984.6338557274056, 822.8550283023183]}], "rb_4XMM.renamed.noAb_Seh1_Nup85_47_544_3F3F_1.pdb_33": [{"rot": [[-0.729010438910076, 0.12135618434293809, -0.6736590060868015], [0.30949066110080725, -0.8193797275809958, -0.48252709014176043], [-0.6105401793915939, -0.5602584569205646, 0.5597777691168739]], "trans": [145.22587327619357, 1130.318785020214, 782.562841934259]}], "rb_4XMM.renamed.noAb_Seh1_Nup85_47_544_3F3F_1.pdb_34": [{"rot": [[-0.3107082005486529, -0.5026954823141829, -0.8066955225937017], [0.6974544451414575, -0.6971811397790103, 0.165818440738231], [-0.6457690849399932, -0.5111122287691301, 0.567227096089752]], "trans": [599.5743568478881, 880.6502081309528, 747.6044482666994]}], "rb_4XMM.renamed.noAb_Seh1_Nup85_47_544_3F3F_1.pdb_35": [{"rot": [[0.2586578425343688, -0.8579916199764067, -0.4437865484055633], [0.6749501030307433, -0.16813467076787858, 0.7184518709729709], [-0.6910415898585635, -0.48536698748064316, 0.5356121811065452]], "trans": [744.9762343754645, 381.8876145234648, 738.4829721246335]}], "rb_4XMM.renamed.noAb_Nup120_715-1036_Nup85_553-744_Nup145c_92-99_554-712_remaining_updated_1.pdb_35": [{"rot": [[0.9984188445838609, -0.029741830893550134, 0.047699415876166606], [0.027844683101525637, 0.9988133878939038, 0.039956098243913565], [-0.0488311826889708, -0.038564746323567684, 0.9980622605520133]], "trans": [1.7870001337431631, -27.774949859414733, 48.16015123798991]}], "rb_4XMM.renamed.noAb_Nup120_715-1036_Nup85_553-744_Nup145c_92-99_554-712_remaining_updated_1.pdb_36": [{"rot": [[0.726485941296637, 0.682305474109857, 0.08171546425287032], [-0.6867732221871053, 0.725000459115195, 0.05212365652462142], [-0.023679492922771137, -0.09398709636157118, 0.9952917699511238]], "trans": [-333.07799596160544, 120.55188655955854, 74.17052311812958]}], "rb_4XMM.renamed.noAb_Nup120_715-1036_Nup85_553-744_Nup145c_92-99_554-712_remaining_updated_1.pdb_37": [{"rot": [[0.030400280965795612, 0.9929748043337839, 0.1143541030111446], [-0.9989822193902399, 0.02636986533711838, 0.0365944742311182], [0.03332188859219146, -0.11535019792087495, 0.9927658251472317]], "trans": [-465.394779651658, 462.93270466878676, 83.09238402923125]}], "rb_4XMM.renamed.noAb_Nup120_715-1036_Nup85_553-744_Nup145c_92-99_554-712_remaining_updated_1.pdb_38": [{"rot": [[-0.6820613417790454, 0.720271685695498, 0.12649515736158584], [-0.7258858757994211, -0.687810740913756, 0.0024657653124084966], [0.08878074884497254, -0.09013924488830684, 0.9919641602222786]], "trans": [-317.64840004486814, 798.796110445528, 69.72318695251943]}], "rb_4XMM.renamed.noAb_Nup120_715-1036_Nup85_553-744_Nup145c_92-99_554-712_remaining_updated_1.pdb_39": [{"rot": [[-0.993528862625078, 0.02394945020728054, 0.11102622647683931], [-0.027467880148595702, -0.9991642905491184, -0.030269391332131856], [0.11020850552956339, -0.033123169024783045, 0.9933564017927776]], "trans": [23.611143800417835, 931.3887019069256, 41.918800942396956]}], "rb_4XMM.renamed.noAb_Nup120_715-1036_Nup85_553-744_Nup145c_92-99_554-712_remaining_updated_1.pdb_40": [{"rot": [[-0.7215402161686522, -0.6880765184383505, 0.07700922818111494], [0.6871286580162442, -0.7252954841075235, -0.042434279374422415], [0.08505247664876148, 0.02229720850217454, 0.996126955116124]], "trans": [358.47111267932695, 783.0359862145323, 15.991432266623121]}], "rb_4XMM.renamed.noAb_Nup120_715-1036_Nup85_553-744_Nup145c_92-99_554-712_remaining_updated_1.pdb_41": [{"rot": [[-0.025430186543857647, -0.9986913682426269, 0.04437179971572403], [0.9992830108269476, -0.026640529952628778, -0.02690253587436798], [0.028049418620947737, 0.04365584910995105, 0.9986527909906997]], "trans": [490.7677286362973, 440.6451927894233, 7.153703972550886]}], "rb_4XMM.renamed.noAb_Nup120_715-1036_Nup85_553-744_Nup145c_92-99_554-712_remaining_updated_1.pdb_42": [{"rot": [[0.6870101557436837, -0.7259325405208212, 0.03223340686343393], [0.7261307570306297, 0.6875186487367752, 0.0072271248281162125], [-0.027407473418066323, 0.01844055997367843, 0.9994542391468922]], "trans": [343.00168200071414, 104.79379292539397, 20.60688680800348]}], "rb_4XMM.renamed.noAb_Nup120_2-711_3F7F_updated_1.pdb_42": [{"rot": [[0.9897847853832237, 0.09980596062497496, 0.1018079016953581], [-0.13005345753381375, 0.9246498829568289, 0.3579227460380564], [-0.05841384088883604, -0.3675069579907957, 0.9281844962188096]], "trans": [-80.67841829396377, 15.44558802482527, 278.1160611528966]}], "rb_4XMM.renamed.noAb_Nup120_2-711_3F7F_updated_1.pdb_43": [{"rot": [[0.6088589002340921, 0.7153599804077789, 0.342857022732092], [-0.7928899518438582, 0.5623120599124551, 0.23479921537785356], [-0.024826676595470887, -0.4148074802941647, 0.9095704428032114]], "trans": [-356.5251626606214, 222.47703554300614, 299.1366872734154]}], "rb_4XMM.renamed.noAb_Nup120_2-711_3F7F_updated_1.pdb_44": [{"rot": [[-0.127824345298087, 0.8953725929284236, 0.42657807794323677], [-0.9911841265368319, -0.13044167808616186, -0.02321628565217332], [0.03485633443913197, -0.4257850260996702, 0.9041527235477256]], "trans": [-405.7139272295182, 564.4865364178331, 301.43453696243284]}], "rb_4XMM.renamed.noAb_Nup120_2-711_3F7F_updated_1.pdb_45": [{"rot": [[-0.7887055187468006, 0.5343898715944793, 0.30392609271922527], [-0.6087724581297274, -0.747786423491726, -0.2649746385300701], [0.08567204282044653, -0.3940087942910513, 0.9151051147820574]], "trans": [-199.42732681535117, 841.1202194980493, 283.6875023736285]}], "rb_4XMM.renamed.noAb_Nup120_2-711_3F7F_updated_1.pdb_46": [{"rot": [[-0.9866311102812471, -0.15611941558025882, 0.04675232939727528], [0.13032290602004848, -0.9280729198847479, -0.34885039134718915], [0.0978518900772106, -0.33809374950666543, 0.936011551292419]], "trans": [141.49095275745924, 890.3222894955123, 256.3160515034981]}], "rb_4XMM.renamed.noAb_Nup120_2-711_3F7F_updated_1.pdb_47": [{"rot": [[-0.6056535176297067, -0.7716451919878797, -0.1942871953185522], [0.7931294803489226, -0.565686795638596, -0.2257079454551475], [0.0642607499505654, -0.2907957133833372, 0.9546247477902852]], "trans": [417.3280897066816, 683.2695968517005, 235.3787711104079]}], "rb_4XMM.renamed.noAb_Nup120_2-711_3F7F_updated_1.pdb_48": [{"rot": [[0.13104521364849125, -0.9516037788953523, -0.27798812919242694], [0.9913658280423429, 0.1270810480189815, 0.03231411803400966], [0.004576785961775631, -0.2798225423844216, 0.9600408313211357]], "trans": [466.49671324309554, 341.2566451555049, 233.16502016547008]}], "rb_4XMM.renamed.noAb_Nup120_2-711_3F7F_updated_1.pdb_49": [{"rot": [[0.7918965793184677, -0.5905728986762033, -0.15531728497786548], [0.6089023014890009, 0.7443974402467807, 0.274062836217239], [-0.04623629424063357, -0.3116024748027945, 0.9490869837858203]], "trans": [260.19506376074094, 64.63956068835546, 250.99565008730426]}]}
