{"rb_ScNup133N_56-480_renamed_1.pdb_0": [{"rot": [[0.6486137581852507, 0.1277271935754117, 0.7503239012014485], [0.49650780189337107, 0.6761721107716165, -0.5443080738641274], [-0.5768710387528783, 0.7255873762931745, 0.37515698582349377]], "trans": [-23.916463051296773, -79.60763206580089, 415.5534450458466]}], "rb_ScNup133N_56-480_renamed_1.pdb_1": [{"rot": [[0.7984582338407742, 0.5815896586040995, 0.1556210712488676], [-0.1392662528113887, 0.42989688827362915, -0.8920726294873819], [-0.5857212303133228, 0.6906099727468641, 0.42425052257225293]], "trans": [-380.57876145044895, 123.17741758658539, 443.03623196648414]}], "rb_ScNup133N_56-480_renamed_1.pdb_2": [{"rot": [[0.45630019496412344, 0.7290388810620737, -0.5101886337184205], [-0.6949367256974562, -0.06612483161560051, -0.7160240595962631], [-0.5557455167184053, 0.6812707365971139, 0.476463119353245]], "trans": [-489.92698410419257, 519.5123911889445, 449.86484389689724]}], "rb_ScNup133N_56-480_renamed_1.pdb_3": [{"rot": [[-0.17741935484241134, 0.48369702739941667, -0.8570645006137382], [-0.8449840187945058, -0.5213165314787114, -0.11929409871782404], [-0.5045040936495905, 0.7030407240636773, 0.5012079007745504]], "trans": [-287.90148703276134, 877.2187896770665, 432.0629885860086]}], "rb_ScNup133N_56-480_renamed_1.pdb_4": [{"rot": [[-0.7314585678565094, -0.01071118518815059, -0.6818017556600854], [-0.5015083121394529, -0.6690204953329248, 0.5485444281728971], [-0.46201490924465494, 0.7431667695318183, 0.48398902497814994]], "trans": [107.15025835915503, 986.74727795157, 400.0832487822829]}], "rb_ScNup133N_56-480_renamed_1.pdb_5": [{"rot": [[-0.8812534611416092, -0.4645544546110335, -0.08707178605601601], [0.1342774823017082, -0.4227096585265527, 0.8962622955000867], [-0.4531687268255102, 0.7781424697890582, 0.43489355219172393]], "trans": [463.803282730626, 783.9346400247457, 372.6838118782606]}], "rb_ScNup133N_56-480_renamed_1.pdb_6": [{"rot": [[-0.5390520741033041, -0.6119649944512087, 0.578724206311835], [0.689921081565644, 0.07332361775643326, 0.7201614737615486], [-0.48314776478446325, 0.787478566467333, 0.382682302619727]], "trans": [573.1271289364643, 387.5914956475017, 365.9396592455647]}], "rb_ScNup133N_56-480_renamed_1.pdb_7": [{"rot": [[0.09467919569180988, -0.36658763198168975, 0.925553541390888], [0.8399186306287915, 0.5284960462002644, 0.12340430735330415], [-0.5343898799807241, 0.7657058424935455, 0.3579413624400539]], "trans": [371.08025974232163, 29.901364029542833, 383.8256154901671]}], "rb_ScNup133C_490_881_renamed_relative_3CQC_1.pdb_7": [{"rot": [[0.7486426881545096, 0.4047661908360732, -0.5250699536527016], [-0.3191591030442665, 0.914215428409078, 0.24969504881513024], [0.5810951664028655, -0.019351517120539757, 0.8136055102863822]], "trans": [201.54435091400478, 122.9521334661077, -263.9415985048564]}], "rb_ScNup133C_490_881_renamed_relative_3CQC_1.pdb_8": [{"rot": [[0.31722807661544183, 0.9310856100221686, -0.18012754985431417], [-0.7198231069908382, 0.36006235305535883, 0.5934726586409008], [0.6174310018527807, -0.05860621743372596, 0.7844388244019971]], "trans": [-91.37052775885144, 68.37241972454336, -240.28767455994324]}], "rb_ScNup133C_490_881_renamed_relative_3CQC_1.pdb_9": [{"rot": [[-0.27036551939202985, 0.9127673560638808, 0.30619967280850435], [-0.6969942028685311, -0.40497116156078966, 0.5917748215932901], [0.6641547764576744, -0.05342388986457275, 0.7456837941783361]], "trans": [-337.04071170472884, 237.5773909324488, -221.4882634902484]}], "rb_ScNup133C_490_881_renamed_relative_3CQC_1.pdb_10": [{"rot": [[-0.6699174862570251, 0.360542520417356, 0.6490143700860355], [-0.2640458845997411, -0.932717695604672, 0.2455961545542907], [0.6938950442487778, -0.0068404149739087206, 0.7200436627663463]], "trans": [-391.54722987927516, 531.4445059613188, -218.53232047090847]}], "rb_ScNup133C_490_881_renamed_relative_3CQC_1.pdb_11": [{"rot": [[-0.6473646481072965, -0.40208780182548887, 0.6474908586258697], [0.32539461840238704, -0.9140158882072515, -0.24226699820544595], [0.6892295370162865, 0.053854950820319145, 0.7225387806730238]], "trans": [-222.9574820546713, 777.8223820960983, -233.12747370026278]}], "rb_ScNup133C_490_881_renamed_relative_3CQC_1.pdb_12": [{"rot": [[-0.21591877552597377, -0.928364014807252, 0.30252163292288414], [0.7260247483681145, -0.3598215218374222, -0.5860175229288125], [0.6528913746806462, 0.0931060064311944, 0.7517074726474748]], "trans": [69.96819371724953, 832.3795023641596, -256.6996717237087]}], "rb_ScNup133C_490_881_renamed_relative_3CQC_1.pdb_13": [{"rot": [[0.3716730559420012, -0.9099860924686134, -0.18380547054002988], [0.7031497262786854, 0.4052105295448043, -0.5842815153504621], [0.6061679651061636, 0.08791893004198234, 0.7904623076525086]], "trans": [315.63171965653135, 663.1556532522566, -275.4159836699326]}], "rb_ScNup133C_490_881_renamed_relative_3CQC_1.pdb_14": [{"rot": [[0.7711912663778653, -0.3577200808442526, -0.5265931773421388], [0.2701700626118992, 0.9329137032877959, -0.23807595318749955], [0.5764305404216457, 0.041332384139260464, 0.8161001568990032]], "trans": [370.121851751491, 369.28466842159366, -278.2881251996518]}], "rb_ScNup84_506-726_ScNup133C_882_1155_renamed_relative_3CQC_new_1.pdb_14": [{"rot": [[0.983656389005235, 0.15210360050191887, 0.09635664524844], [-0.16593417153166987, 0.9735309816920774, 0.15717276610073982], [-0.06989963581650059, -0.17059285565348908, 0.9828591549722208]], "trans": [-63.65582092841191, 61.34845831118696, 96.32818798141366]}], "rb_ScNup84_506-726_ScNup133C_882_1155_renamed_relative_3CQC_new_1.pdb_15": [{"rot": [[0.5789916278743431, 0.7907894412506908, 0.1985466052538739], [-0.8146036983982836, 0.5713604721676001, 0.09983999899967369], [-0.034489265101705996, -0.2195433224920237, 0.9749929333804973]], "trans": [-315.6898472362384, 232.46720972193665, 115.62552524812278]}], "rb_ScNup84_506-726_ScNup133C_882_1155_renamed_relative_3CQC_new_1.pdb_16": [{"rot": [[-0.16449749601645847, 0.9590869244084015, 0.23041884739132606], [-0.9860450947286863, -0.16595645982102025, -0.01317287383864417], [0.025605565133579297, -0.2293702789650527, 0.9730023793196411]], "trans": [-373.34892193490685, 532.2012449113691, 118.80420120621235]}], "rb_ScNup84_506-726_ScNup133C_882_1155_renamed_relative_3CQC_new_1.pdb_17": [{"rot": [[-0.8112645706952907, 0.5584050113467516, 0.17330216281806293], [-0.5798255732288402, -0.8064891593461079, -0.11566131802402001], [0.0751804560004188, -0.19431695541058935, 0.9780535874253141]], "trans": [-202.85363273372064, 784.962256610798, 104.02610756128928]}], "rb_ScNup84_506-726_ScNup133C_882_1155_renamed_relative_3CQC_new_1.pdb_18": [{"rot": [[-0.9824243243995412, -0.17653118364777004, 0.06065631070235454], [0.16608574271139154, -0.9750045395148037, -0.14758615786559778], [0.08519373742305676, -0.1349180830187006, 0.9871874887671787]], "trans": [95.91938930895151, 842.6793970316126, 79.97246484285625]}], "rb_ScNup84_506-726_ScNup133C_882_1155_renamed_relative_3CQC_new_1.pdb_19": [{"rot": [[-0.577708960056733, -0.8151856749470233, -0.04152918047990234], [0.8147234868646668, -0.5727839145574257, -0.0902453720439395], [0.049779487956843796, -0.08597035876065541, 0.9950533151511616]], "trans": [347.9466085201653, 671.5412682987989, 60.75824101292022]}], "rb_ScNup84_506-726_ScNup133C_882_1155_renamed_relative_3CQC_new_1.pdb_20": [{"rot": [[0.1657935554144796, -0.9834256565195785, -0.07339260917871598], [0.9861065229138042, 0.16454620211518223, 0.022769998601547395], [-0.010316125719995066, -0.07614804966972871, 0.9970431545733733]], "trans": [405.5888396414648, 371.80311606683415, 57.663404212800344]}], "rb_ScNup84_506-726_ScNup133C_882_1155_renamed_relative_3CQC_new_1.pdb_21": [{"rot": [[0.8125289650655927, -0.5826937749764927, -0.0162679295879767], [0.579836251840411, 0.8050474318015619, 0.12525395643001058], [-0.05988824576741478, -0.11120520290594357, 0.9919913310435469]], "trans": [235.0803642657973, 119.05589301632904, 72.5249583783922]}], "rb_4XMM.renamed.noAb_Nup145c_149-550_Sec13_Nup84_7-436_3IKO_updated_1.pdb_21": [{"rot": [[0.9977587195497426, -0.01582670484763784, 0.06501579020611158], [0.01673718802943995, 0.9997690071279686, -0.013483283102580667], [-0.06478737607996275, 0.014541244789319866, 0.9977931389324401]], "trans": [-12.40717162445003, -5.2328350262205845, 28.533783061104657]}], "rb_4XMM.renamed.noAb_Nup145c_149-550_Sec13_Nup84_7-436_3IKO_updated_1.pdb_22": [{"rot": [[0.7178718436855964, 0.6938940465147718, 0.05631223894322671], [-0.6950811609681624, 0.7189281584684413, 0.002117221841952885], [-0.03901532661140666, -0.04066147036854871, 0.9984109620376138]], "trans": [-327.63687722766053, 145.36449018430784, 52.968053706458704]}], "rb_4XMM.renamed.noAb_Nup145c_149-550_Sec13_Nup84_7-436_3IKO_updated_1.pdb_23": [{"rot": [[0.0181332000630256, 0.9979637163306347, 0.061152333913134065], [-0.9996691874434318, 0.01698044546602223, 0.019317871206861084], [0.018240140670063694, -0.061482398776597905, 0.9979414872170673]], "trans": [-444.46386529792915, 475.4217445659839, 60.715241950052814]}], "rb_4XMM.renamed.noAb_Nup145c_149-550_Sec13_Nup84_7-436_3IKO_updated_1.pdb_24": [{"rot": [[-0.6915404475689929, 0.718254004639474, 0.07670067923712282], [-0.7185949307959819, -0.6948632641397183, 0.028042282065024706], [0.07343796572887434, -0.03572434699830195, 0.9966597394402716]], "trans": [-294.4473256238968, 791.5868514899146, 47.26094058462229]}], "rb_4XMM.renamed.noAb_Nup145c_149-550_Sec13_Nup84_7-436_3IKO_updated_1.pdb_25": [{"rot": [[-0.995412270029191, 0.018622804456906707, 0.09384883499273126], [-0.016515653716908142, -0.9995948882654319, 0.02317957152153836], [0.09424248435624065, 0.021523255046083285, 0.9953165846275169]], "trans": [34.532850959442726, 908.645950187233, 20.510873956871762]}], "rb_4XMM.renamed.noAb_Nup145c_149-550_Sec13_Nup84_7-436_3IKO_updated_1.pdb_26": [{"rot": [[-0.7154698691276884, -0.6910760623501967, 0.10255116974932786], [0.6952807039630616, -0.7186983447823758, 0.0075783839769950415], [0.06846611619653882, 0.07672395488776812, 0.9946988618065981]], "trans": [349.7573517283428, 758.0242869029378, -3.8403868255363136]}], "rb_4XMM.renamed.noAb_Nup145c_149-550_Sec13_Nup84_7-436_3IKO_updated_1.pdb_27": [{"rot": [[-0.01570745050043809, -0.9950909928522134, 0.09770973310357825], [0.9998137995863579, -0.01672678950418749, -0.009621884928267446], [0.011209021164513291, 0.09754040422962583, 0.995168441715901]], "trans": [466.5651328061854, 427.95827254960125, -11.503524942303784]}], "rb_4XMM.renamed.noAb_Nup145c_149-550_Sec13_Nup84_7-436_3IKO_updated_1.pdb_28": [{"rot": [[0.6939442943706147, -0.7153257541505416, 0.08216070690681918], [0.7186838518202052, 0.6950949426882413, -0.018345075145754713], [-0.04398678714503554, 0.07177803353526041, 0.9964502378234792]], "trans": [316.5304623871204, 111.8053490613895, 2.0346388668057784]}], "rb_4XMM.renamed.noAb_Seh1_Nup85_47_544_3F3F_1.pdb_28": [{"rot": [[0.6885281622657083, -0.6929973789776906, 0.21373722768168882], [0.263339552663062, 0.5135217085833382, 0.8166686811779083], [-0.6757079618964258, -0.5060139203062468, 0.536067778071093]], "trans": [452.7755010182582, -97.93934532791354, 728.376577962015]}], "rb_4XMM.renamed.noAb_Seh1_Nup85_47_544_3F3F_1.pdb_29": [{"rot": [[0.6604201223668984, -0.13927087228269408, 0.7378677971740637], [-0.3379626378269534, 0.8223646846851285, 0.4577090569518734], [-0.670541957975737, -0.5516520185011048, 0.49603783432084914]], "trans": [-49.3712600984947, -207.72187686978546, 768.9761662850206]}], "rb_4XMM.renamed.noAb_Seh1_Nup85_47_544_3F3F_1.pdb_30": [{"rot": [[0.21668346132240446, 0.4701179954264695, 0.8555918115348793], [-0.7430362312861462, 0.647872335835445, -0.1678052307146632], [-0.633202524146437, -0.5993750969429066, 0.48969792380533794]], "trans": [-481.9571332015474, 70.8843239627789, 802.1416265275517]}], "rb_4XMM.renamed.noAb_Seh1_Nup85_47_544_3F3F_1.pdb_31": [{"rot": [[-0.38273462814098824, 0.7781806330627371, 0.4979448832429677], [-0.7145834051284535, 0.09226474033255117, -0.6934390923551879], [-0.5855636272317463, -0.6212263033850387, 0.5207620554972837]], "trans": [-591.5653010270571, 574.6679331698112, 808.4681693477305]}], "rb_4XMM.renamed.noAb_Seh1_Nup85_47_544_3F3F_1.pdb_32": [{"rot": [[-0.7866865774205627, 0.6044496038155933, -0.12555837428658032], [-0.2692722261019011, -0.5189753383108611, -0.8112688003832328], [-0.5555328047527376, -0.6044048929916893, 0.5710324230472881]], "trans": [-313.9838400484107, 1008.5055259241217, 784.2736216584292]}], "rb_4XMM.renamed.noAb_Seh1_Nup85_47_544_3F3F_1.pdb_33": [{"rot": [[-0.7585316389058596, 0.050698994225526706, -0.6496609613970242], [0.3320277382321327, -0.8277748435403719, -0.4522680504370858], [-0.5607025359522108, -0.5587650851531689, 0.6110599363323757]], "trans": [188.1780293337651, 1118.249040075356, 743.7554955403492]}], "rb_4XMM.renamed.noAb_Seh1_Nup85_47_544_3F3F_1.pdb_34": [{"rot": [[-0.3147633725634252, -0.5586762807260063, -0.7673361927125883], [0.737066490437274, -0.6532346711195106, 0.17325545625422586], [-0.5980443194003047, -0.5110433228225733, 0.6173959136822051]], "trans": [620.7487168922976, 839.6092944453524, 710.6738854802268]}], "rb_4XMM.renamed.noAb_Seh1_Nup85_47_544_3F3F_1.pdb_35": [{"rot": [[0.2846525140507871, -0.8666955927810206, -0.40964825850785314], [0.7085666184253446, -0.09760291506884855, 0.6988612295894875], [-0.645682811833979, -0.48919568725001417, 0.5863286502279655]], "trans": [730.3241279479671, 335.8174976397591, 704.4324700031696]}], "rb_4XMM.renamed.noAb_Nup120_715-1036_Nup85_553-744_Nup145c_92-99_554-712_remaining_updated_1.pdb_35": [{"rot": [[0.9924734418134082, -0.07428449054766963, 0.09735646747452996], [0.06791852187363191, 0.9954284707264014, 0.06715083062626735], [-0.10189966477642116, -0.06003310862657242, 0.9929816132170233]], "trans": [13.294634872814754, -57.214163518443456, 89.44487138879154]}], "rb_4XMM.renamed.noAb_Nup120_715-1036_Nup85_553-744_Nup145c_92-99_554-712_remaining_updated_1.pdb_36": [{"rot": [[0.7494735251235759, 0.6479165710571928, 0.13599100002694453], [-0.6573036111192256, 0.752762483965791, 0.03606390915134123], [-0.07900251862101966, -0.11641632051881756, 0.9900534542985008]], "trans": [-344.85793262242305, 94.00322230755067, 117.29734301922048]}], "rb_4XMM.renamed.noAb_Nup120_715-1036_Nup85_553-744_Nup145c_92-99_554-712_remaining_updated_1.pdb_37": [{"rot": [[0.06637923393240558, 0.987723602271934, 0.14140679904975934], [-0.9975316402932801, 0.06894454198175376, -0.01331453133692767], [-0.02290030384826433, -0.14017394781441456, 0.9898620310112802]], "trans": [-491.61003032494506, 454.94629045236843, 127.27947372950851]}], "rb_4XMM.renamed.noAb_Nup120_715-1036_Nup85_553-744_Nup145c_92-99_554-712_remaining_updated_1.pdb_38": [{"rot": [[-0.6566431643508097, 0.7460728529318191, 0.11043121311264328], [-0.7534551889431594, -0.6554351629784794, -0.05205790416450053], [0.03354151108673644, -0.11738843746105787, 0.992519481816084]], "trans": [-340.9902968567721, 814.1696190946942, 113.56759550271283]}], "rb_4XMM.renamed.noAb_Nup120_715-1036_Nup85_553-744_Nup145c_92-99_554-712_remaining_updated_1.pdb_39": [{"rot": [[-0.9960369541959463, 0.06452673927585234, 0.061210177213320636], [-0.06805768374772786, -0.9960247859953639, -0.05746979524742831], [0.05725851516546863, -0.0614078626994398, 0.9964690345614008]], "trans": [18.76801751746177, 961.235234062099, 84.21832484275978]}], "rb_4XMM.renamed.noAb_Nup120_715-1036_Nup85_553-744_Nup145c_92-99_554-712_remaining_updated_1.pdb_40": [{"rot": [[-0.752980468059287, -0.6576554155160976, 0.022578068198220773], [0.6571453526447069, -0.7533021235919248, -0.026379842481667682], [0.03435695298885342, -0.0050264335510203685, 0.9993969855603309]], "trans": [376.91533298436156, 809.990141276686, 56.44888322815268]}], "rb_4XMM.renamed.noAb_Nup120_715-1036_Nup85_553-744_Nup145c_92-99_554-712_remaining_updated_1.pdb_41": [{"rot": [[-0.06985962261614109, -0.9974091223985244, 0.017166120241126313], [0.9973197561526439, -0.0694575337936364, 0.022999021434264775], [-0.02174711740802126, 0.018726813810905362, 0.9995880998335916]], "trans": [523.645815605533, 449.03596544313746, 46.55100600704168]}], "rb_4XMM.renamed.noAb_Nup120_715-1036_Nup85_553-744_Nup145c_92-99_554-712_remaining_updated_1.pdb_42": [{"rot": [[0.6531437588689758, -0.7557018693524354, 0.04814472876376934], [0.7531865647420443, 0.654903180486948, 0.06173996177643466], [-0.07818714051927368, -0.0040631078390665105, 0.9969304199451959]], "trans": [373.00459310095295, 89.82486901380526, 60.347014116808964]}], "rb_4XMM.renamed.noAb_Nup120_2-711_3F7F_updated_1.pdb_42": [{"rot": [[0.9891179124435594, 0.14598101914996772, 0.018311125886531752], [-0.14322076425975697, 0.9269017096641321, 0.3469020514591412], [0.033668501127118555, -0.34574956640557963, 0.9377225972334289]], "trans": [-85.86255969245656, 26.189469360768726, 203.86530996512963]}], "rb_4XMM.renamed.noAb_Nup120_2-711_3F7F_updated_1.pdb_43": [{"rot": [[0.6009236883703519, 0.7501130563975571, 0.2760817331467041], [-0.7964267002395649, 0.532615019023386, 0.2864013838238862], [0.06778813982468397, -0.39198423964827206, 0.9174710480262991]], "trans": [-354.09395752446756, 229.45084829157707, 224.29728897624906]}], "rb_4XMM.renamed.noAb_Nup120_2-711_3F7F_updated_1.pdb_44": [{"rot": [[-0.13411241765606702, 0.8995255955378015, 0.4157734508152344], [-0.9827579757208836, -0.17461856518885482, 0.060787481016873424], [0.12728165848792106, -0.40045231883927096, 0.9074344713249631]], "trans": [-400.55337922372115, 563.3936073775151, 226.41684164632233]}], "rb_4XMM.renamed.noAb_Nup120_2-711_3F7F_updated_1.pdb_45": [{"rot": [[-0.7853958907163261, 0.506690664425544, 0.35555290102867854], [-0.5930591022557725, -0.7804916373475222, -0.19777185154151955], [0.17729691502529224, -0.3661930837885724, 0.9134924352767951]], "trans": [-198.0223271416845, 832.3894865483164, 209.00630903671447]}], "rb_4XMM.renamed.noAb_Nup120_2-711_3F7F_updated_1.pdb_46": [{"rot": [[-0.9713956891947554, -0.1982634953211261, 0.1306981309617529], [0.14437882532579036, -0.9300752089717512, -0.33780891115199696], [0.18853426694208833, -0.3092760774440898, 0.9320960991815201]], "trans": [134.85556606341436, 878.8570237390086, 182.28903153982998]}], "rb_4XMM.renamed.noAb_Nup120_2-711_3F7F_updated_1.pdb_47": [{"rot": [[-0.5831505085455327, -0.802364797068957, -0.12706776462807945], [0.7975542711717466, -0.535741114675709, -0.27728801377220075], [0.15441071503878817, -0.2630440846522106, 0.952347174412089]], "trans": [403.07765031299806, 675.5749972661894, 161.940371928143]}], "rb_4XMM.renamed.noAb_Nup120_2-711_3F7F_updated_1.pdb_48": [{"rot": [[0.15190015014997987, -0.9517221804257152, -0.266741889605167], [0.9838278493317489, 0.17150417299125315, -0.05166315443186867], [0.09491631716242686, -0.2545804586615159, 0.9623822955582739]], "trans": [449.51756006153687, 341.6290013093894, 159.904866819467]}], "rb_4XMM.renamed.noAb_Nup120_2-711_3F7F_updated_1.pdb_49": [{"rot": [[0.8031532468136641, -0.5588399842819061, -0.2065011721527697], [0.5940778712622157, 0.7773463923552734, 0.20689144295691614], [0.0449037304599869, -0.28884331091448107, 0.9563227471574315]], "trans": [246.97205471487263, 72.64942573382405, 177.3989487082727]}]}
