{"rb_ScNup133N_56-480_renamed_1.pdb_0": [{"rot": [[0.937824877845259, -0.26581387761234726, -0.22322070012257814], [0.18847302603328117, 0.9299861866236049, -0.3156003978881281], [0.2914831332210905, 0.2539068237719788, 0.9222629277432995]], "trans": [160.48999264099837, 4.138098053154295, -208.6692680213514]}], "rb_ScNup133N_56-480_renamed_1.pdb_1": [{"rot": [[0.8034973294980485, 0.47220349138488876, -0.3625133159118803], [-0.5108866928755518, 0.8595539246359185, -0.012721544154401077], [0.3055925858593219, 0.19542495584472336, 0.9318917630824419]], "trans": [-203.14567241244492, 16.47630288760044, -179.7040467690016]}], "rb_ScNup133N_56-480_renamed_1.pdb_2": [{"rot": [[0.21550445668730672, 0.9446048714777082, -0.24754689642266103], [-0.9099219389591866, 0.2862547786069622, 0.30016706469137167], [0.3544007535949434, 0.1605610117844989, 0.9212058767431279]], "trans": [-451.67135478979446, 283.1463070196464, -161.1512482016301]}], "rb_ScNup133N_56-480_renamed_1.pdb_3": [{"rot": [[-0.48169922499492684, 0.8746508733482782, 0.0543296087817802], [-0.77487223866486, -0.4540645282015421, 0.4397708698579517], [0.40931512357326283, 0.16973878160339612, 0.896465211613925]], "trans": [-439.4952922030139, 647.9291787768605, -163.85535841327606]}], "rb_ScNup133N_56-480_renamed_1.pdb_4": [{"rot": [[-0.8796819682472881, 0.3033215354521927, 0.3662726864939583], [-0.184851610625763, -0.9277145073589467, 0.32430799386510384], [0.43816608356836395, 0.21758179833495067, 0.8721631981708987]], "trans": [-173.7484804586581, 897.1300852405545, -186.20826661281728]}], "rb_ScNup133N_56-480_renamed_1.pdb_5": [{"rot": [[-0.7452998705158643, -0.4346903603273569, 0.5055416833926836], [0.5144975419619459, -0.857224322610138, 0.021418217495989822], [0.4240523344165806, 0.2760629481912818, 0.8625362985473631]], "trans": [189.89276443264777, 884.7637384666948, -215.0913190997698]}], "rb_ScNup133N_56-480_renamed_1.pdb_6": [{"rot": [[-0.15727585943930134, -0.9070470394749804, 0.39055085740182666], [0.9134866246893357, -0.2838881180925733, -0.2914613575065167], [0.3752419093748904, 0.31092314900233786, 0.87322408628207]], "trans": [438.4041872112873, 618.0746355560774, -233.5604115750504]}], "rb_ScNup133N_56-480_renamed_1.pdb_7": [{"rot": [[0.5399173081551939, -0.837035299116824, 0.08866345575747796], [0.778382207148635, 0.45642567354687447, -0.43104146450393976], [0.3203286436597087, 0.30174080360417077, 0.8979655046222211]], "trans": [426.2062057417364, 253.29313010527278, -230.77208435124936]}], "rb_ScNup133C_490_881_renamed_relative_3CQC_1.pdb_7": [{"rot": [[0.9991840512820561, 0.03888565334577647, -0.010915018435648162], [-0.036918848840780255, 0.9889493359020943, 0.14358345872376616], [0.016377736835413333, -0.14306333206898247, 0.9895780175173007]], "trans": [-3.43043420228571, -20.578910165767667, 28.994141349343465]}], "rb_ScNup133C_490_881_renamed_relative_3CQC_1.pdb_8": [{"rot": [[0.6826599252997687, 0.7219384927255391, 0.11304971964092755], [-0.7293508173498978, 0.6636403869610523, 0.1662191987263259], [0.04497567810218688, -0.19592409120718823, 0.9795871267344662]], "trans": [-332.08261408737974, 128.21331867644983, 54.507048953635035]}], "rb_ScNup133C_490_881_renamed_relative_3CQC_1.pdb_9": [{"rot": [[-0.029329341848331192, 0.9757989071251387, 0.2166939836731268], [-0.9942473570528689, -0.05082123631707375, 0.09428358782200641], [0.10301447810929097, -0.21268214497834498, 0.971676037837345]], "trans": [-459.67660884370747, 466.5159935942994, 63.07231643537892]}], "rb_ScNup133C_490_881_renamed_relative_3CQC_1.pdb_10": [{"rot": [[-0.7196903984182192, 0.651751886357447, 0.23930150240676443], [-0.6764283399504831, -0.7358938411070696, -0.030082478829328102], [0.15649418946548396, -0.18352038919475097, 0.9704791782482243]], "trans": [-311.4641439284228, 796.1467543483678, 49.696294234684615]}], "rb_ScNup133C_490_881_renamed_relative_3CQC_1.pdb_11": [{"rot": [[-0.9840000033803574, -0.06037125574882903, 0.16762847260166136], [0.037923372490540126, -0.9902522359992276, -0.13402360582178613], [0.17408564319437775, -0.12552219157519212, 0.976697685190131]], "trans": [25.731742254608776, 924.0033702903747, 22.238849659818413]}], "rb_ScNup133C_490_881_renamed_relative_3CQC_1.pdb_12": [{"rot": [[-0.667421863382496, -0.7433987416115294, 0.04366196570736734], [0.7303304747631044, -0.6648896868123547, -0.1566496153932952], [0.14548351766208895, -0.07266371405979244, 0.9866886696155486]], "trans": [354.37885845663635, 775.1857498183872, -3.191054206108163]}], "rb_ScNup133C_490_881_renamed_relative_3CQC_1.pdb_13": [{"rot": [[0.04458808341284426, -0.9972034393247339, -0.05997669060969314], [0.9951711234157997, 0.049591837527936056, -0.08470587211013039], [0.08744334129540228, -0.055910198081605966, 0.9945992719751866]], "trans": [481.95300342143776, 436.87347012852354, -11.67221621560418]}], "rb_ScNup133C_490_881_renamed_relative_3CQC_1.pdb_14": [{"rot": [[0.7349243708327032, -0.6731029783218093, -0.08257451017393194], [0.6772979322147311, 0.734638985873609, 0.03966196480565011], [0.0339658677764095, -0.08507608952522962, 0.9957953498672757]], "trans": [333.72135757245167, 107.25475166142928, 1.787752822064249]}], "rb_ScNup84_506-726_ScNup133C_882_1155_renamed_relative_3CQC_new_1.pdb_14": [{"rot": [[0.9762135939704792, 0.21426646781597472, 0.033119476398475164], [-0.21679739680022117, 0.9664083543711974, 0.13803543509622687], [-0.0024305735723763305, -0.14193228445714204, 0.9898733853078834]], "trans": [-59.37220657011835, 96.79555848656202, 47.324225265637125]}], "rb_ScNup84_506-726_ScNup133C_882_1155_renamed_relative_3CQC_new_1.pdb_15": [{"rot": [[0.5391908676006123, 0.8304045227560699, 0.1403621632861431], [-0.8414375033362538, 0.5241647430982337, 0.13127928272205622], [0.03544201285697468, -0.18889057858725908, 0.981358350983788]], "trans": [-288.63193459271645, 251.690325500796, 64.88524728484236]}], "rb_ScNup84_506-726_ScNup133C_882_1155_renamed_relative_3CQC_new_1.pdb_16": [{"rot": [[-0.2102490094616995, 0.9545051946498068, 0.21145965905323624], [-0.9729411530970907, -0.22548225981717268, 0.05043077550312772], [0.09581683897144608, -0.19513478391685515, 0.976084806497491]], "trans": [-341.61741849007774, 523.8018703658521, 67.82580557592826]}], "rb_ScNup84_506-726_ScNup133C_882_1155_renamed_relative_3CQC_new_1.pdb_17": [{"rot": [[-0.8330735901310873, 0.5138685600823611, 0.20476204820470123], [-0.5342716538513723, -0.8433788700444358, -0.057147891067758465], [0.14332548034813242, -0.1570069569205578, 0.977142068566043]], "trans": [-187.28710136054167, 753.7235301221775, 54.44728453129136]}], "rb_ScNup84_506-726_ScNup133C_882_1155_renamed_relative_3CQC_new_1.pdb_18": [{"rot": [[-0.9644234532248358, -0.2333742274401104, 0.12419288561192277], [0.21759221650282026, -0.9675525409702201, -0.12843561725417849], [0.15013670499672727, -0.09684291625515856, 0.9839107781622902]], "trans": [83.95205430320152, 806.7640713842932, 32.61101531721329]}], "rb_ScNup84_506-726_ScNup133C_882_1155_renamed_relative_3CQC_new_1.pdb_19": [{"rot": [[-0.5273519969095586, -0.8494778068636397, 0.016950722746943078], [0.842198001431429, -0.5252605853174422, -0.12167104789918845], [0.11226040147981635, -0.0498876052554218, 0.9924257297659465]], "trans": [313.20623998050047, 651.8517140043999, 15.132997231883223]}], "rb_ScNup84_506-726_ScNup133C_882_1155_renamed_relative_3CQC_new_1.pdb_20": [{"rot": [[0.22209815699772162, -0.9735200143014535, -0.05414046926943636], [0.9736428251817075, 0.22439613297592653, -0.04081696311136934], [0.051885042453485644, -0.043648107174878284, 0.9976987446667716]], "trans": [366.17703455683915, 379.73641799505765, 12.276104610929337]}], "rb_ScNup84_506-726_ScNup133C_882_1155_renamed_relative_3CQC_new_1.pdb_21": [{"rot": [[0.8448885410909497, -0.5328351756413559, -0.0474344677682131], [0.5349244566287279, 0.8422581381739025, 0.0667611741979789], [0.004379364527921908, -0.08177960796603338, 0.9966408163863523]], "trans": [211.8353130204585, 149.82727737939217, 25.737950335078892]}], "rb_4XMM.renamed.noAb_Nup145c_149-550_Sec13_Nup84_7-436_3IKO_updated_1.pdb_21": [{"rot": [[0.996168238795437, -0.0428776399777366, 0.07622563876504646], [0.043517824752369476, 0.9990298022472525, -0.006756711525590469], [-0.07586197297738709, 0.010047995409910988, 0.9970677002311442]], "trans": [-4.205050818843688, -21.901115601118022, 36.995511959783926]}], "rb_4XMM.renamed.noAb_Nup145c_149-550_Sec13_Nup84_7-436_3IKO_updated_1.pdb_22": [{"rot": [[0.7354054227188088, 0.674106543017315, 0.06898719371750495], [-0.6756615509121742, 0.7372111820388051, -0.0010685017102732668], [-0.05157841462014221, -0.04582621234832866, 0.9976169732954027]], "trans": [-333.40573427409254, 128.28518135317938, 62.54535589532037]}], "rb_4XMM.renamed.noAb_Nup145c_149-550_Sec13_Nup84_7-436_3IKO_updated_1.pdb_23": [{"rot": [[0.04400575509823401, 0.9967227640449886, 0.0678765434649845], [-0.9990182409412843, 0.04355640192605592, 0.00808666296068886], [0.005103703049565762, -0.06816576476337342, 0.9976609547984767]], "trans": [-460.4050524823169, 467.96229462640986, 71.05653668230497]}], "rb_4XMM.renamed.noAb_Nup145c_149-550_Sec13_Nup84_7-436_3IKO_updated_1.pdb_24": [{"rot": [[-0.6729990900388413, 0.7359778919385561, 0.07354432258558023], [-0.7371253369865783, -0.6755817873685475, 0.015345557935224451], [0.060979196282962764, -0.043883837042801056, 0.9971738797557255]], "trans": [-310.80310080748814, 798.1426986109974, 57.567089509260086]}], "rb_4XMM.renamed.noAb_Nup145c_149-550_Sec13_Nup84_7-436_3IKO_updated_1.pdb_25": [{"rot": [[-0.9955775646428023, 0.0446199492806629, 0.0826702661547615], [-0.04340339487466957, -0.9989220947077572, 0.016455820186831394], [0.08331541329947023, 0.012794875179496311, 0.9964410835949513]], "trans": [27.763101411024024, 925.402173904254, 30.003327632546757]}], "rb_4XMM.renamed.noAb_Nup145c_149-550_Sec13_Nup84_7-436_3IKO_updated_1.pdb_26": [{"rot": [[-0.734758649934157, -0.6723438329727058, 0.08990826775389757], [0.6757554902259024, -0.7370472089539312, 0.010767042433820612], [0.05902748323015817, 0.06866718311385452, 0.9958918486395614]], "trans": [356.9586124694278, 775.1904423159677, 4.5364963097726445]}], "rb_4XMM.renamed.noAb_Nup145c_149-550_Sec13_Nup84_7-436_3IKO_updated_1.pdb_27": [{"rot": [[-0.043333743695926796, -0.994905961988197, 0.09101820399039204], [0.9990579032829427, -0.0433671306175496, 0.0016117908956721147], [0.002343617969443608, 0.0910023009727847, 0.9958479244706355]], "trans": [483.93797367226824, 435.5037709911515, -3.8905706866726746]}], "rb_4XMM.renamed.noAb_Nup145c_149-550_Sec13_Nup84_7-436_3IKO_updated_1.pdb_28": [{"rot": [[0.6736506949063548, -0.734104994462517, 0.08534985856680544], [0.7371087321636131, 0.6757505695228305, -0.005646658987519999], [-0.05352997497044671, 0.0667160017893637, 0.9963350424856616]], "trans": [334.3167981571923, 105.33551836912807, 9.682826212559405]}], "rb_4XMM.renamed.noAb_Seh1_Nup85_47_544_3F3F_1.pdb_28": [{"rot": [[0.6870086813108874, -0.7054746302326662, 0.17413965057263667], [0.29458753224201173, 0.48947167828453547, 0.8207531066069037], [-0.6642569214174879, -0.5125651395241434, 0.544095322616872]], "trans": [468.72082092388973, -100.57841162525506, 724.9754626190673]}], "rb_4XMM.renamed.noAb_Seh1_Nup85_47_544_3F3F_1.pdb_29": [{"rot": [[0.6815987762711514, -0.16520105344828, 0.7128335851552232], [-0.31413675100907745, 0.813775083744081, 0.4889664760929693], [-0.6608639874067366, -0.557206178193399, 0.5027723790463993]], "trans": [-39.99470390749559, -221.02154740452877, 766.1504909577675]}], "rb_4XMM.renamed.noAb_Seh1_Nup85_47_544_3F3F_1.pdb_30": [{"rot": [[0.24868622642279772, 0.4455696204312173, 0.8600132988136698], [-0.7405574584293756, 0.6597533711463107, -0.1276720017298332], [-0.6242834384734336, -0.6051389944548772, 0.4940414818999793]], "trans": [-484.74168933185143, 54.709114264158245, 800.2992580102465]}], "rb_4XMM.renamed.noAb_Seh1_Nup85_47_544_3F3F_1.pdb_31": [{"rot": [[-0.3581226924660543, 0.7690393187807152, 0.5294588400528961], [-0.734871327080098, 0.11763463143714697, -0.6679268119503687], [-0.5759446759684479, -0.6282838686898948, 0.5230173138316354]], "trans": [-604.9791670158327, 565.0867807681387, 807.4409394407332]}], "rb_4XMM.renamed.noAb_Seh1_Nup85_47_544_3F3F_1.pdb_32": [{"rot": [[-0.7833507597045596, 0.6157149313843304, -0.0851863283671683], [-0.3004093728801029, -0.49500033378755304, -0.8153090691486233], [-0.5441652285437513, -0.6130822072288518, 0.5727254239365724]], "trans": [-330.2684138444632, 1011.1251355394627, 783.4158424707271]}], "rb_4XMM.renamed.noAb_Seh1_Nup85_47_544_3F3F_1.pdb_33": [{"rot": [[-0.7778933777886534, 0.07541604625272812, -0.6238544002891748], [0.30831446548669783, -0.8192613237461499, -0.48348016896803353], [-0.5475619445909399, -0.5684393576990537, 0.6140461004309661]], "trans": [178.4630508921121, 1131.5287380074656, 742.3222125603113]}], "rb_4XMM.renamed.noAb_Seh1_Nup85_47_544_3F3F_1.pdb_34": [{"rot": [[-0.3449475579937588, -0.5353426314897187, -0.7709860239613979], [0.7347011804989112, -0.6651916784409393, 0.13316984007811883], [-0.5841449799558738, -0.5205077308192345, 0.6227731084028617]], "trans": [623.1950753768185, 855.7635769507766, 708.2572824323754]}], "rb_4XMM.renamed.noAb_Seh1_Nup85_47_544_3F3F_1.pdb_35": [{"rot": [[0.2618609339082157, -0.8587700567241291, -0.44038941968075596], [0.7289674224497017, -0.1230475684737129, 0.6733986879254702], [-0.6324834767009767, -0.4973663494515314, 0.593794043531511]], "trans": [743.3992822842342, 345.3768888003542, 701.2007733725661]}], "rb_4XMM.renamed.noAb_Nup120_715-1036_Nup85_553-744_Nup145c_92-99_554-712_remaining_updated_1.pdb_35": [{"rot": [[0.9944800530331066, -0.06776882223499858, 0.08010499892110601], [0.061660531799168805, 0.9951677329556434, 0.07641441030439593], [-0.0848964247628422, -0.071053289978762, 0.9938531214649782]], "trans": [11.616164287490278, -55.56459217030147, 86.58790819182278]}], "rb_4XMM.renamed.noAb_Nup120_715-1036_Nup85_553-744_Nup145c_92-99_554-712_remaining_updated_1.pdb_36": [{"rot": [[0.7468204152588978, 0.6521341265457218, 0.13030866566339885], [-0.662163449972803, 0.747351355501763, 0.054822595248599726], [-0.061634672649752, -0.1272282689661585, 0.9899566327386427]], "trans": [-344.9414195824213, 96.18800078417961, 114.31064571570693]}], "rb_4XMM.renamed.noAb_Nup120_715-1036_Nup85_553-744_Nup145c_92-99_554-712_remaining_updated_1.pdb_37": [{"rot": [[0.06141554202206273, 0.9866850734704488, 0.1506011188163972], [-0.9980978424464212, 0.061523194076465726, 0.003948859889608219], [-0.005369180750771474, -0.15055717313115272, 0.9885867233160786]], "trans": [-490.18801560429546, 456.3779543500541, 124.17644287797575]}], "rb_4XMM.renamed.noAb_Nup120_715-1036_Nup85_553-744_Nup145c_92-99_554-712_remaining_updated_1.pdb_38": [{"rot": [[-0.6602147277265474, 0.7398993566623258, 0.1290947531994851], [-0.7493475418357063, -0.6605489441802335, -0.04640424427961283], [0.050938932436240786, -0.1273736014763422, 0.9905459054527462]], "trans": [-339.034206512251, 814.001031845267, 110.42978149441876]}], "rb_4XMM.renamed.noAb_Nup120_715-1036_Nup85_553-744_Nup145c_92-99_554-712_remaining_updated_1.pdb_39": [{"rot": [[-0.9953292069813943, 0.056347528706158334, 0.07838830103080492], [-0.06163398161765392, -0.995865019460411, -0.06673915885796501], [0.0743035802619371, -0.0712588171654754, 0.9946864626285179]], "trans": [19.97388839814812, 959.556708782909, 81.14765453263561]}], "rb_4XMM.renamed.noAb_Nup120_715-1036_Nup85_553-744_Nup145c_92-99_554-712_remaining_updated_1.pdb_40": [{"rot": [[-0.7476131086808309, -0.6635361115005562, 0.028186316951745047], [0.6621705378708016, -0.7479921469082774, -0.045143404163153995], [0.051037422588490214, -0.015085652066316818, 0.9985827980679702]], "trans": [376.52617845351557, 807.7765340730448, 53.5079497460157]}], "rb_4XMM.renamed.noAb_Nup120_715-1036_Nup85_553-744_Nup145c_92-99_554-712_remaining_updated_1.pdb_41": [{"rot": [[-0.06218201600631301, -0.9980335771653983, 0.007897831083794271], [0.9980511234695988, -0.062137750272375336, 0.005731922204458677], [-0.005229897366171461, 0.00823886166441859, 0.9999523835323422]], "trans": [521.7512180913916, 447.5755909563551, 43.72640081958491]}], "rb_4XMM.renamed.noAb_Nup120_715-1036_Nup85_553-744_Nup145c_92-99_554-712_remaining_updated_1.pdb_42": [{"rot": [[0.6594288723750197, -0.7511915364876369, 0.029408124516048864], [0.749244192218705, 0.659914994350991, 0.05608333671662373], [-0.06153619020339576, -0.014949104992377612, 0.9979928965454496]], "trans": [370.57604475811263, 89.96478753907445, 57.55718193547284]}], "rb_4XMM.renamed.noAb_Nup120_2-711_3F7F_updated_1.pdb_42": [{"rot": [[0.970729960636264, 0.2397475991801868, 0.01429797924373365], [-0.22946235799887954, 0.9082124319638853, 0.34999600667413233], [0.07092509982165535, -0.3430324578135162, 0.9366420677621239]], "trans": [-127.71559816651825, 88.36574929188589, 179.38942372452965]}], "rb_4XMM.renamed.noAb_Nup120_2-711_3F7F_updated_1.pdb_43": [{"rot": [[0.527824792480851, 0.8034660923806899, 0.2753964902409817], [-0.8423030045377254, 0.45347303624346913, 0.2913552023679169], [0.10920914334096246, -0.3857517903971853, 0.9161162149073114]], "trans": [-340.41556588307753, 301.5024064028364, 195.34715601124674]}], "rb_4XMM.renamed.noAb_Nup120_2-711_3F7F_updated_1.pdb_44": [{"rot": [[-0.21745876353770577, 0.8816787357543114, 0.4187532603805379], [-0.9612938258314299, -0.26782215852583335, 0.06469522255109172], [0.16919180411303641, -0.38847638064783524, 0.9057926004885077]], "trans": [-340.63290594700976, 603.0337130623313, 193.93862546319062]}], "rb_4XMM.renamed.noAb_Nup120_2-711_3F7F_updated_1.pdb_45": [{"rot": [[-0.8285230918055961, 0.42856746001451296, 0.36038787238419145], [-0.5167283209955611, -0.8331282569859184, -0.19720332069393162], [0.21573439370207936, -0.3496101251799125, 0.9117189433952121]], "trans": [-128.23838414510504, 816.318495032995, 176.0129740368796]}], "rb_4XMM.renamed.noAb_Nup120_2-711_3F7F_updated_1.pdb_46": [{"rot": [[-0.9473980928164614, -0.2904287606413443, 0.13449159349217277], [0.23096076886341127, -0.9112809758428798, -0.3409165679647588], [0.22157160687631666, -0.29192142446072844, 0.9304235083912409]], "trans": [172.34620722758746, 816.4116365161652, 152.0953059907187]}], "rb_4XMM.renamed.noAb_Nup120_2-711_3F7F_updated_1.pdb_47": [{"rot": [[-0.5044451148406225, -0.8541118023063473, -0.12660235098304112], [0.8437666324899337, -0.45649735043697415, -0.2822552726533526], [0.18328392185357445, -0.24920513278226106, 0.9509488975675545]], "trans": [385.0360896414698, 603.258690712886, 136.22093340645472]}], "rb_4XMM.renamed.noAb_Nup120_2-711_3F7F_updated_1.pdb_48": [{"rot": [[0.24084774198668446, -0.9322681912422505, -0.269941446943253], [0.962698954408913, 0.26480395901990084, -0.055584048677398926], [0.12330080437653386, -0.24648505610946936, 0.9612710485366812]], "trans": [385.23644439041175, 301.72777552643356, 137.71329247378952]}], "rb_4XMM.renamed.noAb_Nup120_2-711_3F7F_updated_1.pdb_49": [{"rot": [[0.8518774135067421, -0.4791128128053174, -0.21155563089371762], [0.5180855034944714, 0.8300744750994448, 0.2063099048937307], [0.07676121042520176, -0.2853546537103556, 0.9553430997185773]], "trans": [172.83181417674461, 88.46006945411557, 155.72214311000207]}]}
