{"rb_ScNup133N_56-480_renamed_1.pdb_0": [{"rot": [[-0.7688883788099852, -0.051510865941202244, 0.6373047086135024], [-0.6147819451562442, -0.21426809798288254, -0.7590338214445411], [0.1756525571714185, -0.975415712851083, 0.13308030012874267]], "trans": [902.4269286508423, 837.2357309329703, 379.37384839216423]}], "rb_ScNup133N_56-480_renamed_1.pdb_1": [{"rot": [[-0.9750397069803324, -0.20685801606260432, -0.08066802961738687], [0.11728999450956643, -0.17138904946737088, -0.978196734256774], [0.18852221884874512, -0.9632422098897634, 0.19137350414054555]], "trans": [921.7948350417831, 116.53991751756573, 381.37787006913476]}], "rb_ScNup133N_56-480_renamed_1.pdb_2": [{"rot": [[-0.604831489250655, -0.2865201951468723, -0.7430242576012129], [0.7809672414624291, -0.030885034384038668, -0.6238078890280736], [0.15578522835429381, -0.9575762593256454, 0.24244312776918545]], "trans": [427.48209025005804, -406.59834814756715, 423.3642096177233]}], "rb_ScNup133N_56-480_renamed_1.pdb_3": [{"rot": [[0.12486308049713257, -0.24383017544971702, -0.9617463577622358], [0.9874583065881748, 0.12493471412468538, 0.09652673182387006], [0.09661937631128037, -0.9617370548890913, 0.25637186541131196]], "trans": [-290.93401667637545, -425.71717699106796, 480.7606822241654]}], "rb_ScNup133N_56-480_renamed_1.pdb_4": [{"rot": [[0.786578634611342, -0.10379637243901002, -0.6087038398445165], [0.6157978124121237, 0.20478879032393663, 0.7608249506858339], [0.045684853085015575, -0.9732871438718179, 0.2250000661609669]], "trans": [-812.5932872936405, 70.38362729425205, 519.9676298465301]}], "rb_ScNup133N_56-480_renamed_1.pdb_5": [{"rot": [[0.9926728713025571, 0.051547437604954574, 0.10928601125624245], [-0.11629028316442551, 0.16189755043371945, 0.9799315043435936], [0.03281982055822315, -0.9854603212914886, 0.16670577236137163]], "trans": [-831.8984521391644, 791.0813353318911, 518.0410746508612]}], "rb_ScNup133N_56-480_renamed_1.pdb_6": [{"rot": [[0.622412880788327, 0.1311986604107005, 0.7716146171083161], [-0.7799384513105829, 0.021387287548205444, 0.6254906842620277], [0.06556079618205646, -0.9911253681738591, 0.1156386032698717]], "trans": [-337.53836010435094, 1314.1811847108968, 476.1336247363963]}], "rb_ScNup133N_56-480_renamed_1.pdb_7": [{"rot": [[-0.10729781382224651, 0.08849648657637998, 0.9902805415702172], [-0.9863722376871584, -0.1344291051395645, -0.09486107953951978], [0.12472765478831765, -0.9869636201780752, 0.10171442658735166]], "trans": [380.8857897587721, 1333.244024752351, 418.8192600592595]}], "rb_ScNup133C_490_881_renamed_relative_3CQC_1.pdb_7": [{"rot": [[0.836912610504982, 0.34086080865023255, -0.42824197774628225], [-0.23201242324137758, 0.9295712714901614, 0.2864742338881985], [0.4957292787796598, -0.1403964399351918, 0.8570538616762216]], "trans": [139.07765811494852, 58.50553103155275, -197.42672233822157]}], "rb_ScNup133C_490_881_renamed_relative_3CQC_1.pdb_8": [{"rot": [[0.43955624087580997, 0.8942131706520189, -0.08469425328551694], [-0.7253281604638713, 0.40898658964411044, 0.5537409404490314], [0.529801255892457, -0.1819691592653668, 0.8283706020441768]], "trans": [-179.7750448154597, 70.65770744966301, -172.03007534876912]}], "rb_ScNup133C_490_881_renamed_relative_3CQC_1.pdb_9": [{"rot": [[-0.18925530303339844, 0.9186792506177736, 0.34671438498871593], [-0.7921466978177919, -0.35149607741483463, 0.4989530205323479], [0.580246533302962, -0.1802191500544589, 0.794251231376788]], "trans": [-396.7538988714832, 305.42920905166466, -155.83655306030596]}], "rb_ScNup133C_490_881_renamed_relative_3CQC_1.pdb_10": [{"rot": [[-0.6811553525578596, 0.39992647393183006, 0.6132586739135713], [-0.3933247939798363, -0.9063752605179384, 0.1542060101350118], [0.6175135562256897, -0.1361715923733481, 0.7746833580941374]], "trans": [-384.74771860599776, 625.2876967161121, -158.30854425689097]}], "rb_ScNup133C_490_881_renamed_relative_3CQC_1.pdb_11": [{"rot": [[-0.7479819228954463, -0.3581524684090346, 0.5587932107623947], [0.23750205639287703, -0.930594910406921, -0.2785424311193706], [0.6197707771674825, -0.07563016658219213, 0.781130118272215]], "trans": [-150.7879803664025, 842.8556751596752, -177.9739167393023]}], "rb_ScNup133C_490_881_renamed_relative_3CQC_1.pdb_12": [{"rot": [[-0.3505870668877587, -0.9114642430684546, 0.2152246318121764], [0.7307865896934221, -0.40996681467975354, -0.5457821645909604], [0.5856958842738232, -0.034060893543554016, 0.8098149088993846]], "trans": [168.07031569350227, 830.6788716967983, -203.28841312440517]}], "rb_ScNup133C_490_881_renamed_relative_3CQC_1.pdb_13": [{"rot": [[0.27822970554843024, -0.9358710107549199, -0.21617974507108279], [0.7975557710024207, 0.3505177473304398, -0.4909603863318587], [0.5352504302578072, -0.0358156395302176, 0.8439337751707023]], "trans": [385.0373971791137, 595.890746284143, -219.39843959422046]}], "rb_ScNup133C_490_881_renamed_relative_3CQC_1.pdb_14": [{"rot": [[0.7700986628035099, -0.417074942822274, -0.48269715310745565], [0.3986952724636047, 0.9053561963657636, -0.14619246703332045], [0.4979860733629181, -0.07986644960127706, 0.8634994041484155]], "trans": [373.01280185957523, 276.0336100961907, -216.84251059017066]}], "rb_ScNup84_506-726_ScNup133C_882_1155_renamed_relative_3CQC_new_1.pdb_14": [{"rot": [[0.9851956142669693, 0.1269821564527537, 0.1151743616076779], [-0.14262431718760324, 0.9798726055669191, 0.13967097410079782], [-0.09512048031784591, -0.1540298958063147, 0.9834769369039607]], "trans": [-63.35818664577323, 51.15701388067788, 105.50281881800908]}], "rb_ScNup84_506-726_ScNup133C_882_1155_renamed_relative_3CQC_new_1.pdb_15": [{"rot": [[0.5960174639871352, 0.7777780065334796, 0.1995609059288649], [-0.8006587935827154, 0.5945033325933888, 0.07423802121570819], [-0.06089892347992229, -0.2040273513236884, 0.9770691690104776]], "trans": [-322.4823311473423, 225.57952998381936, 125.34920803175405]}], "rb_ScNup84_506-726_ScNup133C_882_1155_renamed_relative_3CQC_new_1.pdb_16": [{"rot": [[-0.14311824483935293, 0.9664847840101212, 0.21312984368926519], [-0.9897050231506874, -0.13952845077697335, -0.031871281337169724], [-0.0010654315549786242, -0.21549703872834375, 0.9765039125138795]], "trans": [-382.827914449048, 532.6781409311732, 128.70618322181494]}], "rb_ScNup84_506-726_ScNup133C_882_1155_renamed_relative_3CQC_new_1.pdb_17": [{"rot": [[-0.7992153921684438, 0.5825553978712998, 0.1479322998268139], [-0.5990170590587649, -0.7922165759976638, -0.11649660798119424], [0.049328692235116926, -0.18171985341604127, 0.9821123026399903]], "trans": [-209.04172964076284, 792.550267134545, 113.63118588969053]}], "rb_ScNup84_506-726_ScNup133C_882_1155_renamed_relative_3CQC_new_1.pdb_18": [{"rot": [[-0.9879230181249786, -0.14909890407851858, 0.04216191482150339], [0.1425345806277105, -0.9812071364118363, -0.13006324915118997], [0.06076185961698091, -0.12248294680104056, 0.9906088653746329]], "trans": [97.07173917087755, 852.9592696621992, 88.97936693118828]}], "rb_ScNup84_506-726_ScNup133C_882_1155_renamed_relative_3CQC_new_1.pdb_19": [{"rot": [[-0.5986935346460935, -0.7998647154314728, -0.04221952842812679], [0.8005384895022817, -0.595786796961967, -0.06462367516013307], [0.02653635993065742, -0.07248813401879237, 0.9970161944663194]], "trans": [356.18881909536793, 678.5168198616798, 69.2161143840325]}], "rb_ScNup84_506-726_ScNup133C_882_1155_renamed_relative_3CQC_new_1.pdb_20": [{"rot": [[0.14045693871056325, -0.9885142480990626, -0.055780190688093555], [0.9895266998911104, 0.13825977307542409, 0.0414866888500221], [-0.033298026528059695, -0.06102308132399789, 0.9975807861898001]], "trans": [416.51698450137906, 371.41388125985293, 65.9430251533945]}], "rb_ScNup84_506-726_ScNup133C_882_1155_renamed_relative_3CQC_new_1.pdb_21": [{"rot": [[0.7965236326309885, -0.6045339458862027, 0.0094239551988295], [0.5987872534146534, 0.7909177429157962, 0.12610689548599413], [-0.08368947250680489, -0.0948041782425107, 0.9919718947527155]], "trans": [242.7170588062005, 111.5558022362826, 81.101525962327]}], "rb_4XMM.renamed.noAb_Nup145c_149-550_Sec13_Nup84_7-436_3IKO_updated_1.pdb_21": [{"rot": [[0.9952211566145481, -0.0017902754114473578, 0.09763014053434146], [0.0038258443748974717, 0.999779103251115, -0.02066658213683144], [-0.09757157547986586, 0.02094133750147067, 0.9950081648117413]], "trans": [-28.055640580510158, 2.6105994446561454, 45.23267679473361]}], "rb_4XMM.renamed.noAb_Nup145c_149-550_Sec13_Nup84_7-436_3IKO_updated_1.pdb_22": [{"rot": [[0.7063223837708886, 0.7039787023486134, 0.0743147147190542], [-0.7043107290831437, 0.7094115685469548, -0.026107916617805087], [-0.07109913559659185, -0.03390004500460317, 0.9968930232808865]], "trans": [-332.8710736502046, 162.90089944592467, 68.78970453417088]}], "rb_4XMM.renamed.noAb_Nup145c_149-550_Sec13_Nup84_7-436_3IKO_updated_1.pdb_23": [{"rot": [[0.002804287356065027, 0.998537721991015, 0.05398660698193064], [-0.9999037711125622, 0.0035334171944002013, -0.013415046694265697], [-0.013586187371872432, -0.05394379226497842, 0.998451542534124]], "trans": [-435.49884169449456, 492.421922983375, 75.40773603585984]}], "rb_4XMM.renamed.noAb_Nup145c_149-550_Sec13_Nup84_7-436_3IKO_updated_1.pdb_24": [{"rot": [[-0.7032023121449595, 0.7093299565270613, 0.04855430946169686], [-0.7097907098306319, -0.7043419768622882, 0.009976365463111427], [0.04127537319168174, -0.02744799451769088, 0.9987707200177857]], "trans": [-275.8162378022411, 798.1357250175163, 61.23384003305381]}], "rb_4XMM.renamed.noAb_Nup145c_149-550_Sec13_Nup84_7-436_3IKO_updated_1.pdb_25": [{"rot": [[-0.9981087940514318, 0.005777392795029935, 0.06120013864110086], [-0.003923867130471961, -0.9995312267416462, 0.030363300793623357], [0.061346870367936714, 0.030065736326150123, 0.9976635770615402]], "trans": [52.634330481022175, 900.9509665473195, 34.59528955731622]}], "rb_4XMM.renamed.noAb_Nup145c_149-550_Sec13_Nup84_7-436_3IKO_updated_1.pdb_26": [{"rot": [[-0.7091547830811459, -0.6999689572797065, 0.0845159894806563], [0.7041900078116818, -0.7091083076959227, 0.035802805124868026], [0.03487013810293217, 0.08490504579461766, 0.9957786936198713]], "trans": [357.4438024412107, 740.6371461848994, 11.121327982082903]}], "rb_4XMM.renamed.noAb_Nup145c_149-550_Sec13_Nup84_7-436_3IKO_updated_1.pdb_27": [{"rot": [[-0.00561361311205022, -0.9944729307998319, 0.10484310780505479], [0.9997278226490796, -0.003207060665261663, 0.02310834012259126], [-0.022644380520567296, 0.10494429316681995, 0.9942202609897657]], "trans": [460.05240492975565, 411.1084771186088, 4.5873378821699475]}], "rb_4XMM.renamed.noAb_Nup145c_149-550_Sec13_Nup84_7-436_3IKO_updated_1.pdb_28": [{"rot": [[0.700370378557463, -0.7052099475712299, 0.11027358108749528], [0.7095593583667841, 0.7046456106321933, -0.0002834976229166841], [-0.07750386953820311, 0.07844420477873294, 0.9939012309798386]], "trans": [300.35248516683566, 105.40761683689414, 18.845027688553557]}], "rb_4XMM.renamed.noAb_Seh1_Nup85_47_544_3F3F_1.pdb_28": [{"rot": [[0.7144716972716597, -0.6722831915023656, 0.19381822468785193], [0.3284843852756779, 0.5668971908555392, 0.7554638201993273], [-0.6177606352203231, -0.4760912574533324, 0.6258665290209177]], "trans": [434.2501198887363, -138.39868329714318, 659.7610448640992]}], "rb_4XMM.renamed.noAb_Seh1_Nup85_47_544_3F3F_1.pdb_29": [{"rot": [[0.7258845784513609, -0.08636501052765129, 0.682372818716464], [-0.3068450875883862, 0.8472313878847509, 0.43364163500032776], [-0.6155791346280096, -0.5241565227481583, 0.5884915196255539]], "trans": [-92.38455704649112, -227.22684441458665, 702.2105188010541]}], "rb_4XMM.renamed.noAb_Seh1_Nup85_47_544_3F3F_1.pdb_30": [{"rot": [[0.28611807664453964, 0.5256995110557325, 0.8011095245301957], [-0.7640041902815853, 0.6297531532509364, -0.14038719030839328], [-0.5783027264758586, -0.5718837207389885, 0.5818203902445511]], "trans": [-527.5217580897195, 83.56093927771926, 735.4227570814141]}], "rb_4XMM.renamed.noAb_Seh1_Nup85_47_544_3F3F_1.pdb_31": [{"rot": [[-0.34720639068269255, 0.8053543463944851, 0.4804707056758108], [-0.7751826745028955, 0.04186430324569185, -0.6303484760545497], [-0.5277684562567546, -0.5913135858893037, 0.6097611825322251]], "trans": [-616.2500620960266, 611.9009187802516, 739.9655671291712]}], "rb_4XMM.renamed.noAb_Seh1_Nup85_47_544_3F3F_1.pdb_32": [{"rot": [[-0.8030784206950533, 0.5887737498139871, -0.09170889675444568], [-0.333832026578846, -0.5720415845651247, -0.7492159925939142], [-0.4935800119982593, -0.5710638292329501, 0.6559457864012852]], "trans": [-306.5892641701683, 1048.2842013018947, 713.2017116659139]}], "rb_4XMM.renamed.noAb_Seh1_Nup85_47_544_3F3F_1.pdb_33": [{"rot": [[-0.8144417504156791, 0.002833688577506377, -0.5802384039245355], [0.3014983208925193, -0.8523297850289191, -0.42735547270574425], [-0.49576546640406305, -0.5229970437407886, 0.6933186097023212]], "trans": [220.05888738490086, 1137.0714237323664, 670.833839493567]}], "rb_4XMM.renamed.noAb_Seh1_Nup85_47_544_3F3F_1.pdb_34": [{"rot": [[-0.37463958107127826, -0.6092138876877634, -0.6989303422681691], [0.7586228922045751, -0.6348035182503743, 0.14668265282614001], [-0.5330445494683388, -0.47527143009580286, 0.6999861255887775]], "trans": [655.1783929885485, 826.2498960672398, 637.7056524188756]}], "rb_4XMM.renamed.noAb_Seh1_Nup85_47_544_3F3F_1.pdb_35": [{"rot": [[0.25868577532561154, -0.8888228789348025, -0.37825330074731534], [0.7697516680262646, -0.04689273842872321, 0.6366187561275909], [-0.5835786486969626, -0.455845325702378, 0.6720424092423947]], "trans": [743.8720244123926, 297.9033685914651, 633.248114438818]}], "rb_4XMM.renamed.noAb_Nup120_715-1036_Nup85_553-744_Nup145c_92-99_554-712_remaining_updated_1.pdb_35": [{"rot": [[0.9928493022652702, -0.05504352925462881, 0.105926733540499], [0.0557874491599412, 0.9984343700303162, -0.0040705353937059], [-0.1055368348378519, 0.009950810487556222, 0.9943656057321411]], "trans": [0.8998267239855977, -30.397743719569462, 53.6670166428089]}], "rb_4XMM.renamed.noAb_Nup120_715-1036_Nup85_553-744_Nup145c_92-99_554-712_remaining_updated_1.pdb_36": [{"rot": [[0.7411158044843638, 0.6650599381012937, 0.09188385645039285], [-0.6663558814554259, 0.7453586338197147, -0.02025700471860241], [-0.08195854801822297, -0.046214561808054805, 0.9955636648068433]], "trans": [-335.4471276720318, 119.63974796834377, 79.78718663018975]}], "rb_4XMM.renamed.noAb_Nup120_715-1036_Nup85_553-744_Nup145c_92-99_554-712_remaining_updated_1.pdb_37": [{"rot": [[0.054013899945535626, 0.9960454375264911, 0.07054066199953754], [-0.998212544170199, 0.0556708157431679, -0.02173653458458881], [-0.02557763229719383, -0.06924049867779385, 0.9972720481738763]], "trans": [-467.60636902357095, 464.28092513328374, 88.68549272724462]}], "rb_4XMM.renamed.noAb_Nup120_715-1036_Nup85_553-744_Nup145c_92-99_554-712_remaining_updated_1.pdb_38": [{"rot": [[-0.6659424275355149, 0.744016996562141, 0.0544002944362859], [-0.74537622678712, -0.6666002357718482, -0.007642395534799215], [0.030577176924944938, -0.04563808163765795, 0.9984899607686265]], "trans": [-318.15523696233316, 801.6302435466104, 75.17318665738952]}], "rb_4XMM.renamed.noAb_Nup120_715-1036_Nup85_553-744_Nup145c_92-99_554-712_remaining_updated_1.pdb_39": [{"rot": [[-0.9969926099361708, 0.056616429526177556, 0.05291800865837339], [-0.0559620090212718, -0.9983379547260107, 0.013768867048039075], [0.0536096006230545, 0.010766060616160996, 0.9985039322205214]], "trans": [25.35760142851001, 934.0638326515862, 47.1899727410476]}], "rb_4XMM.renamed.noAb_Nup120_715-1036_Nup85_553-744_Nup145c_92-99_554-712_remaining_updated_1.pdb_40": [{"rot": [[-0.7452027825985563, -0.6634673190637368, 0.06696214857473057], [0.6661615396196412, -0.7452057078541345, 0.029954233644096946], [0.030026920237608078, 0.0669295862529701, 0.9973057778560437]], "trans": [361.69939522784506, 784.00034543209, 21.152817154914715]}], "rb_4XMM.renamed.noAb_Nup120_715-1036_Nup85_553-744_Nup145c_92-99_554-712_remaining_updated_1.pdb_41": [{"rot": [[-0.05807497661361144, -0.9943990361027752, 0.0883054589999826], [0.9979642623997367, -0.05549193453844531, 0.031432088287734694], [-0.02635579754580634, 0.08995111004901511, 0.9955973933958806]], "trans": [493.8382925479931, 439.3492053916515, 12.338657666427935]}], "rb_4XMM.renamed.noAb_Nup120_715-1036_Nup85_553-744_Nup145c_92-99_554-712_remaining_updated_1.pdb_42": [{"rot": [[0.6618616507706188, -0.7423142556122586, 0.10444472774633984], [0.7450714458960432, 0.6667593118485224, 0.017336682890958854], [-0.08250876165334384, 0.06634429876108733, 0.9943795745450168]], "trans": [344.3673775196226, 102.01202674221429, 25.93495808477809]}], "rb_4XMM.renamed.noAb_Nup120_2-711_3F7F_updated_1.pdb_42": [{"rot": [[0.9998239302535773, -0.00530814181646171, -0.017998114421983916], [0.010470465373299737, 0.9537690191382279, 0.30035816534093085], [0.015571700201231274, -0.3004937299887632, 0.9536566679839679]], "trans": [8.876747075059257, -67.72730848159779, 182.38373323276582]}], "rb_4XMM.renamed.noAb_Nup120_2-711_3F7F_updated_1.pdb_43": [{"rot": [[0.7165066036016623, 0.6626936513040964, 0.21784263016327965], [-0.6963392314713959, 0.6608427258291634, 0.2799974400463467], [0.04159280838121732, -0.35231238445437346, 0.9349577648487859]], "trans": [-353.5643074262099, 95.03614593946715, 210.52184675621967]}], "rb_4XMM.renamed.noAb_Nup120_2-711_3F7F_updated_1.pdb_44": [{"rot": [[0.017871940812407505, 0.9287337848184122, 0.3703162846385042], [-0.9949536373658711, -0.02005366843357792, 0.09831129067802663], [0.09873121706948176, -0.37020454794508395, 0.9236886593743345]], "trans": [-495.2111881208031, 467.18226089688835, 220.0425519464011]}], "rb_4XMM.renamed.noAb_Nup120_2-711_3F7F_updated_1.pdb_45": [{"rot": [[-0.6868100219034958, 0.6369621973479163, 0.35010163233357505], [-0.7104402228740188, -0.6900414552517229, -0.13826597468936122], [0.15351444080487686, -0.34368873880853124, 0.9264509524419342]], "trans": [-333.08324173754625, 830.7027117835667, 205.3924903621455]}], "rb_4XMM.renamed.noAb_Nup120_2-711_3F7F_updated_1.pdb_46": [{"rot": [[-0.9847266547713978, -0.04169720118779094, 0.16904070159531726], [-0.00947095784431096, -0.9566323422794082, -0.29114405826415946], [0.17384969467975342, -0.2882982919098167, 0.9416264538242533]], "trans": [37.8446080674687, 972.6422096269081, 175.17787954656433]}], "rb_4XMM.renamed.noAb_Nup120_2-711_3F7F_updated_1.pdb_47": [{"rot": [[-0.7013541936327576, -0.7096761660289727, -0.06679846139067427], [0.6973164786022125, -0.6636536289643088, -0.2707648231072728], [0.14782430024712917, -0.23648171204750854, 0.9603251408369589]], "trans": [400.2795101350451, 809.8507120385431, 147.12286944262436]}], "rb_4XMM.renamed.noAb_Nup120_2-711_3F7F_updated_1.pdb_48": [{"rot": [[-0.002696221774293406, -0.9756632010682609, -0.21925794961500772], [0.9958760404923248, 0.01726362343373211, -0.08906671252082142], [0.09068430052369693, -0.218593882318723, 0.9715930589765219]], "trans": [541.9039018411419, 437.69389046103163, 137.68648544604235]}], "rb_4XMM.renamed.noAb_Nup120_2-711_3F7F_updated_1.pdb_49": [{"rot": [[0.7019635698119038, -0.6838393507624465, -0.19902484519708463], [0.7113073267809755, 0.6872284875266836, 0.14750895837029238], [0.03590311302143932, -0.2451137455969818, 0.9688293029191404]], "trans": [379.7541309596683, 74.1865751808433, 152.42069925621712]}]}
