{"rb_ScNup133N_56-480_renamed_1.pdb_0": [{"rot": [[0.8382473642030984, -0.23469822192051246, -0.4921972176210548], [0.07277586101503389, 0.9427104659591138, -0.32557741233794335], [0.5404119081405206, 0.2370943314347701, 0.8073049284758648]], "trans": [294.8631622705101, 70.29499370735385, -314.2282602940716]}], "rb_ScNup133N_56-480_renamed_1.pdb_1": [{"rot": [[0.6562584195067553, 0.5029008059194482, -0.5625083699217862], [-0.5081794184358257, 0.8456536844865759, 0.1631671676303317], [0.5577441756797837, 0.1787753487476623, 0.8105311895142777]], "trans": [-63.32975715778798, -37.52563350642117, -285.11223011219846]}], "rb_ScNup133N_56-480_renamed_1.pdb_2": [{"rot": [[0.11801399560464876, 0.9562388159519601, -0.2677312527670589], [-0.789715241368933, 0.2538325587858249, 0.5584969737159262], [0.6020153938156675, 0.1455209914996238, 0.7851121618227123]], "trans": [-392.7045993549582, 140.35291554117262, -259.6832405293911]}], "rb_ScNup133N_56-480_renamed_1.pdb_3": [{"rot": [[-0.46117473473498966, 0.8597440098340366, 0.21944954225653554], [-0.6069039530549708, -0.48605575102976617, 0.6288222313636334], [0.6472908587399955, 0.1568121310529927, 0.7459386702311774]], "trans": [-500.30702423735977, 499.72699552569304, -252.81394729082427]}], "rb_ScNup133N_56-480_renamed_1.pdb_4": [{"rot": [[-0.7420108467181026, 0.2699444055663237, 0.613636636174966], [-0.06683898382742332, -0.9405742406450565, 0.3329454130572934], [0.6670475647160411, 0.20603425865233782, 0.715959098460226]], "trans": [-323.10010077542694, 830.0703200128592, -268.50447433149884]}], "rb_ScNup133N_56-480_renamed_1.pdb_5": [{"rot": [[-0.5599765861558033, -0.46764707249673215, 0.6839096713327916], [0.5141019924241459, -0.8434595701327052, -0.1558046691761014], [0.6497117548134822, 0.2643523579179635, 0.712735902365243]], "trans": [35.10776998848243, 937.8632284723933, -297.53908477336955]}], "rb_ScNup133N_56-480_renamed_1.pdb_6": [{"rot": [[-0.021710189568561078, -0.9209389364659523, 0.3891017128847626], [0.7955955605438026, -0.25160288279570214, -0.551111325788069], [0.6054389909081576, 0.2976028640148667, 0.7381572756657345]], "trans": [364.4752799691571, 759.9592320438712, -322.8848895303948]}], "rb_ScNup133N_56-480_renamed_1.pdb_7": [{"rot": [[0.5574642983666264, -0.824386421012886, -0.09808458031805167], [0.6127388192677417, 0.4882778287446451, -0.6213983435114607], [0.5601648823417774, 0.28630716163934555, 0.777331019440909]], "trans": [472.0562110772902, 400.57711707664976, -329.6699538988757]}], "rb_ScNup133C_490_881_renamed_relative_3CQC_1.pdb_7": [{"rot": [[0.9758481635184706, 0.10441057911761768, -0.1918822366086878], [-0.08918863340534196, 0.9922649055653499, 0.0863466551446856], [0.1994135136567135, -0.06714751039101478, 0.9776121226843357]], "trans": [48.72195804276009, 23.812696634848265, -89.14340455208952]}], "rb_ScNup133C_490_881_renamed_relative_3CQC_1.pdb_8": [{"rot": [[0.6328849142236036, 0.7722300893123613, -0.055833453312547854], [-0.7393217782505841, 0.6241779098717496, 0.252597001234235], [0.22991301301269595, -0.11858594347036445, 0.9659593057984727]], "trans": [-266.1494317049103, 116.0428718266576, -64.45371015301816]}], "rb_ScNup133C_490_881_renamed_relative_3CQC_1.pdb_9": [{"rot": [[-0.06799033384010983, 0.9851609945788425, 0.15759165353766585], [-0.9555659587295601, -0.10971423816915965, 0.2735991309566189], [0.2868292401788329, -0.1319871232483919, 0.9488458179678334]], "trans": [-423.86558145167345, 404.59090787869377, -53.245440588545364]}], "rb_ScNup133C_490_881_renamed_relative_3CQC_1.pdb_10": [{"rot": [[-0.7161949780159488, 0.6184653682861929, 0.32336564705509163], [-0.6112422848747414, -0.7794871703557262, 0.13704970059043584], [0.3368198667623983, -0.0995004496544939, 0.9362969816637846]], "trans": [-332.0322335389005, 720.4214135395456, -62.0605533049532]}], "rb_ScNup133C_490_881_renamed_relative_3CQC_1.pdb_11": [{"rot": [[-0.9320015980602239, -0.11304132127502298, 0.34437578442391287], [0.09193958020591791, -0.9927784592147154, -0.07705870820883605], [0.3505996788429046, -0.040157074142073465, 0.9356640821318297]], "trans": [-44.444744684835655, 878.5165421781353, -85.71102607869426]}], "rb_ScNup133C_490_881_renamed_relative_3CQC_1.pdb_12": [{"rot": [[-0.5889876330776563, -0.7808321411155218, 0.2083140309305372], [0.7420457850838699, -0.6246390603253587, -0.24329837063801918], [0.32009626820824094, 0.011278817172098735, 0.9473178808416713]], "trans": [270.4259924954808, 786.2620550918426, -110.31807358605852]}], "rb_ScNup133C_490_881_renamed_relative_3CQC_1.pdb_13": [{"rot": [[0.11190449974805944, -0.9937058131221799, -0.005112719757891626], [0.9582349484441217, 0.1092697756774344, -0.2642837484668579], [0.26317896290628323, 0.024675353910113176, 0.9644314181905227]], "trans": [428.1261738236893, 497.7020483992657, -121.4425355366754]}], "rb_ScNup133C_490_881_renamed_relative_3CQC_1.pdb_14": [{"rot": [[0.7600823064285464, -0.6269579387147219, -0.17087606777090733], [0.6138604101230347, 0.7790139045486401, -0.12772131146939109], [0.213190722916923, -0.007815344040327118, 0.9769793426985497]], "trans": [336.2747228444324, 181.87915951218957, -112.5435403637735]}], "rb_ScNup84_506-726_ScNup133C_882_1155_renamed_relative_3CQC_new_1.pdb_14": [{"rot": [[0.9843188296456943, 0.17631244143065622, 0.005510408486920954], [-0.17585920871169658, 0.9783895613763468, 0.1087538730395209], [0.013783334728114459, -0.10801754110588575, 0.9940534344275521]], "trans": [-45.76049100414309, 78.84808190076629, 25.852936590070044]}], "rb_ScNup84_506-726_ScNup133C_882_1155_renamed_relative_3CQC_new_1.pdb_15": [{"rot": [[0.5741185414118418, 0.8126144065806156, 0.10022837235420816], [-0.8172684873497857, 0.5613387405110691, 0.13027293650808758], [0.04959959669324811, -0.15670559855691546, 0.9863991258049586]], "trans": [-292.059268838075, 228.16989407390062, 44.79919144255382]}], "rb_ScNup84_506-726_ScNup133C_882_1155_renamed_relative_3CQC_new_1.pdb_16": [{"rot": [[-0.1681685263598427, 0.9687365823348608, 0.18239731573718962], [-0.979651544660693, -0.18480487322529016, 0.07829437959459329], [0.10955454251593913, -0.16551916166522107, 0.9801026524480817]], "trans": [-361.0259418879346, 508.429098886936, 48.973907252202594]}], "rb_ScNup84_506-726_ScNup133C_882_1155_renamed_relative_3CQC_new_1.pdb_17": [{"rot": [[-0.8077001431210507, 0.5532203968138775, 0.20388151302001312], [-0.5678820960705814, -0.8229398302810177, -0.016732026163384442], [0.15852571956851902, -0.12929512089071737, 0.9788525772296548]], "trans": [-212.2569473117604, 755.4460193007883, 35.95548153541762]}], "rb_ScNup84_506-726_ScNup133C_882_1155_renamed_relative_3CQC_new_1.pdb_18": [{"rot": [[-0.9698296703772702, -0.19051890972592672, 0.152095218507219], [0.17681950948723674, -0.9792376751099741, -0.0991384724005011], [0.16782512183999007, -0.06925403007808355, 0.9833812118386925]], "trans": [67.0986535641648, 824.514777193624, 13.39429653808071]}], "rb_ScNup84_506-726_ScNup133C_882_1155_renamed_relative_3CQC_new_1.pdb_19": [{"rot": [[-0.559579345035474, -0.8267883647893121, 0.057375573711154634], [0.818196571184353, -0.5621369264117448, -0.12065010098016182], [0.13200502835815242, -0.02056880680474093, 0.9910356182674724]], "trans": [313.392324172016, 675.1740371175135, -5.468982554472973]}], "rb_ScNup84_506-726_ScNup133C_882_1155_renamed_relative_3CQC_new_1.pdb_20": [{"rot": [[0.18272040778952642, -0.9828523502008316, -0.024789317899653798], [0.9805213628620274, 0.1840189161056905, -0.06866509656643845], [0.0720493549479848, -0.011759941325861754, 0.9973317373028849]], "trans": [382.34367286822174, 394.9098271086567, -9.559975976404019]}], "rb_ScNup84_506-726_ScNup133C_882_1155_renamed_relative_3CQC_new_1.pdb_21": [{"rot": [[0.8222199264663311, -0.5672863828042225, -0.04626610429462307], [0.568701732775915, 0.8221212390982394, 0.026362992266547706], [0.023080980468158367, -0.04798779124397669, 0.9985812136387063]], "trans": [233.56194071179215, 147.9049899107829, 3.5418828030489067]}], "rb_4XMM.renamed.noAb_Nup145c_149-550_Sec13_Nup84_7-436_3IKO_updated_1.pdb_21": [{"rot": [[0.9967608821922094, -0.028160389409780176, 0.07533084494214853], [0.028118991296507995, 0.999603285898347, 0.0016103259590951212], [-0.07534630753975535, 0.000513117449682199, 0.9971572948389875]], "trans": [-10.779219631929891, -14.487948540283526, 40.737828267365614]}], "rb_4XMM.renamed.noAb_Nup145c_149-550_Sec13_Nup84_7-436_3IKO_updated_1.pdb_22": [{"rot": [[0.724979748606123, 0.6847560252465178, 0.07425328275297022], [-0.6869380353686837, 0.726695304516184, 0.005483608113556259], [-0.05020457822564768, -0.054982909005621264, 0.9972243378711051]], "trans": [-332.76625087440425, 138.37582166541478, 65.6996722826542]}], "rb_4XMM.renamed.noAb_Nup145c_149-550_Sec13_Nup84_7-436_3IKO_updated_1.pdb_23": [{"rot": [[0.02869191126246662, 0.996678025856139, 0.07622130282024714], [-0.999565070746929, 0.0280878380902585, 0.008985693857548702], [0.006814952002245606, -0.07644596867673593, 0.9970504351848417]], "trans": [-452.7755411763927, 474.8283858868061, 73.6693935167828]}], "rb_4XMM.renamed.noAb_Nup145c_149-550_Sec13_Nup84_7-436_3IKO_updated_1.pdb_24": [{"rot": [[-0.6842073970643399, 0.7248773063617588, 0.08008201123948548], [-0.726620789472453, -0.6869650091818461, 0.010065011982832689], [0.06230943836104845, -0.05130269857918147, 0.996737461425838]], "trans": [-300.5020428087336, 797.7712048170232, 60.002221798916366]}], "rb_4XMM.renamed.noAb_Nup145c_149-550_Sec13_Nup84_7-436_3IKO_updated_1.pdb_25": [{"rot": [[-0.9960917096762052, 0.02857856063333022, 0.08357375058270676], [-0.02799980003020987, -0.9995751971229841, 0.008089282713231298], [0.08376942826951649, 0.005717619143786315, 0.9964687610350481]], "trans": [34.85219516773486, 918.0199384281775, 32.72858392968857]}], "rb_4XMM.renamed.noAb_Nup145c_149-550_Sec13_Nup84_7-436_3IKO_updated_1.pdb_26": [{"rot": [[-0.7242547986762917, -0.6843165882691186, 0.08465101070912716], [0.6870358714085832, -0.7266112698335876, 0.004215916112659705], [0.05862335705341144, 0.06121167838357301, 0.9964017424900726]], "trans": [356.83384499090613, 765.1312998588903, 7.849766432373599]}], "rb_4XMM.renamed.noAb_Nup145c_149-550_Sec13_Nup84_7-436_3IKO_updated_1.pdb_27": [{"rot": [[-0.027942559428793312, -0.9961841102969334, 0.08268271744732184], [0.999608246512114, -0.02797934471115937, 0.0007139849502018208], [0.0016021477907318046, 0.08267027677127631, 0.9965756661995192]], "trans": [476.8234295923677, 428.6697261080336, -0.035863710588103004]}], "rb_4XMM.renamed.noAb_Nup145c_149-550_Sec13_Nup84_7-436_3IKO_updated_1.pdb_28": [{"rot": [[0.6849354803125316, -0.7243276137141605, 0.07882192474299134], [0.7266080206742456, 0.6870521457974377, -0.000365030121945116], [-0.05389037113339409, 0.05752266480514235, 0.99688864520207]], "trans": [324.53127179870455, 105.73926798222851, 13.715211727121982]}], "rb_4XMM.renamed.noAb_Seh1_Nup85_47_544_3F3F_1.pdb_28": [{"rot": [[0.6678884151292654, -0.7111407467340487, 0.21955387327635795], [0.27518480310478227, 0.5100476194809249, 0.8149384946129475], [-0.6915189000137985, -0.4838700902064256, 0.5363500225853683]], "trans": [467.9582989685515, -101.9137931679744, 724.621180904801]}], "rb_4XMM.renamed.noAb_Seh1_Nup85_47_544_3F3F_1.pdb_29": [{"rot": [[0.6538259505486006, -0.15414490318383167, 0.7407772777371475], [-0.31595141095339835, 0.8339704131233736, 0.45240253751651227], [-0.6875218776924621, -0.5298421452256037, 0.496569198437594]], "trans": [-41.48372172213544, -221.44880385619072, 765.8496970045878]}], "rb_4XMM.renamed.noAb_Seh1_Nup85_47_544_3F3F_1.pdb_30": [{"rot": [[0.22719058653324922, 0.4681862480029777, 0.8539239278598328], [-0.7238027908840259, 0.66781765462386, -0.17357736050872055], [-0.6515320078853885, -0.5786373798447294, 0.4905963976093314]], "trans": [-486.104474403369, 55.43908182354092, 799.9827720845412]}], "rb_4XMM.renamed.noAb_Seh1_Nup85_47_544_3F3F_1.pdb_31": [{"rot": [[-0.3620886651179634, 0.791282343591915, 0.4927109206347783], [-0.7094442476192824, 0.10892397266529408, -0.6962933488830074], [-0.6046326637827256, -0.6016708576111109, 0.5219305710422686]], "trans": [-605.4369396626059, 566.5451531160253, 807.0487743876524]}], "rb_4XMM.renamed.noAb_Seh1_Nup85_47_544_3F3F_1.pdb_32": [{"rot": [[-0.7688037099503083, 0.6258691351320325, -0.13125807120217725], [-0.28128721825911396, -0.5153028334600803, -0.8095310313212547], [-0.5742981424405652, -0.5854492424771651, 0.5722157181275449]], "trans": [-329.5725634239615, 1012.4563836576987, 782.9323450353131]}], "rb_4XMM.renamed.noAb_Seh1_Nup85_47_544_3F3F_1.pdb_33": [{"rot": [[-0.7546951400188665, 0.06884801246536934, -0.6524532142701605], [0.309847872383178, -0.8391818991260529, -0.44695417679981564], [-0.5782988341778956, -0.5394753853131312, 0.611994090682032]], "trans": [179.88532636352528, 1131.951804044078, 741.7852332849637]}], "rb_4XMM.renamed.noAb_Seh1_Nup85_47_544_3F3F_1.pdb_34": [{"rot": [[-0.3280279545203122, -0.5534701967521136, -0.7655510449084295], [0.7176657532045612, -0.6729803009706712, 0.1790345809690024], [-0.6142910773652352, -0.4906814198770858, 0.6179629571882583]], "trans": [624.4910278453624, 855.0294289225749, 707.7360022754211]}], "rb_4XMM.renamed.noAb_Seh1_Nup85_47_544_3F3F_1.pdb_35": [{"rot": [[0.26125019327298593, -0.8765227108740656, -0.4042972592496745], [0.7032609593877501, -0.11406127863589152, 0.7017222012427416], [-0.6611901084528116, -0.4676515391163773, 0.5866256714858588]], "trans": [743.7901654923629, 343.91440704003367, 700.7551765274194]}], "rb_4XMM.renamed.noAb_Nup120_715-1036_Nup85_553-744_Nup145c_92-99_554-712_remaining_updated_1.pdb_35": [{"rot": [[0.9987262693116402, -0.04372586455501712, 0.025177127631376604], [0.042304581025838645, 0.9976195258959649, 0.05445735923945685], [-0.027498389245164567, -0.053322887393907135, 0.9981986316705184]], "trans": [14.853403090811412, -37.847155765623825, 44.32478480244703]}], "rb_4XMM.renamed.noAb_Nup120_715-1036_Nup85_553-744_Nup145c_92-99_554-712_remaining_updated_1.pdb_36": [{"rot": [[0.7373196942247511, 0.6712581907701515, 0.0759744024806963], [-0.6755365418796305, 0.7331616652916304, 0.07825824641601539], [-0.0031700305402247025, -0.1090248314412027, 0.9940339717713815]], "trans": [-330.9912961316518, 104.00018844197015, 71.24183279780914]}], "rb_4XMM.renamed.noAb_Nup120_715-1036_Nup85_553-744_Nup145c_92-99_554-712_remaining_updated_1.pdb_37": [{"rot": [[0.04640797878616976, 0.990599205583887, 0.12868377287580068], [-0.997490675024449, 0.03906021873684584, 0.0590478835479759], [0.05346637021762352, -0.13110115639763822, 0.9899261760590787]], "trans": [-475.64210354934, 449.5896808111683, 81.13118005731354]}], "rb_4XMM.renamed.noAb_Nup120_715-1036_Nup85_553-744_Nup145c_92-99_554-712_remaining_updated_1.pdb_38": [{"rot": [[-0.6692630522449957, 0.7272227106999944, 0.1524273464371151], [-0.7349525476591043, -0.6780703995461999, 0.008079972069552362], [0.109232410891182, -0.10661923982755192, 0.9882816491817962]], "trans": [-334.358623261323, 796.4702406954316, 68.22351241773288]}], "rb_4XMM.renamed.noAb_Nup120_715-1036_Nup85_553-744_Nup145c_92-99_554-712_remaining_updated_1.pdb_39": [{"rot": [[-0.9904432179291511, 0.03541837043003603, 0.13329580298803428], [-0.041720696581811885, -0.9981249618255807, -0.044787766827642905], [0.13145955855270658, -0.04992093365272397, 0.990063778172075]], "trans": [10.09520322187069, 941.4344618938436, 40.10432848163373]}], "rb_4XMM.renamed.noAb_Nup120_715-1036_Nup85_553-744_Nup145c_92-99_554-712_remaining_updated_1.pdb_40": [{"rot": [[-0.7289806485681818, -0.6795450782546488, 0.08249667043579244], [0.6760998852772504, -0.7336109927487072, -0.06858466626251443], [0.1071268366992942, 0.005779094923514347, 0.9942285667393908]], "trans": [355.9353808866961, 799.5603764280346, 13.270247580462922]}], "rb_4XMM.renamed.noAb_Nup120_715-1036_Nup85_553-744_Nup145c_92-99_554-712_remaining_updated_1.pdb_41": [{"rot": [[-0.038043803915972396, -0.9988319661299455, 0.029788796897261847], [0.99799977979484, -0.03948450504777645, -0.04937016700983251], [0.050488696884052005, 0.02785098379079972, 0.9983362230174916]], "trans": [500.5657706498581, 453.9599407836612, 3.4650575678536484]}], "rb_4XMM.renamed.noAb_Nup120_715-1036_Nup85_553-744_Nup145c_92-99_554-712_remaining_updated_1.pdb_42": [{"rot": [[0.677606770220704, -0.735399532333386, 0.0060491978723305525], [0.7354054899740399, 0.6776254175985306, 0.001599606343742384], [-0.005275439991479811, 0.0033647092370433502, 0.999980424040712]], "trans": [359.26176423886375, 107.09087992251841, 16.456781907558195]}], "rb_4XMM.renamed.noAb_Nup120_2-711_3F7F_updated_1.pdb_42": [{"rot": [[0.9858259896436994, 0.13407274506685507, 0.10085443556561485], [-0.161928804119348, 0.9176372879427381, 0.362933699418467], [-0.04388827337112372, -0.37412071154553095, 0.9263409267937843]], "trans": [-98.44163145875132, 38.942340782038286, 273.4604339062678]}], "rb_4XMM.renamed.noAb_Nup120_2-711_3F7F_updated_1.pdb_43": [{"rot": [[0.5838677105134237, 0.7345785895276176, 0.345677295215391], [-0.8118023277292834, 0.5328225159081982, 0.23890824019814558], [-0.008687768017726583, -0.42011244012629945, 0.9074304713519358]], "trans": [-352.6453206876936, 251.342296900142, 292.7298541883258]}], "rb_4XMM.renamed.noAb_Nup120_2-711_3F7F_updated_1.pdb_44": [{"rot": [[-0.1585556286279759, 0.8881027755326844, 0.4314320024308926], [-0.986014588839719, -0.16514387299759936, -0.022421681618301298], [0.05133559413922373, -0.4289533323130793, 0.9018667836614661]], "trans": [-382.74029067681937, 581.7937574408468, 293.5620455438349]}], "rb_4XMM.renamed.noAb_Nup120_2-711_3F7F_updated_1.pdb_45": [{"rot": [[-0.8065219675423851, 0.5047086702292645, 0.30788224058390695], [-0.5825095884992799, -0.7673833268275544, -0.2679653130789015], [0.10101928121877914, -0.39546426880627494, 0.9129091504194483]], "trans": [-171.09457032815848, 836.7137142489935, 275.4935034440267]}], "rb_4XMM.renamed.noAb_Nup120_2-711_3F7F_updated_1.pdb_46": [{"rot": [[-0.9804434885683649, -0.1910060536390137, 0.04740520221604045], [0.16233375467209968, -0.9210954819517808, -0.35387973270883183], [0.11125788878974843, -0.3392636152039678, 0.9340887974816854]], "trans": [158.30870651265036, 866.7665790501582, 249.13303951859854]}], "rb_4XMM.renamed.noAb_Nup120_2-711_3F7F_updated_1.pdb_47": [{"rot": [[-0.5784345123954499, -0.7914819012525061, -0.1974079908705697], [0.8121757079534866, -0.5362335905571194, -0.22983506209556245], [0.07605349617269097, -0.2932745068156052, 0.952998388966095]], "trans": [412.5023690253217, 654.3470766936045, 229.94699011879436]}], "rb_4XMM.renamed.noAb_Nup120_2-711_3F7F_updated_1.pdb_48": [{"rot": [[0.16400243440770235, -0.9449516543697779, -0.2831423182997649], [0.9863296923411037, 0.16174482482476848, 0.03150158168579781], [0.016029332944614977, -0.2844380117815182, 0.9585604195558702]], "trans": [442.57809891855527, 323.89366356996436, 229.19881840750244]}], "rb_4XMM.renamed.noAb_Nup120_2-711_3F7F_updated_1.pdb_49": [{"rot": [[0.8119373200428551, -0.5615105676912124, -0.1595734022095059], [0.5827738482095051, 0.763954166967516, 0.27703550786145076], [-0.03365159973477118, -0.31793067348725484, 0.9475165733068892]], "trans": [230.91902289236725, 68.99072527537066, 247.35081882360535]}]}
