{"rb_ScNup133N_56-480_renamed_1.pdb_0": [{"rot": [[-0.6234319157366286, -0.066446008950906, 0.7790491475737941], [0.19575782137617134, -0.9779129335013157, 0.07324731982064694], [0.7569752451771551, 0.1981696807923686, 0.6226694595077219]], "trans": [773.4369494235484, 252.58405836960227, -362.18516039645243]}], "rb_ScNup133N_56-480_renamed_1.pdb_1": [{"rot": [[-0.28900518932318003, -0.7326072392247178, 0.6162488406316166], [0.6213937589511511, -0.6332389263511083, -0.46138731938606176], [0.7282484444753955, 0.2495898539388856, 0.6382469020135815]], "trans": [403.51515233355474, -248.67287016687737, -330.2200126507149]}], "rb_ScNup133N_56-480_renamed_1.pdb_2": [{"rot": [[0.24758499721673793, -0.9608687956158704, 0.12422892885675169], [0.6850143391734955, 0.08292815365585476, -0.7237943606148998], [0.6851693398568623, 0.26429922236536924, 0.6787406697533116]], "trans": [-211.4869778830064, -340.56287053663067, -280.7122082188749]}], "rb_ScNup133N_56-480_renamed_1.pdb_3": [{"rot": [[0.6719965466864111, -0.6175118399024817, -0.4087783859523286], [0.34934972909877404, 0.7510475330956665, -0.5602520591747324], [0.6529742782224675, 0.23368083064549067, 0.720428942622853]], "trans": [-711.2906084759734, 30.74463192112853, -242.6401120959598]}], "rb_ScNup133N_56-480_renamed_1.pdb_4": [{"rot": [[0.7356031892036575, 0.09632028192546951, -0.6705299033773265], [-0.18896300982023914, 0.9797254590092354, -0.06656580119566025], [0.6505235806280084, 0.175671364368078, 0.738890142570581]], "trans": [-803.1018120735313, 647.7325836260392, -238.28289010614247]}], "rb_ScNup133N_56-480_renamed_1.pdb_5": [{"rot": [[0.40114325672821505, 0.7624546478682517, -0.5076878938142825], [-0.6145726849151676, 0.6349991780376373, 0.4680560424219387], [0.6792529002791553, 0.12425358681191395, 0.7233094383641973]], "trans": [-433.1343777309965, 1148.9608597344254, -270.1690594267013]}], "rb_ScNup133N_56-480_renamed_1.pdb_6": [{"rot": [[-0.13545190641075444, 0.9906603538620233, -0.015647502537562752], [-0.6781511474189832, -0.08118579378540369, 0.7304244575188802], [0.7223321966408591, 0.10954875706006306, 0.6828142262157304]], "trans": [181.8814683122141, 1240.8029855784807, -319.5952475734787]}], "rb_ScNup133N_56-480_renamed_1.pdb_7": [{"rot": [[-0.5598372876546425, 0.6472512796351788, 0.5173470714734135], [-0.34245323754063006, -0.7492782017578479, 0.5668403271367232], [0.7545250104863553, 0.1401711717192591, 0.641127172384244]], "trans": [681.6626850598221, 869.4566656599634, -357.58289171965345]}], "rb_ScNup133C_490_881_renamed_relative_3CQC_1.pdb_7": [{"rot": [[0.8016460671496383, 0.39205823962729297, -0.4512803117396808], [-0.3016799001562784, 0.9170451438018316, 0.2608015377086059], [0.5160938101403787, -0.07292832762256099, 0.8534217235136218]], "trans": [152.10572679295723, 110.0254181967833, -225.65682104630662]}], "rb_ScNup133C_490_881_renamed_relative_3CQC_1.pdb_8": [{"rot": [[0.3658420433759172, 0.9230121686602529, -0.11919788506356893], [-0.7485624560250735, 0.36793337117084224, 0.551615159154067], [0.5530043840045402, -0.11257695538587628, 0.8255377522486801]], "trans": [-134.77599383863304, 96.27966939868705, -202.68245367628117]}], "rb_ScNup133C_490_881_renamed_relative_3CQC_1.pdb_9": [{"rot": [[-0.25743562986575097, 0.9115257921288765, 0.32069865412789855], [-0.7552880788456072, -0.3968243642153262, 0.5216036252930103], [0.6027161972515199, -0.10794051254706727, 0.7906212945030893]], "trans": [-347.39493028747955, 290.0672368165319, -186.63703762525307]}], "rb_ScNup133C_490_881_renamed_relative_3CQC_1.pdb_10": [{"rot": [[-0.7030621033752048, 0.36432799136315286, 0.6107117106351575], [-0.3179168039383291, -0.9292221978833873, 0.18834811582387], [0.6361073687446702, -0.06173509269495224, 0.7691269035462709]], "trans": [-361.1939983155802, 577.8647478474229, -186.89619895509412]}], "rb_ScNup133C_490_881_renamed_relative_3CQC_1.pdb_11": [{"rot": [[-0.7099831056373291, -0.3980250464593657, 0.5809475467721585], [0.30733310892110083, -0.9173739720611358, -0.2529255929036476], [0.6336168794077857, -0.001028482275320347, 0.7736462966716414]], "trans": [-168.08759596595087, 791.0764793797382, -203.28411240342228]}], "rb_ScNup133C_490_881_renamed_relative_3CQC_1.pdb_12": [{"rot": [[-0.2741442159408404, -0.9289361626044148, 0.24884242940455767], [0.7541814447558572, -0.36822054449523145, -0.5437131403576698], [0.5967036930103129, 0.03861653036480134, 0.8015319496629156]], "trans": [118.80173680398616, 804.8001095916123, -226.17650230144062]}], "rb_ScNup133C_490_881_renamed_relative_3CQC_1.pdb_13": [{"rot": [[0.349133998801714, -0.9173901393874875, -0.19105178103155027], [0.7608581478724052, 0.3965362638828907, -0.5136670811352115], [0.5469920746198196, 0.03397533782615128, 0.8364480538100982]], "trans": [331.41209705727385, 610.9962591969227, -242.13867896300627]}], "rb_ScNup133C_490_881_renamed_relative_3CQC_1.pdb_14": [{"rot": [[0.7947263721713174, -0.3701508000079866, -0.48103885355432574], [0.32345191144355623, 0.9288911316543282, -0.1803888203782237], [0.5136037912232759, -0.0122331838613145, 0.8579402629867003]], "trans": [345.1952512907204, 323.19807318634923, -241.79576933189588]}], "rb_ScNup84_506-726_ScNup133C_882_1155_renamed_relative_3CQC_new_1.pdb_14": [{"rot": [[0.9872492266046389, 0.14709252318510674, 0.06085026040684069], [-0.15663909508954932, 0.9657520015216705, 0.20685082897202356], [-0.02834005042459536, -0.21374485065124976, 0.9764783563203054]], "trans": [-53.94922716134033, 44.137185798419864, 87.74132623181771]}], "rb_ScNup84_506-726_ScNup133C_882_1155_renamed_relative_3CQC_new_1.pdb_15": [{"rot": [[0.5889132661497856, 0.780899705045623, 0.20827101481591176], [-0.8081694570141387, 0.5669060649383357, 0.15962343902322998], [0.006579795001605937, -0.2623226337847907, 0.9649577929121804]], "trans": [-321.1119577320583, 212.9616689128757, 108.25567760441004]}], "rb_ScNup84_506-726_ScNup133C_882_1155_renamed_relative_3CQC_new_1.pdb_16": [{"rot": [[-0.15211566129707899, 0.9480896590008063, 0.27926121120536146], [-0.9861223134404191, -0.16460029312781388, 0.021668558723456938], [0.06651021367479214, -0.27208958450843157, 0.9599706503216445]], "trans": [-391.08978280952704, 521.8056909475661, 112.37190985806953]}], "rb_ScNup84_506-726_ScNup133C_882_1155_renamed_relative_3CQC_new_1.pdb_17": [{"rot": [[-0.8017323615297047, 0.5507201526453599, 0.23223379156848117], [-0.5862503719386006, -0.8002403338819792, -0.12619789788387625], [0.11634312131730756, -0.23732408537425836, 0.9644384669969446]], "trans": [-222.88679243676836, 789.7441858890382, 97.70268100091431]}], "rb_ScNup84_506-726_ScNup133C_882_1155_renamed_relative_3CQC_new_1.pdb_18": [{"rot": [[-0.9793822119563458, -0.17842415428765618, 0.09473808141517216], [0.1571957459651766, -0.9676471589257952, -0.19735367560115566], [0.12688569798816882, -0.1783922559686075, 0.975743932933474]], "trans": [84.9632433029551, 859.8151222629785, 72.8654370347794]}], "rb_ScNup84_506-726_ScNup133C_882_1155_renamed_relative_3CQC_new_1.pdb_19": [{"rot": [[-0.5809954253341857, -0.8122002458621533, -0.0526789935572439], [0.8086948218126173, -0.5687514897123622, -0.15011471654513325], [0.09196195362325438, -0.12981719289610394, 0.9872641467785447]], "trans": [352.1193461270738, 690.9700743365095, 52.43419058135288]}], "rb_ScNup84_506-726_ScNup133C_882_1155_renamed_relative_3CQC_new_1.pdb_20": [{"rot": [[0.16004740147982333, -0.9793331513909, -0.12365843224916864], [0.9865895108353215, 0.16276796630415535, -0.012154269000149681], [0.032030710096326714, -0.12005485301300944, 0.9922504048266986]], "trans": [422.07961743943235, 382.1209686953117, 48.40185879481368]}], "rb_ScNup84_506-726_ScNup133C_882_1155_renamed_relative_3CQC_new_1.pdb_21": [{"rot": [[0.8096329318341763, -0.5819140582411887, -0.07661947866478705], [0.5866665958886738, 0.7983767973649515, 0.13570849161963336], [-0.01779946510400631, -0.15482415267183322, 0.9877816868070887]], "trans": [253.86225720469002, 114.19608299156823, 63.15464339278131]}], "rb_4XMM.renamed.noAb_Nup145c_149-550_Sec13_Nup84_7-436_3IKO_updated_1.pdb_21": [{"rot": [[0.9965660681892393, -0.01313099849119656, 0.08175358470711577], [0.013701215617127772, 0.9998855382714106, -0.006417713479384657], [-0.08165995606447712, 0.007515798980460767, 0.9966319101560174]], "trans": [-18.232034012476106, -5.404597608724316, 40.60591288797292]}], "rb_4XMM.renamed.noAb_Nup145c_149-550_Sec13_Nup84_7-436_3IKO_updated_1.pdb_22": [{"rot": [[0.7145524396113436, 0.6957484131250735, 0.07313656185122333], [-0.6973592051209425, 0.7167060614288643, -0.004749794122994262], [-0.0557220789145829, -0.04760847765961061, 0.9973106250192916]], "trans": [-331.64880365272245, 150.04353397213924, 64.87207984774386]}], "rb_4XMM.renamed.noAb_Nup145c_149-550_Sec13_Nup84_7-436_3IKO_updated_1.pdb_23": [{"rot": [[0.013843661447832334, 0.9975744638436534, 0.06821687565964638], [-0.9999028905755836, 0.013702168684695648, 0.0025416514173371707], [0.0016007674124962068, -0.06824543691985566, 0.9976672781460298]], "trans": [-443.77408022703577, 482.2434183138625, 72.2340876654199]}], "rb_4XMM.renamed.noAb_Nup145c_149-550_Sec13_Nup84_7-436_3IKO_updated_1.pdb_24": [{"rot": [[-0.6950751840593377, 0.715533197406284, 0.06987654767098606], [-0.7166954839415016, -0.6972965472366737, 0.011185191534701386], [0.05672805128622405, -0.04230565708449729, 0.9974929371057794]], "trans": [-288.92138241251985, 796.587795945874, 58.40317325828329]}], "rb_4XMM.renamed.noAb_Nup145c_149-550_Sec13_Nup84_7-436_3IKO_updated_1.pdb_25": [{"rot": [[-0.9969094414563449, 0.014848364473833149, 0.07714331861962415], [-0.013643877249375849, -0.9997770134666115, 0.016117318554430743], [0.0773654325186682, 0.015014973068015908, 0.9968897333381281]], "trans": [42.196309327306324, 908.9294149907967, 31.505686203113783]}], "rb_4XMM.renamed.noAb_Nup145c_149-550_Sec13_Nup84_7-436_3IKO_updated_1.pdb_26": [{"rot": [[-0.7148403468969925, -0.6940089801657249, 0.08576021162237811], [0.6973943852728922, -0.7165419079130457, 0.014448722925376824], [0.05142324219678755, 0.07013722017345651, 0.9962110321153385]], "trans": [355.6074957510627, 753.457087790465, 7.322558572584171]}], "rb_4XMM.renamed.noAb_Nup145c_149-550_Sec13_Nup84_7-436_3IKO_updated_1.pdb_27": [{"rot": [[-0.01410795314838359, -0.9957802091339781, 0.09067932926004332], [0.9998830638002566, -0.013514349024244587, 0.00715689149423776], [-0.005901218803976656, 0.09076969465377327, 0.9958544261834086]], "trans": [467.7133980932486, 421.2488125738273, 0.0446124159444139]}], "rb_4XMM.renamed.noAb_Nup145c_149-550_Sec13_Nup84_7-436_3IKO_updated_1.pdb_28": [{"rot": [[0.6947888232047955, -0.713683481526995, 0.08901898306091682], [0.71662002536102, 0.6974622065141526, -0.0014865180718019733], [-0.06102647295447667, 0.06482560204050647, 0.9960288203254059]], "trans": [312.8427114078519, 106.91699789464928, 13.95937611198184]}], "rb_4XMM.renamed.noAb_Seh1_Nup85_47_544_3F3F_1.pdb_28": [{"rot": [[0.719816297529506, -0.6570338759601051, 0.22398880251422432], [0.3123486114720974, 0.5947290433730515, 0.7407669740748632], [-0.6199216424052056, -0.46325354916008754, 0.6333192768803236]], "trans": [415.03670151002314, -141.97237091268164, 651.5057842106858]}], "rb_4XMM.renamed.noAb_Seh1_Nup85_47_544_3F3F_1.pdb_29": [{"rot": [[0.7182553157380751, -0.0556791733052161, 0.6935482182761682], [-0.322145844149989, 0.8569035602648936, 0.40241563526066243], [-0.6167101073526285, -0.5124608453973818, 0.5975387229491589]], "trans": [-108.688367820932, -216.6883706354801, 693.6546820761607]}], "rb_4XMM.renamed.noAb_Seh1_Nup85_47_544_3F3F_1.pdb_30": [{"rot": [[0.26990013858498624, 0.5545039838751122, 0.7871970827298809], [-0.7695116669149149, 0.6156397354835477, -0.16982199673651532], [-0.5787967775252683, -0.5599223588680641, 0.5928585348681326]], "trans": [-531.8198402257003, 102.01022079364384, 725.8714996289499]}], "rb_4XMM.renamed.noAb_Seh1_Nup85_47_544_3F3F_1.pdb_31": [{"rot": [[-0.36259644934548213, 0.8160616985221281, 0.45007457062938927], [-0.7676756499888862, 0.012273319405856575, -0.6407210485421121], [-0.5283918161139429, -0.5778344657736693, 0.6220204328057624]], "trans": [-606.4794196765447, 627.4253916605493, 729.3071757906887]}], "rb_4XMM.renamed.noAb_Seh1_Nup85_47_544_3F3F_1.pdb_32": [{"rot": [[-0.8087090286417723, 0.5757697734318327, -0.12032819700941833], [-0.3177133579750089, -0.5997351339634021, -0.7344222159317788], [-0.4950231602233628, -0.555704001328186, 0.6679409657674236]], "trans": [-288.92855849182604, 1051.7616433126732, 701.9730479239827]}], "rb_4XMM.renamed.noAb_Seh1_Nup85_47_544_3F3F_1.pdb_33": [{"rot": [[-0.8070985601647496, -0.025605393561734968, -0.5898612362247045], [0.31678095399667006, -0.8618624433213239, -0.3960340338621888], [-0.4982386389722776, -0.5064953036433273, 0.7037192380646602]], "trans": [234.80888471856844, 1126.4369331862326, 659.905838445538]}], "rb_4XMM.renamed.noAb_Seh1_Nup85_47_544_3F3F_1.pdb_34": [{"rot": [[-0.35870847905585945, -0.6357697502438878, -0.6834654722283019], [0.7641115716033421, -0.6205507348509767, 0.17621092933692484], [-0.5361545795713228, -0.45903552166552053, 0.7083958333121114]], "trans": [657.9220443633037, 807.7055403468893, 627.7731167166678]}], "rb_4XMM.renamed.noAb_Seh1_Nup85_47_544_3F3F_1.pdb_35": [{"rot": [[0.2737879828711667, -0.8972804131527927, -0.3463062237495758], [0.7622259116893115, -0.017163809869379154, 0.6470835055695405], [-0.5865592894028153, -0.441127264860291, 0.679231136073828]], "trans": [732.5471789662078, 282.2849256277485, 624.4226890987069]}], "rb_4XMM.renamed.noAb_Nup120_715-1036_Nup85_553-744_Nup145c_92-99_554-712_remaining_updated_1.pdb_35": [{"rot": [[0.9927596885348586, -0.06583955982309397, 0.10046568161553032], [0.05896709007522165, 0.9958090098013948, 0.06990921460314059], [-0.10464742284563236, -0.06347888121783887, 0.9924814096652392]], "trans": [7.687984697928641, -53.819944104216574, 93.85934052874208]}], "rb_4XMM.renamed.noAb_Nup120_715-1036_Nup85_553-744_Nup145c_92-99_554-712_remaining_updated_1.pdb_36": [{"rot": [[0.7433114702622157, 0.6541036938783238, 0.14012999618695568], [-0.6639931719811047, 0.7468814072186833, 0.035794288839299124], [-0.08124731219612895, -0.1196516661220066, 0.9894859034140575]], "trans": [-346.35256327612444, 100.60890860106802, 121.3684334387145]}], "rb_4XMM.renamed.noAb_Nup120_715-1036_Nup85_553-744_Nup145c_92-99_554-712_remaining_updated_1.pdb_37": [{"rot": [[0.05725024582091065, 0.9878998558217167, 0.14413980789801792], [-0.9980483320810083, 0.06023921960679968, -0.016454885337856745], [-0.02493864839488217, -0.14291644862854647, 0.9894205134964816]], "trans": [-487.9322149200578, 460.9050232269958, 130.94143590451728]}], "rb_4XMM.renamed.noAb_Nup120_715-1036_Nup85_553-744_Nup145c_92-99_554-712_remaining_updated_1.pdb_38": [{"rot": [[-0.6635196460480757, 0.740006427814762, 0.11014611251003167], [-0.7475041672602083, -0.6618728778763701, -0.056230004981993244], [0.031292159351177996, -0.11964439111169409, 0.992323546248225]], "trans": [-334.1097006885034, 816.0019724456622, 116.99435300353534]}], "rb_4XMM.renamed.noAb_Nup120_715-1036_Nup85_553-744_Nup145c_92-99_554-712_remaining_updated_1.pdb_39": [{"rot": [[-0.9967610398324157, 0.05564287528126864, 0.05806289609238429], [-0.059132981943453566, -0.9964314367446103, -0.06023024417638821], [0.05450431101002035, -0.06346859300083259, 0.9964943641505546]], "trans": [25.005495023507365, 957.8790733329673, 87.72158745421888]}], "rb_4XMM.renamed.noAb_Nup120_715-1036_Nup85_553-744_Nup145c_92-99_554-712_remaining_updated_1.pdb_40": [{"rot": [[-0.7472564283495908, -0.664280983178552, 0.01840124119588502], [0.663807677476988, -0.7474473359372262, -0.026112206397592482], [0.0310998008485566, -0.007297628908057987, 0.9994896432677531]], "trans": [379.04054038288274, 803.422836517185, 60.295542962538605]}], "rb_4XMM.renamed.noAb_Nup120_715-1036_Nup85_553-744_Nup145c_92-99_554-712_remaining_updated_1.pdb_41": [{"rot": [[-0.0611691310212617, -0.9980236003525331, 0.01439550448823722], [0.9978089792493243, -0.060778972383004504, 0.026137280759242737], [-0.02521067907703444, 0.01596275839048867, 0.9995547068595303]], "trans": [520.598627263225, 443.11602015311905, 50.80678800013459]}], "rb_4XMM.renamed.noAb_Nup120_715-1036_Nup85_553-744_Nup145c_92-99_554-712_remaining_updated_1.pdb_42": [{"rot": [[0.6595812395467439, -0.7500738453292545, 0.048392303013668495], [0.7472082513769657, 0.6613136445240654, 0.06590973099987447], [-0.08143965564857462, -0.007313693956142158, 0.9966514397564264]], "trans": [366.7549457402686, 88.03155438812985, 64.83797391661454]}], "rb_4XMM.renamed.noAb_Nup120_2-711_3F7F_updated_1.pdb_42": [{"rot": [[0.9890017385462375, 0.14707872231930996, 0.01560162150032609], [-0.14249891169307388, 0.9192878763017016, 0.36688398800029065], [0.03961844669859805, -0.365072116061508, 0.9301358657505705]], "trans": [-85.46553263964438, 23.375138747793244, 214.1555374634485]}], "rb_4XMM.renamed.noAb_Nup120_2-711_3F7F_updated_1.pdb_43": [{"rot": [[0.6014678509645882, 0.745141602839251, 0.2880979277506027], [-0.7954916914623653, 0.5253446947774861, 0.3020031795916966], [0.07368441538334039, -0.4108247112666196, 0.9087318986050362]], "trans": [-355.59313463161186, 227.77373353030572, 234.73312259536613]}], "rb_4XMM.renamed.noAb_Nup120_2-711_3F7F_updated_1.pdb_44": [{"rot": [[-0.13295090285796252, 0.8905031623274182, 0.43511857615381166], [-0.9821407168892984, -0.1773409043454277, 0.06284756060596722], [0.1331302732567897, -0.41899203039057153, 0.89817704758681]], "trans": [-402.5922512501019, 563.8653807900994, 236.88523693663183]}], "rb_4XMM.renamed.noAb_Nup120_2-711_3F7F_updated_1.pdb_45": [{"rot": [[-0.7840216616277357, 0.4980085496376539, 0.37053679788421057], [-0.5931043571275169, -0.7771257892338899, -0.21048213526082965], [0.1831317985900833, -0.38478954273135296, 0.9046544932457679]], "trans": [-198.92822395319436, 834.7629714653403, 219.37514646250676]}], "rb_4XMM.renamed.noAb_Nup120_2-711_3F7F_updated_1.pdb_46": [{"rot": [[-0.9703379947596994, -0.20241335694233853, 0.13218550925520564], [0.14371440286185455, -0.922647517353362, -0.3578655182212125], [0.1943973928214707, -0.3282535478148101, 0.9243696565829084]], "trans": [136.09160174506064, 881.7709940776231, 192.48451396619535]}], "rb_4XMM.renamed.noAb_Nup120_2-711_3F7F_updated_1.pdb_47": [{"rot": [[-0.5827531672448526, -0.8004455285891168, -0.1403057441011625], [0.7966767443325262, -0.5286574085150915, -0.29296332443128953], [0.16032751200532644, -0.28250362862058215, 0.9457731169315318]], "trans": [406.2098015103472, 677.3516029627335, 171.99025602314157]}], "rb_4XMM.renamed.noAb_Nup120_2-711_3F7F_updated_1.pdb_48": [{"rot": [[0.1516801640125397, -0.9457522868983783, -0.28730774384206115], [0.9832681208819645, 0.17403957626292865, -0.05379617413413011], [0.10088077270906738, -0.2743407328865084, 0.9563264254306235]], "trans": [453.18923859280744, 341.2566765443678, 169.92220280660985]}], "rb_4XMM.renamed.noAb_Nup120_2-711_3F7F_updated_1.pdb_49": [{"rot": [[0.8027205980519262, -0.5532108840272656, -0.22270464579107555], [0.5941806731890988, 0.7737936352702487, 0.21952844376937072], [0.05088191301146602, -0.3085468000304391, 0.9498473051597657]], "trans": [249.51060967873738, 70.37547845204665, 187.51585395158156]}]}
