{"rb_ScNup133N_56-480_renamed_1.pdb_0": [{"rot": [[0.9016034235538737, -0.2818240701941033, -0.3281561519995693], [0.14590800137231824, 0.9123106940289605, -0.38262259825568723], [0.40721262476926096, 0.2970932362401181, 0.8636628319019544]], "trans": [217.46760128118012, 55.272362308933396, -271.2066793775255]}], "rb_ScNup133N_56-480_renamed_1.pdb_1": [{"rot": [[0.750098375077117, 0.449245906749098, -0.48531489053587695], [-0.5087909219213552, 0.860826492820722, 0.010466471630585075], [0.42247393467181726, 0.23907292721501766, 0.8742767925524254]], "trans": [-127.9390277578384, 8.875469895620284, -243.40865118727493]}], "rb_ScNup133N_56-480_renamed_1.pdb_2": [{"rot": [[0.18143582011654247, 0.9300892998759794, -0.31939777305868733], [-0.864074098593644, 0.30584837405437315, 0.3997908506055114], [0.4695284819030894, 0.20344696199380147, 0.8591579239797964]], "trans": [-404.97209008364825, 221.0995003236764, -222.3187325475073]}], "rb_ScNup133N_56-480_renamed_1.pdb_3": [{"rot": [[-0.4712536984899205, 0.8790212696009707, 0.07239861358250516], [-0.7118116342571306, -0.4275096551052838, 0.5572788279918361], [0.5208110492258822, 0.21108553332916746, 0.8271630725699599]], "trans": [-451.33979828034734, 567.6207410046972, -220.2676902640644]}], "rb_ScNup133N_56-480_renamed_1.pdb_4": [{"rot": [[-0.8256154578203936, 0.32595818811839894, 0.4605544217642385], [-0.14120102742089155, -0.9096361208283111, 0.39067172605616923], [0.5462795856183044, 0.2575138584290025, 0.7970352734062033]], "trans": [-239.87738176236007, 845.442279993426, -238.43304892509713]}], "rb_ScNup133N_56-480_renamed_1.pdb_5": [{"rot": [[-0.6740593427582794, -0.40510779324979596, 0.6176825060567578], [0.5134859828208475, -0.8580945415109928, -0.0024296657274379962], [0.5310142633553118, 0.31553356981043923, 0.7864238160406232]], "trans": [105.5394075932673, 891.8124592617456, -266.1492803942287]}], "rb_ScNup133N_56-480_renamed_1.pdb_6": [{"rot": [[-0.10536906244818645, -0.8859079145877891, 0.4517350191755171], [0.8687245147816323, -0.30307870105368206, -0.3917410093225248], [0.48395772345960947, 0.3511559024683017, 0.8015450418195254]], "trans": [382.5624575445423, 679.5670907699259, -287.1558205767914]}], "rb_ScNup133N_56-480_renamed_1.pdb_7": [{"rot": [[0.5473085983712798, -0.8347826855340723, 0.05992633879511189], [0.7164108275755334, 0.43027529548037746, -0.5491982303611442], [0.43267635049931225, 0.3435127916567231, 0.8335407234723449]], "trans": [428.9096727442678, 333.0426208353507, -289.1227371404369]}], "rb_ScNup133C_490_881_renamed_relative_3CQC_1.pdb_7": [{"rot": [[0.9983276754753291, -0.017508572302418125, -0.05509357744743812], [0.021212343865657436, 0.9975020772465207, 0.06737686811214282], [0.05377628517990965, -0.06843285603280765, 0.996205327915607]], "trans": [22.075990130963532, -32.577855173716074, -14.372179781714237]}], "rb_ScNup133C_490_881_renamed_relative_3CQC_1.pdb_8": [{"rot": [[0.7237740258534708, 0.6894632216093706, 0.02813584098417963], [-0.6854885931502113, 0.7137312949684562, 0.14385071165480753], [0.07909834486765915, -0.12340220674963022, 0.9891993465467506]], "trans": [-323.31647955295443, 99.25499650056346, 12.557547954272877]}], "rb_ScNup133C_490_881_renamed_relative_3CQC_1.pdb_9": [{"rot": [[0.03141515701291092, 0.9895230805036176, 0.14091543939712403], [-0.9902426827847944, 0.011662633939310885, 0.1388647261213938], [0.13576640637884702, -0.14390293992906475, 0.9802343733917643]], "trans": [-474.70654530904477, 437.4452580906722, 23.02005658478339]}], "rb_ScNup133C_490_881_renamed_relative_3CQC_1.pdb_10": [{"rot": [[-0.6731553434194997, 0.7068917081960627, 0.21717733884875462], [-0.7145206822974896, -0.6974221850419207, 0.055339772139771384], [0.19058352026055203, -0.11792543701426063, 0.9745622161309611]], "trans": [-343.4058586781991, 783.8764226696153, 10.910265933879145]}], "rb_ScNup133C_490_881_renamed_relative_3CQC_1.pdb_11": [{"rot": [[-0.9771901418463991, 0.007138547686821522, 0.21224624334752396], [-0.019844427253966977, -0.9981312769200859, -0.05779405454577412], [0.21143704827956572, -0.060687685495501284, 0.9755057044651367]], "trans": [-6.330299889184346, 935.6043461428069, -16.653732985905606]}], "rb_ScNup133C_490_881_renamed_relative_3CQC_1.pdb_12": [{"rot": [[-0.7025813664586518, -0.6998111330782296, 0.12901085816649957], [0.6868349372060819, -0.71430501567476, -0.13426136307589392], [0.18611069968760477, -0.0057203672647722775, 0.9825121296249452]], "trans": [339.0584292932793, 803.7447883711097, -43.50055605378941]}], "rb_ScNup133C_490_881_renamed_relative_3CQC_1.pdb_13": [{"rot": [[-0.01019870986213356, -0.9998162431164248, 0.016231645563656534], [0.9915346752029215, -0.012212827093739054, -0.1292665259245936], [0.12944100659135502, 0.014775887619178252, 0.9914770289611758]], "trans": [490.4286546722873, 465.54305431212833, -53.87895087521417]}], "rb_ScNup133C_490_881_renamed_relative_3CQC_1.pdb_14": [{"rot": [[0.694350305113458, -0.7171295588953384, -0.06002374153136198], [0.7157573839516977, 0.6968497852523569, -0.04573558912230871], [0.0746258742492723, -0.011205915951861722, 0.9971486380375846]], "trans": [359.1074772399023, 119.12260521724363, -41.68510252723581]}], "rb_ScNup84_506-726_ScNup133C_882_1155_renamed_relative_3CQC_new_1.pdb_14": [{"rot": [[0.970574445936613, 0.24059154500439592, -0.010047555286326029], [-0.23956269932632848, 0.9689679508211022, 0.06091652791348817], [0.024391760623562627, -0.0567170058619933, 0.9980922919548727]], "trans": [-53.53261860264445, 131.10328557228638, 4.403910284135293]}], "rb_ScNup84_506-726_ScNup133C_882_1155_renamed_relative_3CQC_new_1.pdb_15": [{"rot": [[0.5196739872232039, 0.8525565873279078, 0.055553689412369434], [-0.8520156336495063, 0.5123299964018715, 0.10764448338714729], [0.06331119190447211, -0.10327264977062871, 0.9926361129784598]], "trans": [-261.15390537685846, 269.3616096250564, 20.321158700626086]}], "rb_ScNup84_506-726_ScNup133C_882_1155_renamed_relative_3CQC_new_1.pdb_16": [{"rot": [[-0.2309918721464333, 0.963558932374508, 0.13489602975470127], [-0.9650609137502992, -0.24453106329423052, 0.09413815292232668], [0.1236939277156327, -0.10843773755242427, 0.9863777518378993]], "trans": [-310.5600048147241, 514.3648561352198, 23.108312558781563]}], "rb_ScNup84_506-726_ScNup133C_882_1155_renamed_relative_3CQC_new_1.pdb_17": [{"rot": [[-0.8416724873649476, 0.5085718412828328, 0.18149960404113263], [-0.5124750206072137, -0.8582353477562856, 0.028309735344577903], [0.17016691002229156, -0.06918648795706644, 0.9829834447322237]], "trans": [-172.80621390027432, 722.586785546527, 11.156622730811648]}], "rb_ScNup84_506-726_ScNup133C_882_1155_renamed_relative_3CQC_new_1.pdb_18": [{"rot": [[-0.954622543440659, -0.24586683266762965, 0.1680633813442747], [0.24061084811543743, -0.9692662339160111, -0.05127755414836599], [0.17550561052015748, -0.008512836440135157, 0.9844416246236678]], "trans": [71.41126765961815, 772.0481724758085, -8.50843746204606]}], "rb_ScNup84_506-726_ScNup133C_882_1155_renamed_relative_3CQC_new_1.pdb_19": [{"rot": [[-0.5036743049286254, -0.8577962766913959, 0.10245849037068676], [0.8530283720091761, -0.5125802631255452, -0.09800035919075663], [0.1365825431819035, 0.03803973644126489, 0.9898980691714871]], "trans": [279.02830903994237, 633.7739558495155, -24.342793580280045]}], "rb_ScNup84_506-726_ScNup133C_882_1155_renamed_relative_3CQC_new_1.pdb_20": [{"rot": [[0.24700039168064086, -0.9687395942741833, 0.02311720128165944], [0.9660147304899639, 0.24428948365386888, -0.08448780179721052], [0.07619938966952834, 0.04320007710193192, 0.9961563162237013]], "trans": [328.4218333390846, 388.76723822896395, -27.046451644221236]}], "rb_ScNup84_506-726_ScNup133C_882_1155_renamed_relative_3CQC_new_1.pdb_21": [{"rot": [[0.8576457246002098, -0.5137046256752169, -0.023481240062278978], [0.5133809216521001, 0.8579580368954214, -0.01865572861592618], [0.029729452713045845, 0.003945185222043889, 0.9995501964158391]], "trans": [190.6583309131787, 180.55652618617103, -15.011565737247338]}], "rb_4XMM.renamed.noAb_Nup145c_149-550_Sec13_Nup84_7-436_3IKO_updated_1.pdb_21": [{"rot": [[0.997368329154767, -0.013005249249728398, 0.07132516730424904], [0.014864757627984792, 0.9995616840784984, -0.025602318309400428], [-0.07096093981683124, 0.026595172759488354, 0.9971244866144866]], "trans": [-15.46131888371292, -0.5875279014053376, 27.205366765607494]}], "rb_4XMM.renamed.noAb_Nup145c_149-550_Sec13_Nup84_7-436_3IKO_updated_1.pdb_22": [{"rot": [[0.7161529902094386, 0.6959864286344793, 0.05222820857257802], [-0.6964856151369477, 0.7174873962593822, -0.010937281025821916], [-0.04508528054016444, -0.028543429463769518, 0.9985752801431946]], "trans": [-326.55345862097874, 150.72512320088512, 51.306367393238645]}], "rb_4XMM.renamed.noAb_Nup145c_149-550_Sec13_Nup84_7-436_3IKO_updated_1.pdb_23": [{"rot": [[0.015804509948244783, 0.9986709332414463, 0.04905695224891768], [-0.9998005150344857, 0.015185036142678743, 0.012974776072084523], [0.012212600135557968, -0.049252226101997615, 0.998711705459551]], "trans": [-439.9494434627317, 478.35298128183535, 58.79190359479588]}], "rb_4XMM.renamed.noAb_Nup145c_149-550_Sec13_Nup84_7-436_3IKO_updated_1.pdb_24": [{"rot": [[-0.6934030969782354, 0.7177314139208965, 0.06366916500238241], [-0.7173937969645628, -0.6959267712519694, 0.0321258327763602], [0.06736679581038023, -0.02339971209048933, 0.9974538426896368]], "trans": [-289.21839326602253, 790.3671443200051, 45.30084761853328]}], "rb_4XMM.renamed.noAb_Nup145c_149-550_Sec13_Nup84_7-436_3IKO_updated_1.pdb_25": [{"rot": [[-0.9960060146052121, 0.01774620233803018, 0.08750480656979273], [-0.014703298307264568, -0.9992687024762932, 0.035296930039740874], [0.08806720098383244, 0.03386934534236621, 0.9955385655799327]], "trans": [37.34123079537221, 903.9854330031152, 18.76045518042116]}], "rb_4XMM.renamed.noAb_Nup145c_149-550_Sec13_Nup84_7-436_3IKO_updated_1.pdb_26": [{"rot": [[-0.7147351870856645, -0.6912234947704257, 0.10660062203841358], [0.6966249788879322, -0.7171387770978539, 0.02063039437286679], [0.06218722642959343, 0.08900592485869241, 0.9940878704667111]], "trans": [348.4281097948522, 752.6487685979087, -5.2575327085745585]}], "rb_4XMM.renamed.noAb_Nup145c_149-550_Sec13_Nup84_7-436_3IKO_updated_1.pdb_27": [{"rot": [[-0.014363031099210999, -0.9938532323656091, 0.10977001345572876], [0.9998849001113732, -0.014812683435288743, -0.0032819108324543614], [0.004887726149177561, 0.10971024075205421, 0.9939515950020977]], "trans": [461.805077028792, 425.01241975510345, -12.659035188264284]}], "rb_4XMM.renamed.noAb_Nup145c_149-550_Sec13_Nup84_7-436_3IKO_updated_1.pdb_28": [{"rot": [[0.6948225691298842, -0.7128582430849612, 0.09515630664105604], [0.7174225275454774, 0.6962770500459508, -0.022431820023442038], [-0.05026444467019355, 0.08385341284126624, 0.9952095712747471]], "trans": [311.05621981557545, 113.01049609451275, 0.9158571563257851]}], "rb_4XMM.renamed.noAb_Seh1_Nup85_47_544_3F3F_1.pdb_28": [{"rot": [[0.6610775742860634, -0.7031019015430372, 0.26196212860376655], [0.23050693613383047, 0.522562424217312, 0.8208502087411058], [-0.7140329076241831, -0.48226157719922913, 0.5075241649291818]], "trans": [456.02869517887666, -90.26986750960464, 740.0620813483189]}], "rb_4XMM.renamed.noAb_Seh1_Nup85_47_544_3F3F_1.pdb_29": [{"rot": [[0.6170549459775108, -0.1395912215795581, 0.7744401103394727], [-0.34403987635887645, 0.8372467906341112, 0.42503455747485563], [-0.7077285900114936, -0.5287079557097699, 0.46860232655156087]], "trans": [-41.427020720959604, -203.9184491395789, 780.3065744796559]}], "rb_4XMM.renamed.noAb_Seh1_Nup85_47_544_3F3F_1.pdb_30": [{"rot": [[0.1809205322318469, 0.48083619846357584, 0.8579419043641814], [-0.7189131530267097, 0.6599427995753117, -0.2182644719002408], [-0.6711420411672451, -0.5772971951567, 0.46507667006856745]], "trans": [-473.4197599101537, 68.62753579257397, 813.4542440885652]}], "rb_4XMM.renamed.noAb_Seh1_Nup85_47_544_3F3F_1.pdb_31": [{"rot": [[-0.3918319778834845, 0.7947252278984741, 0.4635509823629227], [-0.6745068426844515, 0.09451762898943217, -0.7321932374599376], [-0.6257061772747372, -0.5995650339637313, 0.49901257475969535]], "trans": [-586.8801713347889, 567.7069232103908, 820.1107228371936]}], "rb_4XMM.renamed.noAb_Seh1_Nup85_47_544_3F3F_1.pdb_32": [{"rot": [[-0.7656760881325294, 0.6181952474468584, -0.17769289264396537], [-0.23683478805957286, -0.5277946836994134, -0.81568502194377], [-0.598037968047882, -0.5824666581811776, 0.5505299091606257]], "trans": [-315.33963285124975, 1000.9520877403309, 796.40055651943]}], "rb_4XMM.renamed.noAb_Seh1_Nup85_47_544_3F3F_1.pdb_33": [{"rot": [[-0.7216086475294436, 0.054660008730009785, -0.6901400171388108], [0.3377085500727023, -0.8424348111144913, -0.41982916076694843], [-0.6043458405735211, -0.5360185374295579, 0.5894490923848787]], "trans": [182.1314927144782, 1114.5620200391154, 756.2374997787523]}], "rb_4XMM.renamed.noAb_Seh1_Nup85_47_544_3F3F_1.pdb_34": [{"rot": [[-0.2854449841304268, -0.5657535995648759, -0.7735916400880773], [0.7125475831734194, -0.6650821301902516, 0.22347640102550292], [-0.6409345541851326, -0.48743063576367285, 0.5929707181392031]], "trans": [614.1095190023844, 841.9825366612504, 723.1736424541357]}], "rb_4XMM.renamed.noAb_Seh1_Nup85_47_544_3F3F_1.pdb_35": [{"rot": [[0.2873040781377232, -0.8795985378667782, -0.3791606241002018], [0.6680963204218121, -0.09963234208491534, 0.7373741947271447], [-0.6863699245481724, -0.46516643106881206, 0.5590317684017929]], "trans": [727.5375406621072, 342.89465913538413, 716.6022632679158]}], "rb_4XMM.renamed.noAb_Nup120_715-1036_Nup85_553-744_Nup145c_92-99_554-712_remaining_updated_1.pdb_35": [{"rot": [[0.9889898922746552, -0.11373017917466564, 0.09468072308272557], [0.10504698250647553, 0.9901894212566498, 0.092141421183465], [-0.10423111073404878, -0.08118100994889701, 0.991234341202335]], "trans": [35.685728857368304, -81.38550075502155, 102.29049932973578]}], "rb_4XMM.renamed.noAb_Nup120_715-1036_Nup85_553-744_Nup145c_92-99_554-712_remaining_updated_1.pdb_36": [{"rot": [[0.7731329803327108, 0.6158403160666607, 0.1516776180877672], [-0.6287292918795274, 0.7756397492607906, 0.05551987841601238], [-0.08345581019036993, -0.13828841048177645, 0.9868695168419662]], "trans": [-345.77054223814173, 61.871136069588246, 132.03915323751102]}], "rb_4XMM.renamed.noAb_Nup120_715-1036_Nup85_553-744_Nup145c_92-99_554-712_remaining_updated_1.pdb_37": [{"rot": [[0.1032089778607258, 0.9806792426928129, 0.16618101528272688], [-0.9942575794414356, 0.10646742551130772, -0.010795972779445884], [-0.028280251275486404, -0.16411249268854516, 0.9860361642107]], "trans": [-514.6183745925503, 433.71798738136073, 143.72939876324236]}], "rb_4XMM.renamed.noAb_Nup120_715-1036_Nup85_553-744_Nup145c_92-99_554-712_remaining_updated_1.pdb_38": [{"rot": [[-0.6283311885647763, 0.7670588132573259, 0.1296946200928968], [-0.7774062553766283, -0.6253169674095865, -0.06795737171910848], [0.028972945622882308, -0.1435251450929189, 0.9892224730302039]], "trans": [-371.942413918945, 816.3220414364356, 130.5369301466812]}], "rb_4XMM.renamed.noAb_Nup120_715-1036_Nup85_553-744_Nup145c_92-99_554-712_remaining_updated_1.pdb_39": [{"rot": [[-0.9929409747353901, 0.10012088737156301, 0.06359267727865163], [-0.10520988292593954, -0.9910238139688929, -0.08247836492839604], [0.05476405049159562, -0.08858672619801665, 0.9945618586670585]], "trans": [-1.3223363717055463, 985.5485654473672, 100.21408641840287]}], "rb_4XMM.renamed.noAb_Nup120_715-1036_Nup85_553-744_Nup145c_92-99_554-712_remaining_updated_1.pdb_40": [{"rot": [[-0.7770268269143847, -0.6294328941558407, 0.006598636977969856], [0.6285494249601657, -0.7764168869856329, -0.045852349839303655], [0.033984270443982605, -0.031480936424178554, 0.9989264337298565]], "trans": [380.1293042181654, 842.2623923497429, 70.54842188771607]}], "rb_4XMM.renamed.noAb_Nup120_715-1036_Nup85_553-744_Nup145c_92-99_554-712_remaining_updated_1.pdb_41": [{"rot": [[-0.10707429728478979, -0.9942196393978129, -0.007899588385040967], [0.9940251197157661, -0.107215950244271, 0.020464637482165555], [-0.02119330637316636, -0.005661152612554769, 0.9997593686063022]], "trans": [548.954671664253, 470.40269947437105, 58.942506023753594]}], "rb_4XMM.renamed.noAb_Nup120_715-1036_Nup85_553-744_Nup145c_92-99_554-712_remaining_updated_1.pdb_42": [{"rot": [[0.6244489759657104, -0.7805421294984984, 0.028591266032248555], [0.7771163861457351, 0.6245516517788952, 0.07762317079357374], [-0.07844487745653228, -0.02625296817894623, 0.9965727183013926]], "trans": [406.25539861822244, 87.81025492449362, 72.2192528842248]}], "rb_4XMM.renamed.noAb_Nup120_2-711_3F7F_updated_1.pdb_42": [{"rot": [[0.9715954724758126, 0.23096992120544094, 0.05152798620997162], [-0.23511377481395032, 0.9173827500089958, 0.3211392266271243], [0.026902616178313746, -0.32413235797168544, 0.9456291364792425]], "trans": [-136.341161027118, 95.8699048522912, 192.3482885741982]}], "rb_4XMM.renamed.noAb_Nup120_2-711_3F7F_updated_1.pdb_43": [{"rot": [[0.5235839186919661, 0.8040818432523814, 0.28162434099171374], [-0.8494447593529394, 0.46723218680793044, 0.2452298603728869], [0.06560092144925432, -0.36762273183595634, 0.9276583671495003]], "trans": [-340.9840538802175, 313.633998447928, 207.64130744099066]}], "rb_4XMM.renamed.noAb_Nup120_2-711_3F7F_updated_1.pdb_44": [{"rot": [[-0.22636225197814436, 0.8921737197245936, 0.3908787340239489], [-0.9658667410349031, -0.2574828060880197, 0.028355654315396828], [0.1259427228624114, -0.37111811920441323, 0.9200053109391164]], "trans": [-332.24024094475425, 612.7207422772, 205.53041146359138]}], "rb_4XMM.renamed.noAb_Nup120_2-711_3F7F_updated_1.pdb_45": [{"rot": [[-0.8389139985149617, 0.4436400872891971, 0.3152884013814519], [-0.5161780814406052, -0.8322139673590081, -0.20243542371056295], [0.17257894233055776, -0.33257087287165227, 0.9271532360842261]], "trans": [-115.23005778682054, 817.9210214770117, 187.27619817038078]}], "rb_4XMM.renamed.noAb_Nup120_2-711_3F7F_updated_1.pdb_46": [{"rot": [[-0.9552298708175924, -0.27876172784893505, 0.09913522574988795], [0.236187262029514, -0.9202756790231154, -0.31194270604318486], [0.1781894249185587, -0.274562513255578, 0.9449147872490794]], "trans": [182.92078379534678, 809.0257359633558, 163.59624799411552]}], "rb_4XMM.renamed.noAb_Nup120_2-711_3F7F_updated_1.pdb_47": [{"rot": [[-0.5071703908373559, -0.8518385565162918, -0.13095521482599648], [0.8504830628193158, -0.47008014871737336, -0.23601528263933846], [0.13948747081855878, -0.2310751553371574, 0.9628849973234338]], "trans": [387.553230215312, 591.245986208837, 148.38661453653583]}], "rb_4XMM.renamed.noAb_Nup120_2-711_3F7F_updated_1.pdb_48": [{"rot": [[0.24278488041465746, -0.9398739120962516, -0.24019269598163628], [0.9668461792553436, 0.254641734148137, -0.019132508705666712], [0.07914523043989076, -0.22758430655674777, 0.9705366638657704]], "trans": [378.79262238202864, 292.1603371093039, 150.58132043411024]}], "rb_4XMM.renamed.noAb_Nup120_2-711_3F7F_updated_1.pdb_49": [{"rot": [[0.8553015706696935, -0.49129544199156006, -0.1645843610075733], [0.5171094570094301, 0.8293376720122513, 0.2116526287403729], [0.03251203902196771, -0.26613495535088094, 0.96338733272709]], "trans": [161.77296122806837, 86.97749581009464, 168.91868092787305]}]}
