{"rb_ScNup133N_56-480_renamed_1.pdb_0": [{"rot": [[0.6869419403387027, 0.16772828865066788, 0.707091218860775], [0.4426675050213984, 0.6750740936758315, -0.5901867908093885], [-0.5763299841252651, 0.7184303649165122, 0.3894888447235669]], "trans": [-42.090241117973164, -32.059068034256654, 412.4683488128765]}], "rb_ScNup133N_56-480_renamed_1.pdb_1": [{"rot": [[0.7876845371067306, 0.6090325379969026, 0.09291091251304534], [-0.20431787296859233, 0.400516915057178, -0.8932191262723114], [-0.5812119035158738, 0.6845915339924477, 0.43991721357241953]], "trans": [-360.00266046572153, 169.42952341155583, 436.86883831378213]}], "rb_ScNup133N_56-480_renamed_1.pdb_2": [{"rot": [[0.40289069504792663, 0.7276627359413375, -0.5551450536266765], [-0.7330820700087797, -0.10658681360875247, -0.671736503248391], [-0.5479687641421188, 0.6776032717505872, 0.4904936693143537]], "trans": [-442.8543891858309, 537.3607180419561, 441.72371340750976]}], "rb_ScNup133N_56-480_renamed_1.pdb_3": [{"rot": [[-0.24202192756648916, 0.4541236398423316, -0.8574363570046192], [-0.8338675638978437, -0.5491685779068834, -0.05548656521002404], [-0.49607486577741067, 0.7015594007467101, 0.5115898110477186]], "trans": [-242.1078030454222, 856.1953510077911, 424.2129247116012]}], "rb_ScNup133N_56-480_renamed_1.pdb_4": [{"rot": [[-0.7692544231410126, -0.05134169090406207, -0.6368764897946061], [-0.44763279124010713, -0.667957739908493, 0.594522785015787], [-0.45593038578776246, 0.7424260828334688, 0.4908472214895104]], "trans": [124.63883060685191, 939.1557155445291, 394.618544047427]}], "rb_ScNup133N_56-480_renamed_1.pdb_5": [{"rot": [[-0.8699465617899005, -0.49262453848544274, -0.022672532102390813], [0.1993604722312334, -0.3933659335858546, 0.8975069049349244], [-0.45105252658827777, 0.7762630394242226, 0.44041720207344015]], "trans": [442.5420759892184, 737.6425771605884, 370.3013817900141]}], "rb_ScNup133N_56-480_renamed_1.pdb_6": [{"rot": [[-0.4851114689334798, -0.6112151887004871, 0.6253661773801236], [0.728094450169652, 0.11374708917276138, 0.6759734250226667], [-0.4842988068758298, 0.78324810424702, 0.3898423692367158]], "trans": [525.3716428601917, 369.7052904517125, 365.53077936292965]}], "rb_ScNup133N_56-480_renamed_1.pdb_7": [{"rot": [[0.1598090318581494, -0.33764156652505395, 0.9276094252922763], [0.828829323149734, 0.5563073693417364, 0.0596997814336811], [-0.536193086885418, 0.7592893278392518, 0.3687501731602334]], "trans": [324.60671638912606, 50.88682268288278, 383.1254278346401]}], "rb_ScNup133C_490_881_renamed_relative_3CQC_1.pdb_7": [{"rot": [[0.8505293142457716, 0.20306833926425727, -0.4851423865187128], [-0.22252744786823664, 0.9747623434720968, 0.017885991558576175], [0.47653060820252124, 0.0927449369897934, 0.874252226825241]], "trans": [179.01528977876183, 131.350860976794, -249.23120318865585]}], "rb_ScNup133C_490_881_renamed_relative_3CQC_1.pdb_8": [{"rot": [[0.45551696492357585, 0.8329945123656652, -0.31404527863908316], [-0.7293237241274333, 0.5514810913596232, 0.40491420239069015], [0.5104813415705842, 0.044595383634235874, 0.8587316528851198]], "trans": [-101.13049991368479, 91.0361337773771, -226.66446059768657]}], "rb_ScNup133C_490_881_renamed_relative_3CQC_1.pdb_9": [{"rot": [[-0.18113884178161016, 0.9802148774142629, 0.07979670478006065], [-0.8073333129066633, -0.19454361386945757, 0.5571047515268212], [0.5616063050475543, 0.036490771413478784, 0.826599529235579]], "trans": [-327.7129648440059, 261.2660610209206, -209.3914458205063]}], "rb_ScNup133C_490_881_renamed_relative_3CQC_1.pdb_10": [{"rot": [[-0.6864761574550144, 0.5584856687574342, 0.46566537667981794], [-0.4108570971638515, -0.8262799809436063, 0.38530226939628076], [0.599955774166637, 0.07317889644147421, 0.7966793069734623]], "trans": [-367.99498890399974, 542.3176678813616, -207.50692956190875]}], "rb_ScNup133C_490_881_renamed_relative_3CQC_1.pdb_11": [{"rot": [[-0.7644612573190055, -0.18513819679180768, 0.6175134283130371], [0.22784356560422006, -0.973647938548011, -0.009848927553862213], [0.6030640891903597, 0.1331673377742592, 0.7864986741750526]], "trans": [-198.37688108351932, 769.547077027377, -222.0908831166734]}], "rb_ScNup133C_490_881_renamed_relative_3CQC_1.pdb_12": [{"rot": [[-0.36940937028334914, -0.8150313736982131, 0.4463861299754505], [0.7346088214686706, -0.5503172592298091, -0.3968636965183371], [0.5691103553505832, 0.1813140206420657, 0.8020215890805797]], "trans": [81.77859278014137, 809.8402134417411, -244.5758159574873]}], "rb_ScNup133C_490_881_renamed_relative_3CQC_1.pdb_13": [{"rot": [[0.2672525379948592, -0.9621935574362156, 0.05253226592812299], [0.8125684381539974, 0.19571897610381767, -0.5490233289295122], [0.517985148678296, 0.18941393935270415, 0.8341545092652862]], "trans": [308.3543192447328, 639.5929064748757, -261.765732487462]}], "rb_ScNup133C_490_881_renamed_relative_3CQC_1.pdb_14": [{"rot": [[0.772558944713339, -0.5404150657853025, -0.33332301693053823], [0.4160525729753406, 0.8274222216835134, -0.37719056667010414], [0.4796383361075379, 0.1527220473166288, 0.864073517010796]], "trans": [348.62095636881753, 358.5385458301782, -263.5665323243287]}], "rb_ScNup84_506-726_ScNup133C_882_1155_renamed_relative_3CQC_new_1.pdb_14": [{"rot": [[-0.9308224857143661, 0.2674953347936111, -0.24902960858537326], [0.30814340346662716, 0.20803712469107177, -0.9283147083022419], [-0.19651244995809736, -0.9408330354605577, -0.2760725564005609]], "trans": [1096.9464281732994, 333.90738800146244, 765.9414236329308]}], "rb_ScNup84_506-726_ScNup133C_882_1155_renamed_relative_3CQC_new_1.pdb_15": [{"rot": [[-0.4465461226547879, 0.3177033584087915, -0.8364574922838287], [0.8625792876223605, -0.09560921563301644, -0.4968056465570232], [-0.2378098671352339, -0.9433575430036141, -0.23135041204049767]], "trans": [712.4986730868387, -354.18783279361213, 799.9734366941025]}], "rb_ScNup84_506-726_ScNup133C_882_1155_renamed_relative_3CQC_new_1.pdb_16": [{"rot": [[0.28683288777118876, 0.13918050366252915, -0.9478162701141433], [0.9109416183642065, -0.34584770630500405, 0.22488826553550834], [-0.2965000209525159, -0.9279106376391068, -0.2259858095795958]], "trans": [-44.47972040582803, -567.8347392417921, 861.3900332737019]}], "rb_ScNup84_506-726_ScNup133C_882_1155_renamed_relative_3CQC_new_1.pdb_17": [{"rot": [[0.8396907806119795, -0.1634920239625636, -0.5178703998645511], [0.42489906043472836, -0.396085111126522, 0.8139885583873872], [-0.3382013917726102, -0.9035413343309293, -0.2631214087803464]], "trans": [-730.5382226620845, -181.87584432917316, 914.2365100225743]}], "rb_ScNup84_506-726_ScNup133C_882_1155_renamed_relative_3CQC_new_1.pdb_18": [{"rot": [[0.88815560694516, -0.4130043901010677, 0.20151176543596583], [-0.3108178025309185, -0.21689165000571717, 0.9253919741318534], [-0.3384847285797774, -0.8845255145641887, -0.321002652019001]], "trans": [-943.7721762960699, 577.5888060791933, 927.5786606270947]}], "rb_ScNup84_506-726_ScNup133C_882_1155_renamed_relative_3CQC_new_1.pdb_19": [{"rot": [[0.40383598815070276, -0.4631887325446852, 0.788906010065834], [-0.8652156585996905, 0.08675862090504098, 0.4938368210376373], [-0.29718404867732984, -0.8820029136813006, -0.36572189088082624]], "trans": [-559.2642113309862, 1265.6542281176949, 893.624470039998]}], "rb_ScNup84_506-726_ScNup133C_882_1155_renamed_relative_3CQC_new_1.pdb_20": [{"rot": [[-0.3295468141749749, -0.28464635589071624, 0.9002085032620277], [-0.9135204266767307, 0.33698309143741056, -0.22786580728501094], [-0.23849387269170785, -0.8974513068481328, -0.37108196469929644]], "trans": [197.73739813357878, 1479.2421126289064, 832.288786762479]}], "rb_ScNup84_506-726_ScNup133C_882_1155_renamed_relative_3CQC_new_1.pdb_21": [{"rot": [[-0.882366813731978, 0.018030098169433073, 0.4702166751450626], [-0.4274344925252789, 0.38719673858849524, -0.8169323351576248], [-0.19679573324677038, -0.9218208075252114, -0.33394286665451156]], "trans": [883.772348889853, 1093.229782072168, 779.5269237928296]}], "rb_4XMM.renamed.noAb_Nup145c_149-550_Sec13_Nup84_7-436_3IKO_updated_1.pdb_21": [{"rot": [[0.9959159262496856, -0.036355081127028926, 0.08264245832788686], [0.037079461666975747, 0.9992860431482785, -0.00724689530369854], [-0.08231999371183557, 0.010281636314450957, 0.9965529120874513]], "trans": [-8.192254195710461, -19.144954744757342, 39.93198923275139]}], "rb_4XMM.renamed.noAb_Nup145c_149-550_Sec13_Nup84_7-436_3IKO_updated_1.pdb_22": [{"rot": [[0.7305598997392801, 0.6789159250968412, 0.07318059539817595], [-0.6804082721144201, 0.7328089634410451, -0.0059671047190963285], [-0.05767855867825089, -0.04543335504186062, 0.9973008543656412]], "trans": [-334.23131416361844, 133.2132378342994, 65.21926490166078]}], "rb_4XMM.renamed.noAb_Nup145c_149-550_Sec13_Nup84_7-436_3IKO_updated_1.pdb_23": [{"rot": [[0.037103577114295516, 0.9970365849711629, 0.06738970837125371], [-0.9993110601491269, 0.03707674323334248, 0.0016492952540288763], [-0.0008541832061647117, -0.06740447566926021, 0.9977253665367041]], "trans": [-457.4632514229083, 472.18277634931087, 73.43360478457049]}], "rb_4XMM.renamed.noAb_Nup145c_149-550_Sec13_Nup84_7-436_3IKO_updated_1.pdb_24": [{"rot": [[-0.6782165500974031, 0.7316473304402544, 0.06866218051899826], [-0.7328111526771022, -0.680340873052852, 0.011140510120180695], [0.05486461232918072, -0.04276073331141628, 0.9975777633852092]], "trans": [-305.69514621750903, 799.19064246287, 59.7869376570664]}], "rb_4XMM.renamed.noAb_Nup145c_149-550_Sec13_Nup84_7-436_3IKO_updated_1.pdb_25": [{"rot": [[-0.9963558653614094, 0.03821692879681085, 0.07625257971540356], [-0.03702795314415332, -0.9991705302086962, 0.016946452384637784], [0.07683697186816299, 0.014061220281678938, 0.9969445129185067]], "trans": [32.16701883223726, 922.6711341899206, 32.29767844163331]}], "rb_4XMM.renamed.noAb_Nup145c_149-550_Sec13_Nup84_7-436_3IKO_updated_1.pdb_26": [{"rot": [[-0.7309438720317233, -0.6770333133077754, 0.0857143430865867], [0.6804389296202046, -0.7326373195741309, 0.015665919205095257], [0.05219117738257682, 0.06977428350564457, 0.9961965821888228]], "trans": [358.2007369229254, 770.2877551970031, 7.093427686413406]}], "rb_4XMM.renamed.noAb_Nup145c_149-550_Sec13_Nup84_7-436_3IKO_updated_1.pdb_27": [{"rot": [[-0.037462658109980784, -0.995099719020224, 0.09150463623884508], [0.999287279409564, -0.036880154057154335, 0.00804906497364695], [-0.0046349172122191265, 0.09174095836969016, 0.995772119563429]], "trans": [481.4127722608692, 431.3089542989916, -1.0368042350631868]}], "rb_4XMM.renamed.noAb_Nup145c_149-550_Sec13_Nup84_7-436_3IKO_updated_1.pdb_28": [{"rot": [[0.677836703203345, -0.7296545031378622, 0.09023142380045224], [0.732731237155586, 0.6805166086063548, -0.00144204970328006], [-0.06035178445465966, 0.06709285700834218, 0.9959197812332041]], "trans": [329.62569059466676, 104.31340945821353, 12.693792074261125]}], "rb_4XMM.renamed.noAb_Seh1_Nup85_47_544_3F3F_1.pdb_28": [{"rot": [[0.6605487267338078, -0.7239171673325612, 0.19904601089082274], [0.26965075438151287, 0.47618092789178024, 0.8369827922804672], [-0.7006881262529214, -0.49919501074562767, 0.5097455158947907]], "trans": [485.42408374922616, -86.8069739124727, 743.3248088756]}], "rb_4XMM.renamed.noAb_Seh1_Nup85_47_544_3F3F_1.pdb_29": [{"rot": [[0.6445398234137268, -0.18738127005695276, 0.7412534490075904], [-0.31521992808699223, 0.8181449386190563, 0.4809108611259006], [-0.6965664454814318, -0.543624060398238, 0.46826068379215824]], "trans": [-18.081589532787234, -221.99871601022335, 784.1563387203262]}], "rb_4XMM.renamed.noAb_Seh1_Nup85_47_544_3F3F_1.pdb_30": [{"rot": [[0.2209441464470438, 0.43319434039806115, 0.8737999471262738], [-0.7172619916557417, 0.6792574291541912, -0.15538526398883726], [-0.6608471226212829, -0.5924120258620098, 0.4607917882701941]], "trans": [-469.5394976224707, 39.61170797438475, 818.9087094874984]}], "rb_4XMM.renamed.noAb_Seh1_Nup85_47_544_3F3F_1.pdb_31": [{"rot": [[-0.3620899839001132, 0.7742677213118266, 0.5190378977433246], [-0.7009535266930661, 0.14088066085558587, -0.699154341196169], [-0.6144550406464019, -0.6169782290579527, 0.49171421363709195]], "trans": [-604.4773190651204, 544.7693397593698, 827.247497274466]}], "rb_4XMM.renamed.noAb_Seh1_Nup85_47_544_3F3F_1.pdb_32": [{"rot": [[-0.7630129532891415, 0.6360332770103887, -0.11520808846782865], [-0.27584826192345696, -0.4815966642950028, -0.8318487779240509], [-0.5845673353060303, -0.6029314417704181, 0.542913167106725]], "trans": [-343.84466209708586, 997.5458327176582, 804.311727519902]}], "rb_4XMM.renamed.noAb_Seh1_Nup85_47_544_3F3F_1.pdb_33": [{"rot": [[-0.7469584332380802, 0.09947069407119472, -0.6573877699162871], [0.3090211445668155, -0.8235185522940759, -0.4757343021457321], [-0.5886926458052026, -0.5585004700521443, 0.5843955798313382]], "trans": [159.67810124855856, 1132.6984499209138, 763.5615024415699]}], "rb_4XMM.renamed.noAb_Seh1_Nup85_47_544_3F3F_1.pdb_34": [{"rot": [[-0.3233313879615741, -0.5210941008875563, -0.7898846444760358], [0.7110299477971183, -0.684582340053156, 0.16057220501373942], [-0.624414307086626, -0.5097136036123977, 0.5918604695348341]], "trans": [611.1221498722357, 871.0529993547465, 728.8928833697171]}], "rb_4XMM.renamed.noAb_Seh1_Nup85_47_544_3F3F_1.pdb_35": [{"rot": [[0.2597014862760616, -0.862125501015419, -0.4350801748240424], [0.6946757225110145, -0.14617881970356608, 0.7043134197385948], [-0.6708060662962182, -0.48515087670639845, 0.5609347985739594]], "trans": [746.0271080683731, 365.88519195684944, 720.63924108535]}], "rb_4XMM.renamed.noAb_Nup120_715-1036_Nup85_553-744_Nup145c_92-99_554-712_remaining_updated_1.pdb_35": [{"rot": [[0.9982149727521292, -0.047583282461962695, 0.036092927335011654], [0.04722766793395024, 0.9988274534952302, 0.010642627765442768], [-0.03655701786231867, -0.008919045597950382, 0.9992917667381409]], "trans": [15.031669777642719, -29.63566350239182, 24.202646300831418]}], "rb_4XMM.renamed.noAb_Nup120_715-1036_Nup85_553-744_Nup145c_92-99_554-712_remaining_updated_1.pdb_36": [{"rot": [[0.740248859724659, 0.6702529018224479, 0.05284574982842852], [-0.6722168538145348, 0.73929198288529, 0.03964675887412739], [-0.012495083994480127, -0.06487227173548757, 0.9978153442575668]], "trans": [-325.4736932509154, 108.52187942186453, 50.71206876575593]}], "rb_4XMM.renamed.noAb_Nup120_715-1036_Nup85_553-744_Nup145c_92-99_554-712_remaining_updated_1.pdb_37": [{"rot": [[0.05064058587172382, 0.9950811770725492, 0.08514095429625941], [-0.9977448093263961, 0.046646606345752684, 0.04826375015119365], [0.044054812731425905, -0.08739304979421174, 0.9951992907568135]], "trans": [-468.94855093091934, 447.7158636124122, 60.53880271692287]}], "rb_4XMM.renamed.noAb_Nup120_715-1036_Nup85_553-744_Nup145c_92-99_554-712_remaining_updated_1.pdb_38": [{"rot": [[-0.6666275985069663, 0.7366125595681503, 0.114059554598866], [-0.7386573323186123, -0.6733472482467127, 0.03144564660695909], [0.09996494545981983, -0.06328839044435164, 0.9929761272629756]], "trans": [-331.34139529866496, 789.2417872904307, 47.95021374997674]}], "rb_4XMM.renamed.noAb_Nup120_715-1036_Nup85_553-744_Nup145c_92-99_554-712_remaining_updated_1.pdb_39": [{"rot": [[-0.9913698775209745, 0.04626160985083556, 0.12266062692671706], [-0.04673151995576919, -0.9989070289584892, -0.0009552695671037107], [0.12248237010553698, -0.006679143008752164, 0.9924482142973492]], "trans": [6.7374749548418436, 933.0290656449922, 20.344879682045416]}], "rb_4XMM.renamed.noAb_Nup120_715-1036_Nup85_553-744_Nup145c_92-99_554-712_remaining_updated_1.pdb_40": [{"rot": [[-0.733347645257761, -0.6715543517866012, 0.10590554183503763], [0.6726927307260253, -0.7393152258557107, -0.029958084823310683], [0.09841606181542879, 0.04927219717442366, 0.9939248107187708]], "trans": [347.2386040622902, 794.8452004105494, -6.081600653480052]}], "rb_4XMM.renamed.noAb_Nup120_715-1036_Nup85_553-744_Nup145c_92-99_554-712_remaining_updated_1.pdb_41": [{"rot": [[-0.04371396349059159, -0.9963286138118906, 0.07360966441723332], [0.9981665497954416, -0.046644377440409, -0.0385725410448807], [0.04186440332078756, 0.07178854611197488, 0.9965409055235623]], "trans": [490.6935428658807, 455.64036502911836, -15.824217561489547]}], "rb_4XMM.renamed.noAb_Nup120_715-1036_Nup85_553-744_Nup145c_92-99_554-712_remaining_updated_1.pdb_42": [{"rot": [[0.6735340331664137, -0.7378038342135237, 0.044692375036525456], [0.7390227848607668, 0.6733291666267702, -0.021752168313385313], [-0.014043846453841165, 0.047679509115763984, 0.9987639534881394]], "trans": [353.0662788390962, 114.12565165049944, -3.151603785186012]}], "rb_4XMM.renamed.noAb_Nup120_2-711_3F7F_updated_1.pdb_42": [{"rot": [[0.987521061439348, 0.126790721866776, 0.09341448529111238], [-0.1520440817349036, 0.9221568976647466, 0.35568139296105783], [-0.041045711384888384, -0.3654459863479559, 0.9299271372742471]], "trans": [-92.15629992796096, 32.68375679905262, 265.32165698489956]}], "rb_4XMM.renamed.noAb_Nup120_2-711_3F7F_updated_1.pdb_43": [{"rot": [[0.5920942397047814, 0.7327738261187603, 0.33536089674213393], [-0.8058437383842373, 0.5416500950392135, 0.2392301064893933], [-0.0063467011377815186, -0.4118952467549029, 0.9112091006379294]], "trans": [-352.76251755963085, 242.01839181756537, 285.1163126599607]}], "rb_4XMM.renamed.noAb_Nup120_2-711_3F7F_updated_1.pdb_44": [{"rot": [[-0.14847647203575975, 0.8932091006108829, 0.42441988624204396], [-0.9874641886150097, -0.1571566578006106, -0.014705818978886454], [0.05356503948203736, -0.4212829067204568, 0.905346065905435]], "trans": [-389.54714521201544, 574.8448882958363, 286.4701554825024]}], "rb_4XMM.renamed.noAb_Nup120_2-711_3F7F_updated_1.pdb_45": [{"rot": [[-0.8003543087976299, 0.5141112994082885, 0.30841944201004357], [-0.5905096118336869, -0.7648925118659408, -0.25736713780791376], [0.10359236806393561, -0.3881095426707908, 0.9157726814918499]], "trans": [-180.95931600383545, 836.1889085384732, 268.61409013908235]}], "rb_4XMM.renamed.noAb_Nup120_2-711_3F7F_updated_1.pdb_46": [{"rot": [[-0.9816600423282279, -0.1824387402655463, 0.055314259883502095], [0.15247840382170003, -0.9255372347697648, -0.3465994279030492], [0.11442857013930414, -0.3318085790106322, 0.9363808889713718]], "trans": [150.8091919656298, 872.9515573318333, 242.032456379584]}], "rb_4XMM.renamed.noAb_Nup120_2-711_3F7F_updated_1.pdb_47": [{"rot": [[-0.5861822175144866, -0.7883921838141295, -0.18662307566478445], [0.8062470026492043, -0.54498288274443, -0.23012915555127203], [0.07972564574194288, -0.28536191409568945, 0.9550981098267713]], "trans": [411.4056221311686, 663.5968734545982, 222.32115496254394]}], "rb_4XMM.renamed.noAb_Nup120_2-711_3F7F_updated_1.pdb_48": [{"rot": [[0.15440267963037418, -0.9487729600631476, -0.27566226215419865], [0.9878093213184314, 0.15383643897725913, 0.023813751472906403], [0.019813057295060055, -0.2759786591311114, 0.9609595321681417]], "trans": [448.17082463140775, 330.7678994182738, 221.05134908860077]}], "rb_4XMM.renamed.noAb_Nup120_2-711_3F7F_updated_1.pdb_49": [{"rot": [[0.8062495741118458, -0.5696277489169802, -0.15964288868671217], [0.5908035935242538, 0.7615425183783011, 0.2664659576397334], [-0.03021155612166322, -0.30915565717904264, 0.9505314521418524]], "trans": [239.56913879161473, 69.44065789705292, 238.99091384415976]}]}
