{"rb_ScNup133N_56-480_renamed_1.pdb_0": [{"rot": [[0.7989479547197753, 0.27780007427230263, 0.5333941173123216], [0.2575724880651648, 0.6433983751485046, -0.7208987059554096], [-0.5434506224497384, 0.7133481965986644, 0.44248815957992005]], "trans": [-79.59682544547968, 124.7424942210578, 378.5481559936959]}], "rb_ScNup133N_56-480_renamed_1.pdb_1": [{"rot": [[0.7372502296827427, 0.6646355290437425, -0.12133306377689212], [-0.41224250227048503, 0.300251670085668, -0.8601773386532197], [-0.5352739655115984, 0.6841845863095071, 0.495351626324146]], "trans": [-276.71974537806466, 304.78339556052504, 393.42532759818033]}], "rb_ScNup133N_56-480_renamed_1.pdb_2": [{"rot": [[0.2214591326722351, 0.6963880284084076, -0.6826416090786667], [-0.8419152770005958, -0.21669477294974882, -0.4941882654710308], [-0.492071660339295, 0.6841689040476091, 0.5383106833653053]], "trans": [-289.2473884242396, 571.8723182907967, 393.16558288535276]}], "rb_ScNup133N_56-480_renamed_1.pdb_3": [{"rot": [[-0.44626763902852357, 0.35445651052823685, -0.8217090583047336], [-0.7797374663021448, -0.6046064386827518, 0.1626669540750985], [-0.4391522264552664, 0.7133103367031104, 0.5461993093659827]], "trans": [-109.8389713085254, 769.5449223178485, 377.9450888715746]}], "rb_ScNup133N_56-480_renamed_1.pdb_4": [{"rot": [[-0.8747663276097485, -0.16085072018816404, -0.45706773884742924], [-0.2621337083894161, -0.6362392037724609, 0.7255932707164505], [-0.4075166143927943, 0.7545374221322179, 0.5143962359853547]], "trans": [156.40743890327553, 782.0019258140964, 356.7042304602692]}], "rb_ScNup133N_56-480_renamed_1.pdb_5": [{"rot": [[-0.813016359469049, -0.5476594221551742, 0.19767032291255315], [0.4076764171393277, -0.29306214840733713, 0.8648205109034562], [-0.4156974117602048, 0.7836987523886553, 0.4615321520331277]], "trans": [353.5228543739699, 601.9459572828681, 341.91020690606933]}], "rb_ScNup133N_56-480_renamed_1.pdb_6": [{"rot": [[-0.29719173661779785, -0.5793716037578215, 0.7589503385895452], [0.8373086944265783, 0.22388676958324932, 0.49878739423048146], [-0.4589021921104258, 0.7837112090334455, 0.4185755832721002]], "trans": [366.0361987327308, 334.8564586740937, 342.25357070394386]}], "rb_ScNup133N_56-480_renamed_1.pdb_7": [{"rot": [[0.3705302037505599, -0.2374098218715146, 0.897966560951744], [0.7750784776223549, 0.6117715850606696, -0.15807871848850003], [-0.5118209859268954, 0.7545674947884313, 0.41069109337010123]], "trans": [186.61889175530428, 137.1983410299025, 357.55717940085526]}], "rb_ScNup133C_490_881_renamed_relative_3CQC_1.pdb_7": [{"rot": [[0.7549633992647746, 0.3198182954997844, -0.5724915052943498], [-0.25371579520588666, 0.9474772706150101, 0.19471804469790976], [0.6046970820449049, -0.0017548594089532438, 0.7964536141137373]], "trans": [233.2037945149939, 94.64833093855458, -275.84931904179484]}], "rb_ScNup133C_490_881_renamed_relative_3CQC_1.pdb_8": [{"rot": [[0.36831253526140506, 0.8946596004098397, -0.25284397513847123], [-0.6766433133565952, 0.44446355880481503, 0.5870314909648109], [0.6375732921469708, -0.04512587161558429, 0.7690669365223087]], "trans": [-89.115109445609, 25.360498025571133, -249.78015026560274]}], "rb_ScNup133C_490_881_renamed_relative_3CQC_1.pdb_9": [{"rot": [[-0.20331009948856227, 0.9467118964006447, 0.24980309977949974], [-0.7013040813206941, -0.3188428894965233, 0.6375827768536773], [0.6832551419264177, -0.04556091560760872, 0.7287568963653848]], "trans": [-365.95236716216573, 205.02737209589708, -228.54743252628526]}], "rb_ScNup133C_490_881_renamed_relative_3CQC_1.pdb_10": [{"rot": [[-0.625039905669446, 0.44548221454341264, 0.6409919756488592], [-0.3132514735079862, -0.8952863942531598, 0.31675824631768], [0.7149815596683639, -0.002805136480378473, 0.699137683538458]], "trans": [-435.1308963197201, 528.3976818113904, -224.5655863556678]}], "rb_ScNup133C_490_881_renamed_relative_3CQC_1.pdb_11": [{"rot": [[-0.6498216164302172, -0.3154020301913758, 0.6915586932221865], [0.2601878208830739, -0.9471782225252393, -0.18749856702931303], [0.714166762517087, 0.05809452749688929, 0.6975606505464425]], "trans": [-256.12302578125207, 806.0366570145275, -240.14322848334268]}], "rb_ScNup133C_490_881_renamed_relative_3CQC_1.pdb_12": [{"rot": [[-0.26313775618509516, -0.8902041187702306, 0.3718805563543093], [0.6830849777041524, -0.4441194096362002, -0.5797869119075652], [0.6812880701324449, 0.10146219448104904, 0.7249496455522265]], "trans": [66.20782322009336, 875.29958811694, -266.1307516049775]}], "rb_ScNup133C_490_881_renamed_relative_3CQC_1.pdb_13": [{"rot": [[0.30848681749189877, -0.9421968829942102, -0.13077047491584048], [0.7077008796395505, 0.3191910986942975, -0.6302987446217339], [0.6356062841029235, 0.10189247366867565, 0.7652598090965916]], "trans": [343.03760781362075, 695.6113902666854, -287.28029335065577]}], "rb_ScNup133C_490_881_renamed_relative_3CQC_1.pdb_14": [{"rot": [[0.7301863694342924, -0.44092222848293156, -0.521934339090668], [0.3196151842512948, 0.8955952440080804, -0.30944352135101744], [0.6038824387977993, 0.05913330144472073, 0.7948768790019433]], "trans": [412.19745022374275, 372.2360601632123, -291.1781490560341]}], "rb_ScNup84_506-726_ScNup133C_882_1155_renamed_relative_3CQC_new_1.pdb_14": [{"rot": [[0.9751178261616781, 0.19496146590650235, 0.10552370308757268], [-0.20809715762583111, 0.9690889605829852, 0.13252229798883844], [-0.07642511426080097, -0.15118403780750203, 0.9855468475026677]], "trans": [-74.72198110797319, 92.70251641806874, 93.66497455076927]}], "rb_ScNup84_506-726_ScNup133C_882_1155_renamed_relative_3CQC_new_1.pdb_15": [{"rot": [[0.5430848110371962, 0.8184252972679888, 0.1877203260504834], [-0.8387753302436154, 0.539132774681583, 0.07610385429696803], [-0.03892086067149274, -0.19878602580650429, 0.9792697700575919]], "trans": [-301.4834760297614, 262.2832905847947, 110.95541756308211]}], "rb_ScNup84_506-726_ScNup133C_882_1155_renamed_relative_3CQC_new_1.pdb_16": [{"rot": [[-0.20708170569136086, 0.9563693023414217, 0.2060944557889459], [-0.9780862795787129, -0.20702581069743287, -0.022080385072397277], [0.021549869322834203, -0.20615060330752344, 0.9782829508317701]], "trans": [-342.34972363108767, 543.00305913493, 112.88811460553305]}], "rb_ScNup84_506-726_ScNup133C_882_1155_renamed_relative_3CQC_new_1.pdb_17": [{"rot": [[-0.8359236011765191, 0.5279839379443118, 0.14988226802693963], [-0.5444196872262376, -0.8322765754029819, -0.10451270829890817], [0.06956246945421041, -0.16896349696991975, 0.9831644824418396]], "trans": [-173.37878651373956, 770.4123402982481, 98.35486940081262]}], "rb_ScNup84_506-726_ScNup133C_882_1155_renamed_relative_3CQC_new_1.pdb_18": [{"rot": [[-0.9750564263723457, -0.2157766092258752, 0.05201365494729522], [0.20817644231477797, -0.9703388054347704, -0.12290309814071708], [0.0769904815880136, -0.1090094380244608, 0.9910546948410258]], "trans": [106.4456912079902, 811.2916874935923, 75.89346680978997]}], "rb_ScNup84_506-726_ScNup133C_882_1155_renamed_relative_3CQC_new_1.pdb_19": [{"rot": [[-0.5429742105062911, -0.839206923613129, -0.030178569960487137], [0.8388206847537805, -0.5403336997627339, -0.06647820492399564], [0.039482471481290984, -0.061410359553627586, 0.9973313903538911]], "trans": [333.2004982988405, 641.693519530314, 58.686118077249205]}], "rb_ScNup84_506-726_ScNup133C_882_1155_renamed_relative_3CQC_new_1.pdb_20": [{"rot": [[0.20720319200806675, -0.9770927366819636, -0.048545042435057424], [0.978072750786184, 0.205835687638459, 0.031707473313906415], [-0.02098883968249691, -0.05405047287264059, 0.9983175922475915]], "trans": [374.051384861475, 360.9709513306493, 56.83713561551639]}], "rb_ScNup84_506-726_ScNup133C_882_1155_renamed_relative_3CQC_new_1.pdb_21": [{"rot": [[0.8360112812764411, -0.5486585949466911, 0.007673576066449538], [0.5443568166760755, 0.8310528086408266, 0.11413538184316288], [-0.06899850517811568, -0.09124130337362418, 0.9934355695473509]], "trans": [205.069238889266, 133.57533832935337, 71.45368432251396]}], "rb_4XMM.renamed.noAb_Nup145c_149-550_Sec13_Nup84_7-436_3IKO_updated_1.pdb_21": [{"rot": [[0.9982836088294788, -0.016232556595430075, 0.05627024479035919], [0.017642089486099716, 0.9995406159232584, -0.024643737507047115], [-0.055844364272102126, 0.025594163907577645, 0.9981113894515558]], "trans": [-9.92091656055436, -4.635998849452903, 19.885889698299252]}], "rb_4XMM.renamed.noAb_Nup145c_149-550_Sec13_Nup84_7-436_3IKO_updated_1.pdb_22": [{"rot": [[0.7190587004488296, 0.6936638130546531, 0.04225044103104411], [-0.6942961184808125, 0.7196893314285111, 0.00040754197126485585], [-0.03012449454042451, -0.029627363812192477, 0.9991069683183187]], "trans": [-325.62446355649627, 143.53617887590002, 44.36972792438013]}], "rb_4XMM.renamed.noAb_Nup145c_149-550_Sec13_Nup84_7-436_3IKO_updated_1.pdb_23": [{"rot": [[0.019703822517027902, 0.9985552466366437, 0.04999178725198076], [-0.999438433507689, 0.018316486071864813, 0.02805929374866679], [0.027103081114741488, -0.05051658888334623, 0.9983553962601079]], "trans": [-444.49610166108044, 472.2154132170252, 52.28659215446419]}], "rb_4XMM.renamed.noAb_Nup145c_149-550_Sec13_Nup84_7-436_3IKO_updated_1.pdb_24": [{"rot": [[-0.6900890765696985, 0.7198320433889979, 0.07495929368396274], [-0.7190281849451435, -0.693703817979638, 0.04211273174425659], [0.08231364196578293, -0.02483630872112826, 0.9962969547857885]], "trans": [-296.8972358432805, 788.8568911148672, 39.0226765959697]}], "rb_4XMM.renamed.noAb_Nup145c_149-550_Sec13_Nup84_7-436_3IKO_updated_1.pdb_25": [{"rot": [[-0.9945133084464678, 0.020774185771352552, 0.10252664301729426], [-0.017333650185620143, -0.9992600471263394, 0.034335153826741974], [0.10316406299725168, 0.03236960646348387, 0.9941375079350421]], "trans": [30.708550496091846, 907.9676869672109, 12.37217490545828]}], "rb_4XMM.renamed.noAb_Nup145c_149-550_Sec13_Nup84_7-436_3IKO_updated_1.pdb_26": [{"rot": [[-0.7152328656981994, -0.689100376508083, 0.11654449331288418], [0.6945826184158121, -0.7193530539912714, 0.009282774804051687], [0.07743987357797687, 0.08758912495194024, 0.9931420901212362]], "trans": [346.4070818171089, 759.7711338967113, -12.028668353508124]}], "rb_4XMM.renamed.noAb_Nup145c_149-550_Sec13_Nup84_7-436_3IKO_updated_1.pdb_27": [{"rot": [[-0.015854169541071994, -0.9939371156346877, 0.10880099021588671], [0.9996700326930472, -0.01795630184155983, -0.0183683684537781], [0.020210666580840482, 0.10847387421849247, 0.9938938311350894]], "trans": [465.2596204618913, 431.08297905864515, -19.861490246750293]}], "rb_4XMM.renamed.noAb_Nup145c_149-550_Sec13_Nup84_7-436_3IKO_updated_1.pdb_28": [{"rot": [[0.6939168785764538, -0.7151583716300747, 0.08383238702391664], [0.7192040836299396, 0.6940421022192889, -0.03241984634519077], [-0.03499788160341634, 0.08278927366782957, 0.9959523504911383]], "trans": [317.64258681079417, 114.45349485531449, -6.513708365231764]}], "rb_4XMM.renamed.noAb_Seh1_Nup85_47_544_3F3F_1.pdb_28": [{"rot": [[0.6267927704887685, -0.7544195381230729, 0.1948896697138433], [0.2467980867021795, 0.4294606983319965, 0.8687083589953103], [-0.7390680126098985, -0.4964017214780291, 0.4553721595030725]], "trans": [518.9367446164023, -61.09128859055204, 776.2283978692769]}], "rb_4XMM.renamed.noAb_Seh1_Nup85_47_544_3F3F_1.pdb_29": [{"rot": [[0.6037391809751403, -0.2418877398503581, 0.7595981323473221], [-0.30979971498707753, 0.8067669326440127, 0.5031413846883239], [-0.7345223876434127, -0.5390894524123468, 0.41214005428781564]], "trans": [24.456707369359663, -225.5384540360937, 816.4828700840872]}], "rb_4XMM.renamed.noAb_Seh1_Nup85_47_544_3F3F_1.pdb_30": [{"rot": [[0.19508969906598367, 0.38662068195328486, 0.9013681032765181], [-0.6868607697410627, 0.7098874247203257, -0.15582723515048824], [-0.7001159134807932, -0.5887141008247617, 0.40404630326366503]], "trans": [-441.23872643337205, 8.991284301815384, 852.5018201331925]}], "rb_4XMM.renamed.noAb_Seh1_Nup85_47_544_3F3F_1.pdb_31": [{"rot": [[-0.3597630467786214, 0.7629166318265345, 0.5371487345745181], [-0.6634973951240192, 0.1955755563036935, -0.7221643915620104], [-0.6560043878177884, -0.6162048479677382, 0.43583233990245823]], "trans": [-605.3366920252727, 505.1072156306967, 863.2088441118177]}], "rb_4XMM.renamed.noAb_Seh1_Nup85_47_544_3F3F_1.pdb_32": [{"rot": [[-0.7357784946191896, 0.6665606365607482, -0.11969513207994731], [-0.25339618541019343, -0.434877528290076, -0.8641017929664674], [-0.6280289643602981, -0.6054572265453861, 0.4888774557580733]], "trans": [-371.70437404202806, 972.177748938639, 842.3556213054326]}], "rb_4XMM.renamed.noAb_Seh1_Nup85_47_544_3F3F_1.pdb_33": [{"rot": [[-0.7126814932929013, 0.15399939680215674, -0.6843750981021725], [0.30319978832299826, -0.8121435227174599, -0.4984905083037686], [-0.6325780406231908, -0.5627673447283811, 0.5321070740261571]], "trans": [122.79503476535712, 1136.5864969145096, 802.1822685656455]}], "rb_4XMM.renamed.noAb_Seh1_Nup85_47_544_3F3F_1.pdb_34": [{"rot": [[-0.3040025918444153, -0.47450148608517617, -0.8260936774088175], [0.680228756659423, -0.7152146879923758, 0.16048921675156277], [-0.6669867035896888, -0.5131435372124586, 0.5401966747876488]], "trans": [588.4787216151166, 902.0206136258773, 766.2469072728841]}], "rb_4XMM.renamed.noAb_Seh1_Nup85_47_544_3F3F_1.pdb_35": [{"rot": [[0.2508483468852352, -0.8507573330434026, -0.461830128010081], [0.6568218338391494, -0.2008733021933472, 0.726797767647991], [-0.7110978733318696, -0.4856561301361316, 0.5084072558530959]], "trans": [752.5445299499403, 405.89221767735603, 755.6249836622285]}], "rb_4XMM.renamed.noAb_Nup120_715-1036_Nup85_553-744_Nup145c_92-99_554-712_remaining_updated_1.pdb_35": [{"rot": [[0.9965855586914985, -0.03375112265061933, 0.07535307510232833], [0.03560082661219917, 0.9990935014065483, -0.023340021245320176], [-0.07449701572601694, 0.02594295987405286, 0.9968837231497418]], "trans": [-3.836933424095946, -13.620416478011293, 28.535538968687206]}], "rb_4XMM.renamed.noAb_Nup120_715-1036_Nup85_553-744_Nup145c_92-99_554-712_remaining_updated_1.pdb_36": [{"rot": [[0.7301468604890625, 0.6809358496969219, 0.05667389800866632], [-0.6814751506581446, 0.7317397201112005, -0.012190202912235982], [-0.04977128844449351, -0.029721214798746464, 0.9983183200950797]], "trans": [-327.4741985960562, 133.39373932192026, 53.65737798276814]}], "rb_4XMM.renamed.noAb_Nup120_715-1036_Nup85_553-744_Nup145c_92-99_554-712_remaining_updated_1.pdb_37": [{"rot": [[0.03621493685869259, 0.9980254024704349, 0.051320311496003176], [-0.9993189026442395, 0.03580211734075789, 0.008940873102286404], [0.00708584266220233, -0.05160915052240734, 0.9986422214267339]], "trans": [-452.77416370791224, 466.88228300813546, 62.063220118829406]}], "rb_4XMM.renamed.noAb_Nup120_715-1036_Nup85_553-744_Nup145c_92-99_554-712_remaining_updated_1.pdb_38": [{"rot": [[-0.6786951068968167, 0.7317620046925022, 0.06242852202902681], [-0.7317330778357287, -0.6810292464816546, 0.027674324520768012], [0.06276666850621958, -0.026898585930115543, 0.9976656811776128]], "trans": [-306.332429128368, 791.4830402959632, 48.85280943237893]}], "rb_4XMM.renamed.noAb_Nup120_715-1036_Nup85_553-744_Nup145c_92-99_554-712_remaining_updated_1.pdb_39": [{"rot": [[-0.9957788869138714, 0.03812650909534505, 0.0834911832517234], [-0.035473225365567386, -0.9988244511066381, 0.033035831360597255], [0.0846525762084885, 0.029934681821003648, 0.9959607703948686]], "trans": [26.06528553668636, 917.0404274906952, 21.78899567151649]}], "rb_4XMM.renamed.noAb_Nup120_715-1036_Nup85_553-744_Nup145c_92-99_554-712_remaining_updated_1.pdb_40": [{"rot": [[-0.7292842539771831, -0.6765396307397334, 0.10216949123631411], [0.6815818159253036, -0.7314145847524925, 0.021884547317755756], [0.059922492445721426, 0.0855969231332693, 0.9945262498542753]], "trans": [349.6976255679487, 770.0012736096778, -3.249852561684122]}], "rb_4XMM.renamed.noAb_Nup120_715-1036_Nup85_553-744_Nup145c_92-99_554-712_remaining_updated_1.pdb_41": [{"rot": [[-0.03532752163538827, -0.9935749133047733, 0.10752142980128307], [0.9993710923726109, -0.03545211760859196, 0.0007530518176450743], [0.0030636489803283415, 0.10748041220835372, 0.994202481915252]], "trans": [474.9781162983758, 436.50330504366025, -11.571620023267371]}], "rb_4XMM.renamed.noAb_Nup120_715-1036_Nup85_553-744_Nup145c_92-99_554-712_remaining_updated_1.pdb_42": [{"rot": [[0.6795616715157642, -0.7272555998756896, 0.09641175787293768], [0.7317291650047231, 0.6813583240013803, -0.017979527121683422], [-0.05261524197597064, 0.0827654925888765, 0.9951791344016057]], "trans": [328.51759314242673, 111.91445089515196, 1.7227069038701757]}], "rb_4XMM.renamed.noAb_Nup120_2-711_3F7F_updated_1.pdb_42": [{"rot": [[0.9844076708054393, 0.13428154954397548, 0.11362219462533245], [-0.16921821604018206, 0.8992985728102013, 0.4032707183787482], [-0.04802846051651398, -0.41620973366032926, 0.9079992976796897]], "trans": [-101.22248626019382, 40.206613746960215, 306.93455586868]}], "rb_4XMM.renamed.noAb_Nup120_2-711_3F7F_updated_1.pdb_43": [{"rot": [[0.5776413973506185, 0.7209659570005488, 0.3828034808006654], [-0.8161955610532164, 0.5172837638542942, 0.25737582203804144], [-0.012458819520633768, -0.46111343127154225, 0.8872537299539149]], "trans": [-353.06373571675226, 256.12419096956626, 325.99856018485127]}], "rb_4XMM.renamed.noAb_Nup120_2-711_3F7F_updated_1.pdb_44": [{"rot": [[-0.16614145763275573, 0.8666869998122273, 0.4703728950653314], [-0.9849501720123344, -0.16889925210607631, -0.036690615842184804], [0.04764635042197832, -0.46938969630200245, 0.8817046774838941]], "trans": [-379.00804730241776, 587.3861667789082, 326.4959748250607]}], "rb_4XMM.renamed.noAb_Nup120_2-711_3F7F_updated_1.pdb_45": [{"rot": [[-0.8112224103571679, 0.4860792364332258, 0.325031039814348], [-0.5766232183776696, -0.7572747891408009, -0.30666032961492], [0.09707659327604408, -0.4361901760015294, 0.8946028534482046]], "trans": [-163.8549641362494, 839.9347217471948, 308.15941218071396]}], "rb_4XMM.renamed.noAb_Nup120_2-711_3F7F_updated_1.pdb_46": [{"rot": [[-0.9797039430752236, -0.19789193877957245, 0.031921223173900386], [0.1695816130015444, -0.903164161559865, -0.3943812543791317], [0.10687497581122735, -0.3809636174753764, 0.9183923245026722]], "trans": [166.35771734380148, 865.8234682345573, 281.7546940955891]}], "rb_4XMM.renamed.noAb_Nup120_2-711_3F7F_updated_1.pdb_47": [{"rot": [[-0.5728871983310752, -0.78454656739294, -0.23724869141962263], [0.8165270104152419, -0.5211033179600307, -0.24846523554290556], [0.07130146738122417, -0.33606251740263904, 0.9391368830720483]], "trans": [418.18866566717674, 649.8865303125533, 262.77408163166365]}], "rb_4XMM.renamed.noAb_Nup120_2-711_3F7F_updated_1.pdb_48": [{"rot": [[0.1709088386880548, -0.9302140961349028, -0.3247951727015395], [0.9852232381283754, 0.1650911124200249, 0.04560806564363146], [0.011195530810799326, -0.32779057331143785, 0.944684074248116]], "trans": [444.1136738289355, 318.62292772189664, 262.3606900981274]}], "rb_4XMM.renamed.noAb_Nup120_2-711_3F7F_updated_1.pdb_49": [{"rot": [[0.8159579619722378, -0.549560432756264, -0.17943225753151748], [0.5768456673297808, 0.7534367569221966, 0.3155663629118594], [-0.038231928763386866, -0.36099360668481023, 0.9317842752245397]], "trans": [228.94741984456815, 66.09166647217046, 280.7806949853334]}]}
