{"rb_ScNup133N_56-480_renamed_1.pdb_0": [{"rot": [[-0.7217796919235608, -0.0695436149536624, 0.6886201870014488], [-0.666060135431102, -0.2006671509017825, -0.718398629271011], [0.1881434886362951, -0.9771879963283125, 0.09851724476266227]], "trans": [861.9945745654676, 855.4027026765787, 382.77981496450656]}], "rb_ScNup133N_56-480_renamed_1.pdb_1": [{"rot": [[-0.9775460390311408, -0.21008869903139277, -0.016324218628407314], [0.04855015943793384, -0.14916507345129426, -0.9876196954702884], [0.20505273368839144, -0.9662362647932289, 0.15601556654818383]], "trans": [906.0054998138787, 158.07722464523388, 382.7059277308041]}], "rb_ScNup133N_56-480_renamed_1.pdb_2": [{"rot": [[-0.6547424132126537, -0.27320207863305324, -0.7047503079609494], [0.735079830943037, -0.013066050770501603, -0.6778546455236713], [0.17598299486379382, -0.9618679236505628, 0.20938023538750794]], "trans": [445.5979928009516, -366.0230764638692, 421.99449064263166]}], "rb_ScNup133N_56-480_renamed_1.pdb_3": [{"rot": [[0.05752826999630639, -0.22191104608933904, -0.9733683710573149], [0.9913501174481503, 0.1279011906579673, 0.029431786622907297], [0.11796373504926888, -0.9666420087352985, 0.22734947583272833]], "trans": [-249.51282378002816, -409.8727376515933, 477.65371447869023]}], "rb_ScNup133N_56-480_renamed_1.pdb_4": [{"rot": [[0.7420078013552975, -0.08626261146791647, -0.6648181590409632], [0.6672342717075382, 0.19115605316721135, 0.7199012362792887], [0.0649834547157288, -0.9777617936901977, 0.19939665346474417]], "trans": [-772.1193191741455, 52.21610768123264, 517.101646021947]}], "rb_ScNup133N_56-480_renamed_1.pdb_5": [{"rot": [[0.9977184202328309, 0.05427845958705677, 0.04014726333093719], [-0.04739607381052318, 0.13964294640575395, 0.9890669642175246], [0.04807874910451402, -0.9887131516997126, 0.1418969257615161]], "trans": [-816.0693262886775, 749.5454152810989, 517.253135659714]}], "rb_ScNup133N_56-480_renamed_1.pdb_6": [{"rot": [[0.6748612405707209, 0.11738122602247558, 0.7285492116204717], [-0.733900386413682, 0.0035389746492622137, 0.6792478917746325], [0.07715263311902326, -0.9930806228277216, 0.08853444395775589]], "trans": [-355.6143979215674, 1273.609961207947, 478.0434435273699]}], "rb_ScNup133N_56-480_renamed_1.pdb_7": [{"rot": [[-0.03742944949873478, 0.0660791975114648, 0.9971121180521602], [-0.9901147600682001, -0.13742423638130924, -0.02805959996341978], [0.1351732155617923, -0.9883056809060936, 0.07056970230509957]], "trans": [339.5063898145058, 1317.4054619429107, 422.46616503388753]}], "rb_ScNup133C_490_881_renamed_relative_3CQC_1.pdb_7": [{"rot": [[0.790459154452913, 0.3263578229678588, -0.518328946258327], [-0.23532181121749754, 0.943095239349293, 0.23493619278863415], [0.565506826048019, -0.06373335786212377, 0.8222773794704047]], "trans": [195.42548286541017, 74.96781129669588, -245.66429603022823]}], "rb_ScNup133C_490_881_renamed_relative_3CQC_1.pdb_8": [{"rot": [[0.40566978308430746, 0.8949812056496073, -0.1855819727945248], [-0.6909103822959569, 0.4331862938360904, 0.5787853474892124], [0.5983935751058722, -0.10657521459762115, 0.7940823967986479]], "trans": [-129.1755763620564, 39.8078274895056, -219.57927344932142]}], "rb_ScNup133C_490_881_renamed_relative_3CQC_1.pdb_9": [{"rot": [[-0.18765865705180418, 0.9377747478242019, 0.29216904486404704], [-0.7399770813338936, -0.33058312709108695, 0.5857889681303771], [0.645924258357036, -0.10627002599950017, 0.7559686065174798]], "trans": [-383.5706562341778, 245.2157920141094, -200.2605788071474]}], "rb_ScNup133C_490_881_renamed_relative_3CQC_1.pdb_10": [{"rot": [[-0.641945999792682, 0.42966938909681973, 0.635050824283648], [-0.35377794419442743, -0.9007861275042639, 0.25184423498948255], [0.6802547313703445, -0.06299657585169906, 0.730263604378051]], "trans": [-418.7296186519751, 570.8609397948738, -199.00137091749917]}], "rb_ScNup133C_490_881_renamed_relative_3CQC_1.pdb_11": [{"rot": [[-0.691064314309187, -0.3316795871044798, 0.6421983844471862], [0.24144612917830804, -0.9433897498990955, -0.2274193186387975], [0.6812737189949324, -0.002105061406447048, 0.7320257430741695]], "trans": [-214.05393435046915, 825.975868460423, -216.51530661577777]}], "rb_ScNup133C_490_881_renamed_relative_3CQC_1.pdb_12": [{"rot": [[-0.30623939938931605, -0.9002632155004116, 0.3094245838302627], [0.6970044839431302, -0.43343619156561375, -0.5712423454229107], [0.6483842839125902, 0.04073340960387378, 0.7602227369114932]], "trans": [110.55640821863307, 861.1107724731635, -242.51847052225145]}], "rb_ScNup133C_490_881_renamed_relative_3CQC_1.pdb_13": [{"rot": [[0.2870928837755701, -0.9429971895474782, -0.16832699305513998], [0.7460246125060042, 0.33033656267925526, -0.578208468368046], [0.6008535209355889, 0.040423456838976135, 0.7983363893225047]], "trans": [364.9420067117853, 655.6832464554645, -261.75383767471044]}], "rb_ScNup133C_490_881_renamed_relative_3CQC_1.pdb_14": [{"rot": [[0.7413501177222883, -0.4348473446998743, -0.5111827361723191], [0.3597898323709855, 0.9004996642030323, -0.24423683443060945], [0.5665256211996137, -0.002853345001129007, 0.8240391853223348]], "trans": [400.0821040340239, 330.0357484717912, -262.92905387538065]}], "rb_ScNup84_506-726_ScNup133C_882_1155_renamed_relative_3CQC_new_1.pdb_14": [{"rot": [[0.9827050614518212, 0.16323916210716566, 0.08742847448926801], [-0.17855608767455677, 0.9604310539213033, 0.2137519923134485], [-0.04907632577247485, -0.22566605109799537, 0.9729678040051012]], "trans": [-64.78469898648564, 55.994576291373505, 102.98555960636548]}], "rb_ScNup84_506-726_ScNup133C_882_1155_renamed_relative_3CQC_new_1.pdb_15": [{"rot": [[0.5698305279712496, 0.7883598525050056, 0.23190927611954343], [-0.8216587871256061, 0.5510774045764021, 0.1455696798945856], [-0.013038670610253794, -0.2735003420904991, 0.9617835286305828]], "trans": [-320.13297802242016, 229.86053201445975, 122.5336968912585]}], "rb_ScNup84_506-726_ScNup133C_882_1155_renamed_relative_3CQC_new_1.pdb_16": [{"rot": [[-0.17554189203827292, 0.9419984570836225, 0.28604886119629164], [-0.9833417984538714, -0.1816942053899006, -0.005111080241588989], [0.04715879083613883, -0.28218101031041154, 0.9582014015159162]], "trans": [-378.1999570850014, 533.8873264785229, 125.72399905197702]}], "rb_ScNup84_506-726_ScNup133C_882_1155_renamed_relative_3CQC_new_1.pdb_17": [{"rot": [[-0.8167625251840455, 0.5341513149765382, 0.21813149741340396], [-0.5688889338927949, -0.808615834779644, -0.1500193742085863], [0.09625153686719981, -0.2466227979170859, 0.9643198832328657]], "trans": [-204.96726775570093, 789.971893503892, 110.71154700069837]}], "rb_ScNup84_506-726_ScNup133C_882_1155_renamed_relative_3CQC_new_1.pdb_18": [{"rot": [[-0.9781952833583472, -0.19625896732521367, 0.06794413410972536], [0.178907474712354, -0.962427953501342, -0.20426588019359446], [0.10548034465021452, -0.18765620710132716, 0.9765546809210494]], "trans": [98.08485131472105, 848.0963997298904, 86.314851725822]}], "rb_ScNup84_506-726_ScNup133C_882_1155_renamed_relative_3CQC_new_1.pdb_19": [{"rot": [[-0.5652705806207825, -0.8213477476642862, -0.07653135364962664], [0.8219777472713178, -0.5530252536569504, -0.13607223011486125], [0.06943884845970329, -0.1398246981919372, 0.9877384775840823]], "trans": [353.4261090791967, 674.2108066489698, 66.8498462139604]}], "rb_ScNup84_506-726_ScNup133C_882_1155_renamed_relative_3CQC_new_1.pdb_20": [{"rot": [[0.180114469926675, -0.9749292047662484, -0.13065918803084636], [0.9836022508282131, 0.17975839060661847, 0.014612774281025247], [0.009240664949163875, -0.1311486435323124, 0.9913196474452266]], "trans": [411.4759097668252, 370.17986326997527, 63.74341005172627]}], "rb_ScNup84_506-726_ScNup133C_882_1155_renamed_relative_3CQC_new_1.pdb_21": [{"rot": [[0.821302795744112, -0.5670331555622253, -0.0627305204509504], [0.5690990722939097, 0.8066479882303822, 0.15951573276039277], [-0.03984926118654224, -0.16671059827443152, 0.9852002907053287]], "trans": [238.22977497186815, 114.10929985580367, 78.839342244893]}], "rb_4XMM.renamed.noAb_Nup145c_149-550_Sec13_Nup84_7-436_3IKO_updated_1.pdb_21": [{"rot": [[0.9992754857703369, -0.018044932268609416, 0.03350946072202757], [0.018230658715708736, 0.9998200490610235, -0.0052452434077407475], [-0.03340878060108095, 0.005852342696424517, 0.9994246362101121]], "trans": [-2.515585870926543, -8.604687940834538, 15.245204729867794]}], "rb_4XMM.renamed.noAb_Nup145c_149-550_Sec13_Nup84_7-436_3IKO_updated_1.pdb_22": [{"rot": [[0.7206203483090821, 0.6921856648782001, 0.03981606384392847], [-0.6932867099115694, 0.7200271034937151, 0.030240834883392454], [-0.00773637272183177, -0.04939610887081382, 0.9987493043629787]], "trans": [-323.26413994285735, 135.24361023287344, 40.152198974554835]}], "rb_4XMM.renamed.noAb_Nup145c_149-550_Sec13_Nup84_7-436_3IKO_updated_1.pdb_23": [{"rot": [[0.021965154025979483, 0.9973546424585876, 0.06929104685974935], [-0.9985357372461129, 0.018458407318646175, 0.05084947041634781], [0.0494359530198324, -0.07030650301048927, 0.9962996949630463]], "trans": [-448.7523204830869, 464.4453423222053, 48.59390040836769]}], "rb_4XMM.renamed.noAb_Nup145c_149-550_Sec13_Nup84_7-436_3IKO_updated_1.pdb_24": [{"rot": [[-0.6874080332296896, 0.7186897105233783, 0.10466754912156183], [-0.7186972390640605, -0.6938972051262119, 0.04450783391415908], [0.10461584207465173, -0.044629235999022604, 0.9935108237362877]], "trans": [-305.46546860853937, 786.1496087199876, 35.64904620457543]}], "rb_4XMM.renamed.noAb_Nup145c_149-550_Sec13_Nup84_7-436_3IKO_updated_1.pdb_25": [{"rot": [[-0.9919383982016141, 0.01943671537575825, 0.12522151679571425], [-0.01770455332328339, -0.9997317718565256, 0.014930945456883098], [0.1254781373978774, 0.012593587098804128, 0.9920164507704223]], "trans": [22.65887084732759, 911.8976309354225, 8.924919379390133]}], "rb_4XMM.renamed.noAb_Nup145c_149-550_Sec13_Nup84_7-436_3IKO_updated_1.pdb_26": [{"rot": [[-0.7132277592110947, -0.6907720789595649, 0.11891214580774391], [0.6937909206724023, -0.7198830914142866, -0.020554636663080623], [0.09980141223079973, 0.06784002967047835, 0.9926920008195128]], "trans": [343.40274661734446, 768.0245613027745, -15.899104861619719]}], "rb_4XMM.renamed.noAb_Nup145c_149-550_Sec13_Nup84_7-436_3IKO_updated_1.pdb_27": [{"rot": [[-0.014548738398787675, -0.9958863468169595, 0.08943555464453479], [0.9989851021701411, -0.018290466668952843, -0.04116095809314946], [0.04262745421811773, 0.08874594668267308, 0.9951417271395465]], "trans": [468.8717871260514, 438.8133894183101, -24.25675819814228]}], "rb_4XMM.renamed.noAb_Nup145c_149-550_Sec13_Nup84_7-436_3IKO_updated_1.pdb_28": [{"rot": [[0.6948026424692644, -0.7171658479743863, 0.05405954602943017], [0.719090936410598, 0.6940432503476504, -0.034816545190456905], [-0.012550425883531547, 0.06306435717621474, 0.997930545511106]], "trans": [325.56637266923985, 117.12077844465193, -11.228004561543969]}], "rb_4XMM.renamed.noAb_Seh1_Nup85_47_544_3F3F_1.pdb_28": [{"rot": [[0.633027689600623, -0.7365955945084908, 0.23812365348614836], [0.27093990683181274, 0.49896011654665146, 0.8231830713648889], [-0.7251672297373047, -0.45658047729446993, 0.5154287115292358]], "trans": [491.612379783846, -96.76252926589893, 729.9184126191639]}], "rb_4XMM.renamed.noAb_Seh1_Nup85_47_544_3F3F_1.pdb_29": [{"rot": [[0.6254539151013363, -0.17946800034457272, 0.7593409227328274], [-0.2963225105467779, 0.8456419577190653, 0.4439399160791156], [-0.721803553487842, -0.5026737671665371, 0.47572966480443163]], "trans": [-20.978041125597315, -234.1717722090447, 771.484842291622]}], "rb_4XMM.renamed.noAb_Seh1_Nup85_47_544_3F3F_1.pdb_30": [{"rot": [[0.22023691493555464, 0.45899905051305684, 0.8607064382980948], [-0.6919022073849908, 0.6954822819864022, -0.19384460492563194], [-0.6875805674358876, -0.5528329468031996, 0.47075332841462103]], "trans": [-480.425295435005, 32.31558905290587, 806.8502848200687]}], "rb_4XMM.renamed.noAb_Seh1_Nup85_47_544_3F3F_1.pdb_31": [{"rot": [[-0.3452414786399045, 0.8047825572865814, 0.4828388519100476], [-0.6840630196012751, 0.13644674464428447, -0.7165473264830268], [-0.6425465793547797, -0.5776740615288677, 0.5034149103832982]], "trans": [-617.5767900243767, 546.5876176160878, 815.3211702197864]}], "rb_4XMM.renamed.noAb_Seh1_Nup85_47_544_3F3F_1.pdb_32": [{"rot": [[-0.7397160494231877, 0.655317666160625, -0.15290167639222815], [-0.27739725393187953, -0.5039737541311988, -0.8179616241963729], [-0.6130831344416631, -0.5626448360775272, 0.5545807954649062]], "trans": [-352.0853321879211, 1007.3766247077654, 791.9591392853229]}], "rb_4XMM.renamed.noAb_Seh1_Nup85_47_544_3F3F_1.pdb_33": [{"rot": [[-0.7320980317579998, 0.09816301781173788, -0.67408938118781], [0.28986455010676776, -0.8506118562283371, -0.4386775725235945], [-0.6164503341612148, -0.5165496026306523, 0.5942772867396595]], "trans": [160.52235198347415, 1144.7460296438137, 750.4740040439095]}], "rb_4XMM.renamed.noAb_Seh1_Nup85_47_544_3F3F_1.pdb_34": [{"rot": [[-0.3268501678066571, -0.5402923388767602, -0.7754051562608089], [0.6854124293173907, -0.7004020738413871, 0.19911488316026588], [-0.6506756254402053, -0.46639159888421394, 0.5992496198982803]], "trans": [619.9553666731233, 878.2230148992659, 715.1923465615599]}], "rb_4XMM.renamed.noAb_Seh1_Nup85_47_544_3F3F_1.pdb_35": [{"rot": [[0.2386276297332623, -0.886032253736218, -0.3974967920210335], [0.6775288588333095, -0.14133941545055587, 0.7217879294419782], [-0.6957093500707949, -0.44155409066072854, 0.5665849320665515]], "trans": [757.073287209586, 363.94063728116487, 706.8066641639912]}], "rb_4XMM.renamed.noAb_Nup120_715-1036_Nup85_553-744_Nup145c_92-99_554-712_remaining_updated_1.pdb_35": [{"rot": [[0.9999436465725127, -0.0032989242979591213, -0.010090628213446213], [0.0019016427811960513, 0.9907797021834053, -0.13546942642565227], [0.010444492998627878, 0.13544260348885365, 0.9907301417268795]], "trans": [3.527181818201143, 45.97900710437898, -73.72358226596799]}], "rb_4XMM.renamed.noAb_Nup120_715-1036_Nup85_553-744_Nup145c_92-99_554-712_remaining_updated_1.pdb_36": [{"rot": [[0.7104491845011913, 0.6988282505320221, -0.08307245331603784], [-0.702777939042858, 0.7107065097125511, -0.03161369081389151], [0.03694759310516804, 0.08084140839048114, 0.9960419378987906]], "trans": [-282.25805361663777, 164.45648173755197, -51.4799399740794]}], "rb_4XMM.renamed.noAb_Nup120_715-1036_Nup85_553-744_Nup145c_92-99_554-712_remaining_updated_1.pdb_37": [{"rot": [[0.008946528386171881, 0.998067595984726, -0.06149010875827467], [-0.99550495657506, 0.014687931931529674, 0.09356359382827398], [0.09428595369578067, 0.06037663870110505, 0.9937126447997091]], "trans": [-400.89808812152654, 450.9242169650455, -43.37615710931448]}], "rb_4XMM.renamed.noAb_Nup120_715-1036_Nup85_553-744_Nup145c_92-99_554-712_remaining_updated_1.pdb_38": [{"rot": [[-0.6936141746329159, 0.7191204842191877, 0.04201316370684732], [-0.7047957954940988, -0.6895385344335896, 0.16673180915775015], [0.14886995466560057, 0.08603684505801451, 0.9851067951701094]], "trans": [-282.89000331975103, 737.5654910907065, -54.13553903600422]}], "rb_4XMM.renamed.noAb_Nup120_715-1036_Nup85_553-744_Nup145c_92-99_554-712_remaining_updated_1.pdb_39": [{"rot": [[-0.985662958621578, 0.02539806646193604, 0.16680368767311787], [-0.0009519813603732809, -0.9894270957929445, 0.14502798296269379], [0.16872351861209356, 0.14278991676842231, 0.9752658170654912]], "trans": [2.637314137076487, 856.4619208849374, -77.43108321302236]}], "rb_4XMM.renamed.noAb_Nup120_715-1036_Nup85_553-744_Nup145c_92-99_554-712_remaining_updated_1.pdb_40": [{"rot": [[-0.696113528031402, -0.6767072834787409, 0.23977741465470787], [0.703704855308801, -0.7092988044735098, 0.041166522652118245], [0.14221614784015246, 0.19738910420606043, 0.9699546942173305]], "trans": [288.41984908683406, 737.9624181297967, -99.59192649311188]}], "rb_4XMM.renamed.noAb_Nup120_715-1036_Nup85_553-744_Nup145c_92-99_554-712_remaining_updated_1.pdb_41": [{"rot": [[0.0054119780509154225, -0.9758923519221606, 0.2181853064562514], [0.9963768039312252, -0.013256763339118016, -0.08400906387745095], [0.08487623390190817, 0.2178494335214176, 0.9722847572769122]], "trans": [407.0440763614751, 451.4857791774143, -107.6119295137197]}], "rb_4XMM.renamed.noAb_Nup120_715-1036_Nup85_553-744_Nup145c_92-99_554-712_remaining_updated_1.pdb_42": [{"rot": [[0.7079500266527171, -0.6968903072647028, 0.11467632450912987], [0.7056125103294075, 0.6909477857209242, -0.1571691530612221], [0.03029430687517079, 0.19218495531091423, 0.9808910224500441]], "trans": [289.0201643611741, 164.85417524188472, -96.76885652214463]}], "rb_4XMM.renamed.noAb_Nup120_2-711_3F7F_updated_1.pdb_42": [{"rot": [[-0.6876006730643489, 0.7201516974198474, 0.09266524216105665], [0.39818617754783814, 0.2672757131982928, 0.8775029693079026], [0.6071680841507533, 0.6402696508797343, -0.47053341193909626]], "trans": [561.5022465924944, -61.47668211195821, -297.94640992346024]}], "rb_4XMM.renamed.noAb_Nup120_2-711_3F7F_updated_1.pdb_43": [{"rot": [[-0.19474876311248623, 0.7116299098002922, 0.6750228075730367], [0.8011258765963102, -0.2816673208351954, 0.5280727698161652], [0.565924243264017, 0.6436197571945342, -0.5152507729590501]], "trans": [33.12610320948761, -317.681144723005, -254.543765584676]}], "rb_4XMM.renamed.noAb_Nup120_2-711_3F7F_updated_1.pdb_44": [{"rot": [[0.4379076303783941, 0.3186555305784775, 0.8406518661658515], [0.7363246291636429, -0.6636260408338549, -0.13200953910307528], [0.5158128999389251, 0.6768006580662667, -0.5252408223830901]], "trans": [-521.2254125559239, -123.96289255147587, -211.2598096897687]}], "rb_4XMM.renamed.noAb_Nup120_2-711_3F7F_updated_1.pdb_45": [{"rot": [[0.839749471646186, -0.2285615079587107, 0.4925245800461041], [0.2417439196934816, -0.6548436430045188, -0.7160584337243724], [0.48618998566525673, 0.7203745139135685, -0.4946512483989167]], "trans": [-776.8034530727259, 406.195307648371, -193.4268890045658]}], "rb_4XMM.renamed.noAb_Nup120_2-711_3F7F_updated_1.pdb_46": [{"rot": [[0.7753721441062554, -0.6094537488759438, -0.16542117798252298], [-0.39288389861854933, -0.26046497982742167, -0.881929836489156], [0.4944090213076183, 0.7488151455897231, -0.4414018547594518]], "trans": [-583.8848852165412, 962.2194237640214, -211.46777500945507]}], "rb_4XMM.renamed.noAb_Nup120_2-711_3F7F_updated_1.pdb_47": [{"rot": [[0.2824887939518121, -0.6008891468633104, -0.7477515058316718], [-0.7957849015530245, 0.2884773670691418, -0.5324539408710371], [0.5356551798983119, 0.7454616300459318, -0.3966868870751445]], "trans": [-55.48221285006542, 1218.3828054300702, -254.78985740509262]}], "rb_4XMM.renamed.noAb_Nup120_2-711_3F7F_updated_1.pdb_48": [{"rot": [[-0.35016256264143386, -0.2078849665406991, -0.9133290865896886], [-0.7309340006867867, 0.6704052307860736, 0.12764134586676196], [0.5857658801640728, 0.7122785039723172, -0.38670100389650564]], "trans": [498.86074141600295, 1024.621448558044, -297.9904445815657]}], "rb_4XMM.renamed.noAb_Nup120_2-711_3F7F_updated_1.pdb_49": [{"rot": [[-0.7519658405970314, 0.33933140189996147, -0.5651562388046385], [-0.2363217681449806, 0.6615798835751173, 0.7116628974096958], [0.6153855673283448, 0.6687049105048802, -0.4172940763905356]], "trans": [754.4039720762104, 494.4436048338871, -315.7380185414308]}]}
