{"rb_ScNup133N_56-480_renamed_1.pdb_0": [{"rot": [[0.6412274281625931, -0.01913436775065358, 0.767112287310515], [0.5757843301941761, 0.6728290780212391, -0.4645141944784189], [-0.5072472675873487, 0.7395504768032221, 0.4424537284115668]], "trans": [10.368757034476062, -148.5575000932094, 351.0356678583956]}], "rb_ScNup133N_56-480_renamed_1.pdb_1": [{"rot": [[0.8504872790141224, 0.4753925599419422, 0.22510731260223918], [-0.07399394393478084, 0.531840019723122, -0.8436060038204365], [-0.5207650953127829, 0.7008195968812208, 0.487499341672491]], "trans": [-406.15692414049056, 46.54382275276552, 383.32732202178477]}], "rb_ScNup133N_56-480_renamed_1.pdb_2": [{"rot": [[0.5404861920073858, 0.7258219815980252, -0.42550808133156737], [-0.6817094615315339, 0.08139108736498421, -0.7270816329380987], [-0.49309926618049427, 0.6830504680670835, 0.5387904711161813]], "trans": [-563.2666955578419, 479.9121721146596, 393.7826402695378]}], "rb_ScNup133N_56-480_renamed_1.pdb_3": [{"rot": [[-0.10717282507374332, 0.5854488109566172, -0.803594223047426], [-0.8913539035991067, -0.4146383831478313, -0.18320270128790878], [-0.4404568129843689, 0.6966524965648482, 0.5662800499095985]], "trans": [-368.92152453425314, 897.6743752377288, 376.3007546533208]}], "rb_ScNup133N_56-480_renamed_1.pdb_4": [{"rot": [[-0.7130819880309986, 0.1365056306411606, -0.687662919713589], [-0.5801145999876826, -0.6656673339733828, 0.46941884427651603], [-0.3936764270652865, 0.7336574222919222, 0.5538642951924977]], "trans": [63.03036081700975, 1055.0995598805944, 341.1468051628868]}], "rb_ScNup133N_56-480_renamed_1.pdb_5": [{"rot": [[-0.9222911658848223, -0.3580103142207073, -0.1456283634543949], [0.06968007677298557, -0.5246394662098556, 0.8484681003997429], [-0.3801627180980872, 0.772387237987933, 0.5088165311402982]], "trans": [479.54736887485734, 859.9659499795421, 308.93847598160676]}], "rb_ScNup133N_56-480_renamed_1.pdb_6": [{"rot": [[-0.6122426723990368, -0.6084046104540819, 0.5049779599862769], [0.6773712429315559, -0.07417089328605952, 0.7318926682502745], [-0.40783220733905284, 0.790153471527756, 0.4575263731082515]], "trans": [636.6298767684527, 426.5856823936871, 298.5678653825024]}], "rb_ScNup133N_56-480_renamed_1.pdb_7": [{"rot": [[0.0354327132586261, -0.4679927487658756, 0.8830216927877206], [0.8869648449068953, 0.42184754317236706, 0.18798407969486292], [-0.4604757178510271, 0.7765484127998701, 0.430040318862759]], "trans": [442.25864984963056, 8.839145331776194, 316.13422818132494]}], "rb_ScNup133C_490_881_renamed_relative_3CQC_1.pdb_7": [{"rot": [[0.8478775944929153, 0.31080465875845215, -0.4295393449393785], [-0.23844300023659953, 0.9471362398908194, 0.21465758482674221], [0.47354885745303754, -0.07958270653554803, 0.87716479205757]], "trans": [141.45991671084914, 81.49606736185177, -207.8155422910076]}], "rb_ScNup133C_490_881_renamed_relative_3CQC_1.pdb_8": [{"rot": [[0.4423578034881358, 0.8864904515079689, -0.1358464319676813], [-0.7388805185975252, 0.4460920844170465, 0.5050321093331666], [0.5083061606258621, -0.1230306124736957, 0.8523428391581308]], "trans": [-162.08344831409613, 84.63699501124802, -183.59530034819744]}], "rb_ScNup133C_490_881_renamed_relative_3CQC_1.pdb_9": [{"rot": [[-0.1972483665897239, 0.9405284371208185, 0.27658514212581364], [-0.8049421073736982, -0.31642128447037854, 0.5019420031347301], [0.5596081536704728, -0.12362778692990667, 0.8194845237369269]], "trans": [-374.58496286282764, 302.17941543684975, -167.67482212673536]}], "rb_ScNup133C_490_881_renamed_relative_3CQC_1.pdb_10": [{"rot": [[-0.6962506028620555, 0.4412624016893968, 0.5661471459519422], [-0.39792795639163514, -0.8937127838387008, 0.2071974940129745], [0.597401405703235, -0.08102439668757251, 0.7978387102699478]], "trans": [-371.55633010207947, 606.6840282003911, -169.35654334631056]}], "rb_ScNup133C_490_881_renamed_relative_3CQC_1.pdb_11": [{"rot": [[-0.7623263593889956, -0.3188305715794699, 0.5632100748451044], [0.24372730580384294, -0.947596913547816, -0.2065359286909973], [0.5995460967985028, -0.020178108458455135, 0.800085821492119]], "trans": [-154.7698524675563, 819.7678544251289, -187.63128310304006]}], "rb_ScNup133C_490_881_renamed_relative_3CQC_1.pdb_12": [{"rot": [[-0.3567675263288959, -0.8944773016339562, 0.2694945064723886], [0.7441329792794278, -0.44650759064789575, -0.49688739231593837], [0.5647858366725237, 0.023266464180164537, 0.8249094679652245]], "trans": [148.77980809236743, 816.6035010218412, -211.76943627241445]}], "rb_ScNup133C_490_881_renamed_relative_3CQC_1.pdb_13": [{"rot": [[0.28284381353209065, -0.9484558173892507, -0.14293683782395433], [0.810144364793126, 0.3160099941468334, -0.4937649155147214], [0.5134836758267642, 0.023858878008108875, 0.857767607571904]], "trans": [361.2708937107386, 599.044807626737, -227.6065274786681]}], "rb_ScNup133C_490_881_renamed_relative_3CQC_1.pdb_14": [{"rot": [[0.7818143187835069, -0.44914474321882963, -0.43247586127317217], [0.40309106195047756, 0.8932622881656742, -0.19899768922442207], [0.47569314344513813, -0.01874791134806683, 0.8794114788307961]], "trans": [358.2250436472716, 294.54084120342435, -225.84096048900489]}], "rb_ScNup84_506-726_ScNup133C_882_1155_renamed_relative_3CQC_new_1.pdb_14": [{"rot": [[0.9910772634164048, 0.12137333274437023, 0.055085134451799904], [-0.13087748007853744, 0.9644072298637022, 0.22976026678890885], [-0.025237732610924442, -0.23491958003781407, 0.9716871141306315]], "trans": [-46.77009001927411, 22.590647566795496, 93.31237179139112]}], "rb_ScNup84_506-726_ScNup133C_882_1155_renamed_relative_3CQC_new_1.pdb_15": [{"rot": [[0.6098501238675953, 0.7612996365709352, 0.22024007304675197], [-0.7924725944632223, 0.5828614877813607, 0.17960978004002437], [0.008367403623950775, -0.2840692686973698, 0.9587672486783918]], "trans": [-331.10231797701636, 192.98740594270956, 115.18758855831754]}], "rb_ScNup84_506-726_ScNup133C_882_1155_renamed_relative_3CQC_new_1.pdb_16": [{"rot": [[-0.12617117828785196, 0.9450128451682203, 0.3017143619990908], [-0.9896756412155114, -0.1407573830519122, 0.027008967048769927], [0.06799234481998219, -0.2951916014784983, 0.9530157183711285]], "trans": [-412.1169804680301, 515.1220101862264, 120.11886013602043]}], "rb_ScNup84_506-726_ScNup133C_882_1155_renamed_relative_3CQC_new_1.pdb_17": [{"rot": [[-0.7858149863469158, 0.5648911705836942, 0.2517792140530622], [-0.6069622949849546, -0.7825432450759072, -0.1386464642631144], [0.11870795971286391, -0.2617709590131225, 0.9578018507594129]], "trans": [-242.35263255907407, 800.2835838287534, 105.24138300453905]}], "rb_ScNup84_506-726_ScNup133C_882_1155_renamed_relative_3CQC_new_1.pdb_18": [{"rot": [[-0.9826526565709031, -0.15638475049541556, 0.09968734296103572], [0.13146856974840576, -0.9665288911363132, -0.22031322649154533], [0.13080432600817565, -0.20338562488851814, 0.970321862005722]], "trans": [78.74229040674322, 881.4205730474896, 79.29459794110903]}], "rb_ScNup84_506-726_ScNup133C_882_1155_renamed_relative_3CQC_new_1.pdb_19": [{"rot": [[-0.6013739063314514, -0.7962813135104793, -0.06546368869589708], [0.7930337405485745, -0.5849329355733348, -0.17014977882176055], [0.09719522177135914, -0.15423855106808956, 0.9832413529898085]], "trans": [363.06776845689564, 711.0019023217302, 57.502502386743856]}], "rb_ScNup84_506-726_ScNup133C_882_1155_renamed_relative_3CQC_new_1.pdb_20": [{"rot": [[0.13466279645078894, -0.9799380893057343, -0.1469260779435587], [0.9901790122919047, 0.13870033034126128, -0.0175425762033323], [0.037569334152711235, -0.1431207863695848, 0.9889919037283725]], "trans": [444.063840899628, 388.8613486610625, 52.65521808692421]}], "rb_ScNup84_506-726_ScNup133C_882_1155_renamed_relative_3CQC_new_1.pdb_21": [{"rot": [[0.7942767731684732, -0.5997663490597819, -0.09697800854098057], [0.6074139050428221, 0.7804563362056554, 0.14810893030830735], [-0.013143651155748746, -0.1765452741138701, 0.9842047605159971]], "trans": [274.2837797926296, 103.71350737689158, 67.61635743237983]}], "rb_4XMM.renamed.noAb_Nup145c_149-550_Sec13_Nup84_7-436_3IKO_updated_1.pdb_21": [{"rot": [[0.9989941323819086, -0.040460846154666066, 0.019329857603335703], [0.04081670955540832, 0.9989975012844158, -0.018384467589849702], [-0.01856662833112759, 0.019154956432767985, 0.9996441206531811]], "trans": [9.994828022626962, -15.3138785559143, 2.2572126188498487]}], "rb_4XMM.renamed.noAb_Nup145c_149-550_Sec13_Nup84_7-436_3IKO_updated_1.pdb_22": [{"rot": [[0.7366372317544608, 0.6759771735235817, 0.020504869377610396], [-0.6762629339942351, 0.7360096261552608, 0.030956006077996843], [0.005833772247205645, -0.036670029749941234, 0.9993104002358352]], "trans": [-319.3816515704227, 120.93455730291939, 27.888882870864222]}], "rb_4XMM.renamed.noAb_Nup145c_149-550_Sec13_Nup84_7-436_3IKO_updated_1.pdb_23": [{"rot": [[0.04559004986448317, 0.9973828568778733, 0.05611581024527969], [-0.9970047205238202, 0.04191581738501954, 0.06499731922289849], [0.062475071881284094, -0.05891095873499251, 0.9963063606814677]], "trans": [-456.3300291552267, 450.8848191231133, 37.24039102049932]}], "rb_4XMM.renamed.noAb_Nup145c_149-550_Sec13_Nup84_7-436_3IKO_updated_1.pdb_24": [{"rot": [[-0.6693222303716106, 0.7354722227791294, 0.10530128893179663], [-0.7335135890251262, -0.6766739851259964, 0.06379759062205653], [0.11817599860313976, -0.03453878072584414, 0.9923918107179852]], "trans": [-320.6221008312196, 781.2475080268856, 24.85749663862066]}], "rb_4XMM.renamed.noAb_Nup145c_149-550_Sec13_Nup84_7-436_3IKO_updated_1.pdb_25": [{"rot": [[-0.9892939149283657, 0.043676213622334835, 0.13924775850735016], [-0.040146359555041915, -0.9987997429506189, 0.028059638206017437], [0.1403061641560428, 0.022168938752034836, 0.9898599489091494]], "trans": [8.244428846869937, 918.4916195356723, -1.9817212458699487]}], "rb_4XMM.renamed.noAb_Nup145c_149-550_Sec13_Nup84_7-436_3IKO_updated_1.pdb_26": [{"rot": [[-0.7268810793916831, -0.6727413141047306, 0.13806889844936], [0.6769126683849213, -0.7357556451819991, -0.021280741594774], [0.11590140552376837, 0.07799201804965827, 0.9901939756018285]], "trans": [337.61682311481235, 782.2177347808334, -27.530465462079235]}], "rb_4XMM.renamed.noAb_Nup145c_149-550_Sec13_Nup84_7-436_3IKO_updated_1.pdb_27": [{"rot": [[-0.03580886283993251, -0.994092871172411, 0.10245530160172356], [0.997600205695239, -0.04163663321477301, -0.05531925859365896], [0.059258374420199496, 0.10022851020906023, 0.993198213249674]], "trans": [474.54600259895176, 452.2571337087085, -36.79791650967155]}], "rb_4XMM.renamed.noAb_Nup145c_149-550_Sec13_Nup84_7-436_3IKO_updated_1.pdb_28": [{"rot": [[0.6790828861526177, -0.7321261843935054, 0.05326991514950186], [0.7340529713252519, 0.6769325886625901, -0.054115669589601], [0.003559357132545432, 0.07585196458872369, 0.9971127370788277]], "trans": [338.8188365953122, 121.90550566700233, -24.331065992721392]}], "rb_4XMM.renamed.noAb_Seh1_Nup85_47_544_3F3F_1.pdb_28": [{"rot": [[0.6808922665641866, -0.7040147799332448, 0.2018635949561843], [0.2641145547814196, 0.493113495983484, 0.828904446864392], [-0.6831026447655594, -0.5110795140821986, 0.5216977161151911]], "trans": [461.5939099755623, -90.20879960487139, 738.3125799617105]}], "rb_4XMM.renamed.noAb_Seh1_Nup85_47_544_3F3F_1.pdb_29": [{"rot": [[0.6554068979093983, -0.1615692911119032, 0.7377920861207317], [-0.3324590577239108, 0.8154069334200542, 0.4739013693458134], [-0.6781686907474522, -0.5558838881458112, 0.4807081544864684]], "trans": [-37.47313978127022, -207.89820030165777, 778.7051668717452]}], "rb_4XMM.renamed.noAb_Seh1_Nup85_47_544_3F3F_1.pdb_30": [{"rot": [[0.21685856982680896, 0.44932090685317577, 0.8666504966578598], [-0.7360508043370793, 0.6584238795781022, -0.15718526723603451], [-0.6412500090662095, -0.6038118228934944, 0.4735078757598713]], "trans": [-473.4540291775018, 62.93466212319155, 812.1790518968746]}], "rb_4XMM.renamed.noAb_Seh1_Nup85_47_544_3F3F_1.pdb_31": [{"rot": [[-0.37784492356137467, 0.7707877224422575, 0.5129517527713305], [-0.7102309492484644, 0.11412722085930271, -0.6946560128499292], [-0.5939740840041154, -0.6267864583661754, 0.5043149047373701]], "trans": [-590.9430925350157, 563.632194913019, 819.1487661087858]}], "rb_4XMM.renamed.noAb_Seh1_Nup85_47_544_3F3F_1.pdb_32": [{"rot": [[-0.7803178905090979, 0.6145113624011584, -0.11610243421783822], [-0.270125127628934, -0.49862638547598365, -0.8236529263777382], [-0.5640358190530876, -0.6113489291615973, 0.5550820494648379]], "trans": [-321.11166660392325, 1000.8788403195109, 795.5553575503569]}], "rb_4XMM.renamed.noAb_Seh1_Nup85_47_544_3F3F_1.pdb_33": [{"rot": [[-0.7547859921095506, 0.07204072193863092, -0.6520032519073549], [0.3264464647247065, -0.8208772370106967, -0.46860779701839034], [-0.568973471950974, -0.5665427575569639, 0.5960692007441827]], "trans": [177.9711080214995, 1118.529465081023, 755.2441825233632]}], "rb_4XMM.renamed.noAb_Seh1_Nup85_47_544_3F3F_1.pdb_34": [{"rot": [[-0.31620617444495525, -0.538837248926346, -0.7808124450931717], [0.7300037773522423, -0.6638462411787953, 0.16248893231308423], [-0.6058944960092869, -0.518616030645289, 0.6032655074371319]], "trans": [613.9374182378222, 847.6627911336329, 721.8541006473715]}], "rb_4XMM.renamed.noAb_Seh1_Nup85_47_544_3F3F_1.pdb_35": [{"rot": [[0.2784953213213395, -0.8602616214816793, -0.42707177219741294], [0.7041372463583547, -0.11952436947564829, 0.6999318991104245], [-0.6531700347482274, -0.4956449008182812, 0.5724552716150308]], "trans": [731.393965734612, 346.95645209100314, 714.9694975866793]}], "rb_4XMM.renamed.noAb_Nup120_715-1036_Nup85_553-744_Nup145c_92-99_554-712_remaining_updated_1.pdb_35": [{"rot": [[0.9986820899747016, -0.010057869918325177, 0.05032814735780574], [0.01462444482062816, 0.9957245208888031, -0.09120747839104483], [-0.0491956174618366, 0.09182329635484972, 0.9945593363239215]], "trans": [-12.02871091995155, 21.66644760212546, -18.646549108915735]}], "rb_4XMM.renamed.noAb_Nup120_715-1036_Nup85_553-744_Nup145c_92-99_554-712_remaining_updated_1.pdb_36": [{"rot": [[0.7173452314183839, 0.6966602851812848, -0.008959130116091847], [-0.696327767539702, 0.7164540163357918, -0.042676488017275305], [-0.023312209558101732, 0.03685226624571217, 0.9990487732628848]], "trans": [-309.3375635732814, 161.40069642177824, 4.412172585981352]}], "rb_4XMM.renamed.noAb_Nup120_715-1036_Nup85_553-744_Nup145c_92-99_554-712_remaining_updated_1.pdb_37": [{"rot": [[0.017191452943373597, 0.9997129448555019, -0.016687774987603113], [-0.9992750393295863, 0.01774615971290755, 0.03368188813440379], [0.03396836349532145, 0.01609663641215381, 0.9992932745584078]], "trans": [-421.1452555606667, 471.06747056545805, 11.85850116694752]}], "rb_4XMM.renamed.noAb_Nup120_715-1036_Nup85_553-744_Nup145c_92-99_554-712_remaining_updated_1.pdb_38": [{"rot": [[-0.6916192898513919, 0.7215675880246681, 0.0316697618828959], [-0.7167465871779781, -0.6910861347893855, 0.09313583666123508], [0.08909033434765759, 0.04171534746505377, 0.9951496079041042]], "trans": [-281.9513510881764, 769.2597242334615, -0.6457227407933601]}], "rb_4XMM.renamed.noAb_Nup120_715-1036_Nup85_553-744_Nup145c_92-99_554-712_remaining_updated_1.pdb_39": [{"rot": [[-0.9938556696052656, 0.02516568656981781, 0.10778495355539705], [-0.014251562006465497, -0.994798914516292, 0.10085639621552661], [0.10976247525381921, 0.09870059724579741, 0.9890451916517656]], "trans": [26.704311309415402, 881.292347511475, -25.751343561343447]}], "rb_4XMM.renamed.noAb_Nup120_715-1036_Nup85_553-744_Nup145c_92-99_554-712_remaining_updated_1.pdb_40": [{"rot": [[-0.7124633535254735, -0.6815307063699874, 0.16706844752394645], [0.6966785452596249, -0.7154729507535955, 0.05232075415048462], [0.08387475459379, 0.15366962294080314, 0.9845560789142802]], "trans": [324.00880589402317, 741.535166818429, -48.72712972758404]}], "rb_4XMM.renamed.noAb_Nup120_715-1036_Nup85_553-744_Nup145c_92-99_554-712_remaining_updated_1.pdb_41": [{"rot": [[-0.012285928003215485, -0.9845288793914692, 0.174791137124503], [0.9995708536693048, -0.01674133156957358, -0.024038226059636056], [0.02659256414707642, 0.17442079423467433, 0.984312055229757]], "trans": [435.7988810838742, 431.86002597573804, -56.08953684356004]}], "rb_4XMM.renamed.noAb_Nup120_715-1036_Nup85_553-744_Nup145c_92-99_554-712_remaining_updated_1.pdb_42": [{"rot": [[0.6965027985888707, -0.7063282304644044, 0.12642896189913733], [0.7169867781746354, 0.6920691084019438, -0.08348837714612585], [-0.028527381243751412, 0.14879778239194602, 0.9884560731133235]], "trans": [296.58824793195754, 133.6791057037152, -43.50155810960575]}], "rb_4XMM.renamed.noAb_Nup120_2-711_3F7F_updated_1.pdb_42": [{"rot": [[-0.6966010679855583, 0.7010613932472871, 0.1525118847157635], [0.35784111565265797, 0.15525279502365708, 0.9207857001418982], [0.6218494094472091, 0.695995325081654, -0.35901785392183805]], "trans": [559.5936509993835, 14.93334335660495, -375.00833417996296]}], "rb_4XMM.renamed.noAb_Nup120_2-711_3F7F_updated_1.pdb_43": [{"rot": [[-0.22928213674488912, 0.620222635512076, 0.7501690370630837], [0.7797866749872461, -0.3442147999784138, 0.5229234293738974], [0.5825482325799597, 0.7048688203306177, -0.40471904185952273]], "trans": [84.1178578627048, -266.74521956487354, -335.69823178975196]}], "rb_4XMM.renamed.noAb_Nup120_2-711_3F7F_updated_1.pdb_44": [{"rot": [[0.39871019447643896, 0.2109685815336102, 0.8924810577408677], [0.7465310857641455, -0.6399049125775395, -0.18224445354232116], [0.5326551593745881, 0.7389275745733337, -0.41263121637462674]], "trans": [-450.77025917827103, -128.5576837161302, -293.6954461344769]}], "rb_4XMM.renamed.noAb_Nup120_2-711_3F7F_updated_1.pdb_45": [{"rot": [[0.8194891633571016, -0.286953973385364, 0.49607955843657847], [0.2775559410540568, -0.5585981055825642, -0.7816206599272877], [0.5013982556071329, 0.7782194893459837, -0.3781193140745417]], "trans": [-731.7237858992268, 348.5438607535651, -273.58179638908865]}], "rb_4XMM.renamed.noAb_Nup120_2-711_3F7F_updated_1.pdb_46": [{"rot": [[0.7865565169433458, -0.5818549758652869, -0.2068178732961913], [-0.3524065068223094, -0.14792505295712352, -0.9240821568761789], [0.5070882562269123, 0.7997268069587512, -0.32140089394447985]], "trans": [-594.154271563036, 885.0667187572672, -287.1161372757105]}], "rb_4XMM.renamed.noAb_Nup120_2-711_3F7F_updated_1.pdb_47": [{"rot": [[0.3192046638546639, -0.5009772605492853, -0.8044440110945977], [-0.7743153734284631, 0.35153618058075764, -0.5261729907692274], [0.5463918786418512, 0.7908502375008983, -0.2757024062263549]], "trans": [-118.64996405872716, 1166.7083518992888, -326.3458561675665]}], "rb_4XMM.renamed.noAb_Nup120_2-711_3F7F_updated_1.pdb_48": [{"rot": [[-0.3087850907084651, -0.0917001334452584, -0.9467010369077913], [-0.7410104957915004, 0.6471941620211953, 0.17900603836887236], [0.5962845066602018, 0.756789800520465, -0.2677946693741215]], "trans": [416.23392200620253, 1028.4792371331866, -368.26562569758426]}], "rb_4XMM.renamed.noAb_Nup120_2-711_3F7F_updated_1.pdb_49": [{"rot": [[-0.7295274938674217, 0.40621609358176214, -0.5502527791903394], [-0.2720023408299287, 0.5658482770588431, 0.7783511122447109], [0.6275383353027596, 0.7174985802527503, -0.3023101471349076]], "trans": [697.1567776513889, 551.3560557146405, -388.29424890514264]}]}
