{"rb_ScNup133N_56-480_renamed_1.pdb_0": [{"rot": [[0.8161298659402231, -0.4886478534662894, -0.30847255505665616], [0.5594256152057981, 0.8018826887902485, 0.20982643892068592], [0.14482756288776072, -0.343813072353728, 0.9278025373465425]], "trans": [303.1334420238444, -355.73937524779626, 5.027685370233769]}], "rb_ScNup133N_56-480_renamed_1.pdb_1": [{"rot": [[0.9758411194780006, 0.21209914904379235, -0.05242194684310847], [-0.17126716057976388, 0.8915891491292289, 0.4192091946295584], [0.13565275243380762, -0.40010341179489683, 0.9063749724188193]], "trans": [-351.5050506581023, -326.21419294463726, 57.104011123831185]}], "rb_ScNup133N_56-480_renamed_1.pdb_2": [{"rot": [[0.5737549212544112, 0.7710174654547003, 0.2762921611268669], [-0.8010270925870021, 0.4579171070434148, 0.3855742730248017], [0.1707655916101333, -0.4425426431891056, 0.8803380723797202]], "trans": [-793.7613405627912, 159.02818778078876, 90.03488087519196]}], "rb_ScNup133N_56-480_renamed_1.pdb_3": [{"rot": [[-0.15458096439577212, 0.8606848652646633, 0.485104409535536], [-0.9609319330310353, -0.2450822404375314, 0.12862548543487676], [0.2295964841362138, -0.4462692663924641, 0.8649446203924394]], "trans": [-764.5535439111038, 815.7260551771384, 84.55293169989216]}], "rb_ScNup133N_56-480_renamed_1.pdb_4": [{"rot": [[-0.7824971061226837, 0.4285729213546678, 0.45168963901239806], [-0.5573071717214985, -0.8055819632684712, -0.20111294539213306], [0.27768146365468654, -0.4091001729870577, 0.8692123176787993]], "trans": [-280.9900864722681, 1259.176655878879, 43.89357162149213]}], "rb_ScNup133N_56-480_renamed_1.pdb_5": [{"rot": [[-0.9421513744851009, -0.2721810967544014, 0.1956226932781717], [0.17339811505734679, -0.8952334207689486, -0.410475597365891], [0.2868516711654189, -0.3528095419739907, 0.8906410869939184]], "trans": [373.6526534805599, 1229.6004921366407, -8.100368027917511]}], "rb_ScNup133N_56-480_renamed_1.pdb_6": [{"rot": [[-0.5400160479511358, -0.8310656046225965, -0.1330888003120985], [0.8031264673659096, -0.4615175250496332, -0.37681487694677684], [0.251735069808698, -0.3103732186986148, 0.9166776531273525]], "trans": [815.8776417596443, 744.3238144897152, -40.94609938597705]}], "rb_ScNup133N_56-480_renamed_1.pdb_7": [{"rot": [[0.18833232908751085, -0.920678177269168, -0.34188101398117265], [0.9629741372520665, 0.2414888367829705, -0.11984970877246554], [0.19290345980337012, -0.3066509996878033, 0.9320694285225534]], "trans": [786.6251581980264, 87.62865990000569, -35.37812499713664]}], "rb_ScNup133C_490_881_renamed_relative_3CQC_1.pdb_7": [{"rot": [[0.9782521546848483, 0.1658980217497501, -0.12450127804151544], [-0.13683819117044743, 0.9672685475588002, 0.2136980728520702], [0.15587825791832344, -0.1920140705339275, 0.9689337260232714]], "trans": [10.94607653487958, 14.782433080270863, -34.340960537113176]}], "rb_ScNup133C_490_881_renamed_relative_3CQC_1.pdb_8": [{"rot": [[0.6001361106510863, 0.7957304585700897, 0.08154560684930504], [-0.7772166125919915, 0.5559766522281173, 0.29465963294663355], [0.18913219134673223, -0.24021448640964457, 0.9521165972271113]], "trans": [-298.2131933601504, 139.43722537556104, -10.264318533236917]}], "rb_ScNup133C_490_881_renamed_relative_3CQC_1.pdb_9": [{"rot": [[-0.1187289992781444, 0.9513357368989216, 0.28436550499207014], [-0.9616301559345356, -0.18150724842947286, 0.2057244807136021], [0.24732745081719099, -0.24902898318578565, 0.9363833069879677]], "trans": [-429.0328814905181, 446.85169583511015, -1.291657615709255]}], "rb_ScNup133C_490_881_renamed_relative_3CQC_1.pdb_10": [{"rot": [[-0.7572218577082502, 0.541558090656792, 0.36514366029418444], [-0.5820467672770567, -0.8131546868857549, -0.001007917683267634], [0.2963724327787466, -0.21329390436648288, 0.9309506385673235]], "trans": [-304.87505665258766, 756.9382299148604, -12.655284163350473]}], "rb_ScNup133C_490_881_renamed_relative_3CQC_1.pdb_11": [{"rot": [[-0.9413043454215717, -0.19354895712284748, 0.27655909040767956], [0.13916825217911383, -0.9689376874641565, -0.204430808336272], [0.307535895264074, -0.15394336298869513, 0.939001125726617]], "trans": [1.5287900775147705, 888.0438805259432, -37.674220616231366]}], "rb_ScNup133C_490_881_renamed_relative_3CQC_1.pdb_12": [{"rot": [[-0.5631383455525681, -0.8233493328413103, 0.07050588541450545], [0.7795169749047771, -0.557596371885542, -0.2853761936381229], [0.27427812454444733, -0.10574574303416384, 0.9558186795760643]], "trans": [310.68487833031975, 763.3652257458916, -61.668016332063644]}], "rb_ScNup133C_490_881_renamed_relative_3CQC_1.pdb_13": [{"rot": [[0.15574116703489937, -0.9788970962174237, -0.13230708185014603], [0.9638740902102494, 0.17989971727158616, -0.1964251255490634], [0.21608199164199118, -0.09693588985869486, 0.9715513399431506]], "trans": [441.48712584575435, 455.9408963090724, -70.55676256680692]}], "rb_ScNup133C_490_881_renamed_relative_3CQC_1.pdb_14": [{"rot": [[0.7942044376659657, -0.569070174241997, -0.21306911549980376], [0.5842406005142593, 0.8115149722841261, 0.01031360603427546], [0.1670396117764382, -0.13267473967140758, 0.9769826925543253]], "trans": [317.3116450568501, 145.86451587779834, -59.10930154363996]}], "rb_ScNup84_506-726_ScNup133C_882_1155_renamed_relative_3CQC_new_1.pdb_14": [{"rot": [[0.9870910591160215, 0.15831318818621073, 0.024252328950604887], [-0.1588881117051719, 0.987005924977919, 0.023955626004079387], [-0.020144700841058235, -0.027499790995568315, 0.9994188073691751]], "trans": [-45.804142530179774, 89.9872141726216, 19.403159455576827]}], "rb_ScNup84_506-726_ScNup133C_882_1155_renamed_relative_3CQC_new_1.pdb_15": [{"rot": [[0.5873776151422994, 0.8075201834044038, 0.0538394894502396], [-0.8091762204434202, 0.5847543472611696, 0.05741252152679414], [0.014878894402676607, -0.07728846455766256, 0.996897743877311]], "trans": [-284.3647480887694, 235.70563509662338, 37.75016626262976]}], "rb_ScNup84_506-726_ScNup133C_882_1155_renamed_relative_3CQC_new_1.pdb_16": [{"rot": [[-0.153750041589447, 0.9832028323064772, 0.09835199670450816], [-0.9852739032826427, -0.16008311788041024, 0.06007271327209454], [0.0748081561156798, -0.08766747352471693, 0.9933368783370344]], "trans": [-350.3977057129731, 507.92878188708414, 41.730146004125515]}], "rb_ScNup84_506-726_ScNup133C_882_1155_renamed_relative_3CQC_new_1.pdb_17": [{"rot": [[-0.8021288798658008, 0.5824437620402472, 0.1317137963375078], [-0.5840206546382956, -0.8111701811586248, 0.030377823406880076], [0.12453567778388398, -0.05255664809980463, 0.9908222159900437]], "trans": [-205.21806442256636, 747.1846136029623, 29.03557533096796]}], "rb_ScNup84_506-726_ScNup133C_882_1155_renamed_relative_3CQC_new_1.pdb_18": [{"rot": [[-0.9779294340828544, -0.15998671332943823, 0.13438107572285243], [0.15952371476295737, -0.9870908605775037, -0.014276462887859585], [0.13493037605599953, 0.0074755951205222985, 0.9908268814959449]], "trans": [66.12780822085244, 813.3138073130481, 7.127117638125924]}], "rb_ScNup84_506-726_ScNup133C_882_1155_renamed_relative_3CQC_new_1.pdb_19": [{"rot": [[-0.5781652607924437, -0.8091623530613145, 0.10479130498796792], [0.8097804293502532, -0.5847883416518884, -0.04773103507522915], [0.09990289011897562, 0.05726152160316689, 0.9933481417355976]], "trans": [304.6835873852279, 667.5770657155215, -11.1369387474939]}], "rb_ScNup84_506-726_ScNup133C_882_1155_renamed_relative_3CQC_new_1.pdb_20": [{"rot": [[0.16297615061706594, -0.9847869140239284, 0.060278589045116925], [0.9858199370986788, 0.16006288756607945, -0.05038773305839975], [0.03997281512227253, 0.06763583363303258, 0.9969090069108435]], "trans": [370.7018473388465, 395.3491437214499, -15.033247170813638]}], "rb_ScNup84_506-726_ScNup133C_882_1155_renamed_relative_3CQC_new_1.pdb_21": [{"rot": [[0.8113237112480823, -0.5839770520990709, 0.026919104522916334], [0.5845158122121467, 0.8111184745981818, -0.020690225699388422], [-0.009751965986983628, 0.032521112945224404, 0.9994234719938245]], "trans": [225.51007388267692, 156.10511324384015, -2.255290318317236]}], "rb_4XMM.renamed.noAb_Nup145c_149-550_Sec13_Nup84_7-436_3IKO_updated_1.pdb_21": [{"rot": [[0.9976378024746035, -0.034482281852588705, 0.059412013195003], [0.03613653377115227, 0.9989821188639043, -0.026997724296525683], [-0.05842059568894303, 0.029080894560234456, 0.9978683959174808]], "trans": [-3.117124037414669, -12.386558468730698, 19.212718806849523]}], "rb_4XMM.renamed.noAb_Nup145c_149-550_Sec13_Nup84_7-436_3IKO_updated_1.pdb_22": [{"rot": [[0.7315883233221132, 0.6804010105564078, 0.0428134326182646], [-0.680911947605862, 0.7323569984968126, -0.0034851628845569103], [-0.03372602535626399, -0.026602473316577436, 0.9990770058544585]], "trans": [-326.2783413350322, 133.22191798797343, 44.303453151412896]}], "rb_4XMM.renamed.noAb_Nup145c_149-550_Sec13_Nup84_7-436_3IKO_updated_1.pdb_23": [{"rot": [[0.037951101809075516, 0.998143061848588, 0.04764600670573661], [-0.9990123593993985, 0.03679516694785284, 0.024908260808950783], [0.023108864938033227, -0.04854424551690499, 0.9985536723624175]], "trans": [-452.23242039384434, 465.3792130766098, 52.76790937239417]}], "rb_4XMM.renamed.noAb_Nup145c_149-550_Sec13_Nup84_7-436_3IKO_updated_1.pdb_24": [{"rot": [[-0.6769313974173489, 0.7326060982140697, 0.0710787454176833], [-0.7318169951649974, -0.6802334474397695, 0.0415492788370665], [0.07878939508759616, -0.023890622506808325, 0.9966049715799976]], "trans": [-307.1917724094202, 789.5030167115741, 39.67149456789667]}], "rb_4XMM.renamed.noAb_Nup145c_149-550_Sec13_Nup84_7-436_3IKO_updated_1.pdb_25": [{"rot": [[-0.9942709264670813, 0.039345417021141416, 0.09938442001503046], [-0.03585266672580675, -0.9986833722543224, 0.036689348200565866], [0.10069712543533575, 0.03291595573831349, 0.9943724799022212]], "trans": [23.878659295091325, 915.7171513730523, 12.71027809103009]}], "rb_4XMM.renamed.noAb_Nup145c_149-550_Sec13_Nup84_7-436_3IKO_updated_1.pdb_26": [{"rot": [[-0.7281655147354293, -0.6755170997117751, 0.11598116720864027], [0.6811749092214646, -0.7320021513955012, 0.013175484791332924], [0.07599819864454824, 0.08859739470971484, 0.9931640224320625]], "trans": [347.0350610733644, 770.0837141522313, -12.297474391718254]}], "rb_4XMM.renamed.noAb_Nup145c_149-550_Sec13_Nup84_7-436_3IKO_updated_1.pdb_27": [{"rot": [[-0.034503464501100034, -0.9932049101210514, 0.1111463784783607], [0.9992208685980846, -0.03641540424761741, -0.015217558660029586], [0.019161594284144712, 0.11053472234965933, 0.9936875305947908]], "trans": [472.9697695976856, 437.9169427997124, -20.67786396545779]}], "rb_4XMM.renamed.noAb_Nup145c_149-550_Sec13_Nup84_7-436_3IKO_updated_1.pdb_28": [{"rot": [[0.6803582145737285, -0.7276120154708066, 0.08771234123291059], [0.7319694039532016, 0.6805923449369641, -0.03185673695780088], [-0.03651700341542896, 0.08587674281034775, 0.9956363259272144]], "trans": [327.91037027438074, 113.8049323204566, -7.497535353212356]}], "rb_4XMM.renamed.noAb_Seh1_Nup85_47_544_3F3F_1.pdb_28": [{"rot": [[0.6408731134443827, -0.7434042357154218, 0.19139434365848923], [0.2981055463275748, 0.47077338996508555, 0.8303646780478505], [-0.7073999828334974, -0.4751026811344491, 0.5233189339838723]], "trans": [506.70405644831646, -95.34090716690991, 731.2965703502176]}], "rb_4XMM.renamed.noAb_Seh1_Nup85_47_544_3F3F_1.pdb_29": [{"rot": [[0.6505186012324049, -0.20453244827555472, 0.7314314917017407], [-0.28161948449259067, 0.8294427493016807, 0.48240562971941725], [-0.7053481519113477, -0.519799195106406, 0.48196761443272274]], "trans": [-9.24944370641947, -243.72323164887794, 773.1844474860704]}], "rb_4XMM.renamed.noAb_Seh1_Nup85_47_544_3F3F_1.pdb_30": [{"rot": [[0.24869711234979247, 0.4294709831354059, 0.8681615177797118], [-0.6982225689156311, 0.7007059323873721, -0.14661664494180274], [-0.6712935204258431, -0.5697068289584053, 0.47412987511063537]], "trans": [-478.8104803582351, 17.39375735666693, 809.3821504890711]}], "rb_4XMM.renamed.noAb_Seh1_Nup85_47_544_3F3F_1.pdb_31": [{"rot": [[-0.3291986593330267, 0.7871979089485367, 0.5214860447225597], [-0.707651745983039, 0.15997878175968078, -0.688212028225194], [-0.6251857716714965, -0.5955889870823083, 0.504397174224614]], "trans": [-626.9016640866168, 535.0441627359107, 818.7085594536361]}], "rb_4XMM.renamed.noAb_Seh1_Nup85_47_544_3F3F_1.pdb_32": [{"rot": [[-0.7446292224338766, 0.6590868520728514, -0.10550754722866612], [-0.3043832708173302, -0.47597311349086824, -0.8251063081084417], [-0.5940354749878611, -0.5822835363107032, 0.5550385011847718]], "trans": [-366.76717803852375, 1005.9811949421559, 795.7241374071434]}], "rb_4XMM.renamed.noAb_Seh1_Nup85_47_544_3F3F_1.pdb_33": [{"rot": [[-0.7542294955173399, 0.12018707599202913, -0.6455175712992907], [0.27534249774392283, -0.8346001662047802, -0.4771048852265933], [-0.5960909133913941, -0.5375849973124521, 0.5963874526151385]], "trans": [149.2044413020809, 1154.3234170920098, 753.9174877659656]}], "rb_4XMM.renamed.noAb_Seh1_Nup85_47_544_3F3F_1.pdb_34": [{"rot": [[-0.35237550324727335, -0.5138063319789421, -0.7821985412474031], [0.6919140303442017, -0.7058135922608025, 0.15192810007610189], [-0.630147982083624, -0.4876784044821302, 0.60422122974759]], "trans": [618.7516574649029, 893.1699806199351, 717.8035402648513]}], "rb_4XMM.renamed.noAb_Seh1_Nup85_47_544_3F3F_1.pdb_35": [{"rot": [[0.22552101956322756, -0.8714910941436153, -0.43548081767572283], [0.7012978495276537, -0.16505838256600952, 0.6934962556442325], [-0.6762555700199742, -0.46179974358269915, 0.5739506954816787]], "trans": [766.8090039452765, 375.50836766990665, 708.5623594577995]}], "rb_4XMM.renamed.noAb_Nup120_715-1036_Nup85_553-744_Nup145c_92-99_554-712_remaining_updated_1.pdb_35": [{"rot": [[0.9965224060132418, -0.03987070957395381, 0.07316707477854603], [0.042400618541329184, 0.9985437412282556, -0.03335542536367141], [-0.07173062010670625, 0.03634175796447098, 0.9967617542658624]], "trans": [-0.2169084174558975, -14.24427493735459, 21.052432003836543]}], "rb_4XMM.renamed.noAb_Nup120_715-1036_Nup85_553-744_Nup145c_92-99_554-712_remaining_updated_1.pdb_36": [{"rot": [[0.7349505607123892, 0.6764154161525086, 0.04806098313365456], [-0.6764631691245965, 0.7362628105962503, -0.017738504751462016], [-0.04738411259538691, -0.019474560948549356, 0.9986868815346526]], "trans": [-325.4955581679171, 129.9703256048681, 46.31872069063206]}], "rb_4XMM.renamed.noAb_Nup120_715-1036_Nup85_553-744_Nup145c_92-99_554-712_remaining_updated_1.pdb_37": [{"rot": [[0.04320106899300025, 0.9982119753946341, 0.04131004498429705], [-0.9990229065216303, 0.04277643076800808, 0.01110897006134433], [0.009322010670240289, -0.04174960059081305, 0.9990846165203284]], "trans": [-453.9299716153858, 462.64441299089583, 54.97836048215407]}], "rb_4XMM.renamed.noAb_Nup120_715-1036_Nup85_553-744_Nup145c_92-99_554-712_remaining_updated_1.pdb_38": [{"rot": [[-0.6734894632278738, 0.7370060064169, 0.056869055086595025], [-0.7363185513902921, -0.675661298795131, 0.03628774158001086], [0.06516850312483295, -0.017434328661823074, 0.9977219604602173]], "trans": [-310.27954509784126, 788.8929329205404, 41.98241718879484]}], "rb_4XMM.renamed.noAb_Nup120_715-1036_Nup85_553-744_Nup145c_92-99_554-712_remaining_updated_1.pdb_39": [{"rot": [[-0.9952736168387407, 0.045815648850625994, 0.08562332594057986], [-0.04224601909792796, -0.9981794261430935, 0.04304773042822423], [0.08743970205294704, 0.03922702569708402, 0.9953971764877833]], "trans": [21.30518939898883, 917.595019110065, 14.968102535790877]}], "rb_4XMM.renamed.noAb_Nup120_715-1036_Nup85_553-744_Nup145c_92-99_554-712_remaining_updated_1.pdb_40": [{"rot": [[-0.733645697497789, -0.670450040057823, 0.11072820024476822], [0.6765972145158903, -0.7358422847698476, 0.027428839822858368], [0.06308882509858847, 0.09504144217736399, 0.993472155833532]], "trans": [346.57913240136844, 773.35529156541, -10.21521215010489]}], "rb_4XMM.renamed.noAb_Nup120_715-1036_Nup85_553-744_Nup145c_92-99_554-712_remaining_updated_1.pdb_41": [{"rot": [[-0.041871029308610586, -0.992192520399664, 0.11747688865303886], [0.999102647510594, -0.04233067104553384, -0.0014191638931059306], [0.0063809593289855665, 0.1173120486215965, 0.9930746027395148]], "trans": [474.99413507517136, 440.6715332575724, -18.790781139971045]}], "rb_4XMM.renamed.noAb_Nup120_715-1036_Nup85_553-744_Nup145c_92-99_554-712_remaining_updated_1.pdb_42": [{"rot": [[0.6747990330807521, -0.7309305106216742, 0.10191591433932026], [0.7363420499112806, 0.676086533196391, -0.02659671338600432], [-0.04946362790712097, 0.09299240975919923, 0.9944374094137056]], "trans": [331.3247915418103, 114.43469743945502, -5.710910302834577]}], "rb_4XMM.renamed.noAb_Nup120_2-711_3F7F_updated_1.pdb_42": [{"rot": [[0.9867986313920268, 0.11523625627509357, 0.11379396435016041], [-0.14951400021105746, 0.9182661246367573, 0.3666509076566987], [-0.06224166469265206, -0.37882440468414136, 0.9233731886902473]], "trans": [-91.88907341028573, 29.2678710557268, 288.4459809774598]}], "rb_4XMM.renamed.noAb_Nup120_2-711_3F7F_updated_1.pdb_43": [{"rot": [[0.5929467368264321, 0.7215749470873511, 0.3574125949414402], [-0.8047664443000164, 0.5462715148383821, 0.2322464256019656], [-0.027661117396012763, -0.4253434233793527, 0.9046092166081099]], "trans": [-354.52408840213707, 240.74662922778737, 308.3919121929087]}], "rb_4XMM.renamed.noAb_Nup120_2-711_3F7F_updated_1.pdb_44": [{"rot": [[-0.14753398486153768, 0.8882619405728729, 0.4349993657933203], [-0.9885309354754177, -0.1467708904040549, -0.03556536711602573], [0.032253882231017106, -0.4352574303325749, 0.8997281013846976]], "trans": [-391.232440565746, 576.5277713265735, 309.7252996405515]}], "rb_4XMM.renamed.noAb_Nup120_2-711_3F7F_updated_1.pdb_45": [{"rot": [[-0.8008594861288941, 0.5176496456612323, 0.30110285256730074], [-0.5931556437273859, -0.7548670782016202, -0.27989654617679854], [0.08240428260542895, -0.4027586604831123, 0.9115892691416102]], "trans": [-180.5079462766406, 839.9060865916924, 291.68903105398255]}], "rb_4XMM.renamed.noAb_Nup120_2-711_3F7F_updated_1.pdb_46": [{"rot": [[-0.9843024764436518, -0.17315202965497342, 0.034161520652019835], [0.1497430102464685, -0.9217857275862521, -0.35761446181692735], [0.09341127206724681, -0.34688535144143484, 0.9332442805643825]], "trans": [154.20592783451525, 876.5909611017712, 264.8730117837874]}], "rb_4XMM.renamed.noAb_Nup120_2-711_3F7F_updated_1.pdb_47": [{"rot": [[-0.5903994655332626, -0.7794617236718888, -0.2094466338437705], [0.8049645200772402, -0.5497435401954772, -0.22319086323181442], [0.058826800991186576, -0.3003688754578148, 0.9520073246258935]], "trans": [416.83098818704497, 665.0919949072548, 245.0104489255047]}], "rb_4XMM.renamed.noAb_Nup120_2-711_3F7F_updated_1.pdb_48": [{"rot": [[0.15009560877851363, -0.9460946686677194, -0.2870125191414581], [0.9886708866827749, 0.1433119248023464, 0.04462701015464127], [-0.0010890598253536221, -0.29045924004576806, 0.9568867455559888]], "trans": [453.51968475235003, 329.308381335494, 243.7611167648393]}], "rb_4XMM.renamed.noAb_Nup120_2-711_3F7F_updated_1.pdb_49": [{"rot": [[0.8033902909792907, -0.5754349359393834, -0.15309694595467493], [0.5932443302457814, 0.7513790039294372, 0.288947671880639], [-0.051236754302406984, -0.3229616493555309, 0.9450241097739835]], "trans": [242.78117511111697, 65.94701256095686, 261.880896598279]}]}
