{"rb_ScNup133N_56-480_renamed_1.pdb_0": [{"rot": [[-0.6479231465049613, -0.42326201727467, 0.6332810284192059], [0.4147909204662124, -0.8933740462923268, -0.17271741576942204], [0.6388615566160656, 0.15077160921026253, 0.7544029648233398]], "trans": [897.6589386169043, 175.3109365542838, -319.91892858807756]}], "rb_ScNup133N_56-480_renamed_1.pdb_1": [{"rot": [[-0.15428697672869623, -0.9269070741502601, 0.34210934611922333], [0.7867293161893956, -0.3247205394649021, -0.5249890992180586], [0.5977060413448105, 0.18814847100050208, 0.7793251189330986]], "trans": [437.9401514346926, -388.4253570302459, -280.49241309162477]}], "rb_ScNup133N_56-480_renamed_1.pdb_2": [{"rot": [[0.4570715598186936, -0.8823284809686309, -0.11216969678346281], [0.6994594216029864, 0.43447799402052983, -0.5674375650613125], [0.5494015896734568, 0.18090142172875226, 0.815740503396021]], "trans": [-284.6226397604727, -460.7790610787011, -222.50641126688652]}], "rb_ScNup133N_56-480_renamed_1.pdb_3": [{"rot": [[0.8280100122723817, -0.3156410061737447, -0.463433031621954], [0.20410517146121698, 0.939472348548881, -0.27519590348483747], [0.5222456304838521, 0.13327588504179905, 0.842316472536806]], "trans": [-846.7400504118444, 0.6357612229095366, -179.90593568423355]}], "rb_ScNup133N_56-480_renamed_1.pdb_4": [{"rot": [[0.7412274049528185, 0.4411818372061592, -0.505905644034841], [-0.4091479300079368, 0.8944297108170443, 0.18053659955243906], [0.5321465075682913, 0.07317157185092676, 0.8434844489116167]], "trans": [-919.113862165095, 725.5159178164873, -177.62294070550325]}], "rb_ScNup133N_56-480_renamed_1.pdb_5": [{"rot": [[0.24756221286256702, 0.9447825563170417, -0.2147064788068196], [-0.7810475690951141, 0.32573669310952186, 0.5327854179429878], [0.573304147528343, 0.03579843629416449, 0.8185602154916221]], "trans": [-459.3445622851611, 1289.2165089544858, -216.97083207827842]}], "rb_ScNup133N_56-480_renamed_1.pdb_6": [{"rot": [[-0.3637895337926947, 0.9001447491336088, 0.23957588716330547], [-0.6937296934381358, -0.4334583162290697, 0.5751982271652862], [0.6216078245526856, 0.04305018814187461, 0.7821447396459464]], "trans": [263.23042395042785, 1361.5138969651105, -274.8750553299324]}], "rb_ScNup133N_56-480_renamed_1.pdb_7": [{"rot": [[-0.7346893617626864, 0.33341787249699617, 0.5908164385088746], [-0.19834634577890609, -0.9384081760785519, 0.2829290055563016], [0.6487605635586127, 0.09067864891196786, 0.7555707205831953]], "trans": [825.3183946368214, 900.0553693537456, -317.3904951289117]}], "rb_ScNup133C_490_881_renamed_relative_3CQC_1.pdb_7": [{"rot": [[0.710316648506114, 0.3633660710995804, -0.6028394124712612], [-0.2827379426261082, 0.93161020912318, 0.22838930372725247], [0.6446002750965875, 0.008216850437869322, 0.7644756168212853]], "trans": [255.98746959621087, 105.8858574192746, -291.73463437832095]}], "rb_ScNup133C_490_881_renamed_relative_3CQC_1.pdb_8": [{"rot": [[0.3169891110622773, 0.9145434652647605, -0.2512531663670534], [-0.6634010611872377, 0.4031274239464279, 0.6303866369760409], [0.677803021152601, -0.03314408248601691, 0.7344961091201001]], "trans": [-65.35450206500093, 16.334458922835665, -265.6447413404688]}], "rb_ScNup133C_490_881_renamed_relative_3CQC_1.pdb_9": [{"rot": [[-0.22956447872407287, 0.931903724891577, 0.2808123886892226], [-0.6534523923589034, -0.36139495318311854, 0.6651267989896331], [0.7213183215672321, -0.030808040297524486, 0.6919181625195683]], "trans": [-355.78436561454964, 180.9856560935859, -243.25555039174031]}], "rb_ScNup133C_490_881_renamed_relative_3CQC_1.pdb_10": [{"rot": [[-0.6091653215504764, 0.4052769651109806, 0.681665748421274], [-0.2587200066169743, -0.9140889339774535, 0.3122585130241823], [0.7496542997918543, 0.013856490551132888, 0.6616845384873286]], "trans": [-445.16229858477, 503.3845728421994, -237.658960376307]}], "rb_ScNup133C_490_881_renamed_relative_3CQC_1.pdb_11": [{"rot": [[-0.5994378913173426, -0.35683143276024243, 0.716481362665693], [0.28955629874428856, -0.9311785915021266, -0.22150300355891808], [0.7462113402451909, 0.07468439811892671, 0.6615065202755659]], "trans": [-281.12753427358825, 794.6654947077913, -252.10952773594227]}], "rb_ScNup133C_490_881_renamed_relative_3CQC_1.pdb_12": [{"rot": [[-0.20608065381200735, -0.9079676235207197, 0.3648637536979381], [0.6701885333483517, -0.40265256341501304, -0.6234727283079041], [0.7130063771754066, 0.11604183647914668, 0.6914883934627871]], "trans": [40.22796283459218, 884.1920673956793, -278.11790145718516]}], "rb_ScNup133C_490_881_renamed_relative_3CQC_1.pdb_13": [{"rot": [[0.3404721748978549, -0.9252682556026742, -0.16720452534039326], [0.6601969672496474, 0.3618711508134597, -0.658171128691701], [0.6694913461387606, 0.11370103510049512, 0.7340663539915062]], "trans": [330.651524760554, 719.5184790958031, -300.4240045948758]}], "rb_ScNup133C_490_881_renamed_relative_3CQC_1.pdb_14": [{"rot": [[0.7200422413591223, -0.3985983747935847, -0.5680303744259123], [0.26543480074987863, 0.9145237796038819, -0.30527139251803515], [0.6411579658784576, 0.0690332684358855, 0.7642976322347566]], "trans": [420.01084729510944, 397.1129565270049, -305.9366025137142]}], "rb_ScNup84_506-726_ScNup133C_882_1155_renamed_relative_3CQC_new_1.pdb_14": [{"rot": [[0.9762556551176857, 0.1763709955828929, 0.125770297637543], [-0.2007992751501889, 0.9546191545788589, 0.21995890709471697], [-0.08126836377026253, -0.23999071154576537, 0.9673675162118378]], "trans": [-76.39954671268788, 68.18018258568202, 127.36935850752218]}], "rb_ScNup84_506-726_ScNup133C_882_1155_renamed_relative_3CQC_new_1.pdb_15": [{"rot": [[0.5489406510891716, 0.7932890477688734, 0.26335650413792583], [-0.8346958665130053, 0.5368878811209757, 0.1226140837405356], [-0.04412450575245609, -0.28713044038447383, 0.9568746721471514]], "trans": [-319.2944616827724, 248.06718361035743, 145.8955903361088]}], "rb_ScNup84_506-726_ScNup133C_882_1155_renamed_relative_3CQC_new_1.pdb_16": [{"rot": [[-0.20015714587399153, 0.9352200500125317, 0.29206262172714526], [-0.9796284016048823, -0.1959866160323856, -0.04378859560703027], [0.01628839232826454, -0.2948774396096284, 0.9553962444371595]], "trans": [-364.3081551494463, 547.5159159358749, 148.0677392424882]}], "rb_ScNup84_506-726_ScNup133C_882_1155_renamed_relative_3CQC_new_1.pdb_17": [{"rot": [[-0.8322056840318446, 0.5190188199724015, 0.19507220196517847], [-0.5506933578202537, -0.8146761229183757, -0.18176809510839767], [0.0645796029543502, -0.25869340784244454, 0.9637983168802066]], "trans": [-185.06905744759115, 791.1052067339997, 132.63733467119027]}], "rb_ScNup84_506-726_ScNup133C_882_1155_renamed_relative_3CQC_new_1.pdb_18": [{"rot": [[-0.97694201784713, -0.21149809335666553, 0.029203600313504434], [0.20083306820772762, -0.9567436028811349, -0.21049407844472273], [0.0724594540349702, -0.19977546108698646, 0.9771588369699338]], "trans": [113.4239540570328, 836.1371316413697, 108.66773008997222]}], "rb_ScNup84_506-726_ScNup133C_882_1155_renamed_relative_3CQC_new_1.pdb_19": [{"rot": [[-0.5495775621885468, -0.8283835818580239, -0.10837501763304305], [0.8346960995892632, -0.5389639230070117, -0.11313845954122119], [0.03531181770119702, -0.1526385632956507, 0.9876510236544459]], "trans": [356.31137781281865, 656.2314708922858, 90.22466273512282]}], "rb_ScNup84_506-726_ScNup133C_882_1155_renamed_relative_3CQC_new_1.pdb_20": [{"rot": [[0.19953155898028246, -0.97025742828219, -0.1370681576228634], [0.9795698350723071, 0.19392168954024697, 0.053266467334209186], [-0.025101696900972602, -0.14489617382486053, 0.989128406034123]], "trans": [401.3082496102155, 356.77961401855737, 88.13634641154903]}], "rb_ScNup84_506-726_ScNup133C_882_1155_renamed_relative_3CQC_new_1.pdb_21": [{"rot": [[0.8315466600400486, -0.5540079329726532, -0.040066973676646064], [0.5505851976912223, 0.8125785092433192, 0.1912383497084724], [-0.07339000108703192, -0.18108389359429647, 0.980725512679859]], "trans": [222.05668083368033, 113.20479784317615, 103.65015116804719]}], "rb_4XMM.renamed.noAb_Nup145c_149-550_Sec13_Nup84_7-436_3IKO_updated_1.pdb_21": [{"rot": [[0.9958996659176591, -0.04126788456572947, 0.08050352246060083], [0.04051081470375158, 0.9991183765397786, 0.011015604956394627], [-0.08088713938033129, -0.007709174014553616, 0.9966934530330176]], "trans": [-6.513062930155002, -25.50801645756718, 46.96623454929761]}], "rb_4XMM.renamed.noAb_Nup145c_149-550_Sec13_Nup84_7-436_3IKO_updated_1.pdb_22": [{"rot": [[0.7329957665826609, 0.6749591684681086, 0.08454186579876724], [-0.677887972052648, 0.7351165176396711, 0.008461846114854826], [-0.05643672136336269, -0.06351241133953596, 0.9963839973060545]], "trans": [-337.38769742187276, 127.93565104134771, 72.63365410176138]}], "rb_4XMM.renamed.noAb_Nup145c_149-550_Sec13_Nup84_7-436_3IKO_updated_1.pdb_23": [{"rot": [[0.04063180081969103, 0.9955008705990577, 0.08559832591041919], [-0.9991741386285323, 0.04045565549792135, 0.0037921806606875455], [0.00031218276495265096, -0.08568171668886485, 0.9963225110209895]], "trans": [-463.2750130040834, 471.10256302141784, 81.03922187528127]}], "rb_4XMM.renamed.noAb_Nup145c_149-550_Sec13_Nup84_7-436_3IKO_updated_1.pdb_24": [{"rot": [[-0.6755956578953843, 0.7325793730808083, 0.08305401356606337], [-0.7351337185088003, -0.6779220821246768, -0.0002578355407731048], [0.05611526480669935, -0.061229998401697946, 0.9965450137105705]], "trans": [-310.42653185831495, 802.9608205864387, 67.28284265081027]}], "rb_4XMM.renamed.noAb_Nup145c_149-550_Sec13_Nup84_7-436_3IKO_updated_1.pdb_25": [{"rot": [[-0.996110465440107, 0.04021779635266571, 0.0783994228118275], [-0.040445312769514345, -0.9991808874027054, -0.0013156458934830545], [0.07828229247836545, -0.004481417819885535, 0.9969211601619528]], "trans": [31.618863935921638, 929.1032940485686, 39.447202244177106]}], "rb_4XMM.renamed.noAb_Nup145c_149-550_Sec13_Nup84_7-436_3IKO_updated_1.pdb_26": [{"rot": [[-0.7331505282959919, -0.675988685639792, 0.07436127854127259], [0.6779328154007306, -0.7351228224551409, 0.00123842982230115], [0.053827508414798775, 0.05131990639676049, 0.9972305984802516]], "trans": [362.4880720215452, 775.6340606399957, 13.862816189303658]}], "rb_4XMM.renamed.noAb_Nup145c_149-550_Sec13_Nup84_7-436_3IKO_updated_1.pdb_27": [{"rot": [[-0.04076148537717589, -0.9964762172339873, 0.07330518260592384], [0.9991646293881981, -0.040436824946982586, 0.005908178039805548], [-0.0029231300671080165, 0.07348477172345744, 0.9972920553355271]], "trans": [488.3551583854277, 432.45767800283284, 5.541383478165017]}], "rb_4XMM.renamed.noAb_Nup145c_149-550_Sec13_Nup84_7-436_3IKO_updated_1.pdb_28": [{"rot": [[0.6754453992889938, -0.7334986835478452, 0.07584981089566133], [0.7350680031904526, 0.6779202527089258, 0.009957994409766188], [-0.058724298760651314, 0.04902868752722517, 0.9970695284354173]], "trans": [335.48732244895274, 100.61182666810453, 19.381721626333615]}], "rb_4XMM.renamed.noAb_Seh1_Nup85_47_544_3F3F_1.pdb_28": [{"rot": [[0.6953161738914619, -0.6963994735834091, 0.17766032623433617], [0.29732580627644317, 0.5037735909487591, 0.8110545813844201], [-0.6543185640397214, -0.511116368604396, 0.5573394607397308]], "trans": [460.5582762371066, -106.13576395010966, 715.1783459415077]}], "rb_4XMM.renamed.noAb_Seh1_Nup85_47_544_3F3F_1.pdb_29": [{"rot": [[0.6896152332226826, -0.14865595246726532, 0.7087540038005268], [-0.31748289786716755, 0.8175755690721005, 0.48039025637318933], [-0.650872829106495, -0.5563017136882494, 0.5166168441683121]], "trans": [-49.89303001745333, -219.76278905400085, 756.4585632106202]}], "rb_4XMM.renamed.noAb_Seh1_Nup85_47_544_3F3F_1.pdb_30": [{"rot": [[0.2522079460902459, 0.45999632091365816, 0.8513486575280657], [-0.7479977456341211, 0.6508324002008269, -0.1300636743103336], [-0.6139141018540081, -0.6040037844208683, 0.5082213139470412]], "trans": [-491.0632169093944, 62.016918260524264, 790.2928058089378]}], "rb_4XMM.renamed.noAb_Seh1_Nup85_47_544_3F3F_1.pdb_31": [{"rot": [[-0.3606663312609181, 0.7730002628157615, 0.5219103286787433], [-0.7420170689431826, 0.10122458373841181, -0.6626946906713181], [-0.565093325824822, -0.6262780351678873, 0.5370710900565145]], "trans": [-604.5066551185189, 574.1329491499231, 796.8845022607318]}], "rb_4XMM.renamed.noAb_Seh1_Nup85_47_544_3F3F_1.pdb_32": [{"rot": [[-0.7899772056311866, 0.6069937507172123, -0.08657136462707044], [-0.3030444325274455, -0.5092798719612497, -0.8054800332281689], [-0.533010399989776, -0.610075895774767, 0.5862655668699597]], "trans": [-323.7646656501792, 1016.5806286783292, 772.3961487428078]}], "rb_4XMM.renamed.noAb_Seh1_Nup85_47_544_3F3F_1.pdb_33": [{"rot": [[-0.7842283135311279, 0.05922574009716114, -0.6176392668589541], [0.311763803686578, -0.8230388486364707, -0.47477403503775284], [-0.5364599546722939, -0.5648888079481625, 0.6269859262279371]], "trans": [186.70204894228328, 1130.1679844609007, 731.1973729329368]}], "rb_4XMM.renamed.noAb_Seh1_Nup85_47_544_3F3F_1.pdb_34": [{"rot": [[-0.3467874370123356, -0.5494135448942163, -0.7601863128320494], [0.7422443061285826, -0.6562479137493362, 0.13569106720540963], [-0.573421192100636, -0.5171880048748374, 0.635377607461477]], "trans": [627.8568030091926, 848.3540586936705, 697.4470035044667]}], "rb_4XMM.renamed.noAb_Seh1_Nup85_47_544_3F3F_1.pdb_35": [{"rot": [[0.2660863905441235, -0.862374629295053, -0.43070643310196854], [0.7362155266929576, -0.10661554870891088, 0.6682962090493328], [-0.6222416982358316, -0.4949172895764688, 0.6065246453812662]], "trans": [741.2668346753848, 336.2295394626145, 690.9404876499908]}], "rb_4XMM.renamed.noAb_Nup120_715-1036_Nup85_553-744_Nup145c_92-99_554-712_remaining_updated_1.pdb_35": [{"rot": [[0.9933140878423251, -0.06328576992540641, 0.09655068212560175], [0.05644639749168035, 0.9958063184567444, 0.0719970855787717], [-0.10070217030522077, -0.06606578120762881, 0.9927206986102611]], "trans": [4.499606759415542, -51.61914292270012, 93.1097504550383]}], "rb_4XMM.renamed.noAb_Nup120_715-1036_Nup85_553-744_Nup145c_92-99_554-712_remaining_updated_1.pdb_36": [{"rot": [[0.7420054388192974, 0.6558611450103498, 0.1388311464632323], [-0.6659390307511799, 0.7449306820151329, 0.04004355521988922], [-0.07715656864299672, -0.12216561487661864, 0.9895061528141484]], "trans": [-347.07621498863205, 104.36897268837808, 120.41480287279214]}], "rb_4XMM.renamed.noAb_Nup120_715-1036_Nup85_553-744_Nup145c_92-99_554-712_remaining_updated_1.pdb_37": [{"rot": [[0.05503340494343839, 0.9877208474178352, 0.14621508785527382], [-0.99826818136426, 0.05747647271629658, -0.012533681015008707], [-0.02078370554123378, -0.1452720986985688, 0.9891734200450844]], "trans": [-485.8132881218323, 464.01883924010133, 129.76437853197956]}], "rb_4XMM.renamed.noAb_Nup120_715-1036_Nup85_553-744_Nup145c_92-99_554-712_remaining_updated_1.pdb_38": [{"rot": [[-0.6651641100350965, 0.7378852444049411, 0.11437688932069476], [-0.745857952077394, -0.6638359405281558, -0.054934136800488], [0.03539240093768562, -0.12184912864915898, 0.9919174198507187]], "trans": [-330.43556566676153, 816.6426106385312, 115.70536908361834]}], "rb_4XMM.renamed.noAb_Nup120_715-1036_Nup85_553-744_Nup145c_92-99_554-712_remaining_updated_1.pdb_39": [{"rot": [[-0.99668524705692, 0.05271155489862347, 0.06196781647965088], [-0.056573814191061146, -0.9964515755345967, -0.06231902729098826], [0.058462995535309134, -0.06561821084721112, 0.9961306784545134]], "trans": [28.036405075776827, 955.6684263984702, 86.49774539577817]}], "rb_4XMM.renamed.noAb_Nup120_715-1036_Nup85_553-744_Nup145c_92-99_554-712_remaining_updated_1.pdb_40": [{"rot": [[-0.7453202496066162, -0.6664158128392945, 0.019689843170352737], [0.6657918654145805, -0.7455195034358002, -0.030362179510218627], [0.03491299864096508, -0.009520209797047353, 0.9993450095594193]], "trans": [379.6066025292799, 799.6531201789234, 59.275750153476395]}], "rb_4XMM.renamed.noAb_Nup120_715-1036_Nup85_553-744_Nup145c_92-99_554-712_remaining_updated_1.pdb_41": [{"rot": [[-0.05832227743703711, -0.9982219070920562, 0.01231000227681079], [0.9980670862704639, -0.058039270209457317, 0.022215634520292425], [-0.02146166950968357, 0.013581874504331641, 0.9996774126821137]], "trans": [518.3221612249657, 439.9927749742983, 50.01041690097287]}], "rb_4XMM.renamed.noAb_Nup120_715-1036_Nup85_553-744_Nup145c_92-99_554-712_remaining_updated_1.pdb_42": [{"rot": [[0.6618555706834699, -0.7483300393804642, 0.04415150865021854], [0.7456003389185986, 0.663253510049151, 0.06461358999429363], [-0.07763593343116586, -0.009845484666210585, 0.9969331613864383]], "trans": [362.9234643287878, 87.38160901151161, 64.15351339996963]}], "rb_4XMM.renamed.noAb_Nup120_2-711_3F7F_updated_1.pdb_42": [{"rot": [[0.9874821905384285, 0.15727039040532215, 0.01203942154692113], [-0.1542720528401399, 0.94711616710889, 0.28137359455615996], [0.032849004275867975, -0.27970875978903975, 0.9595227733698463]], "trans": [-89.48602511317642, 40.7034498706513, 157.14046884806095]}], "rb_4XMM.renamed.noAb_Nup120_2-711_3F7F_updated_1.pdb_43": [{"rot": [[0.5919568117294406, 0.7736731109644144, 0.2258695429174996], [-0.8031354691946841, 0.5427562112861238, 0.2457419647348952], [0.06753185299212318, -0.3268724712804321, 0.9426525533570006]], "trans": [-347.3542825840301, 239.57605834144059, 176.7677948441305]}], "rb_4XMM.renamed.noAb_Nup120_2-711_3F7F_updated_1.pdb_44": [{"rot": [[-0.1452040924714424, 0.924664939310896, 0.3520092634274293], [-0.98119697612501, -0.18030162355993495, 0.06887538446199457], [0.12715449489766717, -0.3353894371485602, 0.9334589760008152]], "trans": [-389.5767835448806, 563.0656039942326, 178.60049851559435]}], "rb_4XMM.renamed.noAb_Nup120_2-711_3F7F_updated_1.pdb_45": [{"rot": [[-0.7921612704145944, 0.5217927334146181, 0.3165641562319341], [-0.5841456322040844, -0.7984798626609946, -0.14561520971989517], [0.1767891456849815, -0.30027029869865557, 0.937327768545984]], "trans": [-191.41707825633387, 821.6674665782081, 161.58896111177376]}], "rb_4XMM.renamed.noAb_Nup120_2-711_3F7F_updated_1.pdb_46": [{"rot": [[-0.9699180851647076, -0.19893528801227606, 0.1402984649021468], [0.15542028687526444, -0.9496409772384823, -0.27207820342164474], [0.1873591270742812, -0.24208834241452468, 0.9519925377695722]], "trans": [131.04199721099792, 863.8891455005905, 135.72278600769073]}], "rb_4XMM.renamed.noAb_Nup120_2-711_3F7F_updated_1.pdb_47": [{"rot": [[-0.574342088270078, -0.8153064877528101, -0.07352888323469559], [0.8042526378368954, -0.5452326550011908, -0.23642979180455836], [0.15267239493097706, -0.19492737865299498, 0.9688624550871555]], "trans": [388.901283114652, 664.996702718155, 116.17874819357269]}], "rb_4XMM.renamed.noAb_Nup120_2-711_3F7F_updated_1.pdb_48": [{"rot": [[0.16283272366686363, -0.9662419261650628, -0.19965481267442206], [0.9822562809513364, 0.1778370067269306, -0.059553317036528955], [0.09304892602753975, -0.18641496495515947, 0.9780548850682595]], "trans": [431.10508729560047, 341.50425239147603, 114.43002549304964]}], "rb_4XMM.renamed.noAb_Nup120_2-711_3F7F_updated_1.pdb_49": [{"rot": [[0.8097589516486094, -0.5633214952374551, -0.16419297557563584], [0.5851541722307801, 0.7959836048233191, 0.15493448800503765], [0.04341698913851448, -0.2215377932902434, 0.974184772616691]], "trans": [232.9317395302683, 82.91834996064972, 131.52504922226456]}]}
