{"rb_ScNup133N_56-480_renamed_1.pdb_0": [{"rot": [[0.821378398022218, 0.2254941252017531, 0.5239178626101179], [0.2552488842462743, 0.6761158611739109, -0.6911695518178562], [-0.5100838503162889, 0.7014411891018093, 0.4977898390666013]], "trans": [-78.14513011837232, 110.24646269119847, 344.4864301791134]}], "rb_ScNup133N_56-480_renamed_1.pdb_1": [{"rot": [[0.7521736250809039, 0.6503837428622158, -0.10599917336088135], [-0.4277717913366595, 0.3595637104397206, -0.8292920068778243], [-0.5012445832817353, 0.6691150313326993, 0.5486701582693955]], "trans": [-286.5834964630186, 291.54822526276234, 360.2593782430283]}], "rb_ScNup133N_56-480_renamed_1.pdb_2": [{"rot": [[0.22176369417167074, 0.7278008022752427, -0.6489428758795721], [-0.8614534418585891, -0.16557908776542415, -0.4800849229092322], [-0.456857561453597, 0.6654994800165407, 0.5902470759270136]], "trans": [-306.2265322155639, 567.5550168705037, 360.5233847445246]}], "rb_ScNup133N_56-480_renamed_1.pdb_3": [{"rot": [[-0.45912977839882685, 0.41239329845614514, -0.7868491685042998], [-0.791739241532496, -0.5916764777394945, 0.1518812664792351], [-0.40292532807580494, 0.6927125760936128, 0.5981642474410842]], "trans": [-125.56515672609947, 776.578284090025, 345.14779585372037]}], "rb_ScNup133N_56-480_renamed_1.pdb_4": [{"rot": [[-0.8916297958008278, -0.1110686056120459, -0.43893060053677313], [-0.2594687518796301, -0.6691146004624815, 0.6963918568205427], [-0.3710421459055607, 0.7348125041773119, 0.5677836821065457]], "trans": [149.56856225751585, 796.1693665512423, 323.163853239839]}], "rb_ScNup133N_56-480_renamed_1.pdb_5": [{"rot": [[-0.8223717495899951, -0.5359335457133364, 0.19099722525582236], [0.42354646924745537, -0.3525291117657292, 0.834464866693429], [-0.37988563261106173, 0.7671365327872209, 0.5169027434623426]], "trans": [357.9993261085062, 614.8516487092916, 307.4740653608694]}], "rb_ScNup133N_56-480_renamed_1.pdb_6": [{"rot": [[-0.29192797977508655, -0.6133096493407354, 0.7339137065418405], [0.8571864747978962, 0.1726197452168139, 0.48521518008491843], [-0.42427514898706276, 0.7707487901948522, 0.47532820278748367]], "trans": [377.6273678284556, 338.8437230509885, 307.2937360835074]}], "rb_ScNup133N_56-480_renamed_1.pdb_7": [{"rot": [[0.3889600740291709, -0.2978689039862513, 0.8717707134615461], [0.7874188351961658, 0.5986923654658914, -0.14676181216914264], [-0.47820669044832187, 0.7435331650779855, 0.46741501221032467]], "trans": [196.9562171616924, 129.8350409338982, 322.7525097422614]}], "rb_ScNup133C_490_881_renamed_relative_3CQC_1.pdb_7": [{"rot": [[0.8694656050206679, 0.29943791321276064, -0.3928950213693641], [-0.21954513483029597, 0.9467097054642861, 0.23567067563036742], [0.4425262652751733, -0.11864935613189781, 0.8888716638700409]], "trans": [120.09164945515289, 65.8018895413426, -185.28328854413667]}], "rb_ScNup133C_490_881_renamed_relative_3CQC_1.pdb_8": [{"rot": [[0.47037196457385966, 0.8773590763960463, -0.09482228645422094], [-0.7425191662515712, 0.4515511483249074, 0.4947391718830549], [0.4768810152354581, -0.162304071150221, 0.863852930652009]], "trans": [-187.8511032237061, 89.89706629034498, -160.8143404807098]}], "rb_ScNup133C_490_881_renamed_relative_3CQC_1.pdb_9": [{"rot": [[-0.1805744037491836, 0.9371270075028113, 0.298640011584942], [-0.8290684254571472, -0.3083878353330292, 0.4664145033429134], [0.529186574490165, -0.16337048334211374, 0.8326293620524865]], "trans": [-388.69408325213533, 325.3710877622335, -145.91036535708304]}], "rb_ScNup133C_490_881_renamed_relative_3CQC_1.pdb_10": [{"rot": [[-0.7020399390410299, 0.4437288097628842, 0.5569961107383805], [-0.428491136059843, -0.8879242737430353, 0.16728966021858435], [0.5688016089195012, -0.12122387340915317, 0.813492164809391]], "trans": [-364.7787277041987, 634.2800687902527, -149.27831704553972]}], "rb_ScNup133C_490_881_renamed_relative_3CQC_1.pdb_11": [{"rot": [[-0.7885427780636679, -0.3137958956730971, 0.5288973653010124], [0.22454887767161996, -0.9475575498207476, -0.22740380672741212], [0.5725190727827761, -0.06055431971726781, 0.817652178902209]], "trans": [-130.11307572712712, 835.6608894667359, -168.92119705767664]}], "rb_ScNup133C_490_881_renamed_relative_3CQC_1.pdb_12": [{"rot": [[-0.38940833802760616, -0.8916784552623885, 0.23080441654235878], [0.7474915678291573, -0.45235364961064956, -0.4864488993802275], [0.5381612233326427, -0.016902902259870983, 0.8426724094191687]], "trans": [177.83433830448155, 811.5419423650067, -193.30792441658917]}], "rb_ScNup133C_490_881_renamed_relative_3CQC_1.pdb_13": [{"rot": [[0.26154479829842525, -0.951387117453493, -0.1626556830441837], [0.8339897330265523, 0.3075899997691899, -0.4580933499280363], [0.48585537322266653, -0.015841236868492065, 0.873895652538185]], "trans": [378.6654905316376, 576.0525635695925, -208.12840548138405]}], "rb_ScNup133C_490_881_renamed_relative_3CQC_1.pdb_14": [{"rot": [[0.7829791052154158, -0.4579437060427247, -0.42098845933341433], [0.43337152846704197, 0.8870876933066052, -0.15894823905317917], [0.4462430269597578, -0.05799126209888268, 0.8930308921924102]], "trans": [354.7325735996898, 267.145868374267, -204.67658857433474]}], "rb_ScNup84_506-726_ScNup133C_882_1155_renamed_relative_3CQC_new_1.pdb_14": [{"rot": [[0.9839045733055295, 0.14683391339296226, 0.10184101583435233], [-0.16434510251898898, 0.9673191462099006, 0.19309157582290648], [-0.07016037276474336, -0.20672075670686363, 0.9758811663517516]], "trans": [-64.62509789569754, 52.10127873397022, 108.0063695784867]}], "rb_ScNup84_506-726_ScNup133C_882_1155_renamed_relative_3CQC_new_1.pdb_15": [{"rot": [[0.5802826988384033, 0.7819600458968775, 0.22761914693138824], [-0.8136699975141982, 0.5686010333433609, 0.12097107102984399], [-0.034829937899230404, -0.25540429029641654, 0.9662067707919046]], "trans": [-322.6653080907971, 227.28429520567357, 127.76266232283899]}], "rb_ScNup84_506-726_ScNup133C_882_1155_renamed_relative_3CQC_new_1.pdb_16": [{"rot": [[-0.16293068687115514, 0.950173083199656, 0.2657530869784088], [-0.9863143976524804, -0.16375058052831754, -0.019226449491886566], [0.025248767477218603, -0.26524867452920314, 0.9638493867826978]], "trans": [-381.70808105007336, 534.1515485931643, 131.01692112533468]}], "rb_ScNup84_506-726_ScNup133C_882_1155_renamed_relative_3CQC_new_1.pdb_17": [{"rot": [[-0.8103507031657478, 0.552931456245504, 0.19390343620731482], [-0.5811407790467878, -0.8007137938413498, -0.14537130143561594], [0.07488079064533397, -0.2304869303158394, 0.9701900031158386]], "trans": [-207.16341453161988, 792.9359918289571, 115.8867601956095]}], "rb_ScNup84_506-726_ScNup133C_882_1155_renamed_relative_3CQC_new_1.pdb_18": [{"rot": [[-0.9827095758777729, -0.1770550887888957, 0.05416073311988905], [0.16449443957564197, -0.9691465750556542, -0.1835660518902952], [0.08499099262170708, -0.1714829775571072, 0.9815141973406831]], "trans": [98.71987807751918, 852.0381660000543, 91.25964604275191]}], "rb_ScNup84_506-726_ScNup133C_882_1155_renamed_relative_3CQC_new_1.pdb_19": [{"rot": [[-0.5790370471124209, -0.8121501410121071, -0.07161177644314105], [0.8137876336892075, -0.5703786260336762, -0.11143567749359176], [0.04965667453473069, -0.12280216373480574, 0.9911880968091786]], "trans": [356.7529643517483, 676.8353009315506, 71.5864942810021]}], "rb_ScNup84_506-726_ScNup133C_882_1155_renamed_relative_3CQC_new_1.pdb_20": [{"rot": [[0.1641898239969094, -0.9803060639915365, -0.10973478298736757], [0.9863736951481449, 0.16198616605942828, 0.028764831394626406], [-0.010422821866359358, -0.11296239598551405, 0.9935445948106977]], "trans": [415.7783374243712, 369.9638221361529, 68.41611950501942]}], "rb_ScNup84_506-726_ScNup133C_882_1155_renamed_relative_3CQC_new_1.pdb_21": [{"rot": [[0.8115782568554897, -0.5830147470473207, -0.037875291744790436], [0.5811492756863424, 0.7989181796719502, 0.15490403984046586], [-0.06005208046890529, -0.14772794899749253, 0.9872032215893289]], "trans": [241.22001483094914, 111.1934855752354, 83.6297768620455]}], "rb_4XMM.renamed.noAb_Nup145c_149-550_Sec13_Nup84_7-436_3IKO_updated_1.pdb_21": [{"rot": [[0.9996073381071567, -0.021546640694937193, 0.017914013427747875], [0.02158967789569326, 0.99976446759641, -0.0022124963342074156], [-0.017862122233555242, 0.002598385350933115, 0.9998370832205031]], "trans": [2.9707892097677586, -11.263126522453888, 8.211644389735454]}], "rb_4XMM.renamed.noAb_Nup145c_149-550_Sec13_Nup84_7-436_3IKO_updated_1.pdb_22": [{"rot": [[0.723531028245139, 0.6895996447420851, 0.03090600488778532], [-0.6902499513145584, 0.7222682543775847, 0.043400154707194154], [0.007606305067746814, -0.052734226930415566, 0.9985796139683953]], "trans": [-321.3878363452028, 129.0921025807336, 33.42337911579182]}], "rb_4XMM.renamed.noAb_Nup145c_149-550_Sec13_Nup84_7-436_3IKO_updated_1.pdb_23": [{"rot": [[0.026472850340517773, 0.9970353009751066, 0.0722481612522293], [-0.9975560627589609, 0.02167338564287119, 0.06642413723652331], [0.06466134740082086, -0.07383002752440883, 0.9951723655669185]], "trans": [-451.8919013564536, 458.38568693808634, 42.264430695832914]}], "rb_4XMM.renamed.noAb_Nup145c_149-550_Sec13_Nup84_7-436_3IKO_updated_1.pdb_24": [{"rot": [[-0.6832206864698708, 0.7206601857400712, 0.11772166439838377], [-0.7203044033372128, -0.6916017861152857, 0.053371677649945375], [0.11987935649085524, -0.048330798992297065, 0.9916113521718606]], "trans": [-312.0883710938142, 783.7129185887072, 29.579591356629862]}], "rb_4XMM.renamed.noAb_Nup145c_149-550_Sec13_Nup84_7-436_3IKO_updated_1.pdb_25": [{"rot": [[-0.9898011016436324, 0.02237873843078706, 0.14068749500683705], [-0.020912904386971472, -0.9997106081010361, 0.011889090812957866], [0.14091284403897955, 0.00882565105268637, 0.9899826656403349]], "trans": [16.125788524348934, 914.4926349128752, 2.823823740509056]}], "rb_4XMM.renamed.noAb_Nup145c_149-550_Sec13_Nup84_7-436_3IKO_updated_1.pdb_26": [{"rot": [[-0.713669265188124, -0.6887459233505597, 0.12769194568894573], [0.690905032586576, -0.722158588060738, -0.03372253900085751], [0.11544009646732831, 0.0641562682682445, 0.9912404135069895]], "trans": [340.4800083133285, 774.1123508890727, -22.304961325496095]}], "rb_4XMM.renamed.noAb_Nup145c_149-550_Sec13_Nup84_7-436_3IKO_updated_1.pdb_27": [{"rot": [[-0.01658710035787586, -0.9961269458747255, 0.08634799247237583], [0.9981564234714146, -0.021539612817479903, -0.05674327592258738], [0.05838340846911545, 0.0852475969278007, 0.9946477893372929]], "trans": [470.9649262655054, 444.8089330556269, -31.061962332663597]}], "rb_4XMM.renamed.noAb_Nup145c_149-550_Sec13_Nup84_7-436_3IKO_updated_1.pdb_28": [{"rot": [[0.6930848318310279, -0.7196961920746364, 0.04087550610113437], [0.7208490712425947, 0.6917138432036858, -0.04368724767109175], [0.0031673923729948865, 0.05974403931485281, 0.9982087043258543]], "trans": [331.1425509464153, 119.49308355274195, -18.29319971609408]}], "rb_4XMM.renamed.noAb_Seh1_Nup85_47_544_3F3F_1.pdb_28": [{"rot": [[0.6584692684258462, -0.7246862852859609, 0.20309606214094775], [0.27332140522167025, 0.48169376468717595, 0.8326262826197242], [-0.7012229545489624, -0.4927483180893916, 0.515252814678089]], "trans": [483.88170551070806, -90.25145366792367, 738.8416740827822]}], "rb_4XMM.renamed.noAb_Seh1_Nup85_47_544_3F3F_1.pdb_29": [{"rot": [[0.6456428058408142, -0.18391259247353375, 0.7411622802029647], [-0.31118968997029295, 0.8229564351843491, 0.47529325962489155], [-0.697356683571748, -0.5375117339354794, 0.4741041992637071]], "trans": [-21.691995995966067, -223.60551931948493, 779.8290974186511]}], "rb_4XMM.renamed.noAb_Seh1_Nup85_47_544_3F3F_1.pdb_30": [{"rot": [[0.2245517509432405, 0.4391663216199446, 0.8698904833961143], [-0.715235070163118, 0.6805671036381203, -0.15895663513792954], [-0.6618272475178684, -0.5864821901817825, 0.46692968961343084]], "trans": [-473.3173914679997, 40.77077635496223, 814.581360695455]}], "rb_4XMM.renamed.noAb_Seh1_Nup85_47_544_3F3F_1.pdb_31": [{"rot": [[-0.3581228189240017, 0.779542043705826, 0.5138698752221845], [-0.7021192545999875, 0.13793944815784542, -0.698570870393162], [-0.6154482909927345, -0.6109721030757836, 0.4979322146409784]], "trans": [-606.4240429805363, 548.002188438737, 822.7641029799163]}], "rb_4XMM.renamed.noAb_Seh1_Nup85_47_544_3F3F_1.pdb_32": [{"rot": [[-0.7610419250212479, 0.6378176764885198, -0.11833765215996123], [-0.2795256729707827, -0.4870475996261889, -0.8274358185675742], [-0.5853892606720568, -0.5966349363364053, 0.5489500580496092]], "trans": [-343.0342839344812, 1000.9455205654334, 799.6077633663183]}], "rb_4XMM.renamed.noAb_Seh1_Nup85_47_544_3F3F_1.pdb_33": [{"rot": [[-0.7481698738373344, 0.09701735259750181, -0.6563760150837258], [0.30498439603660715, -0.8282678148047208, -0.47006057602482587], [-0.5892591603500156, -0.5518696043936259, 0.5900962478189551]], "trans": [162.5563643646471, 1134.2602990694286, 758.7016570058813]}], "rb_4XMM.renamed.noAb_Seh1_Nup85_47_544_3F3F_1.pdb_34": [{"rot": [[-0.3270472944517202, -0.5260504729473028, -0.7850547542074511], [0.7089967124056802, -0.685829584121133, 0.16419940116262088], [-0.6247909482296774, -0.5029002698907062, 0.5972667658208581]], "trans": [614.1676846543428, 869.8489637598855, 724.0331626818356]}], "rb_4XMM.renamed.noAb_Seh1_Nup85_47_544_3F3F_1.pdb_35": [{"rot": [[0.25562626830313334, -0.8663838826854071, -0.4289920497822367], [0.6958351646337724, -0.14317523148892347, 0.7037856752926817], [-0.6711696019729269, -0.47841385944707304, 0.5662610215054988]], "trans": [747.2413111285489, 362.6075198561417, 715.9355780961639]}], "rb_4XMM.renamed.noAb_Nup120_715-1036_Nup85_553-744_Nup145c_92-99_554-712_remaining_updated_1.pdb_35": [{"rot": [[0.9991265476064796, -0.04004429465290727, -0.011941370679690545], [0.03850817834283903, 0.9932978127851676, -0.10897970139856085], [0.01622535265178336, 0.10842467238573757, 0.9939722472732185]], "trans": [23.949851925229154, 15.549696342182642, -62.923897175531124]}], "rb_4XMM.renamed.noAb_Nup120_715-1036_Nup85_553-744_Nup145c_92-99_554-712_remaining_updated_1.pdb_36": [{"rot": [[0.7357914190926081, 0.6740190374389312, -0.06564544736372369], [-0.6759846291806062, 0.7368276661234651, -0.011391731501701634], [0.04069113787110359, 0.05275725168112074, 0.9977779831675034]], "trans": [-289.0184144373434, 129.16881295224377, -38.48996079443128]}], "rb_4XMM.renamed.noAb_Nup120_715-1036_Nup85_553-744_Nup145c_92-99_554-712_remaining_updated_1.pdb_37": [{"rot": [[0.045875715548272744, 0.9983392509659024, -0.03484478015105644], [-0.9942040785701924, 0.049025211831286386, 0.0956806080629336], [0.09722997931363134, 0.030253406184081066, 0.9948020217796767]], "trans": [-430.31143393320843, 431.48498195670385, -28.657704871789917]}], "rb_4XMM.renamed.noAb_Nup120_715-1036_Nup85_553-744_Nup145c_92-99_554-712_remaining_updated_1.pdb_38": [{"rot": [[-0.6664582160788348, 0.7429249919288962, 0.06241716581572295], [-0.729732729479264, -0.6671851743524044, 0.14951283105839372], [0.15272062646466955, 0.05409620589100595, 0.986787723251783]], "trans": [-317.15585017085004, 745.3972456899463, -39.16299866071205]}], "rb_4XMM.renamed.noAb_Nup120_715-1036_Nup85_553-744_Nup145c_92-99_554-712_remaining_updated_1.pdb_39": [{"rot": [[-0.9839151147331194, 0.057401534612842836, 0.16916297119583704], [-0.03750162725130872, -0.9922373496347563, 0.11856926221959388], [0.17465587580501515, 0.11031820255010286, 0.9784299766630712]], "trans": [-15.837886272724461, 887.0114906892985, -63.82768803381839]}], "rb_4XMM.renamed.noAb_Nup120_715-1036_Nup85_553-744_Nup145c_92-99_554-712_remaining_updated_1.pdb_40": [{"rot": [[-0.7205242530406298, -0.656641813805765, 0.22285943808175906], [0.6769704879699956, -0.7357111664996959, 0.020977080476623736], [0.15018574898407805, 0.16598375778831992, 0.9746248678094356]], "trans": [297.1280592656188, 773.3682122684647, -88.17884528303637]}], "rb_4XMM.renamed.noAb_Nup120_715-1036_Nup85_553-744_Nup145c_92-99_554-712_remaining_updated_1.pdb_41": [{"rot": [[-0.03058371159197687, -0.9809083918120942, 0.19205041905153286], [0.9951357770311842, -0.04788328004692449, -0.08609283805572224], [0.09364519132235131, 0.18848320446278075, 0.9776014831093709]], "trans": [438.40403606724993, 471.04136209177534, -97.92721423927037]}], "rb_4XMM.renamed.noAb_Nup120_715-1036_Nup85_553-744_Nup145c_92-99_554-712_remaining_updated_1.pdb_42": [{"rot": [[0.6817296122705845, -0.7254382658512878, 0.09478427186023332], [0.7306085274696376, 0.6683070354663261, -0.1399174254153445], [0.03815645871993757, 0.16463604946938812, 0.9856160793498991]], "trans": [325.2304982697649, 157.13838859650127, -87.33805801476967]}], "rb_4XMM.renamed.noAb_Nup120_2-711_3F7F_updated_1.pdb_42": [{"rot": [[-0.5848052692474991, 0.8101779402720746, 0.040180868045143536], [0.3987234444839891, 0.2439645082293917, 0.8840254145346822], [0.7064151837830114, 0.5330037746779024, -0.4657086689121477]], "trans": [460.77779905639045, -48.887377892125755, -297.05259220877963]}], "rb_4XMM.renamed.noAb_Nup120_2-711_3F7F_updated_1.pdb_43": [{"rot": [[-0.11953199678399679, 0.7568985973723888, 0.642508066128779], [0.7347758362754128, -0.36777633884703825, 0.5699517830571624], [0.6676949694063905, 0.5402268763028931, -0.5121897597076892]], "trans": [-29.388691092211047, -237.74081210990263, -257.0231883850179]}], "rb_4XMM.renamed.noAb_Nup120_2-711_3F7F_updated_1.pdb_44": [{"rot": [[0.4464677724109179, 0.287998463937504, 0.8471855835459389], [0.6422603714258148, -0.7623727919679422, -0.07930536780685854], [0.623031414532533, 0.5795210184597666, -0.5253448825951843]], "trans": [-509.2366862178424, -23.521738538817246, -219.77737059039623]}], "rb_4XMM.renamed.noAb_Nup120_2-711_3F7F_updated_1.pdb_45": [{"rot": [[0.7816233929461187, -0.32183415037454255, 0.5343104446406555], [0.1753739137121447, -0.7086646850851057, -0.68340204455541], [0.5985890593626682, 0.6278671386256217, -0.4974675810999063]], "trans": [-697.6625515799144, 468.2774058294307, -207.11025915384795]}], "rb_4XMM.renamed.noAb_Nup120_2-711_3F7F_updated_1.pdb_46": [{"rot": [[0.6895959766178354, -0.7153507014598924, -0.11283068267689739], [-0.39237486683787604, -0.23811498449480173, -0.8884498961860487], [0.6086865801925108, 0.6569433979270067, -0.44488877150773987]], "trans": [-484.2818451053598, 949.5538646511651, -226.41842165998827]}], "rb_4XMM.renamed.noAb_Nup120_2-711_3F7F_updated_1.pdb_47": [{"rot": [[0.22429648149774686, -0.6620236451093775, -0.715133401334202], [-0.7283907293202396, 0.373621660446391, -0.5743290000388384], [0.6474087069448952, 0.6497165136899135, -0.3984098618389914]], "trans": [5.905920024329532, 1138.3692191457244, -266.36685936644176]}], "rb_4XMM.renamed.noAb_Nup120_2-711_3F7F_updated_1.pdb_48": [{"rot": [[-0.3416960874499181, -0.19309272284462395, -0.9197602862734766], [-0.6358308436691165, 0.7681812976452289, 0.07494419381854933], [0.6920714717862875, 0.6104200965994993, -0.38525885273023974]], "trans": [485.74375268795757, 924.1128891488768, -303.52920929060997]}], "rb_4XMM.renamed.noAb_Nup120_2-711_3F7F_updated_1.pdb_49": [{"rot": [[-0.6768153028403951, 0.41673571914567153, -0.6068380230582165], [-0.1689180959933224, 0.7144253283397478, 0.6790162936724233], [0.7165107973276156, 0.5620745418668096, -0.4131397907466202]], "trans": [674.1377981369942, 432.2993705822083, -316.1112379565948]}]}
