{"rb_ScNup133N_56-480_renamed_1.pdb_0": [{"rot": [[-0.6623257674026385, -0.40114291662165474, 0.6327787435421446], [0.40631510296026213, -0.9019167905515122, -0.14647231829819674], [0.6294701064712245, 0.16009516971329535, 0.7603531559042637]], "trans": [908.8154309532571, 173.84308081978958, -317.7360831976601]}], "rb_ScNup133N_56-480_renamed_1.pdb_1": [{"rot": [[-0.1706586231738466, -0.9170641428734514, 0.3603734066106793], [0.7903455747696264, -0.34581282709875494, -0.5057344768315015], [0.5884127010682833, 0.1985115776717962, 0.7838135280484628]], "trans": [444.857787260741, -397.20024060859225, -277.9361524493011]}], "rb_ScNup133N_56-480_renamed_1.pdb_2": [{"rot": [[0.44783071637650435, -0.890015389320088, -0.0855584960311688], [0.7130193344176656, 0.4132236042516782, -0.5664359466310711], [0.5394914996700988, 0.19266255386727588, 0.8196524032302004]], "trans": [-285.8541043384445, -471.71184143127374, -219.29011767605067]}], "rb_ScNup133N_56-480_renamed_1.pdb_3": [{"rot": [[0.8308224754401308, -0.3358421971805504, -0.4437837681759776], [0.2196351838025482, 0.9305382596010212, -0.2930169507975937], [0.5113652318446673, 0.14597453891565776, 0.8468748630398748]], "trans": [-855.2570013685611, -6.041658477577585, -176.12964805598256]}], "rb_ScNup133N_56-480_renamed_1.pdb_4": [{"rot": [[0.753954681373758, 0.4208129637478113, -0.504448994424981], [-0.40077548492886694, 0.9030809197089887, 0.1543498077018384], [0.5205106618645028, 0.08579803027661084, 0.8495336066842955]], "trans": [-929.784744829255, 727.014265923821, -173.71475035396776]}], "rb_ScNup133N_56-480_renamed_1.pdb_5": [{"rot": [[0.26225757177736325, 0.9366908313553935, -0.23201562986182286], [-0.7847673542432875, 0.346936481432826, 0.513590573866963], [0.5615702678734222, 0.04738527519966049, 0.8260711046482747]], "trans": [-465.776018420805, 1298.0215519652281, -213.43610079271753]}], "rb_ScNup133N_56-480_renamed_1.pdb_6": [{"rot": [[-0.3562257536182397, 0.9095828769197418, 0.21392101924195853], [-0.7073925728109689, -0.412097801648711, 0.5742570415834474], [0.6104907537309561, 0.053239007228730706, 0.7902320214457927]], "trans": [264.9482367429403, 1372.4761970760337, -272.0003673129847]}], "rb_ScNup133N_56-480_renamed_1.pdb_7": [{"rot": [[-0.739179042181419, 0.35536932237141833, 0.5721249761346154], [-0.21397837857938135, -0.9293689441230668, 0.30080993866578015], [0.6386138090429099, 0.09993002760357074, 0.7630113973479365]], "trans": [834.321362114325, 906.7617371350118, -315.0757719298517]}], "rb_ScNup133C_490_881_renamed_relative_3CQC_1.pdb_7": [{"rot": [[0.8152233512988625, 0.3116580598242673, -0.48813946904918787], [-0.25309208717443454, 0.9498315593322302, 0.18375093008251825], [0.5209177314190198, -0.02625381197227425, 0.8532030558139045]], "trans": [175.93064097952185, 98.70679454970949, -238.80013252999163]}], "rb_ScNup133C_490_881_renamed_relative_3CQC_1.pdb_8": [{"rot": [[0.40981681978433215, 0.8900498954326526, -0.19965309379565924], [-0.7234969472309836, 0.45046819679518957, 0.5230970952161134], [0.5555198840449381, -0.06992558413350897, 0.8285578260533684]], "trans": [-126.12485383705331, 70.72828949250305, -214.54707232086287]}], "rb_ScNup133C_490_881_renamed_relative_3CQC_1.pdb_9": [{"rot": [[-0.20853940996579656, 0.9471868245354708, 0.24361534007021454], [-0.7684112058641722, -0.3127766994974708, 0.5583143871993943], [0.6050252335179779, -0.07076620434838712, 0.79305523838421]], "trans": [-359.5097836785217, 265.2194571235848, -196.84990135991387]}], "rb_ScNup133C_490_881_renamed_relative_3CQC_1.pdb_10": [{"rot": [[-0.6776035397410588, 0.4495972284335907, 0.5819929339048874], [-0.3615234570756319, -0.8927835075444729, 0.268772019824738], [0.6404328480914051, -0.028283225442288173, 0.7674932092495084]], "trans": [-387.5020525769766, 568.244745914383, -196.05186702499287]}], "rb_ScNup133C_490_881_renamed_relative_3CQC_1.pdb_11": [{"rot": [[-0.7225911885148758, -0.3112238914632012, 0.6172533221159346], [0.2588057187770524, -0.9497760610958891, -0.17591200555240172], [0.6410004479007401, 0.03263622453159257, 0.766846335740982]], "trans": [-193.70148138144816, 802.2877858298554, -212.5964641805935]}], "rb_ScNup133C_490_881_renamed_relative_3CQC_1.pdb_12": [{"rot": [[-0.3171479573096987, -0.8895767955415735, 0.3287404721178514], [0.7291787438379987, -0.4503673186862954, -0.5152355168213385], [0.6063955249745174, 0.07630467281431114, 0.7914935654808428]], "trans": [108.36273605293343, 830.2429808758347, -236.76762963295903]}], "rb_ScNup133C_490_881_renamed_relative_3CQC_1.pdb_13": [{"rot": [[0.30121179228492007, -0.9466541978164689, -0.11453072052930041], [0.7740444677668517, 0.3128820367175003, -0.5504180166192207], [0.5568901310923315, 0.07714052667673013, 0.8269962037615404]], "trans": [341.7390353869054, 635.7339004213163, -254.38154894547398]}], "rb_ScNup133C_490_881_renamed_relative_3CQC_1.pdb_14": [{"rot": [[0.7702442000839836, -0.4490193512438809, -0.45288574104900287], [0.3671199168793815, 0.8928497709040436, -0.2608491004912016], [0.5214852240164205, 0.03465413114070527, 0.8525563044910421]], "trans": [369.7142032040699, 332.7068231697706, -255.09573492741822]}], "rb_ScNup84_506-726_ScNup133C_882_1155_renamed_relative_3CQC_new_1.pdb_14": [{"rot": [[0.9828180040109593, 0.16529711276857076, 0.08213181784356935], [-0.18051411670983555, 0.953633040092585, 0.24082914797059563], [-0.03851525230843907, -0.2515171750679257, 0.9670861833288016]], "trans": [-65.44539589770841, 51.151177676042636, 108.54586846835667]}], "rb_ScNup84_506-726_ScNup133C_882_1155_renamed_relative_3CQC_new_1.pdb_15": [{"rot": [[0.5687389895319723, 0.7845152395778429, 0.24712709413633988], [-0.8225145981867098, 0.5433311581304248, 0.1681100484040346], [-0.002386955363370094, -0.2988763815940823, 0.9542888509090537]], "trans": [-323.9059978579969, 227.2216699931791, 128.3313510504173]}], "rb_ScNup84_506-726_ScNup133C_882_1155_renamed_relative_3CQC_new_1.pdb_16": [{"rot": [[-0.1767084935134473, 0.9333101665797202, 0.31257997581282], [-0.9825641357466531, -0.18592366877397726, -0.00032944507501544984], [0.057808541450559026, -0.30718808952913457, 0.9498913886265102]], "trans": [-382.62056586969305, 535.0144156586473, 131.554946929379]}], "rb_ScNup84_506-726_ScNup133C_882_1155_renamed_relative_3CQC_new_1.pdb_17": [{"rot": [[-0.8168307987477819, 0.5245157275280322, 0.240147241901296], [-0.5669034535885705, -0.8069236805269634, -0.1658151021896688], [0.10680786734324361, -0.27158318316964686, 0.9564698918905027]], "trans": [-207.1913647768725, 794.2202011790813, 116.35223308783071]}], "rb_ScNup84_506-726_ScNup133C_882_1155_renamed_relative_3CQC_new_1.pdb_18": [{"rot": [[-0.9766352540402545, -0.2023905311791512, 0.07226100922868692], [0.1809675598637139, -0.9558783141434688, -0.23140309165439632], [0.11590652631625398, -0.21291951869018688, 0.9701705807320888]], "trans": [99.61461920781892, 852.9927393902146, 91.65317855360303]}], "rb_ScNup84_506-726_ScNup133C_882_1155_renamed_relative_3CQC_new_1.pdb_19": [{"rot": [[-0.5625061562377153, -0.8215766738129144, -0.09272859990951225], [0.8229355199485626, -0.5455278449906107, -0.15867104445010916], [0.07977439565210905, -0.16556309790049134, 0.9829673984481542]], "trans": [358.0680280410383, 676.9023655103562, 71.95084263070214]}], "rb_ScNup84_506-726_ScNup133C_882_1155_renamed_relative_3CQC_new_1.pdb_20": [{"rot": [[0.1829538299468293, -0.970314727493788, -0.1581683461266556], [0.9829265439000343, 0.18373863616025166, 0.009773580649055619], [0.01957818695690737, -0.157255979824697, 0.9873637887854981]], "trans": [416.76512397448545, 369.1054202277779, 68.81113640688625]}], "rb_ScNup84_506-726_ScNup133C_882_1155_renamed_relative_3CQC_new_1.pdb_21": [{"rot": [[0.823043733620668, -0.5614718431689596, -0.08572270338831894], [0.5672156340139192, 0.8047065419935588, 0.17525354719079342], [-0.02941831194915934, -0.19286459136196907, 0.9807842842954011]], "trans": [241.32223392055795, 109.91381082112264, 84.09734895911112]}], "rb_4XMM.renamed.noAb_Nup145c_149-550_Sec13_Nup84_7-436_3IKO_updated_1.pdb_21": [{"rot": [[0.9993535354170324, -0.020763958618710915, -0.02934909320507211], [0.02102966707473887, 0.9997403525346888, 0.008773859842906805], [0.029159292724707724, -0.009385389512310584, 0.999530714941516]], "trans": [17.442518063117575, -13.254991875168457, -11.034416118459205]}], "rb_4XMM.renamed.noAb_Nup145c_149-550_Sec13_Nup84_7-436_3IKO_updated_1.pdb_22": [{"rot": [[0.7238858621159003, 0.6899006126516706, 0.005138413332027532], [-0.6877586706351099, 0.7210093413705683, 0.08446029021147829], [0.05456436194942181, -0.06467359831670404, 0.9964135968993113]], "trans": [-312.91293977805196, 116.37594622374807, 14.707482013218794]}], "rb_4XMM.renamed.noAb_Nup145c_149-550_Sec13_Nup84_7-436_3IKO_updated_1.pdb_23": [{"rot": [[0.029409048626316103, 0.9961251195193703, 0.08288458313471753], [-0.9933398087951588, 0.019883399563383364, 0.11349306007241615], [0.11140526074514251, -0.08567027888552582, 0.9900754876240416]], "trans": [-455.2184444735571, 442.3432739964854, 24.50536522001147]}], "rb_4XMM.renamed.noAb_Nup145c_149-550_Sec13_Nup84_7-436_3IKO_updated_1.pdb_24": [{"rot": [[-0.6772425955864506, 0.7185189280957432, 0.15834461371158787], [-0.7167000079772031, -0.6929080103004363, 0.07886436347912802], [0.16638378914066365, -0.060075279688364194, 0.9842293408965008]], "trans": [-326.1075115258917, 773.6908514896311, 12.643500270413256]}], "rb_4XMM.renamed.noAb_Nup145c_149-550_Sec13_Nup84_7-436_3IKO_updated_1.pdb_25": [{"rot": [[-0.9821025735543785, 0.019707659564049122, 0.1873129551642767], [-0.019898764121592992, -0.9998016299637869, 0.0008601791605840072], [0.18729275000463846, -0.002882512144405067, 0.9822999119003512]], "trans": [-1.2132325806883273, 916.3107126020377, -13.905260194619018]}], "rb_4XMM.renamed.noAb_Nup145c_149-550_Sec13_Nup84_7-436_3IKO_updated_1.pdb_26": [{"rot": [[-0.706579611658166, -0.6909351917309592, 0.15281954461618458], [0.6888679292235167, -0.7210148498278405, -0.07482354185041389], [0.16188337924660245, 0.052403694101077904, 0.9854174873464857]], "trans": [329.1386560858834, 786.6542485491951, -39.564273055960314]}], "rb_4XMM.renamed.noAb_Nup145c_149-550_Sec13_Nup84_7-436_3IKO_updated_1.pdb_27": [{"rot": [[-0.012078945850377276, -0.9971050234364628, 0.07507110832347248], [0.9943945494861849, -0.01986489658983437, -0.10385020864515687], [0.10504084452874075, 0.07339589989397277, 0.9917557475807451]], "trans": [471.4252734705792, 460.67616092458127, -49.27812188616906]}], "rb_4XMM.renamed.noAb_Nup145c_149-550_Sec13_Nup84_7-436_3IKO_updated_1.pdb_28": [{"rot": [[0.6945511413793974, -0.7194432311447508, -0.0003862234806371115], [0.7176992945911947, 0.692904700929067, -0.06921559053928271], [0.05006430416851623, 0.04779657509070001, 0.9976016503884311]], "trans": [342.29502620740334, 129.33912654490985, -37.33229217405386]}], "rb_4XMM.renamed.noAb_Seh1_Nup85_47_544_3F3F_1.pdb_28": [{"rot": [[0.645890321998833, -0.7413090664218496, 0.18244604678920362], [0.20628716801551011, 0.3995616308227769, 0.8931943279524239], [-0.7350314933799662, -0.5392692937809527, 0.41099553832688757]], "trans": [506.1746331041754, -33.585706390440464, 810.942790167266]}], "rb_4XMM.renamed.noAb_Seh1_Nup85_47_544_3F3F_1.pdb_29": [{"rot": [[0.588798257584604, -0.2545191582328858, 0.7671613975935938], [-0.3516717439389165, 0.7739163841392762, 0.5266691702347385], [-0.7277661687522263, -0.5798908763320992, 0.3661734222557593]], "trans": [35.48653022795918, -195.09546648789137, 849.2866060280954]}], "rb_4XMM.renamed.noAb_Seh1_Nup85_47_544_3F3F_1.pdb_30": [{"rot": [[0.1551116676656504, 0.3536998381994391, 0.9224081499052732], [-0.7055494988468596, 0.6932108477054693, -0.14716869674087446], [-0.6914768797515385, -0.6279770259182678, 0.35707783421534445]], "trans": [-411.3087330067846, 24.63356207313408, 883.8711078944027]}], "rb_4XMM.renamed.noAb_Seh1_Nup85_47_544_3F3F_1.pdb_31": [{"rot": [[-0.4011097284025869, 0.72704465887722, 0.5572405672408534], [-0.6480395182069026, 0.20472346271234448, -0.7335755493861768], [-0.6474224035534812, -0.6553581980971722, 0.38903709792751023]], "trans": [-572.470278244668, 496.8811329774642, 894.4602118326161]}], "rb_4XMM.renamed.noAb_Seh1_Nup85_47_544_3F3F_1.pdb_32": [{"rot": [[-0.7540235940816498, 0.6468046436854406, -0.1144210316119339], [-0.21283195956865872, -0.4053829730389978, -0.8890259850849274], [-0.62141047348299, -0.6459941161318816, 0.4433290260840506]], "trans": [-353.5854865682869, 944.9980772937713, 874.8746763505501]}], "rb_4XMM.renamed.noAb_Seh1_Nup85_47_544_3F3F_1.pdb_33": [{"rot": [[-0.6968880107712374, 0.15998552490766016, -0.6991078116165813], [0.3451224527910115, -0.7796995069846768, -0.5224549467536557], [-0.6286792449435729, -0.6053703912712196, 0.48814864165467753]], "trans": [117.12175812203532, 1106.471287387828, 836.6119891908363]}], "rb_4XMM.renamed.noAb_Seh1_Nup85_47_544_3F3F_1.pdb_34": [{"rot": [[-0.26317380878631436, -0.44822719352652274, -0.8543020129627686], [0.6989661569545991, -0.6989462356761856, 0.15139508270153898], [-0.6649705691239426, -0.5572849743330822, 0.4972399818815384]], "trans": [563.9064282538219, 886.707596809453, 802.1109768967106]}], "rb_4XMM.renamed.noAb_Seh1_Nup85_47_544_3F3F_1.pdb_35": [{"rot": [[0.29304311698010393, -0.8215339253590342, -0.4890886842636607], [0.6414125218268459, -0.2104295640671636, 0.7377732547403886], [-0.709024476611568, -0.5299069805642092, 0.46527721147184065]], "trans": [725.0376777392873, 414.44779096267507, 791.6068238355314]}], "rb_4XMM.renamed.noAb_Nup120_715-1036_Nup85_553-744_Nup145c_92-99_554-712_remaining_updated_1.pdb_35": [{"rot": [[0.9984656868502262, -0.04980271466828288, 0.024206647731062812], [0.04730495021423425, 0.9943873798318315, 0.09463604237505852], [-0.028783916827544262, -0.09334574678502847, 0.9952175931369032]], "trans": [19.721282861130703, -50.69763878250603, 67.36388797504603]}], "rb_4XMM.renamed.noAb_Nup120_715-1036_Nup85_553-744_Nup145c_92-99_554-712_remaining_updated_1.pdb_36": [{"rot": [[0.7406347512477041, 0.6638802143353191, 0.10355301182651525], [-0.6718911778035594, 0.732853677457526, 0.10718084076329203], [-0.004733965990290349, -0.1489582104184638, 0.9888321602349568]], "trans": [-336.14424866979937, 92.80994065408082, 95.07158052640159]}], "rb_4XMM.renamed.noAb_Nup120_715-1036_Nup85_553-744_Nup145c_92-99_554-712_remaining_updated_1.pdb_37": [{"rot": [[0.05129718846654757, 0.9843620762359717, 0.16852270269561234], [-0.9973394525297072, 0.04174204357547534, 0.059763017208688464], [0.05179396570229359, -0.17114001480235233, 0.9838843836804605]], "trans": [-486.7131662784505, 446.6812463976362, 105.39234288050494]}], "rb_4XMM.renamed.noAb_Nup120_715-1036_Nup85_553-744_Nup145c_92-99_554-712_remaining_updated_1.pdb_38": [{"rot": [[-0.6657233375564064, 0.7239000775380207, 0.18105555935459586], [-0.7383876858089591, -0.6740845820121775, -0.01983939865915328], [0.10768501882085504, -0.14689674616517034, 0.9832727407426876]], "trans": [-343.7781616686734, 803.6135947533545, 92.30413182875975]}], "rb_4XMM.renamed.noAb_Nup120_715-1036_Nup85_553-744_Nup145c_92-99_554-712_remaining_updated_1.pdb_39": [{"rot": [[-0.9903860926874947, 0.03507652959290704, 0.13380965765935435], [-0.04673347380623942, -0.9952848688807647, -0.08499418923078779], [0.13019742638469176, -0.09043045310466684, 0.9873555404787506]], "trans": [8.929337414823408, 954.5111001035232, 63.49821085024064]}], "rb_4XMM.renamed.noAb_Nup120_715-1036_Nup85_553-744_Nup145c_92-99_554-712_remaining_updated_1.pdb_40": [{"rot": [[-0.7324990572260789, -0.6785860208010953, 0.05446231299017417], [0.6724423937628689, -0.7336951600586237, -0.09753275950680454], [0.10614310261796145, -0.034819886270416926, 0.993741021235788]], "trans": [364.79021817245433, 810.9759929543677, 35.87349951883647]}], "rb_4XMM.renamed.noAb_Nup120_715-1036_Nup85_553-744_Nup145c_92-99_554-712_remaining_updated_1.pdb_41": [{"rot": [[-0.04313609275265595, -0.9990139889812197, -0.010503681348179101], [0.99783655329665, -0.042558395388658354, -0.05010983822567204], [0.04961340954917999, -0.012642499822916528, 0.9986884783510479]], "trans": [515.3380723572443, 457.0932797140533, 25.636948142100096]}], "rb_4XMM.renamed.noAb_Nup120_715-1036_Nup85_553-744_Nup145c_92-99_554-712_remaining_updated_1.pdb_42": [{"rot": [[0.6738642561264434, -0.7384961531531977, -0.023030329851777963], [0.7388285180825651, 0.673247763357083, 0.029493558662932275], [-0.006275761553288283, -0.03689011944426029, 0.9992996216872656]], "trans": [372.38175760226335, 100.17256034019306, 38.80927775308493]}], "rb_4XMM.renamed.noAb_Nup120_2-711_3F7F_updated_1.pdb_42": [{"rot": [[0.9849684979479983, 0.14685146153860232, 0.09094892134620966], [-0.17076136370092757, 0.9071642360719813, 0.3845693766525578], [-0.02603103373018765, -0.39431928311447534, 0.9186047508297693]], "trans": [-102.47161495147986, 44.421459325539445, 276.5678706956767]}], "rb_4XMM.renamed.noAb_Nup120_2-711_3F7F_updated_1.pdb_43": [{"rot": [[0.5773859556339347, 0.7358552596059841, 0.3537548517644614], [-0.816414938280743, 0.5152476241081396, 0.26074227582608467], [0.009597228179892753, -0.4393596735718074, 0.898259968188573]], "trans": [-351.57819252683385, 258.2357533293314, 295.42413819576564]}], "rb_4XMM.renamed.noAb_Nup120_2-711_3F7F_updated_1.pdb_44": [{"rot": [[-0.16604118331900736, 0.8762372450208706, 0.4523699988728881], [-0.98365485803909, -0.17957945133848768, -0.013203821911238534], [0.06966667566433571, -0.4471683252369299, 0.8917326074595893]], "trans": [-377.07067994526966, 586.0712344279086, 295.9022111669111]}], "rb_4XMM.renamed.noAb_Nup120_2-711_3F7F_updated_1.pdb_45": [{"rot": [[-0.8098028185895354, 0.485759671341227, 0.3290242190217991], [-0.5745096198986602, -0.7702774924095032, -0.27678742986491], [0.1189877794075451, -0.4131708198624253, 0.9028464885936426]], "trans": [-164.01330529373098, 835.8773721086212, 277.74603262297353]}], "rb_4XMM.renamed.noAb_Nup120_2-711_3F7F_updated_1.pdb_46": [{"rot": [[-0.9767743071971168, -0.2068301930376222, 0.055975209223458354], [0.17133772669002426, -0.9108072578031267, -0.37559755396679684], [0.12866754140918585, -0.35728337546150424, 0.9250909433166811]], "trans": [162.7838305871918, 861.3143254467457, 251.6157528582956]}], "rb_4XMM.renamed.noAb_Nup120_2-711_3F7F_updated_1.pdb_47": [{"rot": [[-0.5691413968174412, -0.7958034400454596, -0.20682107059122798], [0.8169592896477255, -0.5188444294820818, -0.251749830295264], [0.09303542060405282, -0.3122456449771924, 0.9454348564051366]], "trans": [411.88027099810205, 647.4808853109461, 232.84286309715696]}], "rb_4XMM.renamed.noAb_Nup120_2-711_3F7F_updated_1.pdb_48": [{"rot": [[0.17429880602504094, -0.9361312370623114, -0.3054148542792714], [0.9841408541297845, 0.17599364104728416, 0.02220399837000092], [0.032965215772696205, -0.30444136595919935, 0.9519604767226175]], "trans": [437.3537222257427, 319.6438127794595, 232.44879176056463]}], "rb_4XMM.renamed.noAb_Nup120_2-711_3F7F_updated_1.pdb_49": [{"rot": [[0.8180285479983439, -0.5456075819737679, -0.18204851318386595], [0.5749451024025519, 0.7666610148520742, 0.28577791644790146], [-0.016353100104787147, -0.3384423950965995, 0.9408450038758972]], "trans": [224.2833907045633, 69.8548042391327, 250.68839629508685]}]}
