{"rb_ScNup133N_56-480_renamed_1.pdb_0": [{"rot": [[0.7571481880064664, -0.5645902291850574, -0.32857951017567694], [0.5565811103666104, 0.8208793419359778, -0.12796317269365462], [0.34197088908501333, -0.08599406428073617, 0.935767562980725]], "trans": [364.0607254390029, -250.23185235306494, -169.9349891900245]}], "rb_ScNup133N_56-480_renamed_1.pdb_1": [{"rot": [[0.9359185126430036, 0.1767496795645162, -0.3046573295785732], [-0.12035506522036842, 0.9733932786827952, 0.19498764907285182], [0.3310154014058974, -0.14582549773272707, 0.9322895088131655]], "trans": [-237.3882681301613, -304.62689061475174, -121.68988436648152]}], "rb_ScNup133N_56-480_renamed_1.pdb_2": [{"rot": [[0.5852067349897166, 0.8086546294192193, -0.060089663350193445], [-0.7256384245920536, 0.5553200142141533, 0.4062863012319686], [0.3619142910665962, -0.19415811116730775, 0.9117678837235413]], "trans": [-701.1749129871063, 83.5688016916153, -86.57073404355748]}], "rb_ScNup133N_56-480_renamed_1.pdb_3": [{"rot": [[-0.08953524056803436, 0.9609457908943733, 0.26185230122878367], [-0.9046854413331444, -0.18842723831118907, 0.38215105403788974], [0.41656655282952804, -0.20267797814465147, 0.8862245450442672]], "trans": [-755.6045398436765, 686.944831248884, -85.12682675925379]}], "rb_ScNup133N_56-480_renamed_1.pdb_4": [{"rot": [[-0.693034050886663, 0.5444088542924569, 0.4725704219262926], [-0.5526078484737743, -0.822150851527625, 0.13672067560389214], [0.4629561211570766, -0.16639404045930575, 0.8706231407347376]], "trans": [-368.78959249029174, 1152.0351291355692, -118.1800188586219]}], "rb_ScNup133N_56-480_renamed_1.pdb_5": [{"rot": [[-0.8717515835482917, -0.19694296975432113, 0.44862305251223106], [0.1243423357949782, -0.9746065973100208, -0.18622825781505245], [0.47390733283005065, -0.10656194041086767, 0.8741031934192759]], "trans": [232.6701921619417, 1206.3833578716299, -166.34327945865715]}], "rb_ScNup133N_56-480_renamed_1.pdb_6": [{"rot": [[-0.5209925880025278, -0.8288153296586395, 0.20403889964726502], [0.7295981485308801, -0.5564837501530332, -0.39750770744216524], [0.44300481363833716, -0.05823216584032284, 0.8946260391665364]], "trans": [696.4331050200459, 818.1516755486364, -201.37788649669727]}], "rb_ScNup133N_56-480_renamed_1.pdb_7": [{"rot": [[0.1537633704580833, -0.9810484875882738, -0.1179011912837532], [0.9085922005262804, 0.18727543054662965, -0.37334719264564376], [0.3883516950499626, -0.04971698014091777, 0.9201691055656486]], "trans": [750.8222060139356, 214.77179253329825, -202.73606828071286]}], "rb_ScNup133C_490_881_renamed_relative_3CQC_1.pdb_7": [{"rot": [[0.9895767842498506, 0.08964030342176285, 0.11270494255434939], [-0.10875601583405906, 0.9782042452878781, 0.176885792308695], [-0.09439235717804066, -0.18729941404934286, 0.9777571336498374]], "trans": [-47.4338540083495, 11.542284564614846, 106.95338564444376]}], "rb_ScNup133C_490_881_renamed_relative_3CQC_1.pdb_8": [{"rot": [[0.6230146554802449, 0.7494709154663222, 0.22393321756029116], [-0.7797562742887267, 0.6177245295013418, 0.10196351484579999], [-0.061910352641506836, -0.23813809548751044, 0.9692560836607556]], "trans": [-339.09220024365686, 186.4286178552406, 129.39069549973067]}], "rb_ScNup133C_490_881_renamed_relative_3CQC_1.pdb_9": [{"rot": [[-0.10926273668893716, 0.9621130651945549, 0.24980012840905844], [-0.9940097585242176, -0.10512367993550542, -0.029893341657363237], [-0.0025008658241517934, -0.2515699936374677, 0.9678358765675996]], "trans": [-422.12443997671517, 516.9333595732248, 134.44205580530343]}], "rb_ScNup133C_490_881_renamed_relative_3CQC_1.pdb_10": [{"rot": [[-0.7782769708137592, 0.6029979830413507, 0.17515247400200035], [-0.6260037565012532, -0.7668857097748057, -0.14144117147956498], [0.049033188222653776, -0.21972651317320568, 0.9743284897104603]], "trans": [-247.887203078055, 809.4422886984936, 119.17231337116368]}], "rb_ScNup133C_490_881_renamed_relative_3CQC_1.pdb_11": [{"rot": [[-0.992110075443199, -0.11749965234528438, 0.04371990282269875], [0.10867862691048498, -0.9798920320920758, -0.1673336830865589], [0.06250243400812905, -0.1612620139437637, 0.9849304587644042]], "trans": [81.55079367131162, 892.5996669687432, 92.55070351978554]}], "rb_ScNup133C_490_881_renamed_relative_3CQC_1.pdb_12": [{"rot": [[-0.6254956028385561, -0.7773021671392006, -0.06750253173275789], [0.7796500924867946, -0.6193605398847146, -0.09240267809455445], [0.030016397434777124, -0.11042582394718793, 0.9934310007698676]], "trans": [373.20204003911596, 717.6908464694075, 70.1965455679915]}], "rb_ScNup133C_490_881_renamed_relative_3CQC_1.pdb_13": [{"rot": [[0.10679851968430604, -0.9898879449586637, -0.0933591592654559], [0.9938460949954091, 0.1035043352181651, 0.039456204244961796], [-0.029394143219616746, -0.09699850007375144, 0.9948503783624076]], "trans": [456.215036959788, 387.17999725854565, 65.22922533875635]}], "rb_ScNup133C_490_881_renamed_relative_3CQC_1.pdb_14": [{"rot": [[0.7757840698043672, -0.6307212396975649, -0.018702802788292585], [0.625787596003147, 0.7652381569865581, 0.1509981714472603], [-0.08092565555108545, -0.1288459579737799, 0.9883571001350899]], "trans": [281.9615136932056, 94.68515180203417, 80.5826739627679]}], "rb_ScNup84_506-726_ScNup133C_882_1155_renamed_relative_3CQC_new_1.pdb_14": [{"rot": [[0.9889978096053244, 0.120224735815357, 0.0861936511234755], [-0.13289337365248224, 0.9780201119341533, 0.1606736191525074], [-0.06498218090468748, -0.1703604224884139, 0.9832368191918145]], "trans": [-53.71096636550703, 39.3739378544924, 93.07866716596394]}], "rb_ScNup84_506-726_ScNup133C_882_1155_renamed_relative_3CQC_new_1.pdb_15": [{"rot": [[0.6061690189655373, 0.7713585598310919, 0.19381716286660092], [-0.7947217547231851, 0.5970151964012542, 0.10949971614424361], [-0.03124824820780059, -0.22040605128097576, 0.9749075440997819]], "trans": [-324.19557113806536, 209.73308571703637, 113.85032561293664]}], "rb_ScNup84_506-726_ScNup133C_882_1155_renamed_relative_3CQC_new_1.pdb_16": [{"rot": [[-0.1311496653683567, 0.9633808156925094, 0.23387425944169166], [-0.9909535398763989, -0.13417151708912478, -0.0030142674787664026], [0.02847537673497802, -0.232153845450887, 0.97226217912771]], "trans": [-395.441402960197, 522.0182266349049, 118.05088318741036]}], "rb_ScNup84_506-726_ScNup133C_882_1155_renamed_relative_3CQC_new_1.pdb_17": [{"rot": [[-0.7910265619201134, 0.5838021584021836, 0.18289892886999784], [-0.6066333825012004, -0.7872005420416599, -0.11095605366299438], [0.07920175232905682, -0.1987217815295157, 0.9768504163758841]], "trans": [-225.70973564500483, 793.2884386331028, 103.2435989355834]}], "rb_ScNup84_506-726_ScNup133C_882_1155_renamed_relative_3CQC_new_1.pdb_18": [{"rot": [[-0.9868964804254731, -0.14501488254014455, 0.07075323855257887], [0.13309855029779993, -0.9795182679299044, -0.15109182208253435], [0.0912146525095287, -0.13969483395410254, 0.985984401770179]], "trans": [85.57014021702673, 864.6299234082767, 78.12679365607028]}], "rb_ScNup84_506-726_ScNup133C_882_1155_renamed_relative_3CQC_new_1.pdb_19": [{"rot": [[-0.6040160608581445, -0.7961190082301822, -0.036866284868387854], [0.7948968620666953, -0.5984622592485894, -0.09990947368288511], [0.05747675096878061, -0.0896518208942853, 0.9943133178774222]], "trans": [356.0479976389328, 694.2499500593731, 57.43825092975089]}], "rb_ScNup84_506-726_ScNup133C_882_1155_renamed_relative_3CQC_new_1.pdb_20": [{"rot": [[0.13331794838541472, -0.9880842412705332, -0.07691460713761977], [0.9910707704150711, 0.13273950122704797, 0.012607650172326339], [-0.0022478138662053934, -0.07790864500698907, 0.9969579682042737]], "trans": [427.2760073444361, 381.95962612698395, 53.32161569534196]}], "rb_ScNup84_506-726_ScNup133C_882_1155_renamed_relative_3CQC_new_1.pdb_21": [{"rot": [[0.7931648882807978, -0.6084546414363738, -0.025930856388456852], [0.606698833780341, 0.7857387122655568, 0.12054543183727084], [-0.052971549798730436, -0.11134462430577197, 0.9923690792996942]], "trans": [257.52971027237885, 110.70314345944985, 68.21247581890378]}], "rb_4XMM.renamed.noAb_Nup145c_149-550_Sec13_Nup84_7-436_3IKO_updated_1.pdb_21": [{"rot": [[0.9949754026706835, -0.010689935198643367, 0.09954734233399218], [0.011183597711465623, 0.9999277706497894, -0.0044023431909604996], [-0.0994930913307066, 0.0054935206190293824, 0.995023088178696]], "trans": [-23.819101793882055, -5.791247567919811, 51.53129691620518]}], "rb_4XMM.renamed.noAb_Nup145c_149-550_Sec13_Nup84_7-436_3IKO_updated_1.pdb_22": [{"rot": [[0.7112973119025824, 0.6974687804033102, 0.08714031468201175], [-0.6990455420370199, 0.7148990691472296, -0.015957790905834397], [-0.0734265908123902, -0.049564314734939885, 0.9960682278170138]], "trans": [-335.6663108999694, 154.33699029913078, 75.6495892555734]}], "rb_4XMM.renamed.noAb_Nup145c_149-550_Sec13_Nup84_7-436_3IKO_updated_1.pdb_23": [{"rot": [[0.009997113798125457, 0.9974815286775917, 0.07021864184618667], [-0.9998209673762776, 0.011099337436885126, -0.01532442179096857], [-0.01606520807436612, -0.07005287042996791, 0.9974139082818378]], "trans": [-443.3823569293076, 488.73148999194365, 82.64947625670243]}], "rb_4XMM.renamed.noAb_Nup145c_149-550_Sec13_Nup84_7-436_3IKO_updated_1.pdb_24": [{"rot": [[-0.6980936472603034, 0.7135966115053756, 0.05869527836933026], [-0.7149441932090725, -0.6991756180691077, -0.002873272404355951], [0.038987950079934504, -0.043969661651271974, 0.998271810982779]], "trans": [-283.86374798239734, 801.4993554232026, 68.45433031711116]}], "rb_4XMM.renamed.noAb_Nup145c_149-550_Sec13_Nup84_7-436_3IKO_updated_1.pdb_25": [{"rot": [[-0.9981654193649453, 0.012117816143479144, 0.05932077305561005], [-0.011300050605070033, -0.9998367135584649, 0.014101598382119449], [0.05948196735419241, 0.01340540012534403, 0.9981393644211983]], "trans": [49.44317894653841, 909.4168777915532, 41.40387298095595]}], "rb_4XMM.renamed.noAb_Nup145c_149-550_Sec13_Nup84_7-436_3IKO_updated_1.pdb_26": [{"rot": [[-0.7144319274049151, -0.6960186882340843, 0.0717287022983282], [0.6989068003158948, -0.7147524399720755, 0.025656071916062236], [0.03341115946350373, 0.0684611947227674, 0.9970941576603662]], "trans": [361.2844397741239, 749.2645676517296, 17.36864846839177]}], "rb_4XMM.renamed.noAb_Nup145c_149-550_Sec13_Nup84_7-436_3IKO_updated_1.pdb_27": [{"rot": [[-0.013108251612634791, -0.9959765526382269, 0.08865032619529814], [0.9996271723677232, -0.010929184465103658, 0.025021374683211896], [-0.02395182673137477, 0.08894526137912376, 0.9957484875581932]], "trans": [468.98094028504545, 414.8620232263929, 10.45283509673078]}], "rb_4XMM.renamed.noAb_Nup145c_149-550_Sec13_Nup84_7-436_3IKO_updated_1.pdb_28": [{"rot": [[0.694960310068949, -0.7120362306951133, 0.10017271887277789], [0.7146948314452077, 0.6993234659785637, 0.012569321271803165], [-0.07900294509937798, 0.06285774502177963, 0.9948906666344803]], "trans": [309.44446529861176, 102.10708691096193, 24.731818753247353]}], "rb_4XMM.renamed.noAb_Seh1_Nup85_47_544_3F3F_1.pdb_28": [{"rot": [[0.6938753392787015, -0.6845728667828261, 0.22337637208445812], [0.26533778746011605, 0.5314410754789914, 0.804466433009798], [-0.66942727169323, -0.4989292268032416, 0.5503969063820059]], "trans": [442.19274405200446, -105.67333880292279, 717.0067676256249]}], "rb_4XMM.renamed.noAb_Seh1_Nup85_47_544_3F3F_1.pdb_29": [{"rot": [[0.6657438587416209, -0.12052535608209698, 0.7363822058476869], [-0.33995642126610226, 0.82950624636304, 0.4431128737518787], [-0.6642399763547552, -0.545337533813681, 0.5112653205785143]], "trans": [-62.55097646616025, -206.38712869226052, 757.7692259829472]}], "rb_4XMM.renamed.noAb_Seh1_Nup85_47_544_3F3F_1.pdb_30": [{"rot": [[0.21917666903845243, 0.48856703772043886, 0.8445494878349569], [-0.7478350236982968, 0.6400746787638719, -0.1762021082038979], [-0.6266612841714259, -0.5929642950957549, 0.505656978259193]], "trans": [-490.5813544827367, 80.47120232249193, 790.5314345492551]}], "rb_4XMM.renamed.noAb_Seh1_Nup85_47_544_3F3F_1.pdb_31": [{"rot": [[-0.3842208735053126, 0.7858894021325036, 0.48451229909944943], [-0.7193569834433942, 0.07411805596618254, -0.690675064086592], [-0.5787053228837961, -0.6139090823530904, 0.536857325432327]], "trans": [-591.1502459880207, 586.8561160256052, 796.1248345004512]}], "rb_4XMM.renamed.noAb_Seh1_Nup85_47_544_3F3F_1.pdb_32": [{"rot": [[-0.7909699805621868, 0.5972661038361711, -0.13281449867321382], [-0.2712051380230836, -0.5368182524067596, -0.7989204822714435], [-0.5484653707932136, -0.5959021438888401, 0.5865887587989991]], "trans": [-305.341062977583, 1016.1203067376911, 771.2967381793721]}], "rb_4XMM.renamed.noAb_Seh1_Nup85_47_544_3F3F_1.pdb_33": [{"rot": [[-0.7627912900558442, 0.03319533056193957, -0.6457921630399581], [0.33408684257439597, -0.8348391427081375, -0.4375266705253705], [-0.553656418217666, -0.549492198153194, 0.6257179034798024]], "trans": [199.4170585708453, 1116.7948757097006, 730.6157993882505]}], "rb_4XMM.renamed.noAb_Seh1_Nup85_47_544_3F3F_1.pdb_34": [{"rot": [[-0.3161922762044362, -0.5758823053082432, -0.7539111452296775], [0.7419303814981152, -0.6453597753048507, 0.18179678057803203], [-0.5912374763821403, -0.5018668457383283, 0.6313223547997822]], "trans": [627.4316073039449, 829.9033577215878, 697.9374905733489]}], "rb_4XMM.renamed.noAb_Seh1_Nup85_47_544_3F3F_1.pdb_35": [{"rot": [[0.2872030616317871, -0.8731605366869586, -0.39383382099798525], [0.7134049830526603, -0.07937983528082476, 0.6962414609217304], [-0.6391930315209673, -0.4809256896063407, 0.6001189461529308]], "trans": [727.9675389079928, 323.51096597637184, 692.4292307037774]}], "rb_4XMM.renamed.noAb_Nup120_715-1036_Nup85_553-744_Nup145c_92-99_554-712_remaining_updated_1.pdb_35": [{"rot": [[0.992421278567083, -0.08040326288837978, 0.09292642877124875], [0.07399202792559285, 0.9947639888950321, 0.07049671056937534], [-0.09810803051093302, -0.06308662072536522, 0.9931741502046454]], "trans": [17.230717711528655, -61.10608318984566, 89.31982888291117]}], "rb_4XMM.renamed.noAb_Nup120_715-1036_Nup85_553-744_Nup145c_92-99_554-712_remaining_updated_1.pdb_36": [{"rot": [[0.7537932601538339, 0.6430498984955267, 0.135212976417009], [-0.6527538782993539, 0.7564290391434837, 0.04156300164350156], [-0.07555193784282557, -0.11959070526323594, 0.9899444266739598]], "trans": [-344.81371313515126, 88.47003509685145, 117.49049166260738]}], "rb_4XMM.renamed.noAb_Nup120_715-1036_Nup85_553-744_Nup145c_92-99_554-712_remaining_updated_1.pdb_37": [{"rot": [[0.0727174047177565, 0.986795542563257, 0.14472987331024845], [-0.9971601677511756, 0.07478417585106872, -0.008884080859774726], [-0.019590275688733755, -0.1436728374452283, 0.989431319940336]], "trans": [-495.4757025961837, 451.0137355592749, 127.77647712419315]}], "rb_4XMM.renamed.noAb_Nup120_715-1036_Nup85_553-744_Nup145c_92-99_554-712_remaining_updated_1.pdb_38": [{"rot": [[-0.6518224484571337, 0.7494626242063529, 0.11590198706266125], [-0.7574687799403137, -0.6508534288729438, -0.051291924706170944], [0.03699382520203912, -0.12122536468106737, 0.9919354151631355]], "trans": [-346.4934195719801, 814.1419233955402, 114.17611485306341]}], "rb_4XMM.renamed.noAb_Nup120_715-1036_Nup85_553-744_Nup145c_92-99_554-712_remaining_updated_1.pdb_39": [{"rot": [[-0.9953806373690555, 0.07008411339243824, 0.06561709991128004], [-0.0740943094949394, -0.9953950346910002, -0.06081741701986999], [0.061052600691855696, -0.06539833302536464, 0.9959897780530995]], "trans": [14.85912723095322, 965.1291028588934, 84.68069373394042]}], "rb_4XMM.renamed.noAb_Nup120_715-1036_Nup85_553-744_Nup145c_92-99_554-712_remaining_updated_1.pdb_40": [{"rot": [[-0.7566959307829424, -0.6533504790066932, 0.023332807766292762], [0.6526328432180134, -0.7570033108782418, -0.03188039009406536], [0.03849208087004705, -0.008896004783177102, 0.9992193056627705]], "trans": [376.89843416381206, 815.5249720956522, 56.59305224503066]}], "rb_4XMM.renamed.noAb_Nup120_715-1036_Nup85_553-744_Nup145c_92-99_554-712_remaining_updated_1.pdb_41": [{"rot": [[-0.07559319527130237, -0.9970429683358781, 0.013819845174752234], [0.9969856652864444, -0.07533149056748834, 0.018567437686026964], [-0.01747146364844179, 0.015181759478393606, 0.9997320951820641]], "trans": [527.5386838103647, 452.969857120346, 46.39133170746902]}], "rb_4XMM.renamed.noAb_Nup120_715-1036_Nup85_553-744_Nup145c_92-99_554-712_remaining_updated_1.pdb_42": [{"rot": [[0.6489279831545756, -0.7596534482819798, 0.04265103975555537], [0.757237418167875, 0.6502874623305548, 0.06097301749245717], [-0.07405379939870237, -0.007270134041556749, 0.9972277472802451]], "trans": [378.5346072394033, 89.8537731078103, 60.0758487576054]}], "rb_4XMM.renamed.noAb_Nup120_2-711_3F7F_updated_1.pdb_42": [{"rot": [[0.9893949183107723, 0.14513564506643542, 0.005774093172972481], [-0.13821200205569764, 0.928482649319729, 0.34469901711489265], [0.044666968876075755, -0.34184150485768533, 0.9386955030509397]], "trans": [-81.37280435180537, 22.97642375771943, 194.3316161359606]}], "rb_4XMM.renamed.noAb_Nup120_2-711_3F7F_updated_1.pdb_43": [{"rot": [[0.6048686238349834, 0.7507055398024858, 0.2656598208420541], [-0.7924467266903228, 0.534553791338253, 0.2937353052046909], [0.07849925641537432, -0.3881925252703335, 0.9182289638573133]], "trans": [-353.3646169234181, 223.46555416847815, 215.07681178457545]}], "rb_4XMM.renamed.noAb_Nup120_2-711_3F7F_updated_1.pdb_44": [{"rot": [[-0.12829809877061044, 0.9013874047851466, 0.413570241127846], [-0.98210703401396, -0.17344682100662118, 0.07336193851718342], [0.13785997095657818, -0.3967580456366262, 0.9075118079840372]], "trans": [-404.4381691570895, 558.1163023375275, 217.56069452790564]}], "rb_4XMM.renamed.noAb_Nup120_2-711_3F7F_updated_1.pdb_45": [{"rot": [[-0.7806058457528636, 0.5089096788932791, 0.3628573442900055], [-0.59608724178609, -0.7807624461946319, -0.18732325747761752], [0.18797476893537504, -0.3625202633521521, 0.9128222964535749]], "trans": [-204.6719406779847, 830.8856582070688, 200.3521757333484]}], "rb_4XMM.renamed.noAb_Nup120_2-711_3F7F_updated_1.pdb_46": [{"rot": [[-0.9699235413903392, -0.19680865210972529, 0.14322946034798484], [0.13947681282713084, -0.9316190278403267, -0.335607219304694], [0.19948569507713415, -0.30553615403188633, 0.9310494702425833]], "trans": [128.91010850627833, 881.9816038559859, 173.5562532520568]}], "rb_4XMM.renamed.noAb_Nup120_2-711_3F7F_updated_1.pdb_47": [{"rot": [[-0.5853462101990965, -0.8023478392938396, -0.11665229953181655], [0.7936813351801074, -0.5376426533378575, -0.28462311132188295], [0.1656494865439545, -0.2591878123915819, 0.9515155939423111]], "trans": [400.89282381592915, 681.4715306654896, 152.89436119726489]}], "rb_4XMM.renamed.noAb_Nup120_2-711_3F7F_updated_1.pdb_48": [{"rot": [[0.1478353246686649, -0.952974488704071, -0.26454553607899695], [0.9832840917947014, 0.1703697620623491, -0.06423814286143774], [0.10628787138511304, -0.25062675047574634, 0.9622313237171135]], "trans": [451.9468090055527, 346.81718349778373, 150.49453216853442]}], "rb_4XMM.renamed.noAb_Nup120_2-711_3F7F_updated_1.pdb_49": [{"rot": [[0.8001129822277692, -0.5604493852801486, -0.2138123060295826], [0.5972131144472153, 0.777654562443795, 0.1964430641244576], [0.05617572075943281, -0.28486815906564894, 0.9569192339731213]], "trans": [252.1658330291393, 74.06391434518525, 167.78662474967143]}]}
