{"rb_ScNup133N_56-480_renamed_1.pdb_0": [{"rot": [[0.6776559724188075, 0.16437206249574296, 0.716773470572131], [0.4642332046677804, 0.6603090876165157, -0.5903214721615069], [-0.5703243942959172, 0.7327849165218547, 0.37115542753549385]], "trans": [-37.34842684986734, -41.6016475414595, 411.4819313409688]}], "rb_ScNup133N_56-480_renamed_1.pdb_1": [{"rot": [[0.7964236437703266, 0.5965277672365645, 0.09931768502817631], [-0.18217843839652126, 0.393268738559459, -0.9011940500554017], [-0.5766458152341019, 0.6996387083256701, 0.42188301883980495]], "trans": [-363.3879093131711, 159.28329064947442, 436.533135153397]}], "rb_ScNup133N_56-480_renamed_1.pdb_2": [{"rot": [[0.42478455414972877, 0.7139851569554088, -0.5565817803370652], [-0.7233232834824996, -0.10203238267359857, -0.6829295867496477], [-0.5443909533854436, 0.6926865009030487, 0.4731003079039149]], "trans": [-452.4139598869495, 532.55278344493, 441.8541685891494]}], "rb_ScNup133N_56-480_renamed_1.pdb_3": [{"rot": [[-0.21954987763207606, 0.4479360366057815, -0.8666897705301737], [-0.842191050196473, -0.5354398955185228, -0.06339048237768818], [-0.4924551616144388, 0.7160009953882872, 0.494803484630292]], "trans": [-252.27194953850625, 859.5404156606605, 424.35190013617785]}], "rb_ScNup133N_56-480_renamed_1.pdb_4": [{"rot": [[-0.7591194563218185, -0.045764267818908355, -0.649340652373364], [-0.4691473247618852, -0.6530575679048255, 0.5944885202180112], [-0.45126315903520536, 0.7559242321775601, 0.47427852207783283]], "trans": [119.79402340695822, 948.6923386142562, 394.3034103374042]}], "rb_ScNup133N_56-480_renamed_1.pdb_5": [{"rot": [[-0.8778367147919881, -0.47789915681238515, -0.03186060390546214], [0.17727361854515344, -0.3859833089394305, 0.9053126252229533], [-0.4449458015658951, 0.7890686162420726, 0.42354923271174]], "trans": [445.8243792070363, 747.7822155925664, 369.33553310184305]}], "rb_ScNup133N_56-480_renamed_1.pdb_6": [{"rot": [[-0.5061554091174155, -0.5953179193003358, 0.6240218560123523], [0.7183892766000793, 0.10932701472868267, 0.686996689305363], [-0.4772038862867702, 0.7960177000610185, 0.37233354952565056]], "trans": [534.8278517452895, 374.50614628961125, 364.09880786234174]}], "rb_ScNup133N_56-480_renamed_1.pdb_7": [{"rot": [[0.1381883111313253, -0.32923498861276734, 0.9340815344175386], [0.8372064671835383, 0.5427136316191696, 0.06743326598046034], [-0.5291401723293472, 0.7727006123511768, 0.35063434187110865]], "trans": [334.6668651991096, 47.53463209081872, 381.6849870032124]}], "rb_ScNup133C_490_881_renamed_relative_3CQC_1.pdb_7": [{"rot": [[0.7792873006052132, 0.3487282681160011, -0.5206725440545608], [-0.2609107710470622, 0.9359754305624068, 0.2363801238157272], [0.5697691397987974, -0.048358953672773375, 0.8203807280358351]], "trans": [196.760589139702, 90.39674501411204, -251.66144371111136]}], "rb_ScNup133C_490_881_renamed_relative_3CQC_1.pdb_8": [{"rot": [[0.37979389651469436, 0.9061250995967206, -0.18626298626139526], [-0.7008853067835022, 0.4132715485392962, 0.5813487885107544], [0.6037519216575425, -0.09024373135436745, 0.7920477801534824]], "trans": [-117.47038263951953, 49.43125877263856, -226.37473480106928]}], "rb_ScNup133C_490_881_renamed_relative_3CQC_1.pdb_9": [{"rot": [[-0.21292944957294135, 0.9319582906596275, 0.2934532228061959], [-0.7284853219299761, -0.35157797500349275, 0.5879643383956342], [0.6511299296124674, -0.0885814425442599, 0.7537792400959544]], "trans": [-368.6222727390183, 243.3797079963823, -207.2587865125451]}], "rb_ScNup133C_490_881_renamed_relative_3CQC_1.pdb_10": [{"rot": [[-0.6516570441203767, 0.4110943937320773, 0.6374515638778698], [-0.327542338453466, -0.910513504796312, 0.2523512910685506], [0.6841484585736647, -0.044345879465684065, 0.7279933582153663]], "trans": [-409.56484935759386, 558.6244732521195, -205.48798598664058]}], "rb_ScNup133C_490_881_renamed_relative_3CQC_1.pdb_11": [{"rot": [[-0.6793760761826417, -0.3513371761848243, 0.644212958377231], [0.2670655906294215, -0.9361027264955584, -0.2288834982023234], [0.6834647887144066, 0.016549141308490986, 0.7297958676983008]], "trans": [-216.3114604824903, 810.4908428970286, -222.0756882385316]}], "rb_ScNup133C_490_881_renamed_relative_3CQC_1.pdb_12": [{"rot": [[-0.279848345939309, -0.9086932551486206, 0.3097764860708915], [0.7070087564901306, -0.4133551132217875, -0.5738259044515812], [0.6494794234779919, 0.05843045798896057, 0.7581308330742711]], "trans": [97.9292471497368, 851.4320630724894, -247.2805785012722]}], "rb_ScNup133C_490_881_renamed_relative_3CQC_1.pdb_13": [{"rot": [[0.3128771688920804, -0.9344667933816068, -0.16994025200983578], [0.7345622493688199, 0.35149641242787877, -0.5804038024104794], [0.6021014690135615, 0.056763404737740386, 0.796399232103022]], "trans": [349.0725495534157, 657.4643065236919, -266.31327176880905]}], "rb_ScNup133C_490_881_renamed_relative_3CQC_1.pdb_14": [{"rot": [[0.7515735042935396, -0.41355928878001014, -0.5139124266912538], [0.33358484463290317, 0.9103910423213539, -0.24476376670633448], [0.5690855990755372, 0.012524564854846112, 0.8221828970490848]], "trans": [389.99707239917086, 342.2167367774689, -268.00014306285817]}], "rb_ScNup84_506-726_ScNup133C_882_1155_renamed_relative_3CQC_new_1.pdb_14": [{"rot": [[0.9812157807903639, 0.15927708114668843, 0.1088411822305665], [-0.17563337932642475, 0.970957037338579, 0.16246645102626425], [-0.07980292973529447, -0.17853079024101295, 0.9806927395171143]], "trans": [-68.33821740317796, 66.26487278346326, 104.93067303445935]}], "rb_ScNup84_506-726_ScNup133C_882_1155_renamed_relative_3CQC_new_1.pdb_15": [{"rot": [[0.5702277587318823, 0.7939034938419839, 0.21108658327118834], [-0.8203123753699689, 0.5640276080906572, 0.09465972811291076], [-0.043907971787505606, -0.22713454113591383, 0.9728730596724757]], "trans": [-315.373310900089, 239.7390853882061, 123.8181039715895]}], "rb_ScNup84_506-726_ScNup133C_882_1155_renamed_relative_3CQC_new_1.pdb_16": [{"rot": [[-0.1749213278165339, 0.9559749429862063, 0.23561501959217102], [-0.9844477501513917, -0.17377344638427472, -0.025795669279816955], [0.016283620505365914, -0.2364628886617307, 0.9715040638046689]], "trans": [-367.8359597697637, 537.5919891731805, 126.59174520720725]}], "rb_ScNup84_506-726_ScNup133C_882_1155_renamed_relative_3CQC_new_1.pdb_17": [{"rot": [[-0.8177126373527019, 0.5505476884632375, 0.16805738734573078], [-0.5718866868149511, -0.8102318653799335, -0.12833527093815575], [0.0655107636767046, -0.2010511553081399, 0.9773877289958963]], "trans": [-194.99089124173392, 785.3372701703846, 111.65076349833328]}], "rb_ScNup84_506-726_ScNup133C_882_1155_renamed_relative_3CQC_new_1.pdb_18": [{"rot": [[-0.9815899573928707, -0.1848732675030785, 0.04798990006444704], [0.1756867266258725, -0.9725013329849549, -0.15288993240226745], [0.07493550315402157, -0.14164403377911527, 0.987077321217458]], "trans": [101.9087297640782, 837.8423663583739, 87.77180149905416]}], "rb_ScNup84_506-726_ScNup133C_882_1155_renamed_relative_3CQC_new_1.pdb_19": [{"rot": [[-0.5705516431872968, -0.8194679594721948, -0.05425021525073356], [0.8203334437923153, -0.5655221070768244, -0.08507518676574874], [0.039036693662677924, -0.09304305350677286, 0.9948965407227126]], "trans": [348.9368323170756, 664.3491688635471, 68.9674967430986]}], "rb_ScNup84_506-726_ScNup133C_882_1155_renamed_relative_3CQC_new_1.pdb_20": [{"rot": [[0.17461026516216405, -0.9814818691034465, -0.07876925746255235], [0.9844103282495634, 0.17229164340038994, 0.03538213178961415], [-0.02115563602408341, -0.08371935400847277, 0.9962647784744868]], "trans": [401.3827841847304, 366.49255582763817, 66.27768099838883]}], "rb_ScNup84_506-726_ScNup133C_882_1155_renamed_relative_3CQC_new_1.pdb_21": [{"rot": [[0.8173694149614908, -0.5760049637387203, -0.011203625924830648], [0.5717988275984898, 0.8087182202432547, 0.13791642760589812], [-0.07037997046390904, -0.11913488991448207, 0.9903805015056392]], "trans": [228.52492061431224, 118.76124774050606, 81.30209115576451]}], "rb_4XMM.renamed.noAb_Nup145c_149-550_Sec13_Nup84_7-436_3IKO_updated_1.pdb_21": [{"rot": [[0.9990338941783552, -0.0191016413272741, 0.039577842051257826], [0.020179584865745157, 0.9994312456887966, -0.027017947656796125], [-0.03903924483742389, 0.027790509882752425, 0.9988511525362422]], "trans": [-4.679415872575305, -3.9031302064413467, 9.473051792002195]}], "rb_4XMM.renamed.noAb_Nup145c_149-550_Sec13_Nup84_7-436_3IKO_updated_1.pdb_22": [{"rot": [[0.7217117378946957, 0.6915961130447706, 0.028757326134087213], [-0.69206266943241, 0.7217605307473306, 0.01053555093090333], [-0.013469556900814915, -0.027505502662115135, 0.999530899152297]], "trans": [-321.59773022347633, 139.76059915540108, 34.075650228359166]}], "rb_4XMM.renamed.noAb_Nup145c_149-550_Sec13_Nup84_7-436_3IKO_updated_1.pdb_23": [{"rot": [[0.023488482416969048, 0.9985914883919803, 0.04757447324811376], [-0.9987696169030943, 0.02136048848861899, 0.04475468559572245], [0.043675434113379194, -0.04856715806607723, 0.9978645637622328]], "trans": [-444.50662958530717, 466.11487504529333, 42.32562120024164]}], "rb_4XMM.renamed.noAb_Nup145c_149-550_Sec13_Nup84_7-436_3IKO_updated_1.pdb_24": [{"rot": [[-0.6866068442480696, 0.7220422652011674, 0.08500593329216641], [-0.7202680031500223, -0.6914646606915886, 0.05559340476121146], [0.09891938672467024, -0.023056241624151715, 0.9948283091328786]], "trans": [-301.4024343571631, 783.9768778468263, 29.41402028891696]}], "rb_4XMM.renamed.noAb_Nup145c_149-550_Sec13_Nup84_7-436_3IKO_updated_1.pdb_25": [{"rot": [[-0.992590387395935, 0.023954877761557226, 0.11912382918885253], [-0.019708000382497044, -0.9991318935689235, 0.036702233914286654], [0.11989961455363216, 0.03408259210805962, 0.9922008160373001]], "trans": [23.88431346642028, 907.1386812598014, 2.9286502629981896]}], "rb_4XMM.renamed.noAb_Nup145c_149-550_Sec13_Nup84_7-436_3IKO_updated_1.pdb_26": [{"rot": [[-0.7152126730826491, -0.6867212393325638, 0.12994141645956114], [0.6925124638822259, -0.7214054070158593, -0.0008521126974144685], [0.09432560431684657, 0.08937660867267175, 0.9915213069785398]], "trans": [340.7979638065073, 763.4504810586493, -21.59098077142727]}], "rb_4XMM.renamed.noAb_Nup145c_149-550_Sec13_Nup84_7-436_3IKO_updated_1.pdb_27": [{"rot": [[-0.016965477378707294, -0.9936619961542087, 0.11112159995313077], [0.9991645993693258, -0.02098129279864175, -0.03506976931247019], [0.03717897180456696, 0.11043379352050134, 0.993187847944297]], "trans": [463.6879451506693, 437.0869677200075, -29.756922326408983]}], "rb_4XMM.renamed.noAb_Nup145c_149-550_Sec13_Nup84_7-436_3IKO_updated_1.pdb_28": [{"rot": [[0.6931081471870628, -0.7170571694925867, 0.07368929353844093], [0.7206072613153494, 0.6918221269942733, -0.04590555021682257], [-0.018062979889994987, 0.08491855086138345, 0.9962241557386038]], "trans": [320.5654870180226, 119.2366058783698, -16.761445798076124]}], "rb_4XMM.renamed.noAb_Seh1_Nup85_47_544_3F3F_1.pdb_28": [{"rot": [[0.6496989747385142, -0.7391908413656615, 0.17744898496425104], [0.23576865308401895, 0.4178498255046497, 0.8773908282793225], [-0.7227062919655987, -0.5282030134019055, 0.44575463226586404]], "trans": [504.2253516891507, -51.93625615303904, 787.7633256532299]}], "rb_4XMM.renamed.noAb_Seh1_Nup85_47_544_3F3F_1.pdb_29": [{"rot": [[0.6125261703181207, -0.23990570215175747, 0.7531646199540194], [-0.3327996704674653, 0.7859925234018336, 0.5210183609942729], [-0.7169770359029337, -0.5697903186536992, 0.4016004516386315]], "trans": [20.709419979194195, -208.03247143899006, 827.1032594506937]}], "rb_4XMM.renamed.noAb_Seh1_Nup85_47_544_3F3F_1.pdb_30": [{"rot": [[0.18545128894650342, 0.37277316247727155, 0.9092018415977651], [-0.7083061902129609, 0.6920326310243063, -0.13925939287376812], [-0.6811095068592675, -0.6181674586503753, 0.3923758819444122]], "trans": [-431.34384483999196, 24.622440011201107, 862.0439660771002]}], "rb_4XMM.renamed.noAb_Seh1_Nup85_47_544_3F3F_1.pdb_31": [{"rot": [[-0.381339182113017, 0.7399298348497493, 0.5541518453317568], [-0.6707738922436285, 0.19101317816130586, -0.7166424151925727], [-0.6361154090805391, -0.6449944226642067, 0.4234848061765125]], "trans": [-587.1133529470305, 509.7360674309408, 872.1406918279233]}], "rb_4XMM.renamed.noAb_Seh1_Nup85_47_544_3F3F_1.pdb_32": [{"rot": [[-0.7558113931681314, 0.6464787593807977, -0.10399207482643053], [-0.24218972591530416, -0.4235615753257365, -0.8728915903871701], [-0.6083529194623061, -0.6345555969156982, 0.47670317788393624]], "trans": [-355.34521680349064, 963.122124570778, 851.5026372956843]}], "rb_4XMM.renamed.noAb_Seh1_Nup85_47_544_3F3F_1.pdb_33": [{"rot": [[-0.7185942429245781, 0.14716489374029307, -0.6796799306188563], [0.3263756611001343, -0.7916650733400874, -0.5164739485151956], [-0.614085695874033, -0.5929661927157693, 0.5208549245414335]], "trans": [128.18943484628636, 1119.18078320997, 812.2438707231241]}], "rb_4XMM.renamed.noAb_Seh1_Nup85_47_544_3F3F_1.pdb_34": [{"rot": [[-0.29149006275684913, -0.46550665925405155, -0.8356656589235512], [0.7018486483170863, -0.6976570964856181, 0.14381603032599793], [-0.6499553970615826, -0.5445898694553377, 0.5300753304174145]], "trans": [580.2310985665367, 886.4907974857709, 777.3867360182437]}], "rb_4XMM.renamed.noAb_Seh1_Nup85_47_544_3F3F_1.pdb_35": [{"rot": [[0.2752974964238594, -0.8326242651892518, -0.48057062070085566], [0.6642718656547414, -0.19660884311615057, 0.7211711664425376], [-0.6949490463065019, -0.5177661594065216, 0.4989629517420068]], "trans": [735.969307301743, 401.36535875939506, 767.375039077948]}], "rb_4XMM.renamed.noAb_Nup120_715-1036_Nup85_553-744_Nup145c_92-99_554-712_remaining_updated_1.pdb_35": [{"rot": [[0.9994582242927467, -0.03263851805156226, 0.00424087644099418], [0.03287686176112084, 0.9960686597094236, -0.08225774799623839], [-0.0015394331197182572, 0.0823526094551372, 0.9966020659529057]], "trans": [14.446993148881802, 7.515985168063139, -40.94024695607095]}], "rb_4XMM.renamed.noAb_Nup120_715-1036_Nup85_553-744_Nup145c_92-99_554-712_remaining_updated_1.pdb_36": [{"rot": [[0.7317053464304186, 0.6807073030271797, -0.03528248305610574], [-0.6812235224494592, 0.7320658790234813, -0.0037498308133694595], [0.023276564752822197, 0.026779028642595668, 0.999370344346012]], "trans": [-300.98447838852417, 131.45168832172936, -16.360172935357923]}], "rb_4XMM.renamed.noAb_Nup120_715-1036_Nup85_553-744_Nup145c_92-99_554-712_remaining_updated_1.pdb_37": [{"rot": [[0.03894129247026035, 0.9992102689895338, -0.0079002586418871], [-0.996031847167789, 0.03944818137540684, 0.0797771923151888], [0.08002584062830737, 0.004762282229780118, 0.9967814130990285]], "trans": [-436.74779186365873, 442.80710950920616, -7.01264905296739]}], "rb_4XMM.renamed.noAb_Nup120_715-1036_Nup85_553-744_Nup145c_92-99_554-712_remaining_updated_1.pdb_38": [{"rot": [[-0.6730029868047064, 0.7362868514829332, 0.0703466565324366], [-0.727128956976493, -0.6760392200430209, 0.11939201350970084], [0.1354638685340882, 0.02920009070144232, 0.9903519046403688]], "trans": [-313.3089706408045, 759.1859696826103, -18.349581698104032]}], "rb_4XMM.renamed.noAb_Nup120_715-1036_Nup85_553-744_Nup145c_92-99_554-712_remaining_updated_1.pdb_39": [{"rot": [[-0.9870604941808686, 0.045961295702931386, 0.15362011627624247], [-0.032041956480384125, -0.9952537171085268, 0.0918877119454427], [0.1571142700467648, 0.08577644128178309, 0.9838483156811848]], "trans": [-2.978303340424816, 895.2491884056132, -43.705630975309816]}], "rb_4XMM.renamed.noAb_Nup120_715-1036_Nup85_553-744_Nup145c_92-99_554-712_remaining_updated_1.pdb_40": [{"rot": [[-0.7192519136264164, -0.6673639541842098, 0.19313735371582677], [0.6820373887032101, -0.7311949565157292, 0.013376695289408852], [0.1322939346895499, 0.1413481100742956, 0.9810805403343705]], "trans": [312.45004280977247, 771.2891304540743, -68.20286079651623]}], "rb_4XMM.renamed.noAb_Nup120_715-1036_Nup85_553-744_Nup145c_92-99_554-712_remaining_updated_1.pdb_41": [{"rot": [[-0.02646328773113399, -0.9858129089085801, 0.16574861396603308], [0.9967913296469733, -0.038552283448413494, -0.07014817589596124], [0.07554296488142853, 0.1633604299397961, 0.9836699804237226]], "trans": [448.1956084345854, 459.92346240800254, -77.46644362033368]}], "rb_4XMM.renamed.noAb_Nup120_715-1036_Nup85_553-744_Nup145c_92-99_554-712_remaining_updated_1.pdb_42": [{"rot": [[0.685460038135897, -0.7228336806623819, 0.08749860695352099], [0.7278325697154817, 0.6769144579488967, -0.10975685436959408], [0.020106878924672507, 0.13891827352736427, 0.9900997054337929]], "trans": [324.73864051778696, 143.5546996598854, -66.04563711086536]}], "rb_4XMM.renamed.noAb_Nup120_2-711_3F7F_updated_1.pdb_42": [{"rot": [[-0.7234386080676594, 0.6676505421197428, 0.17572516599606158], [0.3905340974214325, 0.18585776201677895, 0.9016318600456306], [0.5693151140698417, 0.7209019669173682, -0.39519698251165236]], "trans": [588.757762212817, -17.514171532634123, -345.8833113223146]}], "rb_4XMM.renamed.noAb_Nup120_2-711_3F7F_updated_1.pdb_43": [{"rot": [[-0.22629873435228248, 0.6186048438063465, 0.7524074229098772], [0.8187920761189929, -0.2975926697107472, 0.4909359826078973], [0.5276063105340065, 0.72716342740388, -0.4391638998494043]], "trans": [82.4941328390006, -308.56508851661715, -304.0736268163797]}], "rb_4XMM.renamed.noAb_Nup120_2-711_3F7F_updated_1.pdb_44": [{"rot": [[0.4272375099360298, 0.24313052247655104, 0.8708361838738339], [0.7688445966591948, -0.6045141002417987, -0.2084242999192038], [0.4757584432163265, 0.7585843734543505, -0.4452006873975486]], "trans": [-480.7787732921494, -155.16261339358869, -259.8824255750813]}], "rb_4XMM.renamed.noAb_Nup120_2-711_3F7F_updated_1.pdb_45": [{"rot": [[0.8543193780321402, -0.2388142702467186, 0.4616342108697162], [0.26995159676904845, -0.5551076279791153, -0.7867538730513135], [0.4441447238464275, 0.7967579718370745, -0.4097709098916774]], "trans": [-771.0858322817655, 352.8280377296614, -239.17353148032237]}], "rb_4XMM.renamed.noAb_Nup120_2-711_3F7F_updated_1.pdb_46": [{"rot": [[0.8047562897510067, -0.5448994793645936, -0.23548221056884389], [-0.3856283698244995, -0.1783162610054359, -0.9052591184006605], [0.45128491498463974, 0.8193215903717154, -0.35362983055459335]], "trans": [-618.3591623049346, 917.8188955521313, -254.0545017870333]}], "rb_4XMM.renamed.noAb_Nup120_2-711_3F7F_updated_1.pdb_47": [{"rot": [[0.3075830010472628, -0.4958160735743745, -0.8121324514215961], [-0.8138473150134203, 0.3051303051477836, -0.4945179923176385], [0.49299619198550315, 0.813057143173659, -0.30966568525117866]], "trans": [-112.06628674086772, 1208.830465985503, -295.78384936667493]}], "rb_4XMM.renamed.noAb_Nup120_2-711_3F7F_updated_1.pdb_48": [{"rot": [[-0.3459493654130682, -0.12031780406399334, -0.9305066698286019], [-0.7638485428189168, 0.6120222554314049, 0.2048515620884408], [0.5448435006529063, 0.7816344317402321, -0.3036332901946224]], "trans": [451.2012025147235, 1055.3841846019432, -339.89192912210535]}], "rb_4XMM.renamed.noAb_Nup120_2-711_3F7F_updated_1.pdb_49": [{"rot": [[-0.7729923345511571, 0.36162314836176856, -0.5212595795705581], [-0.26492203897521716, 0.5625779581927836, 0.7831489987357788], [0.5764539565224323, 0.7434613234893673, -0.3390665074658258]], "trans": [741.4751815235791, 547.3711634236888, -360.5156011074826]}]}
