{"rb_ScNup133N_56-480_renamed_1.pdb_0": [{"rot": [[0.6243885109808566, 0.11876341976780458, 0.7720325365424463], [0.5473448418975156, 0.6386157896933911, -0.5409098790024722], [-0.5572724750095694, 0.7603059405787527, 0.33373981679950326]], "trans": [-13.518496448936162, -100.65475618002432, 409.11259973244677]}], "rb_ScNup133N_56-480_renamed_1.pdb_1": [{"rot": [[0.8175109692074886, 0.5494443971067487, 0.17258815055916427], [-0.08511744975639293, 0.4116579234320471, -0.90735482244962], [-0.5695883030508959, 0.7270822570821096, 0.3833021738315405]], "trans": [-388.1725397145135, 100.5959008185504, 438.03690566930595]}], "rb_ScNup133N_56-480_renamed_1.pdb_2": [{"rot": [[0.5083007571488005, 0.6941124942729203, -0.5097432545666292], [-0.6691465529989961, -0.05426600850508595, -0.7411464706321454], [-0.5421007571397736, 0.7178182538882313, 0.43687952972568206]], "trans": [-511.3290998360068, 508.6088681639301, 445.90930864367357]}], "rb_ScNup133N_56-480_renamed_1.pdb_3": [{"rot": [[-0.12210242310723773, 0.46801910012620634, -0.875242320839432], [-0.8626099843404216, -0.4862111972617954, -0.13965201958248613], [-0.49091242924533574, 0.7379409146905365, 0.4630855139584219]], "trans": [-310.83941404748396, 884.3645133975317, 428.14204889347025]}], "rb_ScNup133N_56-480_renamed_1.pdb_4": [{"rot": [[-0.7043994998817975, 0.0036129128746090755, -0.7097945416998017], [-0.5521741378664804, -0.6311380608372391, 0.544764600202708], [-0.44601016360356666, 0.7756621010615175, 0.44656829146184324]], "trans": [95.84874615083231, 1007.7399981820924, 395.16744259991333]}], "rb_ScNup133N_56-480_renamed_1.pdb_5": [{"rot": [[-0.8974726352115593, -0.42705037486264547, -0.11032155898142024], [0.0803032904129573, -0.4041463990801462, 0.9111624825789312], [-0.43369834054936063, 0.8088842101563257, 0.3970038840672791]], "trans": [470.49363555097347, 806.4603407316611, 366.32648397290416]}], "rb_ScNup133N_56-480_renamed_1.pdb_6": [{"rot": [[-0.5882168640891408, -0.5716821367767164, 0.5719969014702287], [0.6643081050800583, 0.06178887196974764, 0.7449005818400506], [-0.46118939962457633, 0.8181452620354842, 0.34342782048460924]], "trans": [593.6249087886604, 398.43811921904967, 358.5386181348477]}], "rb_ScNup133N_56-480_renamed_1.pdb_7": [{"rot": [[0.04220142225557305, -0.3455550474304985, 0.9374490648322765], [0.8577220512349479, 0.49371630084409274, 0.14337746373170274], [-0.5123786907990194, 0.7980200019273505, 0.3172257141830584]], "trans": [393.1124431895668, 22.69862091484913, 376.3900916037724]}], "rb_ScNup133C_490_881_renamed_relative_3CQC_1.pdb_7": [{"rot": [[0.7534440720786033, 0.34691530818688693, -0.5585443574105875], [-0.2813265555832864, 0.937887240755874, 0.20303421571492292], [0.594287303728805, 0.004158433951263571, 0.8042420705570037]], "trans": [222.0942728868569, 111.68678508452248, -273.06335328304885]}], "rb_ScNup133C_490_881_renamed_relative_3CQC_1.pdb_8": [{"rot": [[0.34756432917379304, 0.9072258395723024, -0.23693947138098048], [-0.6956957049723779, 0.41892605452202963, 0.5835310162498545], [0.6286545340399238, -0.037976793636808726, 0.7767568731437848]], "trans": [-84.9241066245205, 45.398445260479605, -248.22832499713496]}], "rb_ScNup133C_490_881_renamed_relative_3CQC_1.pdb_9": [{"rot": [[-0.23162742847755802, 0.9377582855556463, 0.2587626948549665], [-0.70066715057767, -0.34534490563578363, 0.6243416054154778], [0.6748438919322292, -0.03669187952589126, 0.7370477783011188]], "trans": [-348.8239658084814, 216.3319176938735, -227.9843059068013]}], "rb_ScNup133C_490_881_renamed_relative_3CQC_1.pdb_10": [{"rot": [[-0.6448325026395061, 0.4206263087723875, 0.638172822915692], [-0.2933285494662, -0.9072049350365807, 0.30155856464926334], [0.7057970002824623, 0.0072604554805517085, 0.7083769336860768]], "trans": [-415.0071328277829, 524.3520808664404, -224.1665229346479]}], "rb_ScNup133C_490_881_renamed_relative_3CQC_1.pdb_11": [{"rot": [[-0.6499895346764359, -0.34122688721696837, 0.6790271101004173], [0.28769540235665747, -0.9375085062309603, -0.19572724952706547], [0.703381091780229, 0.06813231380782211, 0.7075401243330594]], "trans": [-244.70066192059986, 789.0164969025692, -238.9874822753158]}], "rb_ScNup133C_490_881_renamed_relative_3CQC_1.pdb_12": [{"rot": [[-0.2440774625069625, -0.9014969580717929, 0.3573925389308811], [0.7020326814753517, -0.4185033599329008, -0.5761987954390353], [0.6690114396904471, 0.11026410255460267, 0.7350275649600757]], "trans": [62.329428273663865, 855.2811359152088, -263.74085207032823]}], "rb_ScNup133C_490_881_renamed_relative_3CQC_1.pdb_13": [{"rot": [[0.33511469863181886, -0.9319697964773315, -0.13831282375434878], [0.7069586676265165, 0.3457699711836314, -0.6169704768426172], [0.6228222708194056, 0.10897442581480787, 0.7747367252749072]], "trans": [326.2224951342011, 684.3273548345246, -283.9017543700664]}], "rb_ScNup133C_490_881_renamed_relative_3CQC_1.pdb_14": [{"rot": [[0.7482880141353382, -0.41479398402859774, -0.5176977870486508], [0.29958764866639437, 0.9075893934966032, -0.29415766789088493], [0.5918718515590413, 0.06501879440705174, 0.8034054192659646]], "trans": [392.38817254112985, 376.3024058610745, -287.6356434374344]}], "rb_ScNup84_506-726_ScNup133C_882_1155_renamed_relative_3CQC_new_1.pdb_14": [{"rot": [[0.9782551973242266, 0.19059623603809556, 0.08179146481295423], [-0.2026313520097754, 0.9624047618996692, 0.1808800969027023], [-0.044241429574875354, -0.1935204099854872, 0.98009823325431]], "trans": [-68.30208299407161, 78.55654629541269, 90.44214946594764]}], "rb_ScNup84_506-726_ScNup133C_882_1155_renamed_relative_3CQC_new_1.pdb_15": [{"rot": [[0.549798601411467, 0.809781363128916, 0.20487957881416335], [-0.8352678132036594, 0.5350442964766168, 0.12670943545694824], [-0.007012710743426617, -0.24079398816605974, 0.9705509142497944]], "trans": [-306.96861501478577, 247.57053297434467, 108.68425534024908]}], "rb_ScNup84_506-726_ScNup133C_882_1155_renamed_relative_3CQC_new_1.pdb_16": [{"rot": [[-0.19921846167404678, 0.9465284633488139, 0.253763418559016], [-0.9784998697958215, -0.20624446293389465, 0.001107392734689086], [0.05338547871646232, -0.24808685894186605, 0.9672656827793342]], "trans": [-356.65560953641443, 536.3345815254264, 111.28088130988883]}], "rb_ScNup84_506-726_ScNup133C_882_1155_renamed_relative_3CQC_new_1.pdb_17": [{"rot": [[-0.8300112352362313, 0.5207291572548601, 0.1998061414628372], [-0.548420163462575, -0.8272041088976794, -0.1223465836485732], [0.10157102780471722, -0.21112675578296086, 0.9721670737600889]], "trans": [-188.2538112423009, 775.6867575295288, 96.73489217061245]}], "rb_ScNup84_506-726_ScNup133C_882_1155_renamed_relative_3CQC_new_1.pdb_18": [{"rot": [[-0.9730524183442516, -0.21817731787289113, 0.07461668124617553], [0.20302454970220452, -0.9640677252781443, -0.1713314136264567], [0.10931616244919613, -0.15156542825728536, 0.9823837832459191]], "trans": [99.58654530077058, 825.4112982129466, 73.59153835984148]}], "rb_ScNup84_506-726_ScNup133C_882_1155_renamed_relative_3CQC_new_1.pdb_19": [{"rot": [[-0.544546469052748, -0.8373291303233038, -0.04846721112465956], [0.8356273613561337, -0.5366586758226224, -0.11715109311181457], [0.07208367356876488, -0.10429474184409834, 0.991930718764422]], "trans": [338.2464340201056, 656.3789833224894, 55.43252776240058]}], "rb_ScNup84_506-726_ScNup133C_882_1155_renamed_relative_3CQC_new_1.pdb_20": [{"rot": [[0.20448178560943192, -0.9740184183223711, -0.0973412560159505], [0.9788006247326969, 0.20464079183024425, 0.008454782195356524], [0.011684878127673333, -0.09700653116092317, 0.9952151508770677]], "trans": [387.9174403387506, 367.61144307180655, 52.919669729506836]}], "rb_ScNup84_506-726_ScNup133C_882_1155_renamed_relative_3CQC_new_1.pdb_21": [{"rot": [[0.8352410327627922, -0.5481706696412784, -0.04337434880634608], [0.5486714234028897, 0.8255669972069124, 0.13190451949727403], [-0.036497757881671436, -0.1339703327897345, 0.9903130129417752]], "trans": [219.5035017333181, 128.2728909572453, 67.54903682931422]}], "rb_4XMM.renamed.noAb_Nup145c_149-550_Sec13_Nup84_7-436_3IKO_updated_1.pdb_21": [{"rot": [[0.9952808732859292, -0.025741555407203787, 0.09355936936734352], [0.028177419266284687, 0.99929504514211, -0.024808180060605475], [-0.09285481309382496, 0.027327368692306838, 0.9953045757986169]], "trans": [-16.75076711941597, -9.413792325009013, 39.397352921053255]}], "rb_4XMM.renamed.noAb_Nup145c_149-550_Sec13_Nup84_7-436_3IKO_updated_1.pdb_22": [{"rot": [[0.7236255732944051, 0.6867836231239043, 0.0685148500921191], [-0.6868621390503914, 0.7263171185693821, -0.026150434263883297], [-0.0677231984881344, -0.02813713350488966, 0.9973073097619728]], "trans": [-333.449004106575, 146.09507757714, 63.92477762672786]}], "rb_4XMM.renamed.noAb_Nup145c_149-550_Sec13_Nup84_7-436_3IKO_updated_1.pdb_23": [{"rot": [[0.027439059720434367, 0.9983795725731875, 0.04985305477336904], [-0.99956608813561, 0.02793773877812944, -0.009333713153820467], [-0.010711370170582189, -0.04957531462878574, 0.998712949114271]], "trans": [-447.8526660743777, 480.6656179241081, 71.45685250721147]}], "rb_4XMM.renamed.noAb_Nup145c_149-550_Sec13_Nup84_7-436_3IKO_updated_1.pdb_24": [{"rot": [[-0.6854427915545092, 0.7265089922503684, 0.04850632624013112], [-0.7267480454895675, -0.6867226064006768, 0.015790510927540552], [0.04478233896363034, -0.02442838589864925, 0.9986980505034199]], "trans": [-292.9405614111878, 798.3018055312018, 57.60518679644764]}], "rb_4XMM.renamed.noAb_Nup145c_149-550_Sec13_Nup84_7-436_3IKO_updated_1.pdb_25": [{"rot": [[-0.9974037404194608, 0.030437501483737295, 0.06526359705604838], [-0.028228667228717415, -0.9990058100504253, 0.03450411326177892], [0.06624893164238267, 0.03257222726371076, 0.9972713417457266]], "trans": [40.53952804988592, 912.9279998231199, 30.508286477474826]}], "rb_4XMM.renamed.noAb_Nup145c_149-550_Sec13_Nup84_7-436_3IKO_updated_1.pdb_26": [{"rot": [[-0.7256926643799531, -0.6820664058275934, 0.09030822169963801], [0.6867895457385007, -0.7259719682799219, 0.0358444017397049], [0.04111297519550496, 0.08803476195913817, 0.9952686089480413]], "trans": [357.2321771725489, 757.3946767494965, 6.063902724628292]}], "rb_4XMM.renamed.noAb_Nup145c_149-550_Sec13_Nup84_7-436_3IKO_updated_1.pdb_27": [{"rot": [[-0.029481742906101893, -0.9936078944755533, 0.10896870592547772], [0.9994388424990879, -0.027568155375496783, 0.0190262164728819], [-0.015900532673435892, 0.10946848334131247, 0.9938630812217801]], "trans": [471.6162800736566, 422.81556678189554, -1.3840948926769556]}], "rb_4XMM.renamed.noAb_Nup145c_149-550_Sec13_Nup84_7-436_3IKO_updated_1.pdb_28": [{"rot": [[0.6833788496287182, -0.721681567675178, 0.11031347496124302], [0.7265648566556082, 0.6870708275696763, -0.006098112472972879], [-0.07139227516435348, 0.08431721520908442, 0.9938781365269284]], "trans": [316.6859297971529, 105.19194689996743, 12.551440547729555]}], "rb_4XMM.renamed.noAb_Seh1_Nup85_47_544_3F3F_1.pdb_28": [{"rot": [[0.6744793534677711, -0.7040519240989489, 0.22223521304748423], [0.24235284840407084, 0.4954684127092768, 0.834131973297858], [-0.6973827490095565, -0.5087454571589933, 0.504812203897604]], "trans": [461.749666534374, -84.69425790343087, 748.6898080767288]}], "rb_4XMM.renamed.noAb_Seh1_Nup85_47_544_3F3F_1.pdb_29": [{"rot": [[0.6352364331052347, -0.1598892902593262, 0.755585924244293], [-0.3441496889624658, 0.817232712208797, 0.4622679803781424], [-0.6914012334692292, -0.5536841238072638, 0.4641101436092577]], "trans": [-33.2698750345013, -203.51092088662193, 788.765268185183]}], "rb_4XMM.renamed.noAb_Seh1_Nup85_47_544_3F3F_1.pdb_30": [{"rot": [[0.1940555114627642, 0.45184257236550407, 0.8707357511145642], [-0.7308640155120615, 0.6586575880581805, -0.17890772069131178], [-0.6543548343983602, -0.6016713982661129, 0.4580516119478134]], "trans": [-467.18229332283005, 63.65405066734017, 822.092129276046]}], "rb_4XMM.renamed.noAb_Seh1_Nup85_47_544_3F3F_1.pdb_31": [{"rot": [[-0.39061340691048624, 0.7727825132306531, 0.5002283014651338], [-0.6912474260799585, 0.11263858389410869, -0.7137853636466334], [-0.6079458547268907, -0.6245956585369767, 0.49018578218584136]], "trans": [-585.7936621929477, 560.291766191225, 829.1710511147347]}], "rb_4XMM.renamed.noAb_Seh1_Nup85_47_544_3F3F_1.pdb_32": [{"rot": [[-0.7762630257997174, 0.6149193897241509, -0.13888793654432166], [-0.24850787734939422, -0.5009586687761463, -0.8290260834698292], [-0.5793613291129813, -0.6090275497211136, 0.5416880043061049]], "trans": [-319.6178560011747, 995.4649661345314, 805.8791063765343]}], "rb_4XMM.renamed.noAb_Seh1_Nup85_47_544_3F3F_1.pdb_33": [{"rot": [[-0.7369743607999908, 0.07073164546614819, -0.672209659148907], [0.3379915604056296, -0.822680247617086, -0.45712024159432185], [-0.5853464757030712, -0.56408708947319, 0.5823875504092209]], "trans": [175.41749824574435, 1114.2431708235304, 765.8850496066897]}], "rb_4XMM.renamed.noAb_Seh1_Nup85_47_544_3F3F_1.pdb_34": [{"rot": [[-0.2957632658383241, -0.5409878659098237, -0.7873094814105677], [0.7246712469061483, -0.6640571154694274, 0.1840644759368458], [-0.6223951112341186, -0.5161010330669296, 0.5884420525243849]], "trans": [609.3156233707342, 847.0445499739005, 732.6419680783629]}], "rb_4XMM.renamed.noAb_Seh1_Nup85_47_544_3F3F_1.pdb_35": [{"rot": [[0.2889025785803004, -0.8618852293946095, -0.4167603045409294], [0.6850087696165779, -0.11801293973143154, 0.7189130208893989], [-0.6688036226262752, -0.49318028894851473, 0.5563046979440531]], "trans": [727.8947930512747, 350.3979399750881, 725.6481325794839]}], "rb_4XMM.renamed.noAb_Nup120_715-1036_Nup85_553-744_Nup145c_92-99_554-712_remaining_updated_1.pdb_35": [{"rot": [[0.9947919370297753, -0.024981739102989314, 0.09881758311119135], [0.025507707258672685, 0.9996663703908459, -0.0040626075367107585], [-0.0986831236380005, 0.006562059202846089, 0.9950972718724864]], "trans": [-15.242794174414144, -12.519517553410765, 52.466463894728975]}], "rb_4XMM.renamed.noAb_Nup120_715-1036_Nup85_553-744_Nup145c_92-99_554-712_remaining_updated_1.pdb_36": [{"rot": [[0.7212816065563818, 0.6871735595544691, 0.08686393436107444], [-0.688741013061383, 0.724848127432753, -0.015198983005811798], [-0.07340749941677797, -0.04886400726988882, 0.9961042354206229]], "trans": [-334.31107938388845, 143.58902448059888, 77.17987843105988]}], "rb_4XMM.renamed.noAb_Nup120_715-1036_Nup85_553-744_Nup145c_92-99_554-712_remaining_updated_1.pdb_37": [{"rot": [[0.024340363451569702, 0.9972106414618517, 0.0705583677694363], [-0.9995701073779409, 0.02543035206701111, -0.014591011966227533], [-0.016344636536069733, -0.07017288471332356, 0.9974009319764612]], "trans": [-449.96852864720853, 480.264630179675, 84.8016457855336]}], "rb_4XMM.renamed.noAb_Nup120_715-1036_Nup85_553-744_Nup145c_92-99_554-712_remaining_updated_1.pdb_38": [{"rot": [[-0.6877537852023334, 0.7235054125149589, 0.05945291415414751], [-0.7248915095501316, -0.6888581611064942, -0.0025948524253379956], [0.03907723534223874, -0.04488153226592207, 0.9982277384141701]], "trans": [-294.4594640766238, 800.2780993944374, 70.89083207616625]}], "rb_4XMM.renamed.noAb_Nup120_715-1036_Nup85_553-744_Nup145c_92-99_554-712_remaining_updated_1.pdb_39": [{"rot": [[-0.9978460465963759, 0.026398255074608936, 0.06005330482994017], [-0.025615815153715308, -0.999577129602689, 0.013761976211954088], [0.06039120222344079, 0.0121940192005583, 0.9981002998645689]], "trans": [41.11862496387113, 916.1611464641426, 43.62059301756523]}], "rb_4XMM.renamed.noAb_Nup120_715-1036_Nup85_553-744_Nup145c_92-99_554-712_remaining_updated_1.pdb_40": [{"rot": [[-0.7242800017050419, -0.6857356288197212, 0.07200782247342646], [0.6886114142465962, -0.7247030005390462, 0.0248974130986393], [0.03511124178159537, 0.06761810687177769, 0.9970932716268973]], "trans": [360.18127560256215, 760.0279652595724, 18.990224061816036]}], "rb_4XMM.renamed.noAb_Nup120_715-1036_Nup85_553-744_Nup145c_92-99_554-712_remaining_updated_1.pdb_41": [{"rot": [[-0.027314496906907626, -0.9957181688949703, 0.08831334209035328], [0.9993857970641662, -0.02526091444626749, 0.024288162296837286], [-0.02195328870902233, 0.0889225187102996, 0.9957965850418813]], "trans": [475.81900165119396, 423.34369160339884, 11.452547532585697]}], "rb_4XMM.renamed.noAb_Nup120_715-1036_Nup85_553-744_Nup145c_92-99_554-712_remaining_updated_1.pdb_42": [{"rot": [[0.6847582478736618, -0.7219572224212426, 0.09941786038129831], [0.7246513179256645, 0.6890060925090831, 0.012291131516680036], [-0.07737318267712852, 0.06362682986891102, 0.9949698573943042]], "trans": [320.2915060378053, 103.34283704684628, 25.447245523122774]}], "rb_4XMM.renamed.noAb_Nup120_2-711_3F7F_updated_1.pdb_42": [{"rot": [[0.9526311606246757, 0.2651084928643455, 0.1490347570806163], [-0.30369289858764176, 0.8554255934093399, 0.419544607268065], [-0.016263306992102614, -0.44493206352371795, 0.8954166425157658]], "trans": [-169.95028216061166, 143.73565040344874, 307.8532388570916]}], "rb_4XMM.renamed.noAb_Nup120_2-711_3F7F_updated_1.pdb_43": [{"rot": [[0.46093840126391894, 0.782216866144014, 0.41913311078951937], [-0.887058004657883, 0.3924046987070745, 0.2432008404693221], [0.025765997217983228, -0.4838959875349733, 0.8747461269619404]], "trans": [-328.7826980070947, 377.819341060802, 319.4154765003624]}], "rb_4XMM.renamed.noAb_Nup120_2-711_3F7F_updated_1.pdb_44": [{"rot": [[-0.29807873731241485, 0.8216215066597862, 0.4858880181238664], [-0.9506072191382592, -0.3016809044486518, -0.07303798199066339], [0.08657355996181179, -0.4836597271689528, 0.8709639986993677]], "trans": [-276.1305199136107, 655.9452091157887, 313.9067964961006]}], "rb_4XMM.renamed.noAb_Nup120_2-711_3F7F_updated_1.pdb_45": [{"rot": [[-0.8797773131846554, 0.360238620392091, 0.3101935131230035], [-0.45711251614224147, -0.8202260831222102, -0.34391469894743537], [0.1305374535974137, -0.44436168707934204, 0.8862858817922709]], "trans": [-42.83622286376965, 815.1833162822371, 294.57826616437706]}], "rb_4XMM.renamed.noAb_Nup120_2-711_3F7F_updated_1.pdb_46": [{"rot": [[-0.9433900986569241, -0.331647192384759, -0.005026085891043391], [0.3043299490397903, -0.8594597601596108, -0.4107459102460077], [0.131903009342153, -0.3890232132530005, 0.9117360010862755]], "trans": [234.4350178203067, 762.2498509199102, 272.7768160069799]}], "rb_4XMM.renamed.noAb_Nup120_2-711_3F7F_updated_1.pdb_47": [{"rot": [[-0.4516518270592915, -0.848719466956125, -0.2751106932194993], [0.8876564439654432, -0.3963982943574985, -0.23438094998759756], [0.0898702653864255, -0.3500623639298798, 0.9324053178522721]], "trans": [393.25571316065674, 528.1541001951002, 261.2980478277458]}], "rb_4XMM.renamed.noAb_Nup120_2-711_3F7F_updated_1.pdb_48": [{"rot": [[0.3073702885967198, -0.8880699741590292, -0.3418409376963917], [0.9511460830036909, 0.29769037845058155, 0.08186310136247865], [0.029062595801186114, -0.3503029539914396, 0.9361854548913726]], "trans": [340.5883737943628, 250.03277242766592, 266.89039077788834]}], "rb_4XMM.renamed.noAb_Nup120_2-711_3F7F_updated_1.pdb_49": [{"rot": [[0.8890303907479878, -0.4266466320318595, -0.16612530121070984], [0.4576057404020183, 0.8161993270833697, 0.35272601948222254], [-0.0148980091823908, -0.38960404238729823, 0.9208619546261404]], "trans": [107.28818307094912, 90.81337972967083, 286.3017764063647]}]}
