{"rb_ScNup133N_56-480_renamed_1.pdb_0": [{"rot": [[0.5946772166115958, 0.07829552445320895, 0.8001429990281033], [0.5738345170230678, 0.6557289513067958, -0.49064599202581644], [-0.5630923149146974, 0.7509256642762265, 0.34501839315509003]], "trans": [4.126503959502202, -136.00043863635148, 411.133447522124]}], "rb_ScNup133N_56-480_renamed_1.pdb_1": [{"rot": [[0.8150072782931238, 0.5326341685428447, 0.2281753247612717], [-0.045782374816418, 0.4517386531115656, -0.890974838837283], [-0.5776392563576409, 0.7157045701863486, 0.3925555473165173]], "trans": [-400.5416474058501, 63.28381420793792, 442.4596312077749]}], "rb_ScNup133N_56-480_renamed_1.pdb_2": [{"rot": [[0.5340974465147351, 0.7102265905591912, -0.45860452209841024], [-0.6400319448508235, -0.014733033747692914, -0.7682070341301662], [-0.5523576985947753, 0.7038189595196062, 0.44669883033630947]], "trans": [-546.3152817579961, 491.1975434751364, 452.0379284401057]}], "rb_ScNup133N_56-480_renamed_1.pdb_3": [{"rot": [[-0.08349133843916234, 0.5070366456319221, -0.8578712236647001], [-0.8607944160350561, -0.4704204178580415, -0.1942616889279415], [-0.5020579346335521, 0.7222315905916871, 0.475730343601181]], "trans": [-347.7962353459407, 897.0629697721159, 434.28124254761303]}], "rb_ScNup133N_56-480_renamed_1.pdb_4": [{"rot": [[-0.6759668583407075, 0.04209586847765534, -0.7357287164995736], [-0.5787440199985493, -0.6483754044155221, 0.49463592092056047], [-0.45620627542912723, 0.7601560845024686, 0.4626430172962337]], "trans": [78.72214866284344, 1043.1185204667745, 399.61569539657614]}], "rb_ScNup133N_56-480_renamed_1.pdb_5": [{"rot": [[-0.8962485997267445, -0.4122268779816818, -0.1637298035097127], [0.04089014434992741, -0.4443494531294523, 0.8949198621097884], [-0.44166326945184786, 0.7953757379836502, 0.4151035917022064]], "trans": [483.38130034605973, 843.8029113740959, 368.37285819347426]}], "rb_ScNup133N_56-480_renamed_1.pdb_6": [{"rot": [[-0.6152924125207797, -0.5897829229194844, 0.5230404868907487], [0.6351176466933186, 0.022136156970875398, 0.772098157887522], [-0.46694841465958825, 0.807258381428842, 0.3609613326379807]], "trans": [629.1280962929054, 415.87815344583896, 358.8792303970754]}], "rb_ScNup133N_56-480_renamed_1.pdb_7": [{"rot": [[0.002313607329693268, -0.3865574316709546, 0.922262435124126], [0.8558316375510835, 0.4778075780415862, 0.19812149437319448], [-0.5172493164691068, 0.7888429947625777, 0.33193353886923355]], "trans": [430.58392174715914, 10.028720410642904, 376.72031793184846]}], "rb_ScNup133C_490_881_renamed_relative_3CQC_1.pdb_7": [{"rot": [[0.7416894280087106, 0.3140187462587349, -0.5926963973048969], [-0.270068342384383, 0.94865814501625, 0.16465361926201133], [0.6139705879126975, 0.03794668486732394, 0.7884162392326256]], "trans": [247.03368813704446, 115.11517442764284, -287.1281412338584]}], "rb_ScNup133C_490_881_renamed_relative_3CQC_1.pdb_8": [{"rot": [[0.34755701093349833, 0.8921654209329517, -0.28852207167303734], [-0.6783170350951704, 0.4516726428263508, 0.5795496731272974], [0.6473717047034644, -0.005717115862838518, 0.7621529968028345]], "trans": [-65.1045752308072, 29.43613950786542, -261.79068161404405]}], "rb_ScNup133C_490_881_renamed_relative_3CQC_1.pdb_9": [{"rot": [[-0.21901081435260178, 0.9508050696550844, 0.2190981120749338], [-0.687295445241687, -0.3097176290715853, 0.6570387821067394], [0.6925743527929991, -0.00668653575971595, 0.7213155038489694]], "trans": [-346.294441879691, 190.29570347109916, -240.11952754672296]}], "rb_ScNup133C_490_881_renamed_relative_3CQC_1.pdb_10": [{"rot": [[-0.6261106271906564, 0.45558575938466045, 0.6327930928548643], [-0.29174389356451974, -0.8894795137969134, 0.3517267335637431], [0.723098183573114, 0.035606325021103336, 0.6898269395520549]], "trans": [-431.8090098103072, 503.460182423009, -234.78594174661742]}], "rb_ScNup133C_490_881_renamed_relative_3CQC_1.pdb_11": [{"rot": [[-0.6352576171127713, -0.3033860553296305, 0.7102145178266418], [0.27661794368696746, -0.9479803246349615, -0.15753036956531907], [0.7210619065868039, 0.09638571230487797, 0.6861337488659801]], "trans": [-271.55072603422957, 785.4735257695922, -248.89040907780253]}], "rb_ScNup133C_490_881_renamed_relative_3CQC_1.pdb_12": [{"rot": [[-0.24109334845001423, -0.8814939839255694, 0.4060078245997073], [0.6848356883489483, -0.4509494617353686, -0.5724025357422887], [0.6876584016041546, 0.14004620403141235, 0.7123994549686361]], "trans": [40.600760509978215, 871.128457385459, -274.1463288034941]}], "rb_ScNup133C_490_881_renamed_relative_3CQC_1.pdb_13": [{"rot": [[0.3254751924987832, -0.9400742505098626, -0.10161841661922671], [0.6937696297282351, 0.3104453872801166, -0.649851800323154], [0.6424559128334224, 0.14101086853436906, 0.7532372368786313]], "trans": [321.7846210080231, 710.247227390678, -295.7344221387273]}], "rb_ScNup133C_490_881_renamed_relative_3CQC_1.pdb_14": [{"rot": [[0.732544165829389, -0.44480970893567207, -0.5152895961941073], [0.2981861389962681, 0.8901683841908523, -0.34450729208181363], [0.6119346955515939, 0.0987145917461469, 0.7847237461403653]], "trans": [407.28129862698074, 397.0764455367148, -300.98407471442016]}], "rb_ScNup84_506-726_ScNup133C_882_1155_renamed_relative_3CQC_new_1.pdb_14": [{"rot": [[0.9784125262635581, 0.18618842631811106, 0.08968165005031119], [-0.20056072762451255, 0.9601263114211123, 0.1947636019681668], [-0.04984298331046437, -0.2085457648145216, 0.9767416961472661]], "trans": [-70.76436849455399, 74.39701551516669, 98.99536317819084]}], "rb_ScNup84_506-726_ScNup133C_882_1155_renamed_relative_3CQC_new_1.pdb_15": [{"rot": [[0.5512591700520536, 0.8047531611343072, 0.22019463453467597], [-0.8342371994912036, 0.5356742220951359, 0.13077240828188363], [-0.012713080609893207, -0.25578404451237674, 0.9666503505168224]], "trans": [-311.47757017930803, 246.85731714881072, 117.38383334814927]}], "rb_ScNup84_506-726_ScNup133C_882_1155_renamed_relative_3CQC_new_1.pdb_16": [{"rot": [[-0.1975691218988414, 0.9431115120477022, 0.2674081485579971], [-0.9791288154828749, -0.20311876180103378, -0.007037847363750349], [0.04767813716181982, -0.26321748507177484, 0.9635576530697407]], "trans": [-360.1830249953743, 539.5091038057359, 119.88330884383026]}], "rb_ScNup84_506-726_ScNup133C_882_1155_renamed_relative_3CQC_new_1.pdb_17": [{"rot": [[-0.8293981776853763, 0.5202112062404818, 0.2036638498948654], [-0.5503560239798206, -0.8234572933199479, -0.13793597408691816], [0.09595264311783458, -0.2264914722015085, 0.9692753495775559]], "trans": [-188.34647742532462, 780.9129492673035, 105.05356657844601]}], "rb_ScNup84_506-726_ScNup133C_882_1155_renamed_relative_3CQC_new_1.pdb_18": [{"rot": [[-0.9740936276381124, -0.21620679425117267, 0.06630404749675456], [0.20090002805911034, -0.961938313924532, -0.18524000358960133], [0.10383055099858368, -0.16712062207776127, 0.9804539328064684]], "trans": [103.36971340824891, 829.6511938630852, 81.60608357161112]}], "rb_ScNup84_506-726_ScNup133C_882_1155_renamed_relative_3CQC_new_1.pdb_19": [{"rot": [[-0.5468908369688926, -0.8347384412454428, -0.06420394961830829], [0.8345429526391781, -0.5374376891622304, -0.12123856840231209], [0.0666968712890232, -0.11988521583201095, 0.9905448310829579]], "trans": [344.076003056012, 657.1724034948029, 63.30073087942634]}], "rb_ScNup84_506-726_ScNup133C_882_1155_renamed_relative_3CQC_new_1.pdb_20": [{"rot": [[0.2019487759889056, -0.973039174636863, -0.11140671657756006], [0.9793757901761426, 0.2013661295223914, 0.016575388321999354], [0.006305037147897569, -0.11245642046224617, 0.993636653914991]], "trans": [392.76516642288493, 364.5172023063202, 60.885047115633085]}], "rb_ScNup84_506-726_ScNup133C_882_1155_renamed_relative_3CQC_new_1.pdb_21": [{"rot": [[0.8337444073260613, -0.5500904747643983, -0.04765220693725693], [0.5505534222978411, 0.8216714480100383, 0.1474685075574416], [-0.041966563460060446, -0.14918612904208986, 0.9879181678928609]], "trans": [220.91631843061384, 123.12725038736664, 75.79817879138906]}], "rb_4XMM.renamed.noAb_Nup145c_149-550_Sec13_Nup84_7-436_3IKO_updated_1.pdb_21": [{"rot": [[0.9991567676072207, -0.02752482932168491, 0.030465349423571084], [0.02757381580645437, 0.9996190630303062, -0.001188910544188514], [-0.0304210194858735, 0.0020279539497903595, 0.9995351164297407]], "trans": [1.533577662254288, -13.406338322065949, 15.836062291151393]}], "rb_4XMM.renamed.noAb_Nup145c_149-550_Sec13_Nup84_7-436_3IKO_updated_1.pdb_22": [{"rot": [[0.7271820781034171, 0.6852476700404467, 0.04051982217794296], [-0.6864244042682107, 0.7263457940034856, 0.0352608105192634], [-0.005269014160655117, -0.05345482426855719, 0.9985563675888256]], "trans": [-323.76695088929216, 129.0286926228628, 41.112753300280474]}], "rb_4XMM.renamed.noAb_Nup145c_149-550_Sec13_Nup84_7-436_3IKO_updated_1.pdb_23": [{"rot": [[0.031503671664528055, 0.9968103809487143, 0.07332518738148318], [-0.9981657545628042, 0.02758222213357797, 0.05389199792398461], [0.051697631374352196, -0.07488848679903992, 0.9958509273255856]], "trans": [-453.47124763158007, 460.4604651854221, 49.879655101808225]}], "rb_4XMM.renamed.noAb_Nup145c_149-550_Sec13_Nup84_7-436_3IKO_updated_1.pdb_24": [{"rot": [[-0.6803402321520149, 0.724645474318831, 0.10966359954230852], [-0.7250277565217141, -0.6873260996116621, 0.04379023938854698], [0.10710705293503912, -0.049716891916659345, 0.9930036806929341]], "trans": [-311.594793363129, 786.7316906056514, 37.02499790827096]}], "rb_4XMM.renamed.noAb_Nup145c_149-550_Sec13_Nup84_7-436_3IKO_updated_1.pdb_25": [{"rot": [[-0.9913414374914364, 0.028190989979765976, 0.12824750444499597], [-0.02701850064318375, -0.9995757961465356, 0.01087328749780527], [0.1284996300983112, 0.007314085176998121, 0.9916825849144558]], "trans": [18.75109788686052, 916.708201403281, 10.103226055495895]}], "rb_4XMM.renamed.noAb_Nup145c_149-550_Sec13_Nup84_7-436_3IKO_updated_1.pdb_26": [{"rot": [[-0.7193110531489093, -0.684560215134427, 0.11819018856449215], [0.686958349048636, -0.7262465925201935, -0.025575643201622367], [0.10334328952658572, 0.0627948939636909, 0.9926615565246342]], "trans": [344.0470584863421, 774.248041679437, -15.09050200699204]}], "rb_4XMM.renamed.noAb_Nup145c_149-550_Sec13_Nup84_7-436_3IKO_updated_1.pdb_27": [{"rot": [[-0.02360831390070456, -0.9960684352758621, 0.08538336935175013], [0.9986450869306968, -0.02745859015871782, -0.044204255176088406], [0.04637497023118155, 0.08422409437677052, 0.9953671001507263]], "trans": [473.7320413823589, 442.80649848377874, -23.773340247434817]}], "rb_4XMM.renamed.noAb_Nup145c_149-550_Sec13_Nup84_7-436_3IKO_updated_1.pdb_28": [{"rot": [[0.6882143061929561, -0.7238477628197827, 0.04904574407774499], [0.7254512271686832, 0.687428346243706, -0.034099644867521775], [-0.009032483091351573, 0.05904815866252909, 0.9982142701884026]], "trans": [331.8366683754291, 116.54681794126145, -10.834754695375409]}], "rb_4XMM.renamed.noAb_Seh1_Nup85_47_544_3F3F_1.pdb_28": [{"rot": [[0.6655188323771701, -0.7101836616822619, 0.22961674684330402], [0.26388828255658464, 0.5116580772904833, 0.8176606791773352], [-0.698174518355306, -0.4835754115161147, 0.5279272329557891]], "trans": [466.22255557959375, -97.89380140522007, 729.9776020777005]}], "rb_4XMM.renamed.noAb_Seh1_Nup85_47_544_3F3F_1.pdb_29": [{"rot": [[0.6440505487411902, -0.15232520378823522, 0.7496638733172645], [-0.32265254036525365, 0.8344516218294623, 0.4467502982898028], [-0.6936095651459973, -0.5296107279097092, 0.4882809109733124]], "trans": [-39.774319409954046, -217.07445376729902, 770.9297946120485]}], "rb_4XMM.renamed.noAb_Seh1_Nup85_47_544_3F3F_1.pdb_30": [{"rot": [[0.21541581900140044, 0.4698201314152882, 0.8560753874752365], [-0.722002453704801, 0.6668887882193284, -0.18431440798700818], [-0.6575016971599401, -0.5783842911631297, 0.48286968217886844]], "trans": [-481.7083072333099, 57.62006830656925, 804.8593896459405]}], "rb_4XMM.renamed.noAb_Seh1_Nup85_47_544_3F3F_1.pdb_31": [{"rot": [[-0.3692850884109413, 0.791790834316858, 0.4865139239211302], [-0.7002166473939722, 0.10713024702485247, -0.7058468367037836], [-0.6110034125843055, -0.6013238602152804, 0.5148635206985683]], "trans": [-600.6863332150594, 565.2699573879305, 811.9139569024188]}], "rb_4XMM.renamed.noAb_Seh1_Nup85_47_544_3F3F_1.pdb_32": [{"rot": [[-0.7675261376508903, 0.6249719273698242, -0.14252620117842232], [-0.27005755394952047, -0.5169095557268109, -0.8123259375109914], [-0.5813540621493125, -0.5849911120674881, 0.5655199848144493]], "trans": [-327.0074788056645, 1008.4868673846669, 787.984836314427]}], "rb_4XMM.renamed.noAb_Seh1_Nup85_47_544_3F3F_1.pdb_33": [{"rot": [[-0.7460121068748904, 0.06708827841034685, -0.6625444130743396], [0.31648156444557723, -0.8396593046225184, -0.4413747518004481], [-0.5859226533956212, -0.5389540008764784, 0.6051638035912837]], "trans": [179.00523754926832, 1127.6281998574386, 747.1140490241971]}], "rb_4XMM.renamed.noAb_Seh1_Nup85_47_544_3F3F_1.pdb_34": [{"rot": [[-0.31734621865935625, -0.5550440048416617, -0.7689067109812056], [0.7157978220339033, -0.6720476459877052, 0.18969828542689154], [-0.6220328411540073, -0.4901817155012122, 0.6105710690117574]], "trans": [620.9243451689824, 852.8993991460877, 713.2682834056333]}], "rb_4XMM.renamed.noAb_Seh1_Nup85_47_544_3F3F_1.pdb_35": [{"rot": [[0.26735300549002833, -0.8769710587919812, -0.3993045610767777], [0.6939661247609843, -0.11226385277503179, 0.7112016908334272], [-0.6685307682819607, -0.46724574840374433, 0.5785741287501144]], "trans": [739.8693130896961, 345.2405871785933, 706.2988710845718]}], "rb_4XMM.renamed.noAb_Nup120_715-1036_Nup85_553-744_Nup145c_92-99_554-712_remaining_updated_1.pdb_35": [{"rot": [[0.9962581658455141, -0.07012254100728889, 0.05052223499423955], [0.06884882368828583, 0.9972743610935155, 0.026527121635411346], [-0.05224467879958117, -0.02294946509619922, 0.9983705802901681]], "trans": [22.71865777926746, -46.945465534641926, 41.71247452046117]}], "rb_4XMM.renamed.noAb_Nup120_715-1036_Nup85_553-744_Nup145c_92-99_554-712_remaining_updated_1.pdb_36": [{"rot": [[0.7537941583680934, 0.652901592696721, 0.07425548507836152], [-0.6564530470196379, 0.7532705070956962, 0.040656367255642575], [-0.029389859965142436, -0.0793917715753829, 0.9964101478494443]], "trans": [-331.8811435540765, 91.87316065373139, 69.34209450932065]}], "rb_4XMM.renamed.noAb_Nup120_715-1036_Nup85_553-744_Nup145c_92-99_554-712_remaining_updated_1.pdb_37": [{"rot": [[0.07102274470366621, 0.9923477835187988, 0.1010031993556866], [-0.9971175862033503, 0.06792308410200953, 0.03380789745126055], [0.026688743296780934, -0.10311319601000662, 0.9943115104381726]], "trans": [-484.8599387390755, 441.53237044242354, 79.87543286410488]}], "rb_4XMM.renamed.noAb_Nup120_715-1036_Nup85_553-744_Nup145c_92-99_554-712_remaining_updated_1.pdb_38": [{"rot": [[-0.6520789539462128, 0.7493636666840808, 0.11509618965978644], [-0.7535787034390302, -0.6572817240991782, 0.009993642397096547], [0.08313949448704824, -0.08021739349418337, 0.9933040794426631]], "trans": [-346.5986792160815, 797.1969853375402, 67.16591635769737]}], "rb_4XMM.renamed.noAb_Nup120_715-1036_Nup85_553-744_Nup145c_92-99_554-712_remaining_updated_1.pdb_39": [{"rot": [[-0.9919077667784942, 0.0662927639103927, 0.10827858355935609], [-0.06850491014826361, -0.997508715475816, -0.016835671515123926], [0.1068927476028091, -0.024117047972497835, 0.993978022144863]], "trans": [1.9091530418400566, 950.5137758576315, 38.682963864920396]}], "rb_4XMM.renamed.noAb_Nup120_715-1036_Nup85_553-744_Nup145c_92-99_554-712_remaining_updated_1.pdb_40": [{"rot": [[-0.7493871836497661, -0.6567123586577102, 0.0845442308362736], [0.6567779060187331, -0.7534481212788908, -0.030963053902295954], [0.08403351204798187, 0.032323467133574736, 0.9959385334072303]], "trans": [356.50466927682754, 811.6677211444608, 11.136295466859849]}], "rb_4XMM.renamed.noAb_Nup120_715-1036_Nup85_553-744_Nup145c_92-99_554-712_remaining_updated_1.pdb_41": [{"rot": [[-0.06658918169706035, -0.9961051058476053, 0.05779704997009417], [0.9973888448636256, -0.06807407884334021, -0.024112484965922533], [0.027953050325805744, 0.05604050226363406, 0.9980371180890624]], "trans": [509.46272962091086, 461.996914573555, 0.6871428203103278]}], "rb_4XMM.renamed.noAb_Nup120_715-1036_Nup85_553-744_Nup145c_92-99_554-712_remaining_updated_1.pdb_42": [{"rot": [[0.6564935420839011, -0.7530644209177164, 0.043705916647475834], [0.7537932157968379, 0.6571116339980922, -0.0002971245819531655], [-0.028495912352358318, 0.03314028382829602, 0.9990443956936974]], "trans": [371.18025895513836, 106.34356178770258, 13.480771779859538]}], "rb_4XMM.renamed.noAb_Nup120_2-711_3F7F_updated_1.pdb_42": [{"rot": [[0.9927973301018346, 0.058284788343867036, 0.10467255987305975], [-0.0858569194908018, 0.9554774489020618, 0.282296712724675], [-0.08355866632623234, -0.28925028623549937, 0.9535996126228569]], "trans": [-59.689668691176394, -6.452140499678421, 237.9984384741997]}], "rb_4XMM.renamed.noAb_Nup120_2-711_3F7F_updated_1.pdb_43": [{"rot": [[0.641655632948273, 0.709204048777276, 0.29207476081248374], [-0.7652100400600755, 0.6178803675048317, 0.18076904061080568], [-0.05226512505493605, -0.3394900125924364, 0.9391564768732517]], "trans": [-357.8761138729162, 189.8903014397579, 260.8516841374897]}], "rb_4XMM.renamed.noAb_Nup120_2-711_3F7F_updated_1.pdb_44": [{"rot": [[-0.08560174332017823, 0.9316724279200953, 0.3530705716907323], [-0.9963060497540045, -0.08247263660000437, -0.023927378373197], [0.00682618225048634, -0.35381457186740883, 0.9352906777949648]], "trans": [-430.4018402180831, 540.1913801705163, 264.9692917418233]}], "rb_4XMM.renamed.noAb_Nup120_2-711_3F7F_updated_1.pdb_45": [{"rot": [[-0.762937173356455, 0.5953648124663151, 0.25192778645439395], [-0.6437656476401481, -0.7353048986304757, -0.21187849576699663], [0.05909873458308548, -0.3238324352608521, 0.9442668549958231]], "trans": [-234.77834128167234, 839.2399013220881, 247.9631135955017]}], "rb_4XMM.renamed.noAb_Nup120_2-711_3F7F_updated_1.pdb_46": [{"rot": [[-0.9935580118157429, -0.10270505451386176, 0.047897274808187715], [0.0858880279035263, -0.9581780745542375, -0.27297989689055013], [0.07393053374343686, -0.2671075611450132, 0.9608266373074654]], "trans": [114.39729230729483, 911.8491414149138, 219.81961354493805]}], "rb_4XMM.renamed.noAb_Nup120_2-711_3F7F_updated_1.pdb_47": [{"rot": [[-0.6423633197747693, -0.7535980021583232, -0.1394970126953247], [0.7652135656267091, -0.6205299154033701, -0.17143751943592414], [0.04263290265503849, -0.21687018059767568, 0.9752690707588014]], "trans": [412.574964355232, 715.4837006075102, 197.04965564428989]}], "rb_4XMM.renamed.noAb_Nup120_2-711_3F7F_updated_1.pdb_48": [{"rot": [[0.08491210032370605, -0.9760117641463824, -0.20047686017713195], [0.996252487041078, 0.07984052635250477, 0.03326368013643935], [-0.016459565093927472, -0.2025500594905354, 0.9791335741957259]], "trans": [485.07990361054544, 365.1773396727491, 193.01620718935]}], "rb_4XMM.renamed.noAb_Nup120_2-711_3F7F_updated_1.pdb_49": [{"rot": [[0.762220052802573, -0.6396532226713902, -0.0993194131665419], [0.6436589343333043, 0.7326463707095668, 0.22120685283013594], [-0.06872966869232157, -0.23253612668186288, 0.970156267015391]], "trans": [289.4396076770927, 66.1445809610824, 210.10612405783178]}]}
