{"rb_ScNup133N_56-480_renamed_1.pdb_0": [{"rot": [[-0.2154763434313392, 0.34241912388839985, 0.9145048326919663], [-0.5497227937752076, -0.8165494258427773, 0.17621545096787708], [0.8070779364010896, -0.46475389051769367, 0.364182681937551]], "trans": [406.1179947417068, 634.554934453754, -179.28716419604353]}], "rb_ScNup133N_56-480_renamed_1.pdb_1": [{"rot": [[-0.5243539744947134, -0.34209131071507953, 0.7797605046197437], [-0.19036195279480655, -0.8454760320017658, -0.49893146447052006], [0.8299489359953095, -0.41005342876726303, 0.3782075477782878]], "trans": [416.0085359699941, 290.82658235224574, -178.3618625366725]}], "rb_ScNup133N_56-480_renamed_1.pdb_2": [{"rot": [[-0.4895324976547927, -0.8466811044263788, 0.20854026265253517], [0.28274519428442246, -0.3803610872662737, -0.8805569819169472], [0.824871559001112, -0.3720975016053536, 0.4255941264281374]], "trans": [180.71371993346193, 40.85911975179391, -158.3499607081656]}], "rb_ScNup133N_56-480_renamed_1.pdb_3": [{"rot": [[-0.13141082502722617, -0.8757544413733276, -0.464527021259856], [0.5924458098926935, 0.30632451561692636, -0.7450994923314913], [0.7948202044527142, -0.3731212263419845, 0.4785826919632587]], "trans": [-161.92551913751947, 31.087127580145108, -130.9507080682916]}], "rb_ScNup133N_56-480_renamed_1.pdb_4": [{"rot": [[0.3402183180471736, -0.4122797508383528, -0.8451490419528486], [0.5573129066280014, 0.8123106682118555, -0.1719119030639159], [0.7573993795686663, -0.41252489059191855, 0.5061317955544038]], "trans": [-411.1843704426343, 267.2352934317205, -112.1909682417645]}], "rb_ScNup133N_56-480_renamed_1.pdb_5": [{"rot": [[0.6490679295845063, 0.27223295847002094, -0.7103520529339957], [0.1979278345967389, 0.8411835479236529, 0.5032244141478248], [0.7345307311996745, -0.46722527224587856, 0.4921027838755195]], "trans": [-421.04157099827967, 610.9648088567076, -113.03645643010867]}], "rb_ScNup133N_56-480_renamed_1.pdb_6": [{"rot": [[0.6142095523666791, 0.7767864898097472, -0.13910203100808666], [-0.27517656367566484, 0.37602901470954353, 0.8848050852590204], [0.739611036008236, -0.5051781164555933, 0.4447140497771602]], "trans": [-185.720720393166, 860.9141939281612, -132.96786883002198]}], "rb_ScNup133N_56-480_renamed_1.pdb_7": [{"rot": [[0.2560637152710143, 0.8058062703172226, 0.5339547063553722], [-0.5848490609092203, -0.31065884719472925, 0.7492947728452701], [0.7696641798051977, -0.5041501119479086, 0.39172658187529624]], "trans": [156.92582240350066, 870.6596913800745, -160.285098123534]}], "rb_ScNup133C_490_881_renamed_relative_3CQC_1.pdb_7": [{"rot": [[0.7561593317111511, 0.346395751092553, -0.5551873996149124], [-0.28250155393660276, 0.9380739894930691, 0.20052446798323503], [0.5902676825725317, 0.005212855415297271, 0.8071907389513765]], "trans": [221.00690916797748, 111.78474706852829, -272.4111801344337]}], "rb_ScNup133C_490_881_renamed_relative_3CQC_1.pdb_8": [{"rot": [[0.34858146519772215, 0.9070100045166203, -0.23627063682854624], [-0.6986716898275485, 0.41948500338244243, 0.5795603521383663], [0.6247790264998692, -0.03694839162926822, 0.7799269096536439]], "trans": [-85.6130294503842, 46.27161347433517, -247.61168179921867]}], "rb_ScNup133C_490_881_renamed_relative_3CQC_1.pdb_9": [{"rot": [[-0.23308099148356776, 0.9380196546689228, 0.2565002511964232], [-0.703711535661949, -0.34473832515472375, 0.6212451704003933], [0.671165647202935, -0.03570174539580906, 0.7404472022976076]], "trans": [-348.68460717086396, 217.4703808563546, -227.43497265547302]}], "rb_ScNup133C_490_881_renamed_relative_3CQC_1.pdb_10": [{"rot": [[-0.6480819697681793, 0.421258811254175, 0.6344531301854475], [-0.29466867868818675, -0.906903194712425, 0.3011593684754833], [0.7022536082225219, 0.008222491174402213, 0.7118793861163083]], "trans": [-414.0948711162953, 525.0905141747593, -223.6768485100153]}], "rb_ScNup133C_490_881_renamed_relative_3CQC_1.pdb_11": [{"rot": [[-0.6533080450631934, -0.34054673732737184, 0.6761778744911625], [0.2888338079742254, -0.9376854981790992, -0.1931862776589443], [0.6998311436531047, 0.06909288096680027, 0.7109588906349584]], "trans": [-243.5236530434593, 788.9239186829269, -238.51486657561844]}], "rb_ScNup133C_490_881_renamed_relative_3CQC_1.pdb_12": [{"rot": [[-0.24569770877312946, -0.9011205592584126, 0.357231540580386], [0.7049719402533843, -0.41905252815349026, -0.5721971182237313], [0.6653173673961991, 0.11125069136850224, 0.7382249550855193]], "trans": [63.10793578566586, 854.413382764149, -263.2327017522111]}], "rb_ScNup133C_490_881_renamed_relative_3CQC_1.pdb_13": [{"rot": [[0.3359651567975515, -0.9320706055608544, -0.13554261199864115], [0.7099661327124936, 0.3451732087985229, -0.6138432587631737], [0.6189309362273451, 0.10999928262106462, 0.7777047344613435]], "trans": [326.17270046884, 683.1943717533817, -283.32629277068247]}], "rb_ScNup133C_490_881_renamed_relative_3CQC_1.pdb_14": [{"rot": [[0.7509342435511401, -0.4152659027150743, -0.5134705365495736], [0.3008907169908937, 0.9072975003875603, -0.2937278029386845], [0.5878456755739371, 0.06607174761359945, 0.8062704173391839]], "trans": [391.5655059807414, 375.56951328396735, -287.00052579159217]}], "rb_ScNup84_506-726_ScNup133C_882_1155_renamed_relative_3CQC_new_1.pdb_14": [{"rot": [[0.9854972711532698, 0.15950423129227764, 0.05790966024179012], [-0.16795938778678188, 0.9655132143109005, 0.1989318401999135], [-0.0241820719490575, -0.2057732567436646, 0.9783008710030662]], "trans": [-56.214407961448956, 52.03486358189264, 82.28004095514876]}], "rb_ScNup84_506-726_ScNup133C_882_1155_renamed_relative_3CQC_new_1.pdb_15": [{"rot": [[0.5797727413352414, 0.7896881345173828, 0.2006395240401975], [-0.8146998232100425, 0.5584490517158238, 0.1562013274566656], [0.011303382951430546, -0.2540222565842504, 0.9671323211917284]], "trans": [-317.2580227688642, 219.82796790601643, 102.31167905644881]}], "rb_ScNup84_506-726_ScNup133C_882_1155_renamed_relative_3CQC_new_1.pdb_16": [{"rot": [[-0.16310622327880792, 0.9485221294886519, 0.271481361787578], [-0.9840259477915358, -0.1762959190298286, 0.024752434352981967], [0.07133928791832893, -0.26310742825648664, 0.9621253490037378]], "trans": [-383.6344036890697, 523.6023664013644, 106.16552002291849]}], "rb_ScNup84_506-726_ScNup133C_882_1155_renamed_relative_3CQC_new_1.pdb_17": [{"rot": [[-0.8079506506245664, 0.5429590223925866, 0.22893502606160396], [-0.5767441302530671, -0.8082977341591657, -0.11841022410160665], [0.12075576331576851, -0.22770655009385674, 0.9662131093451283]], "trans": [-216.45741753277503, 785.4028500055229, 91.60793437842852]}], "rb_ScNup84_506-726_ScNup133C_882_1155_renamed_relative_3CQC_new_1.pdb_18": [{"rot": [[-0.9770015828564631, -0.1894166001941278, 0.09792476023388463], [0.16855419801770163, -0.9673208191438283, -0.18941994399091805], [0.13060394108362605, -0.16855795567641135, 0.9770009345704915]], "trans": [86.3402133534214, 851.8631208315358, 67.19096595666542]}], "rb_ScNup84_506-726_ScNup133C_882_1155_renamed_relative_3CQC_new_1.pdb_19": [{"rot": [[-0.5712266002549093, -0.8195687720639155, -0.044801774728953664], [0.8152627676133253, -0.5602072085743037, -0.14667823016674322], [0.09511461982618419, -0.1203117256090713, 0.9881691645544746]], "trans": [347.3772806890541, 684.049931934886, 47.24242403953923]}], "rb_ScNup84_506-726_ScNup133C_882_1155_renamed_relative_3CQC_new_1.pdb_20": [{"rot": [[0.1716655909448508, -0.978345465789832, -0.11563336220153751], [0.9845305798738565, 0.17455020417587241, -0.01522378124544875], [0.035077944335482045, -0.1112311817371283, 0.9931752927004169]], "trans": [413.7365031455241, 380.27073233237377, 43.47245065773001]}], "rb_ScNup84_506-726_ScNup133C_882_1155_renamed_relative_3CQC_new_1.pdb_21": [{"rot": [[0.8164782703581013, -0.5727330554358536, -0.07307585951704382], [0.5771981637009231, 0.8065201666381263, 0.12793553308714128], [-0.014335754368902696, -0.1466358346964351, 0.9890866585540188]], "trans": [246.54562588205835, 118.48377723304498, 58.11355427611301]}], "rb_4XMM.renamed.noAb_Nup145c_149-550_Sec13_Nup84_7-436_3IKO_updated_1.pdb_21": [{"rot": [[0.9995449007517156, -0.013133290219079066, 0.027157099794786872], [0.013321499229009465, 0.9998884063335447, -0.006761104795463863], [-0.02706527368297005, 0.007119801105732263, 0.9996083129869819]], "trans": [-3.0451576475325055, -6.4574187086802795, 11.85151913637526]}], "rb_4XMM.renamed.noAb_Nup145c_149-550_Sec13_Nup84_7-436_3IKO_updated_1.pdb_22": [{"rot": [[0.7174758461988608, 0.6957409818887681, 0.03424757278524894], [-0.6965824691815174, 0.7166868954234733, 0.03365646382559232], [-0.0011286054263280887, -0.04800395867755066, 0.9988465078284428]], "trans": [-322.1928628800042, 136.9396936476451, 36.63311104809509]}], "rb_4XMM.renamed.noAb_Nup145c_149-550_Sec13_Nup84_7-436_3IKO_updated_1.pdb_23": [{"rot": [[0.017543037248891113, 0.9975478654221919, 0.06775321420945137], [-0.9982694347853245, 0.013671074304192288, 0.05719473140733708], [0.05612822300297946, -0.0686393321572773, 0.9960613759520696]], "trans": [-446.86669481978805, 464.68694877909724, 45.01698057318691]}], "rb_4XMM.renamed.noAb_Nup145c_149-550_Sec13_Nup84_7-436_3IKO_updated_1.pdb_24": [{"rot": [[-0.6902230175626953, 0.715484632530255, 0.10804594689155225], [-0.7150069193454863, -0.6973224764895459, 0.050064648910811395], [0.11116335418978335, -0.04269782659025768, 0.9928844868814015]], "trans": [-304.02905147626404, 784.7855001885534, 32.11574363247843]}], "rb_4XMM.renamed.noAb_Nup145c_149-550_Sec13_Nup84_7-436_3IKO_updated_1.pdb_25": [{"rot": [[-0.9912029838258982, 0.014787902132637814, 0.13152171989884615], [-0.012734098408128286, -0.9997837098937029, 0.016443119196643277], [0.13173643228950416, 0.01462365828711954, 0.9911769070281718]], "trans": [22.645675008424007, 909.717219865959, 5.511131634463766]}], "rb_4XMM.renamed.noAb_Nup145c_149-550_Sec13_Nup84_7-436_3IKO_updated_1.pdb_26": [{"rot": [[-0.7090785534862087, -0.6940643012798365, 0.12442809439526081], [0.6971477074748701, -0.7165265706767326, -0.02397389156503867], [0.10579545807092425, 0.06974538840075004, 0.9919389607472779]], "trans": [341.7887370851657, 766.2954616822213, -19.187493686204107]}], "rb_4XMM.renamed.noAb_Nup145c_149-550_Sec13_Nup84_7-436_3IKO_updated_1.pdb_27": [{"rot": [[-0.009122195791085752, -0.9958163621320729, 0.09092061622091618], [0.9987797270837856, -0.013487084917599979, -0.04750952859018942], [0.048537019999024204, 0.09037627703367448, 0.9947242262251105]], "trans": [466.4435424114949, 438.5388306233445, -27.487324464874632]}], "rb_4XMM.renamed.noAb_Nup145c_149-550_Sec13_Nup84_7-436_3IKO_updated_1.pdb_28": [{"rot": [[0.698621785537025, -0.7136976684727733, 0.05062843854578557], [0.7154616703202393, 0.6974843037692465, -0.04037628385699359], [-0.006496081559700138, 0.06443045872919602, 0.9979010556725115]], "trans": [323.5874617337565, 118.45189932729579, -14.502197902601779]}], "rb_4XMM.renamed.noAb_Seh1_Nup85_47_544_3F3F_1.pdb_28": [{"rot": [[0.66624540069913, -0.7209255457481002, 0.19074439319429148], [0.275553039332205, 0.47567180806190934, 0.8353483426271326], [-0.6929556901866373, -0.5039867939767042, 0.5155673796266044]], "trans": [483.2359318874373, -88.94255594681465, 742.0886715244267]}], "rb_4XMM.renamed.noAb_Seh1_Nup85_47_544_3F3F_1.pdb_29": [{"rot": [[0.6528923473790019, -0.18571403685352506, 0.7343309058248217], [-0.31461585180281393, 0.8154005505594059, 0.4859411568717003], [-0.6890199188182629, -0.5482994060392408, 0.47394019961245026]], "trans": [-21.16286277083782, -222.03785573867623, 782.9811884913131]}], "rb_4XMM.renamed.noAb_Seh1_Nup85_47_544_3F3F_1.pdb_30": [{"rot": [[0.2274406565879879, 0.4323491199301328, 0.8725508502239071], [-0.7222867332984559, 0.6758725711130894, -0.14662244888837916], [-0.6531252733066365, -0.596883997199305, 0.46600093482257093]], "trans": [-471.77476636262116, 41.68791477541817, 817.6558353017674]}], "rb_4XMM.renamed.noAb_Seh1_Nup85_47_544_3F3F_1.pdb_31": [{"rot": [[-0.36087407233969576, 0.7711938126684962, 0.5244330340613476], [-0.7086402546151455, 0.1388253274271225, -0.6917777952520102], [-0.6062993431069704, -0.6212790289125963, 0.4964005185145111]], "trans": [-604.6230587967412, 547.7405974901276, 825.8237198428926]}], "rb_4XMM.renamed.noAb_Seh1_Nup85_47_544_3F3F_1.pdb_32": [{"rot": [[-0.767408775960534, 0.6323200426452642, -0.10609021749362149], [-0.281670715380915, -0.4811313327811195, -0.8301651936289939], [-0.575973418375845, -0.6071935476315214, 0.5473304459274021]], "trans": [-341.88142386510395, 999.6675123235281, 802.7239850845117]}], "rb_4XMM.renamed.noAb_Seh1_Nup85_47_544_3F3F_1.pdb_33": [{"rot": [[-0.7540096927541189, 0.09708202246020373, -0.6496494933022523], [0.30849710805031993, -0.8208180565727394, -0.48071535478777644], [-0.5799128534162921, -0.5628790268958198, 0.588955247470796]], "trans": [162.5342973715488, 1132.723617191894, 761.9127862555306]}], "rb_4XMM.renamed.noAb_Seh1_Nup85_47_544_3F3F_1.pdb_34": [{"rot": [[-0.3285261945898418, -0.5209702688061925, -0.7878201054100603], [0.7161345833462317, -0.6812415715678012, 0.15185907843572943], [-0.6158098716355836, -0.514295537787208, 0.5968905274908708]], "trans": [613.1321764903807, 868.9628865674376, 727.321903969057]}], "rb_4XMM.renamed.noAb_Seh1_Nup85_47_544_3F3F_1.pdb_35": [{"rot": [[0.25978748599033985, -0.8597730843927623, -0.43965976103866067], [0.7024419297900734, -0.14416775071063595, 0.6969870837596855], [-0.6626354936129016, -0.4899039732527072, 0.5664876870644182]], "trans": [745.9475358127474, 362.90019227144694, 719.2391697011333]}], "rb_4XMM.renamed.noAb_Nup120_715-1036_Nup85_553-744_Nup145c_92-99_554-712_remaining_updated_1.pdb_35": [{"rot": [[0.9923540712823539, -0.061960407069545254, 0.10674411068115205], [0.051324056255643555, 0.9936968956484044, 0.09966102963640615], [-0.1122463293778524, -0.09342048776632102, 0.9892792194353918]], "trans": [3.8325279799649934, -53.83898784691064, 113.43559659986869]}], "rb_4XMM.renamed.noAb_Nup120_715-1036_Nup85_553-744_Nup145c_92-99_554-712_remaining_updated_1.pdb_36": [{"rot": [[0.7374854285527674, 0.65477285357146, 0.16549245571392304], [-0.669549386089464, 0.7409294338979016, 0.052222538917150965], [-0.08842433069896113, -0.1493187336191239, 0.9848274232223728]], "trans": [-348.71228087696716, 104.44020508598425, 140.806736117176]}], "rb_4XMM.renamed.noAb_Nup120_715-1036_Nup85_553-744_Nup145c_92-99_554-712_remaining_updated_1.pdb_37": [{"rot": [[0.04906096404431198, 0.9835916829691281, 0.17360997379470283], [-0.9982845364356406, 0.053850182925753554, -0.02298134270093112], [-0.03195318639067922, -0.17218466538230853, 0.9845463091630893]], "trans": [-486.519817425859, 466.39680573975375, 150.07099860421044]}], "rb_4XMM.renamed.noAb_Nup120_715-1036_Nup85_553-744_Nup145c_92-99_554-712_remaining_updated_1.pdb_38": [{"rot": [[-0.6696305641490099, 0.7318693745168102, 0.12634130837476557], [-0.7423037085444756, -0.6650401442311169, -0.08189512099123686], [0.02408551096806715, -0.14862309781936336, 0.9886005578371777]], "trans": [-328.85857033084017, 819.9916506585301, 135.82525337115288]}], "rb_4XMM.renamed.noAb_Nup120_715-1036_Nup85_553-744_Nup145c_92-99_554-712_remaining_updated_1.pdb_39": [{"rot": [[-0.9975695252610026, 0.047068405790424, 0.05137711014529304], [-0.05156408072428749, -0.9946054575706021, -0.09000627394703123], [0.046863502318891574, -0.0924367294267644, 0.9946151332064509]], "trans": [31.91319217550665, 958.0840107967604, 106.43886374172246]}], "rb_4XMM.renamed.noAb_Nup120_715-1036_Nup85_553-744_Nup145c_92-99_554-712_remaining_updated_1.pdb_40": [{"rot": [[-0.7426446519329093, -0.6696451600364547, -0.007367536575694819], [0.6692893336191056, -0.7417817496675138, -0.04256317379955328], [0.02303711915880304, -0.036540327036690426, 0.9990666122140757]], "trans": [384.452198074376, 799.7775512783703, 79.15079601012008]}], "rb_4XMM.renamed.noAb_Nup120_715-1036_Nup85_553-744_Nup145c_92-99_554-712_remaining_updated_1.pdb_41": [{"rot": [[-0.05419452940104147, -0.9984104104411623, -0.015479189439524508], [0.9979704403302018, -0.05467671342576269, 0.032641342437092345], [-0.033435807305015955, -0.01367879130852045, 0.9993472556915315]], "trans": [522.2380402494912, 437.81054500549203, 69.97078991645981]}], "rb_4XMM.renamed.noAb_Nup120_715-1036_Nup85_553-744_Nup145c_92-99_554-712_remaining_updated_1.pdb_42": [{"rot": [[0.6644770534087059, -0.7466320261465905, 0.03179407217574075], [0.7419332126940364, 0.6641938327432229, 0.09155140876779977], [-0.08947264048179718, -0.03724473221947023, 0.9952926587326516]], "trans": [364.5557429135586, 84.22848478274545, 84.30062736968046]}], "rb_4XMM.renamed.noAb_Nup120_2-711_3F7F_updated_1.pdb_42": [{"rot": [[0.9698500234973129, 0.24116706886517084, 0.0350624702102393], [-0.23790335526904263, 0.9057212686144203, 0.35081473334399377], [0.052848135955714234, -0.34857915668391265, 0.9357882485111357]], "trans": [-135.38347858785585, 95.57298625239548, 194.28184875135094]}], "rb_4XMM.renamed.noAb_Nup120_2-711_3F7F_updated_1.pdb_43": [{"rot": [[0.5208927886236965, 0.802606516946128, 0.29067762506844985], [-0.8486927020781126, 0.45039165893753963, 0.2772508809703647], [0.09160458612526665, -0.391113963590021, 0.9157720607693394]], "trans": [-340.4762125137212, 312.8604787542737, 209.61304162645018]}], "rb_4XMM.renamed.noAb_Nup120_2-711_3F7F_updated_1.pdb_44": [{"rot": [[-0.22722584771829146, 0.8787910026329361, 0.4196364948620446], [-0.961940561298455, -0.26970405877791936, 0.04393264398519539], [0.1517852781316986, -0.3936827331368695, 0.9066284437256352]], "trans": [-332.3865549899612, 611.9294485654741, 207.5543723649093]}], "rb_4XMM.renamed.noAb_Nup120_2-711_3F7F_updated_1.pdb_45": [{"rot": [[-0.8362474398867417, 0.42509058000901473, 0.3463931553458717], [-0.5113047402039781, -0.8327236597446207, -0.21245886459846053], [0.19813551404988494, -0.3547806439042638, 0.9137138571692252]], "trans": [-115.85162811890183, 817.581193093301, 189.33584334856238]}], "rb_4XMM.renamed.noAb_Nup120_2-711_3F7F_updated_1.pdb_46": [{"rot": [[-0.9493985519849267, -0.29271064617658354, 0.11385458753959249], [0.2392259432430956, -0.9088423231398975, -0.3417258839320263], [0.20350267214062573, -0.2971970882841224, 0.9328775660005251]], "trans": [182.28126813518486, 809.3421374989348, 165.6541306576308]}], "rb_4XMM.renamed.noAb_Nup120_2-711_3F7F_updated_1.pdb_47": [{"rot": [[-0.5003936671150493, -0.8541145966270461, -0.14175483674206862], [0.8499800321968339, -0.4534686626736428, -0.2681419714249267], [0.1647425955174358, -0.25466532508685835, 0.9528931993778643]], "trans": [387.3635928120821, 592.0389535154183, 150.4063203997979]}], "rb_4XMM.renamed.noAb_Nup120_2-711_3F7F_updated_1.pdb_48": [{"rot": [[0.24773382219723955, -0.9302429213727911, -0.2706955126620323], [0.963169169715483, 0.26663301058439876, -0.034813620556986974], [0.10456148358326037, -0.25210106089129003, 0.9620353170483673]], "trans": [379.25714179454894, 292.9710270903696, 152.5487997194133]}], "rb_4XMM.renamed.noAb_Nup120_2-711_3F7F_updated_1.pdb_49": [{"rot": [[0.8567202841152022, -0.47649857436838217, -0.19743217420285333], [0.5124855630737792, 0.8296169830060738, 0.22157213080360666], [0.058214280262817525, -0.2910064778193065, 0.9549483375767942]], "trans": [162.7127017288797, 87.33668317652393, 170.85047892327458]}]}
