{"rb_ScNup133N_56-480_renamed_1.pdb_0": [{"rot": [[-0.7640595558541895, -0.2740397283594911, 0.5840507018988618], [0.23271855179727532, -0.9614222914308599, -0.14666033270523984], [0.6017101218670627, 0.023862204853892073, 0.7983580176977202]], "trans": [958.1340846598239, 291.26466728789035, -285.2622073516554]}], "rb_ScNup133N_56-480_renamed_1.pdb_1": [{"rot": [[-0.36571453905549817, -0.8715993053508572, 0.3264468208381352], [0.7376948313754782, -0.4853137981285035, -0.46933660959698065], [0.5675026094083859, 0.06917491061061912, 0.8204606145676242]], "trans": [563.2448322599562, -347.0589948745369, -250.64010443559573]}], "rb_ScNup133N_56-480_renamed_1.pdb_2": [{"rot": [[0.2720157805801754, -0.9586870540919733, -0.08322588198276853], [0.8120539668084988, 0.2750908323927318, -0.5146779468017386], [0.5163097617767238, 0.07241661584143383, 0.8533346727071008]], "trans": [-166.03587852729345, -518.1196611371208, -191.63838684065234]}], "rb_ScNup133N_56-480_renamed_1.pdb_3": [{"rot": [[0.7755399898127474, -0.4842857434330358, -0.4049753608662544], [0.41223532809586355, 0.8743358458682166, -0.256122749672112], [0.4781210709338555, 0.031688283914081544, 0.8777221053338243]], "trans": [-802.4832111254689, -121.70746445266553, -142.79708775697424]}], "rb_ScNup133N_56-480_renamed_1.pdb_4": [{"rot": [[0.8498865071824264, 0.2736936497834687, -0.450316234414724], [-0.22754168876175945, 0.9613750640493215, 0.15486370168508434], [0.4753080104360743, -0.029150854058914946, 0.8793364105522605]], "trans": [-973.2554308519052, 609.9538577442806, -132.704123948911]}], "rb_ScNup133N_56-480_renamed_1.pdb_5": [{"rot": [[0.45150209452815976, 0.8712161095018678, -0.1926871795971671], [-0.7324866864332369, 0.48521968567257917, 0.4775197491558406], [0.5095185107871334, -0.07446037322112872, 0.8572319056037454]], "trans": [-578.3098501632941, 1248.246903281283, -167.2480910248289]}], "rb_ScNup133N_56-480_renamed_1.pdb_6": [{"rot": [[-0.18623404199696425, 0.9582445537524414, 0.21698907070461865], [-0.8067957655581507, -0.27519175481807945, 0.5228289306815187], [0.5607115785133272, -0.07769731838311478, 0.8243577211606393]], "trans": [150.99075437955173, 1419.2507229460036, -226.16864110053314]}], "rb_ScNup133N_56-480_renamed_1.pdb_7": [{"rot": [[-0.6897270815370034, 0.4837964927921397, 0.5387183926287178], [-0.40693761982711035, -0.8743995137819157, 0.2642484888649167], [0.5988975927183966, -0.0369654414280549, 0.799972017995714]], "trans": [787.4137188361732, 1022.7889848201712, -274.9252802607333]}], "rb_ScNup133C_490_881_renamed_relative_3CQC_1.pdb_7": [{"rot": [[0.875607659851011, 0.33666963389443205, -0.34635932732298164], [-0.2671647833413625, 0.934958313250797, 0.2334007948259603], [0.4024104925973006, -0.1118325091224204, 0.9086029305207992]], "trans": [92.46382465382675, 97.94839062569667, -169.18458024089273]}], "rb_ScNup133C_490_881_renamed_relative_3CQC_1.pdb_8": [{"rot": [[0.4403619169349332, 0.8956043602056161, -0.06304135225455221], [-0.7828303447923639, 0.4173948126519197, 0.4614739663768044], [0.4396112298220578, -0.1538648769276483, 0.8849110499154024]], "trans": [-184.45642317020855, 133.02621744446145, -147.24175368556172]}], "rb_ScNup133C_490_881_renamed_relative_3CQC_1.pdb_9": [{"rot": [[-0.2310055379296273, 0.9261488274955394, 0.2981355241739628], [-0.8385691628880712, -0.3449123018317064, 0.4217075563685762], [0.4933945687774092, -0.15259047602584447, 0.8563164988058813]], "trans": [-355.6135303132155, 354.2570250746332, -134.63462648588268]}], "rb_ScNup133C_490_881_renamed_relative_3CQC_1.pdb_10": [{"rot": [[-0.7451981834018977, 0.4104096561487759, 0.5255887951567815], [-0.4017286520706833, -0.9053927740052592, 0.1373972884904771], [0.5322534711582307, -0.10875586843433822, 0.8395703684153636]], "trans": [-320.73933675634566, 632.0408038472494, -138.7246266147343]}], "rb_ScNup133C_490_881_renamed_relative_3CQC_1.pdb_11": [{"rot": [[-0.8009947176479206, -0.34948587533742387, 0.48607312746104814], [0.2717838569717706, -0.9357092404948136, -0.2249038735597253], [0.5334238440393135, -0.04803998534820107, 0.8444827780470532]], "trans": [-100.26172347207938, 803.6480162012098, -157.09176942644723]}], "rb_ScNup133C_490_881_renamed_relative_3CQC_1.pdb_12": [{"rot": [[-0.3657087441752435, -0.9083802500914503, 0.20273735639383766], [0.7874152399158437, -0.4181018877686116, -0.4529548006066376], [0.4962200664846615, -0.006011047173243661, 0.8681759688737305]], "trans": [176.6623282825771, 768.54885427305, -178.9523187840196]}], "rb_ScNup133C_490_881_renamed_relative_3CQC_1.pdb_13": [{"rot": [[0.30566307622361377, -0.9388652629717111, -0.15843642831930582], [0.8431013622303991, 0.3442075986826644, -0.4131600440681076], [0.4424366359590536, -0.007290198500384176, 0.8967701356351373]], "trans": [347.80871769988, 547.3050188136485, -191.4760517388534]}], "rb_ScNup133C_490_881_renamed_relative_3CQC_1.pdb_14": [{"rot": [[0.8198216648163328, -0.4230823635942676, -0.3858675310430586], [0.4062205082892452, 0.904647573132098, -0.12883193343047286], [0.403580644410761, -0.05112809444615012, 0.9135144122646899]], "trans": [312.9193900343464, 269.5243849683825, -187.3023840401852]}], "rb_ScNup84_506-726_ScNup133C_882_1155_renamed_relative_3CQC_new_1.pdb_14": [{"rot": [[0.9712769695763879, 0.19691283930916326, 0.1335903517688073], [-0.22440651320587435, 0.9447249978818144, 0.23903220537824812], [-0.07913763454445537, -0.26214502110932963, 0.9617781567005455]], "trans": [-81.65997690336417, 81.37994138335438, 134.31956657465398]}], "rb_ScNup84_506-726_ScNup133C_882_1155_renamed_relative_3CQC_new_1.pdb_15": [{"rot": [[0.528810315768978, 0.8004387770518897, 0.282236450742973], [-0.8477570147454707, 0.5141385053299278, 0.13026757573148065], [-0.04083740792659511, -0.30815476879124315, 0.9504593334725341]], "trans": [-313.5807096585721, 261.50841827916287, 151.96991323402807]}], "rb_ScNup84_506-726_ScNup133C_882_1155_renamed_relative_3CQC_new_1.pdb_16": [{"rot": [[-0.2235713780145518, 0.9238350889113649, 0.31071621687450746], [-0.9744874697781347, -0.2183225504349911, -0.0520522354656425], [0.019748675350117123, -0.3144264500128644, 0.9490763917378962]], "trans": [-350.6614216172212, 553.3432404603893, 153.54679966107832]}], "rb_ScNup84_506-726_ScNup133C_882_1155_renamed_relative_3CQC_new_1.pdb_17": [{"rot": [[-0.8451123069739274, 0.49481447551231134, 0.2023458015988555], [-0.5303573908463162, -0.8235721552449669, -0.2011217121045086], [0.06712843343840935, -0.2772860254838626, 0.9584394782642608]], "trans": [-171.17779553663257, 785.9235710174587, 138.15046845392675]}], "rb_ScNup84_506-726_ScNup133C_882_1155_renamed_relative_3CQC_new_1.pdb_18": [{"rot": [[-0.9717050311976482, -0.23529673862545636, 0.02061012220734935], [0.22445555957761265, -0.9470465565828876, -0.2296138528904494], [0.07354613599557074, -0.21849087957331265, 0.9730635649449638]], "trans": [119.72804304532099, 823.0006897225578, 114.8243124231791]}], "rb_ScNup84_506-726_ScNup133C_882_1155_renamed_relative_3CQC_new_1.pdb_19": [{"rot": [[-0.5291897478780473, -0.8387891096919146, -0.12802749783938727], [0.8477713122727132, -0.5164127091559407, -0.12083756001187572], [0.0352422023740102, -0.1724840377671722, 0.9843816556028268]], "trans": [351.6412654542709, 642.8544144460454, 97.25712757163416]}], "rb_ScNup84_506-726_ScNup133C_882_1155_renamed_relative_3CQC_new_1.pdb_20": [{"rot": [[0.22320185055075836, -0.9621282974739006, -0.15649304492753344], [0.9744427105580834, 0.2160580072759194, 0.06148448041721442], [-0.025344383025298095, -0.16621695669194766, 0.9857634531453957]], "trans": [388.7057493658823, 351.017090102563, 95.76402338381965]}], "rb_ScNup84_506-726_ScNup133C_882_1155_renamed_relative_3CQC_new_1.pdb_21": [{"rot": [[0.8447081570076366, -0.5330604666861787, -0.0481110002086392], [0.5302638632514365, 0.8212739191898076, 0.21054544637268996], [-0.07272114420458514, -0.20336098080734877, 0.9763994810888877]], "trans": [209.2105108347738, 118.45125299397648, 111.24368624691309]}], "rb_4XMM.renamed.noAb_Nup145c_149-550_Sec13_Nup84_7-436_3IKO_updated_1.pdb_21": [{"rot": [[0.9993626340722418, -0.013665173762686876, 0.03297860891891374], [0.014105963041372837, 0.9998137630010872, -0.013170463935707517], [-0.03279249040354372, 0.01362726456930821, 0.9993692762104968]], "trans": [-5.244808687267323, -2.0705958010544236, 11.372976984039212]}], "rb_4XMM.renamed.noAb_Nup145c_149-550_Sec13_Nup84_7-436_3IKO_updated_1.pdb_22": [{"rot": [[0.7177864471173914, 0.6954399306661454, 0.03385142788213959], [-0.6962292027520283, 0.7173837917829862, 0.025007849214615394], [-0.006893008767436048, -0.04151864788420605, 0.999113951613128]], "trans": [-320.66908351834695, 141.5642864507845, 35.85663157432958]}], "rb_4XMM.renamed.noAb_Nup145c_149-550_Sec13_Nup84_7-436_3IKO_updated_1.pdb_23": [{"rot": [[0.01789832788556539, 0.9979539504878584, 0.061380473805419965], [-0.9985705651643856, 0.014749567994800705, 0.051373890559760875], [0.050363441564098145, -0.062212241155931734, 0.9967914329508336]], "trans": [-442.5414838016146, 466.8383683712014, 44.0292428053441]}], "rb_4XMM.renamed.noAb_Nup145c_149-550_Sec13_Nup84_7-436_3IKO_updated_1.pdb_24": [{"rot": [[-0.690297394954751, 0.7166599074432135, 0.09943884342734971], [-0.7158022910813305, -0.6964758729257942, 0.050482061318559764], [0.10543522467089644, -0.03633091652762683, 0.9937622844034986]], "trans": [-299.46552571102495, 783.2016232018406, 31.127184685322675]}], "rb_4XMM.renamed.noAb_Nup145c_149-550_Sec13_Nup84_7-436_3IKO_updated_1.pdb_25": [{"rot": [[-0.9919296814040085, 0.01634381819377069, 0.12573140720039072], [-0.013574022493381473, -0.9996466394087972, 0.02285480763529996], [0.1260605134968546, 0.020963681106770386, 0.9918010239011463]], "trans": [24.744790472209388, 905.3241123361997, 4.732669681179971]}], "rb_4XMM.renamed.noAb_Nup145c_149-550_Sec13_Nup84_7-436_3IKO_updated_1.pdb_26": [{"rot": [[-0.7102980850449936, -0.6927392777212881, 0.12485561054114633], [0.6967390194420541, -0.7171610217406583, -0.015323435738088014], [0.10015672303115392, 0.07610756859920338, 0.992056585499828]], "trans": [340.16440350175566, 761.6648765074541, -19.668018253809294]}], "rb_4XMM.renamed.noAb_Nup145c_149-550_Sec13_Nup84_7-436_3IKO_updated_1.pdb_27": [{"rot": [[-0.010386366030325778, -0.9951985046432691, 0.09732450748133487], [0.9990254393453067, -0.01450307779858212, -0.04168731552024192], [0.04289865897204742, 0.09679667912779129, 0.994379257611617]], "trans": [462.0179699876256, 436.38163845448776, -27.75660717644189]}], "rb_4XMM.renamed.noAb_Nup145c_149-550_Sec13_Nup84_7-436_3IKO_updated_1.pdb_28": [{"rot": [[0.6977873218859645, -0.7138489827661764, 0.05926620638194694], [0.7162015901985307, 0.6967002613791535, -0.04079249920407107], [-0.012171097415937103, 0.07091104002842884, 0.9974083861637506]], "trans": [318.92386588637305, 120.0300223175642, -14.770682745549095]}], "rb_4XMM.renamed.noAb_Seh1_Nup85_47_544_3F3F_1.pdb_28": [{"rot": [[0.6770928034061661, -0.7111787568296775, 0.1891298797381725], [0.2732478833840575, 0.4815997762741331, 0.8327047794499799], [-0.6832868576240242, -0.5121390742043627, 0.5204158326486492]], "trans": [474.15733512537054, -89.67258335118845, 740.2276870433309]}], "rb_4XMM.renamed.noAb_Seh1_Nup85_47_544_3F3F_1.pdb_29": [{"rot": [[0.6591485591974077, -0.17478613498503587, 0.7314184738745505], [-0.3233337685599234, 0.81225346659689, 0.48548901131763494], [-0.6789539388035256, -0.5565016738683988, 0.4788814424937041]], "trans": [-28.15051308957868, -216.2629818520591, 780.9218932150368]}], "rb_4XMM.renamed.noAb_Seh1_Nup85_47_544_3F3F_1.pdb_30": [{"rot": [[0.2259289015173894, 0.43771555639070536, 0.8702650304089683], [-0.73228053124748, 0.6654732341976367, -0.14460497267537958], [-0.642433930466827, -0.6046076961634825, 0.47088021696056803]], "trans": [-472.69808924927355, 50.577357221757026, 815.0980217318527]}], "rb_4XMM.renamed.noAb_Seh1_Nup85_47_544_3F3F_1.pdb_31": [{"rot": [[-0.36877998576776067, 0.7675141902157886, 0.5243312787871172], [-0.714025624946888, 0.12724500881713274, -0.6884592323807817], [-0.5951207684296839, -0.62827595493424, 0.501099386783832]], "trans": [-599.061241779277, 554.529717587217, 822.7592195264025]}], "rb_4XMM.renamed.noAb_Seh1_Nup85_47_544_3F3F_1.pdb_32": [{"rot": [[-0.7765892510910906, 0.6214090766347435, -0.10372991162502462], [-0.27926303116321327, -0.48712952609874477, -0.8274762741180846], [-0.5647311701290395, -0.6136412504703124, 0.5518361361907338]], "trans": [-333.2127408677991, 1000.3718176091326, 799.4414538089361]}], "rb_4XMM.renamed.noAb_Seh1_Nup85_47_544_3F3F_1.pdb_33": [{"rot": [[-0.758598476715553, 0.08499065126544786, -0.6459914398212396], [0.3173171925124953, -0.8177411053153325, -0.4802179546972884], [-0.5690677907427473, -0.5692767989960016, 0.5933681619905433]], "trans": [169.1115265266174, 1126.9231855162348, 758.828605418429]}], "rb_4XMM.renamed.noAb_Seh1_Nup85_47_544_3F3F_1.pdb_34": [{"rot": [[-0.32534691194025683, -0.5274996088109674, -0.7847888566966378], [0.7262299392698537, -0.6709128041042869, 0.1498869060226008], [-0.6055901767689466, -0.5211719217237244, 0.6013654178681684]], "trans": [613.6448351314173, 860.0483624094355, 724.7362584843886]}], "rb_4XMM.renamed.noAb_Seh1_Nup85_47_544_3F3F_1.pdb_35": [{"rot": [[0.26936056774236683, -0.8572562731290714, -0.43881267840203275], [0.7079283563886727, -0.1326587115940847, 0.6937139961533361], [-0.6529029995078466, -0.49750713403835073, 0.5711429985691887]], "trans": [739.9752181855209, 356.0864993948825, 717.1601954440544]}], "rb_4XMM.renamed.noAb_Nup120_715-1036_Nup85_553-744_Nup145c_92-99_554-712_remaining_updated_1.pdb_35": [{"rot": [[0.9971582786217729, -0.04191284038540225, 0.06259937049914155], [0.03893759146420477, 0.9980873629316677, 0.048015413432296275], [-0.06449210298189761, -0.045441498291049376, 0.9968830617911185]], "trans": [5.3570776901445925, -35.20037937699669, 61.004888029489905]}], "rb_4XMM.renamed.noAb_Nup120_715-1036_Nup85_553-744_Nup145c_92-99_554-712_remaining_updated_1.pdb_36": [{"rot": [[0.7331030576562153, 0.673029147357712, 0.09793709032872658], [-0.6789430826835497, 0.7326686800686165, 0.04725352603423373], [-0.03995243836444323, -0.1011354144375773, 0.994070133650173]], "trans": [-335.52794107646696, 113.52515060210058, 87.49315316030015]}], "rb_4XMM.renamed.noAb_Nup120_715-1036_Nup85_553-744_Nup145c_92-99_554-712_remaining_updated_1.pdb_37": [{"rot": [[0.04028989995183124, 0.991663127656325, 0.12239675326063373], [-0.9990463414663473, 0.03791794636183482, 0.021648024076243555], [0.01682651373802769, -0.12315222527658215, 0.9922451299174251]], "trans": [-471.82204948928205, 460.4581057625411, 96.70988318325317]}], "rb_4XMM.renamed.noAb_Nup120_715-1036_Nup85_553-744_Nup145c_92-99_554-712_remaining_updated_1.pdb_38": [{"rot": [[-0.6754214780426273, 0.7273288221123869, 0.12164954386810446], [-0.733851182433276, -0.6791700623978992, -0.013801028357106025], [0.07258284260066301, -0.09859417258154204, 0.9924771635120708]], "trans": [-323.6803237538813, 802.3603860118503, 83.27979259619644]}], "rb_4XMM.renamed.noAb_Nup120_715-1036_Nup85_553-744_Nup145c_92-99_554-712_remaining_updated_1.pdb_39": [{"rot": [[-0.994757259567577, 0.034876994027245305, 0.09613318794893486], [-0.038712668997652196, -0.99851507973821, -0.038327076518719506], [0.09465370461149397, -0.041847709889754496, 0.9946303058826935]], "trans": [22.1156377348683, 938.940931553011, 55.09442273049126]}], "rb_4XMM.renamed.noAb_Nup120_715-1036_Nup85_553-744_Nup145c_92-99_554-712_remaining_updated_1.pdb_40": [{"rot": [[-0.7306460411711828, -0.6800443121360479, 0.06079552658119294], [0.6791472562168966, -0.7330402917363992, -0.03756241557824465], [0.07010967760542154, 0.0138442848288074, 0.9974432158692743]], "trans": [362.9955983530638, 790.1890498174982, 28.689165568369674]}], "rb_4XMM.renamed.noAb_Nup120_715-1036_Nup85_553-744_Nup145c_92-99_554-712_remaining_updated_1.pdb_41": [{"rot": [[-0.03780789855823202, -0.9986241148366193, 0.03633786005512718], [0.9991961271947427, -0.038264572398438335, -0.011954994696330906], [0.013328998673383684, 0.03585665581088459, 0.9992680511396437]], "trans": [499.269184102386, 443.2458073226878, 19.55659797071496]}], "rb_4XMM.renamed.noAb_Nup120_715-1036_Nup85_553-744_Nup145c_92-99_554-712_remaining_updated_1.pdb_42": [{"rot": [[0.677882815310798, -0.7342338736772553, 0.0370878342748049], [0.7339448026279825, 0.6788026655498524, 0.023493997909762258], [-0.04242540985865889, 0.011294245760745381, 0.9990357974622418]], "trans": [351.1073203325863, 101.3555642169382, 33.070711706622944]}], "rb_4XMM.renamed.noAb_Nup120_2-711_3F7F_updated_1.pdb_42": [{"rot": [[0.9919342435605784, 0.10487050447103848, 0.07119433786400087], [-0.12381650683899913, 0.9218790137925003, 0.36716284747119454], [-0.027128012940348063, -0.37301643559092335, 0.9274280617346832]], "trans": [-75.53734512549215, 11.159587181482152, 261.36125649902226]}], "rb_4XMM.renamed.noAb_Nup120_2-711_3F7F_updated_1.pdb_43": [{"rot": [[0.6153982171317174, 0.716888097337025, 0.32765300280571835], [-0.7881926286135427, 0.5564661299010991, 0.2628646542846095], [0.006116743445476525, -0.4200201211482535, 0.9074941780971539]], "trans": [-356.23325206952893, 214.85809984390727, 282.7846072050569]}], "rb_4XMM.renamed.noAb_Nup120_2-711_3F7F_updated_1.pdb_44": [{"rot": [[-0.11926506357735978, 0.8922315703338333, 0.4355441074214068], [-0.9906890099952712, -0.1359525395616481, 0.007224435017874703], [0.0656591964958246, -0.4306271378888704, 0.900138399374875]], "trans": [-411.20151484046056, 557.9515943371409, 285.5378445468252]}], "rb_4XMM.renamed.noAb_Nup120_2-711_3F7F_updated_1.pdb_45": [{"rot": [[-0.7816794899750179, 0.5281822446369642, 0.33166352136262117], [-0.6126804155717911, -0.7497483749212246, -0.2500001653554651], [0.11661853766521431, -0.3986237458471845, 0.9096698444598381]], "trans": [-208.23903671530704, 839.4511807639548, 268.0320881700593]}], "rb_4XMM.renamed.noAb_Nup120_2-711_3F7F_updated_1.pdb_46": [{"rot": [[-0.9837933510340964, -0.16199465166486424, 0.07686595665886117], [0.12439039012244184, -0.9253511213027118, -0.3581233490698422], [0.12914206636990655, -0.34275798332904317, 0.9305048584278953]], "trans": [133.75781418853933, 894.4505490465311, 240.54646189262013]}], "rb_4XMM.renamed.noAb_Nup120_2-711_3F7F_updated_1.pdb_47": [{"rot": [[-0.6072054971407466, -0.7739837612238027, -0.17958458064074798], [0.7887369364133854, -0.5598902138771109, -0.25380503056848414], [0.09589332291293798, -0.2957568017248251, 0.9504379963228619]], "trans": [414.4443737952708, 690.7304105490239, 219.20643803634863]}], "rb_4XMM.renamed.noAb_Nup120_2-711_3F7F_updated_1.pdb_48": [{"rot": [[0.12747359700556743, -0.9492732346137811, -0.2874557498335195], [0.9911756491975028, 0.13254219478686663, 0.001843648282222582], [0.03634989001868358, -0.28515415593494187, 0.9577921449086226]], "trans": [469.3924111460383, 347.633011652405, 216.53730837177136]}], "rb_4XMM.renamed.noAb_Nup120_2-711_3F7F_updated_1.pdb_49": [{"rot": [[0.7898585590787073, -0.5851760267413745, -0.18355509902284223], [0.6131150761400072, 0.7463094363969001, 0.25906008676516223], [-0.014606849760998755, -0.3171612253604126, 0.9482591402501428]], "trans": [266.41450453269886, 66.1497630988182, 234.12669159231282]}]}
