{"rb_ScNup133N_56-480_renamed_1.pdb_0": [{"rot": [[0.5626855735810358, 0.015988744459234594, 0.8265163672513696], [0.5786158257629135, 0.7064557508220258, -0.40758311828042193], [-0.5904139831173423, 0.70757659103528, 0.38826111878272007]], "trans": [26.34266915665603, -174.47062091535588, 423.019851138722]}], "rb_ScNup133N_56-480_renamed_1.pdb_1": [{"rot": [[0.7951577089183226, 0.5233671739002876, 0.30628584562691286], [-0.0214286617702234, 0.5290222646749434, -0.8483373479535923], [-0.6060239520039653, 0.6679986861976774, 0.43187119009685676]], "trans": [-411.6777719877938, 21.109049922413902, 457.02244337918]}], "rb_ScNup133N_56-480_renamed_1.pdb_2": [{"rot": [[0.5366332307043942, 0.7571978760982205, -0.372392470568499], [-0.610457112506942, 0.043697420811526555, -0.7908429990864868], [-0.5825520487419584, 0.6517222658823053, 0.48568631714284743]], "trans": [-583.6550280150739, 470.0629185092106, 468.58696129977545]}], "rb_ScNup133N_56-480_renamed_1.pdb_3": [{"rot": [[-0.06144057652788659, 0.5804995286925833, -0.8119392543433356], [-0.8434083547045176, -0.46520864415273655, -0.2687810719157757], [-0.5337484452160416, 0.6682822866074362, 0.5181808397038595]], "trans": [-388.84048412583024, 909.3875951725216, 450.9627521441072]}], "rb_ScNup133N_56-480_renamed_1.pdb_4": [{"rot": [[-0.6487036436611678, 0.09678451504029653, -0.7548618021526461], [-0.583816266071095, -0.6995715817862646, 0.4120171955487656], [-0.48820298050250627, 0.7079776547359952, 0.5103190082908837]], "trans": [58.64266632381316, 1081.7206066402173, 414.4983310381013]}], "rb_ScNup133N_56-480_renamed_1.pdb_5": [{"rot": [[-0.8811289855595272, -0.41058008947943736, -0.23459689028181302], [0.01624644762341651, -0.5220982787059165, 0.8527305789708377], [-0.47259683002159397, 0.7475542639135822, 0.4667063945974646]], "trans": [496.6543976272978, 886.1069616942398, 380.5790749151802]}], "rb_ScNup133N_56-480_renamed_1.pdb_6": [{"rot": [[-0.622558559741585, -0.6443729456980348, 0.4440769601599726], [0.6052545878125092, -0.03675509822973366, 0.7951829642830847], [-0.49607229677174486, 0.7638275784537772, 0.41289188266305965]], "trans": [668.6031749608949, 437.14000849151546, 369.09936717484896]}], "rb_ScNup133N_56-480_renamed_1.pdb_7": [{"rot": [[-0.02446656749449541, -0.46763490196336904, 0.8835830382826215], [0.8381588809586362, 0.47213708118049136, 0.27308655559095896], [-0.5448771213266392, 0.7472644612451989, 0.38040077236346215]], "trans": [473.7608934240864, -2.1689645525792685, 386.80818737645916]}], "rb_ScNup133C_490_881_renamed_relative_3CQC_1.pdb_7": [{"rot": [[0.7371538421154644, 0.39506497427927373, -0.5482042312424471], [-0.3011818147087076, 0.9183343903000429, 0.25681016740194473], [0.6048915006372426, -0.024199456398067004, 0.795940110037721]], "trans": [216.73725537264397, 109.27321572582996, -270.3613915847119]}], "rb_ScNup133C_490_881_renamed_relative_3CQC_1.pdb_8": [{"rot": [[0.32222738310849913, 0.9270159964496937, -0.19186155399513133], [-0.6976437968528385, 0.36953270041118985, 0.6137904496157999], [0.6398926834148055, -0.06392906735743908, 0.7658005145329978]], "trans": [-90.37004772211446, 47.62287399106498, -245.54184158937534]}], "rb_ScNup133C_490_881_renamed_relative_3CQC_1.pdb_9": [{"rot": [[-0.250741071651445, 0.9164535053052613, 0.31183631539764667], [-0.6835407733217574, -0.3957131553287164, 0.6133376801619815], [0.6854931992323301, -0.059363888968688605, 0.7256548783634921]], "trans": [-351.0635139391525, 221.89765272644627, -225.56964890555201]}], "rb_ScNup133C_490_881_renamed_relative_3CQC_1.pdb_10": [{"rot": [[-0.64609852251078, 0.3695651570895103, 0.667816062905639], [-0.2671344941526035, -0.9291113646606725, 0.2557170977705859], [0.7149796229566375, -0.013178267100960872, 0.6990210812507703]], "trans": [-412.6233216513923, 530.0050460695868, -222.12080071415613]}], "rb_ScNup133C_490_881_renamed_relative_3CQC_1.pdb_11": [{"rot": [[-0.632239000216051, -0.3932741426870621, 0.6675397331242239], [0.3076383709887965, -0.9181897356432671, -0.2495721179432956], [0.7110783918114538, 0.04757160973836076, 0.7015015770800042]], "trans": [-238.98495416845094, 791.451515481008, -237.19167601328007]}], "rb_ScNup133C_490_881_renamed_relative_3CQC_1.pdb_12": [{"rot": [[-0.21728160834677435, -0.9251823761812134, 0.31116920393560465], [0.704067773405212, -0.36934631254986605, -0.6065244198365298], [0.6760749020089869, 0.08729760712353823, 0.7316432564194373]], "trans": [68.13369787644632, 853.0781495794599, -261.9295386521691]}], "rb_ScNup133C_490_881_renamed_relative_3CQC_1.pdb_13": [{"rot": [[0.35568576204080216, -0.9145602003059777, -0.19252864383706425], [0.6899197795065332, 0.395898688679151, -0.6060321164326035], [0.630474691424728, 0.08272767564977163, 0.7717886985143508]], "trans": [328.8201110816693, 678.7833139697086, -281.818594991912]}], "rb_ScNup133C_490_881_renamed_relative_3CQC_1.pdb_14": [{"rot": [[0.7510107465337139, -0.36763023546174767, -0.5484805088289], [0.27348248360531957, 0.929253956369309, -0.24838360600701465], [0.6009910063819051, 0.03653894561042709, 0.798420137334811]], "trans": [390.3624222524355, 370.67149770430774, -285.18355049180644]}], "rb_ScNup84_506-726_ScNup133C_882_1155_renamed_relative_3CQC_new_1.pdb_14": [{"rot": [[0.9875693783886621, 0.14409631711649562, 0.06279310680712862], [-0.15153880731794295, 0.9789277193054837, 0.13688137291836586], [-0.04174581111542198, -0.14469544487931787, 0.9885952232766904]], "trans": [-53.82627125692704, 57.18673742451176, 71.16433881324943]}], "rb_ScNup84_506-726_ScNup133C_882_1155_renamed_relative_3CQC_new_1.pdb_15": [{"rot": [[0.5924708665692313, 0.7894293520430715, 0.1605601768794423], [-0.8055608361119229, 0.5823114174396484, 0.10947672100535683], [-0.0070718872559697304, -0.19420275809648374, 0.9809359189867373]], "trans": [-312.1527010932306, 221.14752960585764, 90.99804645565291]}], "rb_ScNup84_506-726_ScNup133C_882_1155_renamed_relative_3CQC_new_1.pdb_16": [{"rot": [[-0.14802435846919204, 0.96634396104426, 0.21039994832002795], [-0.9875713515812822, -0.15579491157043546, 0.02075502504639623], [0.05283573445785039, -0.20471271206753744, 0.9773950535388696]], "trans": [-379.30840867529486, 520.2857262956917, 94.93656189371467]}], "rb_ScNup84_506-726_ScNup133C_882_1155_renamed_relative_3CQC_new_1.pdb_17": [{"rot": [[-0.8001237529164266, 0.5712010716711786, 0.18311558027821342], [-0.5909460274158023, -0.8029981728914214, -0.07730929448984372], [0.10288232452861648, -0.17006842756588492, 0.9800469158386512]], "trans": [-215.95072026680594, 779.3620708197154, 80.69665215193703]}], "rb_ScNup84_506-726_ScNup133C_882_1155_renamed_relative_3CQC_new_1.pdb_18": [{"rot": [[-0.9818182969038206, -0.16451903996668163, 0.0946906402624829], [0.15196642907130778, -0.9801575704754912, -0.1272687765121282], [0.11374988483595368, -0.11056501493700555, 0.9873380075596114]], "trans": [82.22504025840055, 846.6061043744771, 56.64426204096719]}], "rb_ScNup84_506-726_ScNup133C_882_1155_renamed_relative_3CQC_new_1.pdb_19": [{"rot": [[-0.5866687646704887, -0.809821158818288, -0.003074295074294381], [0.8059574258042626, -0.5834906312703911, -0.09985645202310652], [0.07907204531922357, -0.06106041229701496, 0.9949971043672182]], "trans": [340.5452214456988, 682.6254407579038, 36.89362572769852]}], "rb_ScNup84_506-726_ScNup133C_882_1155_renamed_relative_3CQC_new_1.pdb_20": [{"rot": [[0.15384067619287844, -0.9866782049004941, -0.05290714812624609], [0.9879098156238435, 0.154629558733688, -0.011130847222222889], [0.019163573324863868, -0.05055511388731686, 0.998537399358311]], "trans": [407.68413218027945, 383.48238163912094, 33.03894934960209]}], "rb_ScNup84_506-726_ScNup133C_882_1155_renamed_relative_3CQC_new_1.pdb_21": [{"rot": [[0.8059091540454046, -0.5914848269339935, -0.02561513093231092], [0.5912333230450434, 0.8018017847376779, 0.08693132756713742], [-0.030880303543374444, -0.08520327164101996, 0.9958849378089474]], "trans": [244.31276523444683, 124.41926576222431, 47.36236158109071]}], "rb_4XMM.renamed.noAb_Nup145c_149-550_Sec13_Nup84_7-436_3IKO_updated_1.pdb_21": [{"rot": [[0.9943116548114517, -0.009348018922810097, 0.10609876365128595], [0.012237930139914843, 0.9995707218631864, -0.026619636733037643], [-0.10580437690380876, 0.027766644308002134, 0.993999218959386]], "trans": [-27.077254681322074, -0.5647678607539888, 45.91559392430531]}], "rb_4XMM.renamed.noAb_Nup145c_149-550_Sec13_Nup84_7-436_3IKO_updated_1.pdb_22": [{"rot": [[0.7114452786942198, 0.69860872327413, 0.07610168979065647], [-0.698195762864364, 0.7149837787256561, -0.03634381484420633], [-0.07980157982115364, -0.027277241878007105, 0.9964374842074017]], "trans": [-334.40255524156237, 160.00540211256595, 69.67131194436269]}], "rb_4XMM.renamed.noAb_Nup145c_149-550_Sec13_Nup84_7-436_3IKO_updated_1.pdb_23": [{"rot": [[0.010575071932789726, 0.9987899949485382, 0.04802826089204644], [-0.9996915642245416, 0.01163956130930921, -0.02193848287405083], [-0.022470965086184305, -0.04778144622366495, 0.9986050215800388]], "trans": [-438.6084404712567, 491.50463005392527, 76.40550425894583]}], "rb_4XMM.renamed.noAb_Nup145c_149-550_Sec13_Nup84_7-436_3IKO_updated_1.pdb_24": [{"rot": [[-0.6977193160820775, 0.7153453745976157, 0.03832428743960909], [-0.7156289824130269, -0.6984329706698926, 0.008157512594131024], [0.03260238482768648, -0.021734316714003783, 0.9992320571221289]], "trans": [-278.64772016060476, 799.7361108913414, 62.19719095924722]}], "rb_4XMM.renamed.noAb_Nup145c_149-550_Sec13_Nup84_7-436_3IKO_updated_1.pdb_25": [{"rot": [[-0.9985090459004021, 0.014320717392079825, 0.05267449390780791], [-0.012415883137408592, -0.9992633159558326, 0.03631351306154215], [0.053155725006679415, 0.03560537091969078, 0.9979512645719151]], "trans": [51.774273625521175, 904.133613881555, 35.39380721463408]}], "rb_4XMM.renamed.noAb_Nup145c_149-550_Sec13_Nup84_7-436_3IKO_updated_1.pdb_26": [{"rot": [[-0.7155872526594188, -0.6936138480293997, 0.08267232700966078], [0.697995584741956, -0.7146208165721383, 0.046035336454766554], [0.02714861897184392, 0.09064721917200484, 0.9955129502644868]], "trans": [359.0935913163598, 743.5397265632869, 11.721158051598252]}], "rb_4XMM.renamed.noAb_Nup145c_149-550_Sec13_Nup84_7-436_3IKO_updated_1.pdb_27": [{"rot": [[-0.014693512036980938, -0.993740271365548, 0.11074463314465557], [0.9994363665396383, -0.011253062117019652, 0.031627801552343515], [-0.030183603861418218, 0.11114693724667246, 0.9933455131013678]], "trans": [463.2801567455024, 412.0327292965691, 5.0710200353858]}], "rb_4XMM.renamed.noAb_Nup145c_149-550_Sec13_Nup84_7-436_3IKO_updated_1.pdb_28": [{"rot": [[0.6935787401085456, -0.7102402620434806, 0.12044625955939584], [0.7153182019635328, 0.698797199364378, 0.0015310454463545939], [-0.08525491897304019, 0.08509550124952853, 0.9927186683335769]], "trans": [303.3019241932482, 103.81421212408566, 19.363142684026684]}], "rb_4XMM.renamed.noAb_Seh1_Nup85_47_544_3F3F_1.pdb_28": [{"rot": [[0.6248992003943926, -0.7507855626561368, 0.2140608050380906], [0.2690327509300172, 0.46448336065633217, 0.8437277917672416], [-0.732886326979481, -0.4696554551801845, 0.4922411859505639]], "trans": [511.6575687606497, -83.36122135331493, 747.5988062395961]}], "rb_4XMM.renamed.noAb_Seh1_Nup85_47_544_3F3F_1.pdb_29": [{"rot": [[0.6181941634286642, -0.21409210033540152, 0.7563071789139049], [-0.29238700782141397, 0.830510918900332, 0.47409012987465315], [-0.729620321783853, -0.5142141442641397, 0.4508192541126922]], "trans": [3.0301429143230507, -237.8044595449427, 788.9322390969339]}], "rb_4XMM.renamed.noAb_Seh1_Nup85_47_544_3F3F_1.pdb_30": [{"rot": [[0.2177101307703623, 0.4235572035567496, 0.8793188240195566], [-0.684453242300604, 0.7085202267583361, -0.17182213879039138], [-0.6957916772024084, -0.5644451998108408, 0.4441571324951987]], "trans": [-465.6209740354066, 13.831770128417368, 825.1035442364357]}], "rb_4XMM.renamed.noAb_Seh1_Nup85_47_544_3F3F_1.pdb_31": [{"rot": [[-0.34194370442441907, 0.788618395945109, 0.51103378418796], [-0.6774880242157373, 0.16997515175588607, -0.7156244998809205], [-0.6512176902148463, -0.5909225612231475, 0.47615758587752594]], "trans": [-619.7514364593748, 524.1355330484514, 834.9470659931656]}], "rb_4XMM.renamed.noAb_Seh1_Nup85_47_544_3F3F_1.pdb_32": [{"rot": [[-0.7329142343795009, 0.6672334829657638, -0.13280137142847423], [-0.27557167653050413, -0.4696370076850257, -0.8387498626568114], [-0.6220104308916973, -0.5781354168549343, 0.528074297461914]], "trans": [-369.0675328908375, 994.163806408726, 812.7203354295607]}], "rb_4XMM.renamed.noAb_Seh1_Nup85_47_544_3F3F_1.pdb_33": [{"rot": [[-0.7261654099627239, 0.1305114581692873, -0.6750189305939447], [0.28584753726058354, -0.8356224300324652, -0.4690696535363319], [-0.6252799235668178, -0.5335746561758359, 0.5694937255765951]], "trans": [139.5784846559796, 1148.5675170713175, 771.468089607868]}], "rb_4XMM.renamed.noAb_Seh1_Nup85_47_544_3F3F_1.pdb_34": [{"rot": [[-0.32565078767586053, -0.5071283485379949, -0.797980201881735], [0.6778823257077926, -0.7135816944808473, 0.1768522484867923], [-0.6591108533312762, -0.48334460109839417, 0.5761517852180521]], "trans": [608.216520532568, 896.8949110329389, 735.3804806882883]}], "rb_4XMM.renamed.noAb_Seh1_Nup85_47_544_3F3F_1.pdb_35": [{"rot": [[0.23400251948927053, -0.8721475476656826, -0.4296527388175322], [0.6708731820482303, -0.17500798469068105, 0.7206256857085968], [-0.7036845845129425, -0.45687072613075064, 0.5441480911696789]], "trans": [762.3137188653798, 386.5794662897972, 725.6221437123834]}], "rb_4XMM.renamed.noAb_Nup120_715-1036_Nup85_553-744_Nup145c_92-99_554-712_remaining_updated_1.pdb_35": [{"rot": [[0.999431434656398, -0.03356506830187328, 0.003192743419746943], [0.03337947151587396, 0.9983498370372611, 0.046727013268503925], [-0.0047558702647060224, -0.0465938738201125, 0.9989025941604418]], "trans": [16.635924131884167, -32.63051170695974, 27.363091386819463]}], "rb_4XMM.renamed.noAb_Nup120_715-1036_Nup85_553-744_Nup145c_92-99_554-712_remaining_updated_1.pdb_36": [{"rot": [[0.731977103007125, 0.6791094939574372, 0.054952851519912624], [-0.6810345108310948, 0.7269046912117582, 0.08832646801151608], [0.020037857429060783, -0.10207774052755855, 0.9945745920535273]], "trans": [-326.3852280096954, 105.45564111290025, 54.07338516848094]}], "rb_4XMM.renamed.noAb_Nup120_715-1036_Nup85_553-744_Nup145c_92-99_554-712_remaining_updated_1.pdb_37": [{"rot": [[0.03920317730423406, 0.9918915595449169, 0.12088939156437435], [-0.9962762680781956, 0.02950274480350723, 0.08101349093355764], [0.0767900289974895, -0.12361521812710186, 0.989354622617165]], "trans": [-471.68999256144895, 446.38375273506705, 64.03753667935956]}], "rb_4XMM.renamed.noAb_Nup120_715-1036_Nup85_553-744_Nup145c_92-99_554-712_remaining_updated_1.pdb_38": [{"rot": [[-0.6730536086631689, 0.7215489842122953, 0.16237580868987184], [-0.7276727339212996, -0.6853081086140937, 0.029072127119873455], [0.13225442213017546, -0.0985893485624958, 0.9863006175487448]], "trans": [-334.1548763125157, 790.433445080081, 51.44241037103325]}], "rb_4XMM.renamed.noAb_Nup120_715-1036_Nup85_553-744_Nup145c_92-99_554-712_remaining_updated_1.pdb_39": [{"rot": [[-0.9875431868546971, 0.02645226041973466, 0.15510877478580712], [-0.03257564597934815, -0.9987815922759812, -0.037069640134250494], [0.15393921328204804, -0.04166063908944743, 0.9872016560788185]], "trans": [5.652023732604164, 936.0556740667502, 23.690413727386783]}], "rb_4XMM.renamed.noAb_Nup120_715-1036_Nup85_553-744_Nup145c_92-99_554-712_remaining_updated_1.pdb_40": [{"rot": [[-0.720033128062701, -0.6862011501712776, 0.10334542077835948], [0.6818173207623234, -0.7272805194769018, -0.07866503097243013], [0.1291411460407851, 0.013821269587927884, 0.9915298971318257]], "trans": [348.66894758945256, 797.9430014764346, -2.9369374133924566]}], "rb_4XMM.renamed.noAb_Nup120_715-1036_Nup85_553-744_Nup145c_92-99_554-712_remaining_updated_1.pdb_41": [{"rot": [[-0.027234596619361173, -0.9989288312234372, 0.03740944930838315], [0.9970046934456132, -0.029854046827682945, -0.07134687894664903], [0.07238727784906654, 0.03535429307151142, 0.9967497960707161]], "trans": [493.95365806332507, 457.0038950964041, -12.816960406198405]}], "rb_4XMM.renamed.noAb_Nup120_715-1036_Nup85_553-744_Nup145c_92-99_554-712_remaining_updated_1.pdb_42": [{"rot": [[0.6850012592965211, -0.7285304977160866, -0.004072917839811999], [0.7283452650106951, 0.6849355642804988, -0.019402260699553302], [0.016924824923142588, 0.010324082588988764, 0.9998034624965124]], "trans": [356.39823658347353, 112.96540748066025, -0.13779357233448764]}], "rb_4XMM.renamed.noAb_Nup120_2-711_3F7F_updated_1.pdb_42": [{"rot": [[0.9973622095231037, 0.04692627413863969, 0.05537641926540257], [-0.06271380755686637, 0.94122173352346, 0.3319165959767801], [-0.03654588016333364, -0.3345139356417875, 0.9416819131238156]], "trans": [-39.73295447722535, -26.593152618244744, 239.7852393229935]}], "rb_4XMM.renamed.noAb_Nup120_2-711_3F7F_updated_1.pdb_43": [{"rot": [[0.662136918541181, 0.6902065712641068, 0.2918725579574668], [-0.7493548152823992, 0.6131980767359719, 0.24991094313852324], [-0.0064855160065078465, -0.38419136855368097, 0.923230702701648]], "trans": [-357.89184225681424, 161.68674145127727, 264.26964043400903]}], "rb_4XMM.renamed.noAb_Nup120_2-711_3F7F_updated_1.pdb_44": [{"rot": [[-0.05899891225515069, 0.9140196495251363, 0.40135670996590533], [-0.9968924272537076, -0.07496950716435719, 0.024188044148799492], [0.052197862378836, -0.39868239649811504, 0.9156023863476983]], "trans": [-450.2286388173208, 520.4566035705056, 269.925108375207]}], "rb_4XMM.renamed.noAb_Nup120_2-711_3F7F_updated_1.pdb_45": [{"rot": [[-0.7435937451701857, 0.5872526519120134, 0.31969151531763174], [-0.6603156200976703, -0.7201427443657815, -0.2130204440713352], [0.10512670449892834, -0.36949797098174625, 0.92326573934137]], "trans": [-262.64923344550573, 839.5441066501195, 253.4625951857225]}], "rb_4XMM.renamed.noAb_Nup120_2-711_3F7F_updated_1.pdb_46": [{"rot": [[-0.9906022742951527, -0.09866970695882782, 0.09471759651684915], [0.06320416682072494, -0.9443700555730622, -0.32275444448284213], [0.12129454834314508, -0.3137347399724632, 0.9417314614456936]], "trans": [94.96162666147018, 932.0234090474672, 224.55007811457764]}], "rb_4XMM.renamed.noAb_Nup120_2-711_3F7F_updated_1.pdb_47": [{"rot": [[-0.6553234204483855, -0.7419244377555883, -0.14177215267068882], [0.7498188406956865, -0.6162959202758864, -0.2407302323952548], [0.09123004302094592, -0.2640595904570611, 0.9601820722852744]], "trans": [413.11237067907626, 743.7189482551983, 200.1489222297267]}], "rb_4XMM.renamed.noAb_Nup120_2-711_3F7F_updated_1.pdb_48": [{"rot": [[0.0658317363548403, -0.9656838492858221, -0.251238702665459], [0.9972998443043607, 0.07188920722335246, -0.014998747790872222], [0.03254539965960017, -0.24957292544127058, 0.9678089438766729]], "trans": [505.42772017557274, 384.9422492935007, 194.57767360599956]}], "rb_4XMM.renamed.noAb_Nup120_2-711_3F7F_updated_1.pdb_49": [{"rot": [[0.7504003369714844, -0.6388665232674153, -0.16955500500217008], [0.6606693162506352, 0.7170367758253029, 0.22220332283512528], [-0.020381090206344474, -0.27876123755331855, 0.9601441473027585]], "trans": [317.8299551087473, 65.86987796077119, 211.12405314296805]}]}
