{"rb_ScNup133N_56-480_renamed_1.pdb_0": [{"rot": [[-0.09360798408283938, 0.2857867848494611, 0.9537103642728009], [-0.5327054505642352, -0.823641308481152, 0.19452480022509888], [0.8411078695714991, -0.4898376349045338, 0.2293395804828085]], "trans": [327.12613810961466, 619.7133929413176, -152.64289061860387]}], "rb_ScNup133N_56-480_renamed_1.pdb_1": [{"rot": [[-0.425286584626061, -0.3877359403052736, 0.8177971395967886], [-0.26225731732991353, -0.8120230751631812, -0.5213824171464273], [0.8662288499259424, -0.43621023142301407, 0.24365593273684755]], "trans": [350.071487560322, 337.5374270371026, -153.05761943462443]}], "rb_ScNup133N_56-480_renamed_1.pdb_2": [{"rot": [[-0.4692677314324283, -0.8559736064374446, 0.21701838935615597], [0.16417856547068616, -0.3260444291227673, -0.9309889520708607], [0.8676596077242811, -0.4012533056816934, 0.29353464838629106]], "trans": [167.39907739120653, 121.81590470208931, -137.40667186416118]}], "rb_ScNup133N_56-480_renamed_1.pdb_3": [{"rot": [[-0.1997866485686015, -0.8446259865757341, -0.4966812235777562], [0.49679004494702517, 0.3496014864907061, -0.794341520937326], [0.8445619848745631, -0.40544511767249036, 0.3497560725138046]], "trans": [-113.8771055004168, 98.92165218877295, -114.8345887711659]}], "rb_ScNup133N_56-480_renamed_1.pdb_4": [{"rot": [[0.225290845940521, -0.3603406764365722, -0.9052064027837191], [0.5407286266000038, 0.8191117677034554, -0.19149011563262683], [0.8104668945186354, -0.44633004482664695, 0.37938490214341053]], "trans": [-328.9795938431924, 282.26656222359395, -98.54040979670026]}], "rb_ScNup133N_56-480_renamed_1.pdb_5": [{"rot": [[0.556948362218823, 0.3131811608776472, -0.7692373380778539], [0.27025446976330564, 0.8074406716860879, 0.5244064104109292], [0.7853477213277744, -0.4999571203397854, 0.3650641511115876]], "trans": [-351.896403681573, 564.4447181401019, -98.04548983074295]}], "rb_ScNup133N_56-480_renamed_1.pdb_6": [{"rot": [[0.6008962508594957, 0.7813809364103483, -0.16842662472866826], [-0.15618485080252026, 0.32142529104803125, 0.93396577809601], [0.7839196311375287, -0.5349108472345443, 0.31518311729536763]], "trans": [-169.20063134595284, 780.1522942855879, -113.61575506653725]}], "rb_ScNup133N_56-480_renamed_1.pdb_7": [{"rot": [[0.33138921903160296, 0.7699806200376397, 0.5452623499528264], [-0.48877516831559265, -0.35421971141607433, 0.7972623350456105], [0.8070192193174155, -0.5307148394484247, 0.2589628136268688]], "trans": [112.08387705833582, 803.0248678723822, -136.1059196870279]}], "rb_ScNup133C_490_881_renamed_relative_3CQC_1.pdb_7": [{"rot": [[0.659658827510063, 0.38915167229457204, -0.6429706114888838], [-0.27795640096343566, 0.921173207887177, 0.272360349967288], [0.6982767864188992, -0.0009471120249419929, 0.7158272365084395]], "trans": [290.0054574547805, 90.7749118926076, -304.3599352333167]}], "rb_ScNup133C_490_881_renamed_relative_3CQC_1.pdb_8": [{"rot": [[0.28550772226822146, 0.9252848211578852, -0.24966645801956353], [-0.6212265092246423, 0.3770468247818382, 0.6869594719912531], [0.7297691174349457, -0.04103281195282854, 0.6824612396183876]], "trans": [-52.1403709163406, -19.052344563448827, -276.51319437408586]}], "rb_ScNup133C_490_881_renamed_relative_3CQC_1.pdb_9": [{"rot": [[-0.2211230171349221, 0.9209762186959805, 0.32079185757996415], [-0.5984506243870087, -0.3878610446180636, 0.7010140228544542], [0.7700399090072862, -0.0369677516795317, 0.6369237975392442]], "trans": [-371.5785014002638, 146.02479681083452, -251.81393735009465]}], "rb_ScNup133C_490_881_renamed_relative_3CQC_1.pdb_10": [{"rot": [[-0.563441960063581, 0.37874990498233674, 0.7342218105692464], [-0.2229711809283975, -0.9254565852171077, 0.3062906484920612], [0.7954979636146828, 0.008866699169501252, 0.6058913859189052]], "trans": [-481.1756597426029, 489.30193580588866, -244.70733228433465]}], "rb_ScNup133C_490_881_renamed_relative_3CQC_1.pdb_11": [{"rot": [[-0.5409138430530516, -0.38375030001857, 0.7484303051248243], [0.28525066891298445, -0.9208087492352517, -0.26597613279485754], [0.7912295939095523, 0.06962007302114996, 0.6075432290415688]], "trans": [-316.7263719272195, 809.6826009859304, -259.33252372627277]}], "rb_ScNup133C_490_881_renamed_relative_3CQC_1.pdb_12": [{"rot": [[-0.1667359546945516, -0.9198410249643184, 0.3550938047962673], [0.6284913995719729, -0.37664030452515407, -0.680544371566809], [0.7597352710491729, 0.10970218685054733, 0.6409116539149904]], "trans": [25.434563847940296, 919.4833981162916, -287.0978634128359]}], "rb_ScNup133C_490_881_renamed_relative_3CQC_1.pdb_13": [{"rot": [[0.3398930221032833, -0.9154727643024673, -0.2153656224793012], [0.60567575133423, 0.38826720122693914, -0.6945541481390174], [0.7194648134351074, 0.10563237321862723, 0.686448966753529]], "trans": [344.8663602758576, 754.3815888419467, -311.7140189631593]}], "rb_ScNup133C_490_881_renamed_relative_3CQC_1.pdb_14": [{"rot": [[0.682182689263709, -0.3732045067212044, -0.6287648007259288], [0.23016945263806585, 0.9258201659556212, -0.2997983378576335], [0.6940092229511274, 0.05979478633534081, 0.7174787676202578]], "trans": [454.44328035999234, 411.0962577664977, -318.7364944668833]}], "rb_ScNup84_506-726_ScNup133C_882_1155_renamed_relative_3CQC_new_1.pdb_14": [{"rot": [[0.9868811766508444, 0.1551111703123901, 0.044789150656899736], [-0.15986550899424914, 0.9775999744290184, 0.13689890076400651], [-0.022551323824897808, -0.14226318863537524, 0.9895719392510284]], "trans": [-51.22654394568792, 62.036485925059225, 59.6077251832335]}], "rb_ScNup84_506-726_ScNup133C_882_1155_renamed_relative_3CQC_new_1.pdb_15": [{"rot": [[0.5864921891088755, 0.7963502812417956, 0.1478280815014278], [-0.8098580397500647, 0.5737497942313823, 0.12223391129972863], [0.012524678297759426, -0.191408994526277, 0.9814304505404232]], "trans": [-307.1190855689845, 222.07894097900353, 79.26650142471692]}], "rb_ScNup84_506-726_ScNup133C_882_1155_renamed_relative_3CQC_new_1.pdb_16": [{"rot": [[-0.1549049733956876, 0.9652698728280877, 0.2103770943513793], [-0.9852676021339928, -0.16656553663419155, 0.03877723805141883], [0.07247207325869698, -0.2012709482667869, 0.9768509630344719]], "trans": [-375.3151528434123, 516.7210896646393, 83.30981536880353]}], "rb_ScNup84_506-726_ScNup133C_882_1155_renamed_relative_3CQC_new_1.pdb_17": [{"rot": [[-0.8029893993676804, 0.5629144665537753, 0.1957940955381716], [-0.5833368012266988, -0.8096588589004846, -0.06458102305297025], [0.12217283183152863, -0.16607177830216657, 0.9785162050849343]], "trans": [-215.86261465579932, 773.3575236228041, 69.39304159750765]}], "rb_ScNup84_506-726_ScNup133C_882_1155_renamed_relative_3CQC_new_1.pdb_18": [{"rot": [[-0.9781040940823034, -0.17501046737442078, 0.11262201138686494], [0.16047763257603143, -0.9787970367680585, -0.12729214530700592], [0.13251154886359376, -0.10643165470598703, 0.9854506544187368]], "trans": [77.83089718202598, 841.6471180622653, 45.6928273137508]}], "rb_ScNup84_506-726_ScNup133C_882_1155_renamed_relative_3CQC_new_1.pdb_19": [{"rot": [[-0.5776644002585353, -0.8162180979197949, 0.009584221519681364], [0.810438716169042, -0.5748965407937808, -0.11261906906745033], [0.09743165814159849, -0.05728860280663299, 0.9935920128404022]], "trans": [333.71749569621267, 681.5849824722848, 26.11709711916569]}], "rb_ScNup84_506-726_ScNup133C_882_1155_renamed_relative_3CQC_new_1.pdb_20": [{"rot": [[0.1637464632619774, -0.9850799540812764, -0.0529582839263459], [0.9857900823322686, 0.16543202348362285, -0.02915748928581012], [0.03748345427694677, -0.0474313153237778, 0.9981709577933648]], "trans": [401.897116815375, 386.9378895527643, 22.15759468072281]}], "rb_ScNup84_506-726_ScNup133C_882_1155_renamed_relative_3CQC_new_1.pdb_21": [{"rot": [[0.8117995587357435, -0.5826743795672978, -0.03836722341160736], [0.5838084283130308, 0.8084937444776942, 0.07419962379355498], [-0.012214559636773878, -0.08263433025263155, 0.9965050787610558]], "trans": [242.4310904945134, 130.31437765514886, 36.15785725703273]}], "rb_4XMM.renamed.noAb_Nup145c_149-550_Sec13_Nup84_7-436_3IKO_updated_1.pdb_21": [{"rot": [[0.9944127278377258, -0.005436281237140211, 0.10542188368950901], [0.0075742883067586465, 0.9997734687138001, -0.01989073685469074], [-0.10528987069504715, 0.020578097635281317, 0.9942286382048818]], "trans": [-27.766237615070054, 0.4050806592231879, 48.95929948886112]}], "rb_4XMM.renamed.noAb_Nup145c_149-550_Sec13_Nup84_7-436_3IKO_updated_1.pdb_22": [{"rot": [[0.7082392856947781, 0.7013827424285307, 0.08037016126638417], [-0.7015350207612091, 0.7119562353464306, -0.031095555902872416], [-0.07902992372589669, -0.03435938845166213, 0.996279932338852]], "trans": [-334.1470999682431, 161.35206698150026, 72.63790654634604]}], "rb_4XMM.renamed.noAb_Nup145c_149-550_Sec13_Nup84_7-436_3IKO_updated_1.pdb_23": [{"rot": [[0.005963321424872936, 0.9984822198949306, 0.054751213240215896], [-0.9997488380884174, 0.007135831729354669, -0.021244779273746874], [-0.021603229815088786, -0.054610772373427166, 0.9982739924501363]], "trans": [-437.4193060517412, 492.44769422326425, 79.29964255958691]}], "rb_4XMM.renamed.noAb_Nup145c_149-550_Sec13_Nup84_7-436_3IKO_updated_1.pdb_24": [{"rot": [[-0.7010120030115831, 0.71181708815961, 0.043572980591900755], [-0.712369304669763, -0.7017940117308532, 0.0038908691873936353], [0.03334884402804112, -0.028312507884130554, 0.9990426700092967]], "trans": [-277.082628064482, 799.7315922931248, 65.06597354273634]}], "rb_4XMM.renamed.noAb_Nup145c_149-550_Sec13_Nup84_7-436_3IKO_updated_1.pdb_25": [{"rot": [[-0.9985305742076389, 0.009319823371477857, 0.05338382961990209], [-0.007747403233315513, -0.9995321968244101, 0.02958657219936973], [0.05363459812194637, 0.029129510872868438, 0.9981356628638235]], "trans": [52.93736062070161, 903.1926377939744, 38.29918840178476]}], "rb_4XMM.renamed.noAb_Nup145c_149-550_Sec13_Nup84_7-436_3IKO_updated_1.pdb_26": [{"rot": [[-0.712301818144792, -0.697476771545145, 0.0784364266306454], [0.7013394211906442, -0.7116594966151013, 0.04078942462835332], [0.027370351689284547, 0.08406493937725533, 0.9960843085883355]], "trans": [359.31221068945314, 742.2220082658532, 14.703652185158774]}], "rb_4XMM.renamed.noAb_Nup145c_149-550_Sec13_Nup84_7-436_3IKO_updated_1.pdb_27": [{"rot": [[-0.010002575950118553, -0.9945212854561125, 0.10405460705361941], [0.9994981087303363, -0.006815797890612929, 0.030936637561226596], [-0.030057929383816316, 0.10431182902161841, 0.994090319441509]], "trans": [462.56512842537586, 411.11868496739066, 8.125967606804977]}], "rb_4XMM.renamed.noAb_Nup145c_149-550_Sec13_Nup84_7-436_3IKO_updated_1.pdb_28": [{"rot": [[0.696950353879427, -0.7078008537847338, 0.11523087958070195], [0.7120630961875147, 0.7020915223400981, 0.005800112586210028], [-0.08500794830597065, 0.07800926637114575, 0.9933218023808015]], "trans": [302.21101209188953, 103.84778003886424, 22.44343993926242]}], "rb_4XMM.renamed.noAb_Seh1_Nup85_47_544_3F3F_1.pdb_28": [{"rot": [[0.7172190738761681, -0.6673881620472901, 0.20047404128052526], [0.3283421246649373, 0.577404396138864, 0.747526328961076], [-0.6146448155143917, -0.47031606870130205, 0.6332570933535808]], "trans": [427.89600466512616, -142.51264730311811, 654.4007648702255]}], "rb_4XMM.renamed.noAb_Seh1_Nup85_47_544_3F3F_1.pdb_29": [{"rot": [[0.7277936136025026, -0.07537307774729993, 0.6816416618358244], [-0.308702463345232, 0.8515438369402807, 0.42376394713755927], [-0.6123881490721311, -0.5188371545291623, 0.5964803114572058]], "trans": [-99.89552580837756, -225.96642421959913, 696.9162982805121]}], "rb_4XMM.renamed.noAb_Seh1_Nup85_47_544_3F3F_1.pdb_30": [{"rot": [[0.2862251238507002, 0.5366375446836111, 0.7937854395947248], [-0.7664791614029174, 0.625362158930401, -0.14639626126709074], [-0.5749651064297083, -0.56651771006196, 0.5903158566178119]], "trans": [-532.0626777999876, 89.4406992618915, 729.8693299914528]}], "rb_4XMM.renamed.noAb_Seh1_Nup85_47_544_3F3F_1.pdb_31": [{"rot": [[-0.34880934796692803, 0.8101192532756392, 0.4712099683187956], [-0.7768159251344839, 0.03135977824907188, -0.6289464069104918], [-0.5242986336319553, -0.5854257935727489, 0.618374953399129]], "trans": [-615.4339267769119, 618.9388997606353, 733.9795142902178]}], "rb_4XMM.renamed.noAb_Seh1_Nup85_47_544_3F3F_1.pdb_32": [{"rot": [[-0.8052976542735625, 0.5848626070434833, -0.0971154926043781], [-0.3336573325976122, -0.5824883350670158, -0.7412018105176857], [-0.4900698648410625, -0.5644847831369318, 0.664220187273397]], "trans": [-301.16730621459436, 1052.3407822950203, 706.8630521621787]}], "rb_4XMM.renamed.noAb_Seh1_Nup85_47_544_3F3F_1.pdb_33": [{"rot": [[-0.8158225087496581, -0.007173874531347824, -0.5782578747770026], [0.3033880641634441, -0.8565813009789007, -0.4174016738543879], [-0.49233049544037494, -0.5159622179360572, 0.7009947738192723]], "trans": [226.6372797414736, 1135.7535299050396, 664.4291543652433]}], "rb_4XMM.renamed.noAb_Seh1_Nup85_47_544_3F3F_1.pdb_34": [{"rot": [[-0.37421830324266997, -0.6191668728279276, -0.6903571866147656], [0.7611300893859636, -0.6303515953445811, 0.15276731744011482], [-0.5297562161499235, -0.46828330083296665, 0.70715564171651]], "trans": [658.786375932829, 820.3128957161822, 631.5602014480016]}], "rb_4XMM.renamed.noAb_Seh1_Nup85_47_544_3F3F_1.pdb_35": [{"rot": [[0.2608169920421107, -0.8926022603428443, -0.36774407064280906], [0.7714170105320393, -0.036327769563490986, 0.6352921288827258], [-0.5804225120753929, -0.449379013739382, 0.6790936676826718]], "trans": [742.1228618475837, 290.80856774440235, 627.5352943827967]}], "rb_4XMM.renamed.noAb_Nup120_715-1036_Nup85_553-744_Nup145c_92-99_554-712_remaining_updated_1.pdb_35": [{"rot": [[0.9787384336294661, -0.11360816364337287, 0.17077547742612206], [0.11190764699460504, 0.9935256323116414, 0.019583066253374956], [-0.1718946103886628, -5.561774735265111e-05, 0.9851153434121286]], "trans": [18.993212611217928, -64.92722880091969, 97.77562908130386]}], "rb_4XMM.renamed.noAb_Nup120_715-1036_Nup85_553-744_Nup145c_92-99_554-712_remaining_updated_1.pdb_36": [{"rot": [[0.7693643471596616, 0.619882581402709, 0.15435053156080045], [-0.6205506188251445, 0.7825855445979402, -0.0497674076286471], [-0.15164244391105716, -0.05749304879600186, 0.9867619361045614]], "trans": [-346.09091167802205, 85.01300772348554, 126.1868026431028]}], "rb_4XMM.renamed.noAb_Nup120_715-1036_Nup85_553-744_Nup145c_92-99_554-712_remaining_updated_1.pdb_37": [{"rot": [[0.10495513261767203, 0.9900389330043373, 0.0938473828768805], [-0.9897459361785415, 0.11318369729987071, -0.08713456537788718], [-0.09688860591044203, -0.08373984595856478, 0.9917662205598485]], "trans": [-498.64641330015485, 449.97029555438604, 136.61196950637068]}], "rb_4XMM.renamed.noAb_Nup120_715-1036_Nup85_553-744_Nup145c_92-99_554-712_remaining_updated_1.pdb_38": [{"rot": [[-0.6252689239478797, 0.7800180811887206, 0.024709628967799116], [-0.7793984825059915, -0.6225348688693103, -0.07062819910791614], [-0.03970866671669353, -0.06342026537737207, 0.9971966163836725]], "trans": [-349.3022150330986, 816.1476263778612, 122.96792482893903]}], "rb_4XMM.renamed.noAb_Nup120_715-1036_Nup85_553-744_Nup145c_92-99_554-712_remaining_updated_1.pdb_39": [{"rot": [[-0.9935322740416958, 0.11285320224345814, -0.012560859084173781], [-0.1127327620679714, -0.9935758442159137, -0.009917970919447516], [-0.013599440946652252, -0.008437803862972625, 0.9998719211338556]], "trans": [14.455659364372991, 969.0332734923342, 93.27154726506376]}], "rb_4XMM.renamed.noAb_Nup120_715-1036_Nup85_553-744_Nup145c_92-99_554-712_remaining_updated_1.pdb_40": [{"rot": [[-0.7841010546655829, -0.6206211107205223, 0.0038694961356890312], [0.6197090461162685, -0.7825781937041475, 0.059431211500496336], [-0.033856081196491646, 0.04899803737679098, 0.9982249035659436]], "trans": [379.53463142345623, 819.0647859257017, 64.94339841177316]}], "rb_4XMM.renamed.noAb_Nup120_715-1036_Nup85_553-744_Nup145c_92-99_554-712_remaining_updated_1.pdb_41": [{"rot": [[-0.11966302711026139, -0.9907252631811081, 0.06437556087158329], [0.9888522033829052, -0.11314731607067646, 0.09679361926684021], [-0.08861196198922823, 0.07524053269830377, 0.993220409794167]], "trans": [532.0682050376982, 454.0959350453519, 54.602512195410384]}], "rb_4XMM.renamed.noAb_Nup120_715-1036_Nup85_553-744_Nup145c_92-99_554-712_remaining_updated_1.pdb_42": [{"rot": [[0.6105446435061732, -0.7806470241583391, 0.13351202926570938], [0.7784474432866259, 0.6225547415914376, 0.08028182710011038], [-0.14579031629855776, 0.054916458323039555, 0.9877901428333948]], "trans": [382.70197539975146, 87.93073655296973, 68.33073046920276]}], "rb_4XMM.renamed.noAb_Nup120_2-711_3F7F_updated_1.pdb_42": [{"rot": [[0.9372369311832098, 0.3384372236681373, 0.08394748633569861], [-0.3453693381488478, 0.8678371855662759, 0.35718152193952024], [0.04803077235383503, -0.36375660129296394, 0.9302549005100083]], "trans": [-188.87307105005675, 181.2552536197781, 207.9478412830469]}], "rb_4XMM.renamed.noAb_Nup120_2-711_3F7F_updated_1.pdb_43": [{"rot": [[0.4219143575194328, 0.8445574876112855, 0.32971339833054625], [-0.9019748272667018, 0.35417712839339915, 0.24698172543775138], [0.09181332090806579, -0.4015983215138215, 0.9112020095791675]], "trans": [-317.72195784408336, 411.9310795739076, 217.13678687269328]}], "rb_4XMM.renamed.noAb_Nup120_2-711_3F7F_updated_1.pdb_44": [{"rot": [[-0.33495503659444, 0.8404942954344926, 0.42588080821057533], [-0.9298478954213935, -0.36790675767451403, -0.005244905893486723], [0.152276113820988, -0.39776118086045287, 0.9047640732036586]], "trans": [-246.26262306964554, 666.3792385780449, 210.24426326160813]}], "rb_4XMM.renamed.noAb_Nup120_2-711_3F7F_updated_1.pdb_45": [{"rot": [[-0.8899864882280448, 0.3286279224059335, 0.31611349130758554], [-0.41266010627764305, -0.8754075507960868, -0.2517404550248531], [0.1939991944788318, -0.3544930304312842, 0.9147125252871571]], "trans": [-16.355039274964838, 795.5405281637036, 191.3320128669347]}], "rb_4XMM.renamed.noAb_Nup120_2-711_3F7F_updated_1.pdb_46": [{"rot": [[-0.918034747070948, -0.39118309283840175, 0.06471468958251671], [0.3466126409363129, -0.8710241305995187, -0.3481043536879506], [0.1925405939367949, -0.29714096282864394, 0.9352194223259754]], "trans": [237.3196025953664, 723.7505605126012, 171.50310353378973]}], "rb_4XMM.renamed.noAb_Nup120_2-711_3F7F_updated_1.pdb_47": [{"rot": [[-0.4026687476125276, -0.8972633082330668, -0.18104263419098157], [0.9031776651568035, -0.35732436644218446, -0.23788527131496567], [0.1487547809586702, -0.25930262791831177, 0.9542715348875256]], "trans": [366.15703386052206, 493.0650277084769, 162.3975948383378]}], "rb_4XMM.renamed.noAb_Nup120_2-711_3F7F_updated_1.pdb_48": [{"rot": [[0.3542028410038816, -0.8931437978688302, -0.27719037456812884], [0.9309913276286242, 0.36475917666587493, 0.014348899550945718], [0.08829210216700621, -0.2631442558112824, 0.9607078667984643]], "trans": [294.6843840168569, 238.62288432917876, 169.37362706323344]}], "rb_4XMM.renamed.noAb_Nup120_2-711_3F7F_updated_1.pdb_49": [{"rot": [[0.9091939702773874, -0.3812378290021576, -0.16740382955285293], [0.4137599927031414, 0.8722197777940005, 0.2608358251147234], [0.04657244732173057, -0.30641536672090036, 0.9507579240730831]], "trans": [64.77325244641645, 109.48004239570082, 188.3685470702654]}]}
