{"rb_ScNup133N_56-480_renamed_1.pdb_0": [{"rot": [[-0.7445840949660307, -0.17842640110441965, 0.643240658628276], [0.22352398341786417, -0.9746292970474145, -0.011608711120083812], [0.6289924914978111, 0.13513605264985334, 0.7655760529912027]], "trans": [911.6888722560209, 260.84070515973224, -314.0580444086965]}], "rb_ScNup133N_56-480_renamed_1.pdb_1": [{"rot": [[-0.357850296368145, -0.8109260277296602, 0.4629709957868001], [0.7190391929208229, -0.5556280126805409, -0.4174447874491195], [0.5957564976003188, 0.1835115502502861, 0.7819192455054003]], "trans": [508.30002597035013, -337.4974801694766, -278.95301945627534]}], "rb_ScNup133N_56-480_renamed_1.pdb_2": [{"rot": [[0.26499759232210685, -0.9629836883602405, 0.049383114680923546], [0.794947533279019, 0.18919701937770217, -0.5764225075343535], [0.5457423342540735, 0.19200756185811071, 0.8156582622595165]], "trans": [-198.80751010012506, -474.2663993289141, -221.88548672578355]}], "rb_ScNup133N_56-480_renamed_1.pdb_3": [{"rot": [[0.7590864957547452, -0.5455218613857521, -0.35523737234840796], [0.4067808284030227, 0.8235167933146439, -0.3954104813640028], [0.5082490035470092, 0.15564700407969975, 0.8470283115188548]], "trans": [-795.3982577697982, -69.34477423804213, -176.2624066417688]}], "rb_ScNup133N_56-480_renamed_1.pdb_4": [{"rot": [[0.8349721676453915, 0.19690442874038944, -0.5138580788505445], [-0.21806739284026888, 0.9757378416492112, 0.019551893861772335], [0.5052406272632866, 0.0957304043455111, 0.857652376109599]], "trans": [-931.9790317849688, 640.0587145251718, -168.78641790168876]}], "rb_ScNup133N_56-480_renamed_1.pdb_5": [{"rot": [[0.44819971141253234, 0.8293713930515997, -0.33355675840457316], [-0.713552232086616, 0.5566869279502334, 0.425373807766222], [0.5384795546480163, 0.04735775160388875, 0.8413067291951809]], "trans": [-528.5369755993727, 1238.365617449225, -203.81305521973746]}], "rb_ScNup133N_56-480_renamed_1.pdb_6": [{"rot": [[-0.17465411459099078, 0.9813709660701749, 0.08004353322363761], [-0.7894116841692752, -0.1881500139195449, 0.5843190610951337], [0.5884939533703473, 0.038866427885278554, 0.8075668812116883]], "trans": [178.58777907973936, 1375.0794314690556, -260.799215678229]}], "rb_ScNup133N_56-480_renamed_1.pdb_7": [{"rot": [[-0.6687127568533673, 0.5638596547278543, 0.4846499134341702], [-0.40120621243995036, -0.8224370012119275, 0.4032752833203589], [0.6259846834557161, 0.07523077035170697, 0.776198110839707]], "trans": [775.1534938415665, 970.1113934622487, -306.33759807453]}], "rb_ScNup133C_490_881_renamed_relative_3CQC_1.pdb_7": [{"rot": [[0.8462566638484968, 0.3250746790691422, -0.42210912323723054], [-0.2515266020779249, 0.9422011157864102, 0.221340068351788], [0.46966373858234206, -0.08113883434542989, 0.8791089023675732]], "trans": [136.3443601454461, 89.71544876669074, -205.01046316760267]}], "rb_ScNup133C_490_881_renamed_relative_3CQC_1.pdb_8": [{"rot": [[0.43190804886100703, 0.8930970940313379, -0.125829320755754], [-0.7472133374860863, 0.43245583215384836, 0.5046327194297089], [0.5051016388925884, -0.12393358652479552, 0.8541152150144142]], "trans": [-159.8600488943224, 94.21574804090784, -181.3817954447586]}], "rb_ScNup133C_490_881_renamed_relative_3CQC_1.pdb_9": [{"rot": [[-0.2105945380067747, 0.9355808960785751, 0.283440165563246], [-0.8036542101606347, -0.3307716099477372, 0.4947019835655251], [0.5565876849632915, -0.12360634670351342, 0.8215422204621083]], "trans": [-366.21202108430253, 307.51307451347486, -165.93081944084946]}], "rb_ScNup133C_490_881_renamed_relative_3CQC_1.pdb_10": [{"rot": [[-0.704864022081227, 0.42763847494997353, 0.5659434999343421], [-0.3877853610725148, -0.9003718134283043, 0.19736542585185107], [0.5939606250529837, -0.08034881658297183, 0.8004716381986192]], "trans": [-361.82574821353205, 604.6549636396385, -167.68492985654007]}], "rb_ScNup133C_490_881_renamed_relative_3CQC_1.pdb_11": [{"rot": [[-0.7613503703918106, -0.3331703370691938, 0.5561862457859317], [0.25677137423168034, -0.9426649477260677, -0.21319300575717898], [0.5953268638986682, -0.0195018672389589, 0.8032469124091091]], "trans": [-149.268857436892, 811.5716238638345, -185.5925391761757]}], "rb_ScNup133C_490_881_renamed_relative_3CQC_1.pdb_12": [{"rot": [[-0.34696308364067424, -0.9011530104938493, 0.2598843401754372], [0.7524255719607854, -0.4328750984362042, -0.4964623931511097], [0.5598860395205751, 0.02328950046081696, 0.8282422483297058]], "trans": [146.94174091576525, 807.0484748969993, -209.13911246183574]}], "rb_ScNup133C_490_881_renamed_relative_3CQC_1.pdb_13": [{"rot": [[0.2955439227326227, -0.943577286676135, -0.14938438273364468], [0.8088160143609032, 0.33035565269040906, -0.48649953509621435], [0.5083998865550152, 0.022957499959542355, 0.8608150257438882]], "trans": [353.28361509928084, 593.7353579754849, -224.50673017491056]}], "rb_ScNup133C_490_881_renamed_relative_3CQC_1.pdb_14": [{"rot": [[0.7897809850458137, -0.4355904264461734, -0.43186453437218075], [0.39290838516880655, 0.8999159700902115, -0.18914081431734908], [0.4710297193639702, -0.02030337816792882, 0.8818836523662659]], "trans": [348.88069913578863, 296.5942215020429, -222.6688202744847]}], "rb_ScNup84_506-726_ScNup133C_882_1155_renamed_relative_3CQC_new_1.pdb_14": [{"rot": [[0.9855420511344438, 0.14736772555435348, 0.08360394076030261], [-0.16467646293341506, 0.9492251135395396, 0.2680547451204507], [-0.03985634204809838, -0.27794682457403064, 0.9597692611809153]], "trans": [-60.519588353802305, 36.3296205288014, 117.48568074224147]}], "rb_ScNup84_506-726_ScNup133C_882_1155_renamed_relative_3CQC_new_1.pdb_15": [{"rot": [[0.5818090508774107, 0.7681743128601464, 0.26721985962680755], [-0.8133128514316477, 0.5513279736320438, 0.18590231624944636], [-0.004520399678258902, -0.3254929961652458, 0.9455336458498567]], "trans": [-330.6861989165434, 213.7847435077775, 138.19746781196227]}], "rb_ScNup84_506-726_ScNup133C_882_1155_renamed_relative_3CQC_new_1.pdb_16": [{"rot": [[-0.1609976177459112, 0.9268368848261379, 0.33919486435664614], [-0.9853917740634488, -0.17028572079267018, -0.002413483418545498], [0.05552313651291915, -0.33462839422246116, 0.9407130375900328]], "trans": [-396.7051859075052, 530.8598879155078, 141.95810785973015]}], "rb_ScNup84_506-726_ScNup133C_882_1155_renamed_relative_3CQC_new_1.pdb_17": [{"rot": [[-0.8077313346819522, 0.5304086696523856, 0.25736498233151217], [-0.5801069716383002, -0.792884492787513, -0.18657460318523994], [0.10509991641078335, -0.30000137375464747, 0.9481314166906251]], "trans": [-219.89978254040216, 801.8080801935869, 126.58856982172486]}], "rb_ScNup84_506-726_ScNup133C_882_1155_renamed_relative_3CQC_new_1.pdb_18": [{"rot": [[-0.9795263696041707, -0.18887709457449187, 0.0696673122430659], [0.16512000406743155, -0.9517412030752209, -0.2586968624195186], [0.11516716331856829, -0.24189693159283854, 0.9634429920753613]], "trans": [96.15682627539286, 867.9041657311845, 101.11655069228243]}], "rb_ScNup84_506-726_ScNup133C_882_1155_renamed_relative_3CQC_new_1.pdb_19": [{"rot": [[-0.5757427687451391, -0.8096526652411146, -0.11394220423373275], [0.8137246829849715, -0.5537953508896397, -0.17653002473808602], [0.0798273420495122, -0.1943534692280565, 0.9776780269906498]], "trans": [366.31613603666693, 690.4282424607493, 80.4879233340867]}], "rb_ScNup84_506-726_ScNup133C_882_1155_renamed_relative_3CQC_new_1.pdb_20": [{"rot": [[0.16707734116314982, -0.9682589601154284, -0.18590252345259278], [0.985745298878452, 0.16783077252240103, 0.011791417792863398], [0.019783018194507965, -0.18522261727640993, 0.982497437269122]], "trans": [432.31692717826184, 373.3483254398003, 76.81123341840103]}], "rb_ScNup84_506-726_ScNup133C_882_1155_renamed_relative_3CQC_new_1.pdb_21": [{"rot": [[0.8137794659728709, -0.571782175311303, -0.10405827577460512], [0.5804097494667884, 0.7903984091377884, 0.19594610880635976], [-0.029790996707216508, -0.219853357556186, 0.9750779444159646]], "trans": [255.4969189775399, 102.41441768121842, 92.26434264034839]}], "rb_4XMM.renamed.noAb_Nup145c_149-550_Sec13_Nup84_7-436_3IKO_updated_1.pdb_21": [{"rot": [[0.9996512158718434, -0.02205257012999193, -0.0145303391772825], [0.02189570587607712, 0.9997011907502906, -0.010867717176991629], [0.014765658472733442, 0.01054577465682558, 0.9998353674314355]], "trans": [12.84181324087183, -7.262305093106477, -11.855849411154907]}], "rb_4XMM.renamed.noAb_Nup145c_149-550_Sec13_Nup84_7-436_3IKO_updated_1.pdb_22": [{"rot": [[0.724422900703251, 0.6893534726493915, 0.001802965033316492], [-0.6881851501925211, 0.7230378349554427, 0.06014555908329443], [0.04015793808431867, -0.04481159413778371, 0.9981879888275784]], "trans": [-311.96602955412345, 123.80847090731524, 13.436863959012896]}], "rb_4XMM.renamed.noAb_Nup145c_149-550_Sec13_Nup84_7-436_3IKO_updated_1.pdb_23": [{"rot": [[0.029204313355856437, 0.9975599482244372, 0.06341338801759526], [-0.9948496555190142, 0.022847386020311833, 0.09875302459032231], [0.09706323194243473, -0.06597080149957263, 0.9930894130713468]], "trans": [-449.3324059634766, 446.85827635588464, 22.855263181907844]}], "rb_4XMM.renamed.noAb_Nup145c_149-550_Sec13_Nup84_7-436_3IKO_updated_1.pdb_24": [{"rot": [[-0.6787356951201552, 0.7220151574919778, 0.1342086752843992], [-0.7184494189136172, -0.690688718383573, 0.0823378816848114], [0.15214561654035383, -0.040536485411181405, 0.9875264577306594]], "trans": [-318.78424248141755, 772.6400970137527, 10.905922094515631]}], "rb_4XMM.renamed.noAb_Nup145c_149-550_Sec13_Nup84_7-436_3IKO_updated_1.pdb_25": [{"rot": [[-0.984675885805417, 0.02413712404463731, 0.1727159493392841], [-0.02090359622310828, -0.9995709674373437, 0.020516352534325023], [0.1731370543189921, 0.016591573138953493, 0.9847579804817608]], "trans": [3.203419334422449, 910.3064656110482, -15.387061907273505]}], "rb_4XMM.renamed.noAb_Nup145c_149-550_Sec13_Nup84_7-436_3IKO_updated_1.pdb_26": [{"rot": [[-0.7093921812398137, -0.6872473600438603, 0.1563771060883343], [0.6891556342243127, -0.72285178440559, -0.050495639401220926], [0.14774046504835062, 0.07194695194653751, 0.986405794332585]], "trans": [328.0075805055562, 779.2105991228577, -40.596883162950576]}], "rb_4XMM.renamed.noAb_Nup145c_149-550_Sec13_Nup84_7-436_3IKO_updated_1.pdb_27": [{"rot": [[-0.01414965705811072, -0.9953992334732478, 0.09476367028564592], [0.9957655633973972, -0.0226371684487941, -0.08909826797689732], [0.09083352881507986, 0.09310168959524673, 0.991504586695144]], "trans": [465.3552970185252, 456.15042138486064, -49.93126802127358]}], "rb_4XMM.renamed.noAb_Nup145c_149-550_Sec13_Nup84_7-436_3IKO_updated_1.pdb_28": [{"rot": [[0.6937688131544597, -0.7197987838471747, 0.023969661373878674], [0.7193097715865513, 0.690877285379468, -0.07267756907601003], [0.03575313125243071, 0.06766304248866647, 0.9970674131104784]], "trans": [334.7882532764931, 130.37925645966095, -37.89799731622395]}], "rb_4XMM.renamed.noAb_Seh1_Nup85_47_544_3F3F_1.pdb_28": [{"rot": [[0.6707407360633347, -0.714700851611374, 0.19826638063775584], [0.30458039692974564, 0.5091565903633907, 0.804978476914537], [-0.6762674373288553, -0.4795438032083262, 0.5591959352616572]], "trans": [474.1151663385686, -110.81414752063813, 708.1748335500554]}], "rb_4XMM.renamed.noAb_Seh1_Nup85_47_544_3F3F_1.pdb_29": [{"rot": [[0.676873176347925, -0.15721145099171585, 0.7191156115797742], [-0.29629753288810873, 0.8360985904042253, 0.4616783719522608], [-0.6738326759256289, -0.5255698876468754, 0.5193513435563248]], "trans": [-43.71864547900793, -233.0286763900864, 750.0852644861743]}], "rb_4XMM.renamed.noAb_Seh1_Nup85_47_544_3F3F_1.pdb_30": [{"rot": [[0.25765613589440584, 0.4675970446767246, 0.8455568103005018], [-0.7253599032802454, 0.6717297590124454, -0.15043982707500447], [-0.6383308909564369, -0.5745712616087558, 0.5122514411732642]], "trans": [-496.1642432969904, 47.918031566672326, 784.8222800882867]}], "rb_4XMM.renamed.noAb_Seh1_Nup85_47_544_3F3F_1.pdb_31": [{"rot": [[-0.34132713203928045, 0.7937030088315863, 0.5035189397684345], [-0.7312559278915279, 0.11233967521787852, -0.672788648310481], [-0.5905595286314007, -0.5978422293077248, 0.542055451037096]], "trans": [-618.1707030914121, 567.4435502751659, 792.0604517259417]}], "rb_4XMM.renamed.noAb_Seh1_Nup85_47_544_3F3F_1.pdb_32": [{"rot": [[-0.7691837834335028, 0.6300689695768567, -0.10662739272476818], [-0.3105316323707203, -0.5143730624924365, -0.7993687871560469], [-0.5585037265767344, -0.5817503297450819, 0.5913037639330485]], "trans": [-338.2630070843538, 1021.2026223613243, 767.5835612967669]}], "rb_4XMM.renamed.noAb_Seh1_Nup85_47_544_3F3F_1.pdb_33": [{"rot": [[-0.7752693591227412, 0.07255405434791003, -0.6274498625412999], [0.2903467587535215, -0.8412712957181958, -0.4560278134960123], [-0.5609422256228711, -0.5357224245804071, 0.6311460237654607]], "trans": [179.58688304399976, 1143.376902189339, 725.754521239515]}], "rb_4XMM.renamed.noAb_Seh1_Nup85_47_544_3F3F_1.pdb_34": [{"rot": [[-0.3560188430616227, -0.552241638553832, -0.753843323265812], [0.719376211575302, -0.6768534301706609, 0.15610028919184588], [-0.5964465186457469, -0.4867223096526296, 0.6382420729486421]], "trans": [632.0171133122722, 862.3950907737934, 691.1013779103753]}], "rb_4XMM.renamed.noAb_Seh1_Nup85_47_544_3F3F_1.pdb_35": [{"rot": [[0.24296490100897317, -0.8783039826072592, -0.41176470345808935], [0.7252252233163372, -0.11743776977948217, 0.6784222473467326], [-0.6442176901820298, -0.463454943188062, 0.6084349458167911]], "trans": [753.9895889023262, 342.8604118806343, 683.9484361820653]}], "rb_4XMM.renamed.noAb_Nup120_715-1036_Nup85_553-744_Nup145c_92-99_554-712_remaining_updated_1.pdb_35": [{"rot": [[0.994489288712275, -0.049588814602203456, 0.09236884811937887], [0.04891636876280012, 0.9987574000241776, 0.009531251964249011], [-0.09272671407752106, -0.004960379349660863, 0.9956792410877574]], "trans": [-0.5597501928868951, -27.764338232998625, 54.116386226294736]}], "rb_4XMM.renamed.noAb_Nup120_715-1036_Nup85_553-744_Nup145c_92-99_554-712_remaining_updated_1.pdb_36": [{"rot": [[0.7376876627438874, 0.6688599677794759, 0.0918871902797011], [-0.6716323725545424, 0.7408838905286487, -0.0010084105755143909], [-0.06875222448921825, -0.06097051957438894, 0.9957689126351615]], "trans": [-334.61647588869846, 122.55636899044545, 80.05263282777099]}], "rb_4XMM.renamed.noAb_Nup120_715-1036_Nup85_553-744_Nup145c_92-99_554-712_remaining_updated_1.pdb_37": [{"rot": [[0.0481247506506815, 0.9952930798011829, 0.08411714257322683], [-0.9987668467038872, 0.04897867120026694, -0.008116384209041524], [-0.012198126904666685, -0.08362281427535788, 0.996422817197943]], "trans": [-464.9560498439616, 465.773143474781, 88.81283055754525]}], "rb_4XMM.renamed.noAb_Nup120_715-1036_Nup85_553-744_Nup145c_92-99_554-712_remaining_updated_1.pdb_38": [{"rot": [[-0.6702437708260822, 0.7384814017337225, 0.07361050850408137], [-0.7408470661324629, -0.6716304246148092, -0.007628717759383924], [0.04380539089832743, -0.059647229819384806, 0.99725788826317]], "trans": [-315.22179850842673, 800.824876165744, 75.2891369679146]}], "rb_4XMM.renamed.noAb_Nup120_715-1036_Nup85_553-744_Nup145c_92-99_554-712_remaining_updated_1.pdb_39": [{"rot": [[-0.9965874928091627, 0.048868835633673384, 0.06652222245351046], [-0.04896607496791557, -0.9988004279998567, 0.00016890689115201386], [0.06645067854116908, -0.0030890016365195767, 0.9977849294263298]], "trans": [26.871755771869744, 931.433654618716, 47.427927348950675]}], "rb_4XMM.renamed.noAb_Nup120_715-1036_Nup85_553-744_Nup145c_92-99_554-712_remaining_updated_1.pdb_40": [{"rot": [[-0.7397296615143919, -0.6695598537403731, 0.06700470233477188], [0.671562486643587, -0.7408705378748678, 0.010708531275774768], [0.04247180722412592, 0.05291926273269795, 0.9976951925427637]], "trans": [360.9232987196785, 781.0871316273499, 21.574696039684795]}], "rb_4XMM.renamed.noAb_Nup120_715-1036_Nup85_553-744_Nup145c_92-99_554-712_remaining_updated_1.pdb_41": [{"rot": [[-0.05014121620966766, -0.9959390103085809, 0.07477530463045634], [0.9986428278573084, -0.04893972068651148, 0.017815894821268503], [-0.01408406213319259, 0.0755671323042526, 0.9970412467441545]], "trans": [491.2426396886817, 437.8605370411416, 12.8986353728327]}], "rb_4XMM.renamed.noAb_Nup120_715-1036_Nup85_553-744_Nup145c_92-99_554-712_remaining_updated_1.pdb_42": [{"rot": [[0.6682072086484242, -0.7390711222071863, 0.0852819009502595], [0.7406666729574395, 0.671649194631751, 0.017327403748856992], [-0.07008570382351137, 0.05158716574816667, 0.9962061826999632]], "trans": [341.4887845757933, 102.82096625885481, 26.506308920678634]}], "rb_4XMM.renamed.noAb_Nup120_2-711_3F7F_updated_1.pdb_42": [{"rot": [[0.9625852558998884, 0.20744610859204707, 0.17434373276422416], [-0.2526354076953246, 0.9197097952025326, 0.300514963665926], [-0.09800497896925288, -0.3333166732081255, 0.9377073207876241]], "trans": [-150.23137238658944, 111.60855273237934, 279.1045534749737]}], "rb_4XMM.renamed.noAb_Nup120_2-711_3F7F_updated_1.pdb_43": [{"rot": [[0.5023743276095912, 0.7888638019105736, 0.3539970861377341], [-0.8626787983883701, 0.48492736531485725, 0.1436340529957597], [-0.058355169179848176, -0.37754384169787003, 0.9241511358138369]], "trans": [-338.0207386464831, 339.54920000132415, 293.00472817557744]}], "rb_4XMM.renamed.noAb_Nup120_2-711_3F7F_updated_1.pdb_44": [{"rot": [[-0.25317897269854756, 0.8936637977763472, 0.37049348756390277], [-0.9674165385461905, -0.23481686946853914, -0.09469043647751255], [0.002376705832642989, -0.3823951547247306, 0.9239958316531705]], "trans": [-310.1819227297769, 633.8737995407944, 289.3950123042774]}], "rb_4XMM.renamed.noAb_Nup120_2-711_3F7F_updated_1.pdb_45": [{"rot": [[-0.861460868402486, 0.46045278093125613, 0.21416911248802054], [-0.5054917831821982, -0.8178865880178323, -0.2748446584451463], [0.04861305736646562, -0.3450286447140588, 0.9373323876727313]], "trans": [-83.02138218851803, 822.1629677588943, 270.41403321666195]}], "rb_4XMM.renamed.noAb_Nup120_2-711_3F7F_updated_1.pdb_46": [{"rot": [[-0.9661312482241279, -0.2569881266815074, -0.023399015996772285], [0.25249343287232895, -0.9227113279238153, -0.2912917295039719], [0.05326797876054978, -0.2873341400978971, 0.9563480613108214]], "trans": [210.38894870386628, 794.1143718313685, 247.2051209952473]}], "rb_4XMM.renamed.noAb_Nup120_2-711_3F7F_updated_1.pdb_47": [{"rot": [[-0.5058727278115999, -0.8383719254655894, -0.2030401385134724], [0.8625006824611029, -0.48788327852073043, -0.1343967235240276], [0.013614551427849356, -0.2431098951729082, 0.9699032028292488]], "trans": [398.16707436421524, 566.1593915329436, 233.38838856618736]}], "rb_4XMM.renamed.noAb_Nup120_2-711_3F7F_updated_1.pdb_48": [{"rot": [[0.24968876193230122, -0.9431157885817122, -0.2195179525519695], [0.967179117672801, 0.23186915777559852, 0.10392905277205103], [-0.04711768778681437, -0.23826309617800398, 0.9700570191990234]], "trans": [370.31183444838916, 271.8373852828388, 237.0818775035392]}], "rb_4XMM.renamed.noAb_Nup120_2-711_3F7F_updated_1.pdb_49": [{"rot": [[0.8579346468985929, -0.5098592841279805, -0.0631795223113339], [0.5052066351944735, 0.8149048552734302, 0.2840709992365753], [-0.09335093682691846, -0.2756330663042651, 0.9567194026219201]], "trans": [143.14313459722482, 83.56645107783311, 256.1458948107946]}]}
