{"rb_ScNup133N_56-480_renamed_1.pdb_0": [{"rot": [[-0.7234982377952859, -0.3864203603166844, 0.5720398631562671], [0.35775560898125275, -0.918573264748333, -0.1680300018807443], [0.590390738536412, 0.08308105934756571, 0.8028301896591317]], "trans": [949.7538022878911, 214.05049076030807, -291.2924299309537]}], "rb_ScNup133N_56-480_renamed_1.pdb_1": [{"rot": [[-0.24903285891999166, -0.9198918390423273, 0.3029548475292345], [0.7968703750027651, -0.3724024903985348, -0.4757247004181333], [0.5504364092436919, 0.12294466075554225, 0.8257750115925141]], "trans": [502.7492915519579, -396.09834191558, -252.653502075627]}], "rb_ScNup133N_56-480_renamed_1.pdb_2": [{"rot": [[0.39611709005446005, -0.9122593827897392, -0.10427880647030358], [0.7706809497534526, 0.39206232601158886, -0.5023325653483945], [0.4991413874383723, 0.11861682441570792, 0.8583635152495882]], "trans": [-243.53574406504035, -510.27627235860825, -192.57319587041752]}], "rb_ScNup133N_56-480_renamed_1.pdb_3": [{"rot": [[0.8340136724045546, -0.3679941920493205, -0.4110978823348962], [0.29452946781525935, 0.9269869160750757, -0.2322663342244857], [0.4665550201538169, 0.07263285787842991, 0.8815048956901392]], "trans": [-851.9150947403996, -61.59614221125196, -146.22339692146807]}], "rb_ScNup133N_56-480_renamed_1.pdb_4": [{"rot": [[0.8081308958477957, 0.39406551030400266, -0.43776343927409556], [-0.35264781895652625, 0.919004912496016, 0.17626538682734866], [0.4717668608130968, 0.011930817115174006, 0.8816426059586278]], "trans": [-965.9896453603866, 687.0990186915117, -140.73246608405185]}], "rb_ScNup133N_56-480_renamed_1.pdb_5": [{"rot": [[0.3336312558382825, 0.9274944055898503, -0.16865441804856596], [-0.7917253307712485, 0.3727922855172731, 0.48393895531767706], [0.5117237396710527, -0.027929186496169794, 0.8586959734380581]], "trans": [-518.9310023813857, 1297.2131452862543, -179.2930631636654]}], "rb_ScNup133N_56-480_renamed_1.pdb_6": [{"rot": [[-0.31151666806148826, 0.9198023256023494, 0.23858132227057818], [-0.7654852702149267, -0.39167190637896465, 0.5105148566275497], [0.5630183537007019, -0.023596600814025426, 0.8261074590064988]], "trans": [227.36949095190278, 1411.3328963997706, -239.29184178546575]}], "rb_ScNup133N_56-480_renamed_1.pdb_7": [{"rot": [[-0.7493761254453039, 0.3754953992565061, 0.5453793429804438], [-0.28929943474630815, -0.9265537606347759, 0.2404245530494345], [0.5956015947494181, 0.022390484379548825, 0.8029678739160107]], "trans": [835.7203961471457, 962.6054295364517, -285.5566665488371]}], "rb_ScNup133C_490_881_renamed_relative_3CQC_1.pdb_7": [{"rot": [[0.8406157741477652, 0.26609115052919685, -0.47176330915407344], [-0.2730682633238958, 0.9604132192618756, 0.05513775323961148], [0.4677593866714222, 0.08247392240635248, 0.8799995501724339]], "trans": [164.7074780438843, 151.76048402854715, -243.54442809772752]}], "rb_ScNup133C_490_881_renamed_relative_3CQC_1.pdb_8": [{"rot": [[0.41268468986386253, 0.8673549996708678, -0.2781845633710053], [-0.7585796363216977, 0.4963270240143707, 0.42215686727930823], [0.5042303859447671, 0.03680746906522636, 0.8627844041885573]], "trans": [-96.77291402899112, 115.87895755081112, -222.48700288877131]}], "rb_ScNup133C_490_881_renamed_relative_3CQC_1.pdb_9": [{"rot": [[-0.2322531317495351, 0.9655374649783046, 0.11745589178837251], [-0.7981935722137115, -0.2582076543215944, 0.5442571345664236], [0.5558286643105474, 0.03265288613597178, 0.8306553346350961]], "trans": [-307.02717138683164, 276.0019665028566, -206.46627242996414]}], "rb_ScNup133C_490_881_renamed_relative_3CQC_1.pdb_10": [{"rot": [[-0.7163840211680141, 0.5031218739016506, 0.4833862991612787], [-0.3687036687978999, -0.8611737622378466, 0.34991049691039683], [0.5923272227663644, 0.07244398687816545, 0.8024340034763491]], "trans": [-342.88347214512225, 538.3273113013288, -204.84340161518872]}], "rb_ScNup133C_490_881_renamed_relative_3CQC_1.pdb_11": [{"rot": [[-0.7560972771246889, -0.2490022002465562, 0.605239466489921], [0.2782888326971167, -0.9593452518949238, -0.04703204506228071], [0.5923446911391259, 0.13287058342250974, 0.7946528644258789]], "trans": [-183.3347764065519, 749.1812229711002, -218.54508614903187]}], "rb_ScNup133C_490_881_renamed_relative_3CQC_1.pdb_12": [{"rot": [[-0.32812831432323103, -0.8502298698808508, 0.4116320902235215], [0.7637666023012863, -0.49521188043370656, -0.4140359533741726], [0.5558708362097643, 0.17853392349831648, 0.8118702184535123]], "trans": [78.15495356787932, 785.0426238110435, -239.52068113663023]}], "rb_ScNup133C_490_881_renamed_relative_3CQC_1.pdb_13": [{"rot": [[0.31681261446489045, -0.9483534888193218, 0.015982101242942387], [0.8033299173439353, 0.2593304788632867, -0.5361051637810655], [0.504272556477254, 0.1826837786360831, 0.843999896805169]], "trans": [288.4032602932202, 624.9035163585482, -255.45838237717254]}], "rb_ScNup133C_490_881_renamed_relative_3CQC_1.pdb_14": [{"rot": [[0.8009100194884983, -0.485890857544786, -0.3499331582421486], [0.37380203003033785, 0.8622602728726113, -0.34172981165073496], [0.46777685174464384, 0.14288910518314846, 0.8722198808739842]], "trans": [324.2456345279053, 362.57576451588017, -256.9976548611751]}], "rb_ScNup84_506-726_ScNup133C_882_1155_renamed_relative_3CQC_new_1.pdb_14": [{"rot": [[-0.94879177707982, 0.23087976864499793, -0.2156123748214517], [0.2750879789337768, 0.26828662155503147, -0.9232274327275561], [-0.1553086204685494, -0.9352629689691646, -0.3180603893651903]], "trans": [1107.5341503318186, 333.29138449108535, 751.8676261962678]}], "rb_ScNup84_506-726_ScNup133C_882_1155_renamed_relative_3CQC_new_1.pdb_15": [{"rot": [[-0.48177448119723804, 0.33433043106366606, -0.8100101926098904], [0.8542432154107049, -0.026880645774386036, -0.5191781580609189], [-0.1953506544445362, -0.9420724991992557, -0.27264909326927206]], "trans": [719.292253002649, -362.89589182861005, 786.2414275588919]}], "rb_ScNup84_506-726_ScNup133C_882_1155_renamed_relative_3CQC_new_1.pdb_16": [{"rot": [[0.25682055636664014, 0.19944646819283113, -0.9456554912614487], [0.9323204727172225, -0.30889388870196044, 0.18805079546471426], [-0.25460113507182236, -0.92994928455695, -0.26527832586201383]], "trans": [-46.07402588180432, -579.5710282454155, 848.3413243110606]}], "rb_ScNup84_506-726_ScNup133C_882_1155_renamed_relative_3CQC_new_1.pdb_17": [{"rot": [[0.8343139484168658, -0.09475519265389534, -0.5430853422273325], [0.46358099263384367, -0.4125457731339939, 0.7841547349457831], [-0.29835029536716706, -0.9059952751170364, -0.30026598661840764]], "trans": [-740.2004151472329, -189.80255793176366, 901.8123262279958]}], "rb_ScNup84_506-726_ScNup133C_882_1155_renamed_relative_3CQC_new_1.pdb_18": [{"rot": [[0.9124019232335884, -0.375927070309083, 0.16186898494917118], [-0.27738102817991916, -0.27711556367863094, 0.9199275675687306], [-0.30096926036639715, -0.8842430673609494, -0.3571158105413417]], "trans": [-956.4559754405959, 578.0777702623565, 915.3543713468164]}], "rb_ScNup84_506-726_ScNup133C_882_1155_renamed_relative_3CQC_new_1.pdb_19": [{"rot": [[0.44533944412872706, -0.479354714318848, 0.7562353055520533], [-0.8564995903668701, 0.01805981339922392, 0.5158316535860945], [-0.2609238034455571, -0.8774354112983338, -0.4025243691942434]], "trans": [-568.1532369993777, 1274.2349497633804, 881.0583435952674]}], "rb_ScNup84_506-726_ScNup133C_882_1155_renamed_relative_3CQC_new_1.pdb_20": [{"rot": [[-0.2932617030571347, -0.34444875249248963, 0.8918254484070254], [-0.9345188746261667, 0.3000624602345465, -0.19140792283870994], [-0.20167311790981785, -0.8895603278386206, -0.4098906886575663]], "trans": [197.23649426820793, 1490.8504057985579, 819.0393445053844]}], "rb_ScNup84_506-726_ScNup133C_882_1155_renamed_relative_3CQC_new_1.pdb_21": [{"rot": [[-0.8707185520263443, -0.050238999441950316, 0.4892087960086305], [-0.46573408416680506, 0.40369125007388434, -0.7874802457580047], [-0.15792709078068096, -0.9135148699111865, -0.3748994751245916]], "trans": [891.3390351296623, 1101.027866739731, 765.6529831130943]}], "rb_4XMM.renamed.noAb_Nup145c_149-550_Sec13_Nup84_7-436_3IKO_updated_1.pdb_21": [{"rot": [[0.9991162566122527, -0.03596707029005572, -0.02175030178794074], [0.03549031373401153, 0.9991295496835764, -0.021922148164640966], [0.022519844674813806, 0.02113084957689183, 0.9995230581592294]], "trans": [22.408711796613545, -14.070017206525335, -20.4556116131929]}], "rb_4XMM.renamed.noAb_Nup145c_149-550_Sec13_Nup84_7-436_3IKO_updated_1.pdb_22": [{"rot": [[0.7337809959896521, 0.679295154279041, -0.011115003258889821], [-0.6777487506867944, 0.7330497563072181, 0.05739935296163552], [0.047138952755874514, -0.03458537481275832, 0.9982894224532971]], "trans": [-310.15302854113327, 111.75699507899937, 5.480648790161581]}], "rb_4XMM.renamed.noAb_Nup145c_149-550_Sec13_Nup84_7-436_3IKO_updated_1.pdb_23": [{"rot": [[0.04333422169368134, 0.9976896468424448, 0.0523212558488174], [-0.9936632263578542, 0.037604575172113186, 0.10592114288574053], [0.10370890904015655, -0.05657971818168952, 0.9929970783824984]], "trans": [-456.7005455610319, 436.60067087520196, 15.622113743368004]}], "rb_4XMM.renamed.noAb_Nup145c_149-550_Sec13_Nup84_7-436_3IKO_updated_1.pdb_24": [{"rot": [[-0.6677506105935618, 0.7326964242941685, 0.1313966204986326], [-0.7271859590369538, -0.6798044008357391, 0.09521847291289548], [0.1590902354999439, -0.03196758406414041, 0.9867463557255587]], "trans": [-331.3823241335722, 770.1631214000173, 4.051774983368659]}], "rb_4XMM.renamed.noAb_Nup145c_149-550_Sec13_Nup84_7-436_3IKO_updated_1.pdb_25": [{"rot": [[-0.9829099798220753, 0.03955225280743054, 0.17978762711605245], [-0.03442308925014625, -0.998908878104378, 0.03156111802083957], [0.18083977021838998, 0.024832892342737722, 0.9831990159501025]], "trans": [-7.609632018618754, 917.0388767006359, -22.42829500126578]}], "rb_4XMM.renamed.noAb_Nup145c_149-550_Sec13_Nup84_7-436_3IKO_updated_1.pdb_26": [{"rot": [[-0.7175190837506902, -0.6756892386280199, 0.16914614171139922], [0.6787951259249926, -0.7327729544767054, -0.04775954572595684], [0.15621632908898966, 0.08054719107307828, 0.9844331407140829]], "trans": [324.948835887194, 791.186165168985, -48.28169294336311]}], "rb_4XMM.renamed.noAb_Nup145c_149-550_Sec13_Nup84_7-436_3IKO_updated_1.pdb_27": [{"rot": [[-0.027047651309658305, -0.994029499424267, 0.1057060964796628], [0.9946553996620325, -0.03730280653033485, -0.09627635508326157], [0.09964467111586549, 0.10253709035903569, 0.9897257623296007]], "trans": [471.47755334950733, 466.33139653871814, -58.33912889434521]}], "rb_4XMM.renamed.noAb_Nup145c_149-550_Sec13_Nup84_7-436_3IKO_updated_1.pdb_28": [{"rot": [[0.6840164167298662, -0.7289803162091921, 0.026631564422232287], [0.728122329975956, 0.6800853469386635, -0.08556747904255364], [0.044265271200051054, 0.0779205971413162, 0.9959763884283211]], "trans": [346.13984496324576, 132.77919152086258, -46.68481016309312]}], "rb_4XMM.renamed.noAb_Seh1_Nup85_47_544_3F3F_1.pdb_28": [{"rot": [[0.7100658240708237, -0.6792696897650493, 0.18547025112700657], [0.24306379404932177, 0.4836656435031022, 0.8408255094352683], [-0.66085287130266, -0.5519603553347134, 0.5085403117057743]], "trans": [442.73494059932256, -79.53417277062806, 753.8982306308151]}], "rb_4XMM.renamed.noAb_Seh1_Nup85_47_544_3F3F_1.pdb_29": [{"rot": [[0.6616885465036457, -0.15149526905444355, 0.7343142725563854], [-0.3666229495233727, 0.7889322107119525, 0.49312633247874005], [-0.6540304888219464, -0.5955125106622632, 0.4664857654163231]], "trans": [-43.00944127991795, -186.16133242355892, 793.1750953902213]}], "rb_4XMM.renamed.noAb_Seh1_Nup85_47_544_3F3F_1.pdb_30": [{"rot": [[0.197703893042748, 0.4370149801984795, 0.8774571657681433], [-0.7632448261474141, 0.6303212255639326, -0.14195945887042696], [-0.6151182862140777, -0.6416487042655843, 0.45816638274687]], "trans": [-461.7686229514539, 83.04003885948205, 825.2842416470357]}], "rb_4XMM.renamed.noAb_Seh1_Nup85_47_544_3F3F_1.pdb_31": [{"rot": [[-0.4100793841308616, 0.7415034559868432, 0.5310438056040385], [-0.7144551481279786, 0.10074923957364279, -0.6923896533302325], [-0.5669115804288003, -0.6633417034115217, 0.48845577536847634]], "trans": [-568.2256579483743, 570.3680988367341, 831.4396836862411]}], "rb_4XMM.renamed.noAb_Seh1_Nup85_47_544_3F3F_1.pdb_32": [{"rot": [[-0.8056132715046744, 0.5835965159063151, -0.10199197712341823], [-0.24883559678331157, -0.4895530109008022, -0.8357144819203808], [-0.537650539429681, -0.647883443329097, 0.5396099900029687]], "trans": [-300.01460078602577, 990.3393154430563, 808.0594816707246]}], "rb_4XMM.renamed.noAb_Seh1_Nup85_47_544_3F3F_1.pdb_33": [{"rot": [[-0.7571884408272994, 0.05579827194392448, -0.650808895087946], [0.36084732947320663, -0.7947781442697414, -0.4879722391726799], [-0.5444766936146821, -0.6043295907360617, 0.5816621664430356]], "trans": [185.74464281324538, 1096.9287451914909, 768.8640925032105]}], "rb_4XMM.renamed.noAb_Seh1_Nup85_47_544_3F3F_1.pdb_34": [{"rot": [[-0.29317284069965494, -0.532699622631921, -0.7939022594273817], [0.7574327759112481, -0.6361209737312694, 0.14712476594564405], [-0.5833911856134557, -0.5581946065907378, 0.5899775467943977]], "trans": [604.4893720829155, 827.6949140196245, 736.8387327142025]}], "rb_4XMM.renamed.noAb_Seh1_Nup85_47_544_3F3F_1.pdb_35": [{"rot": [[0.3146066477035228, -0.837146803358377, -0.44744595969524625], [0.7085953961526129, -0.10652510685292776, 0.6975277529685049], [-0.6315973573187832, -0.536505015108732, 0.5596848640003642]], "trans": [710.9149336553926, 340.3589132201363, 730.768314526861]}], "rb_4XMM.renamed.noAb_Nup120_715-1036_Nup85_553-744_Nup145c_92-99_554-712_remaining_updated_1.pdb_35": [{"rot": [[0.9893135392418259, -0.07005525039188056, 0.12787096216632549], [0.05743386935451857, 0.9933428329836381, 0.09985673142561187], [-0.13401519213797747, -0.09144549224849528, 0.986751057878151]], "trans": [3.074826301530834, -57.31144435895101, 125.5615556888709]}], "rb_4XMM.renamed.noAb_Nup120_715-1036_Nup85_553-744_Nup145c_92-99_554-712_remaining_updated_1.pdb_36": [{"rot": [[0.7392068735978844, 0.6488235122003736, 0.18055815695119268], [-0.6643401488740488, 0.7464977876465201, 0.03732585742961829], [-0.11056837079222323, -0.1475435632442878, 0.9828558044421017]], "trans": [-351.45777504006026, 103.2172772998155, 153.08018955620074]}], "rb_4XMM.renamed.noAb_Nup120_715-1036_Nup85_553-744_Nup145c_92-99_554-712_remaining_updated_1.pdb_37": [{"rot": [[0.053516061185549635, 0.983334669978393, 0.1737496993196469], [-0.9970897757196197, 0.062082694292663554, -0.044246109713292736], [-0.05429558315905237, -0.1708761712113391, 0.9837953668124129]], "trans": [-489.0857309343849, 468.17393928810066, 162.31554163805924]}], "rb_4XMM.renamed.noAb_Nup120_715-1036_Nup85_553-744_Nup145c_92-99_554-712_remaining_updated_1.pdb_38": [{"rot": [[-0.6660715518435778, 0.7375168701084892, 0.11143407975150027], [-0.7458855880063199, -0.658962435138426, -0.09707316148606722], [0.0018377783197179379, -0.1477747454127781, 0.9890193361047266]], "trans": [-329.18273092510543, 823.7618999194123, 147.88141736761602]}], "rb_4XMM.renamed.noAb_Nup120_715-1036_Nup85_553-744_Nup145c_92-99_554-712_remaining_updated_1.pdb_39": [{"rot": [[-0.9980113955916914, 0.055373645785430345, 0.030116666840008983], [-0.05788654087564761, -0.9942391970896914, -0.0902084660987839], [0.024947999009427232, -0.09177242681150564, 0.9954674374496387]], "trans": [34.57970628930559, 961.6728348608625, 118.25753516483519]}], "rb_4XMM.renamed.noAb_Nup120_715-1036_Nup85_553-744_Nup145c_92-99_554-712_remaining_updated_1.pdb_40": [{"rot": [[-0.7478484292393492, -0.6634858839628729, -0.02256565235575329], [0.6638678230766849, -0.747337737007738, -0.02767345890151831], [0.0014967857759321211, -0.0356761632768394, 0.9993622821610704]], "trans": [389.10632927754506, 801.1166906747466, 90.82198782203164]}], "rb_4XMM.renamed.noAb_Nup120_715-1036_Nup85_553-744_Nup145c_92-99_554-712_remaining_updated_1.pdb_41": [{"rot": [[-0.062131645773579214, -0.9979436706904952, -0.0157508324302084], [0.9965636207108697, -0.06289641151916125, 0.053897971145969885], [-0.05477781000647938, -0.012347936944702688, 0.9984222152897547]], "trans": [526.7123568069825, 436.14963726210385, 81.67091071502358]}], "rb_4XMM.renamed.noAb_Nup120_715-1036_Nup85_553-744_Nup145c_92-99_554-712_remaining_updated_1.pdb_42": [{"rot": [[0.6574363944447237, -0.7520696270776024, 0.04656890901529848], [0.7453029627620547, 0.6581294002821412, 0.10672013016469843], [-0.11090933665667008, -0.03545375172845246, 0.993197941263851]], "trans": [366.78815104514877, 80.57463734269322, 96.18913874447023]}], "rb_4XMM.renamed.noAb_Nup120_2-711_3F7F_updated_1.pdb_42": [{"rot": [[0.9971275355913406, 0.07565083989091477, -0.003691637758381303], [-0.07518051814125275, 0.9944921138361619, 0.07302961871525471], [0.009196056630572297, -0.07254230449525226, 0.9973229399752949]], "trans": [-41.90587152645878, 26.760100078350547, 38.90432505351964]}], "rb_4XMM.renamed.noAb_Nup120_2-711_3F7F_updated_1.pdb_43": [{"rot": [[0.6540859195398899, 0.7533046106869922, 0.06858406066554792], [-0.755369938206426, 0.6457108589417709, 0.11168591271373611], [0.03984804027397689, -0.1248585205838967, 0.9913740381530695]], "trans": [-325.7900417825433, 189.37364261300849, 60.7816978675761]}], "rb_4XMM.renamed.noAb_Nup120_2-711_3F7F_updated_1.pdb_44": [{"rot": [[-0.06803123431668356, 0.9868004309584911, 0.14695802331783214], [-0.9928028930589238, -0.08151159427489851, 0.08773981725872897], [0.09856047225525724, -0.13993130264133297, 0.9852436570970249]], "trans": [-411.97410128445773, 505.6890854736806, 66.15331536411333]}], "rb_4XMM.renamed.noAb_Nup120_2-711_3F7F_updated_1.pdb_45": [{"rot": [[-0.7461975153973301, 0.6393531568993015, 0.1855176778038899], [-0.6483878099414894, -0.7611580788829317, 0.015219292707722383], [0.1509387820744884, -0.10893080241208788, 0.9825230604681645]], "trans": [-249.9682994414773, 790.4044989800207, 51.89641317503998]}], "rb_4XMM.renamed.noAb_Nup120_2-711_3F7F_updated_1.pdb_46": [{"rot": [[-0.9831335541004435, -0.08549769934013868, 0.16167423483466026], [0.07611209920301198, -0.9950821011835094, -0.06339211511790781], [0.16629901730539626, -0.05001755003750645, 0.984806012132087]], "trans": [65.32399408423714, 876.7296962078632, 26.386890526222544]}], "rb_4XMM.renamed.noAb_Nup120_2-711_3F7F_updated_1.pdb_47": [{"rot": [[-0.6400388781555945, -0.7631242857776926, 0.08939551949406384], [0.7562745721490124, -0.6462476705842392, -0.10204273509305711], [0.13564293557039828, 0.0022962405645230444, 0.9907551268144483]], "trans": [349.2020214632477, 714.0942762310366, 4.592590370794085]}], "rb_4XMM.renamed.noAb_Nup120_2-711_3F7F_updated_1.pdb_48": [{"rot": [[0.08209681363379334, -0.9965633935433725, 0.011023422358508353], [0.9936508419538764, 0.0809930849043547, -0.07809048906254146], [0.07692930180060875, 0.017364413234884263, 0.9968853292518038]], "trans": [435.3679449160077, 397.7724780265678, -0.695074059376509]}], "rb_4XMM.renamed.noAb_Nup120_2-711_3F7F_updated_1.pdb_49": [{"rot": [[0.7602362509042428, -0.6490631018166239, -0.02753057702342826], [0.6491825427605108, 0.7606122766224024, -0.005566940477705914], [0.024553390520606504, -0.013640180037955042, 0.9996054604204967]], "trans": [273.34646488363325, 113.07018791516782, 13.645490516159498]}]}
