{"rb_ScNup133N_56-480_renamed_1.pdb_0": [{"rot": [[-0.16134400979057623, 0.12001941565088722, 0.9795730959818769], [-0.5892943341827878, -0.8079161335185765, 0.0019258505808736892], [0.7916440476658462, -0.5769461509250361, 0.20107919019138237]], "trans": [395.66919255067296, 710.3124977398634, -97.39202243098168]}], "rb_ScNup133N_56-480_renamed_1.pdb_1": [{"rot": [[-0.5141799275139227, -0.4958913579980335, 0.6997933717924486], [-0.2573824760472395, -0.6890943248305366, -0.6774239975895009], [0.8181523471613158, -0.5284323727301479, 0.2266847244196588]], "trans": [463.6282249631775, 356.4757719057425, -101.04595706983224]}], "rb_ScNup133N_56-480_renamed_1.pdb_2": [{"rot": [[-0.5298016700223399, -0.8478091717453212, 0.023017357495007162], [0.22750521856317285, -0.1682094118734459, -0.9591386600923316], [0.8170382891689125, -0.5029166949522582, 0.281998638241809]], "trans": [262.28377657049157, 58.17234344556596, -83.50493246609074]}], "rb_ScNup133N_56-480_renamed_1.pdb_3": [{"rot": [[-0.199057800287827, -0.7295756082566409, -0.6542900151932048], [0.5813147012291755, 0.44959687886515953, -0.6781857154567189], [0.7889545045688037, -0.5153465614047111, 0.3346172610146318]], "trans": [-90.4118224629637, -9.847316375173875, -55.02072325988894]}], "rb_ScNup133N_56-480_renamed_1.pdb_4": [{"rot": [[0.28429725931057465, -0.21045355611690691, -0.9353525373174781], [0.5967793882913186, 0.8024049112019054, 0.0008486399132755507], [0.7503528703610961, -0.558440381058543, 0.3537158615952271]], "trans": [-387.8426038761798, 192.2637850388951, -32.25577593038372]}], "rb_ScNup133N_56-480_renamed_1.pdb_5": [{"rot": [[0.637107299553781, 0.4054479669094893, -0.655519820435851], [0.26483984801651134, 0.6835347652006696, 0.6801765062574984], [0.7238467681477068, -0.6069531867376817, 0.3281062104732136]], "trans": [-455.767508804013, 546.1062315080607, -28.522112707769395]}], "rb_ScNup133N_56-480_renamed_1.pdb_6": [{"rot": [[0.6526912242457545, 0.7573251644222108, 0.0212781842611105], [-0.22004905655474633, 0.16262224845803513, 0.9618380409485889], [0.724963846341281, -0.632465492844728, 0.2727908023719478]], "trans": [-254.3932568593156, 844.3942455073701, -45.982961251318784]}], "rb_ScNup133N_56-480_renamed_1.pdb_7": [{"rot": [[0.3219197505685991, 0.6390434126498197, 0.6985636627700607], [-0.5738325681910572, -0.45517474185167683, 0.6808319455368667], [0.7530497047852196, -0.6200318307386578, 0.22017418330440527]], "trans": [98.31418913102016, 912.3866193702099, -74.38550538506934]}], "rb_ScNup133C_490_881_renamed_relative_3CQC_1.pdb_7": [{"rot": [[0.699935535505739, 0.4022612846131229, -0.5901492226866815], [-0.28120784282633976, 0.9147754740454223, 0.2900137603941044], [0.6565153427523615, -0.037036346828117656, 0.7534028893921075]], "trans": [248.6062669466054, 90.5306795210017, -283.0904879877303]}], "rb_ScNup133C_490_881_renamed_relative_3CQC_1.pdb_8": [{"rot": [[0.3109437575151335, 0.9293549914417438, -0.19903085073597468], [-0.6543165964766069, 0.36120509765512065, 0.6643799131545318], [0.6893357463802661, -0.07635559776644169, 0.720406865217212]], "trans": [-81.2417019171503, 11.176715690053442, -256.3722296383103]}], "rb_ScNup133C_490_881_renamed_relative_3CQC_1.pdb_9": [{"rot": [[-0.22721783970973536, 0.9119951831613253, 0.3415213598125024], [-0.6421039467672336, -0.4039657986567249, 0.6515475079083453], [0.732171137688165, -0.07124899582572436, 0.6773839426279923]], "trans": [-370.50031630624756, 189.06943034791914, -234.14082073537605]}], "rb_ScNup133C_490_881_renamed_relative_3CQC_1.pdb_10": [{"rot": [[-0.5992866044360187, 0.36035148023583385, 0.7148443022332829], [-0.25172423609633154, -0.9324893149209974, 0.2590339485856748], [0.7599279404688737, -0.02470806042592505, 0.6495375563004218]], "trans": [-449.7158880258267, 519.9968797559238, -229.39572917594563]}], "rb_ScNup133C_490_881_renamed_relative_3CQC_1.pdb_11": [{"rot": [[-0.5872994081174769, -0.40241545798476647, 0.702240133002786], [0.2881325966711639, -0.9147489231285066, -0.2832207873210725], [0.7563458282825338, 0.03600287224856451, 0.6531805119792384]], "trans": [-272.4809048837334, 810.0972147690014, -244.89269160013777]}], "rb_ScNup133C_490_881_renamed_relative_3CQC_1.pdb_12": [{"rot": [[-0.1982785193769805, -0.9294660040770193, 0.3110925521750225], [0.6612108069187124, -0.3611371949308184, -0.6575562297259481], [0.723523252955685, 0.07531848181287765, 0.6861787148621163]], "trans": [57.379794321395934, 889.4256855169465, -271.529364011504]}], "rb_ScNup133C_490_881_renamed_relative_3CQC_1.pdb_13": [{"rot": [[0.33988213996675676, -0.912046516727383, -0.22945867222021354], [0.6489559186805351, 0.4040323133684939, -0.6446813983384377], [0.6806881419131072, 0.0702071298341449, 0.7292013524256046]], "trans": [346.6310742986013, 711.510672099355, -293.67760323319806]}], "rb_ScNup133C_490_881_renamed_relative_3CQC_1.pdb_14": [{"rot": [[0.711920467604877, -0.36036157724004636, -0.6027510111599294], [0.2585470182804812, 0.9325125149176269, -0.25213855092046794], [0.6529339071786086, 0.023663118371570868, 0.7570451569658229]], "trans": [425.827370133452, 380.5774147731208, -298.3386535377926]}], "rb_ScNup84_506-726_ScNup133C_882_1155_renamed_relative_3CQC_new_1.pdb_14": [{"rot": [[0.9778794383658226, 0.1980911056737377, 0.06716932241953952], [-0.20729998931572527, 0.9606477867992779, 0.18488521884496292], [-0.027901943499408083, -0.19471965378616954, 0.9804620023123541]], "trans": [-65.63566780105668, 80.85102105497072, 80.0542760699966]}], "rb_ScNup84_506-726_ScNup133C_882_1155_renamed_relative_3CQC_new_1.pdb_15": [{"rot": [[0.5465638847009253, 0.8138324340277591, 0.19734408849795046], [-0.8373630441296792, 0.5284507506925282, 0.139867567428552], [0.009542131130445553, -0.24169520768305858, 0.970305299540579]], "trans": [-303.66605833010397, 246.71542991987965, 98.26100171171225]}], "rb_ScNup84_506-726_ScNup133C_882_1155_renamed_relative_3CQC_new_1.pdb_16": [{"rot": [[-0.20266153144839266, 0.9447342400164804, 0.25769268404724827], [-0.9767481509570863, -0.2138137161020351, 0.015708100093615826], [0.06993821039249475, -0.2485174250372016, 0.966099237231856]], "trans": [-355.1231845921884, 532.8020450728104, 101.01174511956825]}], "rb_ScNup84_506-726_ScNup133C_882_1155_renamed_relative_3CQC_new_1.pdb_17": [{"rot": [[-0.8308899972234933, 0.514112399976245, 0.2128620508794572], [-0.5438015488884457, -0.8313166230071748, -0.1148588165465505], [0.11790541947031347, -0.21118975472927703, 0.9703077859921135]], "trans": [-189.86082313823715, 771.5174103310821, 86.71908692094729]}], "rb_ScNup84_506-726_ScNup133C_882_1155_renamed_relative_3CQC_new_1.pdb_18": [{"rot": [[-0.9700964193519552, -0.22576874042943307, 0.0891146060161968], [0.207850538037344, -0.9623160603668728, -0.17534524173061297], [0.12534389094846754, -0.15157927234581828, 0.9804655186170548]], "trans": [95.3099178319925, 823.0188156349284, 63.779872716268414]}], "rb_ScNup84_506-726_ScNup133C_882_1155_renamed_relative_3CQC_new_1.pdb_19": [{"rot": [[-0.538731712940374, -0.8414763768268276, -0.041056652502662286], [0.8378797190047294, -0.5300707106837519, -0.13031737472715274], [0.08789606335260648, -0.10460663897485714, 0.9906218921109596]], "trans": [333.33391068995655, 657.1361283827208, 45.656222530739456]}], "rb_ScNup84_506-726_ScNup133C_882_1155_renamed_relative_3CQC_new_1.pdb_20": [{"rot": [[0.2105045947529861, -0.9723202943366722, -0.10139556602202746], [0.9772060163915648, 0.2122040055383857, -0.006153174919721574], [0.027499402102754783, -0.09778908555923317, 0.994827159676232]], "trans": [384.77525762042376, 371.0458825078723, 42.98923108769753]}], "rb_ScNup84_506-726_ScNup133C_882_1155_renamed_relative_3CQC_new_1.pdb_21": [{"rot": [[0.8386993104494163, -0.5416502811824627, -0.05655474822357391], [0.5442101206878488, 0.8296730934631129, 0.1244102187292701], [-0.02046487704800079, -0.13512043101732202, 0.9906178162788628]], "trans": [219.50080560779867, 132.34389471151565, 57.365264480242274]}], "rb_4XMM.renamed.noAb_Nup145c_149-550_Sec13_Nup84_7-436_3IKO_updated_1.pdb_21": [{"rot": [[0.996890090067949, -0.03274295009485262, 0.0716801753862338], [0.033860185329959006, 0.9993224475797778, -0.014426836541031168], [-0.07115923112102938, 0.01680907440184599, 0.9973233271331899]], "trans": [-7.1867653555469815, -14.17544420138421, 31.767961905221398]}], "rb_4XMM.renamed.noAb_Nup145c_149-550_Sec13_Nup84_7-436_3IKO_updated_1.pdb_22": [{"rot": [[0.7292016062165139, 0.6816314223407275, 0.06036241851526395], [-0.6827283270136116, 0.7306649803035468, -0.0032738434921622435], [-0.0463362599316133, -0.03882384107443544, 0.9981711578580978]], "trans": [-330.17642218949163, 135.54830471943092, 56.824999074730385]}], "rb_4XMM.renamed.noAb_Nup145c_149-550_Sec13_Nup84_7-436_3IKO_updated_1.pdb_23": [{"rot": [[0.03472923716515969, 0.9975808927490631, 0.06021829047645495], [-0.9993409876538516, 0.034027651020699545, 0.012637616904953318], [0.010557958180868077, -0.06061750067426162, 0.9981052289869317]], "trans": [-453.1083165167498, 470.4926577590706, 65.03500810613104]}], "rb_4XMM.renamed.noAb_Nup145c_149-550_Sec13_Nup84_7-436_3IKO_updated_1.pdb_24": [{"rot": [[-0.6796953112354263, 0.7300178064774185, 0.07133222350714646], [-0.7305016357491931, -0.6824895701885293, 0.023986386798093638], [0.06619398803764778, -0.035804871313454, 0.9971641625820179]], "trans": [-303.96529796143994, 794.4426069867154, 51.612454848888035]}], "rb_4XMM.renamed.noAb_Nup145c_149-550_Sec13_Nup84_7-436_3IKO_updated_1.pdb_25": [{"rot": [[-0.9955520651460481, 0.03568439210323976, 0.08719351893150362], [-0.03370015428024746, -0.9991407922469538, 0.02412419676620161], [0.08797945888060327, 0.021078458870352305, 0.9958992486123908]], "trans": [29.884463629439324, 917.6238212457064, 24.444465160281936]}], "rb_4XMM.renamed.noAb_Nup145c_149-550_Sec13_Nup84_7-436_3IKO_updated_1.pdb_26": [{"rot": [[-0.727807684545634, -0.6786690461319363, 0.09851040624567257], [0.6828673240075883, -0.7304272644905188, 0.012970315786839041], [0.06315213471479238, 0.07670943300052796, 0.9950514915167452]], "trans": [352.86898397357646, 767.8751251631851, -0.529564630260893]}], "rb_4XMM.renamed.noAb_Nup145c_149-550_Sec13_Nup84_7-436_3IKO_updated_1.pdb_27": [{"rot": [[-0.03331060278567327, -0.9945641917264654, 0.09865329329290198], [0.9994254667318567, -0.033765160339685074, -0.0029411553925616715], [0.00625621210181785, 0.09849864203488087, 0.9951175193550856]], "trans": [475.7812903109032, 432.92153315608675, -8.655490836433842]}], "rb_4XMM.renamed.noAb_Nup145c_149-550_Sec13_Nup84_7-436_3IKO_updated_1.pdb_28": [{"rot": [[0.6810929972299972, -0.7269452142695186, 0.08753847482621746], [0.7305300504148685, 0.6827310366583209, -0.014289052603363966], [-0.049377875259131, 0.07368166009323969, 0.996058652088719]], "trans": [326.6195338647575, 108.98369906299627, 4.850973590085459]}], "rb_4XMM.renamed.noAb_Seh1_Nup85_47_544_3F3F_1.pdb_28": [{"rot": [[0.636830323951834, -0.751429611592597, 0.1726287268017544], [0.2983251701684936, 0.44661464732513667, 0.8435267924841374], [-0.7109495279830598, -0.4856839462206224, 0.508588117285709]], "trans": [517.8212599308563, -86.25966858286199, 743.2237985492768]}], "rb_4XMM.renamed.noAb_Seh1_Nup85_47_544_3F3F_1.pdb_29": [{"rot": [[0.6477371594026741, -0.2274628190328702, 0.727115698005873], [-0.27881942718332214, 0.8174066296340229, 0.5040894056172027], [-0.7090107893072658, -0.5292514220934701, 0.46604359544780866]], "trans": [5.269977706522809, -244.44989484462383, 784.8882179229158]}], "rb_4XMM.renamed.noAb_Seh1_Nup85_47_544_3F3F_1.pdb_30": [{"rot": [[0.24862683603015379, 0.40454247882647043, 0.8800739055503024], [-0.6944933538285765, 0.707811251434503, -0.12915964474498773], [-0.6751767752918962, -0.5790929244669204, 0.456932934837027]], "trans": [-468.79797041840385, 7.321297028272028, 821.490621393472]}], "rb_4XMM.renamed.noAb_Seh1_Nup85_47_544_3F3F_1.pdb_31": [{"rot": [[-0.32669619127854477, 0.7743486672247237, 0.54189827474479], [-0.7051889625361139, 0.18203103057068848, -0.6852541360886526], [-0.6292679284067519, -0.6060105984854229, 0.48659328889947473]], "trans": [-626.6649827350096, 521.5629096580572, 831.6128098151912]}], "rb_4XMM.renamed.noAb_Seh1_Nup85_47_544_3F3F_1.pdb_32": [{"rot": [[-0.7411995810713012, 0.665318066730936, -0.08930314160840108], [-0.30464061491697597, -0.45192456607428405, -0.8384260744523453], [-0.5981782984718913, -0.5942356911697351, 0.5376492040143768]], "trans": [-375.8484241640888, 997.0250723546446, 809.3490673889602]}], "rb_4XMM.renamed.noAb_Seh1_Nup85_47_544_3F3F_1.pdb_33": [{"rot": [[-0.7520614031097226, 0.1413223404458357, -0.6437636538696007], [0.27250481926184444, -0.8226754112118769, -0.49894517861828364], [-0.6001206290669377, -0.5506661092515798, 0.5801914052190211]], "trans": [136.72174210930024, 1155.175462989059, 767.7658132480194]}], "rb_4XMM.renamed.noAb_Seh1_Nup85_47_544_3F3F_1.pdb_34": [{"rot": [[-0.3529186488920112, -0.4906744268330251, -0.7966724760629755], [0.6881474069077728, -0.7130304321735722, 0.13431585595330756], [-0.633957075542452, -0.5008255281497178, 0.58929807120269]], "trans": [610.7765987821264, 903.3674696023321, 731.2471088932023]}], "rb_4XMM.renamed.noAb_Seh1_Nup85_47_544_3F3F_1.pdb_35": [{"rot": [[0.2224052282482633, -0.8604396176792708, -0.4584534641332535], [0.6987978596173381, -0.18722120367421305, 0.6903837862298029], [-0.6798657704591821, -0.473911263025813, 0.5596343886281593]], "trans": [768.6100399812321, 389.11388200829504, 721.2101311504786]}], "rb_4XMM.renamed.noAb_Nup120_715-1036_Nup85_553-744_Nup145c_92-99_554-712_remaining_updated_1.pdb_35": [{"rot": [[0.9985240438216464, -0.005332581042209657, 0.05404902857126152], [0.005435533656522889, 0.9999836821098839, -0.0017579783358445385], [-0.05403877204320602, 0.0020491689507597943, 0.9985367354397511]], "trans": [-11.696067972977744, -3.482333122440309, 28.247974052498932]}], "rb_4XMM.renamed.noAb_Nup120_715-1036_Nup85_553-744_Nup145c_92-99_554-712_remaining_updated_1.pdb_36": [{"rot": [[0.7106593542489879, 0.701238159438873, 0.05681835940253199], [-0.7029928214902261, 0.7109645426134461, 0.018179991189943276], [-0.02764733534401678, -0.05286267958812901, 0.9982189949881439]], "trans": [-325.9043104171923, 146.08464726328214, 52.60584087324952]}], "rb_4XMM.renamed.noAb_Nup120_715-1036_Nup85_553-744_Nup145c_92-99_554-712_remaining_updated_1.pdb_37": [{"rot": [[0.007667058495057166, 0.99731479397777, 0.0728314350202784], [-0.9995256325782054, 0.005470729091134496, 0.030308100276184215], [0.029828275732485716, -0.07302926013791373, 0.9968836447301848]], "trans": [-442.735033191922, 474.6890538295587, 60.36039558657876]}], "rb_4XMM.renamed.noAb_Nup120_715-1036_Nup85_553-744_Nup145c_92-99_554-712_remaining_updated_1.pdb_38": [{"rot": [[-0.6986300443961225, 0.7094514553810489, 0.09270756994325866], [-0.7104497977594406, -0.7032095350329091, 0.02752153161382025], [0.08471803781157011, -0.04663670546374475, 0.9953129516754246]], "trans": [-293.74523824327594, 789.8299086829112, 46.99291560338389]}], "rb_4XMM.renamed.noAb_Nup120_715-1036_Nup85_553-744_Nup145c_92-99_554-712_remaining_updated_1.pdb_39": [{"rot": [[-0.9944731527617481, 0.006282546271743304, 0.10480304408008853], [-0.005110017040035241, -0.999921358643097, 0.011452696415882313], [0.10486675432166348, 0.010853853771228834, 0.9944270499621143]], "trans": [33.78666513098432, 906.893372359372, 20.358264080474328]}], "rb_4XMM.renamed.noAb_Nup120_715-1036_Nup85_553-744_Nup145c_92-99_554-712_remaining_updated_1.pdb_40": [{"rot": [[-0.706553202333408, -0.7002656717122973, 0.10203215813522779], [0.703295720743675, -0.7108467718318678, -0.00848505508810126], [0.07847102303425035, 0.0657636373502743, 0.9947449133051249]], "trans": [347.9897830736433, 757.302134037612, -3.9165996702562893]}], "rb_4XMM.renamed.noAb_Nup120_715-1036_Nup85_553-744_Nup145c_92-99_554-712_remaining_updated_1.pdb_41": [{"rot": [[-0.003537759743324931, -0.9962872901461484, 0.0860181361646676], [0.9997733458770899, -0.005329743504913775, -0.020611906944800695], [0.020993835517308476, 0.08592571982483833, 0.9960803328762475]], "trans": [464.8014121691923, 428.68896715815777, -11.587113286864508]}], "rb_4XMM.renamed.noAb_Nup120_715-1036_Nup85_553-744_Nup145c_92-99_554-712_remaining_updated_1.pdb_42": [{"rot": [[0.70273681622149, -0.7083686710464403, 0.06614221803647193], [0.7106420852225408, 0.7033279033537363, -0.01782377834795027], [-0.03389386135339362, 0.05952886899595846, 0.9976510010613027]], "trans": [315.79356638875225, 113.56021511982647, 1.864223162687324]}], "rb_4XMM.renamed.noAb_Nup120_2-711_3F7F_updated_1.pdb_42": [{"rot": [[0.9968035605903668, 0.05146659739407104, 0.06110524484071432], [-0.07096426917251206, 0.9217232895026378, 0.38130073444624807], [-0.03669787589463863, -0.38441821879447063, 0.9224293463261609]], "trans": [-43.42646876328001, -25.7783256779328, 276.2974219275037]}], "rb_4XMM.renamed.noAb_Nup120_2-711_3F7F_updated_1.pdb_43": [{"rot": [[0.6559213740342161, 0.678692637534802, 0.33036866504122353], [-0.7548037545942102, 0.5933364301546536, 0.279684058719505], [-0.006200252861738753, -0.4328142608641566, 0.9014617975583129]], "trans": [-359.2140752687793, 166.96903145988318, 300.5710809205255]}], "rb_4XMM.renamed.noAb_Nup120_2-711_3F7F_updated_1.pdb_44": [{"rot": [[-0.06724117934790624, 0.8908934562113265, 0.44920760621314043], [-0.9963484490684166, -0.08369970643670971, 0.01685607253690055], [0.0526155094897251, -0.44643387956364344, 0.8932683803532344]], "trans": [-446.7244218585211, 527.2145039953425, 305.83467137202854]}], "rb_4XMM.renamed.noAb_Nup120_2-711_3F7F_updated_1.pdb_45": [{"rot": [[-0.7490452791927499, 0.5637588218113933, 0.34800454098888567], [-0.6540980647919491, -0.7127678052467052, -0.25321488392119035], [0.10529430827201611, -0.4172985102221484, 0.9026489140368436]], "trans": [-254.6908002650843, 843.9213314511896, 289.0287126800837]}], "rb_4XMM.renamed.noAb_Nup120_2-711_3F7F_updated_1.pdb_46": [{"rot": [[-0.9900804703733974, -0.11107118423517186, 0.08604565194004746], [0.07145229739561927, -0.9253509041322441, -0.37231743636113196], [0.1209761603874055, -0.36247606300862695, 0.9241081497117563]], "trans": [104.39269964729488, 931.5583055327014, 260.0223773116362]}], "rb_4XMM.renamed.noAb_Nup120_2-711_3F7F_updated_1.pdb_47": [{"rot": [[-0.6491449393000307, -0.7382716292832054, -0.18320985010822924], [0.7552650050647038, -0.5969148263444842, -0.2706796302176173], [0.09047441575258328, -0.3140823004972655, 0.9450749645443863]], "trans": [420.17181389186027, 738.7865679367736, 235.83199041603788]}], "rb_4XMM.renamed.noAb_Nup120_2-711_3F7F_updated_1.pdb_48": [{"rot": [[0.07403647273358416, -0.9504196490972946, -0.30202829555348515], [0.9967529323035772, 0.08013794279980802, -0.007842325422583812], [0.031657426449227644, -0.300466971119271, 0.9532667027736893]], "trans": [507.66059819789825, 378.53463742378005, 230.652626622372]}], "rb_4XMM.renamed.noAb_Nup120_2-711_3F7F_updated_1.pdb_49": [{"rot": [[0.7558138977002463, -0.6232359423832666, -0.2008041637138086], [0.6544490463559333, 0.709180344691862, 0.26222067886904027], [-0.021018985869206377, -0.32960612680041684, 0.9438845286414311]], "trans": [315.6088024663367, 61.84329123563214, 247.54243517118388]}]}
