{"rb_ScNup133N_56-480_renamed_1.pdb_0": [{"rot": [[0.7288324973110641, 0.15516116318952428, 0.6668794526006842], [0.3938469442911175, 0.7017144686987323, -0.5937014307641526], [-0.5600783653524423, 0.695357331058303, 0.4503225586261547]], "trans": [-49.57401714111916, -7.393048338287741, 389.301693482105]}], "rb_ScNup133N_56-480_renamed_1.pdb_1": [{"rot": [[0.7832858019585424, 0.6184482320238334, 0.06312793958901367], [-0.26742575662207013, 0.4268821893183473, -0.8638605565355351], [-0.561201226963442, 0.6597676717977061, 0.4997597443825962]], "trans": [-348.376917283485, 190.81077764489285, 412.1950179105411]}], "rb_ScNup133N_56-480_renamed_1.pdb_2": [{"rot": [[0.3556774338089604, 0.7524344190804085, -0.5543789390499938], [-0.7734529768572446, -0.09600960686322912, -0.6265402205610033], [-0.5246561308797746, 0.6516322585424177, 0.5478241907374741]], "trans": [-420.026625661396, 542.8648044400087, 416.2342725384643]}], "rb_ScNup133N_56-480_renamed_1.pdb_3": [{"rot": [[-0.30349359579766577, 0.4786287267762705, -0.8238969469626194], [-0.8277968358168355, -0.5606435328685035, -0.020766021871175655], [-0.47185170967310697, 0.6757169310867128, 0.5663590673074076]], "trans": [-222.5478195069199, 842.530935983883, 399.0772099525334]}], "rb_ScNup133N_56-480_renamed_1.pdb_4": [{"rot": [[-0.8080756034062568, -0.04256960967655518, -0.5875386349097352], [-0.39862193467390306, -0.6948304835052294, 0.5985909725252454], [-0.43372153782864403, 0.71791254866026, 0.5445063820559694]], "trans": [128.3755454227479, 914.2606439208383, 370.7986842313558]}], "rb_ScNup133N_56-480_renamed_1.pdb_5": [{"rot": [[-0.8624773343533934, -0.505835255887459, 0.01623396525587889], [0.2626550181159164, -0.4199618510544091, 0.8687027023772156], [-0.43260280764829523, 0.753500323530268, 0.49506774612631443]], "trans": [427.16952727162646, 716.033770747704, 347.98865937079654]}], "rb_ScNup133N_56-480_renamed_1.pdb_6": [{"rot": [[-0.4348294875858364, -0.6397806642604822, 0.6337223511635438], [0.7686486596033124, 0.10294044394654928, 0.6313339077620599], [-0.469150887045804, 0.7616324353902597, 0.44700500953080113]], "trans": [498.79831181676275, 363.97453056339407, 344.03357445670804]}], "rb_ScNup133N_56-480_renamed_1.pdb_7": [{"rot": [[0.22434579842534003, -0.36593872594045, 0.9031931197623088], [0.822940780094624, 0.5675528641637253, 0.025538575465340718], [-0.5219553957821909, 0.7375449784498755, 0.4284740010516673]], "trans": [301.3026604450172, 64.32430709834227, 361.27437889964756]}], "rb_ScNup133C_490_881_renamed_relative_3CQC_1.pdb_7": [{"rot": [[0.8502125077100906, 0.32435023958765674, -0.41465119535912554], [-0.2681148821147896, 0.9446328499462717, 0.18916444906736557], [0.45304867478218547, -0.04965582424869397, 0.8901017904690964]], "trans": [131.78548010903523, 106.82365358558849, -208.27576425239522]}], "rb_ScNup133C_490_881_renamed_relative_3CQC_1.pdb_8": [{"rot": [[0.42268948370193143, 0.8949202439637032, -0.14300824211122834], [-0.7626878570521627, 0.4364992642266005, 0.47725844679253127], [0.4895312380972001, -0.09266147675051098, 0.8670484517334887]], "trans": [-151.09547507822913, 109.33781245693075, -185.699394789996]}], "rb_ScNup133C_490_881_renamed_relative_3CQC_1.pdb_9": [{"rot": [[-0.22834715375197717, 0.9403422002423475, 0.2522184049920899], [-0.8089961702982821, -0.32739614326785144, 0.4881976667458086], [0.5416482011565127, -0.09256517604758013, 0.8354932162305069]], "trans": [-349.4229022972662, 311.7802385895086, -170.8352104926604]}], "rb_ScNup133C_490_881_renamed_relative_3CQC_1.pdb_10": [{"rot": [[-0.7215109628145469, 0.43400728598597726, 0.5394994033819811], [-0.3799117590063553, -0.8995526719015878, 0.21557375963556674], [0.5788687121507989, -0.049423336449518185, 0.8139215858466189]], "trans": [-347.0118849271771, 595.5574211118294, -172.36685520557978]}], "rb_ScNup133C_490_881_renamed_relative_3CQC_1.pdb_11": [{"rot": [[-0.7678996305272171, -0.32746636671173524, 0.5505414935395699], [0.2732016785986081, -0.9447929597939129, -0.1809063457559245], [0.5793884709304008, 0.0114909441071918, 0.8149705258206944]], "trans": [-145.27291759944097, 794.4288020392231, -189.3730649585491]}], "rb_ScNup133C_490_881_renamed_relative_3CQC_1.pdb_12": [{"rot": [[-0.34033802126369106, -0.897996755321967, 0.2788760633570696], [0.7677410818681505, -0.4366146084094433, -0.4689790133208436], [0.5429029954736287, 0.05449322118107333, 0.8380255523258663]], "trans": [137.6143814451791, 791.8928391331309, -211.86735738953467]}], "rb_ScNup133C_490_881_renamed_relative_3CQC_1.pdb_13": [{"rot": [[0.3107022456507674, -0.9433591337183648, -0.11635144768204561], [0.8139982953613875, 0.3272843386960443, -0.47988721257504824], [0.49078599174826365, 0.05439215453013985, 0.8695807057595311]], "trans": [335.93255705469164, 589.4352520161984, -226.64825392175538]}], "rb_ScNup133C_490_881_renamed_relative_3CQC_1.pdb_14": [{"rot": [[0.8038326021899046, -0.4369795810267838, -0.4036111909031564], [0.3848751911872713, 0.8994011073330007, -0.20724076658981605], [0.45356833538637703, 0.011246950423547897, 0.8911505323125842]], "trans": [333.5059390100322, 305.6586666686823, -225.03289205480843]}], "rb_ScNup84_506-726_ScNup133C_882_1155_renamed_relative_3CQC_new_1.pdb_14": [{"rot": [[0.9817412454051319, 0.17009315794375926, 0.0851612863400913], [-0.1843194053714907, 0.9612766241259726, 0.20487461705265703], [-0.04701578324222351, -0.21683073935605196, 0.9750763798782264]], "trans": [-65.94073291998188, 61.768516171800144, 100.43919923775894]}], "rb_ScNup84_506-726_ScNup133C_882_1155_renamed_relative_3CQC_new_1.pdb_15": [{"rot": [[0.5651248938818669, 0.7939897218129301, 0.22408519801725635], [-0.8249360799043279, 0.5473537646923474, 0.14101177379635083], [-0.010691977697663002, -0.26454522851969736, 0.9643140067842904]], "trans": [-316.93231027121544, 234.61134678523175, 119.64505840830446]}], "rb_ScNup84_506-726_ScNup133C_882_1155_renamed_relative_3CQC_new_1.pdb_16": [{"rot": [[-0.18114197943557847, 0.9435416142275252, 0.2773387919261837], [-0.98220764311639, -0.18777911232726047, -0.002674093740119232], [0.04955531343766574, -0.27288867179584547, 0.9607684651962682]], "trans": [-372.6386995492646, 534.8245286506897, 122.66576197243492]}], "rb_ScNup84_506-726_ScNup133C_882_1155_renamed_relative_3CQC_new_1.pdb_17": [{"rot": [[-0.8198857177949309, 0.531139227929392, 0.21372536187934957], [-0.5640021957490098, -0.8134708022011983, -0.14200977838315676], [0.09843237752988201, -0.2369733624707786, 0.9665167833685593]], "trans": [-200.42439911569562, 786.539063620704, 107.75574409154922]}], "rb_ScNup84_506-726_ScNup133C_882_1155_renamed_relative_3CQC_new_1.pdb_18": [{"rot": [[-0.9769212329785713, -0.20162630431437645, 0.07051055214755311], [0.1846896144331936, -0.9631822907484866, -0.1953704714357169], [0.10730634126716199, -0.17783899515298224, 0.9781915154645491]], "trans": [98.82693895313446, 842.2971447300765, 83.67350837270868]}], "rb_ScNup84_506-726_ScNup133C_882_1155_renamed_relative_3CQC_new_1.pdb_19": [{"rot": [[-0.560254905991159, -0.8254906017213758, -0.0684083823995021], [0.8252735684709617, -0.5492104770461356, -0.13149672652183794], [0.07097871156931825, -0.1301273160118008, 0.9889534388086845]], "trans": [349.811574711902, 669.4350186711728, 64.55077296072028]}], "rb_ScNup84_506-726_ScNup133C_882_1155_renamed_relative_3CQC_new_1.pdb_20": [{"rot": [[0.1860242538228689, -0.9749851623839924, -0.12165077114717407], [0.982486553855218, 0.18593411343644428, 0.012193315968126471], [0.010730726132926478, -0.1217884994228142, 0.9924980669628514]], "trans": [405.50108298902103, 369.21787304045563, 61.61391079168277]}], "rb_ScNup84_506-726_ScNup133C_882_1155_renamed_relative_3CQC_new_1.pdb_21": [{"rot": [[0.8247353921083026, -0.5625339647927606, -0.058026472049395206], [0.5642309870447718, 0.8115934140558326, 0.1515240031139562], [-0.03814349567678044, -0.15770754172116463, 0.9867489067750824]], "trans": [233.27367795295146, 117.51726160533178, 76.60738203516132]}], "rb_4XMM.renamed.noAb_Nup145c_149-550_Sec13_Nup84_7-436_3IKO_updated_1.pdb_21": [{"rot": [[0.9978599881803829, -0.008481419942545027, 0.06483447774450647], [0.009198653949288567, 0.9998996689032731, -0.010772042176144588], [-0.064736610616914, 0.011345379803320798, 0.9978378894404396]], "trans": [-15.2447600951416, -0.6381746788556484, 30.34610385500156]}], "rb_4XMM.renamed.noAb_Nup145c_149-550_Sec13_Nup84_7-436_3IKO_updated_1.pdb_22": [{"rot": [[0.7126300523981631, 0.699130363726156, 0.05809598036975307], [-0.700480103637923, 0.7136597786633684, 0.004164699935779358], [-0.03854909631099768, -0.04366296868380847, 0.998302315102655]], "trans": [-326.3735471686474, 150.71759182519494, 54.44981572546385]}], "rb_4XMM.renamed.noAb_Nup145c_149-550_Sec13_Nup84_7-436_3IKO_updated_1.pdb_23": [{"rot": [[0.010620092202138443, 0.9979024717606387, 0.06385820617292683], [-0.9997656992039298, 0.009391923874175978, 0.01950226810444389], [0.018861610135245677, -0.06405036002980496, 0.9977684055146048]], "trans": [-439.76506333663707, 478.40192068471396, 61.9347209890484]}], "rb_4XMM.renamed.noAb_Nup145c_149-550_Sec13_Nup84_7-436_3IKO_updated_1.pdb_24": [{"rot": [[-0.6969225593844208, 0.7128099905875798, 0.07874556203114474], [-0.7133324109392671, -0.700333855952043, 0.02625569863693414], [0.07386350739464581, -0.03787357292196594, 0.9965489324410938]], "trans": [-288.9910462682607, 790.4528284999375, 48.440061506370114]}], "rb_4XMM.renamed.noAb_Nup145c_149-550_Sec13_Nup84_7-436_3IKO_updated_1.pdb_25": [{"rot": [[-0.9955094407107208, 0.010864115482142087, 0.09403682497094513], [-0.008976897818739775, -0.9997501918595935, 0.02046873670394682], [0.09423570852589476, 0.019532661659238233, 0.9953582804031551]], "trans": [37.62487226344973, 904.0666103500871, 21.89520397826675]}], "rb_4XMM.renamed.noAb_Nup145c_149-550_Sec13_Nup84_7-436_3IKO_updated_1.pdb_26": [{"rot": [[-0.7102241466207888, -0.6967253624820701, 0.10077415755538549], [0.7006794491589127, -0.7134547725034966, 0.005531466201989153], [0.06804389085827098, 0.07453896206823057, 0.9948939501528069]], "trans": [348.7483952374311, 752.6868276682005, -2.1254948716207878]}], "rb_4XMM.renamed.noAb_Nup145c_149-550_Sec13_Nup84_7-436_3IKO_updated_1.pdb_27": [{"rot": [[-0.008190824915153438, -0.9954425501019821, 0.0950107353601112], [0.9999099357796892, -0.009163491307966898, -0.009805649193377987], [0.010631590486097561, 0.09492186193658761, 0.9954279528977596]], "trans": [462.1208893931148, 424.994008399442, -9.526366063988121]}], "rb_4XMM.renamed.noAb_Nup145c_149-550_Sec13_Nup84_7-436_3IKO_updated_1.pdb_28": [{"rot": [[0.6993295058811881, -0.7102947069575044, 0.08012285237136689], [0.7134211238312779, 0.7005398886955898, -0.01655791103022146], [-0.044368257519171006, 0.06874077112253767, 0.9966474623005814]], "trans": [311.3290624411977, 112.95534333538171, 4.0521299991237925]}], "rb_4XMM.renamed.noAb_Seh1_Nup85_47_544_3F3F_1.pdb_28": [{"rot": [[0.6796295611271984, -0.7048630443911144, 0.20315449365873806], [0.24460436170491998, 0.47885331409500076, 0.843130007659056], [-0.6915723865778455, -0.5233236018296148, 0.49785544276536586]], "trans": [464.54328355380744, -79.40956483480034, 755.2101025907816]}], "rb_4XMM.renamed.noAb_Seh1_Nup85_47_544_3F3F_1.pdb_29": [{"rot": [[0.6405897904336993, -0.17246599554786834, 0.7482647932194779], [-0.3458526527994925, 0.8052161382783897, 0.48167718775917456], [-0.6855878229254506, -0.5673468524947645, 0.4561654151956513]], "trans": [-27.434808851169237, -201.36739230436012, 795.058423616606]}], "rb_4XMM.renamed.noAb_Seh1_Nup85_47_544_3F3F_1.pdb_30": [{"rot": [[0.19676508495608086, 0.43418475863640693, 0.8790717244400864], [-0.7355061864849657, 0.6582373169419784, -0.16048141396237883], [-0.6483163972818867, -0.6149855526375124, 0.44886369764391093]], "trans": [-461.4099947749342, 61.4198757524546, 828.4115872713605]}], "rb_4XMM.renamed.noAb_Seh1_Nup85_47_544_3F3F_1.pdb_31": [{"rot": [[-0.39184578490852073, 0.7597046525849296, 0.5189467426338006], [-0.6960917052037241, 0.12401911602601745, -0.7071602341808342], [-0.6015922363162547, -0.6383322800085641, 0.4802277392061719]], "trans": [-583.1515779139609, 555.0078692026616, 835.7548449076684]}], "rb_4XMM.renamed.noAb_Seh1_Nup85_47_544_3F3F_1.pdb_32": [{"rot": [[-0.7804262721801568, 0.6133995425921505, -0.12114386009501327], [-0.25069876783450573, -0.48448590989629015, -0.8381071118408554], [-0.5727870123328915, -0.6237101925251023, 0.5318840421022757]], "trans": [-321.33970896982174, 990.2458986876018, 812.8104175634344]}], "rb_4XMM.renamed.noAb_Seh1_Nup85_47_544_3F3F_1.pdb_33": [{"rot": [[-0.7413404484302324, 0.08097702499389028, -0.6662259833903179], [0.33975516287138463, -0.8108069367187911, -0.4766115196582269], [-0.5787752316949095, -0.5796851152063717, 0.5735716157418136]], "trans": [170.65444102191833, 1112.1655064739602, 773.0434791945231]}], "rb_4XMM.renamed.noAb_Seh1_Nup85_47_544_3F3F_1.pdb_34": [{"rot": [[-0.29748534032156826, -0.5256622822432918, -0.7969828337677856], [0.7293738489060136, -0.6637805058023866, 0.16555732737861745], [-0.6160489110661453, -0.5320475590992753, 0.5808692916919561]], "trans": [604.6156752178472, 849.3445840491984, 739.7740679124599]}], "rb_4XMM.renamed.noAb_Seh1_Nup85_47_544_3F3F_1.pdb_35": [{"rot": [[0.29112247145875575, -0.8511405193256226, -0.4368152046047051], [0.6899131703668223, -0.1295367734505819, 0.7122078640947512], [-0.6627726035120498, -0.5087042762608912, 0.549501988483879]], "trans": [726.3252971118511, 355.7474503399276, 732.5158788461634]}], "rb_4XMM.renamed.noAb_Nup120_715-1036_Nup85_553-744_Nup145c_92-99_554-712_remaining_updated_1.pdb_35": [{"rot": [[0.98865536660527, -0.10028612836860197, 0.11181797055676398], [0.0898773156902921, 0.9914554014640338, 0.0945423451798025], [-0.12034381665422042, -0.08341989789388166, 0.9892211514259426]], "trans": [25.129724021508082, -73.73155605892964, 112.57717541998616]}], "rb_4XMM.renamed.noAb_Nup120_715-1036_Nup85_553-744_Nup145c_92-99_554-712_remaining_updated_1.pdb_36": [{"rot": [[0.7618828306821985, 0.6262196109269406, 0.16547976070259696], [-0.6401480773167986, 0.7669310839541281, 0.04502390001487094], [-0.09871672309838664, -0.14023448704029373, 0.9851849050940942]], "trans": [-347.65482842087454, 75.31523401782418, 141.6064678257884]}], "rb_4XMM.renamed.noAb_Nup120_715-1036_Nup85_553-744_Nup145c_92-99_554-712_remaining_updated_1.pdb_37": [{"rot": [[0.08688145533332836, 0.9818595700839648, 0.16853307495471515], [-0.9952821169785168, 0.09288248499603702, -0.02804196148132658], [-0.04318703905018377, -0.16530162919792935, 0.9852970369602181]], "trans": [-506.2871380247686, 445.1033529024818, 152.49248963880564]}], "rb_4XMM.renamed.noAb_Nup120_715-1036_Nup85_553-744_Nup145c_92-99_554-712_remaining_updated_1.pdb_38": [{"rot": [[-0.6409234362425805, 0.7582948465048623, 0.1191892387724967], [-0.7674822754710687, -0.6358232220553454, -0.08185222741567047], [0.01371516360640583, -0.1439366390441412, 0.9894918585960792]], "trans": [-357.8362477693833, 819.0058233351148, 138.88206068925166]}], "rb_4XMM.renamed.noAb_Nup120_715-1036_Nup85_553-744_Nup145c_92-99_554-712_remaining_updated_1.pdb_39": [{"rot": [[-0.9951734765113892, 0.08649280752487351, 0.046354567139575406], [-0.09019691192728288, -0.9922999592588492, -0.08488408527907242], [0.03865577223409457, -0.08865542905737948, 0.9953119843404049]], "trans": [10.735131015387594, 977.9854229066322, 108.77236706400987]}], "rb_4XMM.renamed.noAb_Nup120_715-1036_Nup85_553-744_Nup145c_92-99_554-712_remaining_updated_1.pdb_40": [{"rot": [[-0.768343996958062, -0.6399954400127742, -0.0073033623326134505], [0.6398106579652648, -0.7677186276386678, -0.035361429985955706], [0.01702422663620072, -0.031842511512950075, 0.9993479024683962]], "trans": [383.5146011202482, 828.909777370865, 79.82609673661341]}], "rb_4XMM.renamed.noAb_Nup120_715-1036_Nup85_553-744_Nup145c_92-99_554-712_remaining_updated_1.pdb_41": [{"rot": [[-0.09331490500059991, -0.995582837216237, -0.010350977982456095], [0.9948917066567851, -0.09364213785467934, 0.03770466872353226], [-0.03850740877123653, -0.00677969457051706, 0.9992353152342305]], "trans": [542.1246061065065, 459.10961864444727, 69.02438790844934]}], "rb_4XMM.renamed.noAb_Nup120_715-1036_Nup85_553-744_Nup145c_92-99_554-712_remaining_updated_1.pdb_42": [{"rot": [[0.6344722393821193, -0.7719612730214254, 0.038997056409105946], [0.7670347491809981, 0.6350459978991497, 0.09151105999338163], [-0.09540791897048123, -0.028149129780676553, 0.9950401778271613]], "trans": [393.6510819914063, 85.21921068673237, 82.71903881633739]}], "rb_4XMM.renamed.noAb_Nup120_2-711_3F7F_updated_1.pdb_42": [{"rot": [[0.989075109646438, 0.1469542970326753, 0.011613012594460428], [-0.1469391727713185, 0.9765280252468486, 0.15748617530682169], [0.011802837928543423, -0.15747206257340574, 0.9874529064850183]], "trans": [-83.73077405256754, 55.10057816117251, 90.55384401380638]}], "rb_4XMM.renamed.noAb_Nup120_2-711_3F7F_updated_1.pdb_43": [{"rot": [[0.5978396415359843, 0.7895111534814431, 0.13878004732859306], [-0.800285263927739, 0.5778644708358545, 0.160050459810981], [0.04616556452849071, -0.20674813632533365, 0.977304429938679]], "trans": [-334.44066895557626, 241.86483965333, 109.669517014044]}], "rb_4XMM.renamed.noAb_Nup120_2-711_3F7F_updated_1.pdb_44": [{"rot": [[-0.1394465325210263, 0.9630188924381153, 0.23054127043791436], [-0.9845582824480825, -0.15971960055470186, 0.07165638604847424], [0.10582841315423688, -0.21698908268830414, 0.9704205711769223]], "trans": [-380.13468000097527, 551.7181487986722, 111.84526826467652]}], "rb_4XMM.renamed.noAb_Nup120_2-711_3F7F_updated_1.pdb_45": [{"rot": [[-0.7908707760269434, 0.5658342339627541, 0.2331416635917381], [-0.5918084958335702, -0.8041370399688264, -0.05591355121418222], [0.15584004583465416, -0.1821956108855453, 0.970833991724793]], "trans": [-194.0426978935502, 803.1441849633783, 95.83051690617765]}], "rb_4XMM.renamed.noAb_Nup120_2-711_3F7F_updated_1.pdb_46": [{"rot": [[-0.9748195820541671, -0.16936644870608933, 0.14505787981501087], [0.14788573314502498, -0.9778790251118288, -0.14792708399240873], [0.16690294298153338, -0.12275022728706575, 0.9783025039961188]], "trans": [114.82188369048515, 848.8541478502324, 71.03093499353645]}], "rb_4XMM.renamed.noAb_Nup120_2-711_3F7F_updated_1.pdb_47": [{"rot": [[-0.5835331463537847, -0.8118922293313807, 0.017890641625490714], [0.8012010954634133, -0.5791650513249481, -0.1504813873939081], [0.13253630345938283, -0.0734768757847635, 0.9884509481963338]], "trans": [365.52375120786627, 662.0706134848185, 51.99847218646988]}], "rb_4XMM.renamed.noAb_Nup120_2-711_3F7F_updated_1.pdb_48": [{"rot": [[0.15376741990217557, -0.985342446009318, -0.07386368978734295], [0.9854162401288745, 0.15843261368043027, -0.06208011447040405], [0.07287258926989568, -0.06324058044294334, 0.9953342226198892]], "trans": [411.20012910984383, 352.2141267414105, 49.906618456269484]}], "rb_4XMM.renamed.noAb_Nup120_2-711_3F7F_updated_1.pdb_49": [{"rot": [[0.8051610490629889, -0.5881075161619101, -0.07645413334577933], [0.5926153379628417, 0.8028188576170795, 0.06549002264156656], [0.02286364544364347, -0.09803790740460788, 0.9949200080552966]], "trans": [225.09506452377403, 100.80310332593876, 66.00481611441091]}]}
