{"rb_ScNup133N_56-480_renamed_1.pdb_0": [{"rot": [[-0.7455298582549528, -0.21349849860323467, 0.6313506328059789], [0.11029643430130975, -0.9737635331412059, -0.19904591958833995], [0.6572822278372984, -0.07875895262454698, 0.749517911961227]], "trans": [915.9069998681174, 384.7242563519927, -284.7066914466457]}], "rb_ScNup133N_56-480_renamed_1.pdb_1": [{"rot": [[-0.4377857770165228, -0.8394082505117476, 0.3220829123297938], [0.6412720154879291, -0.5426184522280714, -0.542526881779748], [0.6301696720678358, -0.030967794148349437, 0.775839661355036]], "trans": [599.2073019041849, -251.1816121936386, -256.32854387942314]}], "rb_ScNup133N_56-480_renamed_1.pdb_2": [{"rot": [[0.1541832310474578, -0.9782443730532098, -0.13880013635978058], [0.7982761850583284, 0.20611549318512457, -0.5659253800968542], [0.5822221772077067, -0.02354463970376791, 0.8126887388839175]], "trans": [-73.06046560843495, -475.99747879110464, -201.60956645663913]}], "rb_ScNup133N_56-480_renamed_1.pdb_3": [{"rot": [[0.6835933742500948, -0.5486747080535048, -0.48130672488940485], [0.4893336867193773, 0.833819400726701, -0.2555342443066715], [0.5415280618056523, -0.060838077830916076, 0.8384784353594597]], "trans": [-707.0704521460634, -158.0229220887116, -152.5809027889557]}], "rb_ScNup133N_56-480_renamed_1.pdb_4": [{"rot": [[0.8403087260202654, 0.19765277779826348, -0.5047916643555272], [-0.1045726079127404, 0.972775470733707, 0.20681502172989638], [0.5319265124512231, -0.12100108663743284, 0.8381007829515695]], "trans": [-931.4087547148845, 516.4681959512087, -137.94023045587306]}], "rb_ScNup133N_56-480_renamed_1.pdb_5": [{"rot": [[0.5325232236045431, 0.8235289200725787, -0.1954971460812467], [-0.6355240173637756, 0.5415812781154509, 0.5502716988439769], [0.5590422521380897, -0.16878932726603652, 0.8117770157656877]], "trans": [-614.6529191607524, 1152.3495848512857, -166.24025684240405]}], "rb_ScNup133N_56-480_renamed_1.pdb_6": [{"rot": [[-0.059458045906357615, 0.9623066497715413, 0.2653877400756556], [-0.792481719562439, -0.20716353925417674, 0.5736340228429945], [0.6069904982257559, -0.1762077745422983, 0.7749279677844214]], "trans": [57.63893313070449, 1377.1130778614508, -220.87842255976045]}], "rb_ScNup133N_56-480_renamed_1.pdb_7": [{"rot": [[-0.5888441078970513, 0.5326880160715101, 0.6078701293275715], [-0.48349767945715233, -0.8348337100581233, 0.2632160149195562], [0.6476824920857971, -0.13891059745167728, 0.7491403308867729]], "trans": [691.6306691112975, 1059.0891684062772, -269.8229148313917]}], "rb_ScNup133C_490_881_renamed_relative_3CQC_1.pdb_7": [{"rot": [[0.728654781494535, 0.39438380745451945, -0.5599318010461896], [-0.2944099885599944, 0.9185372501395175, 0.2638410103494894], [0.6183728390229126, -0.027399498605118824, 0.7854070915359326]], "trans": [223.92145140810987, 104.82358016591317, -274.3398786047625]}], "rb_ScNup133C_490_881_renamed_relative_3CQC_1.pdb_8": [{"rot": [[0.3212426220009203, 0.9266128410663029, -0.19542727696258141], [-0.6860890950007615, 0.3699718846662347, 0.6264204325192079], [0.6527518146516416, -0.06715241862770016, 0.7545897038400671]], "trans": [-88.49246703491758, 39.18421793361216, -249.07795003905102]}], "rb_ScNup133C_490_881_renamed_relative_3CQC_1.pdb_9": [{"rot": [[-0.24303905266614323, 0.9164135893830833, 0.3179908050135387], [-0.6739357464557977, -0.3953041411270093, 0.6241355987739405], [0.6976694263963497, -0.06261604588164466, 0.7136782203976364]], "trans": [-355.7514886082903, 214.40375246957962, -228.58703862225138]}], "rb_ScNup133C_490_881_renamed_relative_3CQC_1.pdb_10": [{"rot": [[-0.6336260811150761, 0.36976091785033954, 0.6795548932656037], [-0.2650695458649574, -0.9289813409385684, 0.25832499693782107], [0.7268123039586609, -0.016447851484447565, 0.6866391650611327]], "trans": [-421.289596782859, 527.8362266423885, -224.84700428298908]}], "rb_ScNup133C_490_881_renamed_relative_3CQC_1.pdb_11": [{"rot": [[-0.6217070748033934, -0.3931083307453784, 0.67745564684191], [0.30098992145221676, -0.9184240862703147, -0.2567143645040661], [0.7231081387480001, 0.04430618531447218, 0.6893123976973601]], "trans": [-246.71173036337186, 795.868594478901, -240.02480697050174]}], "rb_ScNup133C_490_881_renamed_relative_3CQC_1.pdb_12": [{"rot": [[-0.2142643556864675, -0.9252945941202938, 0.3129228338968316], [0.6926370381028352, -0.36981696576420175, -0.6192651655640669], [0.6887268829735013, 0.08405549312638849, 0.7201319009354363]], "trans": [65.71384829298236, 861.4838324392806, -265.20507096223974]}], "rb_ScNup133C_490_881_renamed_relative_3CQC_1.pdb_13": [{"rot": [[0.35001638643466665, -0.9150356553630679, -0.2004950838337416], [0.6804394009286208, 0.39545823402689, -0.6169400350149382], [0.6438095610435727, 0.07951436696984071, 0.7610431752235005]], "trans": [332.9657433479166, 686.2437257466618, -285.61283766893445]}], "rb_ScNup133C_490_881_renamed_relative_3CQC_1.pdb_14": [{"rot": [[0.7405715364669856, -0.3683413454487201, -0.5620306509506003], [0.2715425577729127, 0.9290925106850227, -0.2511010671167003], [0.6146693734790056, 0.033343062577213284, 0.7880798192346377]], "trans": [398.4859397657933, 372.8065165822643, -289.2689447031068]}], "rb_ScNup84_506-726_ScNup133C_882_1155_renamed_relative_3CQC_new_1.pdb_14": [{"rot": [[0.9803485403250137, 0.18907118884108404, 0.05629231770708154], [-0.19607718239427047, 0.9652665064261737, 0.17266820818012343], [-0.021690505456071107, -0.1803126648963672, 0.9833701565794192]], "trans": [-61.61463624562782, 76.52743644222465, 71.04439460602288]}], "rb_ScNup84_506-726_ScNup133C_882_1155_renamed_relative_3CQC_new_1.pdb_15": [{"rot": [[0.5563490915052592, 0.810978797464151, 0.18107754815236765], [-0.8308097595611351, 0.5389033885996787, 0.13906214860181487], [0.015193149747248474, -0.22780809427977744, 0.9735875103869064]], "trans": [-304.0415789624959, 240.3053845876734, 89.61170429736143]}], "rb_ScNup84_506-726_ScNup133C_882_1155_renamed_relative_3CQC_new_1.pdb_16": [{"rot": [[-0.19099267433878941, 0.9503547131881601, 0.24565772422207138], [-0.9786850911605923, -0.2036116316268739, 0.0267917115210186], [0.07548039936897814, -0.23530453159106884, 0.9689863191623541]], "trans": [-360.0794106219521, 528.0359642991826, 92.71955962542154]}], "rb_ScNup84_506-726_ScNup133C_882_1155_renamed_relative_3CQC_new_1.pdb_17": [{"rot": [[-0.8238734132567895, 0.5255505593815755, 0.2122008681940778], [-0.5530757228995049, -0.8273027859429841, -0.09837349800717207], [0.12385412253048896, -0.19841045815352096, 0.9722620256019014]], "trans": [-196.89846596519698, 771.1626617757561, 78.57134001945218]}], "rb_ScNup84_506-726_ScNup133C_882_1155_renamed_relative_3CQC_new_1.pdb_18": [{"rot": [[-0.9715426647721587, -0.21457740091713703, 0.10030647807125546], [0.19669037620268984, -0.9668030021049991, -0.16310993541168875], [0.1319763101342713, -0.1387389423932847, 0.9814956746858009]], "trans": [89.9094701157868, 827.2585463443619, 55.479276915713]}], "rb_ScNup84_506-726_ScNup133C_882_1155_renamed_relative_3CQC_new_1.pdb_19": [{"rot": [[-0.5474936992107469, -0.8364517727607512, -0.024476134701545513], [0.8313896535899286, -0.5403910865321626, -0.12949408287719816], [0.09508887015918432, -0.09124639961107864, 0.9912780645862515]], "trans": [332.33017801212344, 663.4619746679177, 36.995031379650754]}], "rb_ScNup84_506-726_ScNup133C_882_1155_renamed_relative_3CQC_new_1.pdb_20": [{"rot": [[0.19985962031115612, -0.9757697806946356, -0.0890475561271783], [0.9792063233089564, 0.20213484822494798, -0.017218580801925662], [0.034800985055537595, -0.08375463101357238, 0.9958785333678722]], "trans": [388.35210224542203, 375.7274047613247, 33.97093997533938]}], "rb_ScNup84_506-726_ScNup133C_882_1155_renamed_relative_3CQC_new_1.pdb_21": [{"rot": [[0.8327071815358144, -0.5509169712872082, -0.055580937077465045], [0.5535472960233232, 0.8257926399699375, 0.10794399861385486], [-0.013569852023772668, -0.12065242027912222, 0.9926020615517793]], "trans": [225.15872302994813, 132.6139215284809, 48.20256298829983]}], "rb_4XMM.renamed.noAb_Nup145c_149-550_Sec13_Nup84_7-436_3IKO_updated_1.pdb_21": [{"rot": [[0.9981461045525178, -0.004984494815875635, 0.06065895464037503], [0.006462346675206019, 0.9996864543058607, -0.024191551269487438], [-0.06051935262444584, 0.024538701856563122, 0.9978653516728152]], "trans": [-15.404871185903403, 3.101041639602613, 21.856031148118973]}], "rb_4XMM.renamed.noAb_Nup145c_149-550_Sec13_Nup84_7-436_3IKO_updated_1.pdb_22": [{"rot": [[0.7109871950652504, 0.7017199857972943, 0.045675704547276645], [-0.7023736801120587, 0.7118044321264938, -0.0023798930482135643], [-0.0341821874532433, -0.03038933921167717, 0.9989534854652575]], "trans": [-324.0187882480625, 152.98541067910787, 45.76645134997409]}], "rb_4XMM.renamed.noAb_Nup145c_149-550_Sec13_Nup84_7-436_3IKO_updated_1.pdb_23": [{"rot": [[0.008206779291283939, 0.998692770157889, 0.050451953460926444], [-0.999695290070966, 0.007019486184223711, 0.02366545633690606], [0.023280373355869244, -0.050630797426752305, 0.998446065928621]], "trans": [-436.66854855107493, 477.84579159478216, 53.20597391836941]}], "rb_4XMM.renamed.noAb_Nup145c_149-550_Sec13_Nup84_7-436_3IKO_updated_1.pdb_24": [{"rot": [[-0.6984964660051303, 0.711963013871213, 0.07218970742259868], [-0.7113272918528883, -0.7017954247202306, 0.03868676397664203], [0.07820595145880625, -0.024327941161710467, 0.9966403465820821]], "trans": [-287.360420808552, 787.3745095100328, 39.8404265366575]}], "rb_4XMM.renamed.noAb_Nup145c_149-550_Sec13_Nup84_7-436_3IKO_updated_1.pdb_25": [{"rot": [[-0.9951258152135942, 0.009501051059564317, 0.0981546836592149], [-0.006199724802749976, -0.9994065314887961, 0.03388433605519929], [0.09841836875221599, 0.033110645513113504, 0.9945941432794863]], "trans": [36.440701842599026, 900.2453939103623, 13.523540216449817]}], "rb_4XMM.renamed.noAb_Nup145c_149-550_Sec13_Nup84_7-436_3IKO_updated_1.pdb_26": [{"rot": [[-0.7079116130939656, -0.6971809957483172, 0.11313623298520037], [0.7026137400027822, -0.7114690514598414, 0.012071502563192706], [0.0720769061905352, 0.0880366286395356, 0.9935061507669604]], "trans": [345.04946949676815, 750.337206029767, -10.303877066592406]}], "rb_4XMM.renamed.noAb_Nup145c_149-550_Sec13_Nup84_7-436_3IKO_updated_1.pdb_27": [{"rot": [[-0.005107988968173105, -0.9940988193155149, 0.10835795256554732], [0.9998801806107742, -0.0066608203527970256, -0.013973471078808052], [0.014612763957018618, 0.10827359284573568, 0.994013730399037]], "trans": [457.68042801778336, 425.46839282932854, -17.659383400292768]}], "rb_4XMM.renamed.noAb_Nup145c_149-550_Sec13_Nup84_7-436_3IKO_updated_1.pdb_28": [{"rot": [[0.7015727846197941, -0.707313772055052, 0.0866190264438424], [0.7114567246562515, 0.702131562253772, -0.028993072077190568], [-0.04031075318353425, 0.08196643915852646, 0.9958195348703722]], "trans": [308.3546871467821, 115.95180252730938, -4.210014560543641]}], "rb_4XMM.renamed.noAb_Seh1_Nup85_47_544_3F3F_1.pdb_28": [{"rot": [[0.724106029914167, -0.6490850311228609, 0.23315033736663887], [0.27282863153007036, 0.5800567933986017, 0.7675276244211409], [-0.6334311290577468, -0.49216129348453, 0.5971116025805071]], "trans": [405.2102489116557, -123.19084564831883, 682.3665097710832]}], "rb_4XMM.renamed.noAb_Seh1_Nup85_47_544_3F3F_1.pdb_29": [{"rot": [[0.693168241431613, -0.06095916512959956, 0.7181934065816159], [-0.35389179904123114, 0.8392616944288663, 0.41279583674711173], [-0.6279159049124053, -0.5402997209430054, 0.560176604212408]], "trans": [-101.80388599454807, -194.7050766827902, 723.1678645716124]}], "rb_4XMM.renamed.noAb_Seh1_Nup85_47_544_3F3F_1.pdb_30": [{"rot": [[0.22951276042149843, 0.5377730959199037, 0.8112484145490975], [-0.7749242065607561, 0.6052828271930601, -0.18200322302464075], [-0.5889111706275276, -0.5868839718461363, 0.5556535221702614]], "trans": [-510.8577006241026, 114.40260422704637, 754.3092699388858]}], "rb_4XMM.renamed.noAb_Seh1_Nup85_47_544_3F3F_1.pdb_31": [{"rot": [[-0.39524449479816925, 0.7963659513779694, 0.4578024255261208], [-0.743621870146621, 0.015188311219947181, -0.668427879013081], [-0.5392664495139484, -0.6046243351769308, 0.5861920416898139]], "trans": [-582.3197893689653, 623.052675981087, 757.5716564161253]}], "rb_4XMM.renamed.noAb_Seh1_Nup85_47_544_3F3F_1.pdb_32": [{"rot": [[-0.8151119150424104, 0.5633320603580008, -0.13509091652920893], [-0.27832213983316967, -0.5853361657007482, -0.7615237091525315], [-0.5080643191905702, -0.5831282559570867, 0.6339022674433864]], "trans": [-274.32473968768034, 1033.2708713749826, 731.0678769065012]}], "rb_4XMM.renamed.noAb_Seh1_Nup85_47_544_3F3F_1.pdb_33": [{"rot": [[-0.7841252454015231, -0.024814038002641037, -0.6201063320447568], [0.3483958416357806, -0.844494897593758, -0.40675386349609743], [-0.5135834275508653, -0.5349884404883055, 0.6708348764703528]], "trans": [232.70151892551866, 1104.745704265613, 690.3482240512288]}], "rb_4XMM.renamed.noAb_Seh1_Nup85_47_544_3F3F_1.pdb_34": [{"rot": [[-0.3204369138631812, -0.6235280664243054, -0.7131149518941562], [0.7693918439921802, -0.6104690451780375, 0.1880524801158585], [-0.5525906030979448, -0.4884058714435974, 0.675354225652929]], "trans": [641.7377684440374, 795.6063265456835, 659.2908495412187]}], "rb_4XMM.renamed.noAb_Seh1_Nup85_47_544_3F3F_1.pdb_35": [{"rot": [[0.30431791695197996, -0.8820749051897804, -0.35963101514808915], [0.738040473012017, -0.020354252563234976, 0.6744493788260078], [-0.6022348923951546, -0.4706692745835757, 0.6448128165171383]], "trans": [713.1667198280729, 286.9510613439338, 656.1136061746016]}], "rb_4XMM.renamed.noAb_Nup120_715-1036_Nup85_553-744_Nup145c_92-99_554-712_remaining_updated_1.pdb_35": [{"rot": [[0.9837916858247113, -0.1339269818262397, 0.11923708500749844], [0.12852511899128172, 0.9903456471315413, 0.05193065564658414], [-0.1250408440888345, -0.035763986725773286, 0.991506795016065]], "trans": [41.97851618264178, -81.00861938613912, 90.0274773952626]}], "rb_4XMM.renamed.noAb_Nup120_715-1036_Nup85_553-744_Nup145c_92-99_554-712_remaining_updated_1.pdb_36": [{"rot": [[0.7855882084903643, 0.6025299414677429, 0.14074386777325765], [-0.6096630199119238, 0.7926001756340664, 0.009796108243508746], [-0.10565116578992893, -0.09350203858592457, 0.9899975757280941]], "trans": [-341.28605129172865, 56.99635991701096, 119.94581551517356]}], "rb_4XMM.renamed.noAb_Nup120_715-1036_Nup85_553-744_Nup145c_92-99_554-712_remaining_updated_1.pdb_37": [{"rot": [[0.125041756425253, 0.9840852662809474, 0.12625667443285032], [-0.9908322502474232, 0.13042046849954264, -0.03524135732326104], [-0.05114695513628996, -0.12069254361854698, 0.9913714232794737]], "trans": [-515.1148706108827, 426.4139607095015, 132.04489599533406]}], "rb_4XMM.renamed.noAb_Nup120_715-1036_Nup85_553-744_Nup145c_92-99_554-712_remaining_updated_1.pdb_38": [{"rot": [[-0.6108902450459075, 0.7872185034077189, 0.08426230711451305], [-0.7916882623985332, -0.6082792650987559, -0.056798158696446964], [0.006542452761810577, -0.10140692058940931, 0.9948235184033551]], "trans": [-377.6746550920429, 810.8342604541006, 119.26091179461781]}], "rb_4XMM.renamed.noAb_Nup120_715-1036_Nup85_553-744_Nup145c_92-99_554-712_remaining_updated_1.pdb_39": [{"rot": [[-0.9910884528200897, 0.1272569783605512, 0.03936165831390708], [-0.1288924123773623, -0.9907583055527016, -0.0422460176807374], [0.033621789337013964, -0.04694295939626519, 0.9983315751016272]], "trans": [-9.47790755392134, 985.0585440293744, 89.10690601316821]}], "rb_4XMM.renamed.noAb_Nup120_715-1036_Nup85_553-744_Nup145c_92-99_554-712_remaining_updated_1.pdb_40": [{"rot": [[-0.7928273959884486, -0.6091845420304215, 0.01785816119757543], [0.609280145452202, -0.7929550380099032, -0.00010978366832332682], [0.014227597404920387, 0.0107935835520888, 0.9998405242968424]], "trans": [373.78243906077427, 847.0238863497091, 59.27152531042657]}], "rb_4XMM.renamed.noAb_Nup120_715-1036_Nup85_553-744_Nup145c_92-99_554-712_remaining_updated_1.pdb_41": [{"rot": [[-0.13225119712386102, -0.9906882312947302, 0.0323488675755745], [0.9903975184805359, -0.1307454056230043, 0.0449265433354235], [-0.04027873194254348, 0.03797982731125129, 0.9984664022742605]], "trans": [547.5889830735316, 477.59305296770515, 47.25676128211313]}], "rb_4XMM.renamed.noAb_Nup120_715-1036_Nup85_553-744_Nup145c_92-99_554-712_remaining_updated_1.pdb_42": [{"rot": [[0.6036652923543938, -0.7937638490593242, 0.07434491733271252], [0.7911957758326817, 0.607938851799933, 0.0664800479594975], [-0.09796662243438951, 0.018689686961067924, 0.9950141890898302]], "trans": [410.1253136686707, 93.183951848471, 60.12503700537357]}], "rb_4XMM.renamed.noAb_Nup120_2-711_3F7F_updated_1.pdb_42": [{"rot": [[0.9673575144078415, 0.07960668295566857, 0.2405872302252918], [-0.10413632850099054, 0.9903904117604367, 0.09100800722642746], [-0.2310304404294284, -0.11309115050165222, 0.9663515547010808]], "trans": [-99.59296682736101, 43.45786599409132, 217.10514587346375]}], "rb_4XMM.renamed.noAb_Nup120_2-711_3F7F_updated_1.pdb_43": [{"rot": [[0.6078181127472801, 0.7524158057990127, 0.2538259186926267], [-0.768700591524651, 0.6376870318396701, -0.049544424642557386], [-0.19913950488535695, -0.16500213515992113, 0.9659802032064015]], "trans": [-351.3922407729883, 252.10062728962652, 236.20119989619042]}], "rb_4XMM.renamed.noAb_Nup120_2-711_3F7F_updated_1.pdb_44": [{"rot": [[-0.11495494780314885, 0.9797200050647528, 0.1641160310618517], [-0.9833865940353521, -0.08887108138632127, -0.15828056597312887], [-0.140485467743548, -0.17958463901220842, 0.9736596894108999]], "trans": [-382.43483045534555, 578.1908451317902, 237.13014191407643]}], "rb_4XMM.renamed.noAb_Nup120_2-711_3F7F_updated_1.pdb_45": [{"rot": [[-0.7775510172728503, 0.6283612758338089, 0.024010884416490463], [-0.6224282486896899, -0.7636559407203549, -0.17150125199424548], [-0.089428690983597, -0.14829602568853983, 0.984891262015225]], "trans": [-174.53363579873002, 830.7003888317508, 219.37178949614835]}], "rb_4XMM.renamed.noAb_Nup120_2-711_3F7F_updated_1.pdb_46": [{"rot": [[-0.9918119755618935, -0.0958294841522498, -0.08441395085603678], [0.10271995629617724, -0.9913690610980375, -0.08146161842306422], [-0.07587895433203548, -0.08946560604336833, 0.9930953074225894]], "trans": [150.52180529943212, 861.7057241006844, 193.353240782784]}], "rb_4XMM.renamed.noAb_Nup120_2-711_3F7F_updated_1.pdb_47": [{"rot": [[-0.6322207322250457, -0.7686111166038743, -0.09764167746290624], [0.767255977851838, -0.6386128858471255, 0.0590918478355835], [-0.10777388457063498, -0.03755706941375236, 0.993465780156319]], "trans": [402.31134550138194, 653.0436051580023, 174.3405333729956]}], "rb_4XMM.renamed.noAb_Nup120_2-711_3F7F_updated_1.pdb_48": [{"rot": [[0.09056909215443698, -0.9958586550098856, -0.007923306646868647], [0.9818852445920825, 0.08796304370832575, 0.16782094444350765], [-0.16642898184710753, -0.022979168467687397, 0.9857856520653293]], "trans": [433.3350352635641, 326.9513602113842, 173.49558424779818]}], "rb_4XMM.renamed.noAb_Nup120_2-711_3F7F_updated_1.pdb_49": [{"rot": [[0.7531370271185294, -0.6444472871817508, 0.13218287493901265], [0.6208749057878147, 0.7627203033141263, 0.18103063352752413], [-0.21748326314002386, -0.05427184312778163, 0.9745540504751278]], "trans": [225.42067302853093, 74.45854104639182, 191.33738141970176]}]}
