{"rb_ScNup133N_56-480_renamed_1.pdb_0": [{"rot": [[-0.29884124032091336, 0.02892375588573226, 0.9538644187875562], [-0.47651364098865334, -0.8705355748117778, -0.12289248528232385], [0.8268183978572299, -0.49125474993387286, 0.273934495148408]], "trans": [508.59692178592206, 689.403582064753, -156.4649763755922]}], "rb_ScNup133N_56-480_renamed_1.pdb_1": [{"rot": [[-0.5314529088314366, -0.60292492202244, 0.5950120537424775], [-0.07870616902313937, -0.664235837919247, -0.7433680720756162], [0.8434234669798484, -0.4418962435096636, 0.30555615739130904]], "trans": [527.7790542650828, 258.7011424940855, -155.85710206764884]}], "rb_ScNup133N_56-480_renamed_1.pdb_2": [{"rot": [[-0.41558268102487295, -0.904454052892262, -0.09619720078537208], [0.3674761752291282, -0.07021418073731589, -0.9273786871943737], [0.8320170045564881, -0.4207527005619216, 0.36154511350411056]], "trans": [237.74933150140907, -59.33234507161487, -131.15131589981166]}], "rb_ScNup133N_56-480_renamed_1.pdb_3": [{"rot": [[-0.019108970120519486, -0.6990236202994469, -0.71484321744309], [0.6006534833341173, 0.563543134251475, -0.5671283177523554], [0.7992810771058737, -0.44021030667338984, 0.4091022435516526]], "trans": [-191.58683215178417, -78.38826254900687, -96.79661085959816]}], "rb_ScNup133N_56-480_renamed_1.pdb_4": [{"rot": [[0.4257083337545293, -0.10697766822596524, -0.8985144367637496], [0.4842272004038808, 0.8657721359485497, 0.12634329030109515], [0.764392852505152, -0.4888705218317241, 0.4203679101965512]], "trans": [-508.7163450472849, 212.69673200378185, -72.89445265971978]}], "rb_ScNup133N_56-480_renamed_1.pdb_5": [{"rot": [[0.6582889820662855, 0.524854936755613, -0.5396136687051167], [0.08640148458954078, 0.6594228137308383, 0.746790691018593], [0.7477903446493925, -0.5382275058881382, 0.3887425270723248]], "trans": [-527.8583536655133, 643.4010612744835, -73.42305769290937]}], "rb_ScNup133N_56-480_renamed_1.pdb_6": [{"rot": [[0.5423839516465815, 0.8263377458073491, 0.15160995630323187], [-0.3597717504422691, 0.06537751007892012, 0.9307470487514781], [0.7591995367358599, -0.5593672416489098, 0.33275268953104764]], "trans": [-237.79728611632612, 961.412173040458, -98.04875677620691]}], "rb_ScNup133N_56-480_renamed_1.pdb_7": [{"rot": [[0.14589204357620839, 0.6208578784791288, 0.770227892478293], [-0.5929179325673013, -0.5683636600891304, 0.5704481353551825], [0.7919367631706933, -0.5399057738351043, 0.2851980338611091]], "trans": [191.54690770817444, 980.4347908677014, -132.32146326307316]}], "rb_ScNup133C_490_881_renamed_relative_3CQC_1.pdb_7": [{"rot": [[0.8237949357586549, 0.3439464934496195, -0.4506248034253166], [-0.27043348919201404, 0.9370659755802433, 0.22084629345606105], [0.49822447926795727, -0.060068020223399035, 0.8649648554736862]], "trans": [151.60117069150436, 101.51681836765647, -221.50272979257034]}], "rb_ScNup133C_490_881_renamed_relative_3CQC_1.pdb_8": [{"rot": [[0.40321944409047095, 0.9032724448287377, -0.14667300474350203], [-0.7431071050230182, 0.4167382626956343, 0.5235657082637614], [0.5340467305130527, -0.10211812189097627, 0.8392651421391092]], "trans": [-141.0500473304316, 90.85810484850825, -198.0835176399362]}], "rb_ScNup133C_490_881_renamed_relative_3CQC_1.pdb_9": [{"rot": [[-0.22746602808948863, 0.9321451763920439, 0.281717191868436], [-0.7788647883469377, -0.34780016861293844, 0.5219240214687301], [0.58449024588822, -0.10069961689031806, 0.8051277784424478]], "trans": [-355.57410086742436, 290.92027057928306, -181.91678084411615]}], "rb_ScNup133C_490_881_renamed_relative_3CQC_1.pdb_10": [{"rot": [[-0.6987970385130459, 0.413650634884239, 0.5835887689334525], [-0.35675918408928603, -0.9086719252930319, 0.21688295634328061], [0.6200045028331194, -0.056643485451730674, 0.7825509133740346]], "trans": [-366.2978612290852, 584.5041947935356, -182.44921686990386]}], "rb_ScNup133C_490_881_renamed_relative_3CQC_1.pdb_11": [{"rot": [[-0.7346612355068338, -0.3484697665063699, 0.5821011002176238], [0.2759342930867846, -0.9373104239896781, -0.21286013008308058], [0.6197847488784057, 0.004241569436608236, 0.7847603928247433]], "trans": [-166.9372850512683, 799.6243919484049, -199.34491228485848]}], "rb_ScNup133C_490_881_renamed_relative_3CQC_1.pdb_12": [{"rot": [[-0.31404886678671434, -0.9077551507475043, 0.27812568303081153], [0.7485748832735037, -0.41693882836355034, -0.5155556784042723], [0.583959718989281, 0.04628822414183573, 0.8104618725786885]], "trans": [125.72130449620079, 810.2605341509677, -222.68212558440757]}], "rb_ScNup133C_490_881_renamed_relative_3CQC_1.pdb_13": [{"rot": [[0.3166394114166678, -0.9365682538267907, -0.15026439718556736], [0.78428306450717, 0.3476018436280675, -0.5138803684065097], [0.5335162208077162, 0.04486495547979841, 0.8445990634051446]], "trans": [340.23629250956634, 610.1819361245377, -238.7655832617814]}], "rb_ScNup133C_490_881_renamed_relative_3CQC_1.pdb_14": [{"rot": [[0.7879375130270487, -0.4180299536956289, -0.4521121911406272], [0.3621404807357461, 0.9084328863090105, -0.2088156203083526], [0.49800476682179595, 0.0008055343008055577, 0.8671739175835826]], "trans": [350.94368768853116, 316.59757849640914, -238.14936413163412]}], "rb_ScNup84_506-726_ScNup133C_882_1155_renamed_relative_3CQC_new_1.pdb_14": [{"rot": [[0.9831913662556783, 0.15725999687092473, 0.09275791451111165], [-0.17679100065887832, 0.946907769667095, 0.26853420234696584], [-0.04560350212786766, -0.28041927381734205, 0.9587936959875306]], "trans": [-65.24457302818814, 43.69965949178646, 121.73599790585939]}], "rb_ScNup84_506-726_ScNup133C_882_1155_renamed_relative_3CQC_new_1.pdb_15": [{"rot": [[0.5714883122534854, 0.7735047783498188, 0.2740282226845643], [-0.8205533927790238, 0.5425752534761347, 0.17973375841544584], [-0.009656011417572802, -0.32757053009284387, 0.9447773860853136]], "trans": [-328.7561133636526, 222.57091013802057, 141.91044454021792]}], "rb_ScNup84_506-726_ScNup133C_882_1155_renamed_relative_3CQC_new_1.pdb_16": [{"rot": [[-0.17352045569071933, 0.9244042279293676, 0.339657879112491], [-0.9835336825293728, -0.18035115163875276, -0.011617118093019851], [0.05051877657957171, -0.3360807722689384, 0.9404773084577946]], "trans": [-389.0693087758185, 535.9261945947707, 145.23439654387886]}], "rb_ScNup84_506-726_ScNup133C_882_1155_renamed_relative_3CQC_new_1.pdb_17": [{"rot": [[-0.8153982966915932, 0.5215593203636323, 0.25120010568125684], [-0.570255718152085, -0.7983709642989543, -0.19342238567241338], [0.09966962259032794, -0.300964580484455, 0.9484125092102685]], "trans": [-210.84992563691992, 800.1976857129412, 129.78464086656115]}], "rb_ScNup84_506-726_ScNup133C_882_1155_renamed_relative_3CQC_new_1.pdb_18": [{"rot": [[-0.9781241210132662, -0.1990377173821824, 0.060474713321483985], [0.17717644160132628, -0.9494394641687652, -0.25917795512045294], [0.10900326799466611, -0.24279351502504798, 0.9639344358556056]], "trans": [101.50052185623781, 860.5715345626622, 104.63586712677898]}], "rb_ScNup84_506-726_ScNup133C_882_1155_renamed_relative_3CQC_new_1.pdb_19": [{"rot": [[-0.5663708463339795, -0.815250980178346, -0.12078867389444019], [0.82090649875386, -0.5450585939586026, -0.17036328670094802], [0.07305193171032474, -0.19564500624886105, 0.9779501249058015]], "trans": [365.0046507601167, 681.6800060116784, 84.544586480193]}], "rb_ScNup84_506-726_ScNup133C_882_1155_renamed_relative_3CQC_new_1.pdb_20": [{"rot": [[0.1786506533179676, -0.9660940500718608, -0.18640340792166768], [0.9838283092317567, 0.17787963079215052, 0.02099273453913074], [0.012876413446512608, -0.18713931539095818, 0.9822489880940358]], "trans": [425.2999402938717, 368.3203966508879, 81.30455931781694]}], "rb_ScNup84_506-726_ScNup133C_882_1155_renamed_relative_3CQC_new_1.pdb_21": [{"rot": [[0.8204962786433198, -0.5632009298318202, -0.09793145239929887], [0.5704999792595365, 0.795867804595534, 0.2027910532374458], [-0.03627161972302163, -0.22225919608614, 0.97431269075067]], "trans": [247.06647302430963, 104.06330080951318, 96.83784413694036]}], "rb_4XMM.renamed.noAb_Nup145c_149-550_Sec13_Nup84_7-436_3IKO_updated_1.pdb_21": [{"rot": [[0.9984468852628654, -0.041959984026180584, -0.036649379932061785], [0.041728910504894114, 0.999104113040864, -0.007047647331015978], [0.03691226539995182, 0.005507362830839183, 0.999303334137184]], "trans": [29.657591880196833, -20.146013425479396, -20.441441318469174]}], "rb_4XMM.renamed.noAb_Nup145c_149-550_Sec13_Nup84_7-436_3IKO_updated_1.pdb_22": [{"rot": [[0.7379891206220093, 0.6747197323843396, -0.011195560493230897], [-0.6720367000266326, 0.7363554598503861, 0.07840478662581335], [0.061145168745095915, -0.05033805200572086, 0.9968587406746265]], "trans": [-309.2972271311447, 102.3527263227389, 6.020580658875133]}], "rb_4XMM.renamed.noAb_Nup145c_149-550_Sec13_Nup84_7-436_3IKO_updated_1.pdb_23": [{"rot": [[0.05062136373717763, 0.9964650098432665, 0.06704447547297292], [-0.9917832245213393, 0.04225928907005583, 0.12074844945317947], [0.1174883530033591, -0.07260603725139658, 0.9904165034283333]], "trans": [-462.71307014265483, 429.37887561658755, 16.698874958403735]}], "rb_4XMM.renamed.noAb_Nup145c_149-550_Sec13_Nup84_7-436_3IKO_updated_1.pdb_24": [{"rot": [[-0.6609866615231229, 0.7347929282067486, 0.15223661171304032], [-0.7301986405042314, -0.6765730757010014, 0.09517782642116548], [0.17293518639735278, -0.04825169317067918, 0.983750575812728]], "trans": [-340.7148598155409, 769.3560219262047, 5.361951116689795]}], "rb_4XMM.renamed.noAb_Nup145c_149-550_Sec13_Nup84_7-436_3IKO_updated_1.pdb_25": [{"rot": [[-0.9799649402882527, 0.04299468247380933, 0.1944740936084188], [-0.04052288563516565, -0.9990394996435573, 0.016672549047709914], [0.19500413212452453, 0.008457862077695564, 0.9807659522146117]], "trans": [-14.76895459492789, 923.1208760608329, -21.324856127978023]}], "rb_4XMM.renamed.noAb_Nup145c_149-550_Sec13_Nup84_7-436_3IKO_updated_1.pdb_26": [{"rot": [[-0.719451499263868, -0.6736645606499305, 0.16901360871630103], [0.6732222584554155, -0.736234604835485, -0.06877788425740596], [0.17076689060576247, 0.06430137142450067, 0.9832110672209534]], "trans": [324.182851742949, 800.5959351791432, -47.704033906504606]}], "rb_4XMM.renamed.noAb_Nup145c_149-550_Sec13_Nup84_7-436_3IKO_updated_1.pdb_27": [{"rot": [[-0.032058785441571536, -0.9953557116472567, 0.09077026807932655], [0.9929148225527187, -0.04211320420436987, -0.11111540481293576], [0.11442197966786284, 0.08656491970089601, 0.9896535379849167]], "trans": [477.5797251641563, 473.558154046475, -58.29828302863592]}], "rb_4XMM.renamed.noAb_Nup145c_149-550_Sec13_Nup84_7-436_3IKO_updated_1.pdb_28": [{"rot": [[0.6795288571842701, -0.7336275584187059, 0.005580123873737887], [0.7312743949433892, 0.6766985986483318, -0.08553809611841018], [0.05897704260149137, 0.062206206410538416, 0.9963192742941338]], "trans": [355.56152766189905, 133.5909928782395, -46.877338078528]}], "rb_4XMM.renamed.noAb_Seh1_Nup85_47_544_3F3F_1.pdb_28": [{"rot": [[0.6825049134409269, -0.7003203712066, 0.20913732522446687], [0.26480968762258883, 0.5036447596417533, 0.8223246228993932], [-0.6812216030560256, -0.5058590058093779, 0.529191641819226]], "trans": [459.0898215511044, -95.95147020586126, 733.3558290303041]}], "rb_4XMM.renamed.noAb_Seh1_Nup85_47_544_3F3F_1.pdb_29": [{"rot": [[0.6570774188411871, -0.15142253339794812, 0.738458178929824], [-0.332995718312478, 0.8205505991747436, 0.4645541580693556], [-0.6762862687017691, -0.5511514588326137, 0.4887422144567847]], "trans": [-43.394906677499534, -210.4795552530411, 774.0054447835073]}], "rb_4XMM.renamed.noAb_Seh1_Nup85_47_544_3F3F_1.pdb_30": [{"rot": [[0.217701745784335, 0.4602341563226834, 0.8606918561462061], [-0.7374991739012938, 0.6551824801498253, -0.16380136202008252], [-0.6392972066084467, -0.5990996904177741, 0.48205667982506506]], "trans": [-479.5649559512553, 65.01213401222601, 807.4717396296599]}], "rb_4XMM.renamed.noAb_Seh1_Nup85_47_544_3F3F_1.pdb_31": [{"rot": [[-0.3782296412559347, 0.7763325847576232, 0.5042321452654079], [-0.7117368513612063, 0.10441537838227405, -0.6946424138876947], [-0.5919231308961017, -0.6216149504322069, 0.5130515183773672]], "trans": [-593.9038480686386, 569.136798380707, 814.1736910743149]}], "rb_4XMM.renamed.noAb_Seh1_Nup85_47_544_3F3F_1.pdb_32": [{"rot": [[-0.7816117331188751, 0.6116978355418431, -0.12210182899667552], [-0.2708006824849468, -0.5091035720963435, -0.8169948244906028], [-0.5619164430914939, -0.6055074820942911, 0.563569516662529]], "trans": [-319.42833450964355, 1006.5712181027574, 790.2092063648645]}], "rb_4XMM.renamed.noAb_Seh1_Nup85_47_544_3F3F_1.pdb_33": [{"rot": [[-0.7561376127036802, 0.06277526611591103, -0.6513947932082786], [0.3270027077997907, -0.8259663194784516, -0.4591828265286337], [-0.5668554840048601, -0.560213267471681, 0.6040165189813262]], "trans": [183.07187211739284, 1121.0602590750616, 749.6410234445254]}], "rb_4XMM.renamed.noAb_Seh1_Nup85_47_544_3F3F_1.pdb_34": [{"rot": [[-0.3167303789346697, -0.548868542542233, -0.7735794659034492], [0.7314716644364041, -0.6605501985828737, 0.16918226644291945], [-0.6038468938286736, -0.5122662961387282, 0.6106981010726753]], "trans": [619.2269788567032, 845.534743595746, 716.2585607805985]}], "rb_4XMM.renamed.noAb_Seh1_Nup85_47_544_3F3F_1.pdb_35": [{"rot": [[0.27919901500427463, -0.8649240231429465, -0.4170783430134709], [0.7056625696148766, -0.10975830539754342, 0.6999953230135105], [-0.6512205831092658, -0.489754579954572, 0.5797000979371562]], "trans": [733.5330877326586, 341.40152033754106, 709.6417405955217]}], "rb_4XMM.renamed.noAb_Nup120_715-1036_Nup85_553-744_Nup145c_92-99_554-712_remaining_updated_1.pdb_35": [{"rot": [[0.9949112387270628, -0.023350916880600207, 0.0980120489297942], [0.02607986893623437, 0.9993044423520837, -0.026654679357653713], [-0.09732146469741354, 0.029075181447856757, 0.9948282094577555]], "trans": [-15.80645785444085, -5.633693580435988, 38.82244349069373]}], "rb_4XMM.renamed.noAb_Nup120_715-1036_Nup85_553-744_Nup145c_92-99_554-712_remaining_updated_1.pdb_36": [{"rot": [[0.7217964712570957, 0.6885196247036164, 0.07036036155958376], [-0.6883420867703195, 0.7247396001225825, -0.030621619729212193], [-0.07207652642494712, -0.026329421037116038, 0.9970515211995636]], "trans": [-330.1259785137121, 148.06935542288932, 63.16905594732563]}], "rb_4XMM.renamed.noAb_Nup120_715-1036_Nup85_553-744_Nup145c_92-99_554-712_remaining_updated_1.pdb_37": [{"rot": [[0.025012923602492965, 0.9985338995676634, 0.04800421926300286], [-0.9995742218103627, 0.02570292718432432, -0.013810670742728497], [-0.015024271864639026, -0.04763833486124308, 0.9987516509656365]], "trans": [-444.11992803598974, 479.6761520739947, 70.68289422152156]}], "rb_4XMM.renamed.noAb_Nup120_715-1036_Nup85_553-744_Nup145c_92-99_554-712_remaining_updated_1.pdb_38": [{"rot": [[-0.687253777372657, 0.7250811742949065, 0.04404016541899498], [-0.7252923631043341, -0.688300037038371, 0.013930076651134488], [0.040413283825292905, -0.02236849785066583, 0.9989326387671792]], "trans": [-291.0071301371716, 794.9268760340095, 56.98625080832437]}], "rb_4XMM.renamed.noAb_Nup120_715-1036_Nup85_553-744_Nup145c_92-99_554-712_remaining_updated_1.pdb_39": [{"rot": [[-0.9977477552766276, 0.028353911033553468, 0.060790398662539144], [-0.02617469085643337, -0.9989962886620526, 0.036349701484513615], [0.061760038852151394, 0.03467666316911768, 0.9974884593981198]], "trans": [39.518692622427864, 909.1433249671285, 30.126817443043592]}], "rb_4XMM.renamed.noAb_Nup120_715-1036_Nup85_553-744_Nup145c_92-99_554-712_remaining_updated_1.pdb_40": [{"rot": [[-0.724577259888185, -0.6834952355434833, 0.08844239618127844], [0.6882258049713408, -0.7243755826684207, 0.040314471413305186], [0.036510763131956864, 0.0900792885359479, 0.9952651334957825]], "trans": [353.8327661953985, 755.4160094315802, 5.863233810257668]}], "rb_4XMM.renamed.noAb_Nup120_715-1036_Nup85_553-744_Nup145c_92-99_554-712_remaining_updated_1.pdb_41": [{"rot": [[-0.02776941910986358, -0.993454998298409, 0.11079722793557029], [0.9994032408760872, -0.02531460078049902, 0.023501768309967155], [-0.02054316160361313, 0.111383739132918, 0.9935651167226514]], "trans": [467.80738779352043, 423.80067521841727, -1.5665457802314222]}], "rb_4XMM.renamed.noAb_Nup120_715-1036_Nup85_553-744_Nup145c_92-99_554-712_remaining_updated_1.pdb_42": [{"rot": [[0.684475908939841, -0.7199465777767335, 0.11475911828062292], [0.7250654873029594, 0.6886668770519234, -0.0042392892884513325], [-0.07597874178412285, 0.08610956740756956, 0.9933843028746633]], "trans": [314.67653038171323, 108.56237768110259, 12.213953216763457]}], "rb_4XMM.renamed.noAb_Nup120_2-711_3F7F_updated_1.pdb_42": [{"rot": [[0.9871145389149065, 0.11215158104702427, 0.11413548936006004], [-0.1449379410323381, 0.9289174965502818, 0.3407422454760485], [-0.06780767148423633, -0.35289418735848566, 0.9332029855376995]], "trans": [-91.05925743661112, 28.772208254575276, 273.06991864898305]}], "rb_4XMM.renamed.noAb_Nup120_2-711_3F7F_updated_1.pdb_43": [{"rot": [[0.5962867367998307, 0.7274098129688497, 0.3395837032503599], [-0.8020739510334273, 0.557470624289102, 0.21425190810898792], [-0.033458998643605325, -0.40012681371202546, 0.9158488021275265]], "trans": [-354.58920374934337, 238.92567376489805, 293.09362960676384]}], "rb_4XMM.renamed.noAb_Nup120_2-711_3F7F_updated_1.pdb_44": [{"rot": [[-0.14338255706941055, 0.9007922859164496, 0.40989596236319564], [-0.9893149383237884, -0.14151174959815876, -0.03507673780531079], [0.026408239957099067, -0.4105455910846944, 0.9114575812967287]], "trans": [-392.8647903043225, 574.4048969692209, 294.5534043177622]}], "rb_4XMM.renamed.noAb_Nup120_2-711_3F7F_updated_1.pdb_45": [{"rot": [[-0.7985846410071721, 0.5307291025442515, 0.28388235390741456], [-0.5969724924508073, -0.7585558948368711, -0.26118345595634407], [0.07672297181751989, -0.37804705278682194, 0.9226017621242011]], "trans": [-183.4617254726078, 838.6815354525843, 276.6180910746386]}], "rb_4XMM.renamed.noAb_Nup120_2-711_3F7F_updated_1.pdb_46": [{"rot": [[-0.9854928958933299, -0.16599150643742527, 0.03536342650829255], [0.14511364976463664, -0.9321886508237499, -0.3316117427465107], [0.08801011757610352, -0.3216693007826918, 0.9427529263482609]], "trans": [150.9506361234321, 876.9387248860104, 249.81845416431764]}], "rb_4XMM.renamed.noAb_Nup120_2-711_3F7F_updated_1.pdb_47": [{"rot": [[-0.594613830609179, -0.7812207845265277, -0.19007492804688841], [0.8022189627981312, -0.5606935008798222, -0.20510371473528743], [0.05365750809871635, -0.2744392171226266, 0.960106237835038]], "trans": [414.4707311858022, 666.7649810682068, 229.87810366493264]}], "rb_4XMM.renamed.noAb_Nup120_2-711_3F7F_updated_1.pdb_48": [{"rot": [[0.14507008700700463, -0.9545487458856389, -0.2603677429789042], [0.9894018890897417, 0.13830245807614527, 0.044230441505156176], [-0.006210613610994481, -0.26402485075887216, 0.9644958820338866]], "trans": [452.7266857328897, 331.2831633726104, 228.50238295915182]}], "rb_4XMM.renamed.noAb_Nup120_2-711_3F7F_updated_1.pdb_49": [{"rot": [[0.800241588472422, -0.5844374268263364, -0.13433649617188945], [0.5970080311385821, 0.7553175374447251, 0.2703272616375653], [-0.05652265771496435, -0.29652708434988145, 0.9533503434791376]], "trans": [243.30953552131558, 67.02336769411022, 246.5212135352701]}]}
