{"rb_ScNup133N_56-480_renamed_1.pdb_0": [{"rot": [[-0.616771034775121, -0.23321761793756846, 0.7517998625604776], [0.3490026282041788, -0.9371114888190273, -0.004384407595323936], [0.705542809593438, 0.25967595230770324, 0.6593767842622951]], "trans": [809.6015856945713, 173.0748186573223, -354.44638015368884]}], "rb_ScNup133N_56-480_renamed_1.pdb_1": [{"rot": [[-0.17726377772078872, -0.8208581261637757, 0.5429267812689382], [0.7220963246144012, -0.48331091316275454, -0.4949620785435561], [0.6686960827509967, 0.3043065854178628, 0.6784121542136409]], "trans": [373.25358008462103, -329.9356238286688, -317.1781206019543]}], "rb_ScNup133N_56-480_renamed_1.pdb_2": [{"rot": [[0.3966201536275256, -0.9166541650849176, 0.04937200997478636], [0.6740396291221022, 0.2542899039713776, -0.6935468427663458], [0.6231877984279031, 0.3083533466182913, 0.7187177342461246]], "trans": [-289.97225245551033, -375.9452851457422, -264.0498180063756]}], "rb_ScNup133N_56-480_renamed_1.pdb_3": [{"rot": [[0.7686914605225469, -0.4644870643768402, -0.4397331071755888], [0.23298483154607633, 0.8435940037346724, -0.48380494533680724], [0.5956773512474343, 0.2694455861384442, 0.7566819472680383]], "trans": [-791.5469544003106, 61.99905983704815, -226.16077623532288]}], "rb_ScNup133N_56-480_renamed_1.pdb_4": [{"rot": [[0.7209855251797452, 0.2707573128095444, -0.6378638961733454], [-0.34269194882099385, 0.9393787352979857, 0.01139385287008192], [0.602280749065214, 0.2103760186668392, 0.7700648219957418]], "trans": [-837.6390798079551, 727.3435556086982, -225.68292529258127]}], "rb_ScNup133N_56-480_renamed_1.pdb_5": [{"rot": [[0.28144915717662167, 0.8583624433727339, -0.42895254717947334], [-0.7157511369974758, 0.4855320523468135, 0.5019551135616713], [0.6391296283316779, 0.1657484297092437, 0.7510264817152122]], "trans": [-401.24529837641353, 1230.3201319839645, -262.87219209692046]}], "rb_ScNup133N_56-480_renamed_1.pdb_6": [{"rot": [[-0.29243104164780476, 0.9541009565964711, 0.06461772591539655], [-0.6676494004150335, -0.2520762590078177, 0.7005011333110522], [0.6846373960033332, 0.16170629012602133, 0.7107198546033822]], "trans": [261.99067291866265, 1276.2781353476694, -315.91857488450995]}], "rb_ScNup133N_56-480_renamed_1.pdb_7": [{"rot": [[-0.6644679591113817, 0.5018878815212543, 0.5537064977914389], [-0.22656541459814686, -0.8413448496971752, 0.4907208542501589], [0.7121449601186004, 0.20061754227919182, 0.6727571311458034]], "trans": [763.5377638046863, 838.2948361166859, -353.7227497631959]}], "rb_ScNup133C_490_881_renamed_relative_3CQC_1.pdb_7": [{"rot": [[0.7645851993476517, 0.34886430074127966, -0.5419438832635831], [-0.26741539381932206, 0.9367644424212193, 0.22574628803974034], [0.5864285805509236, -0.027678133671953445, 0.8095279123226505]], "trans": [210.59094990898484, 95.96894038153505, -263.09381308793047]}], "rb_ScNup133C_490_881_renamed_relative_3CQC_1.pdb_8": [{"rot": [[0.3651146082039365, 0.907186623486308, -0.2090544260320744], [-0.694163644750889, 0.4149247853513438, 0.5881957640167984], [0.6203451919554547, -0.06964088360047849, 0.7812310734661654]], "trans": [-103.96312539948923, 42.965723536283065, -237.72278158227203]}], "rb_ScNup133C_490_881_renamed_relative_3CQC_1.pdb_9": [{"rot": [[-0.21826947913444067, 0.9342836624032582, 0.2819086246370201], [-0.7124312451309478, -0.3499703888329104, 0.6082453846115978], [0.6669333965543702, -0.0680791091782042, 0.7420007273944917]], "trans": [-363.8288856071566, 228.63486398889086, -217.87200114281262]}], "rb_ScNup133C_490_881_renamed_relative_3CQC_1.pdb_10": [{"rot": [[-0.6438124385890265, 0.4142815900263326, 0.64333219108273], [-0.3115167770836951, -0.9098347020724504, 0.27414979938005474], [0.6989011671999411, -0.023907719882718503, 0.714818563984296]], "trans": [-416.77139093788355, 544.2088781225202, -215.1463339458051]}], "rb_ScNup133C_490_881_renamed_relative_3CQC_1.pdb_11": [{"rot": [[-0.6622252043555967, -0.34819504761684555, 0.663489252008872], [0.2737184111147894, -0.9366917455847378, -0.21837308710144102], [0.6975213331024255, 0.036997061620094224, 0.7156082778297744]], "trans": [-231.774261940341, 804.8201756592707, -231.11850936597756]}], "rb_ScNup133C_490_881_renamed_relative_3CQC_1.pdb_12": [{"rot": [[-0.2627213186280972, -0.9064766852743117, 0.3305715169103528], [0.7004352944016797, -0.41480828459596086, -0.5807964233593299], [0.6636022205318088, 0.07895635556846703, 0.7439072434252807]], "trans": [82.79048809845534, 857.7991006779981, -256.4077969333328]}], "rb_ScNup133C_490_881_renamed_relative_3CQC_1.pdb_13": [{"rot": [[0.3206642093295137, -0.9335140678352313, -0.16039311085204977], [0.7186571058394612, 0.3500889908898545, -0.6008075088446995], [0.6170141238914455, 0.07738981594139838, 0.7831375277095518]], "trans": [342.64830658206716, 672.1099686950693, -276.1753705107727]}], "rb_ScNup133C_490_881_renamed_relative_3CQC_1.pdb_14": [{"rot": [[0.7461759115037241, -0.41346831536832357, -0.5217906297338692], [0.3177092513603404, 0.9099124718415339, -0.266683567523915], [0.5850490070854231, 0.033215143740634015, 0.8103174770018542]], "trans": [395.57273278681754, 356.5322082380238, -278.81710187265935]}], "rb_ScNup84_506-726_ScNup133C_882_1155_renamed_relative_3CQC_new_1.pdb_14": [{"rot": [[0.9793110556330118, 0.16008562729427642, 0.12378387717613504], [-0.17884575746874679, 0.970894518576799, 0.15930482991095402], [-0.09467867421119006, -0.17814720242351773, 0.9794383711690531]], "trans": [-72.72423566107682, 68.4627187267734, 113.867688975107]}], "rb_ScNup84_506-726_ScNup133C_882_1155_renamed_relative_3CQC_new_1.pdb_15": [{"rot": [[0.5663186468814642, 0.794440214255099, 0.21942637983766228], [-0.8220982960633099, 0.5634356612779149, 0.08182082381718857], [-0.05863089462179612, -0.2267267112067594, 0.9721920677629584]], "trans": [-316.7566089055224, 244.89905370748286, 132.50137239107067]}], "rb_ScNup84_506-726_ScNup133C_882_1155_renamed_relative_3CQC_new_1.pdb_16": [{"rot": [[-0.17924277475527062, 0.9559461926634953, 0.23246269470648476], [-0.9838036012319422, -0.1745467823974891, -0.04079086855837494], [0.0015817398946511296, -0.23600910466940173, 0.9717495565278405]], "trans": [-365.0072539530279, 542.7156492745162, 134.93946749780133]}], "rb_ScNup84_506-726_ScNup133C_882_1155_renamed_relative_3CQC_new_1.pdb_17": [{"rot": [[-0.8206128160663482, 0.5499910831335316, 0.15525596472040676], [-0.5692324251620567, -0.8107322913919052, -0.13670258899726884], [0.050685819040270225, -0.20055662583928108, 0.9783700667846402]], "trans": [-189.20834926140583, 787.4474613258877, 119.77770870582151]}], "rb_ScNup84_506-726_ScNup133C_882_1155_renamed_relative_3CQC_new_1.pdb_18": [{"rot": [[-0.9820678635341565, -0.18561088720509505, 0.03303498092016546], [0.17875359175102545, -0.9724344243207275, -0.14972789931113098], [0.059915480884041444, -0.14113783669503346, 0.988175210275729]], "trans": [107.65654137569902, 835.7272604385328, 95.92207299745877]}], "rb_ScNup84_506-726_ScNup133C_882_1155_renamed_relative_3CQC_new_1.pdb_19": [{"rot": [[-0.569025273835885, -0.8199337121402354, -0.06260148106818611], [0.821973694196782, -0.5649257917141781, -0.07223638906122552], [0.023863859379651752, -0.0925611017222862, 0.9954209956915041]], "trans": [351.68169256737684, 659.2721763422762, 77.37153303632181]}], "rb_ScNup84_506-726_ScNup133C_882_1155_renamed_relative_3CQC_new_1.pdb_20": [{"rot": [[0.17654878008270408, -0.9813821368730526, -0.07562823333775769], [0.9836204767590446, 0.17306930357510625, 0.05037632241775837], [-0.03634949726776421, -0.0832833572000377, 0.9958627397698299]], "trans": [399.9156433301748, 361.4522021125707, 75.01726159544478]}], "rb_ScNup84_506-726_ScNup133C_882_1155_renamed_relative_3CQC_new_1.pdb_21": [{"rot": [[0.8178865048419417, -0.575377397772274, 0.0015859792681727977], [0.5689989749932056, 0.8092229289958199, 0.14628197990220013], [-0.08545075572582142, -0.11873963668561881, 0.9892416626010316]], "trans": [224.1041785478037, 116.73459470999353, 90.2624289813073]}], "rb_4XMM.renamed.noAb_Nup145c_149-550_Sec13_Nup84_7-436_3IKO_updated_1.pdb_21": [{"rot": [[0.9943653587827864, -0.0022754095218854476, 0.10598280881487453], [0.003640599052039436, 0.99991285685931, -0.012689551843839795], [-0.1059446992129612, 0.013003891685296422, 0.9942869905161761]], "trans": [-28.726094282386157, 1.064801596534835, 51.96899459819542]}], "rb_4XMM.renamed.noAb_Nup145c_149-550_Sec13_Nup84_7-436_3IKO_updated_1.pdb_22": [{"rot": [[0.7054195482783083, 0.7035721498098348, 0.08584573908352397], [-0.7043208653662552, 0.7093908606223223, -0.02639555786968813], [-0.07946936212502673, -0.041843002730323965, 0.9959587258546174]], "trans": [-334.30298755411843, 162.66838374212867, 75.58032569295455]}], "rb_4XMM.renamed.noAb_Nup145c_149-550_Sec13_Nup84_7-436_3IKO_updated_1.pdb_23": [{"rot": [[0.0019916122237033096, 0.9980778764843007, 0.061940180443236056], [-0.9997567704998879, 0.003347790608429768, -0.021798902212679043], [-0.021964364784491913, -0.06188169980399987, 0.9978417820020281]], "trans": [-436.54366289676716, 493.65780636224395, 82.16035905450735]}], "rb_4XMM.renamed.noAb_Nup145c_149-550_Sec13_Nup84_7-436_3IKO_updated_1.pdb_24": [{"rot": [[-0.7038404461063432, 0.7087161632848644, 0.048270346213868234], [-0.7095965974753147, -0.7046063675609432, -0.001592370569533215], [0.03288305454609548, -0.03537324824434318, 0.9988330381161629]], "trans": [-275.55217776182286, 800.1349155303385, 67.87842326237273]}], "rb_4XMM.renamed.noAb_Nup145c_149-550_Sec13_Nup84_7-436_3IKO_updated_1.pdb_25": [{"rot": [[-0.9985902547100668, 0.004999181803911646, 0.0528442180316468], [-0.0038202669087701127, -0.9997420858765466, 0.022386765911098342], [0.05294250427426476, 0.022153327255832193, 0.9983518023886501]], "trans": [54.36229921798747, 902.5612161636818, 41.1250825800642]}], "rb_4XMM.renamed.noAb_Nup145c_149-550_Sec13_Nup84_7-436_3IKO_updated_1.pdb_26": [{"rot": [[-0.7095892197351058, -0.7008257377975764, 0.07298235729412444], [0.704118495307603, -0.7091646991354728, 0.03609119097303729], [0.026462875911013237, 0.07699814764380897, 0.996679989494091]], "trans": [359.9331289730292, 740.9340539356024, 17.596826102568116]}], "rb_4XMM.renamed.noAb_Nup145c_149-550_Sec13_Nup84_7-436_3IKO_updated_1.pdb_27": [{"rot": [[-0.006138222384385383, -0.9952764054856817, 0.09688755807357813], [0.9994991803309059, -0.003098537631795739, 0.03149265918260643], [-0.031043690885706403, 0.09703234382434286, 0.9947969709986795]], "trans": [462.15452422336386, 409.9370162174765, 11.100843124004768]}], "rb_4XMM.renamed.noAb_Nup145c_149-550_Sec13_Nup84_7-436_3IKO_updated_1.pdb_28": [{"rot": [[0.6996712244349805, -0.7058594683742982, 0.11055581669007294], [0.7092836180068296, 0.7048328856927539, 0.011285055301938386], [-0.08588903844378401, 0.07051960119271106, 0.9938058456875891]], "trans": [301.1456636489353, 103.47295155799247, 25.466576967762933]}], "rb_4XMM.renamed.noAb_Seh1_Nup85_47_544_3F3F_1.pdb_28": [{"rot": [[0.6835308625114549, -0.7122675112055764, 0.1595636314307372], [0.2626319435583879, 0.44395484464427226, 0.8566963044974734], [-0.6810359918661375, -0.5436718572796442, 0.4905210386772539]], "trans": [481.91490432914736, -72.55648708594526, 765.0357920535758]}], "rb_4XMM.renamed.noAb_Seh1_Nup85_47_544_3F3F_1.pdb_29": [{"rot": [[0.6562731395854235, -0.2027206577482792, 0.7267805041281715], [-0.33524796161433557, 0.7845857949207511, 0.5215687247544748], [-0.6759544145074631, -0.5859432270541926, 0.446940895619538]], "trans": [-10.093743875291352, -208.19852202712852, 804.9531286969229]}], "rb_4XMM.renamed.noAb_Seh1_Nup85_47_544_3F3F_1.pdb_30": [{"rot": [[0.21555031065108288, 0.39782414685898404, 0.8917813699299544], [-0.7385057932770007, 0.6639008629197327, -0.11766408760002006], [-0.6388640362976559, -0.6332231773951098, 0.4368994744047099]], "trans": [-453.7364522737017, 44.938154980889, 839.1238084370789]}], "rb_4XMM.renamed.noAb_Seh1_Nup85_47_544_3F3F_1.pdb_31": [{"rot": [[-0.3804559769099427, 0.7375592883955334, 0.5579063951371933], [-0.7109074277061921, 0.15259898346495415, -0.686530537906094], [-0.5914929237663534, -0.657814446745387, 0.4662791811644542]], "trans": [-589.1191535848423, 538.5626261148449, 847.5541701768632]}], "rb_4XMM.renamed.noAb_Seh1_Nup85_47_544_3F3F_1.pdb_32": [{"rot": [[-0.7825968361557495, 0.6174631306837628, -0.07925575237936733], [-0.2686203765902438, -0.44979199310247436, -0.8517806385574994], [-0.5615917425670794, -0.6453111227827336, 0.5178689694250478]], "trans": [-336.9308391452951, 983.5028328746034, 825.3295940421956]}], "rb_4XMM.renamed.noAb_Seh1_Nup85_47_544_3F3F_1.pdb_33": [{"rot": [[-0.755292481554029, 0.10788969626705142, -0.6464465026182464], [0.3292573692797007, -0.790382938996584, -0.5166085505662245], [-0.5666770262530236, -0.60303782898134, 0.5614468138074207]], "trans": [155.0949339302835, 1119.1066452785628, 785.4935550004748]}], "rb_4XMM.renamed.noAb_Seh1_Nup85_47_544_3F3F_1.pdb_34": [{"rot": [[-0.31453818902186886, -0.492645711987866, -0.8113975166999305], [0.7324805962968113, -0.6696508757802684, 0.12263719099600148], [-0.6037697439384597, -0.555758856903505, 0.5714841986247726]], "trans": [598.7244435500829, 865.9355548019082, 751.4065713116775]}], "rb_4XMM.renamed.noAb_Seh1_Nup85_47_544_3F3F_1.pdb_35": [{"rot": [[0.281465962239867, -0.8323409843760026, -0.4774781647660703], [0.7048354526269636, -0.15832234840773632, 0.6914774173570706], [-0.6511404585959398, -0.5311708950259306, 0.5421010823239727]], "trans": [734.0751811420027, 372.3008727534193, 743.0612835483579]}], "rb_4XMM.renamed.noAb_Nup120_715-1036_Nup85_553-744_Nup145c_92-99_554-712_remaining_updated_1.pdb_35": [{"rot": [[0.9945077776318916, -0.08010196187539757, 0.06736435209655504], [0.07771692345120394, 0.9962769317173448, 0.037314275246249876], [-0.07010249666706593, -0.03187398675386474, 0.9970304353074977]], "trans": [24.38405055554415, -52.97952138031485, 55.991179360911076]}], "rb_4XMM.renamed.noAb_Nup120_715-1036_Nup85_553-744_Nup145c_92-99_554-712_remaining_updated_1.pdb_36": [{"rot": [[0.7584521216255724, 0.6449471555180976, 0.09377390783572306], [-0.6499773997011845, 0.7590843157036544, 0.03633705450914863], [-0.04774682271475594, -0.08851083686096967, 0.9949301848264611]], "trans": [-334.6721475777309, 87.25521320374716, 83.96911173286253]}], "rb_4XMM.renamed.noAb_Nup120_715-1036_Nup85_553-744_Nup145c_92-99_554-712_remaining_updated_1.pdb_37": [{"rot": [[0.07852733579755056, 0.9906269486737719, 0.11176630124429457], [-0.996878766719497, 0.07711477704966063, 0.01691258774981444], [0.008135231794657104, -0.11274555300264741, 0.9935905888653404]], "trans": [-489.8050421651239, 441.07652309666577, 94.65389456590978]}], "rb_4XMM.renamed.noAb_Nup120_715-1036_Nup85_553-744_Nup145c_92-99_554-712_remaining_updated_1.pdb_38": [{"rot": [[-0.6469570533746389, 0.7544333206759479, 0.11080133457078128], [-0.7597674654951312, -0.6501243127306323, -0.009579998519153449], [0.06480717139259046, -0.0903810967536055, 0.993796401626463]], "trans": [-350.13368284426247, 801.2110128778796, 81.8102363222024]}], "rb_4XMM.renamed.noAb_Nup120_715-1036_Nup85_553-744_Nup145c_92-99_554-712_remaining_updated_1.pdb_39": [{"rot": [[-0.9930020613840395, 0.07473182913590604, 0.09144429889855743], [-0.07754663955466792, -0.9966060407727625, -0.027620973715927213], [0.08906977478822645, -0.03451888192336587, 0.995427055092403]], "trans": [2.5223920677894967, 956.6869373324265, 52.986137997672074]}], "rb_4XMM.renamed.noAb_Nup120_715-1036_Nup85_553-744_Nup145c_92-99_554-712_remaining_updated_1.pdb_40": [{"rot": [[-0.7568896433041323, -0.6502988084111664, 0.06503481865861466], [0.6501291319523234, -0.7593565253972855, -0.02664168019248656], [0.06670966680969362, 0.022116218383288016, 0.9975272894705993]], "trans": [361.57419477616037, 816.4244244994784, 25.091167711801404]}], "rb_4XMM.renamed.noAb_Nup120_715-1036_Nup85_553-744_Nup145c_92-99_554-712_remaining_updated_1.pdb_41": [{"rot": [[-0.07693778283122171, -0.9959254215582053, 0.047043939749182875], [0.9969771218486693, -0.07735987792932214, -0.007215801902901688], [0.01082571398833905, 0.04634656385180404, 0.9988667578489991]], "trans": [516.6860299631317, 462.5913488931863, 14.490597278321218]}], "rb_4XMM.renamed.noAb_Nup120_715-1036_Nup85_553-744_Nup145c_92-99_554-712_remaining_updated_1.pdb_42": [{"rot": [[0.6485281328484287, -0.7596750669884302, 0.04801097270679979], [0.7598088870964332, 0.6498606493916652, 0.019276707745904707], [-0.04584447614935302, 0.023977676458854378, 0.9986607807650325]], "trans": [376.9931108385635, 102.46823204526174, 27.418395226393613]}], "rb_4XMM.renamed.noAb_Nup120_2-711_3F7F_updated_1.pdb_42": [{"rot": [[0.9555719597037121, 0.25013351141235574, 0.15593414089458688], [-0.29046212632932433, 0.8890759821287418, 0.3538017116550756], [-0.050139634983270585, -0.3833759570843463, 0.9222303901593173]], "trans": [-165.16233173840976, 135.17669462612253, 284.0567057684278]}], "rb_4XMM.renamed.noAb_Nup120_2-711_3F7F_updated_1.pdb_43": [{"rot": [[0.47168111306813226, 0.7965405517477211, 0.3782063947056481], [-0.8817263442451408, 0.43029828857835667, 0.19339606177644175], [-0.008693758617987546, -0.42469581145565105, 0.905294364443477]], "trans": [-331.89272798742786, 367.0222702428499, 296.2593508408936]}], "rb_4XMM.renamed.noAb_Nup120_2-711_3F7F_updated_1.pdb_44": [{"rot": [[-0.2873852475839502, 0.8596610869148504, 0.4223654047332591], [-0.9563931308325186, -0.2815712901557051, -0.07765170865103255], [0.05217181966813836, -0.42626332730417926, 0.9030933933033092]], "trans": [-286.40494777585303, 649.1686659018336, 291.30215594473293]}], "rb_4XMM.renamed.noAb_Nup120_2-711_3F7F_updated_1.pdb_45": [{"rot": [[-0.8769553453468596, 0.4025182174132939, 0.2625422002612042], [-0.4707216297068813, -0.8295095174899693, -0.3005579939373696], [0.09680118591044078, -0.3871602317438898, 0.9169168366664174]], "trans": [-55.34446079006361, 816.3306615570414, 272.11312064775143]}], "rb_4XMM.renamed.noAb_Nup120_2-711_3F7F_updated_1.pdb_46": [{"rot": [[-0.951650704012706, -0.3070873180884767, -0.007636532023603905], [0.290774945804207, -0.8925264539230193, -0.3447411491832108], [0.09904982809011492, -0.33029366950764744, 0.9386667265001416]], "trans": [225.93215508006278, 770.5825199646937, 249.9574572935048]}], "rb_4XMM.renamed.noAb_Nup120_2-711_3F7F_updated_1.pdb_47": [{"rot": [[-0.4677137292704792, -0.8534585914554735, -0.2298962812285993], [0.8820011646646357, -0.43370588955357053, -0.1843180590630535], [0.05760045991245298, -0.2889768745719705, 0.9556016706664388]], "trans": [392.65100559678575, 538.7242643135631, 237.8382707709509]}], "rb_4XMM.renamed.noAb_Nup120_2-711_3F7F_updated_1.pdb_48": [{"rot": [[0.2913584755644807, -0.9165236069143556, -0.2740341524070321], [0.9566083715762805, 0.2781686196407964, 0.08673316826514356], [-0.0032652943079793384, -0.28741380797698723, 0.9578009400899796]], "trans": [347.1477507308805, 256.5818467606666, 242.87915632671806]}], "rb_4XMM.renamed.noAb_Nup120_2-711_3F7F_updated_1.pdb_49": [{"rot": [[0.8808907099817657, -0.4593379891925921, -0.1141935582785927], [0.4708906127686822, 0.8260709487434416, 0.3096269020102172], [-0.04789141754171839, -0.32652013617327763, 0.9439761717327554]], "trans": [116.08075211795236, 89.4383905117578, 262.1510970269381]}]}
