{"rb_ScNup133N_56-480_renamed_1.pdb_0": [{"rot": [[-0.6873339112110644, -0.4219990768337214, 0.5911758398740473], [0.42183567205602324, -0.8944996438201941, -0.14807110787249037], [0.5912924490303774, 0.1476047640051987, 0.7928342029470132]], "trans": [941.7191114349982, 163.4201360826994, -301.41108622479027]}], "rb_ScNup133N_56-480_renamed_1.pdb_1": [{"rot": [[-0.1782008413891819, -0.9268678626161633, 0.3303943482832756], [0.8167460032561118, -0.32658893170157355, -0.47567387552312546], [0.5487899655545394, 0.18508277861369946, 0.8152140447559018]], "trans": [461.15924998811585, -426.81932349038686, -260.1944576432645]}], "rb_ScNup133N_56-480_renamed_1.pdb_2": [{"rot": [[0.4603124471609304, -0.8836784851634374, -0.08499874027281185], [0.7347203206387152, 0.4329526380369118, -0.5222432992939394], [0.498295596437753, 0.17794478940426453, 0.8485500282803675]], "trans": [-294.827723279409, -503.12226620643276, -199.52512663260183]}], "rb_ScNup133N_56-480_renamed_1.pdb_3": [{"rot": [[0.8541558669692485, -0.31773189075757324, -0.41166029747551036], [0.22381042564322942, 0.9391749043063246, -0.26049835411111444], [0.46938965507923647, 0.130372331101429, 0.8733134643344115]], "trans": [-883.3720666718734, -20.789235555706796, -154.92003783522932]}], "rb_ScNup133N_56-480_renamed_1.pdb_4": [{"rot": [[0.7726103895198403, 0.43943242575149294, -0.45822737718752243], [-0.41668546141247026, 0.8955257257920876, 0.15622708053352358], [0.4790056495005816, 0.07023402055065585, 0.8749975829131259]], "trans": [-959.6942920154663, 737.6223950060428, -152.48547629921325]}], "rb_ScNup133N_56-480_renamed_1.pdb_5": [{"rot": [[0.263446505293801, 0.9442569317358872, -0.19742032751772776], [-0.8115558188991475, 0.32757540672125873, 0.4838093691965171], [0.5215103945842432, 0.032759728022766776, 0.8526158036070274]], "trans": [-479.08185022126975, 1327.8245154869314, -193.62363759848267]}], "rb_ScNup133N_56-480_renamed_1.pdb_6": [{"rot": [[-0.3750604031184875, 0.9010083135644181, 0.2179764044579075], [-0.7294800237290672, -0.4319627478949718, 0.5303461882688146], [0.5720040113433067, 0.03990242246812378, 0.8192796883167177]], "trans": [276.9176270115102, 1404.0685186545359, -254.21120189466518]}], "rb_ScNup133N_56-480_renamed_1.pdb_7": [{"rot": [[-0.7688639858216983, 0.3350222215674473, 0.5446175560541355], [-0.21853923398157316, -0.9381405775944361, 0.26857561296871524], [0.6009066271203161, 0.0874778127686451, 0.7945180034184849]], "trans": [865.4308996665459, 921.689709208008, -298.7311148372132]}], "rb_ScNup133C_490_881_renamed_relative_3CQC_1.pdb_7": [{"rot": [[0.87269504063002, 0.35566295489861294, -0.3345253780695154], [-0.2513600053582065, 0.9146221386385973, 0.3166772666587833], [0.41859468912790493, -0.1922763792693814, 0.8875856466893588]], "trans": [86.79032623896, 62.94335644587369, -153.46722144199543]}], "rb_ScNup133C_490_881_renamed_relative_3CQC_1.pdb_8": [{"rot": [[0.4497591892222028, 0.893142434928228, 0.003641790858868177], [-0.7686698840555193, 0.3849958017627626, 0.5108080284912513], [0.45482225215600225, -0.23253993969965814, 0.8596870915561186]], "trans": [-212.84607447190706, 113.17794666483738, -129.78752165335692]}], "rb_ScNup133C_490_881_renamed_relative_3CQC_1.pdb_9": [{"rot": [[-0.214059731616785, 0.9000071695067264, 0.3796913564154937], [-0.834303019762836, -0.37061817748456466, 0.40814291336813546], [0.508052066736038, -0.22941068273841825, 0.8302131269323136]], "trans": [-389.3879194195723, 361.2356661854046, -116.8817231023005]}], "rb_ScNup133C_490_881_renamed_relative_3CQC_1.pdb_10": [{"rot": [[-0.7298872382126806, 0.372235700325266, 0.5733281807984156], [-0.4098105961555969, -0.9095704759031928, 0.06882459330667998], [0.5471013569466414, -0.18472177123607927, 0.8164300168774699]], "trans": [-339.41259325441615, 661.8009220937613, -122.28621965060796]}], "rb_ScNup133C_490_881_renamed_relative_3CQC_1.pdb_11": [{"rot": [[-0.7955443040337654, -0.3809960043919377, 0.4711170820048945], [0.2561337396739042, -0.9161352378520818, -0.30836947541280124], [0.549094497987449, -0.12465259966436351, 0.8264121016035664]], "trans": [-92.19443335682229, 838.7984663038633, -142.8109761156927]}], "rb_ScNup133C_490_881_renamed_relative_3CQC_1.pdb_12": [{"rot": [[-0.3725680941574202, -0.9184341914545109, 0.13293476288466824], [0.7734104059816107, -0.38646673321842945, -0.5024736888980674], [0.5128638797334673, -0.0843925357053012, 0.8543117351306615]], "trans": [207.4445897684082, 788.5407585472387, -166.40829586005594]}], "rb_ScNup133C_490_881_renamed_relative_3CQC_1.pdb_13": [{"rot": [[0.29125596370623286, -0.9252399930027602, -0.24310680565093526], [0.8389914380434729, 0.3691477596574555, -0.3997790620200396], [0.4596339092095957, -0.08752649249301298, 0.8837849187537494]], "trans": [383.9736248035531, 540.4695894565776, -179.23053135405405]}], "rb_ScNup133C_490_881_renamed_relative_3CQC_1.pdb_14": [{"rot": [[0.8070503765414503, -0.3974264745279198, -0.4367171705676431], [0.4144585425851002, 0.9080586166845306, -0.06044555519810537], [0.42058745369130285, -0.13221855395246626, 0.8975658459345368]], "trans": [333.98138730489416, 239.90866448385253, -173.74223135059634]}], "rb_ScNup84_506-726_ScNup133C_882_1155_renamed_relative_3CQC_new_1.pdb_14": [{"rot": [[0.9916284453543354, 0.09142054417496827, 0.09118832418076864], [-0.09927817560823111, 0.991360985791885, 0.0857160410754236], [-0.08256433983291761, -0.09405147501498931, 0.9921378179645506]], "trans": [-49.67345772254157, 38.16787233694197, 78.5068641713595]}], "rb_ScNup84_506-726_ScNup133C_882_1155_renamed_relative_3CQC_new_1.pdb_15": [{"rot": [[0.631384771716651, 0.7618517887210138, 0.14468974416628372], [-0.7738191479847117, 0.6311440106908965, 0.053489849328863255], [-0.050568728049336084, -0.14573637086054195, 0.9880302191491266]], "trans": [-322.47154550754874, 205.1954632606738, 99.47913113728339]}], "rb_ScNup84_506-726_ScNup133C_882_1155_renamed_relative_3CQC_new_1.pdb_16": [{"rot": [[-0.09891898426162815, 0.9821776729045935, 0.1598188142878205], [-0.9950573053553813, -0.0990380991799984, -0.0072397492843250255], [0.00871743147577586, -0.15974502733584509, 0.9871198167547519]], "trans": [-397.70224995740364, 516.7668749897974, 104.00078036419734]}], "rb_ScNup84_506-726_ScNup133C_882_1155_renamed_relative_3CQC_new_1.pdb_17": [{"rot": [[-0.7714605850454664, 0.6233281871759997, 0.1277127119482941], [-0.6333882156744832, -0.7714343682906804, -0.06089649960919504], [0.060563470557758375, -0.1278709759556099, 0.9899399373407252]], "trans": [-231.292450313185, 790.3592981716665, 89.44697088090743]}], "rb_ScNup84_506-726_ScNup133C_882_1155_renamed_relative_3CQC_new_1.pdb_18": [{"rot": [[-0.9922556780591207, -0.10447757994720831, 0.06717964459424203], [0.09931726878874798, -0.9921455814087177, -0.07604752074525845], [0.07459724847323501, -0.0687864854425026, 0.9948385145040828]], "trans": [79.27455975461271, 865.6985504483547, 64.36753439262532]}], "rb_ScNup84_506-726_ScNup133C_882_1155_renamed_relative_3CQC_new_1.pdb_19": [{"rot": [[-0.631959384604381, -0.7748807480229392, 0.013680736597917666], [0.7738299440884207, -0.6318759978614592, -0.04381713088161125], [0.042597580243050985, -0.01710408343041763, 0.9989458926725918]], "trans": [352.0661600926955, 698.6499523479004, 43.47836331542754]}], "rb_ScNup84_506-726_ScNup133C_882_1155_renamed_relative_3CQC_new_1.pdb_20": [{"rot": [[0.09836164643522882, -0.9951496885077599, -0.0014435974018294669], [0.9950107744052649, 0.09832338050798306, 0.01691365315112492], [-0.01668967728822985, -0.003100049739902808, 0.9998559118011074]], "trans": [427.2790982007136, 387.07304481796234, 39.04063350483534]}], "rb_ScNup84_506-726_ScNup133C_882_1155_renamed_relative_3CQC_new_1.pdb_21": [{"rot": [[0.7708750575501669, -0.6362477502736015, 0.03066669070516197], [0.6332889106899657, 0.7706914620395547, 0.07056788176251838], [-0.06853321270845199, -0.034978144763736646, 0.9970354698528753]], "trans": [260.8544877718265, 113.49409031915445, 53.67803455707059]}], "rb_4XMM.renamed.noAb_Nup145c_149-550_Sec13_Nup84_7-436_3IKO_updated_1.pdb_21": [{"rot": [[0.9979102334902785, -0.017802952447409787, 0.06211457783428271], [0.01911927819808542, 0.9996036839182534, -0.020662243301223092], [-0.06172211189322765, 0.021806649930926778, 0.997855125217197]], "trans": [-10.774952396048207, -2.395933876657523, 23.348512074027838]}], "rb_4XMM.renamed.noAb_Nup145c_149-550_Sec13_Nup84_7-436_3IKO_updated_1.pdb_22": [{"rot": [[0.719719204440801, 0.6925200803071164, 0.049195580396246316], [-0.69332701035234, 0.7206225275387177, -0.0009107796628076981], [-0.03608217669410693, -0.03345311906434086, 0.9987887491105814]], "trans": [-324.5822502027089, 145.9214661720161, 47.68050092289917]}], "rb_4XMM.renamed.noAb_Nup145c_149-550_Sec13_Nup84_7-436_3IKO_updated_1.pdb_23": [{"rot": [[0.020737515233696713, 0.998326668610122, 0.053979794402584665], [-0.9995618340688432, 0.01956205021486601, 0.02221409607251271], [0.021120969079565337, -0.05441680745141321, 0.9982949041901062]], "trans": [-442.01017925531306, 473.35823282638574, 55.48833779403566]}], "rb_4XMM.renamed.noAb_Nup145c_149-550_Sec13_Nup84_7-436_3IKO_updated_1.pdb_24": [{"rot": [[-0.6895615049516942, 0.7204710011608113, 0.07366455983096723], [-0.7201885153072825, -0.6928866354842591, 0.035165505638239586], [0.07637691606921651, -0.02880359098513703, 0.9966628917733991]], "trans": [-294.26588964178234, 788.0974081170916, 42.222086659012575]}], "rb_4XMM.renamed.noAb_Nup145c_149-550_Sec13_Nup84_7-436_3IKO_updated_1.pdb_25": [{"rot": [[-0.9950746748745856, 0.02172484571590184, 0.096718263538255], [-0.01886788336197467, -0.9993610439496416, 0.03035633069589526], [0.09731595141945643, 0.028381946982190896, 0.994848767745542]], "trans": [32.101843927057644, 905.7604621316457, 15.677309388053686]}], "rb_4XMM.renamed.noAb_Nup145c_149-550_Sec13_Nup84_7-436_3IKO_updated_1.pdb_26": [{"rot": [[-0.7168280718584517, -0.6885764475441867, 0.10963572083549644], [0.6935565469526084, -0.7203241454131014, 0.0106038537360717], [0.07167169298171605, 0.08363971199322452, 0.9939152715412022]], "trans": [345.90411468080055, 757.4188355744402, -8.5716843109671]}], "rb_4XMM.renamed.noAb_Nup145c_149-550_Sec13_Nup84_7-436_3IKO_updated_1.pdb_27": [{"rot": [[-0.017822479227246613, -0.9943283657794597, 0.10484970310181974], [0.9997364991737168, -0.019239689457613396, -0.012520645728241311], [0.014466908932867763, 0.10459892617001373, 0.9944092583991786]], "trans": [463.3130411391502, 429.97326169480027, -16.295487117165635]}], "rb_4XMM.renamed.noAb_Nup145c_149-550_Sec13_Nup84_7-436_3IKO_updated_1.pdb_28": [{"rot": [[0.6924547708768134, -0.7164171241856471, 0.08516392700846262], [0.7203074401528987, 0.6931871643272687, -0.025470509855406748], [-0.040787031643818084, 0.07898138632287549, 0.9960413438528537]], "trans": [315.5507320562064, 115.2460914491902, -2.9453815398647976]}], "rb_4XMM.renamed.noAb_Seh1_Nup85_47_544_3F3F_1.pdb_28": [{"rot": [[0.7097835514930496, -0.6859846916824195, 0.16010094567893887], [0.30299256911807987, 0.5024910874700411, 0.8097519435434548], [-0.6359267356300884, -0.5262392134671767, 0.5645081727666202]], "trans": [453.8298987789934, -108.25633035187218, 713.3831732194252]}], "rb_4XMM.renamed.noAb_Seh1_Nup85_47_544_3F3F_1.pdb_29": [{"rot": [[0.7042303625877347, -0.14247559137751206, 0.6955287932725553], [-0.32261266265143396, 0.8084576858323801, 0.4922572905661287], [-0.6324402472222186, -0.5710489261702383, 0.5233760193334408]], "trans": [-56.19352567459032, -216.6237240916187, 754.6036950693283]}], "rb_4XMM.renamed.noAb_Seh1_Nup85_47_544_3F3F_1.pdb_30": [{"rot": [[0.259317188376472, 0.45765828745327053, 0.8504725085138622], [-0.7608635161190119, 0.6391800242149512, -0.11196252267428086], [-0.5948456149721, -0.6180596966069819, 0.5139658605185273]], "trans": [-493.35356365437536, 68.570073667059, 788.1016928061927]}], "rb_4XMM.renamed.noAb_Seh1_Nup85_47_544_3F3F_1.pdb_31": [{"rot": [[-0.3643195604120235, 0.7628500567031644, 0.5341638783081173], [-0.7550264619863134, 0.09382334360827405, -0.6489470100821748], [-0.5451663045361668, -0.6397319526037002, 0.541790300038896]], "trans": [-601.5537876160047, 580.2546317597585, 794.2775719351818]}], "rb_4XMM.renamed.noAb_Seh1_Nup85_47_544_3F3F_1.pdb_32": [{"rot": [[-0.801344683059294, 0.5943140747416358, -0.06809904181846821], [-0.30852092886673627, -0.5081347229590638, -0.8041230874527369], [-0.5125051564460656, -0.6233697810187057, 0.5905493888989175]], "trans": [-317.4070674003343, 1018.6780380986867, 769.5374202838241]}], "rb_4XMM.renamed.noAb_Seh1_Nup85_47_544_3F3F_1.pdb_33": [{"rot": [[-0.7957427006643389, 0.05078109615909357, -0.6035021413485666], [0.3170838462102539, -0.8140586524831774, -0.48658642067960095], [-0.5159955317751661, -0.5785583726731075, 0.631679365341238]], "trans": [192.63135516080484, 1127.0057962756496, 728.3983724268103]}], "rb_4XMM.renamed.noAb_Seh1_Nup85_47_544_3F3F_1.pdb_34": [{"rot": [[-0.35079533350207487, -0.549339596375811, -0.7583987353937433], [0.755299764977228, -0.6447338935214345, 0.1176455335745284], [-0.5535927194413887, -0.531548882416615, 0.6410857092332782]], "trans": [629.7756939286035, 841.7780949243717, 694.98426756054]}], "rb_4XMM.renamed.noAb_Seh1_Nup85_47_544_3F3F_1.pdb_35": [{"rot": [[0.2728409769859668, -0.8544888394743663, -0.44204821512035747], [0.7494137633760382, -0.09935327735272576, 0.6546051768370273], [-0.6032717567895141, -0.5098801324752937, 0.6132580516936326]], "trans": [737.9425448569723, 330.08546000220014, 688.8935643557396]}], "rb_4XMM.renamed.noAb_Nup120_715-1036_Nup85_553-744_Nup145c_92-99_554-712_remaining_updated_1.pdb_35": [{"rot": [[0.9867888593771519, -0.10065469217802178, 0.12695030504763066], [0.091579184458289, 0.992937646120776, 0.0754193866992217], [-0.13364505222077422, -0.06279700517285632, 0.9890376818697182]], "trans": [22.195482734985944, -68.78558060993055, 108.8691962135226]}], "rb_4XMM.renamed.noAb_Nup120_715-1036_Nup85_553-744_Nup145c_92-99_554-712_remaining_updated_1.pdb_36": [{"rot": [[0.7614964327994773, 0.6274109819790171, 0.16272259377786394], [-0.6383953790570466, 0.7694267903562038, 0.020826768370520554], [-0.11213617985414046, -0.11974086175685769, 0.9864520278216493]], "trans": [-346.32147699342465, 80.66690336974175, 137.55636116251858]}], "rb_4XMM.renamed.noAb_Nup120_715-1036_Nup85_553-744_Nup145c_92-99_554-712_remaining_updated_1.pdb_37": [{"rot": [[0.08757786630850656, 0.9848687690529686, 0.14954472600843585], [-0.9945434142674111, 0.09498797856544222, -0.04313561249559541], [-0.05668786880954718, -0.14495099748583962, 0.9878135926670022]], "trans": [-501.6490643209784, 447.7145368144615, 148.19230990288395]}], "rb_4XMM.renamed.noAb_Nup120_715-1036_Nup85_553-744_Nup145c_92-99_554-712_remaining_updated_1.pdb_38": [{"rot": [[-0.6401758415935614, 0.7623148572211145, 0.09513648248661291], [-0.7682283804592771, -0.6352830237172339, -0.07899769131818521], [0.00021747848189708485, -0.1236589593868507, 0.9923247525213053]], "trans": [-352.79227513294984, 817.3357574758596, 134.57035859682208]}], "rb_4XMM.renamed.noAb_Nup120_715-1036_Nup85_553-744_Nup145c_92-99_554-712_remaining_updated_1.pdb_39": [{"rot": [[-0.9954363074904143, 0.09012446604471164, 0.03137097942371267], [-0.09202881547942579, -0.9935831665335011, -0.06575095666766437], [0.025243907211467537, -0.06833792359601584, 0.9973428063345532]], "trans": [13.04839792285037, 973.0013594264573, 104.6944432901239]}], "rb_4XMM.renamed.noAb_Nup120_715-1036_Nup85_553-744_Nup145c_92-99_554-712_remaining_updated_1.pdb_40": [{"rot": [[-0.7700869412871068, -0.6379237954405873, -0.00439705239242476], [0.6379280410930793, -0.7700151741895764, -0.011155532481266628], [0.003730582556736719, -0.011395732906210763, 0.9999281074283868]], "trans": [381.5602435561081, 823.5203549537862, 76.09030132104556]}], "rb_4XMM.renamed.noAb_Nup120_715-1036_Nup85_553-744_Nup145c_92-99_554-712_remaining_updated_1.pdb_41": [{"rot": [[-0.09614057913159985, -0.9953289901762077, 0.0087858044053425], [0.9940231702863873, -0.09554832890922343, 0.05280581195713524], [-0.05171968656167643, 0.013810074491588022, 0.9985661499692928]], "trans": [536.8657399171016, 456.4609409552801, 65.53864727466146]}], "rb_4XMM.renamed.noAb_Nup120_715-1036_Nup85_553-744_Nup145c_92-99_554-712_remaining_updated_1.pdb_42": [{"rot": [[0.6315954973817045, -0.7727181156727774, 0.06319684642660157], [0.767651024477737, 0.6347051813598096, 0.08866361922056884], [-0.10862335064541088, -0.007486418778134336, 0.994054787840409]], "trans": [387.98665076932593, 86.85181448418018, 79.24479377085203]}], "rb_4XMM.renamed.noAb_Nup120_2-711_3F7F_updated_1.pdb_42": [{"rot": [[0.9986754738005321, 0.0505528978865183, 0.009576144556068074], [-0.051023558184995765, 0.9970230084694092, 0.05780758680961638], [-0.006625295421776365, -0.058219628115303484, 0.9982818140999516]], "trans": [-32.56974589933873, 17.37812653300398, 40.007639976796156]}], "rb_4XMM.renamed.noAb_Nup120_2-711_3F7F_updated_1.pdb_43": [{"rot": [[0.6719009520253849, 0.7375790247059586, 0.06727773020241494], [-0.7402907829964833, 0.6660135515270067, 0.09162699270868536], [0.022774267888025983, -0.11136934720196058, 0.9935180930541598]], "trans": [-325.76365276214324, 176.22343630721994, 62.645390676404645]}], "rb_4XMM.renamed.noAb_Nup120_2-711_3F7F_updated_1.pdb_44": [{"rot": [[-0.045108292610050615, 0.9902317579682203, 0.131932965740083], [-0.9956792512772099, -0.055295773444670016, 0.07460030841229989], [0.08116692992753016, -0.1279978240062056, 0.9884475132933543]], "trans": [-421.18930889000234, 496.4793257810693, 68.73444851487045]}], "rb_4XMM.renamed.noAb_Nup120_2-711_3F7F_updated_1.pdb_45": [{"rot": [[-0.7323181347679864, 0.6605035641247319, 0.16566590255228525], [-0.6675787973309235, -0.7443517934157299, 0.01670200565753121], [0.1343454459374599, -0.09836386235458894, 0.9860404919365899]], "trans": [-262.9431060822014, 790.5354960879093, 54.73176245589144]}], "rb_4XMM.renamed.noAb_Nup120_2-711_3F7F_updated_1.pdb_46": [{"rot": [[-0.9871513592535297, -0.058446131703457915, 0.14871531062002458], [0.05180470670424085, -0.9974957761972448, -0.048150273435808355], [0.15115709142212258, -0.039827454821486905, 0.9877070960336601]], "trans": [56.274012124253886, 886.1298132651706, 28.864308331877282]}], "rb_4XMM.renamed.noAb_Nup120_2-711_3F7F_updated_1.pdb_47": [{"rot": [[-0.6603230700145839, -0.7454464605094843, 0.09101108570056546], [0.7410462608570766, -0.6664324073456462, -0.08196514935770528], [0.12175336741240148, 0.013319945696863136, 0.9924710054053832]], "trans": [349.4620702619197, 727.2618952257211, 6.3096104009654255]}], "rb_4XMM.renamed.noAb_Nup120_2-711_3F7F_updated_1.pdb_48": [{"rot": [[0.05670611283379767, -0.9980429429741412, 0.026357176381298513], [0.9963784443989397, 0.05489672367229803, -0.06493339100336191], [0.0633593900256998, 0.029943842598464443, 0.9975414547706821]], "trans": [444.86928326139514, 406.9989251898945, 0.30453363351108464]}], "rb_4XMM.renamed.noAb_Nup120_2-711_3F7F_updated_1.pdb_49": [{"rot": [[0.7438903838675555, -0.6682609980592297, -0.007371245638428395], [0.6682240640272185, 0.7439268411655295, -0.00703244256454532], [0.010183174570228494, 0.00030572268141262557, 0.999948103398028]], "trans": [286.6066738451482, 112.95558350773467, 14.390941572658392]}]}
