{"rb_ScNup133N_56-480_renamed_1.pdb_0": [{"rot": [[-0.7486220695142493, -0.35511944076469987, 0.5598706813427299], [0.24231973990860084, -0.9325862267124799, -0.2675146227719341], [0.6171273293955095, -0.06459963263942751, 0.7842070815645702]], "trans": [970.9656265429048, 318.65365763079, -273.40684273802805]}], "rb_ScNup133N_56-480_renamed_1.pdb_1": [{"rot": [[-0.34769673509821264, -0.9104997968981003, 0.22382381519973407], [0.7344920648344528, -0.41287709319564747, -0.5385665349885174], [0.5827764469307838, -0.022861009663487086, 0.8123108931560014]], "trans": [591.8849749260277, -336.0525928290755, -239.96507416381218]}], "rb_ScNup133N_56-480_renamed_1.pdb_2": [{"rot": [[0.2828333904039407, -0.9370175798732988, -0.204947135332507], [0.7979707532843342, 0.34842528674135204, -0.4917748432586215], [0.5322104378678111, -0.024451473730544515, 0.8462589292036806]], "trans": [-137.76124363025653, -529.9067020461739, -180.82332247328424]}], "rb_ScNup133N_56-480_renamed_1.pdb_3": [{"rot": [[0.7735948689982789, -0.41913829852268475, -0.47526210176180367], [0.39556909451479777, 0.9053392445678662, -0.15455078036047304], [0.4950515832964088, -0.06843930856457435, 0.8661639515235694]], "trans": [-790.5340729447308, -149.34608270300942, -130.6036548042677]}], "rb_ScNup133N_56-480_renamed_1.pdb_4": [{"rot": [[0.8370927067873913, 0.33975706204068545, -0.42876676531284763], [-0.2369803459035736, 0.9316167313023181, 0.2755550428009057], [0.4930680641643538, -0.1290558202913305, 0.8603653173798619]], "trans": [-984.0280721688193, 582.6916052796386, -118.70145567340018]}], "rb_ScNup133N_56-480_renamed_1.pdb_5": [{"rot": [[0.43612897507490295, 0.8950968991742055, -0.09269874966168126], [-0.729121186826588, 0.4118640247031036, 0.5465805705254727], [0.5274218539468236, -0.1707910016484641, 0.8322599484146838]], "trans": [-604.8898149523984, 1237.3684793453137, -152.06519625136497]}], "rb_ScNup133N_56-480_renamed_1.pdb_6": [{"rot": [[-0.19440611851339334, 0.9215553059933558, 0.33606856306422134], [-0.7925503844556866, -0.34944041119079494, 0.49975522721223553], [0.5779880182008114, -0.16919579493090897, 0.798312366053538]], "trans": [124.77807511699001, 1431.1657125175989, -211.1259219776614]}], "rb_ScNup133N_56-480_renamed_1.pdb_7": [{"rot": [[-0.6851362256086541, 0.4036325747199421, 0.6063572354509172], [-0.39011022046805705, -0.9063137034401857, 0.1625099592114295], [0.6151441849234152, -0.12520469472622373, 0.7784095427044955]], "trans": [777.5277730587115, 1050.5542698583613, -261.26102206440595]}], "rb_ScNup133C_490_881_renamed_relative_3CQC_1.pdb_7": [{"rot": [[0.7963036845626895, 0.3414760107885557, -0.49929407768150164], [-0.2681144559255113, 0.9391579881122337, 0.21470191403140998], [0.5422315745838251, -0.03709996524146775, 0.8394096211644407]], "trans": [182.56643835552688, 100.19225599384939, -244.75744154190954]}], "rb_ScNup133C_490_881_renamed_relative_3CQC_1.pdb_8": [{"rot": [[0.3862346123320098, 0.9034499188712362, -0.18601362403948082], [-0.719557704525225, 0.42128157173183506, 0.5520494064642637], [0.5771131033819396, -0.07937305216957388, 0.8127978743169517]], "trans": [-120.49099344172453, 66.75885270149055, -220.39798009564464]}], "rb_ScNup133C_490_881_renamed_relative_3CQC_1.pdb_9": [{"rot": [[-0.22205382574720234, 0.9359236286598149, 0.27338445417996615], [-0.7477621285233234, -0.34340257626464665, 0.5682661962153603], [0.6257346862826944, -0.07824085845036727, 0.7761021005329451]], "trans": [-358.42978182788505, 258.10512029762236, -202.3225369873129]}], "rb_ScNup133C_490_881_renamed_relative_3CQC_1.pdb_10": [{"rot": [[-0.6722176857811676, 0.41987358308083467, 0.6097782852429846], [-0.33620517865934174, -0.906931699934386, 0.2538522591917719], [0.6596131144585083, -0.03436663912849067, 0.7508192015055026]], "trans": [-391.86011629016184, 562.1378340372372, -201.09595675233635]}], "rb_ScNup133C_490_881_renamed_relative_3CQC_1.pdb_11": [{"rot": [[-0.7005446312515625, -0.3423908248598949, 0.6261036197598401], [0.2740172808834057, -0.9391824928710057, -0.20700428706157115], [0.6589019269981523, 0.026547469490808176, 0.7517602559737763]], "trans": [-201.19612219357361, 800.7504601455844, -217.41278248595899]}], "rb_ScNup133C_490_881_renamed_relative_3CQC_1.pdb_12": [{"rot": [[-0.29044033809189906, -0.9043243570625427, 0.3127968465833424], [0.7254283291680984, -0.421261985836054, -0.5443271796721585], [0.6240177475436459, 0.06881712368941245, 0.7783739809613831]], "trans": [101.8704576970452, 834.1604746055452, -241.69038270499516]}], "rb_ScNup133C_490_881_renamed_relative_3CQC_1.pdb_13": [{"rot": [[0.31785031629435867, -0.936738427099994, -0.1466025089342145], [0.7535850092137827, 0.3434246854702454, -0.5605079118959224], [0.5753962202863696, 0.06768016403565569, 0.815069681117061]], "trans": [339.80086098225775, 642.7959366604508, -259.6825919857841]}], "rb_ScNup133C_490_881_renamed_relative_3CQC_1.pdb_14": [{"rot": [[0.7679820896695136, -0.42064441570592204, -0.48297182679973305], [0.341992740840508, 0.9069132869145967, -0.24606758264785755], [0.5415205214571698, 0.023802637525839568, 0.8403504978802411]], "trans": [373.2140159381639, 338.7610076737016, -260.82531554030174]}], "rb_ScNup84_506-726_ScNup133C_882_1155_renamed_relative_3CQC_new_1.pdb_14": [{"rot": [[0.987016207384855, 0.1484390277730278, 0.06135846635481784], [-0.15918632061181687, 0.9549524881554488, 0.25045051546321384], [-0.021417789094322556, -0.2569661464074907, 0.9661830457583052]], "trans": [-54.150126388000785, 35.40010416546505, 98.65579040519452]}], "rb_ScNup84_506-726_ScNup133C_882_1155_renamed_relative_3CQC_new_1.pdb_15": [{"rot": [[0.5870891477121372, 0.7733863111679024, 0.23916510267332225], [-0.8094076599096783, 0.5558312532870082, 0.1895016040801028], [0.013622507778482298, -0.3048364013163421, 0.9523073010926291]], "trans": [-327.19816749263316, 207.55393020804624, 119.62303864392518]}], "rb_ScNup84_506-726_ScNup133C_882_1155_renamed_relative_3CQC_new_1.pdb_16": [{"rot": [[-0.154142548225976, 0.9341150155044226, 0.3219770374352408], [-0.9853066194556023, -0.16958487853527487, 0.02029370910277889], [0.07355909517778754, -0.3141179822635881, 0.9465299534274003]], "trans": [-398.9922308970693, 522.9259709714931, 123.85227444478045]}], "rb_ScNup84_506-726_ScNup133C_882_1155_renamed_relative_3CQC_new_1.pdb_17": [{"rot": [[-0.8024549015820249, 0.536467999507524, 0.2612818716087616], [-0.5838391085722575, -0.7963369089224485, -0.15804879875972228], [0.12328027509919785, -0.2793736082600407, 0.9522354544855127]], "trans": [-227.47242862343256, 796.7669550259841, 108.88995674458107]}], "rb_ScNup84_506-726_ScNup133C_882_1155_renamed_relative_3CQC_new_1.pdb_18": [{"rot": [[-0.9780573945558538, -0.18660750802888465, 0.0926356891368742], [0.1598095441729896, -0.9572646612700778, -0.24105036377218675], [0.13365867927611408, -0.22095702349265123, 0.9660814412995583]], "trans": [86.88443406643216, 868.6570895497015, 83.52522712196992]}], "rb_ScNup84_506-726_ScNup133C_882_1155_renamed_relative_3CQC_new_1.pdb_19": [{"rot": [[-0.5780796107682434, -0.8115236794253188, -0.08516619837721677], [0.8099994725559693, -0.5580943891716139, -0.18008749882824623], [0.09861449220619993, -0.1730894869920018, 0.9799567395654554]], "trans": [359.92558791630205, 696.4822368829351, 62.64110673374694]}], "rb_ScNup84_506-726_ScNup133C_882_1155_renamed_relative_3CQC_new_1.pdb_20": [{"rot": [[0.1631658243512732, -0.972195810159731, -0.167964938221143], [0.9858402488519422, 0.16733433367682665, -0.010873109788456778], [0.038677092798048776, -0.16381247657243736, 0.985733003917336]], "trans": [431.70158845991796, 381.10497017847854, 58.49581267061694]}], "rb_ScNup84_506-726_ScNup133C_882_1155_renamed_relative_3CQC_new_1.pdb_21": [{"rot": [[0.8114468833490477, -0.5744999005708591, -0.10725586113210073], [0.5843218669517816, 0.7940551328856352, 0.16746462832478756], [-0.011041345257712852, -0.19856059574358578, 0.9800264172525405]], "trans": [260.166955876486, 107.2778558864427, 73.54172154459468]}], "rb_4XMM.renamed.noAb_Nup145c_149-550_Sec13_Nup84_7-436_3IKO_updated_1.pdb_21": [{"rot": [[0.9985689812007557, -0.027275135458096213, 0.04600061705485893], [0.02841069867886569, 0.9993029830883915, -0.024215288377819732], [-0.04530807857616537, 0.02548754551510943, 0.9986478673883761]], "trans": [-2.7996601230141778, -8.807473831306254, 14.305259778825928]}], "rb_4XMM.renamed.noAb_Nup145c_149-550_Sec13_Nup84_7-436_3IKO_updated_1.pdb_22": [{"rot": [[0.7270610628741442, 0.685665628461387, 0.03528252823949327], [-0.6862758757482522, 0.7272975711069073, 0.007979061847253926], [-0.020189928635064684, -0.03001481315357366, 0.9993455247175856]], "trans": [-323.6270758562374, 135.24628561506384, 39.21754012012099]}], "rb_4XMM.renamed.noAb_Nup145c_149-550_Sec13_Nup84_7-436_3IKO_updated_1.pdb_23": [{"rot": [[0.031227618158916448, 0.9982410681857752, 0.05039450021027243], [-0.9988348748117637, 0.02931078614803201, 0.03833758828033554], [0.03679305265792837, -0.051532975876680945, 0.9979932984110687]], "trans": [-449.0262121715062, 464.64918266404135, 47.65116541531944]}], "rb_4XMM.renamed.noAb_Nup145c_149-550_Sec13_Nup84_7-436_3IKO_updated_1.pdb_24": [{"rot": [[-0.6813023097791769, 0.7273400838108217, 0.08248372670790921], [-0.7261648297783769, -0.685766871545658, 0.04907583808170321], [0.09225943140134227, -0.026461299524921766, 0.9953833417055729]], "trans": [-305.53457354824985, 786.4324724386665, 34.68960395356413]}], "rb_4XMM.renamed.noAb_Nup145c_149-550_Sec13_Nup84_7-436_3IKO_updated_1.pdb_25": [{"rot": [[-0.9931186424820169, 0.03166029168725384, 0.1127518863919943], [-0.027999697676284928, -0.9990328275022252, 0.03390319310839351], [0.11371622085134481, 0.03051287438420678, 0.9930446040395673]], "trans": [22.790328215187117, 912.0910834397575, 7.949926098354581]}], "rb_4XMM.renamed.noAb_Nup145c_149-550_Sec13_Nup84_7-436_3IKO_updated_1.pdb_26": [{"rot": [[-0.721554975641989, -0.681259276873873, 0.12346746453853913], [0.686665542980744, -0.726971467672334, 0.001708002720065445], [0.0885937312073933, 0.08601327143888504, 0.9923471509139994]], "trans": [343.61304962393245, 768.0125463516395, -16.8793829320835]}], "rb_4XMM.renamed.noAb_Nup145c_149-550_Sec13_Nup84_7-436_3IKO_updated_1.pdb_27": [{"rot": [[-0.02569713434168397, -0.9937802864435344, 0.10835312437964595], [0.9991699174359293, -0.028960172709508347, -0.02864933660161398], [0.031609071130018575, 0.10752697648888407, 0.9936995602039156]], "trans": [468.99303021563486, 438.6002165030846, -25.22895891327539]}], "rb_4XMM.renamed.noAb_Nup145c_149-550_Sec13_Nup84_7-436_3IKO_updated_1.pdb_28": [{"rot": [[0.6868115463896174, -0.7228235230695877, 0.07626305949259049], [0.7264439568217437, 0.6860961988377698, -0.03938506744352048], [-0.023855342023746267, 0.0824509577726732, 0.9963095714783121]], "trans": [325.4828228412127, 116.82859822840669, -12.183497605230912]}], "rb_4XMM.renamed.noAb_Seh1_Nup85_47_544_3F3F_1.pdb_28": [{"rot": [[0.6892909407244938, -0.6983577847655911, 0.19280664794667876], [0.27807918572698104, 0.5007744784285191, 0.8196931671180747], [-0.6689917529391205, -0.5113915586044975, 0.5393780754605266]], "trans": [459.09545872211174, -99.18343052508658, 729.031176062614]}], "rb_4XMM.renamed.noAb_Seh1_Nup85_47_544_3F3F_1.pdb_29": [{"rot": [[0.6714849495767745, -0.15216406505626567, 0.7252269022846746], [-0.3276909764781014, 0.8168191934066638, 0.474789457778194], [-0.6646251473023729, -0.5564642868936295, 0.4986190038348513]], "trans": [-45.75490293785424, -213.01794306281448, 769.8659728906207]}], "rb_4XMM.renamed.noAb_Seh1_Nup85_47_544_3F3F_1.pdb_30": [{"rot": [[0.2318861666774909, 0.45697282156498453, 0.8587226828578312], [-0.7432304287358243, 0.652760594121403, -0.14667016248518813], [-0.6275646066380556, -0.6042180460009494, 0.49100225802129743]], "trans": [-483.1094268708394, 64.64205052759567, 803.4161278769993]}], "rb_4XMM.renamed.noAb_Seh1_Nup85_47_544_3F3F_1.pdb_31": [{"rot": [[-0.37198224260811763, 0.7722118980853301, 0.5150902791158872], [-0.7251103008073367, 0.10470652126029228, -0.6806258855411369], [-0.5795207182209489, -0.6266780105133856, 0.5209898351135613]], "trans": [-596.7577529188502, 571.1395277901518, 810.05149207473]}], "rb_4XMM.renamed.noAb_Seh1_Nup85_47_544_3F3F_1.pdb_32": [{"rot": [[-0.7863656495759704, 0.6088816686081735, -0.10436560161223332], [-0.2839456191269507, -0.5062852217322018, -0.8142789200477825], [-0.5486382693046209, -0.6106868165340533, 0.5710145896261571]], "trans": [-320.1211759023009, 1009.7612417251978, 785.908980479334]}], "rb_4XMM.renamed.noAb_Seh1_Nup85_47_544_3F3F_1.pdb_33": [{"rot": [[-0.7685124116182616, 0.06266328451746914, -0.6367589700680794], [0.3218231253549517, -0.8222870568275006, -0.4693334338833454], [-0.5530086339067859, -0.5656123309718807, 0.6117713150165681]], "trans": [184.7446101260419, 1123.5565245385974, 745.1556216939937]}], "rb_4XMM.renamed.noAb_Seh1_Nup85_47_544_3F3F_1.pdb_34": [{"rot": [[-0.32888120726127196, -0.546460823107233, -0.7702062842637213], [0.7373280607815755, -0.6581806534009031, 0.15213664342569203], [-0.5900715908213546, -0.5178598230194347, 0.6193841468812632]], "trans": [622.0840224424555, 845.8626118399527, 711.6893128187073]}], "rb_4XMM.renamed.noAb_Seh1_Nup85_47_544_3F3F_1.pdb_35": [{"rot": [[0.2749858051826924, -0.8616571633694647, -0.42653222593622186], [0.7191605373604144, -0.11010185647999868, 0.6860653778636058], [-0.6381151373000806, -0.4954033851456202, 0.5893933809729747]], "trans": [735.6993801655356, 339.35662996747874, 705.1390943687593]}], "rb_4XMM.renamed.noAb_Nup120_715-1036_Nup85_553-744_Nup145c_92-99_554-712_remaining_updated_1.pdb_35": [{"rot": [[0.9947846719842603, -0.021951049560162025, 0.09960726784917844], [0.023422535636733615, 0.9996327715802193, -0.01362742848808466], [-0.09927155287148785, 0.01588941175938329, 0.9949335080217308]], "trans": [-16.09878709813279, -8.779186068722993, 47.425375976293736]}], "rb_4XMM.renamed.noAb_Nup120_715-1036_Nup85_553-744_Nup145c_92-99_554-712_remaining_updated_1.pdb_36": [{"rot": [[0.7197947989939172, 0.6894828484868138, 0.08067743788580678], [-0.6902442104601751, 0.7232256966633125, -0.02252824032360535], [-0.07388083152968855, -0.0394714242000223, 0.9964856393366169]], "trans": [-332.380691120464, 146.546722835639, 71.9205065583717]}], "rb_4XMM.renamed.noAb_Nup120_715-1036_Nup85_553-744_Nup145c_92-99_554-712_remaining_updated_1.pdb_37": [{"rot": [[0.022217207185705357, 0.9978896786540288, 0.06101298993352601], [-0.9996124332464345, 0.0231966328032171, -0.015391540720064805], [-0.016774355546850233, -0.060647386278007184, 0.998018294187855]], "trans": [-446.6188211869414, 480.6926149324389, 79.44145363559818]}], "rb_4XMM.renamed.noAb_Nup120_715-1036_Nup85_553-744_Nup145c_92-99_554-712_remaining_updated_1.pdb_38": [{"rot": [[-0.6892973143150806, 0.7226003712932239, 0.052133634871498344], [-0.7234498657219128, -0.6903675239810227, 0.003601891067318525], [0.03859409624496908, -0.03523329730822253, 0.9986336217531568]], "trans": [-291.8889566077252, 797.9112319694727, 65.60634526596664]}], "rb_4XMM.renamed.noAb_Nup120_715-1036_Nup85_553-744_Nup145c_92-99_554-712_remaining_updated_1.pdb_39": [{"rot": [[-0.9979335264585265, 0.024883284235591625, 0.05924102409396593], [-0.02353643383467673, -0.9994508293905884, 0.02332543489010724], [0.059788904090951354, 0.021882911052177333, 0.9979711544686486]], "trans": [41.16787959485333, 912.3715520991248, 38.54398790862194]}], "rb_4XMM.renamed.noAb_Nup120_715-1036_Nup85_553-744_Nup145c_92-99_554-712_remaining_updated_1.pdb_40": [{"rot": [[-0.7228879844004115, -0.686529075109579, 0.0781715487802192], [0.690108705236341, -0.7229879250419506, 0.032224760674943835], [0.034393850708129566, 0.07724175860713228, 0.9964189750103849]], "trans": [357.4442100111965, 757.0212226941105, 14.131896983921763]}], "rb_4XMM.renamed.noAb_Nup120_715-1036_Nup85_553-744_Nup145c_92-99_554-712_remaining_updated_1.pdb_41": [{"rot": [[-0.02528624482052194, -0.9948813157236204, 0.09783544064865293], [0.9994221666268773, -0.02293467842949265, 0.025086517896577447], [-0.022714283561586536, 0.0984132518991992, 0.9948863719907464]], "trans": [471.6628141264161, 422.866773954712, 6.69502446722413]}], "rb_4XMM.renamed.noAb_Nup120_715-1036_Nup85_553-744_Nup145c_92-99_554-712_remaining_updated_1.pdb_42": [{"rot": [[0.6862067570507148, -0.7195363472882347, 0.10671331458186328], [0.7232037633345508, 0.6906078478304306, 0.006092389823798332], [-0.07808074843830412, 0.07299483163982987, 0.9942711658683402]], "trans": [316.914736506762, 105.66071032537525, 20.61400003989951]}], "rb_4XMM.renamed.noAb_Nup120_2-711_3F7F_updated_1.pdb_42": [{"rot": [[0.9905604936267907, 0.10262546698559218, 0.09087310928893483], [-0.12843497071120433, 0.9265111913647543, 0.35366858861690886], [-0.047899548685364945, -0.36200141685061593, 0.9309460819155349]], "trans": [-79.49742348010398, 15.078632960395225, 267.3099402776498]}], "rb_4XMM.renamed.noAb_Nup120_2-711_3F7F_updated_1.pdb_43": [{"rot": [[0.6107577060602333, 0.7187798892239512, 0.3321603458199771], [-0.7916865970032629, 0.561958218949752, 0.23965661326200977], [-0.014399882410473325, -0.40933901719971416, 0.9122687172015366]], "trans": [-356.1602317055082, 220.76281584855246, 288.402166819419]}], "rb_4XMM.renamed.noAb_Nup120_2-711_3F7F_updated_1.pdb_44": [{"rot": [[-0.12542372190105844, 0.8976557619113421, 0.42247251164052607], [-0.9910708698977486, -0.1327871284543094, -0.012087570350537064], [0.045248434498956935, -0.42021626768156806, 0.9062951326974933]], "trans": [-406.8759303770559, 562.3989225898478, 290.82353935002914]}], "rb_4XMM.renamed.noAb_Nup120_2-711_3F7F_updated_1.pdb_45": [{"rot": [[-0.7867183295992255, 0.5344650766776863, 0.308903466611366], [-0.6097856710148236, -0.7507332304287317, -0.25408866986751283], [0.09610257695611309, -0.3882611215946757, 0.9165247384334144]], "trans": [-201.93263478233973, 839.8518215813041, 273.1795886008828]}], "rb_4XMM.renamed.noAb_Nup120_2-711_3F7F_updated_1.pdb_46": [{"rot": [[-0.985730411590713, -0.15802994207847837, 0.0579835586341138], [0.12880675401858976, -0.9298785473968608, -0.34457902897636977], [0.10837147126618452, -0.33219335408429856, 0.9369648871317567]], "trans": [138.61289615805094, 890.5858093030305, 245.8303946017218]}], "rb_4XMM.renamed.noAb_Nup120_2-711_3F7F_updated_1.pdb_47": [{"rot": [[-0.6058758841745521, -0.7741559481900262, -0.18329479222745362], [0.7920285484647251, -0.5652772267297979, -0.2305481193970763], [0.07486782615092155, -0.28485825391353736, 0.9556414514789348]], "trans": [415.2662020665137, 684.8803171935922, 224.82150572207664]}], "rb_4XMM.renamed.noAb_Nup120_2-711_3F7F_updated_1.pdb_48": [{"rot": [[0.13032111454003392, -0.9529776399001268, -0.273587326013883], [0.991355033709735, 0.12948213704707057, 0.021203144202992436], [0.015218549320241387, -0.2739853901873365, 0.9616134367408141]], "trans": [465.9617888695211, 343.2406397733164, 222.48423019416322]}], "rb_4XMM.renamed.noAb_Nup120_2-711_3F7F_updated_1.pdb_49": [{"rot": [[0.7915860023283585, -0.58973874881915, -0.15999940330835774], [0.6100179441936507, 0.7473997125262255, 0.26319532191409944], [-0.035632971803640216, -0.30594423978388274, 0.9513823697459933]], "trans": [261.0033803493615, 65.80423398963171, 240.21178187900477]}]}
