{"rb_ScNup133N_56-480_renamed_1.pdb_0": [{"rot": [[0.8491196867891944, -0.13559864304540115, -0.5104985460422659], [-0.05291380914078862, 0.9397873494916833, -0.3376386626818825], [0.525543420003746, 0.3137080581362929, 0.7908168991309705]], "trans": [275.2276121249904, 151.7180518201336, -309.6391850276993]}], "rb_ScNup133N_56-480_renamed_1.pdb_1": [{"rot": [[0.5750624146363447, 0.5726104726785349, -0.5843119593603086], [-0.6055733967556794, 0.7781578287000769, 0.1665870786542922], [0.5500764314296755, 0.25804581029663654, 0.7942469888982563]], "trans": [-19.757089479763238, 34.15135156670925, -285.51382194653416]}], "rb_ScNup133N_56-480_renamed_1.pdb_2": [{"rot": [[-0.00836259397449235, 0.9596421475694386, -0.2810996542693251], [-0.801800150301142, 0.1615433040980374, 0.5753436189601441], [0.597533753020768, 0.23019711012392263, 0.7680902970950166]], "trans": [-311.2905111925694, 160.30412566279546, -262.84935757150936]}], "rb_ScNup133N_56-480_renamed_1.pdb_3": [{"rot": [[-0.5593767427064662, 0.7987677693296027, 0.22151232561488432], [-0.5266416707530197, -0.5488347415377632, 0.6491756134572868], [0.6401142166407273, 0.2464761188459995, 0.7276697825889439]], "trans": [-428.58635061355665, 456.27441708396987, -254.89894980127565]}], "rb_ScNup133N_56-480_renamed_1.pdb_4": [{"rot": [[-0.7551881739328901, 0.18422981706065678, 0.6290867956472336], [0.058710324834835584, -0.9368268327434297, 0.34483123873817206], [0.652873586316444, 0.2973463636194515, 0.6966643527069502]], "trans": [-302.92913779931115, 748.6787727297788, -266.29605470719906]}], "rb_ScNup133N_56-480_renamed_1.pdb_5": [{"rot": [[-0.4810877903001444, -0.523966711813124, 0.7028608844827451], [0.6113483839839208, -0.7751417318021968, -0.15940027923105932], [0.6283372433847709, 0.3530073377855391, 0.6932374254504682]], "trans": [-7.928726443854515, 866.2227149566719, -290.340082635024]}], "rb_ScNup133N_56-480_renamed_1.pdb_6": [{"rot": [[0.10235253864429872, -0.910950305106422, 0.3996166906669238], [0.8075293394480678, -0.15849685060536228, -0.5681330075596284], [0.5808789234975172, 0.38085205785803233, 0.7193965431260199]], "trans": [283.60139631425045, 740.0474618337298, -312.9216981026499]}], "rb_ScNup133N_56-480_renamed_1.pdb_7": [{"rot": [[0.6533452416961469, -0.7500205173993575, -0.10300106131978953], [0.5323276213649071, 0.5518685447491438, -0.6419255508611896], [0.5383003796069468, 0.3645686942079118, 0.7598173257557075]], "trans": [400.8806873278385, 444.06837250662056, -320.7882674671771]}], "rb_ScNup133C_490_881_renamed_relative_3CQC_1.pdb_7": [{"rot": [[0.9877357900286724, 0.01045328880418954, -0.15578426701566747], [0.0151588525824391, 0.9866222665534335, 0.16231670379029794], [0.15539696999882738, -0.1626875283915139, 0.9743636640500516]], "trans": [53.288004681210566, -56.00501270345532, -34.31803204500204]}], "rb_ScNup133C_490_881_renamed_relative_3CQC_1.pdb_8": [{"rot": [[0.7140062854406003, 0.6997530839363484, 0.02325179289610385], [-0.6764509728779586, 0.6809026838028124, 0.28068775620355774], [0.1805799148404294, -0.2161415201012856, 0.9595174504116776]], "trans": [-318.099184225851, 59.54369203249814, -5.23713416234142]}], "rb_ScNup133C_490_881_renamed_relative_3CQC_1.pdb_9": [{"rot": [[0.032868014846125726, 0.9718408004406932, 0.23333484994502096], [-0.9711229805105858, -0.024144100364512644, 0.23735462738658109], [0.23630457110328879, -0.2343982103523381, 0.9429833660565332]], "trans": [-499.3556271754683, 404.66348118871144, 7.572194240452859]}], "rb_ScNup133C_490_881_renamed_relative_3CQC_1.pdb_10": [{"rot": [[-0.6566586187908928, 0.6673236175521754, 0.3513952871407239], [-0.6962341533689408, -0.7154917386236662, 0.057702475197469086], [0.28992664943096913, -0.20676257257627223, 0.9344473107304503]], "trans": [-384.29683083264626, 777.178432883627, -3.3699271253196343]}], "rb_ScNup133C_490_881_renamed_relative_3CQC_1.pdb_11": [{"rot": [[-0.950639191160356, -0.035408005300831734, 0.3082716357218053], [-0.012818242325062996, -0.9881390364807366, -0.15302593651605045], [0.31003358026781086, -0.14942395304480005, 0.9389098260018293]], "trans": [-40.32394708477466, 958.8641527487239, -31.629444378491883]}], "rb_ScNup133C_490_881_renamed_relative_3CQC_1.pdb_12": [{"rot": [[-0.6768557378421616, -0.7246839749351547, 0.12922633873295292], [0.6787700757671985, -0.6823653625241524, -0.2713829329015927], [0.2848464400218674, -0.09597212355399337, 0.9537567075032303]], "trans": [331.0607720902462, 843.2867011135577, -60.62752895177567]}], "rb_ScNup133C_490_881_renamed_relative_3CQC_1.pdb_13": [{"rot": [[0.0043055338632000395, -0.9967167095478354, -0.0808533443110761], [0.9733886127741121, 0.022702753633516648, -0.22803331664285803], [0.22912021058788973, -0.07771991949036251, 0.9702904427101038]], "trans": [512.2968350144126, 498.15309558325646, -73.35268912796232]}], "rb_ScNup133C_490_881_renamed_relative_3CQC_1.pdb_14": [{"rot": [[0.6938107466167969, -0.6921455975412073, -0.19889977295955868], [0.698445675595656, 0.7140264680866699, -0.04837190417380244], [0.17550010290813706, -0.10535973935045972, 0.9788253364125963]], "trans": [397.21551393752463, 125.64758545648829, -62.32634174989647]}], "rb_ScNup84_506-726_ScNup133C_882_1155_renamed_relative_3CQC_new_1.pdb_14": [{"rot": [[-0.9124440530253439, 0.30493723950242535, -0.2728720030771288], [0.3629139696422401, 0.29496402045439535, -0.8839059210548887], [-0.18904840844925233, -0.9055437629413725, -0.3798041503996304]], "trans": [1081.678823081627, 260.4428424302898, 781.9278858184225]}], "rb_ScNup84_506-726_ScNup133C_882_1155_renamed_relative_3CQC_new_1.pdb_15": [{"rot": [[-0.39475664075022476, 0.40622769345656884, -0.8241033039932278], [0.888785012707033, -0.058498292433971866, -0.45457579232694456], [-0.23286991169096505, -0.911897478256885, -0.33795649627988605]], "trans": [650.1991190784298, -394.4537377604918, 819.5471093687408]}], "rb_ScNup84_506-726_ScNup133C_882_1155_renamed_relative_3CQC_new_1.pdb_16": [{"rot": [[0.3421210505452032, 0.2287238756237957, -0.9113937543638738], [0.8932568623356825, -0.38018326125758845, 0.23990178354850983], [-0.2916253841215789, -0.8961841755906956, -0.3343778682221162]], "trans": [-116.64658583882641, -551.2728507479198, 881.4736977180796]}], "rb_ScNup84_506-726_ScNup133C_882_1155_renamed_relative_3CQC_new_1.pdb_17": [{"rot": [[0.8665156793246308, -0.12358997470562438, -0.4836073775665925], [0.3737098459626461, -0.48164329552151997, 0.7926920504898135], [-0.33089504153907917, -0.8676089292022259, -0.37116467700121747]], "trans": [-769.62735186591, -118.14753219928605, 931.4541871476874]}], "rb_ScNup84_506-726_ScNup133C_882_1155_renamed_relative_3CQC_new_1.pdb_18": [{"rot": [[0.8712294780848038, -0.44432343638342725, 0.20865253508285608], [-0.36549806860782047, -0.30344167656747195, 0.879962675779987], [-0.32767416492612444, -0.842911521336815, -0.42676669134038897]], "trans": [-926.2159258960909, 651.1914160078071, 940.2333071259851]}], "rb_ScNup84_506-726_ScNup133C_882_1155_renamed_relative_3CQC_new_1.pdb_19": [{"rot": [[0.35350103704745073, -0.5455863252169465, 0.7598503658896565], [-0.8913284621887426, 0.050028574578446776, 0.4505892966082302], [-0.2838495892169439, -0.8365600417554718, -0.46861146725134156]], "trans": [-494.6786000243318, 1306.0545071296544, 902.6921302852809]}], "rb_ScNup84_506-726_ScNup133C_882_1155_renamed_relative_3CQC_new_1.pdb_20": [{"rot": [[-0.3833770230567288, -0.36805741312077406, 0.847086653677771], [-0.8957424760118669, 0.3716996008644162, -0.24389510734199543], [-0.2250943687884932, -0.852275276752809, -0.47218574499409893]], "trans": [272.18588891666025, 1462.8138256126726, 840.8468122506393]}], "rb_ScNup84_506-726_ScNup133C_882_1155_renamed_relative_3CQC_new_1.pdb_21": [{"rot": [[-0.9077311446380589, -0.015735639958508185, 0.41925715102926403], [-0.3761543185420119, 0.47313197953064456, -0.7966517800065521], [-0.18582814021636634, -0.8808510200825731, -0.4353956622696378]], "trans": [925.1394238552216, 1029.6376691782987, 790.9512172469242]}], "rb_4XMM.renamed.noAb_Nup145c_149-550_Sec13_Nup84_7-436_3IKO_updated_1.pdb_21": [{"rot": [[0.9963972616151576, -0.04294107526360477, 0.07313385741926155], [0.0451267447265003, 0.9985746552475511, -0.028499733465842465], [-0.07180580725961323, 0.03169734929675058, 0.996914842948662]], "trans": [-2.836725727496514, -16.682926128999213, 25.469929951281244]}], "rb_4XMM.renamed.noAb_Nup145c_149-550_Sec13_Nup84_7-436_3IKO_updated_1.pdb_22": [{"rot": [[0.7367822449430806, 0.6741686835738027, 0.05146367286737698], [-0.6744516591968498, 0.738181038827168, -0.01427281761459998], [-0.047611794161225726, -0.024193800950018184, 0.9985728701764033]], "trans": [-328.9847509930137, 130.346752504266, 50.791816565625254]}], "rb_4XMM.renamed.noAb_Nup145c_149-550_Sec13_Nup84_7-436_3IKO_updated_1.pdb_23": [{"rot": [[0.045913219539128136, 0.9978782085698922, 0.04616337436641681], [-0.9989045873590573, 0.04544440147170242, 0.011154897037160834], [0.009033361754227715, -0.046624963659190805, 0.9988716189476983]], "trans": [-456.0498012564281, 465.627288029728, 59.329628031253435]}], "rb_4XMM.renamed.noAb_Nup145c_149-550_Sec13_Nup84_7-436_3IKO_updated_1.pdb_24": [{"rot": [[-0.671488998261806, 0.7385538956776525, 0.06033795151245237], [-0.7381629396564144, -0.673820367069427, 0.032887496715661935], [0.06494612945477608, -0.022455647436339786, 0.9976360780199651]], "trans": [-309.59346511695924, 792.7467320761998, 46.1057989096459]}], "rb_4XMM.renamed.noAb_Nup145c_149-550_Sec13_Nup84_7-436_3IKO_updated_1.pdb_25": [{"rot": [[-0.9951600739006635, 0.04811158386216925, 0.08568373715179824], [-0.04497284977036187, -0.9982578237515903, 0.03819371809958186], [0.08737202125141351, 0.03415542148783002, 0.9955900446897962]], "trans": [24.5899840198162, 920.0740187322764, 18.89103965741748]}], "rb_4XMM.renamed.noAb_Nup145c_149-550_Sec13_Nup84_7-436_3IKO_updated_1.pdb_26": [{"rot": [[-0.7354889275060357, -0.6689778853784507, 0.10735281268134808], [0.6745851536635832, -0.7378079318822373, 0.02396510188449886], [0.06317363352459551, 0.09004468072146807, 0.9939321141310746]], "trans": [350.7330830022061, 773.0191449552657, -6.347855126184413]}], "rb_4XMM.renamed.noAb_Nup145c_149-550_Sec13_Nup84_7-436_3IKO_updated_1.pdb_27": [{"rot": [[-0.04459457799905969, -0.9926333900015359, 0.11265112812192668], [0.9989838464659676, -0.04504591046191048, -0.0014630279273028512], [0.006526723001959063, 0.11247141416695403, 0.9936335254419204]], "trans": [477.77851916789484, 437.7290460726408, -14.801580107322934]}], "rb_4XMM.renamed.noAb_Nup145c_149-550_Sec13_Nup84_7-436_3IKO_updated_1.pdb_28": [{"rot": [[0.67278732306875, -0.7332529718562684, 0.09847485558219533], [0.738185900371586, 0.6741984804168608, -0.02319451435543947], [-0.049384151410897095, 0.08829772515498066, 0.9948691960865406]], "trans": [331.3031980096358, 110.6215063954171, -1.4938190933381748]}], "rb_4XMM.renamed.noAb_Seh1_Nup85_47_544_3F3F_1.pdb_28": [{"rot": [[0.6474773388804808, -0.7388611461538359, 0.1867011042829983], [0.28929333625795367, 0.4649468441620553, 0.8367399821333316], [-0.7050407514697243, -0.48775879162551783, 0.5147901513811438]], "trans": [502.63158586067294, -89.67966867073733, 738.5965171345916]}], "rb_4XMM.renamed.noAb_Seh1_Nup85_47_544_3F3F_1.pdb_29": [{"rot": [[0.6490347369947866, -0.2056695144841371, 0.7324301748193937], [-0.29236912679028365, 0.8213920130437606, 0.4897299813242044], [-0.70233482319617, -0.5319917402740177, 0.4729805327983667]], "trans": [-8.001161955797613, -236.429569871201, 780.0523548526837]}], "rb_4XMM.renamed.noAb_Seh1_Nup85_47_544_3F3F_1.pdb_30": [{"rot": [[0.24012632268483095, 0.42274814881416223, 0.873855452479447], [-0.7046043001614761, 0.6951123411142413, -0.14265908111520526], [-0.6677365718214155, -0.5814661089907796, 0.46478493386436903]], "trans": [-472.6477931827928, 22.066946105496044, 815.8710991518294]}], "rb_4XMM.renamed.noAb_Seh1_Nup85_47_544_3F3F_1.pdb_31": [{"rot": [[-0.33970358933797185, 0.7782559158918658, 0.5281280155134841], [-0.7059190067788348, 0.1600842407331841, -0.6899647757221108], [-0.6215141408361368, -0.6071991149929257, 0.4950044519926319]], "trans": [-619.1098463907748, 534.3790921945085, 825.093629478482]}], "rb_4XMM.renamed.noAb_Seh1_Nup85_47_544_3F3F_1.pdb_32": [{"rot": [[-0.7507824610089049, 0.6525923241353392, -0.10222012874697264], [-0.29554307296854765, -0.4702652829999721, -0.831567709585493], [-0.5907452820477866, -0.594116000529014, 0.545936067368413]], "trans": [-361.58587235629363, 1000.3873064108126, 802.3412624307966]}], "rb_4XMM.renamed.noAb_Seh1_Nup85_47_544_3F3F_1.pdb_33": [{"rot": [[-0.7522944930910449, 0.11937287745219975, -0.6479221494853135], [0.286119492942652, -0.82666859115406, -0.4845148874468155], [-0.5934548267754897, -0.5498810385239181, 0.5877433215688034]], "trans": [149.06486718248112, 1147.0975229458563, 760.9666603348693]}], "rb_4XMM.renamed.noAb_Seh1_Nup85_47_544_3F3F_1.pdb_34": [{"rot": [[-0.34335391587102193, -0.5090349538963715, -0.7892981085545263], [0.6983225584018046, -0.7003396005257699, 0.14788525404029257], [-0.6280554855131768, -0.5004076934331871, 0.5959349356009295]], "trans": [613.6978821675718, 888.5649451345377, 725.2316533815707]}], "rb_4XMM.renamed.noAb_Seh1_Nup85_47_544_3F3F_1.pdb_35": [{"rot": [[0.2364761144535356, -0.8645010017559596, -0.4435279757308431], [0.6995917555997153, -0.165283615063922, 0.6951637951506882], [-0.6742777045030223, -0.4746781483851372, 0.5657121464630147]], "trans": [760.1265144344649, 376.2417191632536, 716.0943174089273]}], "rb_4XMM.renamed.noAb_Nup120_715-1036_Nup85_553-744_Nup145c_92-99_554-712_remaining_updated_1.pdb_35": [{"rot": [[0.9941604905480825, -0.0605309940812949, 0.08933598260905609], [0.05375081477885497, 0.9956240284209175, 0.07644373055727345], [-0.09357226589008388, -0.07119545481583807, 0.9930636627476412]], "trans": [6.037845201242817, -50.352117349059085, 89.7952841591262]}], "rb_4XMM.renamed.noAb_Nup120_715-1036_Nup85_553-744_Nup145c_92-99_554-712_remaining_updated_1.pdb_36": [{"rot": [[0.7408460825584136, 0.6575842001761912, 0.1368579615385615], [-0.6680309145344742, 0.7425648533816358, 0.048292191382696185], [-0.0698697300988457, -0.12720243001196083, 0.9894128373004698]], "trans": [-345.1579769485471, 103.98988092266217, 117.0780573940882]}], "rb_4XMM.renamed.noAb_Nup120_715-1036_Nup85_553-744_Nup145c_92-99_554-712_remaining_updated_1.pdb_37": [{"rot": [[0.052880785795852314, 0.9871749360636977, 0.15062957246585595], [-0.9985105639475933, 0.05429913234733619, -0.0053158170947408545], [-0.013426696491373305, -0.15012411476494986, 0.9885759829104527]], "trans": [-484.78658851370307, 462.20668490634614, 126.50566671283485]}], "rb_4XMM.renamed.noAb_Nup120_715-1036_Nup85_553-744_Nup145c_92-99_554-712_remaining_updated_1.pdb_38": [{"rot": [[-0.6667156285854083, 0.7351623132689473, 0.12258321153001626], [-0.7440884950712405, -0.6659773707534221, -0.052975967636035584], [0.04269170999830203, -0.1265326629507491, 0.9910433406789089]], "trans": [-331.04966673666985, 814.449956766594, 112.57929054833969]}], "rb_4XMM.renamed.noAb_Nup120_715-1036_Nup85_553-744_Nup145c_92-99_554-712_remaining_updated_1.pdb_39": [{"rot": [[-0.9963934347313834, 0.04917887960308637, 0.06914883242094653], [-0.0538087432043545, -0.9963165245055213, -0.06676827204597485], [0.06561053557899711, -0.070248279681588, 0.995369497635332]], "trans": [25.993445254233393, 954.3707380127188, 83.48120132085421]}], "rb_4XMM.renamed.noAb_Nup120_715-1036_Nup85_553-744_Nup145c_92-99_554-712_remaining_updated_1.pdb_40": [{"rot": [[-0.7430227253446939, -0.6689165971260089, 0.021629047845485208], [0.6679530800649414, -0.7432009948589138, -0.03861300392972414], [0.041903609070099976, -0.014243150286345187, 0.9990201300358361]], "trans": [377.1837714861197, 800.0015789029045, 56.281474884084275]}], "rb_4XMM.renamed.noAb_Nup120_715-1036_Nup85_553-744_Nup145c_92-99_554-712_remaining_updated_1.pdb_41": [{"rot": [[-0.05503163451106541, -0.9984536615042131, 0.007861617636900055], [0.9983787218237857, -0.05490942800955079, 0.014996083660936481], [-0.014541217711813572, 0.008674130762921633, 0.9998566459462894]], "trans": [516.7909804080148, 441.77422624400356, 46.938099402018906]}], "rb_4XMM.renamed.noAb_Nup120_715-1036_Nup85_553-744_Nup145c_92-99_554-712_remaining_updated_1.pdb_42": [{"rot": [[0.6645449560847824, -0.7463848547461663, 0.035911696532146195], [0.743900182128299, 0.6653472712711191, 0.062654031327263], [-0.07065776936584099, -0.014921702906110827, 0.9973890025514737]], "trans": [363.0331139110901, 89.54343102445182, 60.94856087483279]}], "rb_4XMM.renamed.noAb_Nup120_2-711_3F7F_updated_1.pdb_42": [{"rot": [[0.942536317491301, 0.3284013024617251, 0.06146441858002151], [-0.32422733427287537, 0.8546627981098741, 0.4054973948588397], [0.08063452064868167, -0.40212446589139933, 0.9120274052961973]], "trans": [-177.87649941416817, 160.6976497262557, 216.0529417301521]}], "rb_4XMM.renamed.noAb_Nup120_2-711_3F7F_updated_1.pdb_43": [{"rot": [[0.44122075295452673, 0.8273962997157012, 0.3474760572744633], [-0.8888821878668889, 0.3497245199298003, 0.2959412378375872], [0.12333978780269235, -0.43944069381048023, 0.8897635491343476]], "trans": [-324.2586941297807, 390.1116612871059, 226.6455398509075]}], "rb_4XMM.renamed.noAb_Nup120_2-711_3F7F_updated_1.pdb_44": [{"rot": [[-0.3114144992049563, 0.8244408589129267, 0.4725656354834127], [-0.9323806452223166, -0.36114029895994065, 0.015621039720231489], [0.18354111828073463, -0.43574643386038175, 0.8811570253242137]], "trans": [-266.0912753416314, 656.1052831923503, 220.756290119131]}], "rb_4XMM.renamed.noAb_Nup120_2-711_3F7F_updated_1.pdb_45": [{"rot": [[-0.8744650961150675, 0.32126631894738233, 0.36345391452901427], [-0.42924069669209997, -0.8614970244597924, -0.2712476749212869], [0.22597172385001146, -0.39320583560893685, 0.891249656865758]], "trans": [-37.44762379715965, 802.8558180150069, 201.8592029673052]}], "rb_4XMM.renamed.noAb_Nup120_2-711_3F7F_updated_1.pdb_46": [{"rot": [[-0.9180880590924471, -0.38736057990810224, 0.08406007902162024], [0.32579118160148535, -0.8582296317421118, -0.39661316820109005], [0.22577515749650198, -0.3367397813342773, 0.9141290378958388]], "trans": [227.73149889265972, 744.3948500686021, 181.04846339908497]}], "rb_4XMM.renamed.noAb_Nup120_2-711_3F7F_updated_1.pdb_47": [{"rot": [[-0.4167284413411689, -0.8863162086647103, -0.20194302274545722], [0.8904066694045731, -0.3532522055311544, -0.28703456650241416], [0.18306657056167763, -0.2994268818018639, 0.9363921044077623]], "trans": [374.10233696976474, 514.9697554709675, 170.5393009861482]}], "rb_4XMM.renamed.noAb_Nup120_2-711_3F7F_updated_1.pdb_48": [{"rot": [[0.33591022388945857, -0.8833053247224558, -0.3270107411133295], [0.9338460528837371, 0.3576123577169922, -0.006704559758627521], [0.1228652554630344, -0.3031255596696678, 0.9449968381296058]], "trans": [315.9207029990344, 248.98110632641044, 176.5121361503697]}], "rb_4XMM.renamed.noAb_Nup120_2-711_3F7F_updated_1.pdb_49": [{"rot": [[0.8989215943021537, -0.38009174634817505, -0.21787664320726796], [0.43066192870157577, 0.8579295736612212, 0.2801555814266645], [0.0804379914239002, -0.3456690772913714, 0.934902464720368]], "trans": [87.27213186082514, 102.24892053894519, 195.49200273675933]}]}
