{"rb_ScNup133N_56-480_renamed_1.pdb_0": [{"rot": [[0.5837494065335583, -0.04314790693093257, 0.810786586284699], [0.6047657170598832, 0.689399953136587, -0.39873065104693756], [-0.5417518415665621, 0.723094712152391, 0.4285311883824646]], "trans": [35.247028522739015, -190.7168090277748, 378.962284395683]}], "rb_ScNup133N_56-480_renamed_1.pdb_1": [{"rot": [[0.8294881504012179, 0.46972533404797956, 0.3021713402979802], [-0.014980209164729336, 0.5595333204295596, -0.8286724664561084], [-0.5583233844980386, 0.6828474016078433, 0.4711628428049792]], "trans": [-417.6894665773873, 0.8082237266132779, 414.1735062260706]}], "rb_ScNup133N_56-480_renamed_1.pdb_2": [{"rot": [[0.5664606088134824, 0.7409724446230342, -0.36066912117898403], [-0.6273447566587435, 0.10393188901739489, -0.7717750441275327], [-0.5343790180718533, 0.6634440434238879, 0.5237184990908011]], "trans": [-603.0759244684373, 457.47697076306895, 426.7692840388263]}], "rb_ScNup133N_56-480_renamed_1.pdb_3": [{"rot": [[-0.05124797567921646, 0.6116930428351053, -0.7894335097624811], [-0.8735961391600457, -0.4105065985984784, -0.26136969631494517], [-0.4839456897560318, 0.6762513984120362, 0.5554103127529421]], "trans": [-412.3084308295141, 911.7665578334829, 409.39483849195733]}], "rb_ScNup133N_56-480_renamed_1.pdb_4": [{"rot": [[-0.6617752045900142, 0.15762082509112718, -0.7329456010424198], [-0.6094768246548804, -0.6824168227900063, 0.40354092751763626], [-0.43656795438791174, 0.7137667374365257, 0.5476727724935473]], "trans": [42.860640083304475, 1097.547856144008, 372.2523696676882]}], "rb_ScNup133N_56-480_renamed_1.pdb_5": [{"rot": [[-0.9074656187890379, -0.3552423010362078, -0.22429680842652489], [0.010288368337292075, -0.5525099402916307, 0.8334428086892893], [-0.4200003573722064, 0.7540130459305299, 0.5050386384958876]], "trans": [495.7887419846533, 905.9876784232122, 337.12446441327273]}], "rb_ScNup133N_56-480_renamed_1.pdb_6": [{"rot": [[-0.6443903094036596, -0.6264538848914286, 0.4385392334228364], [0.6226322510724361, -0.09688723455794357, 0.7764933635931354], [-0.44394843064383394, 0.7734134689053115, 0.45248358759708196]], "trans": [681.1461198337495, 449.3047945736232, 324.613549831398]}], "rb_ScNup133N_56-480_renamed_1.pdb_7": [{"rot": [[-0.026662502033695967, -0.49713435656881444, 0.8672638252021183], [0.8688351429955579, 0.41754108911211085, 0.26605438015367733], [-0.49438305521244175, 0.7606029650362794, 0.42079510963986805]], "trans": [490.3497214868283, -4.969406021828263, 342.07270098920856]}], "rb_ScNup133C_490_881_renamed_relative_3CQC_1.pdb_7": [{"rot": [[0.8207591019639489, 0.3496605811938422, -0.4517653976374408], [-0.27269834614289884, 0.9346918485242719, 0.2280060532380782], [0.5019861637079833, -0.06394236671771027, 0.8625087044107311]], "trans": [153.40501251548022, 98.68073119722209, -224.38614495436036]}], "rb_ScNup133C_490_881_renamed_relative_3CQC_1.pdb_8": [{"rot": [[0.3995448780507792, 0.9055730747315466, -0.1424826190966415], [-0.7423523691404385, 0.4108092760272767, 0.5292907506857841], [0.537844634123056, -0.10570309858843063, 0.8363910595492029]], "trans": [-141.82764242860543, 87.41534321897504, -200.7582245369581]}], "rb_ScNup133C_490_881_renamed_relative_3CQC_1.pdb_9": [{"rot": [[-0.22946392056283194, 0.9295254439406625, 0.28866721016916064], [-0.7755226572336741, -0.35382044663069734, 0.5228534208200928], [0.5881419193333812, -0.10389196606555234, 0.8020570691103461]], "trans": [-358.6053583257287, 288.879854507298, -184.41867996960633]}], "rb_ScNup133C_490_881_renamed_relative_3CQC_1.pdb_10": [{"rot": [[-0.6977850706249715, 0.4074860532100838, 0.5891104409634663], [-0.3527775879565257, -0.91126644663752, 0.21246514224267718], [0.6234131604710288, -0.05956995611794577, 0.7796200688025076]], "trans": [-369.93477929829623, 585.0536304950615, -184.915441946251]}], "rb_ScNup133C_490_881_renamed_relative_3CQC_1.pdb_11": [{"rot": [[-0.7310694391010217, -0.3547270616148069, 0.5828431924374169], [0.27823281640297587, -0.9349689972005941, -0.22004425498108443], [0.6229959671530649, 0.001298472886740551, 0.7822239697677238]], "trans": [-169.17705745647896, 802.4340139535717, -201.93349539544363]}], "rb_ScNup133C_490_881_renamed_relative_3CQC_1.pdb_12": [{"rot": [[-0.30981857362811716, -0.9105987106646696, 0.2735369071457766], [0.7478537637243332, -0.41104280999410836, -0.5213046675750117], [0.5871347371075782, 0.04305573699271262, 0.8083433701055673]], "trans": [126.06301640017233, 813.6766279846061, -225.47941975090674]}], "rb_ScNup133C_490_881_renamed_relative_3CQC_1.pdb_13": [{"rot": [[0.31919282916251146, -0.9344914441358434, -0.15761243176898918], [0.7809746814113381, 0.3535887671571385, -0.5148334980697649], [0.5368374845385588, 0.041239842109268066, 0.8426771568145845]], "trans": [342.83155746065415, 612.1955075631065, -241.73567562649032]}], "rb_ScNup133C_490_881_renamed_relative_3CQC_1.pdb_14": [{"rot": [[0.7874810204553344, -0.4124085618733729, -0.45803146236493186], [0.3581928688780039, 0.910993775052708, -0.2044216488050071], [0.5015690491921991, -0.003085434936753423, 0.8651121135342408]], "trans": [354.1444112745709, 316.0212507109648, -241.1551142158827]}], "rb_ScNup84_506-726_ScNup133C_882_1155_renamed_relative_3CQC_new_1.pdb_14": [{"rot": [[0.9865367909129287, 0.1479047505174913, 0.06978069181069065], [-0.15857686337412624, 0.9694634142477695, 0.1870670116227897], [-0.039981728047242183, -0.1956140925634344, 0.9798655970146825]], "trans": [-56.6319549221015, 49.28527200463867, 87.09448875925341]}], "rb_ScNup84_506-726_ScNup133C_882_1155_renamed_relative_3CQC_new_1.pdb_15": [{"rot": [[0.5868119394700413, 0.7844504619100704, 0.20072174895731948], [-0.8097081043713145, 0.5700022919328482, 0.1395355614412042], [-0.004953121321008266, -0.24440716028868023, 0.9696600469178887]], "trans": [-319.3972960477075, 218.45531224014866, 107.25665966570222]}], "rb_ScNup84_506-726_ScNup133C_882_1155_renamed_relative_3CQC_new_1.pdb_16": [{"rot": [[-0.15491810493502567, 0.9531439189890947, 0.2598404326840789], [-0.9863936376663696, -0.16388148082742449, 0.013055719555669837], [0.0550270145896193, -0.2542823822759246, 0.9655633059149634]], "trans": [-386.02097503861705, 524.4242710308763, 111.1195342475661]}], "rb_ScNup84_506-726_ScNup133C_882_1155_renamed_relative_3CQC_new_1.pdb_17": [{"rot": [[-0.8041374238961577, 0.5551621160199272, 0.21250418449039263], [-0.585128586589029, -0.8022684421888848, -0.11827883929149682], [0.10482147034827846, -0.21945471424440974, 0.9699753026494685]], "trans": [-217.47198800881762, 787.9513349500738, 96.44419100944435]}], "rb_ScNup84_506-726_ScNup133C_882_1155_renamed_relative_3CQC_new_1.pdb_18": [{"rot": [[-0.9805241863735263, -0.17635159527467206, 0.08644324600922171], [0.1590203241023808, -0.9711825089298343, -0.17753047871034577], [0.11525995166972058, -0.1603266951971163, 0.9803114272251767]], "trans": [87.51320523818072, 854.6587510174535, 71.8516578437546]}], "rb_ScNup84_506-726_ScNup133C_882_1155_renamed_relative_3CQC_new_1.pdb_19": [{"rot": [[-0.5807485398545386, -0.8128661684749975, -0.044494107537931385], [0.8101201700251913, -0.5716714390650839, -0.12998875288119954], [0.08022744901325819, -0.11153635239701729, 0.9905166321262818]], "trans": [350.27189154632543, 685.4684911213573, 51.772592334862225]}], "rb_ScNup84_506-726_ScNup133C_882_1155_renamed_relative_3CQC_new_1.pdb_20": [{"rot": [[0.16099530509336668, -0.9815023917448162, -0.1036029282264594], [0.9867474809299928, 0.16222554957251034, -0.003504275133106284], [0.02024649639333445, -0.10166575660024421, 0.9946125644283267]], "trans": [416.87824091809256, 379.4947118867625, 47.993599073886685]}], "rb_ScNup84_506-726_ScNup133C_882_1155_renamed_relative_3CQC_new_1.pdb_21": [{"rot": [[0.8101833455114933, -0.5834707877219208, -0.05625643546265091], [0.5854314876436687, 0.8005812530915066, 0.12782656403796488], [-0.029545218413867425, -0.13649724199994745, 0.9901997692361286]], "trans": [248.315228081238, 115.9812842147611, 62.75247049809889]}], "rb_4XMM.renamed.noAb_Nup145c_149-550_Sec13_Nup84_7-436_3IKO_updated_1.pdb_21": [{"rot": [[0.992807222128492, -0.012735766472921357, 0.11904461324165624], [0.01515867662747103, 0.9996955276183335, -0.019469632323368194], [-0.11876040675415384, 0.021134150379198885, 0.9926979971146002]], "trans": [-29.01704837443117, -4.181486411385549, 56.2111762969094]}], "rb_4XMM.renamed.noAb_Nup145c_149-550_Sec13_Nup84_7-436_3IKO_updated_1.pdb_22": [{"rot": [[0.7121816912178872, 0.6961638755708025, 0.09029450173887504], [-0.695816489878817, 0.7170775650558335, -0.04048676458202958], [-0.09293358438559057, -0.03399447078333045, 0.9950918172959765]], "trans": [-338.123972094707, 159.40813430779758, 80.09420966102007]}], "rb_4XMM.renamed.noAb_Nup145c_149-550_Sec13_Nup84_7-436_3IKO_updated_1.pdb_23": [{"rot": [[0.012514901725385497, 0.9984000443550035, 0.05514280249254463], [-0.9992845698658638, 0.014456211053514356, -0.03494805273506051], [-0.03568929339171988, -0.05466598022448784, 0.9978666769380048]], "trans": [-441.46172644059703, 494.30537233004674, 86.74267364506386]}], "rb_4XMM.renamed.noAb_Nup145c_149-550_Sec13_Nup84_7-436_3IKO_updated_1.pdb_24": [{"rot": [[-0.6963184757625728, 0.7169185306759174, 0.034181876560124703], [-0.7174696831773302, -0.6965630382529734, -0.006098152278252503], [0.019437953418745768, -0.028770716245360112, 0.9993970241368643]], "trans": [-278.49168451467966, 804.3228203660517, 72.28580920503225]}], "rb_4XMM.renamed.noAb_Nup145c_149-550_Sec13_Nup84_7-436_3IKO_updated_1.pdb_25": [{"rot": [[-0.9990738541629198, 0.016615174136095433, 0.03969092990188254], [-0.015462964025261159, -0.9994550812484744, 0.02916225831719984], [0.040153837570055584, 0.028521510391857532, 0.9987863599255673]], "trans": [55.317918584515894, 907.8480029054825, 45.216656272870864]}], "rb_4XMM.renamed.noAb_Nup145c_149-550_Sec13_Nup84_7-436_3IKO_updated_1.pdb_26": [{"rot": [[-0.718392863957897, -0.6922624447261071, 0.06844268139256422], [0.6954901532163208, -0.7167814883684183, 0.05017713335269115], [0.014322702032405762, 0.08364810550268743, 0.996392420009457]], "trans": [364.4186239853406, 744.2345251068468, 21.416711212482767]}], "rb_4XMM.renamed.noAb_Nup145c_149-550_Sec13_Nup84_7-436_3IKO_updated_1.pdb_27": [{"rot": [[-0.01870238681156844, -0.9944438216067863, 0.10359394960923242], [0.9989033080283443, -0.01413643601960124, 0.04463566272269263], [-0.042923209777237334, 0.1043151323862144, 0.9936176081459432]], "trans": [467.7367934833094, 409.3295860098018, 14.852322320655219]}], "rb_4XMM.renamed.noAb_Nup145c_149-550_Sec13_Nup84_7-436_3IKO_updated_1.pdb_28": [{"rot": [[0.6901090301280186, -0.7129068451718266, 0.12455262599768102], [0.7170327961964433, 0.6968606968368014, 0.0157841180569933], [-0.09804843555342826, 0.07841555528898926, 0.9920874482495201]], "trans": [304.7490999395861, 99.3253378922168, 29.39300606929072]}], "rb_4XMM.renamed.noAb_Seh1_Nup85_47_544_3F3F_1.pdb_28": [{"rot": [[0.6599184179583841, -0.7245798003432482, 0.19872542508155783], [0.2993232778055419, 0.4961403235037673, 0.815015554917406], [-0.6891395047470821, -0.47836062999385665, 0.5442957382423921]], "trans": [485.0157137981263, -105.09401100366904, 716.5890861990606]}], "rb_4XMM.renamed.noAb_Seh1_Nup85_47_544_3F3F_1.pdb_29": [{"rot": [[0.6652400976458646, -0.17336799603222214, 0.7262225212948823], [-0.2931290819335197, 0.8339252663920278, 0.4675938316507194], [-0.6866811150810368, -0.5239391071725423, 0.5039413241304058]], "trans": [-31.791810843621306, -236.1816273617536, 758.4608874530074]}], "rb_4XMM.renamed.noAb_Seh1_Nup85_47_544_3F3F_1.pdb_30": [{"rot": [[0.25138868169562395, 0.4546430590024516, 0.8544608941409972], [-0.7156609773028696, 0.6816734832055023, -0.15215330381027645], [-0.6516387774536141, -0.5732547001075299, 0.49673529421955526]], "trans": [-489.7660290195932, 37.76540666221571, 793.6726250500409]}], "rb_4XMM.renamed.noAb_Seh1_Nup85_47_544_3F3F_1.pdb_31": [{"rot": [[-0.33919583512372165, 0.7915556337655852, 0.508316696645592], [-0.7207472662954183, 0.12857621528500107, -0.6811692410779199], [-0.6045407873439189, -0.5974176391076437, 0.5268990424366388]], "trans": [-620.6172729465649, 556.2651726789971, 801.6207715215058]}], "rb_4XMM.renamed.noAb_Seh1_Nup85_47_544_3F3F_1.pdb_32": [{"rot": [[-0.7605407156177125, 0.6400015914936308, -0.10943391966534069], [-0.3054083291026558, -0.5013543591501688, -0.8095489849761102], [-0.572977811439871, -0.5822729338091768, 0.5767622197672385]], "trans": [-347.68912559031327, 1015.5733137044386, 777.6731954967393]}], "rb_4XMM.renamed.noAb_Seh1_Nup85_47_544_3F3F_1.pdb_33": [{"rot": [[-0.7658161878301538, 0.08876342706149565, -0.6369039334731662], [0.28704442858888285, -0.8390960275747853, -0.46208587137489837], [-0.5754398860640219, -0.5366925661163158, 0.617114273860289]], "trans": [169.13516938025526, 1146.6207612762275, 735.8827295730574]}], "rb_4XMM.renamed.noAb_Seh1_Nup85_47_544_3F3F_1.pdb_34": [{"rot": [[-0.35193180575483973, -0.5392357703483571, -0.765093973362066], [0.7095438277396112, -0.6867949584681835, 0.15767130854822337], [-0.6104846931862916, -0.4873781581067232, 0.6243164024641186]], "trans": [627.0945660880865, 872.6381896329792, 700.7548228353094]}], "rb_4XMM.renamed.noAb_Seh1_Nup85_47_544_3F3F_1.pdb_35": [{"rot": [[0.238653123818724, -0.8761052161045523, -0.4189085064855601], [0.7145837630855046, -0.13367126555808506, 0.6866600602180539], [-0.6575824906626745, -0.4632187853255712, 0.5941494970925905]], "trans": [757.9119060535033, 354.1285691927477, 692.8919032551399]}], "rb_4XMM.renamed.noAb_Nup120_715-1036_Nup85_553-744_Nup145c_92-99_554-712_remaining_updated_1.pdb_35": [{"rot": [[0.9989759623137904, -0.032878315649018705, 0.031081233555316463], [0.031249257400738303, 0.9981829177778363, 0.05152035101227195], [-0.032718658761309895, -0.050496326763526084, 0.99818816380092]], "trans": [7.686758692000467, -33.220712373586935, 45.35518318817202]}], "rb_4XMM.renamed.noAb_Nup120_715-1036_Nup85_553-744_Nup145c_92-99_554-712_remaining_updated_1.pdb_36": [{"rot": [[0.7295996238279718, 0.6794015377674737, 0.0780893039364127], [-0.6838304171174961, 0.7260778862017194, 0.07201988471077776], [-0.007768496314775546, -0.10594552207636941, 0.9943415896043835]], "trans": [-332.7900668460469, 112.38168814652703, 71.82610829069387]}], "rb_4XMM.renamed.noAb_Nup120_715-1036_Nup85_553-744_Nup145c_92-99_554-712_remaining_updated_1.pdb_37": [{"rot": [[0.03499689319011118, 0.9914392504694841, 0.12579121628932233], [-0.9981793136503968, 0.028489508270910846, 0.053163951310112006], [0.049125098142011006, -0.1274227630644887, 0.9906311948376896]], "trans": [-470.9969066479287, 456.81760034368324, 81.20744414219274]}], "rb_4XMM.renamed.noAb_Nup120_715-1036_Nup85_553-744_Nup145c_92-99_554-712_remaining_updated_1.pdb_38": [{"rot": [[-0.677924156093632, 0.7204387306244258, 0.14624251776074676], [-0.7276474162895494, -0.6859251082265936, 0.005998622465045567], [0.1046330547765824, -0.10234637912794567, 0.9892305810717331]], "trans": [-325.96833190199715, 798.3117271016057, 68.02747682521203]}], "rb_4XMM.renamed.noAb_Nup120_715-1036_Nup85_553-744_Nup145c_92-99_554-712_remaining_updated_1.pdb_39": [{"rot": [[-0.9915243211660454, 0.025155903864863764, 0.1274625475853748], [-0.03071612500869139, -0.998651807700463, -0.04184598715584487], [0.12623802993021813, -0.04540646955378081, 0.9909602475992658]], "trans": [17.33778674194059, 936.8121106934951, 40.03122193276448]}], "rb_4XMM.renamed.noAb_Nup120_715-1036_Nup85_553-744_Nup145c_92-99_554-712_remaining_updated_1.pdb_40": [{"rot": [[-0.7220922035653817, -0.6871027464055931, 0.08045287708951884], [0.6843423830286436, -0.7264908801524419, -0.06234183062764606], [0.10128352452776876, 0.010040763776735143, 0.9948069313801604]], "trans": [357.8097977052566, 791.1833903509937, 13.643285229226592]}], "rb_4XMM.renamed.noAb_Nup120_715-1036_Nup85_553-744_Nup145c_92-99_554-712_remaining_updated_1.pdb_41": [{"rot": [[-0.027464936774968696, -0.9990860600115427, 0.032752434086005255], [0.9986367514892217, -0.02887803440924025, -0.04348215385318393], [0.044388239692515305, 0.031513549772595996, 0.9985171908173283]], "trans": [495.99630964954997, 446.73704061087517, 4.346097006624802]}], "rb_4XMM.renamed.noAb_Nup120_715-1036_Nup85_553-744_Nup145c_92-99_554-712_remaining_updated_1.pdb_42": [{"rot": [[0.6854350320749085, -0.7280298128778976, 0.012304810662538636], [0.7280489077782407, 0.68551528815165, 0.0036847785916190937], [-0.01111776449553461, 0.006432827631143941, 0.9999175036178174]], "trans": [350.9476287872989, 105.25470663961198, 17.61008611729983]}], "rb_4XMM.renamed.noAb_Nup120_2-711_3F7F_updated_1.pdb_42": [{"rot": [[0.9868649789155365, 0.12879442713077865, 0.09751671102990976], [-0.15530025961957183, 0.9226006670884827, 0.3531144834893901], [-0.044489805035872784, -0.3636206878437195, 0.9304840958446999]], "trans": [-94.5271598644681, 33.712196595898945, 266.01472417760107]}], "rb_4XMM.renamed.noAb_Nup120_2-711_3F7F_updated_1.pdb_43": [{"rot": [[0.5892654572054477, 0.7345432741790529, 0.33647050287175195], [-0.8078821748145973, 0.5406568808233065, 0.2345560249391337], [-0.00962354203447599, -0.41004428489704353, 0.9120148419088261]], "trans": [-353.7045791295585, 244.4564180060133, 285.6886374722637]}], "rb_4XMM.renamed.noAb_Nup120_2-711_3F7F_updated_1.pdb_44": [{"rot": [[-0.1519837713077783, 0.8937999226505228, 0.4219272822762026], [-0.987100686133899, -0.15899938871047503, -0.018746461630904404], [0.050330594006514934, -0.41933386777079273, 0.9064358436466072]], "trans": [-388.48491473123516, 577.2657126292098, 286.88280950286014]}], "rb_4XMM.renamed.noAb_Nup120_2-711_3F7F_updated_1.pdb_45": [{"rot": [[-0.8026484569469721, 0.5132695823518579, 0.30382526292754497], [-0.5879670626656205, -0.7664996336665726, -0.2584048080229352], [0.10025062484096947, -0.38604746783440635, 0.9170153569039265]], "trans": [-178.49144233203998, 837.1758198593457, 268.92168235722784]}], "rb_4XMM.renamed.noAb_Nup120_2-711_3F7F_updated_1.pdb_46": [{"rot": [[-0.9815600524926258, -0.18412770789218547, 0.051350272998695545], [0.15570059117842966, -0.92596164479625, -0.3440237757378228], [0.11089269253362932, -0.3296847275088585, 0.9375557536435092]], "trans": [153.26061436788098, 871.9278509436738, 242.3511424703574]}], "rb_4XMM.renamed.noAb_Nup120_2-711_3F7F_updated_1.pdb_47": [{"rot": [[-0.5839096226205995, -0.7898467821548543, -0.18759427851266766], [0.8082512780624875, -0.5439703275653861, -0.22544656626074164], [0.0760225237769799, -0.2832637347914939, 0.9560241798357141]], "trans": [412.42813618897884, 661.1636928645371, 222.76059165377654]}], "rb_4XMM.renamed.noAb_Nup120_2-711_3F7F_updated_1.pdb_48": [{"rot": [[0.15735360397901316, -0.9490488660941303, -0.27303130421301186], [0.9874116046451875, 0.15569841831460646, 0.02786261915798073], [0.016067555098045916, -0.27397856175214175, 0.9616015710123378]], "trans": [447.1890479256606, 328.35207799450166, 221.65045570379135]}], "rb_4XMM.renamed.noAb_Nup120_2-711_3F7F_updated_1.pdb_49": [{"rot": [[0.8079871773526642, -0.568471134189002, -0.1549105897850131], [0.5882269254537787, 0.7631687761779112, 0.2675116880405423], [-0.03384974748599474, -0.30726859367819453, 0.9510206127808986]], "trans": [237.18183069298607, 68.45885976338354, 239.69507281400666]}]}
