{"rb_ScNup133N_56-480_renamed_1.pdb_0": [{"rot": [[-0.6069236106050027, -0.2683587911178918, 0.7480824086422122], [0.2935406645165776, -0.9504045687414077, -0.10278635118841312], [0.7385645599169757, 0.15720914396181118, 0.655597190269636]], "trans": [811.8761921952121, 240.75075849506027, -352.8501360554123]}], "rb_ScNup133N_56-480_renamed_1.pdb_1": [{"rot": [[-0.20872982747775293, -0.8571683320928976, 0.4708442519328341], [0.6778410944645241, -0.4738462180701024, -0.5621398511721079], [0.7049562467105644, 0.2018222288989583, 0.6799297597149376]], "trans": [422.60853712726066, -283.5930958518413, -319.230674842721]}], "rb_ScNup133N_56-480_renamed_1.pdb_2": [{"rot": [[0.34382989754992793, -0.9377494986540559, -0.04905995642960853], [0.6670114533284573, 0.2806694994555175, -0.6901596577633689], [0.660966506473261, 0.20457397158352822, 0.7219922211984535]], "trans": [-222.35202418444626, -378.0783084093036, -267.3223710161034]}], "rb_ScNup133N_56-480_renamed_1.pdb_3": [{"rot": [[0.7270582864647018, -0.4628967072353917, -0.5070630005370588], [0.26739589758382537, 0.8711366378373272, -0.41184996318176276], [0.632365149291415, 0.16385236235132833, 0.7571437917024327]], "trans": [-745.1765876403329, 12.646007375510976, -227.5098359630892]}], "rb_ScNup133N_56-480_renamed_1.pdb_4": [{"rot": [[0.7164547455200106, 0.289214581525682, -0.6348602393084506], [-0.28690514563483016, 0.9516512218246115, 0.10975148932011194], [0.6359072534812882, 0.10351269406527108, 0.7647921855885008]], "trans": [-839.5852388023322, 659.688154898185, -223.0918091732923]}], "rb_ScNup133N_56-480_renamed_1.pdb_5": [{"rot": [[0.31823097851118176, 0.8779869699037571, -0.3575862483304361], [-0.6711743095653119, 0.475046672861985, 0.5690832142861768], [0.6695178044647836, 0.058902795196652036, 0.7404568658758445]], "trans": [-450.27014531850017, 1184.0018376408352, -256.63242813316646]}], "rb_ScNup133N_56-480_renamed_1.pdb_6": [{"rot": [[-0.2343279168928981, 0.9585092910962811, 0.1623279589187911], [-0.660301299781932, -0.27947534414410535, 0.6970622106539891], [0.7135072675670007, 0.05615577350228196, 0.6983938059801462]], "trans": [194.70433504478052, 1278.4368242250703, -308.45912043210376]}], "rb_ScNup133N_56-480_renamed_1.pdb_7": [{"rot": [[-0.6175251486840935, 0.4836104339839448, 0.6203093090423113], [-0.2606556787252325, -0.8699051928710517, 0.41871657784743577], [0.742105995051231, 0.09688087302372886, 0.6632441394774503]], "trans": [717.5049708897902, 887.671884771714, -348.18707406383845]}], "rb_ScNup133C_490_881_renamed_relative_3CQC_1.pdb_7": [{"rot": [[0.7556467347375847, 0.3882742528170096, -0.527485655615221], [-0.322123241679315, 0.9215240581075296, 0.2168640760915478], [0.5702934590633459, 0.0060427583456525436, 0.8214188064691118]], "trans": [201.6144592102704, 133.7946869190538, -265.71121293596036]}], "rb_ScNup133C_490_881_renamed_relative_3CQC_1.pdb_8": [{"rot": [[0.3198903133845184, 0.9250483102503593, -0.2048311770842259], [-0.7274774172318295, 0.3783158950419639, 0.5724104217921826], [0.6069981835396719, -0.03409849353787747, 0.7939713457789179]], "trans": [-83.71192067721915, 75.88784946295297, -242.64595130455376]}], "rb_ScNup133C_490_881_renamed_relative_3CQC_1.pdb_9": [{"rot": [[-0.2740806038812448, 0.9218403122162969, 0.2740260231238123], [-0.7048837341914992, -0.3863975900832488, 0.5948410070347413], [0.6542314145991002, -0.030122104023749263, 0.7556943264315555]], "trans": [-326.359524003371, 237.3582055794276, -224.04982607143876]}], "rb_ScNup133C_490_881_renamed_relative_3CQC_1.pdb_10": [{"rot": [[-0.6783094787354879, 0.38052954919594834, 0.6285646452405023], [-0.26757789065428067, -0.9246364552216193, 0.27101567871288096], [0.6843232594984594, 0.015642501843568912, 0.7290109660666823]], "trans": [-384.1800500692548, 523.6142607186052, -220.79270470235303]}], "rb_ScNup133C_490_881_renamed_relative_3CQC_1.pdb_11": [{"rot": [[-0.6559933366614595, -0.3817765013516072, 0.651090965435315], [0.3282601842233293, -0.9210927840070916, -0.209364119905323], [0.6796454912006922, 0.07638577266605912, 0.729552753421422]], "trans": [-223.29950609679446, 766.9632983647575, -234.75864991953216]}], "rb_ScNup133C_490_881_renamed_relative_3CQC_1.pdb_12": [{"rot": [[-0.22020528834372916, -0.9185082065002993, 0.3284087477170146], [0.7335801448611715, -0.37784250900290034, -0.5648851294341664], [0.6429384123311632, 0.1165234439157882, 0.7570023018241665]], "trans": [62.03793017853644, 824.8481378385169, -257.7422091937381]}], "rb_ScNup133C_490_881_renamed_relative_3CQC_1.pdb_13": [{"rot": [[0.3737638829016959, -0.9152405654569816, -0.15045021495574873], [0.7109398433061528, 0.38687069886462183, -0.5872781296454186], [0.5957055472614547, 0.11254230183350017, 0.7952792787819554]], "trans": [304.67947866806134, 663.3591407950983, -276.25528453276894]}], "rb_ScNup133C_490_881_renamed_relative_3CQC_1.pdb_14": [{"rot": [[0.7779586615939306, -0.37388780841856833, -0.5049635903378966], [0.27360228743745524, 0.9250670599704495, -0.2634249852740248], [0.5656165743327994, 0.06677455558510267, 0.8219604914875408]], "trans": [362.48421236004685, 377.09895549257436, -279.42865046747136]}], "rb_ScNup84_506-726_ScNup133C_882_1155_renamed_relative_3CQC_new_1.pdb_14": [{"rot": [[0.9822189511298551, 0.1543787207432575, 0.10683231076338404], [-0.17377156200374186, 0.9629769194388087, 0.20610409230998664], [-0.07105896340468698, -0.22100376288610815, 0.9726808112171401]], "trans": [-67.32270483029254, 54.947475725480246, 115.96369819652381]}], "rb_ScNup84_506-726_ScNup133C_882_1155_renamed_relative_3CQC_new_1.pdb_15": [{"rot": [[0.5724243698784015, 0.7839652909805074, 0.24026810713693325], [-0.8191992379010394, 0.5593906487001703, 0.12647019715790817], [-0.035255487398029486, -0.26922207317501357, 0.9624326085101629]], "trans": [-322.41390704146147, 231.65635194675153, 135.47751271598827]}], "rb_ScNup84_506-726_ScNup133C_882_1155_renamed_relative_3CQC_new_1.pdb_16": [{"rot": [[-0.17240825638510943, 0.9448282959410904, 0.2785226818758265], [-0.9847103673664589, -0.1724723588521781, -0.024469937330944352], [0.024917574746777166, -0.2784829916189173, 0.9601178770587069]], "trans": [-378.29508255765376, 537.510219612654, 138.48470322560178]}], "rb_ScNup84_506-726_ScNup133C_882_1155_renamed_relative_3CQC_new_1.pdb_17": [{"rot": [[-0.8159454730554824, 0.542731919150727, 0.1991859657085164], [-0.5733461970522319, -0.8038764341256643, -0.15829345211710472], [0.07420999478512905, -0.24336134161443046, 0.967092619184748]], "trans": [-202.22833749764536, 793.3356873001476, 123.24762002463328]}], "rb_ScNup84_506-726_ScNup133C_882_1155_renamed_relative_3CQC_new_1.pdb_18": [{"rot": [[-0.9811941047324585, -0.18677011230787474, 0.048734525613511145], [0.17391034183676554, -0.9649361670276195, -0.1966046453272819], [0.08374557803543707, -0.18443188094944646, 0.9792709326069883]], "trans": [102.64585968056929, 849.2667056939837, 98.7163661962694]}], "rb_ScNup84_506-726_ScNup133C_882_1155_renamed_relative_3CQC_new_1.pdb_19": [{"rot": [[-0.571349172973958, -0.8163252224276226, -0.08469506343622989], [0.8193058325021606, -0.5613004950818437, -0.11696027979112969], [0.04793824537794693, -0.13621631858690827, 0.9895185896084591]], "trans": [357.72981888307544, 672.5382123868727, 79.28570102503164]}], "rb_ScNup84_506-726_ScNup133C_882_1155_renamed_relative_3CQC_new_1.pdb_20": [{"rot": [[0.17349638238235127, -0.9771311509733158, -0.1229378668181628], [0.9847584964357465, 0.1705751138228529, 0.033982852174719705], [-0.012235562833193069, -0.1269600107982201, 0.9918323682257355]], "trans": [413.59367346448425, 366.6803674250559, 76.36238704179624]}], "rb_ScNup84_506-726_ScNup133C_882_1155_renamed_relative_3CQC_new_1.pdb_21": [{"rot": [[0.8170015326864131, -0.5749855176392947, -0.04359071108762365], [0.5733438302226673, 0.8019476085440134, 0.16780013556651113], [-0.06152518129720143, -0.1620854331999353, 0.9848568243205387]], "trans": [237.51350306992066, 110.86912577795908, 91.68294769785635]}], "rb_4XMM.renamed.noAb_Nup145c_149-550_Sec13_Nup84_7-436_3IKO_updated_1.pdb_21": [{"rot": [[0.9994127044233704, -0.012464715676936827, 0.03191985432700093], [0.012467696240375314, 0.9999222696718076, 0.00010566379593410258], [-0.03191869025542191, 0.0002923653077319367, 0.999490426034639]], "trans": [-4.704382473343344, -6.902249277650242, 16.740766002148348]}], "rb_4XMM.renamed.noAb_Nup145c_149-550_Sec13_Nup84_7-436_3IKO_updated_1.pdb_22": [{"rot": [[0.7166842571331511, 0.6961038640923014, 0.04246275984046731], [-0.6973725785799676, 0.7158463985226806, 0.0351485471511011], [-0.00592977421402012, -0.05480277472786504, 0.9984795910081969]], "trans": [-323.58610242595864, 138.07613221880356, 41.493463619022634]}], "rb_4XMM.renamed.noAb_Nup145c_149-550_Sec13_Nup84_7-436_3IKO_updated_1.pdb_23": [{"rot": [[0.01632991317273469, 0.9970781803521841, 0.07462195522329038], [-0.9985467808313869, 0.012429406816019006, 0.05243888192433473], [0.051358158329941735, -0.07536983555626023, 0.9958321783619856]], "trans": [-446.9571590675862, 466.7523813963845, 49.76897389130784]}], "rb_4XMM.renamed.noAb_Nup145c_149-550_Sec13_Nup84_7-436_3IKO_updated_1.pdb_24": [{"rot": [[-0.6913728777696166, 0.714143234899813, 0.10955813037555748], [-0.7146228162787497, -0.6982571135268321, 0.04184774621175449], [0.10638502873236194, -0.049360342948622106, 0.9930990797526738]], "trans": [-302.54313454639816, 786.5834339469319, 36.74339111799088]}], "rb_4XMM.renamed.noAb_Nup145c_149-550_Sec13_Nup84_7-436_3IKO_updated_1.pdb_25": [{"rot": [[-0.9918418421505211, 0.013046308163918052, 0.1268051812930009], [-0.01192734668489108, -0.9998829782090932, 0.00957957664880338], [0.12691532043263004, 0.007988975591649182, 0.9918813828822864]], "trans": [25.05811267461098, 910.2078664636734, 10.071290249584763]}], "rb_4XMM.renamed.noAb_Nup145c_149-550_Sec13_Nup84_7-436_3IKO_updated_1.pdb_26": [{"rot": [[-0.7090580240232478, -0.6955001347069464, 0.11625954236476438], [0.6978907138559852, -0.7157515027752046, -0.025462478053350987], [0.10092209907561606, 0.06308208063827128, 0.9928924317470226]], "trans": [343.9350661350525, 765.204860068983, -14.598431047389795]}], "rb_4XMM.renamed.noAb_Nup145c_149-550_Sec13_Nup84_7-436_3IKO_updated_1.pdb_27": [{"rot": [[-0.008680171298588835, -0.9964195969741838, 0.08409899756851769], [0.9990099370443803, -0.012310911788141532, -0.04275028815721528], [0.04363256023667988, 0.08364465444215181, 0.9955399396661306]], "trans": [467.28702367202004, 436.51933724643993, -22.789897292907995]}], "rb_4XMM.renamed.noAb_Nup145c_149-550_Sec13_Nup84_7-436_3IKO_updated_1.pdb_28": [{"rot": [[0.6990004945696274, -0.7134292146772286, 0.04916364750958381], [0.7150304361554859, 0.6983533780395416, -0.032156410745823344], [-0.011392276449832029, 0.05763085133668695, 0.9982729591707354]], "trans": [322.8545826370201, 116.70002852654136, -9.680427159484736]}], "rb_4XMM.renamed.noAb_Seh1_Nup85_47_544_3F3F_1.pdb_28": [{"rot": [[0.6919068992519936, -0.688437265813255, 0.2175292481645926], [0.26868891645711146, 0.525180574670615, 0.8074599867248764], [-0.6701276810732315, -0.5002394376977928, 0.5483515259677875]], "trans": [446.1199321941164, -103.85952497567473, 719.379025800932]}], "rb_4XMM.renamed.noAb_Seh1_Nup85_47_544_3F3F_1.pdb_29": [{"rot": [[0.666697013727729, -0.12770448075341567, 0.734306923215368], [-0.336239895999211, 0.8277274691487897, 0.4492326448010773], [-0.6651750327732991, -0.5464053462513261, 0.5089040905347495]], "trans": [-58.44121059804445, -207.73568161549983, 760.1423179904906]}], "rb_4XMM.renamed.noAb_Seh1_Nup85_47_544_3F3F_1.pdb_30": [{"rot": [[0.22245402733984393, 0.4822023254580298, 0.8473459287936322], [-0.745932676951728, 0.6438149884999975, -0.1705482396226], [-0.6277727671505859, -0.594123874209417, 0.5029097085148386]], "trans": [-488.571570918654, 76.75791421374113, 793.0834137029167]}], "rb_4XMM.renamed.noAb_Seh1_Nup85_47_544_3F3F_1.pdb_31": [{"rot": [[-0.3805782546595306, 0.7839911460564489, 0.49042642158166005], [-0.7203856186502441, 0.08118165705427871, -0.6888062855402943], [-0.579831658778823, -0.6154408350629719, 0.5338799734161053]], "trans": [-592.2928055145549, 582.9610195107567, 798.9289595016082]}], "rb_4XMM.renamed.noAb_Seh1_Nup85_47_544_3F3F_1.pdb_32": [{"rot": [[-0.7891350187199848, 0.6008698347129173, -0.12736311853072363], [-0.27456454806129027, -0.5305739864974913, -0.8019386222149735], [-0.5494362849118168, -0.59786845257483, 0.5836720673786518]], "trans": [-308.8416393507966, 1014.3328345239499, 774.2785571366824]}], "rb_4XMM.renamed.noAb_Seh1_Nup85_47_544_3F3F_1.pdb_33": [{"rot": [[-0.7638779518045314, 0.04011343762296629, -0.6441128681131689], [0.33036226558702864, -0.833076860408112, -0.44367073165666315], [-0.5543926841356313, -0.5517008761771379, 0.6231170796906942]], "trans": [195.73415111171158, 1118.16978447118, 733.5967647853724]}], "rb_4XMM.renamed.noAb_Seh1_Nup85_47_544_3F3F_1.pdb_34": [{"rot": [[-0.3196029998368869, -0.5697790411329122, -0.7571035376888106], [0.7400201653914551, -0.6491165158502198, 0.17611900426832122], [-0.5917973278997265, -0.503983723086491, 0.6291075659651638]], "trans": [625.8488666406512, 833.6428367675454, 700.7395549215348]}], "rb_4XMM.renamed.noAb_Seh1_Nup85_47_544_3F3F_1.pdb_35": [{"rot": [[0.28342730604348026, -0.8715239880155742, -0.4001435998517965], [0.7144257774701691, -0.08645951650668587, 0.6943490192198478], [-0.6397380484816185, -0.4826703743952485, 0.5981342148766202]], "trans": [729.5371556009441, 327.4320060029768, 694.9791492712507]}], "rb_4XMM.renamed.noAb_Nup120_715-1036_Nup85_553-744_Nup145c_92-99_554-712_remaining_updated_1.pdb_35": [{"rot": [[0.9918382772663616, -0.07900755686059126, 0.10007316177785767], [0.07325848501969125, 0.9955136366529911, 0.05988149639543974], [-0.10435528794419814, -0.052061552002008446, 0.993176504293787]], "trans": [15.637582866828438, -54.85553832859489, 87.3770428882334]}], "rb_4XMM.renamed.noAb_Nup120_715-1036_Nup85_553-744_Nup145c_92-99_554-712_remaining_updated_1.pdb_36": [{"rot": [[0.7527393037514052, 0.6447858218092933, 0.13279602622655828], [-0.6532215247829821, 0.7566105062545341, 0.029020361566566816], [-0.081762950949965, -0.10858998949706478, 0.9907184433697507]], "trans": [-341.5749909397774, 93.90067548370007, 115.16656596522668]}], "rb_4XMM.renamed.noAb_Nup120_715-1036_Nup85_553-744_Nup145c_92-99_554-712_remaining_updated_1.pdb_37": [{"rot": [[0.07151773919295512, 0.9883716173009386, 0.13418926594424874], [-0.997105799120748, 0.07432270694676602, -0.016005017709466725], [-0.02579221472661182, -0.13265625257044242, 0.9908264632686514]], "trans": [-489.3970328308555, 452.43734989056065, 125.24568609432384]}], "rb_4XMM.renamed.noAb_Nup120_715-1036_Nup85_553-744_Nup145c_92-99_554-712_remaining_updated_1.pdb_38": [{"rot": [[-0.6527572186665892, 0.7504724260556221, 0.10343670145962597], [-0.756942081318275, -0.6516559481778534, -0.04881813939491268], [0.030768474258840446, -0.11016198497944736, 0.9934372844106323]], "trans": [-341.2303930365573, 810.7187624525188, 111.73391748949268]}], "rb_4XMM.renamed.noAb_Nup120_715-1036_Nup85_553-744_Nup145c_92-99_554-712_remaining_updated_1.pdb_39": [{"rot": [[-0.9957950872361997, 0.07045294868344738, 0.05855361865894119], [-0.07342166357267314, -0.9960369266482836, -0.05019661414142103], [0.054785066892999036, -0.05428464584805759, 0.9970214509581428]], "trans": [16.128735041259176, 958.8587267180411, 82.5706496165671]}], "rb_4XMM.renamed.noAb_Nup120_715-1036_Nup85_553-744_Nup145c_92-99_554-712_remaining_updated_1.pdb_40": [{"rot": [[-0.756639446273853, -0.6533218166963349, 0.025833160298303084], [0.653039555762794, -0.7570769955047514, -0.019332912005993276], [0.03218830457681784, 0.0022420316900770166, 0.9994793076109034]], "trans": [373.3362487501675, 810.0748796420685, 54.86414089877019]}], "rb_4XMM.renamed.noAb_Nup120_715-1036_Nup85_553-744_Nup145c_92-99_554-712_remaining_updated_1.pdb_41": [{"rot": [[-0.07539104234982863, -0.9968544073000565, 0.02444343224383628], [0.9968703512982171, -0.07476225174616646, 0.02569257512223689], [-0.023784310710535585, 0.026303922906963956, 0.9993710072859472]], "trans": [521.1368632728093, 451.52701348912865, 44.86925970594723]}], "rb_4XMM.renamed.noAb_Nup120_715-1036_Nup85_553-744_Nup145c_92-99_554-712_remaining_updated_1.pdb_42": [{"rot": [[0.6488652039146843, -0.7588985877425299, 0.055198556785012995], [0.7566497949947285, 0.6511977070958048, 0.05850328202418373], [-0.08034323171985404, 0.003805232655084704, 0.9967599938406688]], "trans": [372.9488079724206, 93.25764057170647, 58.465153269865084]}], "rb_4XMM.renamed.noAb_Nup120_2-711_3F7F_updated_1.pdb_42": [{"rot": [[0.9258603831873757, 0.33870552012141775, 0.16751454111033892], [-0.3773385251556126, 0.8521615579001003, 0.3625414688979218], [-0.0199546555348534, -0.3988724731998381, 0.9167892679596175]], "trans": [-202.61884781177594, 207.95167014272613, 275.9588525477893]}], "rb_4XMM.renamed.noAb_Nup120_2-711_3F7F_updated_1.pdb_43": [{"rot": [[0.3899670938390946, 0.8330023328472456, 0.3924700997448579], [-0.920478356423718, 0.34088116474910674, 0.19110109072107506], [0.025401989650083362, -0.435783369336578, 0.8996930553980496]], "trans": [-307.3017086531313, 444.4130147209985, 283.1934669520109]}], "rb_4XMM.renamed.noAb_Nup120_2-711_3F7F_updated_1.pdb_44": [{"rot": [[-0.37196147732880863, 0.8222530392489117, 0.4307488814022609], [-0.9242416956352587, -0.37113370500668547, -0.08964965731821631], [0.08615072508477956, -0.4314622955183215, 0.8980079844374595]], "trans": [-214.66996711258184, 685.8082025149251, 274.67688028994786]}], "rb_4XMM.renamed.noAb_Nup120_2-711_3F7F_updated_1.pdb_45": [{"rot": [[-0.9135768301333231, 0.3127547270813599, 0.2599266360568197], [-0.3864239256170313, -0.8667747012546699, -0.31524302843298824], [0.12670408499442054, -0.3884405977149439, 0.9127211934060613]], "trans": [21.013309847126663, 790.724645637856, 255.42223401329534]}], "rb_4XMM.renamed.noAb_Nup120_2-711_3F7F_updated_1.pdb_46": [{"rot": [[-0.9175930541250896, -0.3970213084614565, -0.019926556374446652], [0.37791372072372914, -0.8556883398547301, -0.35352324495767445], [0.12330533934156393, -0.3319209931056029, 0.9352134770338015]], "trans": [261.68344878805567, 697.7009291817091, 236.73317630261514]}], "rb_4XMM.renamed.noAb_Nup120_2-711_3F7F_updated_1.pdb_47": [{"rot": [[-0.38165738866097343, -0.8912782579164542, -0.24486874983528917], [0.9210114729997918, -0.3443691676326468, -0.182065216301061], [0.07794552125196674, -0.29501346299687536, 0.9523085384303507]], "trans": [366.35440220891354, 461.23177467607684, 229.58202558172422]}], "rb_4XMM.renamed.noAb_Nup120_2-711_3F7F_updated_1.pdb_48": [{"rot": [[0.38027149673726324, -0.880473431269909, -0.28312563571141863], [0.9247150102495325, 0.36764483472355514, 0.09868852679160388], [0.017197051735950153, -0.2993389589226285, 0.9539918495892449]], "trans": [273.71036307458314, 219.8442638406168, 238.18203167533207]}], "rb_4XMM.renamed.noAb_Nup120_2-711_3F7F_updated_1.pdb_49": [{"rot": [[0.9218449178060494, -0.37093644831942196, -0.11228579083450738], [0.38685474813217746, 0.8632458252361798, 0.32426848298885963], [-0.0233527592105831, -0.3423635443800634, 0.9392773030989158]], "trans": [38.025429130169584, 114.94672088182392, 257.5191946549039]}]}
