{"rb_ScNup133N_56-480_renamed_1.pdb_0": [{"rot": [[-0.7286116631170669, -0.28236043639849717, 0.6240173301492751], [0.24277337611915106, -0.9583857809122658, -0.15019248580702393], [0.6404577520941475, 0.04206279712565633, 0.7668406541651759]], "trans": [924.9865853484796, 285.5724022218155, -303.18151113127743]}], "rb_ScNup133N_56-480_renamed_1.pdb_1": [{"rot": [[-0.33272948884203624, -0.8749976886511266, 0.35166764438898995], [0.7220540312565857, -0.4762542088362599, -0.5018166044600947], [0.6065715647811298, 0.08695385799912417, 0.7902594278956989]], "trans": [535.3779422188561, -328.75497026476125, -269.0970587522311]}], "rb_ScNup133N_56-480_renamed_1.pdb_2": [{"rot": [[0.285146021392276, -0.9543579218921436, -0.08884088814201416], [0.77999802531452, 0.2849159765573516, -0.5571588344519156], [0.5570411358145841, 0.08957590760956241, 0.8256399516655659]], "trans": [-173.25261586901934, -486.6004149318925, -211.80558448730466]}], "rb_ScNup133N_56-480_renamed_1.pdb_3": [{"rot": [[0.7630546816459148, -0.47395079250967204, -0.4394521579167659], [0.3826609495635001, 0.8792205481653766, -0.283798917127835], [0.5208820888621616, 0.04839291232427673, 0.8522558157850041]], "trans": [-785.7774029571364, -95.49572787762327, -164.84523686949302]}], "rb_ScNup133N_56-480_renamed_1.pdb_4": [{"rot": [[0.8210308602301891, 0.2847944293635118, -0.49477313948231205], [-0.23719153456875844, 0.9585075082453746, 0.1581250535688661], [0.5192769034711531, -0.012469548538378894, 0.8545150717691617]], "trans": [-943.3688488305143, 615.444567440747, -155.70204477302468]}], "rb_ScNup133N_56-480_renamed_1.pdb_5": [{"rot": [[0.42511129426631356, 0.8773940944464685, -0.2223960218117159], [-0.7164411019575524, 0.47632943763634605, 0.5097277844760736], [0.5531659198767255, -0.057357387244362706, 0.8310942156070107]], "trans": [-553.705749117878, 1229.7417385627325, -189.7082141458331]}], "rb_ScNup133N_56-480_renamed_1.pdb_6": [{"rot": [[-0.1927687520381935, 0.9566949632783245, 0.21811683904622825], [-0.7743365986076259, -0.28484695118814446, 0.5650354382298395], [0.6026964744333629, -0.05997467496118364, 0.79571351507241]], "trans": [154.9436714586678, 1387.531957850141, -246.91844658115207]}], "rb_ScNup133N_56-480_renamed_1.pdb_7": [{"rot": [[-0.6706464354494996, 0.47624146875512835, 0.5687067979695989], [-0.3769620262548638, -0.8791137970676287, 0.29164801142329], [0.6388528699009682, -0.018788167640571146, 0.7690994834064071]], "trans": [767.4445037078168, 996.3796067974965, -293.7941763529081]}], "rb_ScNup133C_490_881_renamed_relative_3CQC_1.pdb_7": [{"rot": [[0.7566083761979623, 0.3602653768093328, -0.5456671360266376], [-0.29929837195762854, 0.932780772887319, 0.20084948164048033], [0.5813469270673035, 0.011352885279348232, 0.8135765866746891]], "trans": [213.68412781216955, 123.27009457927294, -271.6859432912755]}], "rb_ScNup133C_490_881_renamed_relative_3CQC_1.pdb_8": [{"rot": [[0.3368818743886279, 0.9132324844448221, -0.22916594874270244], [-0.711379015390589, 0.4063210197211941, 0.5734484505120276], [0.6168066951406422, -0.030160541896112336, 0.7865366123342332]], "trans": [-82.69306858420583, 59.59550583082424, -247.71180032344148]}], "rb_ScNup133C_490_881_renamed_relative_3CQC_1.pdb_9": [{"rot": [[-0.2504914610951978, 0.9332847491104286, 0.2573589030833742], [-0.7049106337513045, -0.35804098078107505, 0.6122970312729439], [0.6635925152853426, -0.028039849486230117, 0.7475685523736685]], "trans": [-337.22329733025936, 224.828053260376, -228.18686110396243]}], "rb_ScNup133C_490_881_renamed_relative_3CQC_1.pdb_10": [{"rot": [[-0.6614200483630599, 0.40867527142810817, 0.6288943012514658], [-0.28368249620824854, -0.9125311912210526, 0.29463717754849555], [0.6942965943805748, 0.016472630993523307, 0.7195004457675386]], "trans": [-400.79724821106373, 522.1722975999578, -224.52510542806527]}], "rb_ScNup133C_490_881_renamed_relative_3CQC_1.pdb_11": [{"rot": [[-0.655176126900364, -0.3532723195822004, 0.6677895708655902], [0.30554401494911676, -0.932321428011032, -0.193441489345598], [0.6909320499648365, 0.07730086085213325, 0.7187749851260177]], "trans": [-236.17049106867265, 777.4399047567765, -238.84763650025917]}], "rb_ScNup133C_490_881_renamed_relative_3CQC_1.pdb_12": [{"rot": [[-0.23541747393925044, -0.906198381645625, 0.35125931456249193], [0.7175917013909997, -0.4058182913971055, -0.5660156044335735], [0.6554698795969437, 0.11881080536038513, 0.745817155521904]], "trans": [60.21821186488933, 841.0916279802865, -262.7401087695784]}], "rb_ScNup133C_490_881_renamed_relative_3CQC_1.pdb_13": [{"rot": [[0.3519553730186539, -0.9261910313479369, -0.1352685804388601], [0.7110772185273668, 0.35854525749806293, -0.6048259978018723], [0.6086843226950098, 0.11668535373512753, 0.7847852722426845]], "trans": [314.74209266969405, 675.8395071120375, -282.18197019561]}], "rb_ScNup133C_490_881_renamed_relative_3CQC_1.pdb_14": [{"rot": [[0.7628511182682665, -0.40153829259716073, -0.5067792132033546], [0.28981684227394217, 0.9129942742056443, -0.2871369937887985], [0.5779830181685401, 0.07216962550730414, 0.8128512630628799]], "trans": [378.2993865228315, 378.490681406734, -285.7598993235519]}], "rb_ScNup84_506-726_ScNup133C_882_1155_renamed_relative_3CQC_new_1.pdb_14": [{"rot": [[0.9768640759494895, 0.19564624192173372, 0.08636622685548395], [-0.21038890995785117, 0.9516297138831318, 0.22391380980514897], [-0.03838077234889459, -0.23690385323293428, 0.970774680673786]], "trans": [-70.44654041964134, 73.39908082812093, 101.36809757199512]}], "rb_ScNup84_506-726_ScNup133C_882_1155_renamed_relative_3CQC_new_1.pdb_15": [{"rot": [[0.5434592384219439, 0.8049075792627165, 0.23827682434360925], [-0.8394352002204735, 0.5213673506962997, 0.15337741117497022], [-0.0007751158979275169, -0.2833723248190548, 0.9590096583048522]], "trans": [-311.9088754981742, 246.0643514084898, 119.81528104138647]}], "rb_ScNup84_506-726_ScNup133C_882_1155_renamed_relative_3CQC_new_1.pdb_16": [{"rot": [[-0.20652735605656874, 0.9325893962245227, 0.29601261670723333], [-0.9766195941782835, -0.21493303794015334, -0.004237625380037774], [0.0596709264829047, -0.2899669071659674, 0.9551746297307497]], "trans": [-360.99976076673096, 539.3924155829308, 122.34218732126641]}], "rb_ScNup84_506-726_ScNup133C_882_1155_renamed_relative_3CQC_new_1.pdb_17": [{"rot": [[-0.8337429856295531, 0.5038938841173075, 0.22575116270507298], [-0.5415775395508418, -0.8259363025275135, -0.1565981890739359], [0.10754721087771299, -0.25282440095123976, 0.9615162087640913]], "trans": [-188.95915011424557, 781.5476742275308, 107.49252398468911]}], "rb_ScNup84_506-726_ScNup133C_882_1155_renamed_relative_3CQC_new_1.pdb_18": [{"rot": [[-0.9707558907527779, -0.230043081459802, 0.0686526127780951], [0.21083719396812628, -0.9537081155244741, -0.21444931341089055], [0.11480713483240866, -0.19370341002479682, 0.9743194089908801]], "trans": [103.43105430570984, 830.6722792343159, 83.98943809566134]}], "rb_ScNup84_506-726_ScNup133C_882_1155_renamed_relative_3CQC_new_1.pdb_19": [{"rot": [[-0.5373019797230965, -0.8392708775605201, -0.08325248743692257], [0.8398494464354663, -0.5233979472948532, -0.14390099405346063], [0.07719773252940329, -0.14723784447732102, 0.9860839351931407]], "trans": [344.88646138130656, 657.9884611285601, 65.62537366267298]}], "rb_ScNup84_506-726_ScNup133C_882_1155_renamed_relative_3CQC_new_1.pdb_20": [{"rot": [[0.2126953346781586, -0.9668952711171215, -0.14097598837210984], [0.9769749712830511, 0.2129124382390657, 0.013718568787468466], [0.016751122130369875, -0.14064788777099776, 0.9899179620417691]], "trans": [393.96100246568466, 364.6569521936301, 63.18226346506367]}], "rb_ScNup84_506-726_ScNup133C_882_1155_renamed_relative_3CQC_new_1.pdb_21": [{"rot": [[0.839877050712599, -0.5381520928802, -0.07070264927827077], [0.5418837025852653, 0.8238820352550769, 0.1660736127638445], [-0.03112221969573121, -0.1777940294627808, 0.9835754625490603]], "trans": [221.90803277984963, 122.51560313306311, 78.11532080563336]}], "rb_4XMM.renamed.noAb_Nup145c_149-550_Sec13_Nup84_7-436_3IKO_updated_1.pdb_21": [{"rot": [[0.9989107626537996, -0.021107622180812084, 0.04161437900869183], [0.021848776277631526, 0.9996092255506179, -0.017436374888905256], [-0.041230076759290274, 0.018326605795087363, 0.9989815895653218]], "trans": [-3.971375477956258, -5.931808918618572, 14.269279723008651]}], "rb_4XMM.renamed.noAb_Nup145c_149-550_Sec13_Nup84_7-436_3IKO_updated_1.pdb_22": [{"rot": [[0.722757896851636, 0.6901123708170526, 0.03695860094577699], [-0.690921795842777, 0.7227550103913173, 0.015882914834534863], [-0.015751017998667398, -0.03701500505897482, 0.9991905698276441]], "trans": [-322.4311514137635, 138.10337807761167, 38.992934875675076]}], "rb_4XMM.renamed.noAb_Nup145c_149-550_Sec13_Nup84_7-436_3IKO_updated_1.pdb_23": [{"rot": [[0.024989350286737932, 0.9980527055277224, 0.05715180977923746], [-0.9988316106440902, 0.022561633643642, 0.042736240656670275], [0.04136358241716331, -0.058152985100728215, 0.9974503919361077]], "trans": [-446.16859070775496, 465.81365084301046, 47.30234804539316]}], "rb_4XMM.renamed.noAb_Nup145c_149-550_Sec13_Nup84_7-436_3IKO_updated_1.pdb_24": [{"rot": [[-0.685632223926671, 0.7223175919189676, 0.09036453905018751], [-0.7215027570873102, -0.6907877518670085, 0.04739254567899995], [0.09665518624874236, -0.03270440757619508, 0.9947804766360832]], "trans": [-302.69464338435205, 785.2218276719412, 34.3537527358028]}], "rb_4XMM.renamed.noAb_Nup145c_149-550_Sec13_Nup84_7-436_3IKO_updated_1.pdb_25": [{"rot": [[-0.9928146878501788, 0.024436547407898926, 0.11714030365222192], [-0.02139838792283405, -0.9994030178821585, 0.02712410076554238], [0.11773319235991675, 0.024422591975809923, 0.9927448979561301]], "trans": [23.9435425710015, 909.2142117179021, 7.756623555642477]}], "rb_4XMM.renamed.noAb_Nup145c_149-550_Sec13_Nup84_7-436_3IKO_updated_1.pdb_26": [{"rot": [[-0.7166062228446541, -0.6867618720081722, 0.12179348314318801], [0.6913504859211829, -0.7224929900948831, -0.006195553268325736], [0.09224980757087432, 0.07976221172702863, 0.9925361265886248]], "trans": [342.39862556650206, 765.1544329093337, -16.884061300641918]}], "rb_4XMM.renamed.noAb_Nup145c_149-550_Sec13_Nup84_7-436_3IKO_updated_1.pdb_27": [{"rot": [[-0.018813642249689788, -0.9946476043375976, 0.10159817936744703], [0.9992055243877946, -0.022275467214359967, -0.033047293282442575], [0.035133558006761705, 0.1008957221385586, 0.9942764637443278]], "trans": [466.1170411059789, 437.4348577103559, -25.109436309395903]}], "rb_4XMM.renamed.noAb_Nup145c_149-550_Sec13_Nup84_7-436_3IKO_updated_1.pdb_28": [{"rot": [[0.6917863213467977, -0.7188568463929739, 0.06838508603061128], [0.7218209051872173, 0.6910522527889277, -0.03770099136700428], [-0.02015605199864511, 0.0754428148288288, 0.996946395378674]], "trans": [322.62471027601106, 118.03835091372059, -12.076955911517132]}], "rb_4XMM.renamed.noAb_Seh1_Nup85_47_544_3F3F_1.pdb_28": [{"rot": [[0.6543855334822675, -0.7256668678894724, 0.21257274147125862], [0.2960330009246193, 0.504538954183769, 0.8110517283593619], [-0.6958045960847685, -0.4678119713716473, 0.5449843332690221]], "trans": [484.6020890693549, -107.29840087815955, 715.2527473816135]}], "rb_4XMM.renamed.noAb_Seh1_Nup85_47_544_3F3F_1.pdb_29": [{"rot": [[0.6588662299261571, -0.16800917964202539, 0.733258621919239], [-0.29194016250559734, 0.8412376564762457, 0.45507158430576033], [-0.6933009682519513, -0.5138989403397938, 0.5052144559872956]], "trans": [-33.665536930546864, -237.52581528473218, 757.2367424661215]}], "rb_4XMM.renamed.noAb_Seh1_Nup85_47_544_3F3F_1.pdb_30": [{"rot": [[0.2475772869420987, 0.46379579261800186, 0.8506461953951385], [-0.7107095185712897, 0.6836456777438267, -0.1658932413160483], [-0.6584811821172647, -0.5634909493967214, 0.4988792266124399]], "trans": [-492.0662308835171, 38.064956397830805, 792.4744752634454]}], "rb_4XMM.renamed.noAb_Seh1_Nup85_47_544_3F3F_1.pdb_31": [{"rot": [[-0.3385424334957498, 0.7996277876905763, 0.4959681661919895], [-0.7149540738412544, 0.12408262117486318, -0.6880727980527671], [-0.6117431593573927, -0.5875363003895543, 0.5296899118389793]], "trans": [-622.0604894828573, 558.0290710831825, 800.3471899500674]}], "rb_4XMM.renamed.noAb_Seh1_Nup85_47_544_3F3F_1.pdb_32": [{"rot": [[-0.7561357348668387, 0.6427516876310537, -0.12300007522279158], [-0.3021873079901173, -0.5096515848534482, -0.8055669388362762], [-0.5804666927111891, -0.5719488876672417, 0.5795971778305455]], "trans": [-347.49392978276427, 1017.7643356898063, 776.2669441584733]}], "rb_4XMM.renamed.noAb_Seh1_Nup85_47_544_3F3F_1.pdb_33": [{"rot": [[-0.7605705731624348, 0.08506772380731338, -0.6436582055762219], [0.28578618753512713, -0.8463065067974175, -0.44954593932821135], [-0.5829739773381797, -0.5258600373850341, 0.6193646444768285]], "trans": [170.79039949521945, 1147.9514667390904, 734.3642903060313]}], "rb_4XMM.renamed.noAb_Seh1_Nup85_47_544_3F3F_1.pdb_34": [{"rot": [[-0.34924895757775815, -0.5467249744288079, -0.7609973508276243], [0.7045232486295039, -0.6886649445478684, 0.17142807906351026], [-0.61779621055116, -0.47626924789103714, 0.6256959690951558]], "trans": [629.1761437902721, 872.3251240189959, 699.2103987481077]}], "rb_4XMM.renamed.noAb_Seh1_Nup85_47_544_3F3F_1.pdb_35": [{"rot": [[0.23687110984290805, -0.882513336173545, -0.4062785852067793], [0.7087218007113655, -0.12907554801661478, 0.6935797806313586], [-0.6645340371404779, -0.4522275029009666, 0.5948821724524342]], "trans": [759.1363841946212, 352.3512222215667, 691.4229197303919]}], "rb_4XMM.renamed.noAb_Nup120_715-1036_Nup85_553-744_Nup145c_92-99_554-712_remaining_updated_1.pdb_35": [{"rot": [[0.9977950018434675, -0.05019039392820614, 0.043428776790588784], [0.05035194833935899, 0.9987280642152815, -0.0026334477833587083], [-0.04324136439366614, 0.004814364561252356, 0.9990530547970143]], "trans": [14.465951371400024, -26.356932437649448, 21.740709617555808]}], "rb_4XMM.renamed.noAb_Nup120_715-1036_Nup85_553-744_Nup145c_92-99_554-712_remaining_updated_1.pdb_36": [{"rot": [[0.7420215670797045, 0.6686060385415641, 0.048682226883500636], [-0.6700967079449783, 0.7418501354603514, 0.02507545650154583], [-0.019349314971916644, -0.05122832949858029, 0.9984995053914162]], "trans": [-323.6119534191565, 111.09716209707798, 48.06007123858603]}], "rb_4XMM.renamed.noAb_Nup120_715-1036_Nup85_553-744_Nup145c_92-99_554-712_remaining_updated_1.pdb_37": [{"rot": [[0.053256512086900465, 0.9959868448736897, 0.07193016584778882], [-0.9978897925099413, 0.050402004809364354, 0.04093409233955498], [0.03714439291204301, -0.07395838525650344, 0.9965693409519711]], "trans": [-465.8655650980384, 448.0720057668869, 57.80026148798561]}], "rb_4XMM.renamed.noAb_Nup120_715-1036_Nup85_553-744_Nup145c_92-99_554-712_remaining_updated_1.pdb_38": [{"rot": [[-0.6650118823328843, 0.7401677326494427, 0.09955362324223392], [-0.7410014945348822, -0.6705562633836891, 0.03565224724999767], [0.0931449486185081, -0.05006021555573957, 0.9943932790226249]], "trans": [-328.9587988285682, 787.163100599887, 45.27934448216024]}], "rb_4XMM.renamed.noAb_Nup120_715-1036_Nup85_553-744_Nup145c_92-99_554-712_remaining_updated_1.pdb_39": [{"rot": [[-0.9920118631441786, 0.051011144859269414, 0.11537038823442071], [-0.04992060109859256, -0.9986771500997369, 0.012324100560352349], [0.11584643700679588, 0.006466294828811082, 0.9932460873640612]], "trans": [6.908344662457466, 929.7262188536491, 17.856254849238837]}], "rb_4XMM.renamed.noAb_Nup120_715-1036_Nup85_553-744_Nup145c_92-99_554-712_remaining_updated_1.pdb_40": [{"rot": [[-0.7361822308879975, -0.6677652722614589, 0.11011477687553982], [0.6705079561833518, -0.741742813396016, -0.015384390471718447], [0.09195000608806118, 0.0625071190900823, 0.9937998070252695]], "trans": [344.98207033053694, 792.2459925103316, -8.380169937063044]}], "rb_4XMM.renamed.noAb_Nup120_715-1036_Nup85_553-744_Nup145c_92-99_554-712_remaining_updated_1.pdb_41": [{"rot": [[-0.0473915913378265, -0.995092158815938, 0.0868656004037438], [0.9982469704125303, -0.05026901048771354, -0.031241201109904092], [0.03545452203417469, 0.08523275220019935, 0.9957300612212661]], "trans": [487.21593617904057, 455.26039342822094, -18.036257402153524]}], "rb_4XMM.renamed.noAb_Nup120_715-1036_Nup85_553-744_Nup145c_92-99_554-712_remaining_updated_1.pdb_42": [{"rot": [[0.6708567869098268, -0.7392168093514542, 0.059242554209598994], [0.7413023059333899, 0.6706691551008661, -0.025957188101325444], [-0.02054416400977171, 0.06133019785182882, 0.9979060798274522]], "trans": [350.28925143567085, 116.180453841744, -5.431330456962826]}], "rb_4XMM.renamed.noAb_Nup120_2-711_3F7F_updated_1.pdb_42": [{"rot": [[0.9938543930021474, 0.07611724401468126, 0.08037170319174067], [-0.10141429631499221, 0.9171239642951844, 0.38548511594926604], [-0.04436875041362718, -0.3912669156459483, 0.9192070575814996]], "trans": [-62.3735897938202, -4.462536802551426, 285.780492285785]}], "rb_4XMM.renamed.noAb_Nup120_2-711_3F7F_updated_1.pdb_43": [{"rot": [[0.6322119857697123, 0.6927906481074132, 0.3469137110925799], [-0.7746983328719094, 0.5723168831062168, 0.26887892880824205], [-0.012267766487826903, -0.43874195514732106, 0.8985293532761768]], "trans": [-357.43160414520264, 195.94088601415197, 308.3646240509505]}], "rb_4XMM.renamed.noAb_Nup120_2-711_3F7F_updated_1.pdb_44": [{"rot": [[-0.09819518138903738, 0.8859523806302032, 0.453261608353992], [-0.9940558648370499, -0.10883982382458235, -0.002613490558028314], [0.047017485418055616, -0.45082399226916425, 0.8913737061746064]], "trans": [-424.88182507156813, 546.8931778301022, 312.0745139865203]}], "rb_4XMM.renamed.noAb_Nup120_2-711_3F7F_updated_1.pdb_45": [{"rot": [[-0.7694842912114489, 0.5424455750907726, 0.3371152972548903], [-0.6309841570440338, -0.7273149532675831, -0.26994805484167084], [0.09875686881550243, -0.4204351993087787, 0.9019319952435123]], "trans": [-225.2090487668732, 842.8016544673803, 294.7608611599761]}], "rb_4XMM.renamed.noAb_Nup120_2-711_3F7F_updated_1.pdb_46": [{"rot": [[-0.9884047179871052, -0.13649863837992202, 0.06651492450011524], [0.1018242647709102, -0.9207970538957504, -0.37651640686797133], [0.11264072338498334, -0.365377759664339, 0.9240190258744534]], "trans": [124.61751036270994, 910.3190747975275, 266.5902524207989]}], "rb_4XMM.renamed.noAb_Nup120_2-711_3F7F_updated_1.pdb_47": [{"rot": [[-0.6267097889328095, -0.7531451664173378, -0.20001799608533008], [0.7750798945098399, -0.5759415830634853, -0.25988930340615946], [0.08053569135734703, -0.31790509778945675, 0.9446959040966925]], "trans": [419.6664347638513, 709.8928987906966, 244.08943247516834]}], "rb_4XMM.renamed.noAb_Nup120_2-711_3F7F_updated_1.pdb_48": [{"rot": [[0.10371450661293186, -0.9462537781811114, -0.30634472150831177], [0.9943800913673116, 0.10523026195353208, 0.011611453893676404], [0.02124935317533444, -0.3058273683749706, 0.951849823103659]], "trans": [487.0958176717926, 358.93572315595054, 240.4637038099827]}], "rb_4XMM.renamed.noAb_Nup120_2-711_3F7F_updated_1.pdb_49": [{"rot": [[0.7749753173368568, -0.6026987260685986, -0.19017755680921863], [0.6312557078914426, 0.7236784098213191, 0.2789368932446148], [-0.03048751831666316, -0.33621987560787114, 0.9412899162708139]], "trans": [287.4064891640263, 63.043326671478894, 257.86107430126845]}]}
