{"rb_ScNup133N_56-480_renamed_1.pdb_0": [{"rot": [[-0.42566138994409985, -0.026739950932617204, 0.904487344375244], [0.1978297280883305, -0.9781328459594856, 0.06418359868142028], [0.8829925140086733, 0.206254965223438, 0.42164334398318715]], "trans": [607.6259714924365, 254.3807417678018, -380.70863950752215]}], "rb_ScNup133N_56-480_renamed_1.pdb_1": [{"rot": [[-0.1448454431260044, -0.7044531441375181, 0.6948133312771132], [0.49073576363700133, -0.660912117255449, -0.5677795201947071], [0.85918461804972, 0.25872947450897005, 0.44143046012602216]], "trans": [286.865234940449, -131.61178068940126, -353.2227484578142]}], "rb_ScNup133N_56-480_renamed_1.pdb_2": [{"rot": [[0.26026184454741325, -0.9602378062775687, 0.10103033043607473], [0.4985693181910735, 0.044044889262996156, -0.8657301442645396], [0.8268569448406831, 0.27568714718871956, 0.49020831249957303]], "trans": [-212.11289158922446, -176.9032800721683, -313.1894992561533]}], "rb_ScNup133N_56-480_renamed_1.pdb_3": [{"rot": [[0.5523429119443085, -0.6442516757073921, -0.5290152039148792], [0.2167413850396529, 0.7237644192835527, -0.6551245968441703], [0.8049475011676084, 0.24719393950370458, 0.5394021474156959]], "trans": [-596.998072644653, 145.03875936324607, -284.0369288524999]}], "rb_ScNup133N_56-480_renamed_1.pdb_4": [{"rot": [[0.56029255144053, 0.05839611688056179, -0.8262337141109254], [-0.1896492588033011, 0.9800571880748051, -0.05933857715067019], [0.8062911480573386, 0.18994157427003516, 0.5601935227474529]], "trans": [-642.3172289432503, 645.6162683279997, -282.8190191393699]}], "rb_ScNup133N_56-480_renamed_1.pdb_5": [{"rot": [[0.27945375212927454, 0.7360845872543936, -0.6165104060982267], [-0.4825332440665079, 0.6627832779507987, 0.5726080638966307], [0.830100758216449, 0.13746929429994462, 0.5404025576671092]], "trans": [-321.5198463859306, 1031.5840007228426, -310.2252338980556]}], "rb_ScNup133N_56-480_renamed_1.pdb_6": [{"rot": [[-0.12565415752585435, 0.9918142740616811, -0.022704150809264856], [-0.49033500251858886, -0.042193780975691375, 0.8705120735245848], [0.8624283262982291, 0.12051610105905947, 0.4916230785713373]], "trans": [177.4683584213983, 1076.8367335610287, -350.176621194104]}], "rb_ScNup133N_56-480_renamed_1.pdb_7": [{"rot": [[-0.417713252027356, 0.6757751209821308, 0.6073249747394869], [-0.20848415405352064, -0.7218884874089962, 0.659857082446601], [0.8843359071016621, 0.14901341418791508, 0.4424307921050957]], "trans": [562.3349727081791, 754.8648946775958, -379.24509013374245]}], "rb_ScNup133C_490_881_renamed_relative_3CQC_1.pdb_7": [{"rot": [[0.7525054576425807, 0.4060057422604133, -0.5185507433894008], [-0.29771602267086683, 0.9120366488019562, 0.2820537556692626], [0.5874527266624687, -0.05786612561479339, 0.8071869705608254]], "trans": [196.1248414471458, 102.43161848340685, -255.8758907955721]}], "rb_ScNup133C_490_881_renamed_relative_3CQC_1.pdb_8": [{"rot": [[0.3352093885288431, 0.9296669671518828, -0.15282014274544556], [-0.7070168587480955, 0.35542973875346584, 0.6113892886333698], [0.6227052491252133, -0.0968970123185558, 0.7764336041901091]], "trans": [-109.51994519962727, 58.14641935450129, -231.25740203578357]}], "rb_ScNup133C_490_881_renamed_relative_3CQC_1.pdb_9": [{"rot": [[-0.24848527273362986, 0.9077387040874159, 0.33803182444289287], [-0.700307694167589, -0.4094525911321206, 0.5847372992249302], [0.6691966846332749, -0.09142768025543269, 0.7374393375450906]], "trans": [-356.9383011289371, 243.6577778971349, -212.39798910860588]}], "rb_ScNup133C_490_881_renamed_relative_3CQC_1.pdb_10": [{"rot": [[-0.656641963482558, 0.35306683875868694, 0.666457154783949], [-0.28151885213982897, -0.9345314871669753, 0.2177108986324588], [0.6996916947367907, -0.04466214126558375, 0.7130475618455819]], "trans": [-401.18715149931154, 550.2906413620567, -210.32175712331548]}], "rb_ScNup133C_490_881_renamed_relative_3CQC_1.pdb_11": [{"rot": [[-0.6501567392678794, -0.4094140292514335, 0.6400596589667739], [0.3040172587526501, -0.9122083284414461, -0.2746806726047264], [0.6963258725374785, 0.01600369251663783, 0.7175473232203923]], "trans": [-216.3429825157316, 798.4152716033202, -226.2209871505799]}], "rb_ScNup133C_490_881_renamed_relative_3CQC_1.pdb_12": [{"rot": [[-0.23282873587621472, -0.9330318564823781, 0.2743033622457601], [0.7132853286898706, -0.3555603360934864, -0.6039874893347279], [0.6610709641377883, 0.055030920273350215, 0.7483025980095224]], "trans": [89.31179866770316, 842.676878463486, -250.7576811600975]}], "rb_ScNup133C_490_881_renamed_relative_3CQC_1.pdb_13": [{"rot": [[0.35086541798075144, -0.9110439367308956, -0.21654653959613873], [0.7065303516228225, 0.40932024722277693, -0.5772969750909951], [0.6145797919724671, 0.049556841700760135, 0.7872965125921253]], "trans": [336.7222248405854, 657.1465053503924, -269.5338929325212]}], "rb_ScNup133C_490_881_renamed_relative_3CQC_1.pdb_14": [{"rot": [[0.7589894568860385, -0.3563311034170731, -0.5449432530763224], [0.2877094883625596, 0.9343555909844521, -0.21024480945375745], [0.5840875402214875, 0.0027882492111985097, 0.8116858819915165]], "trans": [380.9536932030959, 350.5105776071296, -271.52624796579215]}], "rb_ScNup84_506-726_ScNup133C_882_1155_renamed_relative_3CQC_new_1.pdb_14": [{"rot": [[0.987285185758572, 0.1509530107898674, 0.04981114850246398], [-0.1575184833039885, 0.9711548537291173, 0.17901446169509952], [-0.021351566670187096, -0.18458450263185514, 0.9825846894740817]], "trans": [-51.79487097319338, 51.17548573746814, 72.57311628393359]}], "rb_ScNup84_506-726_ScNup133C_882_1155_renamed_relative_3CQC_new_1.pdb_15": [{"rot": [[0.5884569549659519, 0.7880219931598837, 0.18094129005984738], [-0.8084140843088954, 0.5696852996640517, 0.14807203529933574], [0.013604427338478983, -0.23340950632526, 0.9722833547447928]], "trans": [-314.92257611614923, 215.54646129006863, 92.78751956216217]}], "rb_ScNup84_506-726_ScNup133C_882_1155_renamed_relative_3CQC_new_1.pdb_16": [{"rot": [[-0.15247274911180103, 0.9556698640952597, 0.2518872200776282], [-0.9855690848998777, -0.16598925684469074, 0.03318351249887286], [0.07352305534936182, -0.24319267561399344, 0.9671875117368915]], "trans": [-385.18540850575664, 518.3803918293958, 96.95571059649609]}], "rb_ScNup84_506-726_ScNup133C_882_1155_renamed_relative_3CQC_new_1.pdb_17": [{"rot": [[-0.8014568587171123, 0.5556861369670717, 0.22108781241377723], [-0.5852035878452296, -0.8049002875830428, -0.09834779012160652], [0.12330314022103135, -0.20820289198602834, 0.9702823771357928]], "trans": [-221.42049688298243, 782.2730076822709, 82.65990920871559]}], "rb_ScNup84_506-726_ScNup133C_882_1155_renamed_relative_3CQC_new_1.pdb_18": [{"rot": [[-0.978311331767244, -0.17761308110243512, 0.1065857943494264], [0.15814265352692747, -0.9727647020989434, -0.16946898089565854], [0.13378280633646686, -0.14893766404657588, 0.9797549351532177]], "trans": [80.43827777756121, 852.6324103913748, 58.2988023237686]}], "rb_ScNup84_506-726_ScNup133C_882_1155_renamed_relative_3CQC_new_1.pdb_19": [{"rot": [[-0.5794323243013602, -0.8146507686491685, -0.024541937454872785], [0.8090069298387802, -0.5712451594807343, -0.1385162634590537], [0.09882291752195399, -0.10011539796228122, 0.990056027739491]], "trans": [343.5597024102695, 688.2411865773166, 38.16747474765066]}], "rb_ScNup84_506-726_ScNup133C_882_1155_renamed_relative_3CQC_new_1.pdb_20": [{"rot": [[0.16151121691301923, -0.9822412660768582, -0.0954789088071435], [0.98610377084055, 0.16444253078028653, -0.02362217611947104], [0.03890346957946671, -0.09033686559927592, 0.9951511296121682]], "trans": [413.8054497924786, 385.4021498618066, 34.08314692735701]}], "rb_ScNup84_506-726_ScNup133C_882_1155_renamed_relative_3CQC_new_1.pdb_21": [{"rot": [[0.8104641181285803, -0.58220769696635, -0.06466924167792955], [0.5856873500079417, 0.8033221465327813, 0.10790670475293054], [-0.010873880022070029, -0.12533046909311482, 0.9920554582532985]], "trans": [250.02648398191565, 121.52279477838783, 48.46248059022457]}], "rb_4XMM.renamed.noAb_Nup145c_149-550_Sec13_Nup84_7-436_3IKO_updated_1.pdb_21": [{"rot": [[0.9930847123672222, -0.014859371114695374, 0.11645579913679], [0.01517266156662327, 0.9998832609077344, -0.0018041334488519806], [-0.11641539590405273, 0.003558601774898425, 0.993194236768373]], "trans": [-26.9823500324909, -8.243517940366758, 61.69131877742842]}], "rb_4XMM.renamed.noAb_Nup145c_149-550_Sec13_Nup84_7-436_3IKO_updated_1.pdb_22": [{"rot": [[0.7124346335019203, 0.6944432617344479, 0.10092298657197159], [-0.6958670956150074, 0.7176946145632306, -0.026142407449787637], [-0.09058630264736268, -0.05160422907628292, 0.9945507153052193]], "trans": [-339.43684208114325, 155.41754204242775, 85.84082647982791]}], "rb_4XMM.renamed.noAb_Nup145c_149-550_Sec13_Nup84_7-436_3IKO_updated_1.pdb_23": [{"rot": [[0.01270495006882949, 0.9972671148301453, 0.07277970817546817], [-0.9993634163447505, 0.015090846169451277, -0.03232689953643368], [-0.03333686121243674, -0.07232266615831939, 0.9968239993320058]], "trans": [-445.09219640342695, 492.7398887612806, 92.66221823369847]}], "rb_4XMM.renamed.noAb_Nup145c_149-550_Sec13_Nup84_7-436_3IKO_updated_1.pdb_24": [{"rot": [[-0.6961928231884084, 0.7162137052126089, 0.048512693252176935], [-0.7175238766410009, -0.6963328500353928, -0.016734647043094464], [0.021795398391021216, -0.0464595568985912, 0.9986823670125369]], "trans": [-282.0521033575893, 806.1154520583789, 78.18343146918545]}], "rb_4XMM.renamed.noAb_Nup145c_149-550_Sec13_Nup84_7-436_3IKO_updated_1.pdb_25": [{"rot": [[-0.998976375237101, 0.015928083088867135, 0.042337901309072175], [-0.015454052799724751, -0.9998144417403879, 0.011500188668871746], [0.04251322112244508, 0.010834124628712341, 0.9990371603565723]], "trans": [54.17416502407008, 911.9645251540192, 50.91034852502065]}], "rb_4XMM.renamed.noAb_Nup145c_149-550_Sec13_Nup84_7-436_3IKO_updated_1.pdb_26": [{"rot": [[-0.7182708320390405, -0.6933525600737201, 0.05787261253099112], [0.6955636531883423, -0.717570133434305, 0.03583724272821161], [0.016679814304466307, 0.06599493194398724, 0.9976805364205902]], "trans": [366.6224332724549, 748.279345352024, 26.843930841551696]}], "rb_4XMM.renamed.noAb_Nup145c_149-550_Sec13_Nup84_7-436_3IKO_updated_1.pdb_27": [{"rot": [[-0.018517458747809912, -0.996121622653441, 0.08601637404470543], [0.9990050438057362, -0.0149426205675946, 0.04201952571450157], [-0.04057124809790698, 0.08670888635456236, 0.9954072246346866]], "trans": [472.25801366634283, 410.94911573661716, 20.106630135430635]}], "rb_4XMM.renamed.noAb_Nup145c_149-550_Sec13_Nup84_7-436_3IKO_updated_1.pdb_28": [{"rot": [[0.6903583520400247, -0.7150127187473121, 0.11028217352844386], [0.7171098739051798, 0.6964589927744929, 0.026425369084182918], [-0.09570148648938467, 0.06084146129996562, 0.9935489630967396]], "trans": [309.20000708857447, 97.58675796792136, 34.66925705742983]}], "rb_4XMM.renamed.noAb_Seh1_Nup85_47_544_3F3F_1.pdb_28": [{"rot": [[0.6468713349336626, -0.7225231921414325, 0.24396252347214725], [0.31090645065847433, 0.5419809947365151, 0.7807648687558689], [-0.6963437764352411, -0.4292048906550042, 0.5752290907610069]], "trans": [476.973911175224, -125.55522036127218, 685.4126220904526]}], "rb_4XMM.renamed.noAb_Seh1_Nup85_47_544_3F3F_1.pdb_29": [{"rot": [[0.6640140677980834, -0.1386210209771746, 0.7347581440919793], [-0.2761584690303585, 0.8677211029946527, 0.41327543769325736], [-0.6948538103436237, -0.4773303886837613, 0.5378976503852367]], "trans": [-52.53425135187632, -246.7779107010435, 728.2487453033399]}], "rb_4XMM.renamed.noAb_Seh1_Nup85_47_544_3F3F_1.pdb_30": [{"rot": [[0.2623220378284028, 0.5040237729945269, 0.8228895337321511], [-0.7032677383113553, 0.6837667225085268, -0.19462157496120483], [-0.6607583799846859, -0.5276581331186988, 0.5338307389367013]], "trans": [-512.5387510268304, 43.15110614125976, 763.544549014236]}], "rb_4XMM.renamed.noAb_Seh1_Nup85_47_544_3F3F_1.pdb_31": [{"rot": [[-0.3228878999615179, 0.8289408081734542, 0.4567280816888563], [-0.720214724999011, 0.09788092312367475, -0.6868115278466556], [-0.6140310692082617, -0.5507054216486333, 0.5654108104854038]], "trans": [-633.5605525373408, 574.3874408954587, 770.6472586396524]}], "rb_4XMM.renamed.noAb_Seh1_Nup85_47_544_3F3F_1.pdb_32": [{"rot": [[-0.7487915125542198, 0.645789104021596, -0.14922367055446908], [-0.3170716453391849, -0.5467161328904852, -0.7749626066844619], [-0.5820453955222621, -0.532970827685961, 0.6141378138391055]], "trans": [-344.70146481188624, 1035.7254750254021, 745.4200116340005]}], "rb_4XMM.renamed.noAb_Seh1_Nup85_47_544_3F3F_1.pdb_33": [{"rot": [[-0.7658884584519614, 0.061861511270139294, -0.6399906426139785], [0.2699946002859735, -0.872410401302369, -0.4074346665612258], [-0.5835390175699446, -0.48484352643179046, 0.6514667833824608]], "trans": [184.8226989860895, 1156.9070000666682, 702.665289898561]}], "rb_4XMM.renamed.noAb_Seh1_Nup85_47_544_3F3F_1.pdb_34": [{"rot": [[-0.3641631056809082, -0.5807689528680546, -0.7280746224429056], [0.6970723275551833, -0.6884055873871107, 0.2004692430549055], [-0.617636950495706, -0.4345171695557621, 0.6555298824185013]], "trans": [644.8111307522863, 866.9422867857597, 667.4534171687168]}], "rb_4XMM.renamed.noAb_Seh1_Nup85_47_544_3F3F_1.pdb_35": [{"rot": [[0.2210481697781828, -0.9056403014112877, -0.36187477267334894], [0.7139733820381873, -0.10249430560414419, 0.6926304404656767], [-0.6643641444107808, -0.41147364651748547, 0.6239468902422184]], "trans": [765.798034660442, 335.6968695202692, 660.4360098782029]}], "rb_4XMM.renamed.noAb_Nup120_715-1036_Nup85_553-744_Nup145c_92-99_554-712_remaining_updated_1.pdb_35": [{"rot": [[0.9978588055976735, -0.04180937537237427, 0.05029692060311587], [0.03846568952858157, 0.9970974916966165, 0.06570375013198348], [-0.052897966126071505, -0.06362835989782586, 0.9965707385812798]], "trans": [7.523828627353737, -42.66306822415743, 62.98300043991637]}], "rb_4XMM.renamed.noAb_Nup120_715-1036_Nup85_553-744_Nup145c_92-99_554-712_remaining_updated_1.pdb_36": [{"rot": [[0.7334962093618016, 0.6720451127301621, 0.10167928652076456], [-0.6791026582280217, 0.7308482762036728, 0.06841327910394565], [-0.02833532141166893, -0.11923155465573498, 0.9924620627182046]], "trans": [-339.213853309275, 106.83517425357834, 89.93399945410212]}], "rb_4XMM.renamed.noAb_Nup120_715-1036_Nup85_553-744_Nup145c_92-99_554-712_remaining_updated_1.pdb_37": [{"rot": [[0.04068578157762298, 0.989324395406227, 0.13993537019467248], [-0.998767120441395, 0.036281928969556454, 0.0338800937934157], [0.028441278146745574, -0.14114128483314203, 0.9895808362195724]], "trans": [-479.10325846939196, 458.46591309541475, 99.41443995409986]}], "rb_4XMM.renamed.noAb_Nup120_715-1036_Nup85_553-744_Nup145c_92-99_554-712_remaining_updated_1.pdb_38": [{"rot": [[-0.6747143605318582, 0.7241617952262966, 0.14265421839788456], [-0.7332637478780275, -0.6797147904104904, -0.01766577892678499], [0.08417129997779899, -0.1165225215649265, 0.9896149221935758]], "trans": [-330.19328753032414, 806.2390202895657, 85.89455112198641]}], "rb_4XMM.renamed.noAb_Nup120_715-1036_Nup85_553-744_Nup145c_92-99_554-712_remaining_updated_1.pdb_39": [{"rot": [[-0.9936127265769046, 0.031893302168436645, 0.10824309151719956], [-0.03812815978309305, -0.9977009081698937, -0.05602804002035751], [0.10620731149955247, -0.05979728349817115, 0.9925443525960312]], "trans": [20.284412240495897, 946.4242228360657, 57.31847936723278]}], "rb_4XMM.renamed.noAb_Nup120_715-1036_Nup85_553-744_Nup145c_92-99_554-712_remaining_updated_1.pdb_40": [{"rot": [[-0.7291941572613666, -0.6819404395483065, 0.05686051287621171], [0.6794194149256038, -0.7313956729209343, -0.0587335360308057], [0.08164030645480033, -0.004196014918237963, 0.9966530257922113]], "trans": [367.0169759210186, 796.8991692669983, 30.450495347572144]}], "rb_4XMM.renamed.noAb_Nup120_715-1036_Nup85_553-744_Nup145c_92-99_554-712_remaining_updated_1.pdb_41": [{"rot": [[-0.036358778792114355, -0.9991655589705067, 0.01860712153717055], [0.9990294895629049, -0.03680444637627034, -0.024197349247715272], [0.02486198279352956, 0.017709277062861233, 0.999534023091502]], "trans": [506.8854921173106, 445.25786106155863, 21.054247841482663]}], "rb_4XMM.renamed.noAb_Nup120_715-1036_Nup85_553-744_Nup145c_92-99_554-712_remaining_updated_1.pdb_42": [{"rot": [[0.6790206751447283, -0.7339471082664552, 0.015892293519304233], [0.7334699759042272, 0.6791714372179405, 0.02734873515114581], [-0.030866116909123865, -0.006913836462018418, 0.9994996156539164]], "trans": [357.95492523476867, 97.4968515041179, 34.6581960263083]}], "rb_4XMM.renamed.noAb_Nup120_2-711_3F7F_updated_1.pdb_42": [{"rot": [[0.9991757227190546, -0.03451573678931933, -0.021366774270898965], [0.03928373094691818, 0.9547947739706321, 0.2946586636792786], [0.010230523532217952, -0.29525514984883583, 0.9553636652479497]], "trans": [26.696755614416475, -86.03792361046476, 182.1842630008303]}], "rb_4XMM.renamed.noAb_Nup120_2-711_3F7F_updated_1.pdb_43": [{"rot": [[0.7362545260794245, 0.6428138680321199, 0.2114701016530345], [-0.6758161899302716, 0.6824542331854383, 0.27843975476825333], [0.03466626971122749, -0.34791744807189284, 0.9368840371526505]], "trans": [-353.84369194909857, 69.51832487937642, 211.80007668360062]}], "rb_4XMM.renamed.noAb_Nup120_2-711_3F7F_updated_1.pdb_44": [{"rot": [[0.0462036737647078, 0.929962943554565, 0.3647384599215872], [-0.9947583835402246, 0.009491523126607504, 0.1018119313497893], [0.09121939983951649, -0.36753072606799, 0.9255269777207211]], "trans": [-513.3737857887661, 449.409138784216, 222.7085030775052]}], "rb_4XMM.renamed.noAb_Nup120_2-711_3F7F_updated_1.pdb_45": [{"rot": [[-0.6667353152221163, 0.658715512535003, 0.3486515351771895], [-0.7307020157813011, -0.6698623118791849, -0.1317537371652669], [0.1467602928887985, -0.3426052490397941, 0.9279456125019248]], "trans": [-358.43663421972286, 831.0892396533023, 208.54323709336907]}], "rb_4XMM.renamed.noAb_Nup120_2-711_3F7F_updated_1.pdb_46": [{"rot": [[-0.984912728692822, -0.012027855346529113, 0.17263327476074847], [-0.03833503008146378, -0.9576322163964728, -0.28543118888486935], [0.16875231058421208, -0.2877427128796482, 0.9427230711386815]], "trans": [20.205308094312954, 990.9651595032816, 177.62649617613593]}], "rb_4XMM.renamed.noAb_Nup120_2-711_3F7F_updated_1.pdb_47": [{"rot": [[-0.7219357515347398, -0.6893362377035426, -0.06020234251831284], [0.6767442309618241, -0.6852385228033748, -0.26919400573960567], [0.14431221887233442, -0.2350823648319256, 0.9612025099994119]], "trans": [400.7401658336558, 835.379447030746, 148.09374798235473]}], "rb_4XMM.renamed.noAb_Nup120_2-711_3F7F_updated_1.pdb_48": [{"rot": [[-0.03186000494245278, -0.9764328341031084, -0.21345692907571678], [0.9956322536118244, -0.01225329755780813, -0.09255415856025395], [0.08775736808327667, -0.21547337929388982, 0.972558413239413]], "trans": [560.2471671323691, 455.47652315583184, 137.26969771687823]}], "rb_4XMM.renamed.noAb_Nup120_2-711_3F7F_updated_1.pdb_49": [{"rot": [[0.6810584086622511, -0.7051324103123511, -0.19735178721646562], [0.7315199378790471, 0.6670792252996991, 0.14101023955367667], [0.03221838723266496, -0.2404029764804181, 0.9701383326224557]], "trans": [405.2867749202114, 73.80899411087034, 151.51923154551812]}]}
