{"rb_ScNup133N_56-480_renamed_1.pdb_0": [{"rot": [[0.8769308025279671, -0.39188085887962715, -0.27824765950753944], [0.28414161220789297, 0.889651427164082, -0.3574687152140926], [0.38762857452664295, 0.2344135887457902, 0.8915123990286197]], "trans": [241.36788855244163, -34.13334224766999, -253.75733012564405]}], "rb_ScNup133N_56-480_renamed_1.pdb_1": [{"rot": [[0.8296730239973518, 0.3540083612436742, -0.4316488774694776], [-0.3947856097345541, 0.9187578864056065, -0.005316814273697748], [0.39469861362514075, 0.17481998265951448, 0.9020260406802683]], "trans": [-173.68024919766128, -70.1822815752096, -220.4587901464056]}], "rb_ScNup133N_56-480_renamed_1.pdb_2": [{"rot": [[0.3176731061688382, 0.9021422170598488, -0.29193015913979226], [-0.8411421352332276, 0.4102307225645529, 0.35240695594646426], [0.4376799126671572, 0.13360454506680242, 0.8891490986247266]], "trans": [-492.68116391772173, 198.75643088265258, -196.29971751333954]}], "rb_ScNup133N_56-480_renamed_1.pdb_3": [{"rot": [[-0.35913217989478874, 0.9314161671444146, 0.059059300250058316], [-0.7934460180239951, -0.33802768154797946, 0.5061429669462625], [0.49139342063756275, 0.13491186044713485, 0.8604250670830143]], "trans": [-528.7577085125671, 615.1348221274349, -195.40883271663347]}], "rb_ScNup133N_56-480_renamed_1.pdb_4": [{"rot": [[-0.8042607546629231, 0.4246811187751368, 0.41570492643812235], [-0.2796383160832776, -0.8876770023593714, 0.3658304958042601], [0.5243730072068313, 0.17797608501756612, 0.8326808887411106]], "trans": [-260.7738211399945, 935.0326764278063, -218.28402373048704]}], "rb_ScNup133N_56-480_renamed_1.pdb_5": [{"rot": [[-0.7569500227234875, -0.3212103917490792, 0.5690786829001027], [0.3992851741034548, -0.9167249176828859, 0.01366656652128527], [0.5172987655505146, 0.23756958881917106, 0.8221694944646174]], "trans": [154.28367174359488, 971.0494369700432, -251.50067621760468]}], "rb_ScNup133N_56-480_renamed_1.pdb_6": [{"rot": [[-0.244915277927924, -0.8693046004928497, 0.4293320605306053], [0.8456014991636029, -0.4081547491464026, -0.3440462256172926], [0.4743148861776905, 0.278781657056566, 0.8350486072313638]], "trans": [473.27015183560866, 702.0860943873597, -275.5760018950463]}], "rb_ScNup133N_56-480_renamed_1.pdb_7": [{"rot": [[0.43188630653262494, -0.8985201918457307, 0.07833060114105697], [0.7978522628167489, 0.3401059276820305, -0.4977546832263253], [0.42060193169765836, 0.27746967906612274, 0.8637734611870996]], "trans": [509.32075472803945, 285.70528394300106, -276.3823306176881]}], "rb_ScNup133C_490_881_renamed_relative_3CQC_1.pdb_7": [{"rot": [[0.9973502371358843, 0.045960963123912235, -0.05639232530866155], [-0.03807117813377499, 0.990280074251254, 0.13377578232414677], [0.061992659892134844, -0.1312743859618224, 0.9894058548997197]], "trans": [9.893658341766354, -20.08587125351525, -2.075294870293817]}], "rb_ScNup133C_490_881_renamed_relative_3CQC_1.pdb_8": [{"rot": [[0.6814492393079306, 0.7281256897479756, 0.07389123206225315], [-0.7262458426613988, 0.6602739621299107, 0.1913250400504444], [0.09052022019238432, -0.18404150309727466, 0.9787414443426916]], "trans": [-322.90322985059015, 117.38203404456323, 23.823069831721966]}], "rb_ScNup133C_490_881_renamed_relative_3CQC_1.pdb_9": [{"rot": [[-0.027098302251390705, 0.9780468835080032, 0.20661552622050006], [-0.9885752555119662, -0.0568777209728179, 0.13958470205000423], [0.1482722030744214, -0.2004724881803489, 0.9684142374408984]], "trans": [-461.4114932042649, 450.62052438653586, 33.282911751530435]}], "rb_ScNup133C_490_881_renamed_relative_3CQC_1.pdb_10": [{"rot": [[-0.7132152471762928, 0.6493171852105394, 0.26402879423563047], [-0.6713831477928941, -0.7410574072566216, 0.008864987862249957], [0.20141668266299018, -0.17094183847249053, 0.964474057611028]], "trans": [-324.4891247408984, 784.4139102625409, 20.786527009923304]}], "rb_ScNup133C_490_881_renamed_relative_3CQC_1.pdb_11": [{"rot": [[-0.9749646148808451, -0.06548891279301558, 0.2124975341773021], [0.03951487138526617, -0.9914629895628718, -0.12425665079366188], [0.21882087347794488, -0.11274902495472394, 0.9692291177539538]], "trans": [7.6547348275378795, 923.2214365348532, -6.32152111125464]}], "rb_ScNup133C_490_881_renamed_relative_3CQC_1.pdb_12": [{"rot": [[-0.6590099350976362, -0.7476279195261974, 0.08220948477845053], [0.727664718725878, -0.6614033470578566, -0.18179568097799312], [0.19028915514079447, -0.059984218304427295, 0.9798938365916017]], "trans": [340.44744267669756, 785.727813922211, -32.136950897952204]}], "rb_ScNup133C_490_881_renamed_relative_3CQC_1.pdb_13": [{"rot": [[0.049558085795345375, -0.9974931866847134, -0.05051077756158059], [0.9899385107439638, 0.05576792783802664, -0.13004492750843702], [0.1325358105506703, -0.04355778624111815, 0.9902206714563421]], "trans": [478.9362515106262, 452.47886200635867, -41.51271468237542]}], "rb_ScNup133C_490_881_renamed_relative_3CQC_1.pdb_14": [{"rot": [[0.7356503103498959, -0.668710117666838, -0.10791385180830196], [0.6726925620148612, 0.7399217901757935, 0.0006792885469166371], [0.07939356329062577, -0.0730925642801751, 0.9941600168760383]], "trans": [341.99437776146783, 118.69663242500417, -28.93235294015335]}], "rb_ScNup84_506-726_ScNup133C_882_1155_renamed_relative_3CQC_new_1.pdb_14": [{"rot": [[0.9819082007096303, 0.18831464407397636, 0.01984641545640514], [-0.18847699666462336, 0.9820551715528849, 0.006637902870437925], [-0.018240260619305632, -0.010258404043778592, 0.999781005040111]], "trans": [-50.83576837319549, 114.18475385026613, 12.830835811367024]}], "rb_ScNup84_506-726_ScNup133C_882_1155_renamed_relative_3CQC_new_1.pdb_15": [{"rot": [[0.5628810604659686, 0.825640091499101, 0.0385142970604742], [-0.826336130632792, 0.5611028163829841, 0.04829315332330744], [0.01826228297699272, -0.05900905656286308, 0.9980903868207673]], "trans": [-271.0027925617427, 255.98325956561703, 29.730832527976247]}], "rb_ScNup84_506-726_ScNup133C_882_1155_renamed_relative_3CQC_new_1.pdb_16": [{"rot": [[-0.18314735126006088, 0.9797360781211714, 0.08108184108768905], [-0.9799485053331082, -0.18852449041818764, 0.06449374704550313], [0.07847276356692519, -0.06764417003931723, 0.9946186664435073]], "trans": [-326.7878730475417, 512.3881562535428, 32.97095626250933]}], "rb_ScNup84_506-726_ScNup133C_882_1155_renamed_relative_3CQC_new_1.pdb_17": [{"rot": [[-0.8191430718787444, 0.5603310022235675, 0.12261238004453641], [-0.5593258257316438, -0.8276845027814773, 0.045749147806191305], [0.12711903265313299, -0.0311051732435342, 0.9913996266565873]], "trans": [-185.50940977311342, 733.1939569203925, 20.67710174671879]}], "rb_ScNup84_506-726_ScNup133C_882_1155_renamed_relative_3CQC_new_1.pdb_18": [{"rot": [[-0.9725308407119969, -0.18688172912132422, 0.13877673862949585], [0.18912521168128116, -0.9819482733082961, 0.0030402061386100854], [0.13570341989252155, 0.029202874301661484, 0.9903190263556458]], "trans": [70.07159478831397, 789.0496269689156, 0.07518720048977912]}], "rb_ScNup84_506-726_ScNup133C_882_1155_renamed_relative_3CQC_new_1.pdb_19": [{"rot": [[-0.5534539400097587, -0.824174362192154, 0.12010560766604209], [0.8269514360295473, -0.5609459101048693, -0.03861357773229393], [0.09919707020039692, 0.0779506680008238, 0.9920098964334385]], "trans": [290.2340978117558, 647.2342441149194, -16.74189044681492]}], "rb_ScNup84_506-726_ScNup133C_882_1155_renamed_relative_3CQC_new_1.pdb_20": [{"rot": [[0.19258647281229951, -0.978211886709904, 0.07753679893551287], [0.9805052517401779, 0.18869346633091483, -0.054810829896592604], [0.03898591796593638, 0.08658106296109233, 0.9954817013571267]], "trans": [346.00571407405107, 390.8253760263523, -19.898445087423056]}], "rb_ScNup84_506-726_ScNup133C_882_1155_renamed_relative_3CQC_new_1.pdb_21": [{"rot": [[0.8285494047531947, -0.5587569488829803, 0.03600772081245533], [0.5598326684610834, 0.8278205393677658, -0.03606297165518424], [-0.009657494854666552, 0.05003825212617283, 0.9987006088499637]], "trans": [204.7165577282217, 170.03106978971653, -7.5213176042591385]}], "rb_4XMM.renamed.noAb_Nup145c_149-550_Sec13_Nup84_7-436_3IKO_updated_1.pdb_21": [{"rot": [[0.9989133291911174, -0.021773512916751035, 0.041207704371666064], [0.022217224322408632, 0.999699689623889, -0.010340479162394521], [-0.04097018071385974, 0.01124476327737569, 0.9990970921742839]], "trans": [-3.3216196328309024, -9.746036652615942, 17.395895128453844]}], "rb_4XMM.renamed.noAb_Nup145c_149-550_Sec13_Nup84_7-436_3IKO_updated_1.pdb_22": [{"rot": [[0.7230246063227552, 0.6895640680723092, 0.0416751085828541], [-0.6906481053022806, 0.7228803652057105, 0.021193684022103407], [-0.015511714740640493, -0.04410638982762517, 0.9989064085699815]], "trans": [-324.59769313600964, 135.12850416573167, 42.33994278316811]}], "rb_4XMM.renamed.noAb_Nup145c_149-550_Sec13_Nup84_7-436_3IKO_updated_1.pdb_23": [{"rot": [[0.025376111624557884, 0.9976121748212422, 0.06423395992190799], [-0.9988122676508454, 0.022628238298734393, 0.04315109293716066], [0.041594554318970106, -0.0652526741208895, 0.9970014952702324]], "trans": [-449.7356314211616, 465.42980316133094, 50.74837782831804]}], "rb_4XMM.renamed.noAb_Nup145c_149-550_Sec13_Nup84_7-436_3IKO_updated_1.pdb_24": [{"rot": [[-0.6853398298654952, 0.7219118829182178, 0.09566896519460608], [-0.7217483513048077, -0.6908391215999437, 0.042668787840871], [0.09689496885145843, -0.039806298100814555, 0.994498277345307]], "trans": [-305.4259524566514, 787.6628189294238, 37.71942535670729]}], "rb_4XMM.renamed.noAb_Nup145c_149-550_Sec13_Nup84_7-436_3IKO_updated_1.pdb_25": [{"rot": [[-0.9927757985277563, 0.02397231073414398, 0.11756505507862751], [-0.021764305060897222, -0.9995624751719034, 0.020029309859142776], [0.11799376628784793, 0.017325892366137904, 0.9928631751509999]], "trans": [23.7946123929014, 913.0590241427186, 10.909634335621774]}], "rb_4XMM.renamed.noAb_Nup145c_149-550_Sec13_Nup84_7-436_3IKO_updated_1.pdb_26": [{"rot": [[-0.7168314690727147, -0.6873436993975812, 0.11709519138504508], [0.6910793470161516, -0.7226873288954054, -0.011504815589688081], [0.09253097359685773, 0.07267505454054152, 0.9930540546076765]], "trans": [345.0659275679279, 768.1596704959527, -13.951436735546679]}], "rb_4XMM.renamed.noAb_Nup145c_149-550_Sec13_Nup84_7-436_3IKO_updated_1.pdb_27": [{"rot": [[-0.019158920510179422, -0.9953371991860502, 0.09453462689063753], [0.999188742444109, -0.02241104739878541, -0.033460453186527614], [0.03542305376224693, 0.09381686879744398, 0.9949590958382152]], "trans": [470.18464005261797, 437.84895923146814, -22.275816981018863]}], "rb_4XMM.renamed.noAb_Nup145c_149-550_Sec13_Nup84_7-436_3IKO_updated_1.pdb_28": [{"rot": [[0.6915354310289823, -0.7195812537468314, 0.06309965838018815], [0.7220690530388025, 0.6910346497216684, -0.03297568085265714], [-0.019875368555199863, 0.06836616224557088, 0.9974622988286854]], "trans": [325.8563572388575, 115.62767918420798, -9.162962178049213]}], "rb_4XMM.renamed.noAb_Seh1_Nup85_47_544_3F3F_1.pdb_28": [{"rot": [[0.6614005966743438, -0.7276100601369215, 0.182024314602116], [0.24132178828065468, 0.43622613307190583, 0.8668740135257034], [-0.7101500159965157, -0.5294245566770395, 0.4641083855819362]], "trans": [491.6925510043554, -61.46082422636232, 778.0858001801579]}], "rb_4XMM.renamed.noAb_Seh1_Nup85_47_544_3F3F_1.pdb_29": [{"rot": [[0.624985069833666, -0.21876464189069159, 0.7493568535373836], [-0.3363966994190603, 0.7907543311503716, 0.5114145562915602], [-0.7044365997767099, -0.5717076343948613, 0.420617947393667]], "trans": [4.918353935889968, -206.49204369693496, 817.6316014724068]}], "rb_4XMM.renamed.noAb_Seh1_Nup85_47_544_3F3F_1.pdb_30": [{"rot": [[0.19199597025464613, 0.39108007014858626, 0.9001077302959664], [-0.7189079130316552, 0.680389812694062, -0.1422712738489806], [-0.6680635897775371, -0.619779058628733, 0.41178265929836644]], "trans": [-441.6400548486027, 36.29509011698656, 852.0850360022066]}], "rb_4XMM.renamed.noAb_Seh1_Nup85_47_544_3F3F_1.pdb_31": [{"rot": [[-0.3839155823830219, 0.7446684448578633, 0.5459649556853242], [-0.6821313902147601, 0.16978566875439305, -0.711245100629385], [-0.6223388081159534, -0.645477911255371, 0.44277835763982376]], "trans": [-586.3805496703392, 524.6725677237996, 861.2868009297601]}], "rb_4XMM.renamed.noAb_Seh1_Nup85_47_544_3F3F_1.pdb_32": [{"rot": [[-0.7653724801912998, 0.6348634267363618, -0.10560963951450603], [-0.24761133658348394, -0.44193899363034683, -0.8621940337907344], [-0.5940484766087362, -0.6337494420522686, 0.4954473252902665]], "trans": [-344.51019448250577, 972.5420934141781, 839.870377516808]}], "rb_4XMM.renamed.noAb_Seh1_Nup85_47_544_3F3F_1.pdb_33": [{"rot": [[-0.7289118938918397, 0.12599034365041295, -0.6729144702336721], [0.33010427371221535, -0.7964272419174381, -0.5066900599071535], [-0.5997654703464878, -0.591464353650019, 0.5389353383676219]], "trans": [142.28185961312045, 1117.5355008735658, 800.4058134714139]}], "rb_4XMM.renamed.noAb_Seh1_Nup85_47_544_3F3F_1.pdb_34": [{"rot": [[-0.2958929490331319, -0.4838457772177629, -0.8236143676387732], [0.7125814903710121, -0.6860148619760014, 0.14700758051432475], [-0.6361406937880206, -0.5433938470544064, 0.54776650563019]], "trans": [588.8278768986225, 874.7137244003874, 766.0360117629091]}], "rb_4XMM.renamed.noAb_Seh1_Nup85_47_544_3F3F_1.pdb_35": [{"rot": [[0.28001575091946984, -0.8373943375742845, -0.46942720696134804], [0.6757597669454287, -0.17538298279028808, 0.7159535925780683], [-0.6818650281506354, -0.5176983028232837, 0.5167674047761007]], "trans": [733.5368174885741, 386.3253012348591, 756.9192917475266]}], "rb_4XMM.renamed.noAb_Nup120_715-1036_Nup85_553-744_Nup145c_92-99_554-712_remaining_updated_1.pdb_35": [{"rot": [[0.9962078691603963, -0.048447167486736095, 0.07226861964516114], [0.05107870404364627, 0.9980804456173514, -0.03501985250530253], [-0.07043328343990803, 0.038578440077116784, 0.9967702125089274]], "trans": [5.289767110895923, -17.96796566484136, 19.03539797390465]}], "rb_4XMM.renamed.noAb_Nup120_715-1036_Nup85_553-744_Nup145c_92-99_554-712_remaining_updated_1.pdb_36": [{"rot": [[0.740871179799333, 0.6700528031513958, 0.04625079384943615], [-0.6700304965533362, 0.7421084232471749, -0.01828173498559523], [-0.04657283147110417, -0.017445031801367, 0.9987625554826409]], "trans": [-324.25668267355616, 123.34021893122564, 44.65599783578966]}], "rb_4XMM.renamed.noAb_Nup120_715-1036_Nup85_553-744_Nup145c_92-99_554-712_remaining_updated_1.pdb_37": [{"rot": [[0.05194945042411292, 0.9978624698571327, 0.03964525004660031], [-0.9986002742756815, 0.051510901633787354, 0.012004966864170484], [0.009937143310236854, -0.040213409001216345, 0.9991416991194666]], "trans": [-457.7587076583863, 456.9873794839468, 53.714823185233854]}], "rb_4XMM.renamed.noAb_Nup120_715-1036_Nup85_553-744_Nup145c_92-99_554-712_remaining_updated_1.pdb_38": [{"rot": [[-0.6669772561008758, 0.7429463077579529, 0.05632160893452247], [-0.7421498204997733, -0.6691503536366339, 0.0380978760579058], [0.06599230088656109, -0.016388655124641008, 0.9976855357310261]], "trans": [-317.0070258896648, 787.5184217117537, 40.92909130428234]}], "rb_4XMM.renamed.noAb_Nup120_715-1036_Nup85_553-744_Nup145c_92-99_554-712_remaining_updated_1.pdb_39": [{"rot": [[-0.9947515382267327, 0.054637798929442115, 0.08651062433999748], [-0.05091142699893748, -0.9977018179029767, 0.04471139847990092], [0.08875473957193594, 0.04007235307843152, 0.995247106362172]], "trans": [15.545956193041718, 921.303717385081, 13.812869108802317]}], "rb_4XMM.renamed.noAb_Nup120_715-1036_Nup85_553-744_Nup145c_92-99_554-712_remaining_updated_1.pdb_40": [{"rot": [[-0.7393585998667533, -0.6638422270066837, 0.11252714537338088], [0.6701777088526881, -0.7416734108223719, 0.027971239444684957], [0.06488990183408339, 0.09609396090242567, 0.993254877319033]], "trans": [345.08792602790044, 779.970070721004, -11.724773199174422]}], "rb_4XMM.renamed.noAb_Nup120_715-1036_Nup85_553-744_Nup145c_92-99_554-712_remaining_updated_1.pdb_41": [{"rot": [[-0.05041122535264431, -0.9915980402886765, 0.11913032718037009], [0.9986934039164058, -0.05105018326317745, -0.0023159798486701647], [0.008378146114049578, 0.11885792057937539, 0.9928759244655091]], "trans": [478.5704644831405, 446.312841534937, -20.699519773692032]}], "rb_4XMM.renamed.noAb_Nup120_715-1036_Nup85_553-744_Nup145c_92-99_554-712_remaining_updated_1.pdb_42": [{"rot": [[0.6684954991672487, -0.7366256641389777, 0.10245193275356734], [0.7421865319525895, 0.6695910402829222, -0.028407579288325012], [-0.04767514427161404, 0.09502878355869207, 0.9943322437264299]], "trans": [337.7995317671534, 115.79325604618839, -7.829832626284826]}], "rb_4XMM.renamed.noAb_Nup120_2-711_3F7F_updated_1.pdb_42": [{"rot": [[0.9758737372785627, 0.18671106540797158, 0.11317873892296482], [-0.21728521941318843, 0.8812962773337835, 0.41964747703540345], [-0.02139117375309358, -0.434115018873843, 0.9006034466254446]], "trans": [-126.23771489681337, 75.3261084054393, 303.1408430057288]}], "rb_4XMM.renamed.noAb_Nup120_2-711_3F7F_updated_1.pdb_43": [{"rot": [[0.5382311866174165, 0.7450900421387687, 0.3938883329803731], [-0.8426350382468948, 0.4665725844165791, 0.2688423623417443], [0.016534269595705586, -0.47660345422214845, 0.8789628919086714]], "trans": [-346.11420036598963, 298.36849550374797, 319.62239214067137]}], "rb_4XMM.renamed.noAb_Nup120_2-711_3F7F_updated_1.pdb_44": [{"rot": [[-0.21214740482088218, 0.8477324986094624, 0.48615130302111054], [-0.9742006511616496, -0.2226511153682154, -0.03687237585928699], [0.07698421853850093, -0.4814312948143779, 0.8730964084620718]], "trans": [-344.42548302012693, 611.9920642948985, 318.00310244937674]}], "rb_4XMM.renamed.noAb_Nup120_2-711_3F7F_updated_1.pdb_45": [{"rot": [[-0.8356796778336382, 0.4345090365608844, 0.33591870028743553], [-0.5349090670368476, -0.7826178606325005, -0.3184047333517175], [0.1245462406403228, -0.4457703235590511, 0.8864406650060809]], "trans": [-122.15892395208328, 832.4718228838944, 299.25558156617655]}], "rb_4XMM.renamed.noAb_Nup120_2-711_3F7F_updated_1.pdb_46": [{"rot": [[-0.9670916350849298, -0.2525082134880936, 0.03119890174043352], [0.21789651013586617, -0.8852912364693499, -0.41082908551024105], [0.1313578327294123, -0.390511240237233, 0.9111784079032003]], "trans": [190.48050591686263, 830.6477367198851, 274.3863964656805]}], "rb_4XMM.renamed.noAb_Nup120_2-711_3F7F_updated_1.pdb_47": [{"rot": [[-0.5294002991083534, -0.8108548595155545, -0.2494989380819022], [0.8432119586900777, -0.47052373161893796, -0.260001943657029], [0.09342866811653237, -0.34802559501191954, 0.9328179185621226]], "trans": [410.3461336927848, 607.5884979925419, 257.9882713364555]}], "rb_4XMM.renamed.noAb_Nup120_2-711_3F7F_updated_1.pdb_48": [{"rot": [[0.22098857403317518, -0.913443563590903, -0.34173806677210605], [0.9747186719149056, 0.21870800135554536, 0.045720025847606705], [0.032978186233129175, -0.34320207790369694, 0.938682466521751]], "trans": [408.63948785846065, 293.9654706787876, 259.6914639939524]}], "rb_4XMM.renamed.noAb_Nup120_2-711_3F7F_updated_1.pdb_49": [{"rot": [[0.8444866019702375, -0.5001764163660722, -0.19148350217174195], [0.535378162958589, 0.7786422951102132, 0.3272405825880807], [-0.014580868281705267, -0.3788663732461533, 0.9253365168972087]], "trans": [186.36225894660691, 73.50356305888454, 278.52222506557985]}]}
