{"rb_ScNup133N_56-480_renamed_1.pdb_0": [{"rot": [[0.5600489977268432, 0.08090738452048046, 0.8244993118706729], [0.6106506594718633, 0.6322474774888813, -0.47683215002296675], [-0.5598668522351871, 0.7705304162322223, 0.3046834183693979]], "trans": [17.597098432878624, -158.94742459205168, 417.1990717762343]}], "rb_ScNup133N_56-480_renamed_1.pdb_1": [{"rot": [[0.8164766422327098, 0.5183191966747327, 0.2543837711939554], [0.004840816102715861, 0.4344233789823153, -0.9006957834324788], [-0.5773581723573838, 0.7366284939859759, 0.35218745386525907]], "trans": [-407.0492529901975, 37.913790179826776, 450.1294309366428]}], "rb_ScNup133N_56-480_renamed_1.pdb_2": [{"rot": [[0.570833522457746, 0.6882846619195269, -0.4476754558883068], [-0.6052556591143952, -0.015682785803623728, -0.7958766470624927], [-0.5548104872372907, 0.7252711730075581, 0.4076359268461992]], "trans": [-568.6627766253587, 478.2865029375067, 460.9096465881413]}], "rb_ScNup133N_56-480_renamed_1.pdb_3": [{"rot": [[-0.03297915846588523, 0.49123561420140294, -0.8704021751162226], [-0.862235648636986, -0.454392479040409, -0.22377926894836936], [-0.505432548740618, 0.7431117320643519, 0.4385463400165151]], "trans": [-372.56607823718093, 904.1942860874688, 443.2485213022277]}], "rb_ScNup133N_56-480_renamed_1.pdb_4": [{"rot": [[-0.6412394182943196, 0.042606164065210284, -0.7661571139193382], [-0.6155566511848705, -0.6247033766232573, 0.4804536402376063], [-0.4581506494676495, 0.7796989201090045, 0.426810937504209]], "trans": [66.36654463435798, 1066.134471755902, 407.51619619444324]}], "rb_ScNup133N_56-480_renamed_1.pdb_5": [{"rot": [[-0.8976198203503973, -0.3947902309240221, -0.196008499002151], [-0.009726701639362095, -0.42684495336448036, 0.9042725126102705], [-0.4406631926872697, 0.8135994465056072, 0.379304483570166]], "trans": [491.0040859003918, 869.2403326168, 374.6691760398985]}], "rb_ScNup133N_56-480_renamed_1.pdb_6": [{"rot": [[-0.6519291101459986, -0.5647205952924329, 0.5060425719213799], [0.6003504733534916, 0.023274536587162276, 0.7993982768876161], [-0.463214577154566, 0.8249539048936075, 0.32385692876994876]], "trans": [652.58979983721, 428.85534838039007, 363.9737132892968]}], "rb_ScNup133N_56-480_renamed_1.pdb_7": [{"rot": [[-0.04809636995787461, -0.3676373255748692, 0.9287246825841503], [0.8572830625947097, 0.4619687493331901, 0.22726773908269782], [-0.5125938838740746, 0.807110693451452, 0.2929502325160468]], "trans": [456.466410201322, 2.963369035818573, 381.7193657291515]}], "rb_ScNup133C_490_881_renamed_relative_3CQC_1.pdb_7": [{"rot": [[0.7247296819176083, 0.35975722473290167, -0.5876577468221473], [-0.26182035842358437, 0.932685388167473, 0.248088828071391], [0.6373515419786386, -0.025936575552120797, 0.7701365502208559]], "trans": [244.50175146289985, 86.5657675865634, -279.9745395012101]}], "rb_ScNup133C_490_881_renamed_relative_3CQC_1.pdb_8": [{"rot": [[0.3418104960067961, 0.9120678129078662, -0.226490373916972], [-0.6591855472085729, 0.40446385940319624, 0.6339427425154467], [0.6698059414270094, -0.06738910219118, 0.7394719127424276]], "trans": [-86.88518803421465, 11.445317402447813, -253.1542137059261]}], "rb_ScNup133C_490_881_renamed_relative_3CQC_1.pdb_9": [{"rot": [[-0.20915375663765567, 0.9304138137326867, 0.30097315710832717], [-0.668425444107192, -0.36067769330838373, 0.6504760004949044], [0.7137661604156222, -0.0651286170983304, 0.6973493611385899]], "trans": [-374.24824232070875, 193.42203882583425, -231.09376330195204]}], "rb_ScNup133C_490_881_renamed_relative_3CQC_1.pdb_10": [{"rot": [[-0.6054004482206647, 0.4040478812455716, 0.6857372725433424], [-0.28412718723368374, -0.9145085598929299, 0.2880031863664603], [0.7434796828218597, -0.020479344313803133, 0.6684448800668483]], "trans": [-449.2441690372249, 525.8915193703099, -226.69250628709966]}], "rb_ScNup133C_490_881_renamed_relative_3CQC_1.pdb_11": [{"rot": [[-0.6148026797345534, -0.3586773995428786, 0.7024017283922143], [0.2685818859300281, -0.9325868096899967, -0.24113401448676366], [0.7415399082594821, 0.04040254261047935, 0.6696911220922126]], "trans": [-267.9373835313975, 814.0885663084251, -242.5047561772073]}], "rb_ScNup133C_490_881_renamed_relative_3CQC_1.pdb_12": [{"rot": [[-0.23185249138702113, -0.9109468047203307, 0.34120425144984634], [0.6659170071267096, -0.4043219490651401, -0.6269595689704168], [0.7090831840179515, 0.0818515758796669, 0.7003580210642112]], "trans": [63.46195616104768, 889.1834027606492, -269.2434691327395]}], "rb_ScNup133C_490_881_renamed_relative_3CQC_1.pdb_13": [{"rot": [[0.31911249689029175, -0.9292331297352208, -0.1862605834064975], [0.6751136599341365, 0.3608210180930639, -0.6434514271276573], [0.6651231167977681, 0.0795863273733004, 0.7424804751617723]], "trans": [350.8173574568507, 707.184531491255, -291.22072518730647]}], "rb_ScNup133C_490_881_renamed_relative_3CQC_1.pdb_14": [{"rot": [[0.7153292263582005, -0.4028239875566433, -0.5709964386637995], [0.290784315464913, 0.9146105531075024, -0.28094842591477354], [0.6354121338134634, 0.034933811606413026, 0.7713825568479413]], "trans": [425.7938879050357, 374.7095742691186, -295.53793296364574]}], "rb_ScNup84_506-726_ScNup133C_882_1155_renamed_relative_3CQC_new_1.pdb_14": [{"rot": [[0.9879403625735217, 0.13872456890958945, 0.06877015325662866], [-0.1484122904530326, 0.9750254998061287, 0.16522429231286323], [-0.04413198432629464, -0.17343808321314658, 0.9838554768108811]], "trans": [-54.762791094428735, 47.909028290360936, 82.15957280053411]}], "rb_ScNup84_506-726_ScNup133C_882_1155_renamed_relative_3CQC_new_1.pdb_15": [{"rot": [[0.594890862562776, 0.7823018560129333, 0.18468532079737318], [-0.8037489743331845, 0.5816824214981875, 0.12503258286683278], [-0.009614982977771441, -0.2228213782353866, 0.9748118718520062]], "trans": [-319.139963265549, 215.88060440427185, 102.45604771570129]}], "rb_ScNup84_506-726_ScNup133C_882_1155_renamed_relative_3CQC_new_1.pdb_16": [{"rot": [[-0.14508165232990256, 0.9602817820345122, 0.2383489317153309], [-0.9881421903595691, -0.15286488063247283, 0.014399302087443694], [0.05026256846412537, -0.23343356091580755, 0.9710728329273492]], "trans": [-387.74858675026206, 522.1458255362469, 106.47569320838525]}], "rb_ScNup84_506-726_ScNup133C_882_1155_renamed_relative_3CQC_new_1.pdb_17": [{"rot": [[-0.798490849267923, 0.5684011967939279, 0.1983240860778482], [-0.5935717926395839, -0.7983082398807513, -0.10186501421547882], [0.10042355609125739, -0.19905786500844302, 0.9748287417594225]], "trans": [-220.3948491903679, 787.2903236027364, 91.88774917315709]}], "rb_ScNup84_506-726_ScNup133C_882_1155_renamed_relative_3CQC_new_1.pdb_18": [{"rot": [[-0.982560407615316, -0.16377072735863296, 0.08805790280968606], [0.14881731639979517, -0.9765378356476411, -0.15565109022482293], [0.11148296608172506, -0.13983205787313946, 0.983879333996083]], "trans": [84.88498360311121, 855.9888298941477, 67.26204381705077]}], "rb_ScNup84_506-726_ScNup133C_882_1155_renamed_relative_3CQC_new_1.pdb_19": [{"rot": [[-0.5894597847114065, -0.8073173536304697, -0.027854133177482164], [0.8041231289968628, -0.5831442576955979, -0.11545028423064323], [0.07696204012543162, -0.09045145241363832, 0.9929226450917444]], "trans": [349.2555944733769, 687.9969075712127, 47.048667461305456]}], "rb_ScNup84_506-726_ScNup133C_882_1155_renamed_relative_3CQC_new_1.pdb_20": [{"rot": [[0.15052713182791239, -0.9852399943441101, -0.0815091168426659], [0.9884582603202992, 0.15141698916162188, -0.0048127952156946235], [0.01708362339262972, -0.07984390357465226, 0.996660975895882]], "trans": [417.8468652862784, 381.7267102119912, 43.11290588490988]}], "rb_ScNup84_506-726_ScNup133C_882_1155_renamed_relative_3CQC_new_1.pdb_21": [{"rot": [[0.8039055724783846, -0.5933090578602698, -0.04147520221953084], [0.5938365913154837, 0.7968295692014786, 0.11144837576647088], [-0.03307466330892933, -0.11422346303249797, 0.9929043595129674]], "trans": [250.47897580196292, 116.59575463447709, 57.78438861474143]}], "rb_4XMM.renamed.noAb_Nup145c_149-550_Sec13_Nup84_7-436_3IKO_updated_1.pdb_21": [{"rot": [[0.9947738072683459, -0.0297490272193247, 0.09767327040876568], [0.03211199930536514, 0.9992262366423301, -0.0227100749936742], [-0.09692209177195989, 0.025727871756325963, 0.9949593884885142]], "trans": [-16.415782767173255, -9.515172539251353, 41.879736302071876]}], "rb_4XMM.renamed.noAb_Nup145c_149-550_Sec13_Nup84_7-436_3IKO_updated_1.pdb_22": [{"rot": [[0.7259595249729154, 0.6838624282024681, 0.07290368573757289], [-0.6839569080818284, 0.7290006558990305, -0.027586075942910807], [-0.07201191559904413, -0.02983660489745736, 0.9969574018080956]], "trans": [-333.2339173482793, 145.9302899240101, 66.41702609552607]}], "rb_4XMM.renamed.noAb_Nup145c_149-550_Sec13_Nup84_7-436_3IKO_updated_1.pdb_23": [{"rot": [[0.03105707016852466, 0.9981668838950507, 0.05194545492910092], [-0.9994037111060355, 0.031796132222200235, -0.013462102480359762], [-0.015089089436764572, -0.05149638696988638, 0.9985591827773739]], "trans": [-447.76708632322743, 480.54106259762017, 73.95922773712437]}], "rb_4XMM.renamed.noAb_Nup145c_149-550_Sec13_Nup84_7-436_3IKO_updated_1.pdb_24": [{"rot": [[-0.6828499009958016, 0.7290403580208827, 0.04707620510200704], [-0.7294352247557528, -0.6839550938344899, 0.011387822591590734], [0.04050019253716654, -0.026562868720004948, 0.9988263855194333]], "trans": [-292.91823104954676, 798.2975536326626, 60.11201806136211]}], "rb_4XMM.renamed.noAb_Nup145c_149-550_Sec13_Nup84_7-436_3IKO_updated_1.pdb_25": [{"rot": [[-0.9975446187237076, 0.03414096412106717, 0.06114841146142542], [-0.03220279489063383, -0.9989558619547434, 0.032406262781848535], [0.06219094513354454, 0.030357543298799024, 0.997602478900417]], "trans": [40.60191902384457, 913.0536470094655, 33.01129264314369]}], "rb_4XMM.renamed.noAb_Nup145c_149-550_Sec13_Nup84_7-436_3IKO_updated_1.pdb_26": [{"rot": [[-0.7286744801746665, -0.6794494347764303, 0.08591837710389906], [0.6838449900970737, -0.7286742806628856, 0.037280319466953954], [0.037276419641799605, 0.08592006914810071, 0.995604444674828]], "trans": [357.4144706891023, 757.5837219621609, 8.557043453876418]}], "rb_4XMM.renamed.noAb_Nup145c_149-550_Sec13_Nup84_7-436_3IKO_updated_1.pdb_27": [{"rot": [[-0.033747403579659885, -0.9936995213728312, 0.10687550689955137], [0.9992372414878026, -0.03144511124998284, 0.023154701516572986], [-0.01964810361019466, 0.10757539775376476, 0.9940027594642988]], "trans": [471.9280774630033, 422.964369504582, 1.0989193747332138]}], "rb_4XMM.renamed.noAb_Nup145c_149-550_Sec13_Nup84_7-436_3IKO_updated_1.pdb_28": [{"rot": [[0.6801385311201773, -0.7245171640137432, 0.11174281871855908], [0.7292127313861193, 0.6842849679105978, -0.0016956049027481226], [-0.07523543626564212, 0.0826375322784598, 0.9937357130489191]], "trans": [317.0609671948051, 105.22044123442811, 15.029999552012157]}], "rb_4XMM.renamed.noAb_Seh1_Nup85_47_544_3F3F_1.pdb_28": [{"rot": [[0.699812394674732, -0.680498277404803, 0.21722041043308452], [0.27334208344458566, 0.5360533408912805, 0.7987057788306495], [-0.6599596333699472, -0.49956872416955517, 0.5611455890887965]], "trans": [438.2206248605638, -109.16080444351451, 709.6641410999802]}], "rb_4XMM.renamed.noAb_Seh1_Nup85_47_544_3F3F_1.pdb_29": [{"rot": [[0.6757829984552725, -0.11439775133973665, 0.7281692752974525], [-0.33793547930559886, 0.829859120495754, 0.4439971305723866], [-0.6550701877091496, -0.5461199452669986, 0.5221456258135982]], "trans": [-67.97076232949252, -206.47663788096446, 750.5254547923873]}], "rb_4XMM.renamed.noAb_Seh1_Nup85_47_544_3F3F_1.pdb_30": [{"rot": [[0.22789985787557548, 0.4931444593091576, 0.839565481087077], [-0.7529530672394864, 0.6359606151600996, -0.16916197711022724], [-0.6173518715570123, -0.5936014135915364, 0.5162499670384375]], "trans": [-494.6299736983514, 83.81034478964416, 783.1616908772244]}], "rb_4XMM.renamed.noAb_Seh1_Nup85_47_544_3F3F_1.pdb_31": [{"rot": [[-0.38146076816049074, 0.7862215611985878, 0.48615155976389435], [-0.728587525597416, 0.06794630327886869, -0.6815742933932988], [-0.5689006063437152, -0.6141978155099505, 0.5469123728025924]], "trans": [-591.8121139919914, 591.6460528685932, 788.4780869862511]}], "rb_4XMM.renamed.noAb_Seh1_Nup85_47_544_3F3F_1.pdb_32": [{"rot": [[-0.7953268329361715, 0.5931448556545886, -0.12503763042468405], [-0.27911253222744936, -0.541433022246116, -0.7930614583845449], [-0.5380998263940471, -0.5958434883691669, 0.5961703734694992]], "trans": [-302.5846018189561, 1019.5332848749293, 763.3842282188009]}], "rb_4XMM.renamed.noAb_Seh1_Nup85_47_544_3F3F_1.pdb_33": [{"rot": [[-0.7712497601943598, 0.027021399166383492, -0.6359588440986074], [0.33216312415688, -0.8351943602738285, -0.4383127188630677], [-0.5429930628935208, -0.5492906558042695, 0.6351679377106749]], "trans": [203.6209214211322, 1116.8097838845492, 722.6044557654416]}], "rb_4XMM.renamed.noAb_Seh1_Nup85_47_544_3F3F_1.pdb_34": [{"rot": [[-0.3233342386339345, -0.5805057051145007, -0.7473072302985792], [0.7471455450588774, -0.6412481769527691, 0.17485511160222442], [-0.5807137889061101, -0.5018106235267141, 0.6410597425279827]], "trans": [630.2640360556163, 826.4897219741611, 690.0521402253289]}], "rb_4XMM.renamed.noAb_Seh1_Nup85_47_544_3F3F_1.pdb_35": [{"rot": [[0.28602450360615295, -0.8735385133681517, -0.39385333437641], [0.7227321770620179, -0.07321088111359914, 0.6872396722583537], [-0.6291646712714031, -0.4812178639131478, 0.6103942855849958]], "trans": [727.4131032029627, 318.6468017189231, 684.8208919306966]}], "rb_4XMM.renamed.noAb_Nup120_715-1036_Nup85_553-744_Nup145c_92-99_554-712_remaining_updated_1.pdb_35": [{"rot": [[0.9902620666483086, -0.0667589384927336, 0.12216498470816617], [0.0595238925786715, 0.9963028458172909, 0.061947926750232994], [-0.1258488997556428, -0.05407294654161978, 0.9905746669901283]], "trans": [2.0125411448307204, -51.552848004759994, 100.92274032738433]}], "rb_4XMM.renamed.noAb_Nup120_715-1036_Nup85_553-744_Nup145c_92-99_554-712_remaining_updated_1.pdb_36": [{"rot": [[0.7415142088249876, 0.6539860030547836, 0.14986322403806515], [-0.6630604102072567, 0.7484203172725054, 0.01476215124936172], [-0.1025064413899889, -0.11031471570988663, 0.9885965268861762]], "trans": [-348.6382079590219, 106.61866540795458, 128.14343546599466]}], "rb_4XMM.renamed.noAb_Nup120_715-1036_Nup85_553-744_Nup145c_92-99_554-712_remaining_updated_1.pdb_37": [{"rot": [[0.05621340699868227, 0.9890859178222579, 0.13619508081903553], [-0.9973466390511535, 0.06194812725798482, -0.038237561410189747], [-0.04625726372117159, -0.1336842425079771, 0.9899438311632128]], "trans": [-485.18185304446257, 467.15559548420185, 137.3138653450643]}], "rb_4XMM.renamed.noAb_Nup120_715-1036_Nup85_553-744_Nup145c_92-99_554-712_remaining_updated_1.pdb_38": [{"rot": [[-0.6641814663794516, 0.7422345508301049, 0.08916754606960418], [-0.7475052076604378, -0.6609686360578846, -0.0660032322565077], [0.009947071859010781, -0.11049132862724187, 0.9938273099787607]], "trans": [-327.62728821578094, 818.8504418097816, 123.08586773955926]}], "rb_4XMM.renamed.noAb_Nup120_715-1036_Nup85_553-744_Nup145c_92-99_554-712_remaining_updated_1.pdb_39": [{"rot": [[-0.9976529369167889, 0.05804091346660271, 0.03633001273422806], [-0.059896749307973694, -0.9968351395983045, -0.05226933981186013], [0.03318127308655576, -0.05432271003910141, 0.99797196668562]], "trans": [31.729714270281022, 955.6755213050153, 93.81840916273723]}], "rb_4XMM.renamed.noAb_Nup120_715-1036_Nup85_553-744_Nup145c_92-99_554-712_remaining_updated_1.pdb_40": [{"rot": [[-0.7488487152248229, -0.6626847143704225, 0.00863545284999041], [0.6626680058241029, -0.7488960498715969, -0.005081391918205102], [0.009834417280130157, 0.0019172445099895205, 0.9999498029452528]], "trans": [382.3746687629169, 797.4768899631539, 66.68078442125318]}], "rb_4XMM.renamed.noAb_Nup120_715-1036_Nup85_553-744_Nup145c_92-99_554-712_remaining_updated_1.pdb_41": [{"rot": [[-0.06352182251023364, -0.9977310976626889, 0.022307730090372038], [0.9969004360163739, -0.06239758158083264, 0.047917246198288986], [-0.04641657823819498, 0.02528237666181434, 0.998602174389275]], "trans": [518.8967301657465, 436.9296534201411, 57.59460163036374]}], "rb_4XMM.renamed.noAb_Nup120_715-1036_Nup85_553-744_Nup145c_92-99_554-712_remaining_updated_1.pdb_42": [{"rot": [[0.6568535843655858, -0.7508233409235825, 0.06933743166884829], [0.7470024709849417, 0.6604997829208561, 0.07567922504818247], [-0.10261908715474802, 0.002085062553470733, 0.9947185408273411]], "trans": [361.32126328718994, 85.24758335408865, 71.90667968533589]}], "rb_4XMM.renamed.noAb_Nup120_2-711_3F7F_updated_1.pdb_42": [{"rot": [[0.9752119758000599, 0.20947711574338965, 0.0712807143340673], [-0.22068080712441093, 0.8972097443947644, 0.3825109879859675], [0.016173547015510104, -0.3887595819306747, 0.9211972665146293]], "trans": [-131.95389287525245, 78.77176115422196, 245.37876387705327]}], "rb_4XMM.renamed.noAb_Nup120_2-711_3F7F_updated_1.pdb_43": [{"rot": [[0.5361107994817796, 0.7733453136771341, 0.33841134214535895], [-0.8424059763997774, 0.4643927383650882, 0.2732975584957055], [0.05419761622936817, -0.4315975096862711, 0.9004366763008181]], "trans": [-348.8793890745004, 301.5064255631466, 261.62659811073837]}], "rb_4XMM.renamed.noAb_Nup120_2-711_3F7F_updated_1.pdb_44": [{"rot": [[-0.212744582837894, 0.8671168022229314, 0.4503867158074364], [-0.9703749327194713, -0.24151347563355952, 0.006612944660290498], [0.11450865654094644, -0.435637110896301, 0.8928090922403915]], "trans": [-345.3201530574475, 612.8191912045952, 259.86945964752454]}], "rb_4XMM.renamed.noAb_Nup120_2-711_3F7F_updated_1.pdb_45": [{"rot": [[-0.8326641293352046, 0.4358589212126655, 0.341610082576286], [-0.5296216571091322, -0.8069790841631524, -0.26131524648243587], [0.16177561015005384, -0.398511930213552, 0.9027828606248829]], "trans": [-123.35932212884836, 830.3387672509906, 241.1607098760015]}], "rb_4XMM.renamed.noAb_Nup120_2-711_3F7F_updated_1.pdb_46": [{"rot": [[-0.9604902288064229, -0.2677913819217276, 0.07580432794924427], [0.22165436695751692, -0.9007463606819759, -0.3735309027735697], [0.16830882916842949, -0.341970421947026, 0.9245152073045231]], "trans": [186.97723264487183, 826.6392358235121, 216.48420310688545]}], "rb_4XMM.renamed.noAb_Nup120_2-711_3F7F_updated_1.pdb_47": [{"rot": [[-0.5213405498333066, -0.8316258381348463, -0.19131778915202738], [0.8433450515902938, -0.467885112486704, -0.2642965105170111], [0.13028106177672075, -0.29913539887452045, 0.9452750171682902]], "trans": [403.89189507110945, 603.8879513909491, 200.31978984545668]}], "rb_4XMM.renamed.noAb_Nup120_2-711_3F7F_updated_1.pdb_48": [{"rot": [[0.22752483363121928, -0.9253422729112135, -0.3032723661077531], [0.9712552278926652, 0.23802843788627365, 0.0023968830984170963], [0.0699695103045108, -0.29510022148573434, 0.9529009008846709]], "trans": [400.3149107430978, 292.5758739621866, 202.16081619967372]}], "rb_4XMM.renamed.noAb_Nup120_2-711_3F7F_updated_1.pdb_49": [{"rot": [[0.8474100209517288, -0.49404027735710243, -0.19447483317773367], [0.530453311053215, 0.8034601792474063, 0.2703165277159471], [0.022705531997095976, -0.33222875359101983, 0.9429255082476482]], "trans": [178.34364085492916, 75.07412479046548, 220.95278787395122]}]}
