{"rb_ScNup133N_56-480_renamed_1.pdb_0": [{"rot": [[0.6277887882826694, 0.005630976986264913, 0.7783633659190035], [0.5166805048013342, 0.7448880487319784, -0.4221173424706773], [-0.5821705018848162, 0.6671657117646626, 0.46472294948790205]], "trans": [6.49094253162707, -141.26210082629, 403.1644848734668]}], "rb_ScNup133N_56-480_renamed_1.pdb_1": [{"rot": [[0.7978113190853077, 0.5423196060230393, 0.2634132571879777], [-0.11063069534730957, 0.5611698849098593, -0.8202738625100942], [-0.5926701851673787, 0.625282180453972, 0.5077048812256922]], "trans": [-402.7323534509982, 57.437917335831315, 434.85658436834785]}], "rb_ScNup133N_56-480_renamed_1.pdb_2": [{"rot": [[0.4758919673781525, 0.7924533276855132, -0.38150302597110536], [-0.6746328592839221, 0.05061157377701575, -0.73641630466348], [-0.5642670826473516, 0.6078290812720071, 0.5587006957223848]], "trans": [-552.1399668347724, 488.1699122761148, 444.71082003793487]}], "rb_ScNup133N_56-480_renamed_1.pdb_3": [{"rot": [[-0.14938437154588513, 0.6095002809383347, -0.7785844315640622], [-0.8449255669439246, -0.48769462713274514, -0.2196696087089474], [-0.5136001322647126, 0.6250306858082614, 0.5878363258048332]], "trans": [-354.2048977128691, 898.6051248325934, 426.9784465834475]}], "rb_ScNup133N_56-480_renamed_1.pdb_4": [{"rot": [[-0.711722001948725, 0.10063694020395983, -0.6952150733467198], [-0.5217489490529095, -0.7384013552090527, 0.4272487247349256], [-0.4703507479576118, 0.666810051582773, 0.5780437085583547]], "trans": [75.12161287789002, 1048.304937148364, 392.0713433021765]}], "rb_ScNup133N_56-480_renamed_1.pdb_5": [{"rot": [[-0.8816956109797953, -0.4360373745423103, -0.18023389687074862], [0.1055755748382542, -0.5546410741799406, 0.8253648143882166], [-0.4598550288694675, 0.7086922370357758, 0.5350594972418399]], "trans": [484.335954868903, 849.5732051966743, 360.4625883876332]}], "rb_ScNup133N_56-480_renamed_1.pdb_6": [{"rot": [[-0.5597322618408078, -0.6861312826142727, 0.4646758634496392], [0.6695524533583357, -0.04406314769222486, 0.741456641495164], [-0.488261515231754, 0.7261420673900856, 0.48406444892188216]], "trans": [633.7165101388763, 418.82989646742453, 350.69304105338813]}], "rb_ScNup133N_56-480_renamed_1.pdb_7": [{"rot": [[0.06555737585939606, -0.503136246339268, 0.8617169767911401], [0.8397960789962845, 0.4942286757688269, 0.22467879684175546], [-0.5389292868019857, 0.7089371859815397, 0.4549321819344944]], "trans": [435.7559564840939, 8.410631490041169, 368.50984477964573]}], "rb_ScNup133C_490_881_renamed_relative_3CQC_1.pdb_7": [{"rot": [[0.7980264105390252, 0.3650460554982591, -0.47947390486590813], [-0.29959870028168223, 0.9306832101182233, 0.20992708542150218], [0.5228713674238882, -0.023877599737031643, 0.8520771052898161]], "trans": [169.6761062227563, 120.85570272203792, -241.62421386800645]}], "rb_ScNup133C_490_881_renamed_relative_3CQC_1.pdb_8": [{"rot": [[0.3648771267021319, 0.9144464764089963, -0.17507805171627738], [-0.7441494551166312, 0.39943933787309593, 0.5354342198712405], [0.5595589967637171, -0.06508346289706662, 0.8262311250480151]], "trans": [-115.00003476034192, 90.63508455699767, -218.7454868340095]}], "rb_ScNup133C_490_881_renamed_relative_3CQC_1.pdb_9": [{"rot": [[-0.25487900165898036, 0.9286034928142467, 0.2696891685746818], [-0.7511100680846104, -0.36577412499389106, 0.5495843475817751], [0.6089912644162094, -0.06248873993076631, 0.7907115765224458]], "trans": [-337.6718461249026, 271.213352764948, -201.8345249262655]}], "rb_ScNup133C_490_881_renamed_relative_3CQC_1.pdb_10": [{"rot": [[-0.6981800959889621, 0.3992237248898827, 0.594276847142719], [-0.3164029139643349, -0.9166843424254302, 0.2440881242234738], [0.6422100509955609, -0.01761345613738323, 0.7663263120650204]], "trans": [-367.8931277617617, 556.8053284712696, -200.77400317370683]}], "rb_ScNup133C_490_881_renamed_relative_3CQC_1.pdb_11": [{"rot": [[-0.7053341246838802, -0.3635746950592749, 0.6085369451964107], [0.3053144269896649, -0.9305603412160606, -0.20209045506362072], [0.6397553229386972, 0.04325381449541728, 0.7673605634271278]], "trans": [-187.9579134287127, 780.1073222555208, -216.16118527115287]}], "rb_ScNup133C_490_881_renamed_relative_3CQC_1.pdb_12": [{"rot": [[-0.27215015686244715, -0.9129336971692886, 0.30411569622852164], [0.7498311702320283, -0.3992733656226477, -0.5275736874151609], [0.6030650945529942, 0.08445616660242478, 0.7932084515779009]], "trans": [96.72712457068616, 810.3059943959546, -238.9580380854655]}], "rb_ScNup133C_490_881_renamed_relative_3CQC_1.pdb_13": [{"rot": [[0.34760653123159546, -0.9270310320421826, -0.1406526397759483], [0.7567431398852993, 0.365941182905831, -0.5416889060060381], [0.553633018959017, 0.08185668136618962, 0.8287279191833938]], "trans": [319.39139025661507, 629.7106537466072, -255.785838901209]}], "rb_ScNup133C_490_881_renamed_relative_3CQC_1.pdb_14": [{"rot": [[0.790873733143455, -0.3976082821369943, -0.4652165003520429], [0.32200120666781995, 0.9168098323162586, -0.23616721676113475], [0.5204171030319833, 0.0369781738908401, 0.853111161295816]], "trans": [349.59693056337466, 344.1167140493492, -256.76261982734286]}], "rb_ScNup84_506-726_ScNup133C_882_1155_renamed_relative_3CQC_new_1.pdb_14": [{"rot": [[0.982354889715226, 0.1626568990679122, 0.09231253348380143], [-0.17850787933105317, 0.9627063501159482, 0.203301304627295], [-0.05580150239300992, -0.21619254527397808, 0.974754828507478]], "trans": [-66.1919565928032, 58.2068811926508, 104.66188547094043]}], "rb_ScNup84_506-726_ScNup133C_882_1155_renamed_relative_3CQC_new_1.pdb_15": [{"rot": [[0.5694833127734942, 0.789738403909932, 0.2280394918919092], [-0.8217652750337792, 0.5536422899514333, 0.13484082292092014], [-0.019763330214928654, -0.26418453430722766, 0.9642696420668284]], "trans": [-319.5378507151149, 232.51319175066334, 124.04827774516559]}], "rb_ScNup84_506-726_ScNup133C_882_1155_renamed_relative_3CQC_new_1.pdb_16": [{"rot": [[-0.17599606025592973, 0.9449681520796199, 0.27579082350509654], [-0.9835597259390257, -0.18031554605895928, -0.009826971059673867], [0.040443198255571605, -0.2729862549739227, 0.9611674423898122]], "trans": [-375.87800691352066, 535.430836072662, 127.10633797024497]}], "rb_ScNup84_506-726_ScNup133C_882_1155_renamed_relative_3CQC_new_1.pdb_17": [{"rot": [[-0.8173709013932495, 0.5374103683597242, 0.2075931249705827], [-0.5691097614047425, -0.8092043087748533, -0.14595364378476], [0.08954824972842029, -0.23744153520325179, 0.9672655417882409]], "trans": [-202.20565395152835, 789.506503771215, 112.0686162488646]}], "rb_ScNup84_506-726_ScNup133C_882_1155_renamed_relative_3CQC_new_1.pdb_18": [{"rot": [[-0.9789147853149636, -0.19418185098189017, 0.0633975696774351], [0.17879398560038812, -0.9646120936657243, -0.19379427098589735], [0.0987853926695969, -0.17837297301742272, 0.9789915876513131]], "trans": [99.7414083648141, 845.8992030367745, 87.76842689847183]}], "rb_ScNup84_506-726_ScNup133C_882_1155_renamed_relative_3CQC_new_1.pdb_19": [{"rot": [[-0.5659930270509685, -0.8212314684046125, -0.07232405292629061], [0.8220189546379273, -0.5554988290927332, -0.12532313869581618], [0.06274337850044477, -0.13038376501162097, 0.9894762969751947]], "trans": [353.0802468162786, 671.5734122976955, 68.46516837438315]}], "rb_ScNup84_506-726_ScNup133C_882_1155_renamed_relative_3CQC_new_1.pdb_20": [{"rot": [[0.1794989852108958, -0.9764039766226069, -0.12006410264445339], [0.9837548893736219, 0.17847116606023128, 0.01934839834698862], [0.002536127313652929, -0.12158666588347808, 0.9925775792035542]], "trans": [409.4033110996387, 368.65175455775966, 65.4909665971415]}], "rb_ScNup84_506-726_ScNup133C_882_1155_renamed_relative_3CQC_new_1.pdb_21": [{"rot": [[0.8208415192502567, -0.568797132389406, -0.051855785217452384], [0.5692545987626217, 0.8073279196556316, 0.1554697138741698], [-0.04656610422331415, -0.15713514034135784, 0.9864786594789392]], "trans": [235.7176693417593, 114.590124911575, 80.61215580528653]}], "rb_4XMM.renamed.noAb_Nup145c_149-550_Sec13_Nup84_7-436_3IKO_updated_1.pdb_21": [{"rot": [[0.9947505252032742, -0.010519849985853362, 0.10178764838665916], [0.011141333543955002, 0.9999225915454752, -0.0055390977464007006], [-0.10172149868475866, 0.00664407053371495, 0.9947907282600048]], "trans": [-25.1054783975045, -4.3373858596347645, 53.065979962006054]}], "rb_4XMM.renamed.noAb_Nup145c_149-550_Sec13_Nup84_7-436_3IKO_updated_1.pdb_22": [{"rot": [[0.7110640375961388, 0.6976084549820916, 0.08792256806404553], [-0.6990452958589861, 0.7148418077761023, -0.018353860433631547], [-0.07565453571928232, -0.048411087499598465, 0.9959582108864844]], "trans": [-335.52298070624795, 156.36000390285238, 77.06754662410012]}], "rb_4XMM.renamed.noAb_Nup145c_149-550_Sec13_Nup84_7-436_3IKO_updated_1.pdb_23": [{"rot": [[0.009787865115156447, 0.9975629793493188, 0.06908183500891465], [-0.9997847177141241, 0.011026835231633891, -0.017576322996130437], [-0.01829524314616803, -0.06889492823485487, 0.9974561508867132]], "trans": [-441.82650887021396, 490.1426217722763, 83.95782429899998]}], "rb_4XMM.renamed.noAb_Nup145c_149-550_Sec13_Nup84_7-436_3IKO_updated_1.pdb_24": [{"rot": [[-0.6982605224062814, 0.7136261333827126, 0.056302616299298246], [-0.7148995382728708, -0.6992175913802678, -0.0036619778280633612], [0.03675449667922865, -0.042807728947186666, 0.9984070338876029]], "trans": [-281.74004387194026, 801.4760206609961, 69.7243960730209]}], "rb_4XMM.renamed.noAb_Nup145c_149-550_Sec13_Nup84_7-436_3IKO_updated_1.pdb_25": [{"rot": [[-0.9982963960758523, 0.012132124959039864, 0.057071158442273416], [-0.011279512532942923, -0.9998202725039355, 0.015237955478849086], [0.05724576996585876, 0.014568261191180137, 0.9982538192197821]], "trans": [50.95741921269121, 907.9768224942547, 42.72940979346572]}], "rb_4XMM.renamed.noAb_Nup145c_149-550_Sec13_Nup84_7-436_3IKO_updated_1.pdb_26": [{"rot": [[-0.7145545105921034, -0.6959739647215937, 0.07093723861404105], [0.6988848273848469, -0.714683919039321, 0.028051629504357967], [0.031174499895461064, 0.0696213781557293, 0.9970862621959871]], "trans": [361.368928813738, 747.255472692003, 18.81091395339098]}], "rb_4XMM.renamed.noAb_Nup145c_149-550_Sec13_Nup84_7-436_3IKO_updated_1.pdb_27": [{"rot": [[-0.013254863231999925, -0.9958736040284083, 0.08977791153824927], [0.9995691978394649, -0.010845427268579455, 0.027272613331516427], [-0.02618639591981744, 0.09010072977967874, 0.9955883341833107]], "trans": [467.6529591438855, 413.46492093461165, 12.00470556789054]}], "rb_4XMM.renamed.noAb_Nup145c_149-550_Sec13_Nup84_7-436_3IKO_updated_1.pdb_28": [{"rot": [[0.694771324255882, -0.711881355670558, 0.10255604536240864], [0.7146284549689722, 0.699376690206255, 0.013357265618503075], [-0.08123409592275563, 0.06400922312286099, 0.9946375425323639]], "trans": [307.54873997016915, 102.14449568352006, 26.3219623779151]}], "rb_4XMM.renamed.noAb_Seh1_Nup85_47_544_3F3F_1.pdb_28": [{"rot": [[0.6797203007573703, -0.6992153917787006, 0.2215358856665663], [0.25388531852099916, 0.5076574938960515, 0.8233019579295758], [-0.6881297535914304, -0.503370345561735, 0.5225856268892771]], "trans": [456.8886816060792, -92.87047816289692, 736.2475007731655]}], "rb_4XMM.renamed.noAb_Seh1_Nup85_47_544_3F3F_1.pdb_29": [{"rot": [[0.6472651554787896, -0.14776103259286721, 0.7478064560767778], [-0.3391557470211272, 0.8227525980136523, 0.4561266728928802], [-0.6826574527283514, -0.5488577590859739, 0.4824250848842373]], "trans": [-42.7261542883989, -206.58314448204044, 776.664400939701]}], "rb_4XMM.renamed.noAb_Seh1_Nup85_47_544_3F3F_1.pdb_30": [{"rot": [[0.20627671149119964, 0.4644276786638014, 0.8612530694211374], [-0.7353065749681854, 0.6542911347317948, -0.17671262495910722], [-0.6455804822831418, -0.5968333455013507, 0.4764617493490245]], "trans": [-476.29135509283543, 67.44912650250504, 809.93017399261]}], "rb_4XMM.renamed.noAb_Seh1_Nup85_47_544_3F3F_1.pdb_31": [{"rot": [[-0.3849077827804087, 0.7787219630763201, 0.49541710000527145], [-0.7024964245821151, 0.10096020454762361, -0.7044897519105923], [-0.5986190543278885, -0.6191923298299692, 0.5081890263231982]], "trans": [-589.8163995673967, 568.6944833881512, 816.5812659312846]}], "rb_4XMM.renamed.noAb_Seh1_Nup85_47_544_3F3F_1.pdb_32": [{"rot": [[-0.7799641148903582, 0.6110037972864254, -0.13538958299983714], [-0.25994594458219644, -0.5130911316708581, -0.8180254253359053], [-0.5692838355149131, -0.6028365037904456, 0.5590206296006814]], "trans": [-316.79480261649394, 1003.5164453469334, 792.7453782188397]}], "rb_4XMM.renamed.noAb_Seh1_Nup85_47_544_3F3F_1.pdb_33": [{"rot": [[-0.7474627151943576, 0.059524847639975426, -0.6616315303155653], [0.3330925538858499, -0.8281429430430229, -0.4508088468895027], [-0.5747598106514418, -0.5573473408938797, 0.5991786892559186]], "trans": [182.8354480007808, 1117.1902928689133, 752.4099148644283]}], "rb_4XMM.renamed.noAb_Seh1_Nup85_47_544_3F3F_1.pdb_34": [{"rot": [[-0.3064433619040603, -0.5526507413069495, -0.7750287891929025], [0.7292087565766141, -0.659633436236517, 0.18203933402095668], [-0.6118390762912466, -0.5093730341622771, 0.6051380477142304]], "trans": [616.3858200255582, 843.1244000696447, 719.2279639322849]}], "rb_4XMM.renamed.noAb_Seh1_Nup85_47_544_3F3F_1.pdb_35": [{"rot": [[0.2847385894501967, -0.8669018778734369, -0.4091516464801545], [0.6963522067153888, -0.106277856322637, 0.7097877298587751], [-0.6588000758048841, -0.48701760891673507, 0.5734076287637839]], "trans": [729.8783058047419, 341.8705480752068, 712.6619850451533]}], "rb_4XMM.renamed.noAb_Nup120_715-1036_Nup85_553-744_Nup145c_92-99_554-712_remaining_updated_1.pdb_35": [{"rot": [[0.9868560852867266, -0.08257974675680704, 0.13890879150773672], [0.08114509222091401, 0.9965743540494943, 0.015969685635416505], [-0.139751711764177, -0.0044880147522357895, 0.9901764069005924]], "trans": [7.461621998664555, -47.907832077954595, 82.27983196718131]}], "rb_4XMM.renamed.noAb_Nup120_715-1036_Nup85_553-744_Nup145c_92-99_554-712_remaining_updated_1.pdb_36": [{"rot": [[0.7540674424500519, 0.6439416230745079, 0.1293115552029561], [-0.6461724407673786, 0.7626182848781048, -0.029572425708881734], [-0.11765827225302629, -0.06125795982357911, 0.9911629499374391]], "trans": [-342.5739790389845, 104.28192454255358, 109.48060006730583]}], "rb_4XMM.renamed.noAb_Nup120_715-1036_Nup85_553-744_Nup145c_92-99_554-712_remaining_updated_1.pdb_37": [{"rot": [[0.07671922858478059, 0.9929442586974415, 0.09042045722703038], [-0.9951249569433944, 0.08189205145243145, -0.05495463563085861], [-0.061971606674059244, -0.08576357635209343, 0.9943863076981374]], "trans": [-482.8989903417698, 460.15447341748825, 118.97512266534818]}], "rb_4XMM.renamed.noAb_Nup120_715-1036_Nup85_553-744_Nup145c_92-99_554-712_remaining_updated_1.pdb_38": [{"rot": [[-0.6483884220169962, 0.7599774952269175, 0.04501845113873836], [-0.7612911521007456, -0.6468253204468755, -0.04530768766906021], [-0.00531374890541942, -0.0636491286461821, 0.997958191757126]], "trans": [-331.3071283665969, 811.234774408153, 105.22537945179329]}], "rb_4XMM.renamed.noAb_Nup120_715-1036_Nup85_553-744_Nup145c_92-99_554-712_remaining_updated_1.pdb_39": [{"rot": [[-0.9964772236148839, 0.08151654753533341, 0.019702672272887294], [-0.0816541661729038, -0.9966409194462579, -0.0062828999614742784], [0.019124329096229416, -0.007869571985680552, 0.9997861420690836]], "trans": [23.39887003548813, 951.8551537571518, 76.31016877370735]}], "rb_4XMM.renamed.noAb_Nup120_715-1036_Nup85_553-744_Nup145c_92-99_554-712_remaining_updated_1.pdb_40": [{"rot": [[-0.7636318481807377, -0.6449865949202178, 0.02930346084157475], [0.6456450716020992, -0.7626278352519321, 0.03925845660328864], [-0.002973543339378368, 0.04889864284594042, 0.9987993195671662]], "trans": [373.4291429852298, 799.638327289672, 49.19243365197019]}], "rb_4XMM.renamed.noAb_Nup120_715-1036_Nup85_553-744_Nup145c_92-99_554-712_remaining_updated_1.pdb_41": [{"rot": [[-0.086256399763674, -0.9939361475949663, 0.06819653953014478], [0.9945444128164144, -0.08187423216942119, 0.06463761321646289], [-0.058662120959462424, 0.07339989516848819, 0.9955758187871944]], "trans": [513.7329345010851, 443.7551750027959, 39.782130582147204]}], "rb_4XMM.renamed.noAb_Nup120_715-1036_Nup85_553-744_Nup145c_92-99_554-712_remaining_updated_1.pdb_42": [{"rot": [[0.6388330329597687, -0.7609125423433515, 0.11359779445042352], [0.760653703905985, 0.6468248304897366, 0.05498710208794274], [-0.11531824978523304, 0.05128100590375651, 0.9920040119374365]], "trans": [362.12021856886935, 92.68718225380223, 53.61595268900055]}], "rb_4XMM.renamed.noAb_Nup120_2-711_3F7F_updated_1.pdb_42": [{"rot": [[0.9814141113089013, 0.191831644001533, 0.005192541134086064], [-0.18218302636551995, 0.9228673350131286, 0.33930108586632435], [0.06029665851488223, -0.3339408665099791, 0.9406634949047957]], "trans": [-103.25715962125719, 54.28459346452348, 178.99283160127132]}], "rb_4XMM.renamed.noAb_Nup120_2-711_3F7F_updated_1.pdb_43": [{"rot": [[0.5685205611990483, 0.7800077450226731, 0.2614809537969537], [-0.817013789526475, 0.4981286191719508, 0.29044164041238163], [0.09629558254410661, -0.3787555893534654, 0.9204734457419188]], "trans": [-347.1106532080993, 260.1433586645488, 197.46910318445472]}], "rb_4XMM.renamed.noAb_Nup120_2-711_3F7F_updated_1.pdb_44": [{"rot": [[-0.17103447675321448, 0.8966681591169933, 0.40833003831153125], [-0.9728365446738257, -0.21931063141495444, 0.07410738354216512], [0.15600084970552455, -0.38456346598983693, 0.9098212327248897]], "trans": [-374.4950862177828, 578.6294152200574, 198.14346529946903]}], "rb_4XMM.renamed.noAb_Nup120_2-711_3F7F_updated_1.pdb_45": [{"rot": [[-0.8040092335894158, 0.4734715707962025, 0.3597135303970876], [-0.558368124741407, -0.8091643878603443, -0.1829700267567303], [0.20443627265171044, -0.34796216039444655, 0.9149470724352882]], "trans": [-169.36635833346608, 823.1692573426143, 180.64487201201956]}], "rb_4XMM.renamed.noAb_Nup120_2-711_3F7F_updated_1.pdb_46": [{"rot": [[-0.9595981718108377, -0.24166749142948468, 0.14411166588266547], [0.1835900258696494, -0.9258880027005438, -0.33019101873972656], [0.21322769768132502, -0.290393233463483, 0.9328481756964226]], "trans": [148.1101426744184, 850.5081143002311, 155.2482509012459]}], "rb_4XMM.renamed.noAb_Nup120_2-711_3F7F_updated_1.pdb_47": [{"rot": [[-0.5466550976033427, -0.8298104814474833, -0.11217294301289688], [0.8183883609214627, -0.5011031365591951, -0.28131145948719755], [0.1772249840529272, -0.24558137431497423, 0.9530378238123642]], "trans": [391.9541194360518, 644.6306150044325, 136.85530560738368]}], "rb_4XMM.renamed.noAb_Nup120_2-711_3F7F_updated_1.pdb_48": [{"rot": [[0.1929121136649723, -0.946414942889091, -0.2590051587855938], [0.9741530650841571, 0.21634524651148723, -0.06496568401106027], [0.11751902904829456, -0.23977800188533083, 0.9636886362427564]], "trans": [419.320245503661, 326.1428182106166, 136.2648877252924]}], "rb_4XMM.renamed.noAb_Nup120_2-711_3F7F_updated_1.pdb_49": [{"rot": [[0.8258545617354496, -0.5231723381189072, -0.2103685991015371], [0.5596349783768971, 0.8061657676864962, 0.19210790193932983], [0.06908642296310648, -0.27638281357138894, 0.9585612168894195]], "trans": [214.17897170372646, 81.6194827537156, 153.8468772763799]}]}
