{"rb_ScNup133N_56-480_renamed_1.pdb_0": [{"rot": [[-0.21786865320481452, 0.12724382122328526, 0.9676477974507112], [-0.6314390662726967, -0.7743754095198685, -0.040341426791778545], [0.7441894621233096, -0.6197997540265954, 0.24905884720922222]], "trans": [436.5503770659267, 743.4310823870377, -72.40632716873762]}], "rb_ScNup133N_56-480_renamed_1.pdb_1": [{"rot": [[-0.5849023525207946, -0.46797098379714847, 0.6624895443247119], [-0.25007982474476437, -0.6729375153753151, -0.6961430755642986], [0.7715888278553955, -0.5728509917285836, 0.276572634228895]], "trans": [516.4528162997444, 352.52148944035036, -76.83184828076867]}], "rb_ScNup133N_56-480_renamed_1.pdb_2": [{"rot": [[-0.5757119902688401, -0.8175029742901481, -0.015639414549392494], [0.2798295153311788, -0.17902068075339422, -0.9432110252812486], [0.7682780399114657, -0.5473942664016019, 0.3318258134932293]], "trans": [297.42430996787397, 19.54211788437621, -57.7125799216048]}], "rb_ScNup133N_56-480_renamed_1.pdb_3": [{"rot": [[-0.19568141024025365, -0.7165913818238483, -0.6694815734448321], [0.6478605908169506, 0.41803164839700485, -0.636809387340348], [0.7361966045511839, -0.5583424866820232, 0.38245029351935067]], "trans": [-92.22324127927192, -60.442904619077126, -26.22485417654127]}], "rb_ScNup133N_56-480_renamed_1.pdb_4": [{"rot": [[0.33256211535304037, -0.22435164011846176, -0.9160069765062174], [0.6384156084548214, 0.7684577992217374, 0.043567438489528265], [0.6941382789568414, -0.5992820307596707, 0.398789540102789]], "trans": [-424.22689455137896, 159.42289269651008, -0.7906198627828189]}], "rb_ScNup133N_56-480_renamed_1.pdb_5": [{"rot": [[0.699566080984779, 0.3708552695546383, -0.6107975666120065], [0.25702757208677796, 0.6669731915589483, 0.6993451143239944], [0.6667414232839954, -0.6462299364662869, 0.37127179221158846]], "trans": [-504.0923151708716, 550.339142451104, 3.7143948371537476]}], "rb_ScNup133N_56-480_renamed_1.pdb_6": [{"rot": [[0.6903343888319752, 0.7203487470915235, 0.06735068046909282], [-0.27288102901146716, 0.17302893951046788, 0.9463598311939915], [0.6700555018814638, -0.6716834586734658, 0.3160173345606606]], "trans": [-285.0313002971568, 883.3017104145217, -15.324906307475374]}], "rb_ScNup133N_56-480_renamed_1.pdb_7": [{"rot": [[0.31027509432460026, 0.6193905854930535, 0.7211689597066883], [-0.6408822646052865, -0.4240154494597502, 0.639906885049567], [0.7021390807783413, -0.6607315651775785, 0.2653950075297714]], "trans": [104.62903213569734, 963.2565462967643, -46.73102733081362]}], "rb_ScNup133C_490_881_renamed_relative_3CQC_1.pdb_7": [{"rot": [[0.7370060914722393, 0.36171253659676744, -0.5709518911445525], [-0.29912388736954504, 0.9320716172367555, 0.20437074239378447], [0.6060915121809086, 0.020162867117228922, 0.7951393196489959]], "trans": [232.8104713117715, 122.11198539331158, -280.7855417434837]}], "rb_ScNup133C_490_881_renamed_relative_3CQC_1.pdb_8": [{"rot": [[0.3235971769785474, 0.9139326541076137, -0.24497340836777143], [-0.6960153878029055, 0.4053071173139068, 0.592696145251728], [0.6409738270733689, -0.021289537583032314, 0.7672674296465444]], "trans": [-70.12994507616486, 44.77292148711038, -256.2217853785402]}], "rb_ScNup133C_490_881_renamed_relative_3CQC_1.pdb_9": [{"rot": [[-0.2486005825556672, 0.9332417091320425, 0.25934082341444376], [-0.6832924338635932, -0.3587404030553675, 0.6359377116042375], [0.6865196283994689, -0.019111136857112354, 0.7268600720016739]], "trans": [-338.93477366256457, 205.00280246437336, -235.53473182835262]}], "rb_ScNup133C_490_881_renamed_relative_3CQC_1.pdb_10": [{"rot": [[-0.6443856716068526, 0.4083281849790682, 0.6465564163934036], [-0.2684083113629079, -0.9124811333687095, 0.30876392217592785], [0.7160475435465808, 0.025421931434294803, 0.6975884465664925]], "trans": [-416.1324423741679, 508.9368216024775, -230.81914384888967]}], "rb_ScNup133C_490_881_renamed_relative_3CQC_1.pdb_11": [{"rot": [[-0.6319016044390683, -0.3533061746218066, 0.689837016462172], [0.30559201087212184, -0.9315259460642658, -0.19716220403566637], [0.7122597034779227, 0.08622156796981983, 0.6966002842508475]], "trans": [-256.4975550533251, 778.5262618158306, -244.81347446712425]}], "rb_ScNup133C_490_881_renamed_relative_3CQC_1.pdb_12": [{"rot": [[-0.21846172362455046, -0.9054852227719189, 0.3638282378440041], [0.7024510506716718, -0.40471812133312146, -0.5854620087374136], [0.6773750783142596, 0.1276704883920769, 0.724474464472333]], "trans": [46.45543379476692, 855.8419446115233, -269.29564258564665]}], "rb_ScNup133C_490_881_renamed_relative_3CQC_1.pdb_13": [{"rot": [[0.353735059153238, -0.9247346873403544, -0.14048938022279922], [0.6896831868087048, 0.35933088910689137, -0.6286639913077845], [0.6318295733496798, 0.12548733068793022, 0.764881899431261]], "trans": [315.2543050050166, 695.5913696518908, -289.8996440208691]}], "rb_ScNup133C_490_881_renamed_relative_3CQC_1.pdb_14": [{"rot": [[0.7494878005684307, -0.39977796056547305, -0.5276794661962896], [0.2747680139610274, 0.9130304018489654, -0.3014598212091011], [0.6023043875840544, 0.08095101942299215, 0.794151343983859]], "trans": [392.4348030976397, 391.6517000765722, -294.5313593144316]}], "rb_ScNup84_506-726_ScNup133C_882_1155_renamed_relative_3CQC_new_1.pdb_14": [{"rot": [[0.9723504629316382, 0.17281143123843776, 0.15706936833753593], [-0.2000348159498492, 0.9634185736928442, 0.1783556118308486], [-0.12050165826468862, -0.2048435039169392, 0.9713487989689862]], "trans": [-81.91478587108179, 77.59520370266537, 139.33186334433026]}], "rb_ScNup84_506-726_ScNup133C_882_1155_renamed_relative_3CQC_new_1.pdb_15": [{"rot": [[0.5459354284559015, 0.797663848082162, 0.2562945442638788], [-0.8336628832520062, 0.5476430505041403, 0.07136726366109296], [-0.08343083988923734, -0.2526251663973281, 0.9639604868759399]], "trans": [-316.3304671397185, 259.30051503771614, 157.1734008049031]}], "rb_ScNup84_506-726_ScNup133C_882_1155_renamed_relative_3CQC_new_1.pdb_16": [{"rot": [[-0.20233647951445716, 0.9465859481236651, 0.2510677037623869], [-0.9790440180964182, -0.18947736455606484, -0.07464006263735613], [-0.02308158762555161, -0.2609087410105497, 0.9650874930165523]], "trans": [-354.0645213331837, 554.0196786699927, 158.78832897042764]}], "rb_ScNup84_506-726_ScNup133C_882_1155_renamed_relative_3CQC_new_1.pdb_17": [{"rot": [[-0.8341170266564997, 0.5323370653570244, 0.14445080369728525], [-0.5510119018172276, -0.816127138947651, -0.17413321661556644], [0.02519265562584448, -0.2248415929497766, 0.9740696013028662]], "trans": [-173.00989411551734, 789.10216979868, 143.2546050522389]}], "rb_ScNup84_506-726_ScNup133C_882_1155_renamed_relative_3CQC_new_1.pdb_18": [{"rot": [[-0.9793002603487023, -0.20240996378381512, -0.0010984725749986768], [0.19968621661637623, -0.9652059990702074, -0.1688277058196312], [0.03311215750145333, -0.16555236609579732, 0.9856449660530315]], "trans": [120.77097435819144, 826.8334672526472, 119.69610844830584]}], "rb_ScNup84_506-726_ScNup133C_882_1155_renamed_relative_3CQC_new_1.pdb_19": [{"rot": [[-0.5528357952105788, -0.8272299696950387, -0.10031530676936551], [0.8332807945825182, -0.5493814466520139, -0.06183157328151165], [-0.003962437862433152, -0.11777352551777165, 0.9930325753837588]], "trans": [355.1790223650623, 645.1101617672457, 101.93774354520082]}], "rb_ScNup84_506-726_ScNup133C_882_1155_renamed_relative_3CQC_new_1.pdb_20": [{"rot": [[0.1954474719310006, -0.9760945829517684, -0.09507707845739308], [0.9786031946250833, 0.18775063237416328, 0.0841753379124931], [-0.06431230974985566, -0.10949458970795908, 0.991904663583816]], "trans": [392.89662356845747, 350.38844478961107, 100.40661579729468]}], "rb_ScNup84_506-726_ScNup133C_882_1155_renamed_relative_3CQC_new_1.pdb_21": [{"rot": [[0.8271946523904312, -0.5617968141171651, 0.011547584356745924], [0.5505215057532963, 0.814367872552475, 0.18366012048748717], [-0.11258365227596846, -0.14556547599674277, 0.9829219772891664]], "trans": [211.83018870451497, 115.32057049663001, 116.02368632939849]}], "rb_4XMM.renamed.noAb_Nup145c_149-550_Sec13_Nup84_7-436_3IKO_updated_1.pdb_21": [{"rot": [[0.9990229775238685, -0.014062132573808454, 0.04189685915223865], [0.015226634774880659, 0.9995028983412283, -0.02760626379860284], [-0.04148782921265323, 0.02821724003091532, 0.9987404805014469]], "trans": [-6.565428861924261, -1.071139389395512, 10.530334544031689]}], "rb_4XMM.renamed.noAb_Nup145c_149-550_Sec13_Nup84_7-436_3IKO_updated_1.pdb_22": [{"rot": [[0.7181638139947538, 0.6952277829732085, 0.029984430137440815], [-0.6956982423500722, 0.7182841117742705, 0.008478818530237827], [-0.01564262955931993, -0.026949295998331083, 0.9995144038910423]], "trans": [-320.91737844431793, 143.15319186082297, 34.92565022440573]}], "rb_4XMM.renamed.noAb_Nup145c_149-550_Sec13_Nup84_7-436_3IKO_updated_1.pdb_23": [{"rot": [[0.01836720931562974, 0.9987262880907282, 0.0469941177007576], [-0.9989650483723409, 0.016374880354375287, 0.042434601728159556], [0.04161102921586383, -0.04772488627431926, 0.9979934155482695]], "trans": [-441.61575323339923, 468.08324870365084, 43.006358198376574]}], "rb_4XMM.renamed.noAb_Nup145c_149-550_Sec13_Nup84_7-436_3IKO_updated_1.pdb_24": [{"rot": [[-0.690416118360347, 0.7186396791519853, 0.0829614070310034], [-0.7169158122621158, -0.6950364712325195, 0.054369309221276724], [0.09673314652580668, -0.021938897077552488, 0.9950685318902605]], "trans": [-297.95183009137645, 783.3705391219373, 30.062670697996282]}], "rb_4XMM.renamed.noAb_Nup145c_149-550_Sec13_Nup84_7-436_3IKO_updated_1.pdb_25": [{"rot": [[-0.992970901835669, 0.019046640894481773, 0.11681615289974068], [-0.01477895342699572, -0.999195142326754, 0.037291421080745644], [0.11743240882849004, 0.03530287553805559, 0.9924531910047364]], "trans": [25.91595248310108, 904.3154396330349, 3.701187268167928]}], "rb_4XMM.renamed.noAb_Nup145c_149-550_Sec13_Nup84_7-436_3IKO_updated_1.pdb_26": [{"rot": [[-0.7120562829280457, -0.6902213606086974, 0.12872576782514628], [0.696123856097696, -0.7179206947640627, 0.0012054049775121964], [0.09158289640740348, 0.09046739406528786, 0.9916794964587434]], "trans": [340.26319426143374, 760.0668389896248, -20.611158499812063]}], "rb_4XMM.renamed.noAb_Nup145c_149-550_Sec13_Nup84_7-436_3IKO_updated_1.pdb_27": [{"rot": [[-0.012236006289690071, -0.993665129398169, 0.11171343145834732], [0.999335726762781, -0.01598766589638173, -0.03274904204232238], [0.03432761811694475, 0.11123850573118046, 0.9932006894264176]], "trans": [460.9427620530297, 435.12771814906534, -28.60784674979925]}], "rb_4XMM.renamed.noAb_Nup145c_149-550_Sec13_Nup84_7-436_3IKO_updated_1.pdb_28": [{"rot": [[0.6965253425587493, -0.7135230271599204, 0.07574521031695727], [0.7172308694452763, 0.6954016787098952, -0.04468092615683608], [-0.0207924767209116, 0.08544820044917903, 0.9961256336184744]], "trans": [317.2607768029293, 119.85211253653961, -15.580299850460278]}], "rb_4XMM.renamed.noAb_Seh1_Nup85_47_544_3F3F_1.pdb_28": [{"rot": [[0.6559926045087616, -0.721052413959899, 0.22306303851697054], [0.23080908675060263, 0.4730239009555721, 0.850279691982665], [-0.718610373083477, -0.506292213496697, 0.4767256299481398]], "trans": [478.93977969955716, -72.44378277307226, 765.7054388851482]}], "rb_4XMM.renamed.noAb_Seh1_Nup85_47_544_3F3F_1.pdb_29": [{"rot": [[0.6135725183010693, -0.18771630202314576, 0.7670015350313509], [-0.34050618066784516, 0.8134848378122087, 0.4714848455429408], [-0.7124495109919652, -0.55045890728047, 0.4352133794851786]], "trans": [-12.110241107776915, -205.98349730386994, 805.5361382075662]}], "rb_4XMM.renamed.noAb_Seh1_Nup85_47_544_3F3F_1.pdb_30": [{"rot": [[0.1808495838268815, 0.4295363811543464, 0.8847552911932662], [-0.7142321090670178, 0.6758047097222653, -0.18210021607591115], [-0.6761404605607718, -0.5989878893450535, 0.4290076759343994]], "trans": [-453.59293687950395, 47.959133911308285, 839.5307302187027]}], "rb_4XMM.renamed.noAb_Seh1_Nup85_47_544_3F3F_1.pdb_31": [{"rot": [[-0.3886810025054474, 0.7691103105043695, 0.5073424963151043], [-0.6714347800550899, 0.1406384770106361, -0.7275961482281985], [-0.6309535754901008, -0.623450197738368, 0.4617439079362678]], "trans": [-586.8796061872715, 540.6210537106906, 847.7987084958739]}], "rb_4XMM.renamed.noAb_Seh1_Nup85_47_544_3F3F_1.pdb_32": [{"rot": [[-0.7613801928411705, 0.6320782902212763, -0.14414311284309897], [-0.2371854724095878, -0.4785059353563239, -0.8454437423664679], [-0.6033599701894309, -0.6095154672850608, 0.5142447292032184]], "trans": [-333.88712546928934, 983.3940797379083, 825.520579687005]}], "rb_4XMM.renamed.noAb_Seh1_Nup85_47_544_3F3F_1.pdb_33": [{"rot": [[-0.7189155464230386, 0.09871560993838914, -0.6880520804893796], [0.3341264465355154, -0.8189250006778364, -0.4666062161934443], [-0.6095243677137291, -0.565346859564379, 0.5557544183754918]], "trans": [157.1798562151348, 1116.8956470417304, 785.7711906711343]}], "rb_4XMM.renamed.noAb_Seh1_Nup85_47_544_3F3F_1.pdb_34": [{"rot": [[-0.2861634518743078, -0.5185263518207848, -0.8057548642601026], [0.7078183991641211, -0.6811964305797381, 0.18698806584959618], [-0.6458355770752565, -0.5168189677564667, 0.5619560142493527]], "trans": [598.6492902900873, 862.9187719186586, 751.8602989013308]}], "rb_4XMM.renamed.noAb_Seh1_Nup85_47_544_3F3F_1.pdb_35": [{"rot": [[0.28336381201384253, -0.858058550746061, -0.4282995138131274], [0.6649763705698606, -0.1460035633983333, 0.7324543576624638], [-0.6910219798419781, -0.49236011512567357, 0.5292165345193917]], "trans": [731.9040708947045, 370.2468056849067, 743.6773878211054]}], "rb_4XMM.renamed.noAb_Nup120_715-1036_Nup85_553-744_Nup145c_92-99_554-712_remaining_updated_1.pdb_35": [{"rot": [[0.9969353375477374, -0.03802750746142904, 0.0683654987903381], [0.03785458117576674, 0.9992759431759819, 0.003823620504278434], [-0.06846140104166762, -0.0012239550745066325, 0.997653015081591]], "trans": [0.6709052243563747, -21.98866677707224, 38.61571669831761]}], "rb_4XMM.renamed.noAb_Nup120_715-1036_Nup85_553-744_Nup145c_92-99_554-712_remaining_updated_1.pdb_36": [{"rot": [[0.7321030252072604, 0.6774956972000088, 0.07088540581708855], [-0.6797803864363023, 0.733317775239047, 0.01198610591342808], [-0.043860992908173226, -0.056961572958709836, 0.9974124485423173]], "trans": [-329.9786569668113, 124.88019853970005, 64.29718611204288]}], "rb_4XMM.renamed.noAb_Nup120_715-1036_Nup85_553-744_Nup145c_92-99_554-712_remaining_updated_1.pdb_37": [{"rot": [[0.03891337617648771, 0.9961605312641792, 0.07842158571475552], [-0.9991587414443819, 0.03777343383799869, 0.01596800210943193], [0.012944440885091973, -0.07897698175769906, 0.9967923945348991]], "trans": [-460.34129903614524, 463.24025537639864, 73.08285273807007]}], "rb_4XMM.renamed.noAb_Nup120_715-1036_Nup85_553-744_Nup145c_92-99_554-712_remaining_updated_1.pdb_38": [{"rot": [[-0.6765533391683026, 0.7312886417621312, 0.08655923803914921], [-0.7331841402499333, -0.6798973986592152, 0.013436658155934568], [0.06867747626541675, -0.05437324457976236, 0.9961560894396437]], "trans": [-314.0468338069131, 794.8755283564636, 59.84995409015971]}], "rb_4XMM.renamed.noAb_Nup120_715-1036_Nup85_553-744_Nup145c_92-99_554-712_remaining_updated_1.pdb_39": [{"rot": [[-0.995166630897446, 0.038045716257806436, 0.090531211317742], [-0.03766825447454174, -0.9992730294169881, 0.005874971032844488], [0.09068891527120798, 0.002436422423570718, 0.9958762897532535]], "trans": [23.205291576904813, 925.5095153060031, 32.374513681314966]}], "rb_4XMM.renamed.noAb_Nup120_715-1036_Nup85_553-744_Nup145c_92-99_554-712_remaining_updated_1.pdb_40": [{"rot": [[-0.7302783402685971, -0.6774567647631117, 0.08801066759911097], [0.6799459032205789, -0.7332587107410238, -0.002287316323343714], [0.06608414657158318, 0.05817211530544292, 0.9961169060771913]], "trans": [353.849940149764, 778.6151015259404, 6.776036807933565]}], "rb_4XMM.renamed.noAb_Nup120_715-1036_Nup85_553-744_Nup145c_92-99_554-712_remaining_updated_1.pdb_41": [{"rot": [[-0.03706376285703372, -0.9960673593335876, 0.08047417693329662], [0.9992698408980039, -0.03768938131359523, -0.006268620891123254], [0.00927699059802125, 0.08018307930238386, 0.9967369819762042]], "trans": [484.1927280274028, 440.24522261505024, -1.9255229378474041]}], "rb_4XMM.renamed.noAb_Nup120_715-1036_Nup85_553-744_Nup145c_92-99_554-712_remaining_updated_1.pdb_42": [{"rot": [[0.678382227564009, -0.7311394887448528, 0.07233672181685138], [0.7332390933987765, 0.679960638159165, -0.003736638318294478], [-0.046454119699266, 0.05557498135039324, 0.99737326824558]], "trans": [337.8789255770551, 108.62184144980415, 11.391335736229848]}], "rb_4XMM.renamed.noAb_Nup120_2-711_3F7F_updated_1.pdb_42": [{"rot": [[0.9893465909444076, 0.1038179265383709, 0.10205469668738487], [-0.13371100137100184, 0.9252604589407206, 0.3549851422710151], [-0.05757335407152034, -0.3648491760304281, 0.9292848797063659]], "trans": [-82.79915230755432, 19.592978954095656, 275.6922191606998]}], "rb_4XMM.renamed.noAb_Nup120_2-711_3F7F_updated_1.pdb_43": [{"rot": [[0.6059863308525189, 0.7186872231055562, 0.34098275933649125], [-0.795118965562725, 0.5600693953156775, 0.2326114851704339], [-0.023799105495061396, -0.4120812392909406, 0.9108362392889728]], "trans": [-355.15268943137755, 226.7646605551568, 296.43373272886197]}], "rb_4XMM.renamed.noAb_Nup120_2-711_3F7F_updated_1.pdb_44": [{"rot": [[-0.13141194795717137, 0.8962042548729626, 0.4237320302758583], [-0.9906765913640806, -0.13421535725481237, -0.0233694073568623], [0.03592758351670178, -0.4228524227488384, 0.9054860779261542]], "trans": [-401.7716268055182, 566.3953579231445, 298.53832528033496]}], "rb_4XMM.renamed.noAb_Nup120_2-711_3F7F_updated_1.pdb_45": [{"rot": [[-0.7908699364422157, 0.5323770416410953, 0.3018268198244846], [-0.6058234642181104, -0.750872001299945, -0.26300031913779887], [0.08661797639436332, -0.39085281526079796, 0.9163685955815241]], "trans": [-195.34402024992363, 839.5247365422382, 280.7971017248975]}], "rb_4XMM.renamed.noAb_Nup120_2-711_3F7F_updated_1.pdb_46": [{"rot": [[-0.9860678465904373, -0.1596593051151107, 0.046680919128252334], [0.13398802756398306, -0.9286543798794007, -0.345902083255247], [0.09857692625564948, -0.3348282380877791, 0.937108659969068]], "trans": [143.2038410251497, 886.1498720883137, 253.62712587376333]}], "rb_4XMM.renamed.noAb_Nup120_2-711_3F7F_updated_1.pdb_47": [{"rot": [[-0.6026559903464753, -0.7745001357533811, -0.19223760562778594], [0.7953658807542155, -0.5634150688897964, -0.2235096773743317], [0.06479871165062576, -0.28759867848427445, 0.9555564489356548]], "trans": [415.54775969918404, 678.957219539248, 232.96895757837305]}], "rb_4XMM.renamed.noAb_Nup120_2-711_3F7F_updated_1.pdb_48": [{"rot": [[0.1347575607947843, -0.951963022430105, -0.27496691389034394], [0.9908656235260187, 0.1308835934168725, 0.032477701406984014], [0.005071086967741001, -0.2768318784028072, 0.9609049875908332]], "trans": [462.1467415029407, 339.32327296986466, 230.94844800752577]}], "rb_4XMM.renamed.noAb_Nup120_2-711_3F7F_updated_1.pdb_49": [{"rot": [[0.7941855510437212, -0.5880877039033556, -0.15304301039596874], [0.6059607500172977, 0.7475116610502215, 0.2720990371765646], [-0.045616663094262745, -0.30883518114298214, 0.950021026576005]], "trans": [255.704359189399, 66.21050391433437, 248.7732450581952]}]}
