{"rb_ScNup133N_56-480_renamed_1.pdb_0": [{"rot": [[0.9426763416411028, -0.13644161986012548, -0.30454063650043556], [0.14541908104274343, 0.9893462294047664, 0.006879624354130462], [0.300357463331327, -0.05077127861808229, 0.9524744991277478]], "trans": [153.4545135469868, -83.77294518926777, -156.90518200601912]}], "rb_ScNup133N_56-480_renamed_1.pdb_1": [{"rot": [[0.776759587456771, 0.5997459503634416, -0.19222210673238743], [-0.5442381132145323, 0.7928013064554276, 0.274355544152567], [0.31693756391231215, -0.108493702606269, 0.9422206201713639]], "trans": [-269.08646923073536, -37.74566297577833, -123.40875545671258]}], "rb_ScNup133N_56-480_renamed_1.pdb_2": [{"rot": [[0.1732608209287298, 0.9819570027081407, 0.07577026305580192], [-0.914007466556073, 0.13166123747965813, 0.38373906450226336], [0.36683925500258263, -0.1357415315140058, 0.9203277664024814]], "trans": [-535.5325784038076, 294.52121738295205, -103.74674768779198]}], "rb_ScNup133N_56-480_renamed_1.pdb_3": [{"rot": [[-0.5142818711782864, 0.7862869135346089, 0.34244276394979717], [-0.7472728780465219, -0.6067688030415637, 0.2709517768747305], [0.4208294223476135, -0.11655260297275288, 0.8996210802481495]], "trans": [-489.79401298924097, 718.3811892049449, -109.41343518341387]}], "rb_ScNup133N_56-480_renamed_1.pdb_4": [{"rot": [[-0.8830962854760289, 0.12736198002895902, 0.45157488484363323], [-0.14170982059247242, -0.9899060855073352, 0.0020660646629327116], [0.44727986465532615, -0.062168061885868584, 0.8922308304218508]], "trans": [-158.6631561813972, 985.5312213664545, -137.0651876071629]}], "rb_ScNup133N_56-480_renamed_1.pdb_5": [{"rot": [[-0.7171257377856386, -0.6088102809196371, 0.33923549055479657], [0.5479343283103834, -0.7933033876135245, -0.2654010306309166], [0.430695539870626, -0.004447139244079107, 0.9024863294743535]], "trans": [263.8807804958713, 939.4711750069936, -170.47921359831088]}], "rb_ScNup133N_56-480_renamed_1.pdb_6": [{"rot": [[-0.11359811512886853, -0.9909697788186126, 0.07123458224314702], [0.9176563022522529, -0.1321333418843661, -0.374763513297637], [0.38079177929136976, 0.022796434604046095, 0.9243797614581646]], "trans": [530.3075144067778, 607.183791525768, -190.05710069229048]}], "rb_ScNup133N_56-480_renamed_1.pdb_7": [{"rot": [[0.5739315914024657, -0.7952420913498272, -0.1954291291895439], [0.7508677558181568, 0.6062813163943538, -0.261955298980058], [0.3268029095079099, 0.0036029899638839458, 0.945085645219777]], "trans": [484.5424215486287, 183.32782221336663, -184.30584168005385]}], "rb_ScNup133C_490_881_renamed_relative_3CQC_1.pdb_7": [{"rot": [[0.9994736752623091, 0.0036859748495695456, 0.03223020395624072], [-0.017676380840067132, 0.8949570708935414, 0.44580195919045723], [-0.027201434117513763, -0.44613703595090776, 0.8945511875431665]], "trans": [-10.411209763296483, -103.02992236847004, 150.74934597823767]}], "rb_ScNup133C_490_881_renamed_relative_3CQC_1.pdb_8": [{"rot": [[0.6955694752608432, 0.6247289192728006, 0.35481950694626974], [-0.7184587107895258, 0.6045291480926616, 0.3440371927524894], [0.0004312493570242659, -0.4942249351566547, 0.8693339562523672]], "trans": [-392.7517084081835, 81.84501535644958, 180.36598561061294]}], "rb_ScNup133C_490_881_renamed_relative_3CQC_1.pdb_9": [{"rot": [[-0.013378996606614957, 0.859313030429582, 0.5112749927228284], [-0.9982094560066552, -0.04129085912200042, 0.04327755644516407], [0.0582999518756013, -0.5097805220748388, 0.858326822908621]], "trans": [-532.8885454799064, 483.73572832284697, 189.6216094589394]}], "rb_ScNup133C_490_881_renamed_relative_3CQC_1.pdb_10": [{"rot": [[-0.7120597293466551, 0.5700156283683039, 0.4099428316956592], [-0.6930466854577534, -0.6641724844619938, -0.28028771407181563], [0.11250437155412957, -0.483691114555012, 0.8679779214252746]], "trans": [-348.72567255318364, 867.209087011133, 173.11814746975762]}], "rb_ScNup133C_490_881_renamed_relative_3CQC_1.pdb_11": [{"rot": [[-0.9911756983218298, -0.0736887896901678, 0.11018483257794846], [0.01826094707456789, -0.8992228891722333, -0.43710952105928863], [0.13129079506260957, -0.43124025538293514, 0.8926335022107831]], "trans": [51.853616054265956, 1007.6211077225319, 140.54756527633108]}], "rb_ScNup133C_490_881_renamed_relative_3CQC_1.pdb_12": [{"rot": [[-0.6872168333713198, -0.6947090994148857, -0.21239654215936132], [0.7190194010152562, -0.6087462319627543, -0.335319438796515], [0.10365387062120233, -0.38315439741872487, 0.9178499783973065]], "trans": [434.1862382474931, 822.7165657099936, 111.01417407396434]}], "rb_ScNup133C_490_881_renamed_relative_3CQC_1.pdb_13": [{"rot": [[0.021753476596870602, -0.9292428469827432, -0.3688285747977704], [0.9987144933516561, 0.03709216565226364, -0.03454753271318728], [0.04578369824831885, -0.36760291426841296, 0.9288551826824651]], "trans": [574.2982663949961, 420.8152656336845, 101.84305575100637]}], "rb_ScNup133C_490_881_renamed_relative_3CQC_1.pdb_14": [{"rot": [[0.7204104275220047, -0.6398968561426486, -0.26747117492603856], [0.6934968952923024, 0.6599510640285366, 0.2890097737232052], [-0.008418559110575236, -0.3936960840373645, 0.9192021112226325]], "trans": [390.1120121676349, 37.35677268181803, 118.43078563500092]}], "rb_ScNup84_506-726_ScNup133C_882_1155_renamed_relative_3CQC_new_1.pdb_14": [{"rot": [[0.9624061790922851, 0.24253326638927394, -0.12227821203934514], [-0.26383598603267144, 0.9417200526499636, -0.20869574722815668], [0.0645361830228404, 0.2331114693263722, 0.9703062011289751]], "trans": [-14.80833031564714, 233.30633507635272, -99.18895233380448]}], "rb_ScNup84_506-726_ScNup133C_882_1155_renamed_relative_3CQC_new_1.pdb_15": [{"rot": [[0.49756435958818973, 0.8404532928593899, -0.2146345046571125], [-0.8611102868172896, 0.5083884290070468, -0.00550265292316042], [0.10449297586460252, 0.18756190384392135, 0.9766789391716215]], "trans": [-163.6964676498577, 308.37102888900176, -87.64563275407062]}], "rb_ScNup84_506-726_ScNup133C_882_1155_renamed_relative_3CQC_new_1.pdb_16": [{"rot": [[-0.2522638291885808, 0.9579491470155724, -0.13673475130796922], [-0.9535376386301325, -0.22203635852025227, 0.20363159678875337], [0.1647086281856114, 0.18175061823059535, 0.9694523095923858]], "trans": [-216.10149264343045, 467.04513154616984, -84.19941390975572]}], "rb_ScNup84_506-726_ScNup133C_882_1155_renamed_relative_3CQC_new_1.pdb_17": [{"rot": [[-0.8478184616751328, 0.5261901008015862, 0.06578627410963422], [-0.4869727955535757, -0.8216611704089378, 0.29619320963342466], [0.20990796181552235, 0.2190819455378078, 0.952859773894261]], "trans": [-141.32188940501413, 616.3752332016195, -90.84513449035865]}], "rb_ScNup84_506-726_ScNup133C_882_1155_renamed_relative_3CQC_new_1.pdb_18": [{"rot": [[-0.940215236840526, -0.2018933087078636, 0.27428889935960743], [0.2652639787738458, -0.9392173371447701, 0.21795828768770398], [0.21361256980332938, 0.2776866678572785, 0.9366214734439624]], "trans": [16.83730943518492, 668.8817715463347, -103.6656327739156]}], "rb_ScNup84_506-726_ScNup133C_882_1155_renamed_relative_3CQC_new_1.pdb_19": [{"rot": [[-0.47532682099834334, -0.7997795542460675, 0.3666293466835], [0.8625017754126107, -0.5058387987119477, 0.014757951339793879], [0.17365224055480236, 0.32323331252767684, 0.9302500336053109]], "trans": [165.7261284911383, 593.8057928709698, -115.12647519570635]}], "rb_ScNup84_506-726_ScNup133C_882_1155_renamed_relative_3CQC_new_1.pdb_20": [{"rot": [[0.2745085969244008, -0.9172184429806837, 0.2887132800386685], [0.9548702720387982, 0.2245951864381897, -0.1943701772529573], [0.11343629838437098, 0.3290400128933935, 0.9374779336730903]], "trans": [218.12531156678375, 435.1279808500328, -118.48973376598127]}], "rb_ScNup84_506-726_ScNup133C_882_1155_renamed_relative_3CQC_new_1.pdb_21": [{"rot": [[0.870026856429171, -0.4854126180026429, 0.0861850298821949], [0.48825870093298507, 0.8241860906855015, -0.2869158916543029], [0.06824009126025848, 0.2917051220057168, 0.9540709678742044]], "trans": [143.34059172719043, 285.8041519177174, -111.76115929114098]}], "rb_4XMM.renamed.noAb_Nup145c_149-550_Sec13_Nup84_7-436_3IKO_updated_1.pdb_21": [{"rot": [[0.9951432576424689, -0.04862370649258032, 0.0855899055710426], [0.05106596063264863, 0.9983415412428255, -0.026578839206527434], [-0.08415559656613081, 0.030820483380782027, 0.9959758698737512]], "trans": [-3.732381339857966, -20.09385019777119, 32.59757448604046]}], "rb_4XMM.renamed.noAb_Nup145c_149-550_Sec13_Nup84_7-436_3IKO_updated_1.pdb_22": [{"rot": [[0.7398361713624751, 0.6699583497761048, 0.06162993679206829], [-0.6700796011463179, 0.741970610572852, -0.021747210711775235], [-0.060297327231871305, -0.025207590353489084, 0.9978621195923137]], "trans": [-331.8834785204558, 128.97666060988803, 58.06918872289293]}], "rb_4XMM.renamed.noAb_Nup145c_149-550_Sec13_Nup84_7-436_3IKO_updated_1.pdb_23": [{"rot": [[0.050909751450063934, 0.9975448932401149, 0.048087245480084854], [-0.9986960787553768, 0.0510329049124193, -0.0013359995641471709], [-0.003786751368671362, -0.047956528093359804, 0.998842245766219]], "trans": [-458.9268651175239, 467.1205851972663, 66.59134172027785]}], "rb_4XMM.renamed.noAb_Nup145c_149-550_Sec13_Nup84_7-436_3IKO_updated_1.pdb_24": [{"rot": [[-0.6680531914475529, 0.74223110776797, 0.052895331157599694], [-0.7422753061188072, -0.6697105255409408, 0.022697618947999067], [0.05227143888368679, -0.024099681350791758, 0.9983420766630143]], "trans": [-310.4368206114855, 796.2485615069198, 53.19564099115672]}], "rb_4XMM.renamed.noAb_Nup145c_149-550_Sec13_Nup84_7-436_3IKO_updated_1.pdb_25": [{"rot": [[-0.9958740280034574, 0.053583408813628226, 0.07323754944071659], [-0.051032187380006123, -0.9980380167452814, 0.03627441222622719], [0.07503756525488925, 0.032387272670879604, 0.9966546183957414]], "trans": [26.601006555658728, 923.5528971073677, 25.753481803215266]}], "rb_4XMM.renamed.noAb_Nup145c_149-550_Sec13_Nup84_7-436_3IKO_updated_1.pdb_26": [{"rot": [[-0.7405106898894049, -0.664978671642902, 0.09719714203390781], [0.6700933119758627, -0.7416106949354734, 0.03144090333536592], [0.051174909914303755, 0.08841347983970752, 0.9947684078105301]], "trans": [354.7470183352961, 774.4570340079144, 0.3648728443807272]}], "rb_4XMM.renamed.noAb_Nup145c_149-550_Sec13_Nup84_7-436_3IKO_updated_1.pdb_27": [{"rot": [[-0.05155862119567545, -0.9925113351448509, 0.11073824176582636], [0.9986557065565906, -0.05064730085294045, 0.011028629936157212], [-0.005337447176114403, 0.11115799802667148, 0.9937884136637664]], "trans": [481.7705675074135, 436.30354785906945, -8.073175876688651]}], "rb_4XMM.renamed.noAb_Nup145c_149-550_Sec13_Nup84_7-436_3IKO_updated_1.pdb_28": [{"rot": [[0.6673843420127766, -0.7371413292022216, 0.10592828148400818], [0.7421785128870236, 0.6700760666649138, -0.013004610401087642], [-0.061393770408563246, 0.08729676778014162, 0.9942887303445417]], "trans": [333.26138127420415, 107.18763560616014, 5.406468458483118]}], "rb_4XMM.renamed.noAb_Seh1_Nup85_47_544_3F3F_1.pdb_28": [{"rot": [[0.6543756427394903, -0.7231183240836393, 0.22111627611675475], [0.26524305359847156, 0.4933401781869883, 0.828409072321267], [-0.7081233230921224, -0.4834411628739249, 0.5146319085832806]], "trans": [480.1019675869438, -91.4668959767497, 737.2899404170041]}], "rb_4XMM.renamed.noAb_Seh1_Nup85_47_544_3F3F_1.pdb_29": [{"rot": [[0.636909094847541, -0.17440640468529245, 0.7509522028100251], [-0.3144143068301442, 0.830622654031253, 0.4595755109561325], [-0.7039108242959466, -0.5288179390062523, 0.4741952539030453]], "trans": [-25.25916152268644, -221.89051407259285, 778.2461624054413]}], "rb_4XMM.renamed.noAb_Seh1_Nup85_47_544_3F3F_1.pdb_30": [{"rot": [[0.21595716582610042, 0.451482130258256, 0.8657519209252832], [-0.7117375049047198, 0.6797890229267842, -0.17696499207539357], [-0.6684251840261216, -0.5779712539267912, 0.4681420756500429]], "trans": [-474.66853713071765, 44.406290077128375, 812.8124509967998]}], "rb_4XMM.renamed.noAb_Seh1_Nup85_47_544_3F3F_1.pdb_31": [{"rot": [[-0.36188056888187164, 0.7878929519487329, 0.4982641369145855], [-0.6939690089360763, 0.12919975272877904, -0.7083180348763503], [-0.6224543907002384, -0.6021064026933498, 0.5000184109946961]], "trans": [-604.8538969945057, 551.4232106117483, 820.7633918507793]}], "rb_4XMM.renamed.noAb_Seh1_Nup85_47_544_3F3F_1.pdb_32": [{"rot": [[-0.7580986167723863, 0.6377518576472712, -0.13623162377084655], [-0.27151785439843823, -0.498602198772062, -0.8232095128960342], [-0.5929287832367858, -0.5870846748528802, 0.551150653235778]], "trans": [-339.54890835300534, 1002.1427033386865, 797.4652166080389]}], "rb_4XMM.renamed.noAb_Seh1_Nup85_47_544_3F3F_1.pdb_33": [{"rot": [[-0.7405868587167046, 0.0890136173850968, -0.6660387981312612], [0.30813811581876704, -0.8358415963790298, -0.45433437834067397], [-0.5971448787989189, -0.5417060103806918, 0.5915848139038474]], "trans": [165.82893898651588, 1132.5270510688345, 756.5903297312332]}], "rb_4XMM.renamed.noAb_Seh1_Nup85_47_544_3F3F_1.pdb_34": [{"rot": [[-0.319603929499634, -0.536863170483021, -0.7807888731451695], [0.705428261213121, -0.6849588458984567, 0.18221511382780253], [-0.632632829159393, -0.4925538707637622, 0.5976339915578842]], "trans": [615.2240895641835, 866.1953812777483, 722.1078211898869]}], "rb_4XMM.renamed.noAb_Seh1_Nup85_47_544_3F3F_1.pdb_35": [{"rot": [[0.25823243508416416, -0.8732310587612296, -0.4132596368933661], [0.6876144128215605, -0.13434319000864392, 0.7135392957492628], [-0.6786032926169423, -0.46842227243485685, 0.5657544926347481]], "trans": [745.37644103924, 359.1686582007697, 714.2420355920773]}], "rb_4XMM.renamed.noAb_Nup120_715-1036_Nup85_553-744_Nup145c_92-99_554-712_remaining_updated_1.pdb_35": [{"rot": [[0.9994544764896359, -0.025444980124872445, 0.02105474795080109], [0.022947921994245897, 0.993515552754017, 0.11135636179412868], [-0.023751679961066377, -0.11081245156715792, 0.9935574760811284]], "trans": [7.278765931768362, -45.7529305828748, 72.92562191298845]}], "rb_4XMM.renamed.noAb_Nup120_715-1036_Nup85_553-744_Nup145c_92-99_554-712_remaining_updated_1.pdb_36": [{"rot": [[0.7242637754855237, 0.6801885072422559, 0.11307333078584378], [-0.6895210392657453, 0.7140646894265821, 0.12112949980910445], [0.0016492208281331591, -0.16569614941110952, 0.9861754743152911]], "trans": [-341.36935367602064, 105.39573090462969, 100.02086457124861]}], "rb_4XMM.renamed.noAb_Nup120_715-1036_Nup85_553-744_Nup145c_92-99_554-712_remaining_updated_1.pdb_37": [{"rot": [[0.02738843540310687, 0.9823467757879111, 0.18505319696039882], [-0.9979001859237785, 0.015998766068333503, 0.06276351183273388], [0.0586949106776459, -0.18638361404207468, 0.9807222113713734]], "trans": [-481.44676851262506, 459.5481965786511, 109.50402121481414]}], "rb_4XMM.renamed.noAb_Nup120_715-1036_Nup85_553-744_Nup145c_92-99_554-712_remaining_updated_1.pdb_38": [{"rot": [[-0.6829321435950402, 0.7040212513664611, 0.19482752595329883], [-0.7215366657216097, -0.6917453566879478, -0.029549983417994544], [0.11396722012940053, -0.16075583698598273, 0.9803922855729286]], "trans": [-330.89224053594825, 809.237075292761, 95.8437298705627]}], "rb_4XMM.renamed.noAb_Nup120_715-1036_Nup85_553-744_Nup145c_92-99_554-712_remaining_updated_1.pdb_39": [{"rot": [[-0.9905821508116388, 0.008258950573886826, 0.13667037802246426], [-0.022328125519305082, -0.9945611925395011, -0.10173243880492118], [0.13508685096699583, -0.10382593139394884, 0.9853789721046401]], "trans": [22.099178285691096, 949.6098080782238, 67.06638671925089]}], "rb_4XMM.renamed.noAb_Nup120_715-1036_Nup85_553-744_Nup145c_92-99_554-712_remaining_updated_1.pdb_40": [{"rot": [[-0.7153358741541043, -0.6973527605370811, 0.04465103044156374], [0.6901192129922089, -0.7150549551412015, -0.11149835418976345], [0.10968162565897369, -0.0489442386734553, 0.9927609996839512]], "trans": [370.7420509668355, 798.4341856089623, 40.05417004064236]}], "rb_4XMM.renamed.noAb_Nup120_715-1036_Nup85_553-744_Nup145c_92-99_554-712_remaining_updated_1.pdb_41": [{"rot": [[-0.018436463460920927, -0.9994565924725112, -0.02732428550371029], [0.9984436534054146, -0.016965339398920032, -0.05312671864067384], [0.05263428340445035, -0.02826122825203455, 0.9982138724683121]], "trans": [510.79838016562934, 444.2711358989261, 30.655222138507497]}], "rb_4XMM.renamed.noAb_Nup120_715-1036_Nup85_553-744_Nup145c_92-99_554-712_remaining_updated_1.pdb_42": [{"rot": [[0.6918625802021537, -0.7210758608205982, -0.037091414880661505], [0.7220243911516461, 0.6907569147219331, 0.03918754069762974], [-0.002636038336348654, -0.05389329926500182, 0.9985432206951385]], "trans": [360.2231067824415, 94.59448396243533, 44.399584120269026]}], "rb_4XMM.renamed.noAb_Nup120_2-711_3F7F_updated_1.pdb_42": [{"rot": [[0.9995220605919659, 0.002750537764224564, -0.03079098783729162], [0.007719467389804319, 0.9422724631039137, 0.3347581441866648], [0.0299342648683146, -0.3348358401039077, 0.9418008812741163]], "trans": [8.309281770624693, -72.6528336971503, 198.228325837002]}], "rb_4XMM.renamed.noAb_Nup120_2-711_3F7F_updated_1.pdb_43": [{"rot": [[0.7146371041914855, 0.6596229252224409, 0.23279047625234905], [-0.6972444434298765, 0.6450559702883277, 0.31265473177539393], [0.056071342225482115, -0.3857465381780786, 0.9208993500185884]], "trans": [-357.1258196937358, 92.86587188528016, 226.59167784472152]}], "rb_4XMM.renamed.noAb_Nup120_2-711_3F7F_updated_1.pdb_44": [{"rot": [[0.016194635431028503, 0.9147663585860383, 0.403658572289123], [-0.9934422057405478, -0.030978122507733352, 0.11005880146198382], [0.11318267374739205, -0.40279382458664, 0.9082658296106135]], "trans": [-498.94842981150856, 469.0832942567323, 236.10658092499204]}], "rb_4XMM.renamed.noAb_Nup120_2-711_3F7F_updated_1.pdb_45": [{"rot": [[-0.6866478994507204, 0.6187142170682113, 0.381716360374534], [-0.7073569939921701, -0.689799511643629, -0.15434609417335238], [0.16781163615873512, -0.37599115858471827, 0.9113012144378208]], "trans": [-334.07495053763574, 835.606079521534, 221.22307559444437]}], "rb_4XMM.renamed.noAb_Nup120_2-711_3F7F_updated_1.pdb_46": [{"rot": [[-0.9821554334402908, -0.055101980494701885, 0.17981789763333633], [-0.006581559028428649, -0.9454613379819645, -0.32566783915840636], [0.18795581301057662, -0.32103991983382973, 0.9282273332695058]], "trans": [40.91132259245376, 977.7201288954711, 190.68413403432487]}], "rb_4XMM.renamed.noAb_Nup120_2-711_3F7F_updated_1.pdb_47": [{"rot": [[-0.6972154864703632, -0.7119512047619607, -0.08376184969235176], [0.6983599684152837, -0.6481932988219922, -0.3035437396443293], [0.1618144614702141, -0.2701313188067113, 0.9491286270357924]], "trans": [406.34005681196646, 812.1731452423751, 162.4039037108142]}], "rb_4XMM.renamed.noAb_Nup120_2-711_3F7F_updated_1.pdb_48": [{"rot": [[0.0012501028708262751, -0.9670419185837431, -0.2546141491447049], [0.9945029018869036, 0.02786079701702443, -0.1009344050762707], [0.1047015538630487, -0.25308833179632334, 0.9617608231401473]], "trans": [548.1398604092229, 435.94500259387814, 152.9733471998589]}], "rb_4XMM.renamed.noAb_Nup120_2-711_3F7F_updated_1.pdb_49": [{"rot": [[0.7040703439823995, -0.6709383850241842, -0.2326513146871125], [0.7083625353433941, 0.686658927829838, 0.16346875956418333], [0.050074636757355157, -0.279894980899468, 0.9587238029906747]], "trans": [383.2443223989836, 69.43556852546101, 167.94102237761004]}]}
