{"rb_ScNup133N_56-480_renamed_1.pdb_0": [{"rot": [[0.6505040339068644, 0.008883084933007379, 0.759450849412239], [0.5274342620693728, 0.7142113480019927, -0.460125254230317], [-0.5464957466131228, 0.6998737323169449, 0.459912119590815]], "trans": [-0.3901048860740275, -129.63039424507588, 377.35410943814725]}], "rb_ScNup133N_56-480_renamed_1.pdb_1": [{"rot": [[0.8222016535102241, 0.5236450110428934, 0.22311508997587495], [-0.1169807650223903, 0.5390703804490731, -0.8340974916262902], [-0.5570457266507222, 0.6596961628904483, 0.5044809521555689]], "trans": [-399.9206301419623, 69.02555347264186, 408.2738495116299]}], "rb_ScNup133N_56-480_renamed_1.pdb_2": [{"rot": [[0.48941082745432574, 0.7643145313730048, -0.41988133931211713], [-0.6942604814200845, 0.050128414041086644, -0.7179759926655478], [-0.527711498746072, 0.6428922454329267, 0.5551667631022095]], "trans": [-542.5029690597935, 492.8507840670744, 417.61767321387805]}], "rb_ScNup133N_56-480_renamed_1.pdb_3": [{"rot": [[-0.15291488600663738, 0.5899040474737253, -0.7928620639251789], [-0.8662262896139393, -0.4661854532184417, -0.17978636875242854], [-0.4756774672183297, 0.6593059517262327, 0.5822770897082606]], "trans": [-344.6084637512597, 893.5626183154316, 399.935841773387]}], "rb_ScNup133N_56-480_renamed_1.pdb_4": [{"rot": [[-0.7284920271346734, 0.10258568000107648, -0.6773297163567615], [-0.5321381944460996, -0.7074072778633517, 0.4651923099510652], [-0.4314259014162913, 0.6993219011904886, 0.5699303203922925]], "trans": [77.83540760063863, 1036.4185304733423, 365.6106262630062]}], "rb_ScNup133N_56-480_renamed_1.pdb_5": [{"rot": [[-0.9001393910192892, -0.4121626001904829, -0.14096477481854505], [0.11229028729197252, -0.532225913788928, 0.8391224392610572], [-0.42087999253386854, 0.7394981864046459, 0.5253593667090461]], "trans": [477.35698203863734, 837.7316297255202, 334.7742268154421]}], "rb_ScNup133N_56-480_renamed_1.pdb_6": [{"rot": [[-0.5673035316690461, -0.6527939926139867, 0.5020226151907078], [0.689543864556522, -0.04326507412720154, 0.722950477012931], [-0.4502176826917, 0.7562989730046298, 0.4746745217766147]], "trans": [619.9128013420213, 413.89562081051986, 325.5150459214962]}], "rb_ScNup133N_56-480_renamed_1.pdb_7": [{"rot": [[0.07503561152306662, -0.4783432346851134, 0.8749613744813776], [0.8614592525105361, 0.4730350869001493, 0.18473159671630662], [-0.5022525393338966, 0.7398821233090784, 0.4475676824127295]], "trans": [421.99356986507973, 13.199730633653871, 343.2812472044794]}], "rb_ScNup133C_490_881_renamed_relative_3CQC_1.pdb_7": [{"rot": [[0.8115370249760712, 0.3490154004167796, -0.46861061379881663], [-0.2670988683976081, 0.9348932221479327, 0.23373672728643727], [0.5196786041330794, -0.06452064362490609, 0.8519220826768861]], "trans": [163.7089575603793, 93.2322692638264, -229.95036192134194]}], "rb_ScNup133C_490_881_renamed_relative_3CQC_1.pdb_8": [{"rot": [[0.3973042961182839, 0.9052462133221932, -0.15059412190316904], [-0.73087452294803, 0.4113730591499901, 0.5446050292744911], [0.5549520051242681, -0.10630851081362286, 0.8250616780199801]], "trans": [-138.47385114659397, 75.98039402540928, -205.73934412605433]}], "rb_ScNup133C_490_881_renamed_relative_3CQC_1.pdb_9": [{"rot": [[-0.22262240465533656, 0.9296792110120867, 0.2934890620745858], [-0.7648422228346, -0.3532263067793422, 0.5387462764311738], [0.6045292706849721, -0.10453583505655148, 0.789694004076342]], "trans": [-364.3877073534404, 278.1436645119627, -188.674992398151]}], "rb_ScNup133C_490_881_renamed_relative_3CQC_1.pdb_10": [{"rot": [[-0.6850812750651221, 0.4080011989344536, 0.603488747387385], [-0.3491032105191972, -0.9109917862276018, 0.2195926087805159], [0.6393673396102867, -0.0602410748069125, 0.7665379429263579]], "trans": [-381.6871753695534, 581.2921031655288, -188.72983968601073]}], "rb_ScNup133C_490_881_renamed_relative_3CQC_1.pdb_11": [{"rot": [[-0.719157388154948, -0.35418148777565844, 0.597802747383428], [0.2727967386637417, -0.9351764968407381, -0.22589125510101338], [0.6390575799069906, 0.00062727482493595, 0.7691586416921508]], "trans": [-180.2360695693311, 807.8371970250437, -205.84775077387195]}], "rb_ScNup133C_490_881_renamed_relative_3CQC_1.pdb_12": [{"rot": [[-0.3048884764035994, -0.9103714844675829, 0.2797620010376328], [0.7365398656935674, -0.4116126941371563, -0.5367345864291333], [0.6037814531768865, 0.04241167638092727, 0.7960208580848658]], "trans": [121.95462514812812, 825.0657526169589, -229.97680708273236]}], "rb_ScNup133C_490_881_renamed_relative_3CQC_1.pdb_13": [{"rot": [[0.31504089049332734, -0.9347448488002378, -0.1643207380661099], [0.7704589079781176, 0.3529885640097668, -0.5308409788208598], [0.5542042118518562, 0.04063423826949994, 0.8313883269844]], "trans": [347.8592522678053, 622.8851559480767, -246.95786230598145]}], "rb_ScNup133C_490_881_renamed_relative_3CQC_1.pdb_14": [{"rot": [[0.7774673484035398, -0.41302332028311656, -0.47429553979420674], [0.3546836122886062, 0.9107130796998245, -0.21166299071298678], [0.5193689029392051, -0.0036637912017947055, 0.8545422864280944]], "trans": [365.14160930701473, 319.7357680886206, -246.81916995977429]}], "rb_ScNup84_506-726_ScNup133C_882_1155_renamed_relative_3CQC_new_1.pdb_14": [{"rot": [[0.9849260160745038, 0.14474065122327706, 0.0947147651797941], [-0.15967204742673796, 0.9713516752136181, 0.17601352314594101], [-0.06652503386061076, -0.18848359860516997, 0.9798205718021463]], "trans": [-61.85229623476721, 51.592545735493474, 101.02257576101633]}], "rb_ScNup84_506-726_ScNup133C_882_1155_renamed_relative_3CQC_new_1.pdb_15": [{"rot": [[0.584373165056702, 0.7836794662384617, 0.21060507628689198], [-0.8108761645854262, 0.573978134269249, 0.11414441330181616], [-0.03143007586431357, -0.23747756857645927, 0.9708844188440618]], "trans": [-321.19626670560854, 224.5681391229837, 120.8935264279389]}], "rb_ScNup84_506-726_ScNup133C_882_1155_renamed_relative_3CQC_new_1.pdb_16": [{"rot": [[-0.1579939482794221, 0.955537246641569, 0.24897084686308815], [-0.9870258626165627, -0.1601276548777288, -0.011793246770258808], [0.028598231293290838, -0.2476039265116831, 0.9684391755515094]], "trans": [-382.71727384861856, 530.7999713757363, 124.34840746406672]}], "rb_ScNup84_506-726_ScNup133C_882_1155_renamed_relative_3CQC_new_1.pdb_17": [{"rot": [[-0.8072862015652683, 0.5596372814777556, 0.1873368675474819], [-0.5849301647027655, -0.8009161700533884, -0.12802340007905527], [0.07839445888014675, -0.21293050915074058, 0.9739172999231966]], "trans": [-210.3735308939582, 790.8932340864335, 109.38730574580052]}], "rb_ScNup84_506-726_ScNup133C_882_1155_renamed_relative_3CQC_new_1.pdb_18": [{"rot": [[-0.9831390378052174, -0.17209664747050807, 0.06180919246226368], [0.15985759976872216, -0.973004463949765, -0.16645678397111874], [0.08878727464906512, -0.15376949327885658, 0.9841096294606355]], "trans": [94.87548082802118, 852.481743439324, 84.79865051242086]}], "rb_ScNup84_506-726_ScNup133C_882_1155_renamed_relative_3CQC_new_1.pdb_19": [{"rot": [[-0.5825353860049161, -0.8110044871769307, -0.05407629638742693], [0.8110302568630238, -0.5755807875574173, -0.1045785802517655], [0.05368842058391122, -0.1047782361641045, 0.9930453538089477]], "trans": [354.212499578782, 679.4861990526823, 65.01082760086729]}], "rb_ScNup84_506-726_ScNup133C_882_1155_renamed_relative_3CQC_new_1.pdb_20": [{"rot": [[0.15984548609952887, -0.9828050165409506, -0.09243224564804854], [0.9871216825198329, 0.15853846581918063, 0.021362086857534816], [-0.0063406997101054935, -0.09465650700103145, 0.9954897996511789]], "trans": [415.7161564614287, 373.24994686055834, 61.639827582217094]}], "rb_ScNup84_506-726_ScNup133C_882_1155_renamed_relative_3CQC_new_1.pdb_21": [{"rot": [[0.8091063960590366, -0.5868550630736606, -0.030789199423844338], [0.5849750367002886, 0.7992958864705446, 0.13758739880074788], [-0.05613418115415392, -0.1293337574497468, 0.990010976146263]], "trans": [243.3586554118083, 113.170618123434, 76.6844346996829]}], "rb_4XMM.renamed.noAb_Nup145c_149-550_Sec13_Nup84_7-436_3IKO_updated_1.pdb_21": [{"rot": [[0.9908210462597175, -0.027648780914407093, 0.13232233070328164], [0.029001781165348354, 0.9995448304848641, -0.008308341604916804], [-0.1320323860953772, 0.012069663000012224, 0.991171918618072]], "trans": [-25.245638464297258, -14.014716355117116, 67.82151604602922]}], "rb_4XMM.renamed.noAb_Nup145c_149-550_Sec13_Nup84_7-436_3IKO_updated_1.pdb_22": [{"rot": [[0.7202704790585103, 0.685305977076294, 0.10754605887866082], [-0.6853927024773289, 0.7269590546394665, -0.042040174458713914], [-0.10699196412651836, -0.04343098733855001, 0.9933108621932768]], "trans": [-342.15306142407655, 150.4658510660045, 92.32196262409758]}], "rb_4XMM.renamed.noAb_Nup145c_149-550_Sec13_Nup84_7-436_3IKO_updated_1.pdb_23": [{"rot": [[0.02532012515663906, 0.9974822210439325, 0.06624281065381774], [-0.9984243477714663, 0.02855213036741966, -0.04830732479247766], [-0.050077070992383295, -0.06491528751185871, 0.9966334794738125]], "trans": [-450.3806036079744, 491.52615009800394, 99.33018677453876]}], "rb_4XMM.renamed.noAb_Nup145c_149-550_Sec13_Nup84_7-436_3IKO_updated_1.pdb_24": [{"rot": [[-0.6869182993301899, 0.7260027055872257, 0.03260861121466543], [-0.7267148031575598, -0.6865393185550788, -0.023438407573869488], [0.005370746409058531, -0.03979743154975722, 0.9991933344078381]], "trans": [-286.5251314570553, 809.3683654128992, 84.76467687525019]}], "rb_4XMM.renamed.noAb_Nup145c_149-550_Sec13_Nup84_7-436_3IKO_updated_1.pdb_25": [{"rot": [[-0.9992054827758071, 0.02990395872188084, 0.026346848834871397], [-0.02943535097501486, -0.9994046385597999, 0.0179980148387171], [0.02686937482981711, 0.017208186363386346, 0.9994908278810462]], "trans": [53.426422419779044, 917.7961624991683, 57.18211890011139]}], "rb_4XMM.renamed.noAb_Nup145c_149-550_Sec13_Nup84_7-436_3IKO_updated_1.pdb_26": [{"rot": [[-0.7285991898684836, -0.6830295586460523, 0.051125752207368494], [0.6849378740473576, -0.726762913786966, 0.051727901942432875], [0.0018246146103513376, 0.0727068714748399, 0.9973516840221737]], "trans": [370.32755778383313, 753.2911257869151, 32.76476912621257]}], "rb_4XMM.renamed.noAb_Nup145c_149-550_Sec13_Nup84_7-436_3IKO_updated_1.pdb_27": [{"rot": [[-0.033624402542059895, -0.995151339679844, 0.09242949035401041], [0.9979149640289796, -0.02833151085682284, 0.05799181028051299], [-0.05509196058165658, 0.0941867115148539, 0.9940290434656764]], "trans": [478.53503457209956, 412.22274209837497, 25.84066023692202]}], "rb_4XMM.renamed.noAb_Nup145c_149-550_Sec13_Nup84_7-436_3IKO_updated_1.pdb_28": [{"rot": [[0.6785928496431446, -0.7236160441327864, 0.1260617510857864], [0.726149526681648, 0.6867386065113712, 0.03312025402740252], [-0.11053781847501824, 0.06906451332224359, 0.9914693558987824]], "trans": [314.6613004958525, 94.39379645768395, 40.490037750708154]}], "rb_4XMM.renamed.noAb_Seh1_Nup85_47_544_3F3F_1.pdb_28": [{"rot": [[0.6430552108504263, -0.7393583722799061, 0.199572526009281], [0.25078742462236425, 0.44953888800129643, 0.8573333399710077], [-0.7235921941600802, -0.5012623918809083, 0.47450010646619983]], "trans": [501.4175507153922, -70.91267222357817, 767.1055324951103]}], "rb_4XMM.renamed.noAb_Seh1_Nup85_47_544_3F3F_1.pdb_29": [{"rot": [[0.6183866919141926, -0.2171514213943655, 0.7552768760195372], [-0.31754864177516684, 0.8100696809112661, 0.4928995558682006], [-0.7188607371182345, -0.5446396719435056, 0.4319801712753751]], "trans": [4.9322908352583, -220.6617266513689, 807.4483201195668]}], "rb_4XMM.renamed.noAb_Seh1_Nup85_47_544_3F3F_1.pdb_30": [{"rot": [[0.20032063733614072, 0.40637597847512497, 0.8914764194164813], [-0.7017609738995031, 0.6944698453272976, -0.15888099144549436], [-0.6836689094648565, -0.5937762188311916, 0.42429544445076206]], "trans": [-451.8209675873837, 25.679339050928775, 842.6970557355965]}], "rb_4XMM.renamed.noAb_Seh1_Nup85_47_544_3F3F_1.pdb_31": [{"rot": [[-0.36623396338053676, 0.7659526847486797, 0.5283835432646213], [-0.6767725701983256, 0.17045939489216094, -0.7161860672479976], [-0.6386325800440646, -0.6198871505518488, 0.4559477473208671]], "trans": [-601.2678122083425, 523.8005719810624, 852.2265379133432]}], "rb_4XMM.renamed.noAb_Seh1_Nup85_47_544_3F3F_1.pdb_32": [{"rot": [[-0.7493814367161402, 0.6509335928596921, -0.12129682597672911], [-0.2572219898962764, -0.4549889599818894, -0.852538500132634], [-0.6101346656428039, -0.6076763151393791, 0.5083947145669127]], "trans": [-355.85826090888776, 981.8956471743545, 830.4782665285713]}], "rb_4XMM.renamed.noAb_Seh1_Nup85_47_544_3F3F_1.pdb_33": [{"rot": [[-0.724668590411299, 0.12869850860592663, -0.6769727675127807], [0.31111212140252187, -0.8154787541878308, -0.48806111234627997], [-0.6148696463379256, -0.5642969921511861, 0.5509121732739264]], "trans": [140.64522422435056, 1131.6061272371935, 790.2166905102927]}], "rb_4XMM.renamed.noAb_Seh1_Nup85_47_544_3F3F_1.pdb_34": [{"rot": [[-0.30657255828252233, -0.4948198921420726, -0.8131214797609387], [0.6952916277882639, -0.6998299833737248, 0.16373010321465026], [-0.6500637036749994, -0.5151614006422078, 0.5585927966351723]], "trans": [597.3858142404445, 885.2296188261795, 755.0516136794232]}], "rb_4XMM.renamed.noAb_Seh1_Nup85_47_544_3F3F_1.pdb_35": [{"rot": [[0.2599801088950994, -0.8543557386166775, -0.44998512738939], [0.670258757489142, -0.1757913281301436, 0.7210066622184247], [-0.6950996626297596, -0.48905386293024355, 0.526937167188843]], "trans": [746.8003448049116, 387.0970712724327, 745.6072387722567]}], "rb_4XMM.renamed.noAb_Nup120_715-1036_Nup85_553-744_Nup145c_92-99_554-712_remaining_updated_1.pdb_35": [{"rot": [[0.9982178530299272, -0.01536824395010141, 0.0576622490908205], [0.013129226654992334, 0.9991525709253287, 0.039009786217648626], [-0.05821289633546417, -0.03818320430758766, 0.9975737073565242]], "trans": [-8.745465536371285, -17.703940990894466, 52.79551004826101]}], "rb_4XMM.renamed.noAb_Nup120_715-1036_Nup85_553-744_Nup145c_92-99_554-712_remaining_updated_1.pdb_36": [{"rot": [[0.7157837382906548, 0.6927421771069173, 0.08810173696257488], [-0.6975772461730956, 0.7151322866838338, 0.044404934004120794], [-0.032243225958560204, -0.09324209671343886, 0.9951212417490974]], "trans": [-333.3533100101273, 135.36298960336998, 77.96526063503268]}], "rb_4XMM.renamed.noAb_Nup120_715-1036_Nup85_553-744_Nup145c_92-99_554-712_remaining_updated_1.pdb_37": [{"rot": [[0.015027017950409838, 0.9934315901780693, 0.11343660946885162], [-0.9995724803875301, 0.012079582023997504, 0.026625930031539555], [0.025080773182599207, -0.113788221422062, 0.99318839878553]], "trans": [-455.0732688600295, 473.8182382978664, 86.06158873931432]}], "rb_4XMM.renamed.noAb_Nup120_715-1036_Nup85_553-744_Nup145c_92-99_554-712_remaining_updated_1.pdb_38": [{"rot": [[-0.6935391405457353, 0.7105518973655498, 0.11882534107377152], [-0.7159434096526935, -0.6981473556213118, -0.0039120344890009665], [0.08017789412273502, -0.08778536887878732, 0.9929074651269658]], "trans": [-302.5981606011223, 799.3900649835318, 72.36555610057815]}], "rb_4XMM.renamed.noAb_Nup120_715-1036_Nup85_553-744_Nup145c_92-99_554-712_remaining_updated_1.pdb_39": [{"rot": [[-0.9948266907679039, 0.009818011322601471, 0.1011111368220568], [-0.012843942774950427, -0.9994875719796515, -0.029319389356068405], [0.10077146654571034, -0.030466376743685943, 0.9944430156717561]], "trans": [34.751859788763966, 921.3540198203264, 44.92449665384237]}], "rb_4XMM.renamed.noAb_Nup120_715-1036_Nup85_553-744_Nup145c_92-99_554-712_remaining_updated_1.pdb_40": [{"rot": [[-0.7123371376414919, -0.6982702771590235, 0.07067122733464201], [0.6978403388462342, -0.7154117194112558, -0.03471214784483106], [0.07479748535677525, 0.024590481192710623, 0.9968955032594999]], "trans": [359.3543070692103, 768.2620151682722, 19.837774843129637]}], "rb_4XMM.renamed.noAb_Nup120_715-1036_Nup85_553-744_Nup145c_92-99_554-712_remaining_updated_1.pdb_41": [{"rot": [[-0.011556844490650586, -0.9989048646419215, 0.04533774079197835], [0.9997805623887998, -0.012335437820212014, -0.016931155994677045], [0.017471874969542493, 0.04513212124956438, 0.998828226081222]], "trans": [481.0544040680885, 429.79762274498785, 11.825550929119572]}], "rb_4XMM.renamed.noAb_Nup120_715-1036_Nup85_553-744_Nup145c_92-99_554-712_remaining_updated_1.pdb_42": [{"rot": [[0.696987211954724, -0.7159697708309277, 0.039951390812918534], [0.7160958875443596, 0.6978692736618761, 0.013607230456588296], [-0.0376232137600404, 0.019124961044445613, 0.9991089678565657]], "trans": [328.56043133135177, 104.23817277514581, 25.60550355418303]}], "rb_4XMM.renamed.noAb_Nup120_2-711_3F7F_updated_1.pdb_42": [{"rot": [[0.9931709556135648, 0.0911872714809505, 0.07277591940673644], [-0.11103227539065731, 0.9302929853347075, 0.3496094896575447], [-0.035822991879651885, -0.3553024668601318, 0.9340647034846641]], "trans": [-68.028688688707, 3.91151491984499, 254.3548849690797]}], "rb_4XMM.renamed.noAb_Nup120_2-711_3F7F_updated_1.pdb_43": [{"rot": [[0.6251158338762235, 0.7134694290304253, 0.3165305168166732], [-0.7805253139586472, 0.5730794059219158, 0.24972030109291693], [-0.0032293198953867452, -0.4031641952693476, 0.9151219608040397]], "trans": [-356.1583749609107, 204.0375981076129, 276.3881354741234]}], "rb_4XMM.renamed.noAb_Nup120_2-711_3F7F_updated_1.pdb_44": [{"rot": [[-0.10715522177632303, 0.901853345332015, 0.41854307061462326], [-0.9926544037572633, -0.1208250538288374, 0.006208145340427906], [0.05616932568027114, -0.4148033870169204, 0.9081757302262112]], "trans": [-418.9032249301966, 549.8792173090475, 279.7478440441359]}], "rb_4XMM.renamed.noAb_Nup120_2-711_3F7F_updated_1.pdb_45": [{"rot": [[-0.774667501920928, 0.5459810660030285, 0.319053188408739], [-0.6231513329623105, -0.7449213773426782, -0.238274123238718], [0.10757638074819874, -0.38340163946451855, 0.9172952115655214]], "trans": [-219.50450744290873, 838.8375924242974, 262.48985092810005]}], "rb_4XMM.renamed.noAb_Nup120_2-711_3F7F_updated_1.pdb_46": [{"rot": [[-0.9863829009257324, -0.14567240992647487, 0.07634344600256648], [0.11152378956122952, -0.9336051385470374, -0.3405053445108704], [0.12087686761012761, -0.32735453909297946, 0.9371380840687159]], "trans": [125.22911061424679, 901.6369497929395, 234.74813673227857]}], "rb_4XMM.renamed.noAb_Nup120_2-711_3F7F_updated_1.pdb_47": [{"rot": [[-0.6182755528665955, -0.767926723942982, -0.1674033672949904], [0.7809879181198397, -0.5763427296873684, -0.24059702759458243], [0.08827917352547515, -0.27949526756406584, 0.9560801132389204]], "trans": [413.3497283786374, 701.4886571926636, 212.79819369194072]}], "rb_4XMM.renamed.noAb_Nup120_2-711_3F7F_updated_1.pdb_48": [{"rot": [[0.11401206744983228, -0.9562565251097951, -0.2693969314241555], [0.9930595267596735, 0.1175764927263695, 0.0029231267533157967], [0.028879487316517294, -0.267860460955144, 0.9630247913056181]], "trans": [476.07413880243666, 355.6425233148169, 209.52261283549976]}], "rb_4XMM.renamed.noAb_Nup120_2-711_3F7F_updated_1.pdb_49": [{"rot": [[0.7814955467867413, -0.6003355604531989, -0.16988797840880965], [0.6235040769298344, 0.741644863943173, 0.24739757848164934], [-0.022525017299962896, -0.29926595302849335, 0.9539038279373768]], "trans": [276.65941118445977, 66.70020661070896, 226.86428051553534]}]}
