{"rb_ScNup133N_56-480_renamed_1.pdb_0": [{"rot": [[-0.7404227196372608, -0.11787289275904983, 0.6617251524595246], [-0.6131421767031526, -0.2848978140074344, -0.7368106315204134], [0.27537404996238757, -0.951282932006248, 0.13867197222551364]], "trans": [891.4964120599547, 843.9178330474983, 311.5522247026465]}], "rb_ScNup133N_56-480_renamed_1.pdb_1": [{"rot": [[-0.9517317895280637, -0.30322098244541357, -0.04757769021876514], [0.10413177820155277, -0.1731717220034681, -0.9793712919352605], [0.2887268147753118, -0.9370531417711575, 0.1963879729680793]], "trans": [917.4157785762637, 125.06179686321812, 313.0251030557569]}], "rb_ScNup133N_56-480_renamed_1.pdb_2": [{"rot": [[-0.5956029871690414, -0.3555749847646914, -0.7202940454320782], [0.7610081889952214, 0.037276046076103464, -0.6476704661100042], [0.2571451301454739, -0.9339041313745894, 0.2483937508150026]], "trans": [429.03416287444566, -401.42338860624125, 354.55497923538667]}], "rb_ScNup133N_56-480_renamed_1.pdb_3": [{"rot": [[0.11933841360177752, -0.24426518696681754, -0.9623371869958476], [0.9726795922775302, 0.2231622203767373, 0.06397682520527587], [0.1991299922307862, -0.9436806355079002, 0.2642235878220883]], "trans": [-287.54568504732947, -427.1151614765761, 411.8370711054416]}], "rb_ScNup133N_56-480_renamed_1.pdb_4": [{"rot": [[0.7742696595390963, -0.034498438069935744, -0.6319148297737212], [0.6151458954389164, 0.27559205899806427, 0.7386775645312813], [0.14866748683511752, -0.9606554402010881, 0.23460414226988388]], "trans": [-812.5392731613663, 63.037197848832534, 451.3387264721343]}], "rb_ScNup133N_56-480_renamed_1.pdb_5": [{"rot": [[0.9855227922422659, 0.15084094271100135, 0.07740695041834234], [-0.10214462068743414, 0.1638514232149869, 0.9811825454904135], [0.13531926114057635, -0.9748844655201372, 0.176886902997053]], "trans": [-838.3960418016056, 781.895642924073, 449.94332354950205]}], "rb_ScNup133N_56-480_renamed_1.pdb_6": [{"rot": [[0.6293427479045991, 0.2031785328292518, 0.7500974533067316], [-0.7589930579584284, -0.04660044698780377, 0.6494289309165816], [0.1669048939690072, -0.9780321478038915, 0.12488344258269349]], "trans": [-349.96681797889426, 1308.3428775151738, 408.4923139459908]}], "rb_ScNup133N_56-480_renamed_1.pdb_7": [{"rot": [[-0.0856151813622742, 0.09185423403352411, 0.9920850973633375], [-0.9706083402577522, -0.23247787867414293, -0.06223733404689813], [0.2249210762520925, -0.9682545303882076, 0.10905812138632937]], "trans": [366.6215854786318, 1333.9788054878395, 351.29228844775923]}], "rb_ScNup133C_490_881_renamed_relative_3CQC_1.pdb_7": [{"rot": [[0.8269815874875631, 0.3690494381021163, -0.4241508766854849], [-0.24820017566782346, 0.9165563301318959, 0.31356206162993594], [0.5044780736117426, -0.1540357293995986, 0.8495733442813057]], "trans": [136.95004731260673, 64.83065900426189, -198.17675848408533]}], "rb_ScNup133C_490_881_renamed_relative_3CQC_1.pdb_8": [{"rot": [[0.42127647859784406, 0.9047522403524944, -0.06284514426226978], [-0.7292715680047264, 0.3791317868592659, 0.5695806073707486], [0.539155922419601, -0.19411973565314114, 0.8195293890702313]], "trans": [-176.83907527341188, 76.58646627380395, -173.18178167888487]}], "rb_ScNup133C_490_881_renamed_relative_3CQC_1.pdb_9": [{"rot": [[-0.20480972355692728, 0.9048633082543008, 0.3731961555423903], [-0.7815133433159874, -0.38073382235571435, 0.49424553688776773], [0.5893130503862998, -0.1904314834513776, 0.7851407381832285]], "trans": [-390.5155212208256, 307.4859308235175, -157.23264247665747]}], "rb_ScNup133C_490_881_renamed_relative_3CQC_1.pdb_10": [{"rot": [[-0.6845068939390362, 0.36931757666460013, 0.6285338811205984], [-0.3743215330152377, -0.9179005095298203, 0.1316891966944176], [0.6255667047334422, -0.14513160293845684, 0.7665527481898807]], "trans": [-378.9027023164875, 622.2650074329097, -159.64856660374386]}], "rb_ScNup133C_490_881_renamed_relative_3CQC_1.pdb_11": [{"rot": [[-0.7368016664085404, -0.3881547136565452, 0.5535875925667096], [0.2537651590188177, -0.917688455266171, -0.3056977970796405], [0.6266789835679462, -0.08475740284716336, 0.7746545257189501]], "trans": [-148.80165827604208, 836.5217914343979, -178.99026674078027]}], "rb_ScNup133C_490_881_renamed_relative_3CQC_1.pdb_12": [{"rot": [[-0.331059025896513, -0.923815614679715, 0.1922618824582608], [0.7348046925702718, -0.3802218839423778, -0.5616879763249513], [0.5919982982654275, -0.04467694086719787, 0.8046999352588444]], "trans": [164.9930882161607, 824.7417545344351, -203.9030973283323]}], "rb_ScNup133C_490_881_renamed_relative_3CQC_1.pdb_13": [{"rot": [[0.2950312678138693, -0.923867417766832, -0.24377355353070648], [0.7869973262272598, 0.37964370868142566, -0.48631868457808436], [0.5418410832737643, -0.0483699167609383, 0.8390879522608192]], "trans": [378.65806349832684, 593.8259252427197, -219.7687660361139]}], "rb_ScNup133C_490_881_renamed_relative_3CQC_1.pdb_14": [{"rot": [[0.7746966927939231, -0.3882797759390399, -0.49908300889820767], [0.3797678792773837, 0.9167683443413593, -0.12374231565136817], [0.5055901423518046, -0.09367293317887124, 0.857673591494078]], "trans": [367.0272257132757, 279.048169066711, -217.2689355279917]}], "rb_ScNup84_506-726_ScNup133C_882_1155_renamed_relative_3CQC_new_1.pdb_14": [{"rot": [[0.9838803273510606, 0.14300200260809998, 0.10737750556629903], [-0.15953753875794013, 0.9731742026228964, 0.1657701573756453], [-0.0807915538817416, -0.18022873965980127, 0.9803011405797768]], "trans": [-63.87553236531028, 56.03116159180124, 105.27942695879707]}], "rb_ScNup84_506-726_ScNup133C_882_1155_renamed_relative_3CQC_new_1.pdb_15": [{"rot": [[0.583444624540653, 0.7838949185631235, 0.2123702586181216], [-0.8108658292102805, 0.5769676526995917, 0.09800476905459826], [-0.045705329161250904, -0.22938414153823866, 0.9722622786558288]], "trans": [-319.41729184378744, 229.377778457532, 124.8455126617745]}], "rb_ScNup84_506-726_ScNup133C_882_1155_renamed_relative_3CQC_new_1.pdb_16": [{"rot": [[-0.1589271510430474, 0.9579575684685067, 0.23887121566912178], [-0.9871863950142337, -0.15769943542232429, -0.024370259873027697], [0.01432418095875354, -0.23968351024086715, 0.9707454005857943]], "trans": [-377.9872110157932, 533.1747403434507, 128.07702050745885]}], "rb_ScNup84_506-726_ScNup133C_882_1155_renamed_relative_3CQC_new_1.pdb_17": [{"rot": [[-0.8083431458210727, 0.5632215977263125, 0.17135574241532928], [-0.5852081626018665, -0.80044872271509, -0.12966591197352134], [0.06413084303388034, -0.2050933303605884, 0.9766391149310799]], "trans": [-205.2722920552428, 789.4536202348036, 113.10489253677463]}], "rb_ScNup84_506-726_ScNup133C_882_1155_renamed_relative_3CQC_new_1.pdb_18": [{"rot": [[-0.9843663132869303, -0.1690710962254942, 0.04937535505698869], [0.15958435158657935, -0.9747486139176537, -0.15619850957771894], [0.07453721214658514, -0.145877016992806, 0.9864908007268453]], "trans": [97.55054356968037, 848.0827535542086, 88.72401732313926]}], "rb_ScNup84_506-726_ScNup133C_882_1155_renamed_relative_3CQC_new_1.pdb_19": [{"rot": [[-0.5838798000124588, -0.8099331279429602, -0.05561211556792242], [0.8108811911650622, -0.5784917751350868, -0.08842488289945533], [0.03944709054084086, -0.09672432145838528, 0.9945292015251609]], "trans": [353.085322287177, 674.7164841275583, 69.24106023822753]}], "rb_ScNup84_506-726_ScNup133C_882_1155_renamed_relative_3CQC_new_1.pdb_20": [{"rot": [[0.15850574766631842, -0.9839384830913469, -0.08210352884399529], [0.9871434842230689, 0.15618895025235557, 0.03395222194500647], [-0.020583233775992818, -0.08642958585439696, 0.9960453087969222]], "trans": [411.63808102342216, 370.9153338445627, 66.09341715326227]}], "rb_ScNup84_506-726_ScNup133C_882_1155_renamed_relative_3CQC_new_1.pdb_21": [{"rot": [[0.8078904082829521, -0.589152371149222, -0.01457984134517927], [0.5851142941888873, 0.7989072343144823, 0.13924257142060242], [-0.07038715039154184, -0.12102361145342937, 0.9901509655252194]], "trans": [238.90970145608884, 114.65041693239925, 81.14902667036992]}], "rb_4XMM.renamed.noAb_Nup145c_149-550_Sec13_Nup84_7-436_3IKO_updated_1.pdb_21": [{"rot": [[0.9941626433279471, 0.0022776495857734363, 0.10786774737405454], [0.00023687459227319054, 0.9997286618452532, -0.023292629210254146], [-0.10789153118579771, 0.02318221295440268, 0.9938923495534717]], "trans": [-31.169279036651346, 5.7909568414655155, 48.77778866153551]}], "rb_4XMM.renamed.noAb_Nup145c_149-550_Sec13_Nup84_7-436_3IKO_updated_1.pdb_22": [{"rot": [[0.7028377573268532, 0.7068713645466624, 0.07969918983087866], [-0.7066969077084266, 0.7066380472593836, -0.03524415981112433], [-0.08123156720823714, -0.03155224475982901, 0.9961957078503747]], "trans": [-332.7662603852898, 167.54830504425465, 72.07114798778272]}], "rb_4XMM.renamed.noAb_Nup145c_149-550_Sec13_Nup84_7-436_3IKO_updated_1.pdb_23": [{"rot": [[-0.0015486501738338765, 0.9986795616874036, 0.05134914556731736], [-0.9997188181047143, -0.0003311518713631223, -0.02371023124624191], [-0.023661918982856345, -0.051371425970986595, 0.9983992639138688]], "trans": [-432.08329144071405, 495.82324246816114, 78.43135604860225]}], "rb_4XMM.renamed.noAb_Nup145c_149-550_Sec13_Nup84_7-436_3IKO_updated_1.pdb_24": [{"rot": [[-0.7063570898118661, 0.7067568846273716, 0.039425470248588966], [-0.7071724898775081, -0.7070264104304879, 0.004552418502692234], [0.031092301827876638, -0.024664974875118914, 0.9992121435318191]], "trans": [-270.93714170125503, 798.3077988888226, 64.1565181842189]}], "rb_4XMM.renamed.noAb_Nup145c_149-550_Sec13_Nup84_7-436_3IKO_updated_1.pdb_25": [{"rot": [[-0.998700839848285, 0.002115753698079619, 0.05091322100022656], [-0.00043568700553364855, -0.9994556815509097, 0.032987130709390994], [0.050955300638520995, 0.0329220929148543, 0.9981581503624274]], "trans": [56.27241549426441, 897.8023729179494, 37.633040591988845]}], "rb_4XMM.renamed.noAb_Nup145c_149-550_Sec13_Nup84_7-436_3IKO_updated_1.pdb_26": [{"rot": [[-0.7073208094648811, -0.7024551211621467, 0.07908271145463519], [0.7064752063998859, -0.7063097749575626, 0.04493645003372812], [0.02429105267751802, 0.08765446110991088, 0.9958547284656267]], "trans": [357.86332122521634, 736.0217570109644, 14.42275532766115]}], "rb_4XMM.renamed.noAb_Nup145c_149-550_Sec13_Nup84_7-436_3IKO_updated_1.pdb_27": [{"rot": [[-0.0029115289186811832, -0.9942081870108518, 0.10743185691380691], [0.9994418215382591, 0.0006823039098871053, 0.03340029673010449], [-0.033280149633680416, 0.10746913669499515, 0.9936512548668119]], "trans": [457.1612838219025, 407.73943386804376, 8.146579665287561]}], "rb_4XMM.renamed.noAb_Nup145c_149-550_Sec13_Nup84_7-436_3IKO_updated_1.pdb_28": [{"rot": [[0.7018741130754955, -0.7022303841556355, 0.11935332824480795], [0.7068401844322535, 0.7073546266625759, 0.00513671206354438], [-0.08803228422722174, 0.08075840332543902, 0.9928385554691463]], "trans": [295.998070033175, 105.26793396224605, 22.505190703150106]}], "rb_4XMM.renamed.noAb_Seh1_Nup85_47_544_3F3F_1.pdb_28": [{"rot": [[0.7515059289155234, -0.611787569687646, 0.24689027599421404], [0.2727493264679597, 0.6288685681541869, 0.728101729773372], [-0.600705122099096, -0.47983361028942684, 0.6394631050502629]], "trans": [368.28393891225096, -139.05090071782513, 648.9029457777236]}], "rb_4XMM.renamed.noAb_Seh1_Nup85_47_544_3F3F_1.pdb_29": [{"rot": [[0.7131842328762505, 0.00013807439722454684, 0.7009766265091678], [-0.3713733453209639, 0.8482006521686742, 0.37767379052000727], [-0.5945166846791002, -0.529675027347991, 0.6049746085928522]], "trans": [-139.82521509856406, -181.82286148727474, 689.651735664203]}], "rb_4XMM.renamed.noAb_Seh1_Nup85_47_544_3F3F_1.pdb_30": [{"rot": [[0.23203889844855682, 0.5875994086969345, 0.7751676492900049], [-0.7994681868250952, 0.5691564072282134, -0.19212392450099888], [-0.5540835387027606, -0.5751416512565264, 0.6018334596286095]], "trans": [-529.3933710557842, 148.3771763689407, 719.1373891028986]}], "rb_4XMM.renamed.noAb_Seh1_Nup85_47_544_3F3F_1.pdb_31": [{"rot": [[-0.4100683533105999, 0.8064533003738997, 0.4260011970982897], [-0.760751203754049, -0.044796113457220565, -0.6474958796825594], [-0.5030919911903752, -0.5895984926500157, 0.6318797875109877]], "trans": [-572.2040969494067, 658.1134916492962, 720.110799462896]}], "rb_4XMM.renamed.noAb_Seh1_Nup85_47_544_3F3F_1.pdb_32": [{"rot": [[-0.8369820406084557, 0.5284920538438819, -0.14197609912509498], [-0.2779033507003058, -0.6339948665395583, -0.7216787629347482], [-0.47141360965551915, -0.5645765299986895, 0.677512029713267]], "trans": [-243.17635258044882, 1048.7754803756934, 692.0257341314089]}], "rb_4XMM.renamed.noAb_Seh1_Nup85_47_544_3F3F_1.pdb_33": [{"rot": [[-0.7986101059429357, -0.08345071342225843, -0.5960351307726137], [0.3662162918625237, -0.8532789147607481, -0.3712151952697793], [-0.47760603666649093, -0.5147339818333676, 0.7119981753387368]], "trans": [264.9426834478217, 1091.507958013347, 651.3588252802301]}], "rb_4XMM.renamed.noAb_Seh1_Nup85_47_544_3F3F_1.pdb_34": [{"rot": [[-0.3174313696853809, -0.6708902999669979, -0.670181714872804], [0.7942733552341739, -0.5741885707677375, 0.19858832383790428], [-0.5180416611670422, -0.469269315649225, 0.7151357540253439]], "trans": [654.4916286909004, 761.277753429365, 621.9573264189816]}], "rb_4XMM.renamed.noAb_Seh1_Nup85_47_544_3F3F_1.pdb_35": [{"rot": [[0.3246728798443527, -0.8896963130942582, -0.32097973699293836], [0.7555059760869388, 0.039781106754518236, 0.6539328586654025], [-0.5690327241824445, -0.45481637394872565, 0.6850867279386141]], "trans": [697.2691317245274, 251.53849351010751, 621.0690550429032]}], "rb_4XMM.renamed.noAb_Nup120_715-1036_Nup85_553-744_Nup145c_92-99_554-712_remaining_updated_1.pdb_35": [{"rot": [[0.9848178327930401, -0.13335754900322552, 0.11112875566957738], [0.12688114464383635, 0.9898849395516849, 0.06347425921288007], [-0.11846945322185883, -0.0484104386739711, 0.9917768993481872]], "trans": [44.47483465738975, -86.17700220519555, 93.09711717695706]}], "rb_4XMM.renamed.noAb_Nup120_715-1036_Nup85_553-744_Nup145c_92-99_554-712_remaining_updated_1.pdb_36": [{"rot": [[0.7852866122342002, 0.6023588343432975, 0.14313899306029007], [-0.6111701587583009, 0.7911446688696402, 0.023688604063923153], [-0.09897461133585243, -0.10608462474707653, 0.9894190612188476]], "trans": [-343.0992788367548, 51.75929073339668, 123.3592869911121]}], "rb_4XMM.renamed.noAb_Nup120_715-1036_Nup85_553-744_Nup145c_92-99_554-712_remaining_updated_1.pdb_37": [{"rot": [[0.12389741379728092, 0.9826890987109219, 0.13773730841372422], [-0.9913008299070688, 0.1287871238270909, -0.027139295530616683], [-0.04440828165891967, -0.13317661961116745, 0.9900969106653351]], "trans": [-520.0249423779819, 424.18534028031496, 135.6905676077522]}], "rb_4XMM.renamed.noAb_Nup120_715-1036_Nup85_553-744_Nup145c_92-99_554-712_remaining_updated_1.pdb_38": [{"rot": [[-0.6118986444856714, 0.7848304125763661, 0.0980880847595916], [-0.7908249618010561, -0.609169306448652, -0.05923373931487372], [0.013263810498943783, -0.11381555067773189, 0.9934133539242206]], "trans": [-382.6546942727219, 812.9288321988554, 122.89112587177942]}], "rb_4XMM.renamed.noAb_Nup120_715-1036_Nup85_553-744_Nup145c_92-99_554-712_remaining_updated_1.pdb_39": [{"rot": [[-0.991061856948082, 0.12469118408472737, 0.04741839636853664], [-0.1271841446865055, -0.9904193399163915, -0.05379334958837285], [0.04025654037516207, -0.059343405119048294, 0.9974255717725985]], "trans": [-11.46004944227036, 990.2584644350807, 92.48306012544163]}], "rb_4XMM.renamed.noAb_Nup120_715-1036_Nup85_553-744_Nup145c_92-99_554-712_remaining_updated_1.pdb_40": [{"rot": [[-0.7914730675281754, -0.6110097187504705, 0.015411261142645608], [0.610851473435358, -0.7916213313452546, -0.014005183362393432], [0.02075718621075533, -0.0016707338606459484, 0.9997831504226177]], "trans": [376.1098486664659, 852.2921548723745, 62.30384893785697]}], "rb_4XMM.renamed.noAb_Nup120_715-1036_Nup85_553-744_Nup145c_92-99_554-712_remaining_updated_1.pdb_41": [{"rot": [[-0.13005420327006345, -0.9912883336656388, 0.020816910197852166], [0.9909302211665314, -0.1292339572081338, 0.03682229057474199], [-0.03381125538387324, 0.02541699908963837, 0.9991049870592374]], "trans": [553.01300234509, 479.8526297727148, 50.05690465077703]}], "rb_4XMM.renamed.noAb_Nup120_715-1036_Nup85_553-744_Nup145c_92-99_554-712_remaining_updated_1.pdb_42": [{"rot": [[0.6057262391378655, -0.7933720861150017, 0.0604686380979646], [0.7903966089757503, 0.60870691906347, 0.068913621323277], [-0.09148182190756377, 0.006051417832493501, 0.9957883593428296]], "trans": [415.61896317346066, 91.12033113196605, 62.94066481067415]}], "rb_4XMM.renamed.noAb_Nup120_2-711_3F7F_updated_1.pdb_42": [{"rot": [[0.9361000330701911, 0.34440047095762844, 0.07144958845333946], [-0.34309964716120006, 0.8493504492594294, 0.401106527571749], [0.07745553694764412, -0.3999901623127373, 0.9132406637076466]], "trans": [-186.62567664263406, 176.64718960443201, 216.6189195921824]}], "rb_4XMM.renamed.noAb_Nup120_2-711_3F7F_updated_1.pdb_43": [{"rot": [[0.42329016995036084, 0.8350358247030886, 0.35148343273307786], [-0.897873843121144, 0.3348154565804793, 0.28586915166501115], [0.12102889680676522, -0.4365933823333086, 0.8914809165879545]], "trans": [-319.2059042398548, 407.58828248955126, 226.10398549956574]}], "rb_4XMM.renamed.noAb_Nup120_2-711_3F7F_updated_1.pdb_44": [{"rot": [[-0.330510950817768, 0.8194023924701271, 0.468339866553945], [-0.9262349209494295, -0.37690255398881584, 0.005773734537735192], [0.18124950373267065, -0.4318844567832233, 0.8835295316998301]], "trans": [-250.19900930525074, 664.8707822720245, 219.393146123038]}], "rb_4XMM.renamed.noAb_Nup120_2-711_3F7F_updated_1.pdb_45": [{"rot": [[-0.8837160040924228, 0.30665845929220725, 0.35356274330796034], [-0.4115685613630494, -0.8688691366330141, -0.275095879111539], [0.22283927707760764, -0.38862194064557176, 0.8940445424252635]], "trans": [-20.028290549468068, 797.7750896912116, 200.44171069339083]}], "rb_4XMM.renamed.noAb_Nup120_2-711_3F7F_updated_1.pdb_46": [{"rot": [[-0.9122496694740594, -0.4028233490855871, 0.0743901201500593], [0.34462642539662386, -0.8528833305103286, -0.39220230934551414], [0.22143434120030758, -0.33214962587526786, 0.9168661072196447]], "trans": [236.470912912485, 728.4441043053978, 180.3757022017378]}], "rb_4XMM.renamed.noAb_Nup120_2-711_3F7F_updated_1.pdb_47": [{"rot": [[-0.3993965234574337, -0.8934185856220462, -0.20563474393987302], [0.899360353736461, -0.33830984624729543, -0.27694295813246145], [0.17785772734728894, -0.29554979072439364, 0.9386250316423613]], "trans": [369.0396643930912, 497.4930117156659, 170.97407625439524]}], "rb_4XMM.renamed.noAb_Nup120_2-711_3F7F_updated_1.pdb_48": [{"rot": [[0.3544068297915559, -0.8777296433612777, -0.3224693352273708], [0.927662266686596, 0.3734069135886724, 0.003161621430160577], [0.11763723034390533, -0.300263134682007, 0.9465746309657517]], "trans": [300.01923339488036, 240.2163351666661, 177.768442795429]}], "rb_4XMM.renamed.noAb_Nup120_2-711_3F7F_updated_1.pdb_49": [{"rot": [[0.9075717573123713, -0.364947325893725, -0.2076703027684806], [0.4129525045838669, 0.8653332358793518, 0.2840222171599964], [0.07605086644374656, -0.3435285143995881, 0.936057917816823]], "trans": [69.84467492394401, 107.33049617712118, 196.80257100571993]}]}
