{"rb_ScNup133N_56-480_renamed_1.pdb_0": [{"rot": [[0.6570633690652781, 0.019682816784374835, 0.7535783408219892], [0.5605708113634815, 0.6556112969026711, -0.5058993900183005], [-0.5040119983491238, 0.7548419795540212, 0.41974455496538904]], "trans": [-3.664405002803278, -122.86699481983823, 352.57309104686243]}], "rb_ScNup133N_56-480_renamed_1.pdb_1": [{"rot": [[0.8510526278086951, 0.4910756337322697, 0.1858874569581472], [-0.09572567139780674, 0.49318915656060225, -0.8646392610137962], [-0.5162809511645344, 0.7180593135706089, 0.46673847244377875]], "trans": [-397.9636888694371, 74.68819518895359, 383.0812244956161]}], "rb_ScNup133N_56-480_renamed_1.pdb_2": [{"rot": [[0.5256549958300685, 0.7100327255758573, -0.46855133546945843], [-0.6972161170988566, 0.04400119688744336, -0.7155093156137583], [-0.4874182099762862, 0.7027925890928238, 0.5181757089055035]], "trans": [-537.6215407929632, 494.02458191043354, 392.2137888209819]}], "rb_ScNup133N_56-480_renamed_1.pdb_3": [{"rot": [[-0.12850700595091208, 0.5482859406181686, -0.8263585642697634], [-0.8915389416327084, -0.42881194179003845, -0.14587197856575895], [-0.43433197553710545, 0.7179852685805671, 0.5439236059662501]], "trans": [-340.8225086016036, 889.4891141552853, 374.6448039731903]}], "rb_ScNup133N_56-480_renamed_1.pdb_4": [{"rot": [[-0.7282160532067223, 0.10058882611708622, -0.677925709729623], [-0.5648570944356062, -0.6482696561693183, 0.5105711662010308], [-0.3881209124973699, 0.7547372661731382, 0.5288986824824851]], "trans": [77.14767311985258, 1029.4132096797498, 340.6904338999503]}], "rb_ScNup133N_56-480_renamed_1.pdb_5": [{"rot": [[-0.9221541301573426, -0.3707913357233417, -0.11020683094190051], [0.09145459219034213, -0.4858105228132418, 0.8692664686338848], [-0.3758561131617454, 0.7915187434776428, 0.4819027504824188]], "trans": [471.4380918786779, 831.8274771910276, 310.2656322479706]}], "rb_ScNup133N_56-480_renamed_1.pdb_6": [{"rot": [[-0.5967095767982148, -0.5897133996367107, 0.544220348063365], [0.6929194782248745, -0.03660539271557883, 0.7200851629638728], [-0.40472246991471145, 0.806782592470272, 0.43046668957433165]], "trans": [611.0697742103121, 412.4805415350206, 301.2176817158706]}], "rb_ScNup133N_56-480_renamed_1.pdb_7": [{"rot": [[0.05746759874468152, -0.4279297337814677, 0.9019831584016654], [0.887190952774069, 0.43619503512012525, 0.1504197615088982], [-0.4578096639547503, 0.7915870351908729, 0.4047224694866394]], "trans": [414.2464251374269, 17.03186720598967, 318.87100420264363]}], "rb_ScNup133C_490_881_renamed_relative_3CQC_1.pdb_7": [{"rot": [[0.8522879925694281, 0.3316003688276479, -0.404532289335898], [-0.25197571724022316, 0.938005512176579, 0.23802079120872857], [0.458381299403946, -0.10092994857683182, 0.8830060757645036]], "trans": [125.21277239103324, 84.64246650809977, -196.3127947163007]}], "rb_ScNup133C_490_881_renamed_relative_3CQC_1.pdb_8": [{"rot": [[0.435644246971691, 0.894374321766378, -0.10153158447202396], [-0.7524314283402869, 0.423750099702368, 0.5042646117347805], [0.4940253391540398, -0.14328442192773308, 0.8575596414865683]], "trans": [-171.15615481535377, 98.97476255792378, -172.7188511839072]}], "rb_ScNup133C_490_881_renamed_relative_3CQC_1.pdb_9": [{"rot": [[-0.2118434577290344, 0.9299663782969491, 0.30047443261392837], [-0.8106150443081429, -0.3389421675327045, 0.47751592330469905], [0.5459172092531193, -0.14241047119326378, 0.8256474176885664]], "trans": [-370.6939914020927, 319.3382387584834, -157.84538413605821]}], "rb_ScNup133C_490_881_renamed_relative_3CQC_1.pdb_10": [{"rot": [[-0.710867694542427, 0.4175262098557559, 0.5659849688281672], [-0.3924417825208361, -0.9032754054213652, 0.1734444847573329], [0.5836579205217752, -0.09882006903638149, 0.8059640350337237]], "trans": [-356.50674587391234, 616.640980421656, -160.38147538408265]}], "rb_ScNup133C_490_881_renamed_relative_3CQC_1.pdb_11": [{"rot": [[-0.7690930293014624, -0.3427515074779756, 0.5394602083578308], [0.25711656402363786, -0.9386552461097822, -0.22982036779898735], [0.5851384321548001, -0.03804908766525822, 0.8100402966169418]], "trans": [-136.90359336211884, 816.7189663076767, -178.8174420148145]}], "rb_ScNup133C_490_881_renamed_relative_3CQC_1.pdb_12": [{"rot": [[-0.3524102399270777, -0.9054853669743311, 0.23643872988556514], [0.7575395571468398, -0.42435568006692764, -0.4960403977023482], [0.5494914395623539, 0.004301975162064736, 0.8354882709274833]], "trans": [159.47075632669242, 802.3638079800933, -202.32922992765504]}], "rb_ScNup133C_490_881_renamed_relative_3CQC_1.pdb_13": [{"rot": [[0.29508202033788217, -0.9410179391929269, -0.16556521189673035], [0.8156723515129954, 0.3383393552954131, -0.4692601577329395], [0.4975994536276871, 0.003423269691355646, 0.8674001757977954]], "trans": [358.9979436057493, 581.9850763901161, -217.11929734586624]}], "rb_ScNup133C_490_881_renamed_relative_3CQC_1.pdb_14": [{"rot": [[0.7940736557893343, -0.4285337423188412, -0.4310520396374077], [0.39745993651001, 0.9026323542619824, -0.16516789006622423], [0.4598615313883291, -0.040170446022896864, 0.8870815673969902]], "trans": [344.7940421729031, 284.6838566384487, -214.49940933472254]}], "rb_ScNup84_506-726_ScNup133C_882_1155_renamed_relative_3CQC_new_1.pdb_14": [{"rot": [[0.9740394361026357, 0.17978231249984677, 0.1375699713929943], [-0.2044327028402036, 0.9595791288308675, 0.19343000160689822], [-0.09723398030683947, -0.21653225077203408, 0.9714212976094811]], "trans": [-80.04207855880873, 77.10370513627925, 129.0486532713688]}], "rb_ScNup84_506-726_ScNup133C_882_1155_renamed_relative_3CQC_new_1.pdb_15": [{"rot": [[0.5444923268853696, 0.7996679548375614, 0.25309932431531634], [-0.8366227573462959, 0.539342092374482, 0.09577300915914984], [-0.059920512791853925, -0.26389632320104345, 0.9626880402018785]], "trans": [-315.5526165759652, 257.04085586962856, 146.98606053045455]}], "rb_ScNup84_506-726_ScNup133C_882_1155_renamed_relative_3CQC_new_1.pdb_16": [{"rot": [[-0.20498145941506768, 0.9419318344214311, 0.2659831208921883], [-0.9787657239797267, -0.19740860180218583, -0.0552041800677216], [0.000508781399388647, -0.27165099528252334, 0.9623956971555432]], "trans": [-355.30750038609557, 551.2868909538159, 148.7643633232802]}], "rb_ScNup84_506-726_ScNup133C_882_1155_renamed_relative_3CQC_new_1.pdb_17": [{"rot": [[-0.8353296112034931, 0.523233764670523, 0.16867385142734662], [-0.5475922486708025, -0.8190740088656561, -0.17105699984624662], [0.04865356967661016, -0.23525347077026654, 0.9707155271490553]], "trans": [-176.01584517010025, 787.4684509626094, 133.36581170092575]}], "rb_ScNup84_506-726_ScNup133C_882_1155_renamed_relative_3CQC_new_1.pdb_18": [{"rot": [[-0.9772852932533067, -0.21114702151229753, 0.018176658033995284], [0.2043101671985067, -0.9614737678759082, -0.18391723482540634], [0.05630995622549966, -0.17602593272864875, 0.9827736564626123]], "trans": [117.29268277341589, 827.2271646780405, 109.8350992245309]}], "rb_ScNup84_506-726_ScNup133C_882_1155_renamed_relative_3CQC_new_1.pdb_19": [{"rot": [[-0.5476888654446114, -0.8309999048120487, -0.09734508138761375], [0.8364664865878957, -0.5411880921681348, -0.08625117802509599], [0.018992721850667325, -0.12866470805073602, 0.9915062629247092]], "trans": [352.79572546416097, 647.2719338029262, 91.98085394700007]}], "rb_ScNup84_506-726_ScNup133C_882_1155_renamed_relative_3CQC_new_1.pdb_20": [{"rot": [[0.20179602750262726, -0.9732063262660825, -0.11021710302777618], [0.9785506241949579, 0.19557374340002298, 0.06472701738966183], [-0.0414371713781054, -0.12091466994611752, 0.9917976625400989]], "trans": [392.5341932402588, 353.0231867478433, 90.28634939795575]}], "rb_ScNup84_506-726_ScNup133C_882_1155_renamed_relative_3CQC_new_1.pdb_21": [{"rot": [[0.8321105675629263, -0.5544597590760828, -0.012898795114179663], [0.5473276888231352, 0.8172062672108569, 0.18057219575234662], [-0.08957903994590893, -0.157315900012016, 0.9834771493053509]], "trans": [213.23064470533888, 116.85610524017227, 105.76825513592897]}], "rb_4XMM.renamed.noAb_Nup145c_149-550_Sec13_Nup84_7-436_3IKO_updated_1.pdb_21": [{"rot": [[0.9932370766153268, -0.0015564014768895229, 0.11609344189523726], [0.0029341221909021096, 0.9999272783137342, -0.011697393344574996], [-0.11606679354410093, 0.011958917113668264, 0.9931694134123644]], "trans": [-32.68138142250791, 0.7866681254462264, 58.240085754037466]}], "rb_4XMM.renamed.noAb_Nup145c_149-550_Sec13_Nup84_7-436_3IKO_updated_1.pdb_22": [{"rot": [[0.7039214989264289, 0.7040713936829287, 0.09369095979094336], [-0.7046082664734882, 0.7088341374752742, -0.03288398344042227], [-0.08956402272338837, -0.04286768184847998, 0.9950581127183185]], "trans": [-337.17916472601087, 165.62046868469514, 81.74968856453117]}], "rb_4XMM.renamed.noAb_Nup145c_149-550_Sec13_Nup84_7-436_3IKO_updated_1.pdb_23": [{"rot": [[0.0005274057816640476, 0.9980190704932574, 0.06290990998972783], [-0.9994856644860435, 0.0025432620607028777, -0.03196776978430975], [-0.03206444027319837, -0.06286069320222916, 0.997507095172812]], "trans": [-436.37955420620875, 498.12760101632784, 88.08000794286579]}], "rb_4XMM.renamed.noAb_Nup145c_149-550_Sec13_Nup84_7-436_3IKO_updated_1.pdb_24": [{"rot": [[-0.7048870251980508, 0.7080879352163632, 0.04178226547794494], [-0.7089547343196969, -0.7051901944107805, -0.00948548325460071], [0.022747887663035225, -0.03630792899509292, 0.9990817123233499]], "trans": [-272.16764964084604, 803.5208154450871, 73.54665844089646]}], "rb_4XMM.renamed.noAb_Nup145c_149-550_Sec13_Nup84_7-436_3IKO_updated_1.pdb_25": [{"rot": [[-0.9990800740013223, 0.00412373492645805, 0.042684898310384696], [-0.0032125913520097264, -0.999765994096445, 0.02139243569936121], [0.04276312652644291, 0.021235627106412976, 0.9988595312410449]], "trans": [59.26081322709706, 902.8965777094622, 46.687486018291224]}], "rb_4XMM.renamed.noAb_Nup145c_149-550_Sec13_Nup84_7-436_3IKO_updated_1.pdb_26": [{"rot": [[-0.7097093045172063, -0.7014813759514074, 0.06508903344668095], [0.704307066102331, -0.7086174800216533, 0.04257726677568788], [0.016256067175972486, 0.07606014857388536, 0.996970708736665]], "trans": [363.75228104751733, 738.0392818719135, 23.260977495729776]}], "rb_4XMM.renamed.noAb_Nup145c_149-550_Sec13_Nup84_7-436_3IKO_updated_1.pdb_27": [{"rot": [[-0.0062921936373468434, -0.9953739744329165, 0.09587001262568594], [0.9991292466794027, -0.002303556925466077, 0.041658637223748934], [-0.041245081271333625, 0.09604865770592624, 0.994521743665673]], "trans": [462.9332719807793, 405.5247731171278, 17.01471678068549]}], "rb_4XMM.renamed.noAb_Nup145c_149-550_Sec13_Nup84_7-436_3IKO_updated_1.pdb_28": [{"rot": [[0.6990995969035699, -0.7053876324419623, 0.11699590423253205], [0.7085429600044102, 0.7054071200160538, 0.019174693187746963], [-0.09605533528885037, 0.06949160401500727, 0.992947274297063]], "trans": [298.7040764254706, 100.14485592341191, 31.63185637349403]}], "rb_4XMM.renamed.noAb_Seh1_Nup85_47_544_3F3F_1.pdb_28": [{"rot": [[0.6317976717500586, -0.743374997573474, 0.2196026296605721], [0.27452467631327465, 0.47953875074502084, 0.8334739279839485], [-0.7248916498803755, -0.4663005463395231, 0.5070462468228762]], "trans": [502.2445910388696, -90.89676707170452, 738.6760560268606]}], "rb_4XMM.renamed.noAb_Seh1_Nup85_47_544_3F3F_1.pdb_29": [{"rot": [[0.627114577065182, -0.19815822201022698, 0.7532998249582294], [-0.29290497527852066, 0.8361271239523842, 0.4637867053379162], [-0.7217575650379029, -0.5114926701731468, 0.46630597859098627]], "trans": [-9.13198820942273, -237.01285860373108, 780.1880979325756]}], "rb_4XMM.renamed.noAb_Seh1_Nup85_47_544_3F3F_1.pdb_30": [{"rot": [[0.22382446410161588, 0.43886656670801294, 0.8702291341339594], [-0.6906533944505837, 0.7014185767993579, -0.17609619205038163], [-0.6876776119690868, -0.5616120696234008, 0.46009932107079826]], "trans": [-473.858012440182, 22.459286942109664, 816.0084234471747]}], "rb_4XMM.renamed.noAb_Seh1_Nup85_47_544_3F3F_1.pdb_31": [{"rot": [[-0.3418196325759896, 0.79452126530058, 0.5018917191693599], [-0.6857139489992095, 0.1543272755986998, -0.7113223405420268], [-0.6426163077089779, -0.5872980938087942, 0.4920622217515095]], "trans": [-619.6885106828242, 535.5173449429916, 825.1769857188028]}], "rb_4XMM.renamed.noAb_Seh1_Nup85_47_544_3F3F_1.pdb_32": [{"rot": [[-0.7384554255521301, 0.660458336600698, -0.13593516869175523], [-0.280980235715994, -0.48465298141889757, -0.82834871566192], [-0.6129711996575379, -0.5735035075885824, 0.5434703627374596]], "trans": [-361.1920075175204, 1001.6047876985591, 802.3467165931984]}], "rb_4XMM.renamed.noAb_Seh1_Nup85_47_544_3F3F_1.pdb_33": [{"rot": [[-0.7337280747367019, 0.11521373452805293, -0.6696035451812262], [0.2864490294123975, -0.8411985500709018, -0.4586196167929388], [-0.6161088101073239, -0.5283093740742312, 0.5842081301842912]], "trans": [150.20251404006336, 1147.681136204838, 760.9159145321216]}], "rb_4XMM.renamed.noAb_Seh1_Nup85_47_544_3F3F_1.pdb_34": [{"rot": [[-0.3304069288930291, -0.5218005650743105, -0.7864829506274126], [0.6841657821211153, -0.7064400089484512, 0.1812724367671736], [-0.6501910826165439, -0.47819105391573, 0.5904107655191291]], "trans": [614.9148459380045, 888.1729226255155, 725.1793324584471]}], "rb_4XMM.renamed.noAb_Seh1_Nup85_47_544_3F3F_1.pdb_35": [{"rot": [[0.2352367979155084, -0.8774126035977039, -0.4181037813203216], [0.6791819408671798, -0.15932081153650657, 0.7164696575649484], [-0.6952521413892543, -0.45250856573024334, 0.5584446775056675]], "trans": [760.7118650458733, 375.10383433634945, 716.095968937927]}], "rb_4XMM.renamed.noAb_Nup120_715-1036_Nup85_553-744_Nup145c_92-99_554-712_remaining_updated_1.pdb_35": [{"rot": [[0.9987522846845903, -0.04984152058828435, -0.003113946492604764], [0.04943995478860466, 0.9956441198563636, -0.07904731156685672], [0.0070402207218172985, 0.07879472965176428, 0.9968660019638013]], "trans": [27.179740514035302, -1.8737335897998264, -44.55354298584149]}], "rb_4XMM.renamed.noAb_Nup120_715-1036_Nup85_553-744_Nup145c_92-99_554-712_remaining_updated_1.pdb_36": [{"rot": [[0.7430512965490874, 0.6681417396770166, -0.03822808389247095], [-0.6685200605482919, 0.7436848112896444, 0.0037188844555768284], [0.03091438728534387, 0.02279291904200725, 0.999262119516354]], "trans": [-298.64878454272355, 115.63051623913415, -19.113467363300742]}], "rb_4XMM.renamed.noAb_Nup120_715-1036_Nup85_553-744_Nup145c_92-99_554-712_remaining_updated_1.pdb_37": [{"rot": [[0.05609171458460044, 0.9984144385854404, -0.004725291427916778], [-0.9946055153031136, 0.05629008545275477, 0.08712803916276812], [0.08725587936401205, -0.00018736018941332283, 0.9961859145824998]], "trans": [-446.3001127472035, 429.8152611536677, -8.832161091901753]}], "rb_4XMM.renamed.noAb_Nup120_715-1036_Nup85_553-744_Nup145c_92-99_554-712_remaining_updated_1.pdb_38": [{"rot": [[-0.6596958519639682, 0.7474981722713782, 0.07776802268594812], [-0.737790952275574, -0.6638545349934208, 0.12231789365816315], [0.14305905648309972, 0.023316063553205903, 0.9894394713869803]], "trans": [-329.2761008142291, 756.6267643731433, -19.708553450661952]}], "rb_4XMM.renamed.noAb_Nup120_715-1036_Nup85_553-744_Nup145c_92-99_554-712_remaining_updated_1.pdb_39": [{"rot": [[-0.9849929540077788, 0.06238322746096261, 0.1609261118854927], [-0.048521963572544895, -0.9948781773523644, 0.0886737350014111], [0.1656336306614479, 0.07953455324316377, 0.9829749514785796]], "trans": [-16.129151633441325, 904.6143560645759, -45.34709553750088]}], "rb_4XMM.renamed.noAb_Nup120_715-1036_Nup85_553-744_Nup145c_92-99_554-712_remaining_updated_1.pdb_40": [{"rot": [[-0.7292359624804288, -0.655580401055143, 0.19603379498856602], [0.6694179585309988, -0.7428625244968503, 0.005904785716274424], [0.1417550980438844, 0.13553452493937837, 0.9805793617693697]], "trans": [309.6967499323352, 787.0849351852613, -70.70436299331828]}], "rb_4XMM.renamed.noAb_Nup120_715-1036_Nup85_553-744_Nup145c_92-99_554-712_remaining_updated_1.pdb_41": [{"rot": [[-0.042250929192220066, -0.9857994964050423, 0.16252449621505602], [0.9954494847138997, -0.05544189929034349, -0.07750173666382891], [0.08541183972508776, 0.15851040562260627, 0.9836560724888203]], "trans": [457.3301099399202, 472.8890104463158, -80.90170610383865]}], "rb_4XMM.renamed.noAb_Nup120_715-1036_Nup85_553-744_Nup145c_92-99_554-712_remaining_updated_1.pdb_42": [{"rot": [[0.6735166268676455, -0.7348270564435195, 0.08002843526759751], [0.7385787498936953, 0.6646830033903691, -0.11268511529666884], [0.029610530868151345, 0.1350026004286949, 0.9904027031158563]], "trans": [340.28713780575765, 146.0871015175319, -69.94137259119469]}], "rb_4XMM.renamed.noAb_Nup120_2-711_3F7F_updated_1.pdb_42": [{"rot": [[-0.7420717488807176, 0.6297697260809849, 0.22960751648191632], [0.4096161972301117, 0.15488919368618614, 0.8990127410921296], [0.5306072846087344, 0.7611829148050575, -0.3729027751693747]], "trans": [605.7919384892592, -8.941944953463576, -354.376163415444]}], "rb_4XMM.renamed.noAb_Nup120_2-711_3F7F_updated_1.pdb_43": [{"rot": [[-0.22682108377581445, 0.5707133362911485, 0.7892011681023984], [0.843187452974038, -0.29047335964117915, 0.45239379580838573], [0.4874290872546675, 0.76805697387511, -0.41533284216383526]], "trans": [100.44581181607663, -314.9979219947472, -312.56660285331577]}], "rb_4XMM.renamed.noAb_Nup120_2-711_3F7F_updated_1.pdb_44": [{"rot": [[0.4432714183684313, 0.21500568543353, 0.8702200899134058], [0.784148523063918, -0.5633723983279599, -0.260235728866882], [0.4343058178683703, 0.7977368588911129, -0.41832327275950787]], "trans": [-472.75505249694965, -172.85215235810784, -267.52931268296675]}], "rb_4XMM.renamed.noAb_Nup120_2-711_3F7F_updated_1.pdb_45": [{"rot": [[0.8756561214916401, -0.22897466914160136, 0.42520225515125265], [0.26708524509001125, -0.5039398176349947, -0.8214074093026039], [0.4023578366944347, 0.8328356747243125, -0.38012223054837535]], "trans": [-778.019592663798, 334.2244846431395, -245.62376761079253]}], "rb_4XMM.renamed.noAb_Nup120_2-711_3F7F_updated_1.pdb_46": [{"rot": [[0.8170359698799221, -0.5011377756011334, -0.2851546138289211], [-0.40509942211834754, -0.14699206133161027, -0.9023789625788395], [0.41030072157108605, 0.8527920401663175, -0.3231084246924148]], "trans": [-636.517623485449, 909.1794620682606, -259.65853990707166]}], "rb_4XMM.renamed.noAb_Nup120_2-711_3F7F_updated_1.pdb_47": [{"rot": [[0.30175147489156, -0.44204664868127147, -0.8447134471466773], [-0.8386302227066944, 0.298365841976307, -0.4557161110874699], [0.45348141854290563, 0.8459152349564487, -0.2806813465567102]], "trans": [-131.1410803450812, 1215.196164071618, -301.3878571691679]}], "rb_4XMM.renamed.noAb_Nup120_2-711_3F7F_updated_1.pdb_48": [{"rot": [[-0.3683364407978844, -0.08631770371656061, -0.9256767904649248], [-0.7795387009060879, 0.5712369529845422, 0.2569197488216551], [0.5066040664759739, 0.8162337885496003, -0.27769537673495936]], "trans": [442.0552453156838, 1073.0058085793264, -346.3420920603852]}], "rb_4XMM.renamed.noAb_Nup120_2-711_3F7F_updated_1.pdb_49": [{"rot": [[-0.8006808279379242, 0.35765802755454784, -0.4806151756846935], [-0.26244150337778044, 0.5117695273818066, 0.8180564822481459], [0.5385486691817638, 0.7811355107592989, -0.3158997384509181]], "trans": [747.2867771958421, 565.9056275179618, -368.16241502554993]}]}
