{"rb_ScNup133N_56-480_renamed_1.pdb_0": [{"rot": [[0.8101637830426537, 0.16907954065629222, 0.5612902578679553], [0.2967943526506566, 0.7073978971061944, -0.641483692235753], [-0.5055173161037079, 0.686294633594926, 0.5229263036204169]], "trans": [-72.1830218866121, 63.00008356870052, 337.47146492954164]}], "rb_ScNup133N_56-480_renamed_1.pdb_1": [{"rot": [[0.7736025141550318, 0.6321431522218133, -0.043979372347558526], [-0.3902283130211321, 0.4205697670304138, -0.8190500197037218], [-0.49926046690049186, 0.6507811507404428, 0.5720339850317024]], "trans": [-315.80359437092056, 253.5343834986052, 356.00373201842723]}], "rb_ScNup133N_56-480_renamed_1.pdb_2": [{"rot": [[0.2634625215223194, 0.7575154764509565, -0.5972920581176214], [-0.849894478380849, -0.11064242094647925, -0.5152063958306894], [-0.456362657730503, 0.6433727983248785, 0.614658089513812]], "trans": [-353.8253821645235, 561.0235840221117, 357.5794620739872]}], "rb_ScNup133N_56-480_renamed_1.pdb_3": [{"rot": [[-0.42140899419734434, 0.47175163806051745, -0.7745094264092611], [-0.8129252224678399, -0.5750470770157702, 0.09205130032342523], [-0.4019540300646296, 0.6684094936510395, 0.625828815661252]], "trans": [-163.97277253145649, 805.3362926700017, 341.2995751130671]}], "rb_ScNup133N_56-480_renamed_1.pdb_4": [{"rot": [[-0.8798046424070088, -0.05774387715026266, -0.47181504411234265], [-0.3009776566624547, -0.7005894055464179, 0.6469829480180258], [-0.36790792515119053, 0.7112243875794568, 0.599002194589614]], "trans": [142.53781222269765, 843.3507967023289, 316.72506336496656]}], "rb_ScNup133N_56-480_renamed_1.pdb_5": [{"rot": [[-0.8431897890068132, -0.5207851304841447, 0.13346845163280885], [0.38604211652583437, -0.413724940338337, 0.8245017634973831], [-0.3741690312985577, 0.7467359115568589, 0.5498936391780205]], "trans": [386.15006308897426, 652.7977804476286, 298.27602721352514]}], "rb_ScNup133N_56-480_renamed_1.pdb_6": [{"rot": [[-0.3330139313880249, -0.6461160268564685, 0.6867574545213937], [0.8456682269845257, 0.11749707010061933, 0.5206147216383914], [-0.4170695042440067, 0.7541409141247957, 0.5072716336172141]], "trans": [424.1544019164352, 345.30600442061336, 296.7841770688535]}], "rb_ScNup133N_56-480_renamed_1.pdb_7": [{"rot": [[0.3518547195766775, -0.360315960006688, 0.8639274652863382], [0.8086452184787606, 0.5818792818249634, -0.08665686363066183], [-0.4714776420394248, 0.7291014403684335, 0.49610474973499347]], "trans": [234.2892644980401, 101.00860344712964, 313.1474646819738]}], "rb_ScNup133C_490_881_renamed_relative_3CQC_1.pdb_7": [{"rot": [[0.836624223623319, 0.33764446576034646, -0.43134223441263997], [-0.2461543196117162, 0.9351911571082527, 0.2546086224050951], [0.48935463559996206, -0.10683498681582469, 0.8655162194949848]], "trans": [141.5173258758133, 75.4955510382149, -207.1206144761893]}], "rb_ScNup133C_490_881_renamed_relative_3CQC_1.pdb_8": [{"rot": [[0.42925588038699625, 0.8965584080830857, -0.10918978912291785], [-0.7354918224538551, 0.4171602832072542, 0.5338811452167511], [0.524205273014962, -0.14886342401666738, 0.8384798821279748]], "trans": [-166.25931237326517, 80.3935982194038, -182.57150366107192]}], "rb_ScNup133C_490_881_renamed_relative_3CQC_1.pdb_9": [{"rot": [[-0.20383356492771704, 0.9267587250965106, 0.3155473708753534], [-0.7923964231800231, -0.3454624366593176, 0.5027560177550459], [0.574943289673306, -0.14756005663761668, 0.8047771389302378]], "trans": [-380.51671970544754, 302.1808782979482, -166.53172315887122]}], "rb_ScNup133C_490_881_renamed_relative_3CQC_1.pdb_10": [{"rot": [[-0.6917713886942832, 0.4105536452696869, 0.5940522284612304], [-0.3835326043299608, -0.9059218602132746, 0.1794667785513432], [0.611845640010501, -0.10368841566680054, 0.7841515320756876]], "trans": [-375.737972536834, 610.9313921983671, -168.37359764749448]}], "rb_ScNup133C_490_881_renamed_relative_3CQC_1.pdb_11": [{"rot": [[-0.7487167338269328, -0.3496566171432064, 0.5631727111424149], [0.25158144403411964, -0.9358929546588372, -0.24659917769055478], [0.6132944068758787, -0.04294912697506072, 0.7886858328807759]], "trans": [-154.72061499986955, 825.7748522907286, -186.99412617988975]}], "rb_ScNup133C_490_881_renamed_relative_3CQC_1.pdb_12": [{"rot": [[-0.3413102142175933, -0.9085301714559962, 0.24099847556546306], [0.7408869572724578, -0.4178182302773629, -0.5258464062741613], [0.5784408822120878, -0.0009241223019889055, 0.8157237840002405]], "trans": [153.06218185481396, 820.8530471553194, -211.46113569114067]}], "rb_ScNup133C_490_881_renamed_relative_3CQC_1.pdb_13": [{"rot": [[0.2917836865146577, -0.9386710094351349, -0.18373626841192517], [0.7977418665222988, 0.3448068345348667, -0.4946879433092768], [0.5277027522018747, -0.00223224193763652, 0.8494261724331886]], "trans": [367.30882923157185, 599.0493564330941, -227.417502123536]}], "rb_ScNup133C_490_881_renamed_relative_3CQC_1.pdb_14": [{"rot": [[0.7796896346968671, -0.4224222032066276, -0.4622159190079057], [0.3888397642908653, 0.9052257237974337, -0.17137685573505848], [0.4908031288128556, -0.04610717095495434, 0.870049663831922]], "trans": [362.5125335586348, 290.2996263763514, -225.49175613502524]}], "rb_ScNup84_506-726_ScNup133C_882_1155_renamed_relative_3CQC_new_1.pdb_14": [{"rot": [[0.9914495704707893, 0.12995921737505284, 0.011762271572750204], [-0.12986190118114038, 0.9738212681966065, 0.18656908701489766], [0.012792022314985737, -0.18650131213269383, 0.9823714291131824]], "trans": [-37.362269211002854, 31.84486559030256, 53.89637888174241]}], "rb_ScNup84_506-726_ScNup133C_882_1155_renamed_relative_3CQC_new_1.pdb_15": [{"rot": [[0.6115818514115515, 0.7749805119982216, 0.15928855905868725], [-0.789826386015561, 0.5862559820445584, 0.18021710093819693], [0.046280870536505724, -0.23602781518275417, 0.9706435759239528]], "trans": [-318.68780600236903, 190.63044207725451, 75.58843762791372]}], "rb_ScNup84_506-726_ScNup133C_882_1155_renamed_relative_3CQC_new_1.pdb_16": [{"rot": [[-0.12232842238924668, 0.9580546081817417, 0.2591662107943219], [-0.9868411834498921, -0.14523177720838543, 0.07107889655945406], [0.10573663377928078, -0.24706092088920645, 0.9632137175343813]], "trans": [-405.76028262570776, 502.4252243268769, 81.05286261869253]}], "rb_ScNup84_506-726_ScNup133C_882_1155_renamed_relative_3CQC_new_1.pdb_17": [{"rot": [[-0.7803462644042372, 0.5719341190365507, 0.2528854901180299], [-0.6054922472384591, -0.7921261662144451, -0.07691082714758163], [0.15632928760943154, -0.21313728036242047, 0.9644343697500819]], "trans": [-247.56950121388294, 784.5755493860911, 67.11252154727515]}], "rb_ScNup84_506-726_ScNup133C_882_1155_renamed_relative_3CQC_new_1.pdb_18": [{"rot": [[-0.9769955447294657, -0.15718612859720105, 0.14412573176014473], [0.13082083876607997, -0.9754673306829855, -0.1770576033802243], [0.16842094205683664, -0.1541298405463189, 0.9735904572919007]], "trans": [63.21606133130388, 871.793895310805, 41.95786767329332]}], "rb_ScNup84_506-726_ScNup133C_882_1155_renamed_relative_3CQC_new_1.pdb_19": [{"rot": [[-0.5970763421955619, -0.8021772130601703, -0.003400064320691676], [0.7907554867677533, -0.5878514313579175, -0.17069403855184714], [0.13492813545387852, -0.10460599169007542, 0.9853182149770063]], "trans": [344.5357537337148, 712.9866420748237, 20.348856817931733]}], "rb_ScNup84_506-726_ScNup133C_882_1155_renamed_relative_3CQC_new_1.pdb_20": [{"rot": [[0.1368493174923585, -0.985194262699659, -0.10326920666660064], [0.9877126748886442, 0.14365067255195407, -0.06154799866517753], [0.07547142615714317, -0.09357750273994629, 0.99274735699208]], "trans": [431.590446915618, 401.1854346012349, 14.968357128500884]}], "rb_ScNup84_506-726_ScNup133C_882_1155_renamed_relative_3CQC_new_1.pdb_21": [{"rot": [[0.7948374345373098, -0.5990233092964549, -0.09697694353644165], [0.6063121052311825, 0.7905147343965614, 0.0864412271550111], [0.024881392812259193, -0.1275050180246114, 0.9915257871937896]], "trans": [273.38418747914466, 119.04793342027153, 28.99234608930152]}], "rb_4XMM.renamed.noAb_Nup145c_149-550_Sec13_Nup84_7-436_3IKO_updated_1.pdb_21": [{"rot": [[0.996640339328032, -0.030800618063086344, 0.0758904206803324], [0.029893311515408562, 0.9994677345185413, 0.01306283212085731], [-0.0762523701320076, -0.01075032945108376, 0.9970305945486052]], "trans": [-10.054244534072154, -19.79226783493732, 45.79906319053555]}], "rb_4XMM.renamed.noAb_Nup145c_149-550_Sec13_Nup84_7-436_3IKO_updated_1.pdb_22": [{"rot": [[0.7261272561185096, 0.682566026633823, 0.08272138301019968], [-0.6856506479967462, 0.7278114290961065, 0.013180006780195496], [-0.05120934312649491, -0.06628833202305713, 0.9964855544432917]], "trans": [-335.89172010302957, 134.40572486435215, 71.06131983828234]}], "rb_4XMM.renamed.noAb_Nup145c_149-550_Sec13_Nup84_7-436_3IKO_updated_1.pdb_23": [{"rot": [[0.03039315910830115, 0.9956888030007724, 0.08763597125784946], [-0.9995213548105626, 0.029769298873282557, 0.008417251466533347], [0.005772101616843772, -0.08784985158486214, 0.9961170043822376]], "trans": [-457.6842002807622, 474.5326752686031, 79.15529472324278]}], "rb_4XMM.renamed.noAb_Nup145c_149-550_Sec13_Nup84_7-436_3IKO_updated_1.pdb_24": [{"rot": [[-0.6829911078232449, 0.7251359736108564, 0.08775515033211417], [-0.7278489232975413, -0.6857357338713632, 0.0015646553974640702], [0.061311430328989704, -0.06280384595976755, 0.9961408461877643]], "trans": [-304.0820195659203, 801.3375368361837, 65.3634281339477]}], "rb_4XMM.renamed.noAb_Nup145c_149-550_Sec13_Nup84_7-436_3IKO_updated_1.pdb_25": [{"rot": [[-0.9961149823894654, 0.029401200715582148, 0.08300910345086458], [-0.02978289441929437, -0.999550732335056, -0.0033634340281469884], [0.08287292114583299, -0.005822618391633153, 0.9965431129940245]], "trans": [34.93441212725742, 923.3735305074368, 37.789194884911694]}], "rb_4XMM.renamed.noAb_Nup145c_149-550_Sec13_Nup84_7-436_3IKO_updated_1.pdb_26": [{"rot": [[-0.7255460838228376, -0.6839442758627007, 0.0761781317963978], [0.6857398093762935, -0.7278384456262867, -0.003480072538715972], [0.05782554872984637, 0.04971342457481924, 0.9970881512339494]], "trans": [360.7664023204845, 769.1503672774112, 12.60997451129532]}], "rb_4XMM.renamed.noAb_Nup145c_149-550_Sec13_Nup84_7-436_3IKO_updated_1.pdb_27": [{"rot": [[-0.029787487925161393, -0.9970126177732145, 0.07126391488060069], [0.999555899335644, -0.029771762442294736, 0.0012830683498514309], [0.000842417010265821, 0.07127048591163601, 0.9974566698215513]], "trans": [482.53889026677064, 429.0142675080368, 4.600114236156799]}], "rb_4XMM.renamed.noAb_Nup145c_149-550_Sec13_Nup84_7-436_3IKO_updated_1.pdb_28": [{"rot": [[0.6835756096305021, -0.7264039760611595, 0.07114527026320575], [0.7278274851537011, 0.6857120114675046, 0.0081356735447459], [-0.05469495198942109, 0.04622013513314503, 0.9974327853721008]], "trans": [328.9177488743652, 102.22187115839938, 18.47590804888904]}], "rb_4XMM.renamed.noAb_Seh1_Nup85_47_544_3F3F_1.pdb_28": [{"rot": [[0.669351804253157, -0.7130295385723918, 0.20870323252477463], [0.2374294229226516, 0.4714790045103436, 0.8493143219306717], [-0.7039853913780205, -0.5189377857018912, 0.4848795142065272]], "trans": [472.66513665215865, -73.10904844956269, 763.5579841894252]}], "rb_4XMM.renamed.noAb_Seh1_Nup85_47_544_3F3F_1.pdb_29": [{"rot": [[0.6279998062886136, -0.18336767505065343, 0.7563018835412126], [-0.34439763730119066, 0.8060098346962896, 0.48139216216534086], [-0.6978585176974094, -0.5627827663667236, 0.44302262601112896]], "trans": [-17.07005770274128, -202.15545620463826, 803.2620216429029]}], "rb_4XMM.renamed.noAb_Seh1_Nup85_47_544_3F3F_1.pdb_30": [{"rot": [[0.18862270746485094, 0.4271058751939495, 0.8843087953896216], [-0.7263111604504179, 0.6667445371714874, -0.16710422004590592], [-0.6609792526500364, -0.6107636969620851, 0.43597492363599283]], "trans": [-454.4553869891383, 54.03045367891837, 836.9191135641026]}], "rb_4XMM.renamed.noAb_Seh1_Nup85_47_544_3F3F_1.pdb_31": [{"rot": [[-0.3913861925100779, 0.7607670987510702, 0.5177357142117469], [-0.6845808196835363, 0.13526668686666132, -0.716276500204731], [-0.6149519896982898, -0.6347726718140912, 0.467865050505077]], "trans": [-583.2624448386543, 545.3714797651699, 844.8364658417761]}], "rb_4XMM.renamed.noAb_Seh1_Nup85_47_544_3F3F_1.pdb_32": [{"rot": [[-0.7722495019053697, 0.622152546237695, -0.1286736803579681], [-0.24365283701959006, -0.47707649767193216, -0.8444118132649444], [-0.5867401484637104, -0.6207448949278914, 0.5200113206476831]], "trans": [-328.0323272442633, 984.0332378595016, 822.3999867781811]}], "rb_4XMM.renamed.noAb_Seh1_Nup85_47_544_3F3F_1.pdb_33": [{"rot": [[-0.7308521239046003, 0.09246457698135024, -0.6762436506081205], [0.33817095821232523, -0.811565744902683, -0.4764466861279595], [-0.5928706233284761, -0.5768980357950757, 0.5618657137518634]], "trans": [161.71947750184563, 1113.0416017346442, 782.7772870643134]}], "rb_4XMM.renamed.noAb_Seh1_Nup85_47_544_3F3F_1.pdb_34": [{"rot": [[-0.2914452262436504, -0.5179981280272311, -0.8041999872295911], [0.7200499830498411, -0.6722525374994316, 0.17205972142108553], [-0.6297520956771114, -0.5289182027363611, 0.5689093361902463]], "trans": [599.0913700182193, 856.8217696097887, 749.2039077738091]}], "rb_4XMM.renamed.noAb_Seh1_Nup85_47_544_3F3F_1.pdb_35": [{"rot": [[0.28856043479043875, -0.8516179086698816, -0.43758406404517597], [0.6782741202488907, -0.1407485166752272, 0.7212032118996138], [-0.6757788789790258, -0.5049126584731888, 0.5370159346233505]], "trans": [727.8666420643453, 365.47104863848745, 741.3716127808798]}], "rb_4XMM.renamed.noAb_Nup120_715-1036_Nup85_553-744_Nup145c_92-99_554-712_remaining_updated_1.pdb_35": [{"rot": [[0.9918570981883147, -0.0201960501360265, 0.12574424969897535], [0.015053569657339148, 0.9990162166914028, 0.04171317331691672], [-0.1264629859446107, -0.03948060722048989, 0.9911853483781295]], "trans": [-23.18443691225707, -20.37125415354126, 92.40808026361111]}], "rb_4XMM.renamed.noAb_Nup120_715-1036_Nup85_553-744_Nup145c_92-99_554-712_remaining_updated_1.pdb_36": [{"rot": [[0.7112817366978463, 0.6891977657358587, 0.1381474963392223], [-0.6956648599175893, 0.7183636048455606, -0.0020332016946659134], [-0.10064141153588677, -0.09465817945635183, 0.9904095795912278]], "trans": [-344.6870301776429, 145.93464882251467, 117.26590924909567]}], "rb_4XMM.renamed.noAb_Nup120_715-1036_Nup85_553-744_Nup145c_92-99_554-712_remaining_updated_1.pdb_37": [{"rot": [[0.011831407546265937, 0.9931688592997672, 0.11608460153126351], [-0.9989870611357459, 0.016780854606148032, -0.04175230055998828], [-0.04341508354061338, -0.11547302644291171, 0.9923613810932359]], "trans": [-454.8783739185622, 491.54473740029334, 124.40852366899009]}], "rb_4XMM.renamed.noAb_Nup120_715-1036_Nup85_553-744_Nup145c_92-99_554-712_remaining_updated_1.pdb_38": [{"rot": [[-0.6967460241997896, 0.7136466779535426, 0.07248032014041808], [-0.7172226116804976, -0.6947349666198089, -0.05417611512445057], [0.011692008210353592, -0.08973151732610031, 0.995897360043877]], "trans": [-289.20491193437437, 813.9958653838627, 109.67568418644333]}], "rb_4XMM.renamed.noAb_Nup120_715-1036_Nup85_553-744_Nup145c_92-99_554-712_remaining_updated_1.pdb_39": [{"rot": [[-0.9993559080816932, 0.014379256792560302, 0.03287865502581084], [-0.015433098921466284, -0.9993678583850651, -0.03202659964040538], [0.032397352359304056, -0.03251339110182428, 0.9989460901165613]], "trans": [55.2814190880332, 924.3917322347224, 81.72210080455494]}], "rb_4XMM.renamed.noAb_Nup120_715-1036_Nup85_553-744_Nup145c_92-99_554-712_remaining_updated_1.pdb_40": [{"rot": [[-0.7187251073220635, -0.694992689196438, 0.02047881999505683], [0.6952632853349776, -0.7186595773697602, 0.011720747413425242], [0.006571466358430339, 0.02266216711215572, 0.9997215822476171]], "trans": [376.77758251773065, 758.0609993650961, 56.94738171514689]}], "rb_4XMM.renamed.noAb_Nup120_715-1036_Nup85_553-744_Nup145c_92-99_554-712_remaining_updated_1.pdb_41": [{"rot": [[-0.019251101900182144, -0.9989090719086586, 0.04254481324684564], [0.9985305783723915, -0.017052992579421777, 0.05143811329531389], [-0.05065648162796314, 0.043472537338719405, 0.9977695422122321]], "trans": [486.94850606096077, 412.44267214852357, 49.88891158552036]}], "rb_4XMM.renamed.noAb_Nup120_715-1036_Nup85_553-744_Nup145c_92-99_554-712_remaining_updated_1.pdb_42": [{"rot": [[0.6893043732243365, -0.7193313891302869, 0.08615006480377456], [0.7167105238606265, 0.6944408659629244, 0.06385850505679125], [-0.10576155275538045, 0.017726711272925598, 0.9942335025869]], "trans": [321.25642263534115, 90.00495668206622, 64.70564664322595]}], "rb_4XMM.renamed.noAb_Nup120_2-711_3F7F_updated_1.pdb_42": [{"rot": [[0.9967843487398175, 0.07957706847158172, 0.009404907272613103], [-0.07792491809464935, 0.9352930573091544, 0.3451877809095168], [0.01867268720027857, -0.3448106540157418, 0.9384865175536387]], "trans": [-48.84793782138013, -18.008688296412515, 212.64029271690057]}], "rb_4XMM.renamed.noAb_Nup120_2-711_3F7F_updated_1.pdb_43": [{"rot": [[0.6520951900725032, 0.7089708800312715, 0.2685742995001379], [-0.7565227914583246, 0.5854017274110179, 0.29151000591454856], [0.04944824656557387, -0.3932748514866926, 0.918090279928782]], "trans": [-358.8385073904399, 172.617200312565, 236.4622139167791]}], "rb_4XMM.renamed.noAb_Nup120_2-711_3F7F_updated_1.pdb_44": [{"rot": [[-0.07006550906114128, 0.9075467465514311, 0.4140648829156056], [-0.9916621174775087, -0.10837190959812437, 0.06972642232381049], [0.10815298978773336, -0.40572704129003656, 0.9075728614089373]], "trans": [-443.74363465911193, 527.2510207201856, 241.5454555942301]}], "rb_4XMM.renamed.noAb_Nup120_2-711_3F7F_updated_1.pdb_45": [{"rot": [[-0.7466458286427692, 0.5589761255048338, 0.36064622233700916], [-0.6455949635056675, -0.7396054749500351, -0.19023901944671445], [0.1603968505503366, -0.3748725550630985, 0.913095514058631]], "trans": [-253.82278557185043, 838.1433973899775, 224.93618800208174]}], "rb_4XMM.renamed.noAb_Nup120_2-711_3F7F_updated_1.pdb_46": [{"rot": [[-0.9812954776789569, -0.13254339845366728, 0.1396117223344045], [0.0789476521136237, -0.9385134456682936, -0.3360948980951237], [0.17557463858021383, -0.3187863858858746, 0.93142299008627]], "trans": [99.66764193131883, 923.1693092814443, 196.38835918767393]}], "rb_4XMM.renamed.noAb_Nup120_2-711_3F7F_updated_1.pdb_47": [{"rot": [[-0.6365533832042543, -0.7619099377638942, -0.11955349040423242], [0.7575184490997037, -0.588572727903757, -0.2823967833412903], [0.14479499164265178, -0.27032460247736784, 0.9518187956174513]], "trans": [409.64988454327505, 732.5194951383867, 172.6496946960596]}], "rb_4XMM.renamed.noAb_Nup120_2-711_3F7F_updated_1.pdb_48": [{"rot": [[0.08562567497452561, -0.9604316996297121, -0.26502678002710867], [0.9926010867298897, 0.10521647171298837, -0.06060178795142793], [0.08608906090669609, -0.25787680086942766, 0.9623347801911508]], "trans": [494.53388713157744, 377.8794210433672, 167.65064380278244]}], "rb_4XMM.renamed.noAb_Nup120_2-711_3F7F_updated_1.pdb_49": [{"rot": [[0.7621790218515331, -0.6118118367932822, -0.2115878422997596], [0.646480841215228, 0.7364226576187388, 0.19935945246564704], [0.033847608351093045, -0.288735078757988, 0.9568105317687129]], "trans": [304.59531745482604, 67.00235962147212, 184.34372590892826]}]}
