{"rb_ScNup133N_56-480_renamed_1.pdb_0": [{"rot": [[0.6021458048042833, 0.04346560621428597, 0.7972020890796931], [0.5497626507412208, 0.7014997642381923, -0.45349653650689276], [-0.57894857941495, 0.7113429706197887, 0.3985093732187812]], "trans": [10.851643325529949, -142.3531674082592, 412.65857854162834]}], "rb_ScNup133N_56-480_renamed_1.pdb_1": [{"rot": [[0.8030181951076929, 0.5394272141754982, 0.2533378355730632], [-0.06898048622327313, 0.506370127343643, -0.8595527829367917], [-0.5919488751964852, 0.6727611572771155, 0.4438343772318363]], "trans": [-400.22237117580573, 54.14001150338143, 444.5089290772038]}], "rb_ScNup133N_56-480_renamed_1.pdb_2": [{"rot": [[0.5089605662787692, 0.7527081406224783, -0.4175998048536972], [-0.6488100744919363, 0.016635875768416936, -0.7607685159594775], [-0.5656895166175193, 0.6581441351847399, 0.4968316295395937]], "trans": [-552.4947070351675, 484.6249854884594, 454.5927027401554]}], "rb_ScNup133N_56-480_renamed_1.pdb_3": [{"rot": [[-0.10776397650193864, 0.5583654115815226, -0.8225661022178616], [-0.8500537656597908, -0.4808097606617724, -0.21501295202842519], [-0.515553606190567, 0.6760547619843863, 0.5264545924789106]], "trans": [-356.76016952694175, 896.9177037435624, 437.0266876387048]}], "rb_ScNup133N_56-480_renamed_1.pdb_4": [{"rot": [[-0.6858695002574381, 0.07024773795730277, -0.72432608949871], [-0.5548201679046627, -0.6945561141426456, 0.45800260435210327], [-0.4709114671600736, 0.7160007399569845, 0.5153497166761583]], "trans": [72.31910275883752, 1049.4913953827033, 402.1253080012808]}], "rb_ScNup133N_56-480_renamed_1.pdb_5": [{"rot": [[-0.8866936378838729, -0.4256986645819153, -0.180430151331301], [0.06393871441476573, -0.49938755698152365, 0.8640161507350493], [-0.45791509402426256, 0.754581151967897, 0.4700223949553376]], "trans": [483.38433543868547, 852.9663573498005, 370.35828903012566]}], "rb_ScNup133N_56-480_renamed_1.pdb_6": [{"rot": [[-0.5925907779393372, -0.6389414005843822, 0.4904998027731693], [0.6437452035355328, -0.009636581840047787, 0.7651792268582795], [-0.4841779454149532, 0.7691950486773216, 0.4170260114957417]], "trans": [635.6296325282304, 422.46984472274426, 360.35920325469647]}], "rb_ScNup133N_56-480_renamed_1.pdb_7": [{"rot": [[0.024149477370334765, -0.4445598685772748, 0.8954235455879495], [0.8449404828591965, 0.4877937845551563, 0.21939189632943218], [-0.5343148726812742, 0.7512814033369337, 0.38740659497700847]], "trans": [439.8694656729916, 10.192901394472074, 378.00966101053535]}], "rb_ScNup133C_490_881_renamed_relative_3CQC_1.pdb_7": [{"rot": [[0.8499811583563163, 0.344083775014644, -0.3989215288887347], [-0.2674824321300862, 0.934241952805383, 0.23589218325361494], [0.45385590107547086, -0.0937994103928969, 0.8861244222280052]], "trans": [121.81032281355738, 92.90640596600164, -197.45205907264585]}], "rb_ScNup133C_490_881_renamed_relative_3CQC_1.pdb_8": [{"rot": [[0.4229872991826603, 0.9007120263049185, -0.09899288055130331], [-0.7620311095525377, 0.41270174634078616, 0.4989848260632701], [0.49029616845768353, -0.13562858930532076, 0.8609381818451088]], "trans": [-167.76482468940623, 107.15049580827957, -174.39919268510266]}], "rb_ScNup133C_490_881_renamed_relative_3CQC_1.pdb_9": [{"rot": [[-0.2276578977371258, 0.9268218169258725, 0.2986188226956479], [-0.808697614511828, -0.3507800723866995, 0.47218800185864396], [0.5423836740544365, -0.13399500172246814, 0.8293764462731048]], "trans": [-362.5591463952186, 322.63242515302346, -159.8800621147405]}], "rb_ScNup133C_490_881_renamed_relative_3CQC_1.pdb_10": [{"rot": [[-0.7207973019501555, 0.4071176633837034, 0.5609870387650393], [-0.38014405040508475, -0.9089450888728696, 0.171199668094028], [0.5796048226533235, -0.0898556262839589, 0.8099285252305445]], "trans": [-348.45746870941485, 613.1199582900579, -162.376173868232]}], "rb_ScNup133C_490_881_renamed_relative_3CQC_1.pdb_11": [{"rot": [[-0.7675428972028363, -0.3539504133480211, 0.5344127672915747], [0.27257686230870776, -0.9348123663333928, -0.2276569653757597], [0.5801549405869207, -0.029067931486865414, 0.8139872850798463]], "trans": [-133.7188399147306, 808.4415192286704, -180.4012655840197]}], "rb_ScNup133C_490_881_renamed_relative_3CQC_1.pdb_12": [{"rot": [[-0.34051045468325525, -0.910538002859975, 0.2344635912016377], [0.7670920095969407, -0.413228488903283, -0.4907260587855856], [0.5437117610130643, 0.012757793950178259, 0.8391750470727755]], "trans": [155.86173676550607, 794.1751003321917, -203.37197948001523]}], "rb_ScNup133C_490_881_renamed_relative_3CQC_1.pdb_13": [{"rot": [[0.31013839962317785, -0.9365882473310436, -0.16314603286790397], [0.8137074455145905, 0.35025535368623, -0.4638980279417569], [0.49162421237495124, 0.011119450323423208, 0.8707364650864295]], "trans": [350.64578976514525, 578.6782877418656, -217.80774256769195]}], "rb_ScNup133C_490_881_renamed_relative_3CQC_1.pdb_14": [{"rot": [[0.8032443927149089, -0.41684054624162803, -0.4254907808414132], [0.38511519042345155, 0.9083795613240291, -0.16288911158782304], [0.45440591509922384, -0.033023197569932064, 0.8901824154324165]], "trans": [336.5279877211145, 288.1922695733418, -215.22787638484277]}], "rb_ScNup84_506-726_ScNup133C_882_1155_renamed_relative_3CQC_new_1.pdb_14": [{"rot": [[0.9848805135522579, 0.15750697918185133, 0.07212437544997913], [-0.1679504407680558, 0.9701962457249867, 0.17467654171913782], [-0.042462023866715104, -0.1841488427608215, 0.9819807433137341]], "trans": [-58.96404320735917, 57.56156144721339, 84.54749069048495]}], "rb_ScNup84_506-726_ScNup133C_882_1155_renamed_relative_3CQC_new_1.pdb_15": [{"rot": [[0.5789804268542795, 0.792001180601888, 0.19368994616358387], [-0.8153117378714151, 0.5644135614086336, 0.1292443491496461], [-0.0069595552105925496, -0.23274763505401802, 0.9725122636594525]], "trans": [-315.2662647237296, 225.80434190659793, 104.19902250086656]}], "rb_ScNup84_506-726_ScNup133C_882_1155_renamed_relative_3CQC_new_1.pdb_16": [{"rot": [[-0.16446036211855408, 0.9547874409454226, 0.2476564796340393], [-0.9849521675184049, -0.17248316656346518, 0.010898850996149581], [0.05312265987909855, -0.24213735743402176, 0.9687866035109272]], "trans": [-377.9717700152524, 526.5332497005589, 107.7750896998891]}], "rb_ScNup84_506-726_ScNup133C_882_1155_renamed_relative_3CQC_new_1.pdb_17": [{"rot": [[-0.8099237566708333, 0.5505032736169418, 0.2024096196262307], [-0.5774939740917603, -0.8088094447013902, -0.11103149125150953], [0.10258761264358443, -0.2068173781355409, 0.9729863071149719]], "trans": [-210.34487659526457, 783.5771671609734, 93.2047866010044]}], "rb_ScNup84_506-726_ScNup133C_882_1155_renamed_relative_3CQC_new_1.pdb_18": [{"rot": [[-0.9792881992399692, -0.18401595575577073, 0.08445561471345854], [0.16836808753866234, -0.971796367071423, -0.16511816388682685], [0.11245803629759528, -0.14747863904333366, 0.9826511288845163]], "trans": [89.4181311708711, 846.3562599154742, 69.04760710199929]}], "rb_ScNup84_506-726_ScNup133C_882_1155_renamed_relative_3CQC_new_1.pdb_19": [{"rot": [[-0.5733376113303226, -0.8184785258850461, -0.03710641587490608], [0.815697505014693, -0.5659638964335935, -0.11967643145794939], [0.076951697491638, -0.09888261019383628, 0.9921192799529746]], "trans": [345.71377001460706, 678.093767038446, 49.479172470808464]}], "rb_ScNup84_506-726_ScNup133C_882_1155_renamed_relative_3CQC_new_1.pdb_20": [{"rot": [[0.17011642875734634, -0.981207317266916, -0.09106372059556786], [0.9852795782340864, 0.17094558367462198, -0.0013267015501408144], [0.01686871013761957, -0.08949753049109102, 0.9958441839235136]], "trans": [408.40235427203874, 377.3603461535812, 45.986952530498286]}], "rb_ScNup84_506-726_ScNup133C_882_1155_renamed_relative_3CQC_new_1.pdb_21": [{"rot": [[0.8155480616377162, -0.5768735094339226, -0.045807349545166555], [0.5777707375976895, 0.8072401093821615, 0.12060008532541296], [-0.03259346460235434, -0.12482131195458983, 0.9916437395290454]], "trans": [240.76194071538845, 120.32999235164777, 60.64074386359033]}], "rb_4XMM.renamed.noAb_Nup145c_149-550_Sec13_Nup84_7-436_3IKO_updated_1.pdb_21": [{"rot": [[0.998903219949699, -0.02602259679566116, 0.03892533404009372], [0.026404932423224083, 0.9996076898512325, -0.009340553195954912], [-0.03866699778683887, 0.010358129478430915, 0.9991984649887429]], "trans": [-1.302797339450649, -10.876742342657394, 16.411623030008514]}], "rb_4XMM.renamed.noAb_Nup145c_149-550_Sec13_Nup84_7-436_3IKO_updated_1.pdb_22": [{"rot": [[0.7260152619598456, 0.6864693271995445, 0.04076398184157641], [-0.6875471915799461, 0.7257588437592432, 0.023515102716641468], [-0.013442423587444236, -0.045099484691626945, 0.9988920550933641]], "trans": [-323.9830590739257, 132.84949604950887, 41.47318021508096]}], "rb_4XMM.renamed.noAb_Nup145c_149-550_Sec13_Nup84_7-436_3IKO_updated_1.pdb_23": [{"rot": [[0.02972333298390689, 0.9974278480385594, 0.06522431627464681], [-0.9986081287846627, 0.026787470256155077, 0.04543387021231124], [0.043569812961743684, -0.06648397847935224, 0.9968357698257195]], "trans": [-450.92370367123783, 463.3352202060069, 50.024404800240745]}], "rb_4XMM.renamed.noAb_Nup145c_149-550_Sec13_Nup84_7-436_3IKO_updated_1.pdb_24": [{"rot": [[-0.6820749372678141, 0.7246890796987446, 0.09797712853769679], [-0.7245539962171874, -0.6878391445635565, 0.043575426237469385], [0.09897113981767529, -0.04126801390253309, 0.9942342100892168]], "trans": [-307.7591983239288, 786.9773498624287, 37.07987375242158]}], "rb_4XMM.renamed.noAb_Nup145c_149-550_Sec13_Nup84_7-436_3IKO_updated_1.pdb_25": [{"rot": [[-0.9923980857262484, 0.02802723829019791, 0.11983535939237872], [-0.025929568898817347, -0.9994826535032355, 0.01902847347663828], [0.12030667854943711, 0.01577654144462931, 0.9926114062594923]], "trans": [21.64458445528595, 914.1818789071939, 10.246680778509699]}], "rb_4XMM.renamed.noAb_Nup145c_149-550_Sec13_Nup84_7-436_3IKO_updated_1.pdb_26": [{"rot": [[-0.7194544364680523, -0.6844433465579906, 0.1179941490029649], [0.6880011130429214, -0.7255778948525422, -0.013827037030853258], [0.09507776973686702, 0.0712321827115368, 0.9929180197015319]], "trans": [344.320177460269, 770.4307174371988, -14.731906428169452]}], "rb_4XMM.renamed.noAb_Nup145c_149-550_Sec13_Nup84_7-436_3IKO_updated_1.pdb_27": [{"rot": [[-0.023138227734131545, -0.995347360406506, 0.09353210437664045], [0.9990073897039433, -0.026582138286149748, -0.03574388396701856], [0.03806386388998284, 0.09261221331949318, 0.9949744319377396]], "trans": [471.2415819221042, 439.93543952812286, -23.19907438267734]}], "rb_4XMM.renamed.noAb_Nup145c_149-550_Sec13_Nup84_7-436_3IKO_updated_1.pdb_28": [{"rot": [[0.6886386873406398, -0.7225528481962922, 0.06077943617033541], [0.7248973990277203, 0.6880230461591816, -0.03388286936911018], [-0.017335489050038268, 0.06739190987992598, 0.997575967684732]], "trans": [328.0583628545088, 116.30495575770112, -10.17063180900817]}], "rb_4XMM.renamed.noAb_Seh1_Nup85_47_544_3F3F_1.pdb_28": [{"rot": [[0.7255471748044217, -0.6422356561936206, 0.24721379218577333], [0.30173935735028956, 0.6197507944454056, 0.7244738180294177], [-0.6184938620222155, -0.45104580110875364, 0.6434462121599648]], "trans": [397.69579533670895, -145.68158368935326, 640.5062029547241]}], "rb_4XMM.renamed.noAb_Seh1_Nup85_47_544_3F3F_1.pdb_29": [{"rot": [[0.7148669869750217, -0.027306682944925942, 0.6987270826294043], [-0.33360432253275657, 0.8648703412101149, 0.3751099157347873], [-0.614551337904909, -0.5012520702816539, 0.6091576274804753]], "trans": [-123.81447236227586, -207.72347619945484, 682.4169018996281]}], "rb_4XMM.renamed.noAb_Seh1_Nup85_47_544_3F3F_1.pdb_30": [{"rot": [[0.2594625780973989, 0.5804565190183746, 0.771848042101631], [-0.7751016400792115, 0.6019227539100507, -0.19211050432461008], [-0.5761046937090223, -0.5484151965932479, 0.6060892294308006]], "trans": [-536.4453734491549, 118.3623421218708, 713.7608165513329]}], "rb_4XMM.renamed.noAb_Seh1_Nup85_47_544_3F3F_1.pdb_31": [{"rot": [[-0.3738837279057699, 0.8250176965250319, 0.4237413815380947], [-0.7641172415581844, -0.015053563253428492, -0.6449017222700562], [-0.5256765157021891, -0.5649063556501237, 0.6360385288528523]], "trans": [-598.4699946322659, 641.5503178871321, 716.2002446588606]}], "rb_4XMM.renamed.noAb_Seh1_Nup85_47_544_3F3F_1.pdb_32": [{"rot": [[-0.8141487347949137, 0.5631094634790431, -0.14166710899917104], [-0.30708594250331234, -0.624625184319884, -0.7180122582729356], [-0.4928083415981218, -0.5410647939514202, 0.6814608038600707]], "trans": [-273.5515249361195, 1055.3496747377599, 688.3301397420707]}], "rb_4XMM.renamed.noAb_Seh1_Nup85_47_544_3F3F_1.pdb_33": [{"rot": [[-0.8034189937977755, -0.05183864429516474, -0.5931531634937194], [0.3282568779577436, -0.8696964587087298, -0.36861292948420465], [-0.4967548112282382, -0.49085723450625807, 0.7157470452991499]], "trans": [247.97012808012215, 1117.3510316549045, 646.5012071308853]}], "rb_4XMM.renamed.noAb_Seh1_Nup85_47_544_3F3F_1.pdb_34": [{"rot": [[-0.3479801384798264, -0.6595813544951418, -0.6662298852692758], [0.769718437265129, -0.606701178378011, 0.19861321076116273], [-0.5352040270379941, -0.4436959735642014, 0.7188118894990726]], "trans": [660.5821399635016, 791.2332363325497, 615.2414302380728]}], "rb_4XMM.renamed.noAb_Seh1_Nup85_47_544_3F3F_1.pdb_35": [{"rot": [[0.28536532802581843, -0.9040944183135273, -0.3180879003279422], [0.7586843293685908, 0.010294313221084317, 0.6513770916188526], [-0.5856318962720917, -0.42720874275888604, 0.6888599075132208]], "trans": [722.5724896626311, 268.04080832662476, 612.8872320314836]}], "rb_4XMM.renamed.noAb_Nup120_715-1036_Nup85_553-744_Nup145c_92-99_554-712_remaining_updated_1.pdb_35": [{"rot": [[0.9831014376971016, -0.11978392654439676, 0.13843183932714978], [0.10771809404253602, 0.9899512613727112, 0.09161502236216897], [-0.14801478106504976, -0.0751552463117773, 0.9861254045698654]], "trans": [28.833452838400945, -81.88499659716251, 124.73119720924109]}], "rb_4XMM.renamed.noAb_Nup120_715-1036_Nup85_553-744_Nup145c_92-99_554-712_remaining_updated_1.pdb_36": [{"rot": [[0.7699759533535198, 0.6114997833421009, 0.18222251844901233], [-0.6252124810737499, 0.7800848878808337, 0.024019184198289113], [-0.12746130694035324, -0.1324219871188657, 0.9829639019620948]], "trans": [-350.5369175272451, 67.63974440743537, 154.283094626204]}], "rb_4XMM.renamed.noAb_Nup120_715-1036_Nup85_553-744_Nup145c_92-99_554-712_remaining_updated_1.pdb_37": [{"rot": [[0.10258019861781292, 0.9808518067646674, 0.16555070527791715], [-0.9920805633962617, 0.11300753405574565, -0.05482201180177057], [-0.07248074629088756, -0.15861598410351097, 0.9846763483520811]], "trans": [-513.4909083518028, 442.43737064292634, 165.48920757374353]}], "rb_4XMM.renamed.noAb_Nup120_715-1036_Nup85_553-744_Nup145c_92-99_554-712_remaining_updated_1.pdb_38": [{"rot": [[-0.6281159831056997, 0.7719005205388334, 0.09818298304205754], [-0.7779696574605119, -0.6204974804411278, -0.09872228136031148], [-0.01528148677101493, -0.13839242449675038, 0.9902595684990765]], "trans": [-364.56586081971244, 822.9462648092101, 151.80884198218507]}], "rb_4XMM.renamed.noAb_Nup120_715-1036_Nup85_553-744_Nup145c_92-99_554-712_remaining_updated_1.pdb_39": [{"rot": [[-0.9940604657472225, 0.10705253434882778, 0.019584313312083573], [-0.1083089509274357, -0.9907325756968138, -0.08196422757613961], [0.010628338882964146, -0.08359855466841476, 0.996442833317566]], "trans": [8.997745720821626, 986.2590683234487, 121.28015380940496]}], "rb_4XMM.renamed.noAb_Nup120_715-1036_Nup85_553-744_Nup145c_92-99_554-712_remaining_updated_1.pdb_40": [{"rot": [[-0.7808778115581466, -0.6242148271386384, -0.024201094942942845], [0.6246048720999281, -0.7808088125956888, -0.014364954644581257], [-0.009929610525593071, -0.02633339615750771, 0.9996038990928455]], "trans": [388.36299665076587, 836.7049549716512, 91.81128394270752]}], "rb_4XMM.renamed.noAb_Nup120_715-1036_Nup85_553-744_Nup145c_92-99_554-712_remaining_updated_1.pdb_41": [{"rot": [[-0.11345342523785645, -0.9935148326944105, -0.007523132192970846], [0.9914205600072452, -0.11370249148745132, 0.0644749302013084], [-0.06491219836606703, -0.0001436862584535334, 0.997890968922728]], "trans": [551.2942922645846, 461.8949498634788, 80.68951676225572]}], "rb_4XMM.renamed.noAb_Nup120_715-1036_Nup85_553-744_Nup145c_92-99_554-712_remaining_updated_1.pdb_42": [{"rot": [[0.6172260770233748, -0.7845063319338396, 0.0598480158237912], [0.7772523107172103, 0.6197860985235657, 0.10836991077643089], [-0.12210984942701958, -0.020371726305027746, 0.9923075014531841]], "trans": [402.34609559969874, 81.39815560754982, 94.45414520046228]}], "rb_4XMM.renamed.noAb_Nup120_2-711_3F7F_updated_1.pdb_42": [{"rot": [[0.9137811647197394, 0.38832361410146354, 0.1192004770737696], [-0.4054421612880377, 0.8539105483082348, 0.3262720173996155], [0.02491258424012851, -0.346470123126234, 0.9377301407800491]], "trans": [-214.5543210477557, 233.82131683733326, 209.19169087502758]}], "rb_4XMM.renamed.noAb_Nup120_2-711_3F7F_updated_1.pdb_43": [{"rot": [[0.36247783703242686, 0.8704476476302572, 0.333062622332865], [-0.9292531212990489, 0.31016716468546024, 0.2007111519247436], [0.07140346081436325, -0.38225282560882906, 0.9212949164614974]], "trans": [-298.8453552116787, 467.2713970437266, 214.8156016492061]}], "rb_4XMM.renamed.noAb_Nup120_2-711_3F7F_updated_1.pdb_44": [{"rot": [[-0.39672648113715936, 0.8282047905377716, 0.39583446552165297], [-0.9084232492597522, -0.4161583621081155, -0.039741890390925516], [0.13181539883064092, -0.37535189166670796, 0.9174615294677715]], "trans": [-193.91174309817592, 692.0731218324657, 205.39921476187342]}], "rb_4XMM.renamed.noAb_Nup120_2-711_3F7F_updated_1.pdb_45": [{"rot": [[-0.9190791954243894, 0.2863415041330695, 0.2707433758171524], [-0.3551549779119632, -0.8995742972868882, -0.2542263269709763], [0.1707582331906999, -0.32980998570633385, 0.9284756319505526]], "trans": [38.77683909199601, 776.5345879131675, 186.48278732387092]}], "rb_4XMM.renamed.noAb_Nup120_2-711_3F7F_updated_1.pdb_46": [{"rot": [[-0.8985787206265323, -0.4377110581356357, 0.031069477352624858], [0.40643933830615686, -0.8568887698584464, -0.3170941506362591], [0.1654187024324533, -0.2723061983801678, 0.947885007376582]], "trans": [262.91005234208876, 671.1771943442641, 169.17183415119365]}], "rb_4XMM.renamed.noAb_Nup120_2-711_3F7F_updated_1.pdb_47": [{"rot": [[-0.3472345239368682, -0.9197926961502091, -0.1827828807494413], [0.930207010474175, -0.31310756365630893, -0.19151650384733784], [0.11892477896146561, -0.2365270591072793, 0.9643193699490988]], "trans": [347.1894133911556, 437.72090461284813, 163.6313605980223]}], "rb_4XMM.renamed.noAb_Nup120_2-711_3F7F_updated_1.pdb_48": [{"rot": [[0.41196819027062503, -0.8774931890106173, -0.24553597179460646], [0.9093175511118886, 0.4132146234113051, 0.048941457262017804], [0.058513258711362356, -0.24343249215959006, 0.96815123834861]], "trans": [242.24479753692577, 212.92782177244783, 173.1310590936683]}], "rb_4XMM.renamed.noAb_Nup120_2-711_3F7F_updated_1.pdb_49": [{"rot": [[0.9342777672549272, -0.3355921844222843, -0.12042815023002915], [0.35600830005510214, 0.8965880130173498, 0.2634160686166957], [0.019574062047089523, -0.28897719748845047, 0.9571358500373375]], "trans": [9.556153805154793, 128.4850201286173, 192.12987721482]}]}
