{"rb_ScNup133N_56-480_renamed_1.pdb_0": [{"rot": [[-0.7901965631127833, -0.17804379180936727, 0.5864211795654114], [0.14853873374588475, -0.9839795670425231, -0.0985923740457576], [0.5945802184919332, 0.009198904334326664, 0.8039836714368853]], "trans": [957.613653022494, 335.9312282120217, -279.6097363097412]}], "rb_ScNup133N_56-480_renamed_1.pdb_1": [{"rot": [[-0.443731012919014, -0.8197362769052868, 0.36212597876888886], [0.6961810383381578, -0.5697631083015575, -0.43669435796327044], [0.5643002304024616, 0.058330410113486164, 0.8235064135899138]], "trans": [594.4770830819555, -314.78291786582554, -247.45823324439175]}], "rb_ScNup133N_56-480_renamed_1.pdb_2": [{"rot": [[0.18737652194632504, -0.9816694481671809, -0.03485876587662265], [0.8374983104931889, 0.17820091453498343, -0.516566562971269], [0.5133094767723979, 0.06759828839577456, 0.8555371718760145]], "trans": [-121.07682103529082, -517.1253420876844, -189.3984266140704]}], "rb_ScNup133N_56-480_renamed_1.pdb_3": [{"rot": [[0.7334143489428757, -0.5689805706121174, -0.37197379347288223], [0.4897048996090234, 0.8217446305967311, -0.29141872517797723], [0.47147906004785983, 0.03157328540634363, 0.8813118764574976]], "trans": [-769.8645796480504, -152.56088252102904, -139.418564884906]}], "rb_ScNup133N_56-480_renamed_1.pdb_4": [{"rot": [[0.8745058098826988, 0.17657139237497346, -0.45173236753211243], [-0.1434569103313004, 0.9838710570483182, 0.10685437745278142], [0.4633138281549576, -0.028640644151055918, 0.8857313419671962]], "trans": [-971.8152625143084, 565.343576856293, -126.7735508727074]}], "rb_ScNup133N_56-480_renamed_1.pdb_5": [{"rot": [[0.5279975375576468, 0.818231588593576, -0.227410790774522], [-0.6910720034832212, 0.5696042472917918, 0.4449387457491617], [0.4935970890663228, -0.07776933132529265, 0.8662065831950648]], "trans": [-608.6213987671191, 1216.029598083349, -158.84700717933123]}], "rb_ScNup133N_56-480_renamed_1.pdb_6": [{"rot": [[-0.10312103633762554, 0.9801064276900668, 0.16958019420106032], [-0.8323397369055305, -0.17837246035545723, 0.5247797897735511], [0.544588481546099, -0.0870324984552095, 0.8341754791289167]], "trans": [106.95483851619923, 1418.3162520476096, -216.82584596343668]}], "rb_ScNup133N_56-480_renamed_1.pdb_7": [{"rot": [[-0.6491317524433754, 0.5673673464864896, 0.5066776708230503], [-0.484503480484398, -0.8218837640820928, 0.29960550017774146], [0.586416528900999, -0.05100365162544469, 0.8084023021692686]], "trans": [755.7207132493968, 1053.70128141017, -266.7212410624815]}], "rb_ScNup133C_490_881_renamed_relative_3CQC_1.pdb_7": [{"rot": [[0.84114238751152, 0.31853757539217736, -0.4370506801215294], [-0.281557073684827, 0.9479075310026195, 0.14898633134134692], [0.4617413758690631, -0.0022640079040617683, 0.8870117113537757]], "trans": [144.10243415300238, 128.0129523454948, -222.4583690888188]}], "rb_ScNup133C_490_881_renamed_relative_3CQC_1.pdb_8": [{"rot": [[0.4069545346602806, 0.8940449078626229, -0.1872744228247604], [-0.7652998431306612, 0.4456410746363236, 0.4644568685046726], [0.49870247324794625, -0.04569174238191595, 0.865568083893165]], "trans": [-127.70560874456777, 114.82331174756246, -200.68817289996338]}], "rb_ScNup133C_490_881_renamed_relative_3CQC_1.pdb_9": [{"rot": [[-0.24116243715409513, 0.9470950647834445, 0.21178200388309176], [-0.7992254258851758, -0.3176096487954976, 0.5102576110266833], [0.5505264730460784, -0.046206593196658735, 0.8335379734724758]], "trans": [-329.26993640873303, 298.31136004685015, -185.4737655956286]}], "rb_ScNup133C_490_881_renamed_relative_3CQC_1.pdb_10": [{"rot": [[-0.7235324673934427, 0.44661051622321296, 0.5263457185409506], [-0.3634597372200599, -0.8947216036712821, 0.25955783814751576], [0.5868541454633165, -0.0035069534816176418, 0.8096850704007059]], "trans": [-342.5094102975421, 570.987328163334, -185.70395659665024]}], "rb_ScNup133C_490_881_renamed_relative_3CQC_1.pdb_11": [{"rot": [[-0.7575763909261266, -0.3142178324393538, 0.5721408617538662], [0.2867195381484517, -0.9476144695462324, -0.14077898831341606], [0.5864042277774616, 0.05739312575321664, 0.8079827416232306]], "trans": [-159.66624659108453, 773.1139060384064, -201.2198918677505]}], "rb_ScNup133C_490_881_renamed_relative_3CQC_1.pdb_12": [{"rot": [[-0.32335079732737854, -0.8896860068780078, 0.3223399929161929], [0.7704282131817021, -0.4453028598013936, -0.45622991066604524], [0.5494402881127265, 0.1008175194009607, 0.8294282353407307]], "trans": [112.149364662052, 786.2826111632813, -222.9081128512443]}], "rb_ScNup133C_490_881_renamed_relative_3CQC_1.pdb_13": [{"rot": [[0.32476883809178514, -0.9426766364053267, -0.07672001681470941], [0.8043029257528957, 0.31795200198101037, -0.5019993307381967], [0.4976163235162625, 0.10132760537881583, 0.8614584789520335]], "trans": [313.7059191289254, 602.7791471922443, -238.03934898989917]}], "rb_ScNup133C_490_881_renamed_relative_3CQC_1.pdb_14": [{"rot": [[0.8071048944159586, -0.4421470630763297, -0.391264186992341], [0.36849939160437944, 0.8950246558752958, -0.2512748769027807], [0.46129154316657883, 0.0586245681287421, 0.8853097041232022]], "trans": [326.9306585946872, 330.10254751355103, -237.7255039020743]}], "rb_ScNup84_506-726_ScNup133C_882_1155_renamed_relative_3CQC_new_1.pdb_14": [{"rot": [[0.9771494540559866, 0.15017633685452825, 0.150419454483267], [-0.1871376235321776, 0.9434064883186719, 0.2737950102849967], [-0.1007891576352205, -0.29568778406824275, 0.9499527778031895]], "trans": [-76.4740564999604, 49.31865038434344, 161.3723870191147]}], "rb_ScNup84_506-726_ScNup133C_882_1155_renamed_relative_3CQC_new_1.pdb_15": [{"rot": [[0.5588197187450623, 0.7657126635977469, 0.3184409501740218], [-0.8267900130890142, 0.5442123527288856, 0.1423066737491938], [-0.06433347649519539, -0.3428075727625273, 0.9372001770479494]], "trans": [-331.9722632702684, 236.74125436439797, 180.8665149775062]}], "rb_ScNup84_506-726_ScNup133C_882_1155_renamed_relative_3CQC_new_1.pdb_16": [{"rot": [[-0.1879794263630737, 0.9197329870403138, 0.3446084267891787], [-0.9821646035868646, -0.1745795984567619, -0.06981873146752024], [-0.00405298967031667, -0.35158668398074855, 0.9361465573948102]], "trans": [-380.5893034849985, 550.456505405712, 183.25645958148797]}], "rb_ScNup84_506-726_ScNup133C_882_1155_renamed_relative_3CQC_new_1.pdb_17": [{"rot": [[-0.8257625121961297, 0.5220100300230119, 0.2135926075661585], [-0.5622407691303615, -0.7918909052672068, -0.2383151520209809], [0.044739143702537607, -0.3168821905858042, 0.9474091440926173]], "trans": [-193.84271614683018, 806.6857028584238, 167.16616248501532]}], "rb_ScNup84_506-726_ScNup133C_882_1155_renamed_relative_3CQC_new_1.pdb_18": [{"rot": [[-0.980907214331591, -0.1944644913397282, 0.0021444067288576285], [0.1869841871298088, -0.9460919000834642, -0.26447500895144116], [0.05345980392446876, -0.2590244741418096, 0.9643901550513236]], "trans": [118.87062809391898, 855.3262868182302, 142.04555150157717]}], "rb_ScNup84_506-726_ScNup133C_882_1155_renamed_relative_3CQC_new_1.pdb_19": [{"rot": [[-0.5625275787182049, -0.8099697001428628, -0.1658668382526014], [0.8266037217445558, -0.5468494659081442, -0.1329734892150547], [0.017000305276160435, -0.2119074007354586, 0.9771418746190643]], "trans": [374.36075626212886, 667.884034164422, 122.63463964707307]}], "rb_ScNup84_506-726_ScNup133C_882_1155_renamed_relative_3CQC_new_1.pdb_20": [{"rot": [[0.18428370494884555, -0.9639339664460717, -0.1920177711095257], [0.9819196927011228, 0.17195455000052934, 0.07915396275517504], [-0.04328086385527738, -0.2031328163189266, 0.9781941656738105]], "trans": [422.95986220531813, 354.16537623254214, 120.32861768091539]}], "rb_ScNup84_506-726_ScNup133C_882_1155_renamed_relative_3CQC_new_1.pdb_21": [{"rot": [[0.822034056658302, -0.5661628521527798, -0.060988806646175675], [0.5619458142579622, 0.7892346199866309, 0.24764009459801464], [-0.09207014462816365, -0.2378409961650583, 0.9669305812783879]], "trans": [236.19981775383707, 97.95124306734238, 136.50239068697553]}], "rb_4XMM.renamed.noAb_Nup145c_149-550_Sec13_Nup84_7-436_3IKO_updated_1.pdb_21": [{"rot": [[0.9997468589823822, -0.016364084526692357, 0.015441330657178412], [0.016442512503797295, 0.9998524810539456, -0.004965874830509381], [-0.015357790772878754, 0.005218512036307347, 0.9998684440438671]], "trans": [1.6553271162160854, -5.365529447786798, 5.8260813062339025]}], "rb_4XMM.renamed.noAb_Nup145c_149-550_Sec13_Nup84_7-436_3IKO_updated_1.pdb_22": [{"rot": [[0.720050750326509, 0.6933876224825252, 0.02721253281601449], [-0.6938435930664891, 0.7188289272370194, 0.04319770512261476], [0.01039159828013316, -0.04998578153142528, 0.9986958677845208]], "trans": [-318.2098380704158, 134.05197633166483, 30.684221884026442]}], "rb_4XMM.renamed.noAb_Nup145c_149-550_Sec13_Nup84_7-436_3IKO_updated_1.pdb_23": [{"rot": [[0.021527117368315307, 0.9973504016096659, 0.06948927706379225], [-0.9974839215217159, 0.01673011610960512, 0.06889070707009734], [0.0675456106898857, -0.07079745492598477, 0.995201140901945]], "trans": [-446.19637565189515, 459.4953013024512, 39.34334426931838]}], "rb_4XMM.renamed.noAb_Nup145c_149-550_Sec13_Nup84_7-436_3IKO_updated_1.pdb_24": [{"rot": [[-0.6866190465220641, 0.7174585709668656, 0.11750525051806959], [-0.7166016871241804, -0.6951445691766208, 0.05706180819977563], [0.12262262011517083, -0.04502473642824331, 0.991431523679602]], "trans": [-307.3260539635485, 780.3152737409832, 26.754817376366702]}], "rb_4XMM.renamed.noAb_Nup145c_149-550_Sec13_Nup84_7-436_3IKO_updated_1.pdb_25": [{"rot": [[-0.9895457336767343, 0.017676711419488497, 0.14313201890410515], [-0.01574166322346364, -0.9997689005479249, 0.014640544257358149], [0.14335773784882366, 0.012234352070491316, 0.9895953110379426]], "trans": [17.05084781731938, 908.5711470263366, 0.31718265847814564]}], "rb_4XMM.renamed.noAb_Nup145c_149-550_Sec13_Nup84_7-436_3IKO_updated_1.pdb_26": [{"rot": [[-0.7097942194942006, -0.692053096785392, 0.13135705996392502], [0.6945224660530571, -0.718689649483925, -0.03352211019986536], [0.11760403955731026, 0.06743662917451254, 0.9907681822330492]], "trans": [336.9116802524241, 769.1289389753177, -24.458015794771995]}], "rb_4XMM.renamed.noAb_Nup145c_149-550_Sec13_Nup84_7-436_3IKO_updated_1.pdb_27": [{"rot": [[-0.011246885478941593, -0.9959611248110618, 0.08907831067160782], [0.9981079590509738, -0.01656700447535242, -0.059211793097425525], [0.06044840482694516, 0.08824382260417757, 0.994263052781345]], "trans": [464.8793710028086, 443.6759779945263, -33.03311249798526]}], "rb_4XMM.renamed.noAb_Nup145c_149-550_Sec13_Nup84_7-436_3IKO_updated_1.pdb_28": [{"rot": [[0.6968773905854948, -0.7160137647368876, 0.041063258492957944], [0.717170153416655, 0.6952856891024766, -0.047379125969402726], [0.005373410377225909, 0.062466785066961274, 0.9980325782379624]], "trans": [325.99055582172116, 122.86731430843963, -20.360689992368805]}], "rb_4XMM.renamed.noAb_Seh1_Nup85_47_544_3F3F_1.pdb_28": [{"rot": [[0.6280605224205025, -0.7541683131073179, 0.19175540587359524], [0.2157039341861664, 0.405490957168648, 0.8882842430388276], [-0.7476709122023504, -0.5165338702924671, 0.4173499345719238]], "trans": [518.3729889219882, -38.90458132903416, 801.7881124846416]}], "rb_4XMM.renamed.noAb_Seh1_Nup85_47_544_3F3F_1.pdb_29": [{"rot": [[0.5825468172171061, -0.25900604793883797, 0.7704252545713461], [-0.33317537070724923, 0.7884812836350815, 0.5170023575490356], [-0.7413726310731372, -0.5578647976779662, 0.3730328261794333]], "trans": [40.20372652501197, -207.98070452785504, 840.7650370122597]}], "rb_4XMM.renamed.noAb_Seh1_Nup85_47_544_3F3F_1.pdb_30": [{"rot": [[0.16345052411778782, 0.3612224307551337, 0.9180426360932107], [-0.6888486473869926, 0.7079405669807294, -0.1559092512204205], [-0.7062375430113649, -0.6069089792896082, 0.3645408395487598]], "trans": [-417.2169367471335, 11.707067573195609, 876.1966497865826]}], "rb_4XMM.renamed.noAb_Seh1_Nup85_47_544_3F3F_1.pdb_31": [{"rot": [[-0.383715839122138, 0.7431785349341187, 0.5481312069386022], [-0.6429574753808693, 0.2110506946458176, -0.7362494747987093], [-0.662848278008362, -0.6349356420163331, 0.3968487001851644]], "trans": [-585.9236133790104, 491.4626572749145, 887.3506173598589]}], "rb_4XMM.renamed.noAb_Seh1_Nup85_47_544_3F3F_1.pdb_32": [{"rot": [[-0.7384145018710019, 0.6631069931889987, -0.12260970194255921], [-0.22238555031559146, -0.41110324000866383, -0.8840468274165166], [-0.6366228792915234, -0.6255263716568807, 0.4510300077870055]], "trans": [-367.0836400962602, 950.2385923713995, 867.7167931579069]}], "rb_4XMM.renamed.noAb_Seh1_Nup85_47_544_3F3F_1.pdb_33": [{"rot": [[-0.6928579862393746, 0.16791484368280407, -0.7012506086808737], [0.3264901640414575, -0.7940546896916405, -0.5127195359676597], [-0.6429245552072954, -0.5841932514585304, 0.49534458840468765]], "trans": [111.10535444772205, 1119.2775781376242, 828.8209531363378]}], "rb_4XMM.renamed.noAb_Seh1_Nup85_47_544_3F3F_1.pdb_34": [{"rot": [[-0.27373394143113366, -0.45230737019442857, -0.848815511272252], [0.682130535072346, -0.7134652955633846, 0.1602036365023117], [-0.6780616951505882, -0.5351498060304704, 0.5038323358767858]], "trans": [568.5154281235123, 899.554310057215, 793.4728337123175]}], "rb_4XMM.renamed.noAb_Seh1_Nup85_47_544_3F3F_1.pdb_35": [{"rot": [[0.2734288574560211, -0.8342247304202006, -0.47885880911353806], [0.6361964188979481, -0.21654546101468566, 0.7405148073437566], [-0.7214504671089476, -0.5071263772170387, 0.47152100805690556]], "trans": [737.1912236290581, 419.7858934649348, 782.4038665541075]}], "rb_4XMM.renamed.noAb_Nup120_715-1036_Nup85_553-744_Nup145c_92-99_554-712_remaining_updated_1.pdb_35": [{"rot": [[0.9987372376793843, -0.0501575391284319, -0.002855055364055471], [0.050175661416872595, 0.9930246609093559, 0.10669782484772994], [-0.0025165599399499675, -0.1067063451460939, 0.9942873944849296]], "trans": [27.763966464807368, -55.214929768541765, 59.89235697586102]}], "rb_4XMM.renamed.noAb_Nup120_715-1036_Nup85_553-744_Nup145c_92-99_554-712_remaining_updated_1.pdb_36": [{"rot": [[0.7433703665016228, 0.6624038357584671, 0.09285287599052075], [-0.6685397003119175, 0.731370607562286, 0.13472825798926824], [0.021334650550054894, -0.16222882840741004, 0.986522498435522]], "trans": [-333.7748004879992, 83.51721806454357, 88.07547624896102]}], "rb_4XMM.renamed.noAb_Nup120_715-1036_Nup85_553-744_Nup145c_92-99_554-712_remaining_updated_1.pdb_37": [{"rot": [[0.056114688885098074, 0.9820075134520202, 0.18031191090747992], [-0.9953960562000016, 0.04096948717251925, 0.08664982644126831], [0.07770349408366264, -0.18434409305589125, 0.97978539607538]], "trans": [-491.72294418483176, 438.0374925796441, 98.98125107521707]}], "rb_4XMM.renamed.noAb_Nup120_715-1036_Nup85_553-744_Nup145c_92-99_554-712_remaining_updated_1.pdb_38": [{"rot": [[-0.6604257289173759, 0.721425153147489, 0.20828731356007504], [-0.7389163442935228, -0.6737319892798216, -0.009372446689566591], [0.13356830731819216, -0.16009670523522573, 0.9780227769602181]], "trans": [-353.55030163999584, 800.6630350251233, 86.24492969116989]}], "rb_4XMM.renamed.noAb_Nup120_715-1036_Nup85_553-744_Nup145c_92-99_554-712_remaining_updated_1.pdb_39": [{"rot": [[-0.9864914069372185, 0.0333095757225478, 0.16039069862123848], [-0.049349996191233765, -0.9940516195981369, -0.09708735988914231], [0.15620269496698932, -0.10369112661892761, 0.9822672082206272]], "trans": [-0.1984417512521759, 958.9628064114498, 57.35163364691243]}], "rb_4XMM.renamed.noAb_Nup120_715-1036_Nup85_553-744_Nup145c_92-99_554-712_remaining_updated_1.pdb_40": [{"rot": [[-0.7310684734643462, -0.6792314111376307, 0.06468057846441136], [0.6693452985030359, -0.7323416478351709, -0.12511028022487125], [0.13234711360052295, -0.0481705404790828, 0.9900322421777791]], "trans": [361.336047036612, 820.2026854289169, 29.251468061831417]}], "rb_4XMM.renamed.noAb_Nup120_715-1036_Nup85_553-744_Nup145c_92-99_554-712_remaining_updated_1.pdb_41": [{"rot": [[-0.04378728439052987, -0.9987812505024397, -0.022774709009842787], [0.9961477025537283, -0.04191546556027076, -0.07702498584090671], [0.07597649914696636, -0.026059689016676952, 0.9967690124525954]], "trans": [519.2630768946385, 465.6704242619778, 18.429911049188604]}], "rb_4XMM.renamed.noAb_Nup120_715-1036_Nup85_553-744_Nup145c_92-99_554-712_remaining_updated_1.pdb_42": [{"rot": [[0.6727331490600236, -0.7381431408192388, -0.05074262327955255], [0.7396117597540505, 0.6727655346407574, 0.018999479809974094], [0.020113552378876742, -0.050311420781392995, 0.9985310240296276]], "trans": [381.0686803001377, 103.05613720228712, 31.250388192130686]}], "rb_4XMM.renamed.noAb_Nup120_2-711_3F7F_updated_1.pdb_42": [{"rot": [[0.9878981110156823, 0.10556021374313217, 0.11364138122246677], [-0.140684374202951, 0.9183368168900022, 0.3699532370441724], [-0.06530872152147695, -0.3814636706409167, 0.9220738792929705]], "trans": [-87.28229084523355, 24.474909540699514, 292.7143073836204]}], "rb_4XMM.renamed.noAb_Nup120_2-711_3F7F_updated_1.pdb_43": [{"rot": [[0.5998903663341186, 0.7147128555653786, 0.35960684430235546], [-0.7994745505590453, 0.5529888073305973, 0.23461419815410803], [-0.03117677641977523, -0.4282393175044358, 0.9031273971901226]], "trans": [-354.55275428559446, 234.35668480885363, 313.0374826192173]}], "rb_4XMM.renamed.noAb_Nup120_2-711_3F7F_updated_1.pdb_44": [{"rot": [[-0.1389501249656785, 0.8880754882147869, 0.43819492238510527], [-0.9898851566219468, -0.13735174059763666, -0.03552289479112855], [0.02863982317620653, -0.4386985600464921, 0.8981777852639021]], "trans": [-395.6657693019934, 572.2972262117217, 314.7114424727712]}], "rb_4XMM.renamed.noAb_Nup120_2-711_3F7F_updated_1.pdb_45": [{"rot": [[-0.7958001854293603, 0.5240898370722141, 0.30336761123794065], [-0.600370974570463, -0.7482736001166143, -0.2822079238112072], [0.07909966980908799, -0.4067142265106295, 0.9101245959702177]], "trans": [-186.53483866504934, 840.32631642905, 296.779562560423]}], "rb_4XMM.renamed.noAb_Nup120_2-711_3F7F_updated_1.pdb_46": [{"rot": [[-0.9858677880514494, -0.16401617122533987, 0.03410865079595769], [0.14088509559968035, -0.9218901319218992, -0.36092932064725675], [0.09064267383748958, -0.351023190461259, 0.931969219147278]], "trans": [150.3301030512581, 881.4288519965344, 269.7705958755196]}], "rb_4XMM.renamed.noAb_Nup120_2-711_3F7F_updated_1.pdb_47": [{"rot": [[-0.5978086512627294, -0.7731403347224507, -0.21184626336258774], [0.7996447962722236, -0.5564943236888574, -0.225570981061024], [0.056506780745216895, -0.30425004605971007, 0.9509147665287746]], "trans": [417.5907365331015, 671.5265048281706, 249.53078082969398]}], "rb_4XMM.renamed.noAb_Nup120_2-711_3F7F_updated_1.pdb_48": [{"rot": [[0.1410467109721386, -0.946449129791806, -0.2904132745593302], [0.9899974062814118, 0.1338598080386989, 0.04457227106528765], [-0.0033107219781840502, -0.2937951607977462, 0.9558626693264086]], "trans": [458.68392765114913, 333.58314631346127, 247.94089135936966]}], "rb_4XMM.renamed.noAb_Nup120_2-711_3F7F_updated_1.pdb_49": [{"rot": [[0.7978664095953619, -0.5824158206277665, -0.15556671984035997], [0.6004316827120613, 0.7447530789015105, 0.29124670961622995], [-0.05376789781055667, -0.32578315387570783, 0.9439143763158965]], "trans": [249.5386189737171, 65.57087766685675, 265.95631203489063]}]}
