{"rb_ScNup133N_56-480_renamed_1.pdb_0": [{"rot": [[-0.7157248225939251, -0.1171720435066054, 0.6884828905233455], [0.14843146111858105, -0.9888238480680857, -0.01398209004501437], [0.6824266111994006, 0.09218519247856405, 0.7251177908551083]], "trans": [869.7030418481967, 311.4919975663062, -326.53299781810864]}], "rb_ScNup133N_56-480_renamed_1.pdb_1": [{"rot": [[-0.38927385613477905, -0.7783563474230849, 0.49257208747162423], [0.6486800686414164, -0.6113087701879245, -0.45333845638627956], [0.6539725020804215, 0.14304888646026356, 0.7428707711339516]], "trans": [513.9965256066457, -272.81040846923975, -295.29684051501005]}], "rb_ScNup133N_56-480_renamed_1.pdb_2": [{"rot": [[0.19426852950855794, -0.9799479378685018, 0.04429195762046695], [0.7706959903391205, 0.12454061492392038, -0.6249138546308393], [0.6068668955527106, 0.155536729751022, 0.7794362685817056]], "trans": [-149.48840774048324, -433.48225868838443, -241.5900002876686]}], "rb_ScNup133N_56-480_renamed_1.pdb_3": [{"rot": [[0.6930549768785819, -0.6038516187185057, -0.3937486782134873], [0.4430005788566826, 0.7876533619926003, -0.4281969972739153], [0.5687049201092533, 0.12233316767252306, 0.8133936992199617]], "trans": [-732.0710157616181, -76.3996009644851, -196.85069650652173]}], "rb_ScNup133N_56-480_renamed_1.pdb_4": [{"rot": [[0.8148893522170245, 0.12961008331073548, -0.5649394391857427], [-0.14243757325418338, 0.9895686738955488, 0.02157260693711751], [0.5618423990486803, 0.06288931506057638, 0.8248503213810577]], "trans": [-892.4642789239413, 589.2536257375032, -187.26383924956167]}], "rb_ScNup133N_56-480_renamed_1.pdb_5": [{"rot": [[0.48839936058593425, 0.7907649613604937, -0.36899436372902306], [-0.6426605418089872, 0.6120017139141212, 0.4609135821040167], [0.5902994939698225, 0.012028218933582246, 0.8070946842646507]], "trans": [-536.7056487826897, 1173.5284923002384, -218.4215397714167]}], "rb_ScNup133N_56-480_renamed_1.pdb_6": [{"rot": [[-0.09515255740831441, 0.9922991655854402, 0.07929916012856164], [-0.7646306586844686, -0.12386346910042656, 0.632453790266263], [0.6374056374228361, -0.00045497345581063664, 0.7705282904480155]], "trans": [126.79836626797069, 1334.148660410832, -272.04717288162]}], "rb_ScNup133N_56-480_renamed_1.pdb_7": [{"rot": [[-0.5939134601226466, 0.616151117518322, 0.517324465172552], [-0.4368961096363223, -0.7869466752390919, 0.4357025587654775], [0.675565386376323, 0.03275256800711643, 0.7365722490150896]], "trans": [709.3596721440139, 977.020687640907, -316.7020816816011]}], "rb_ScNup133C_490_881_renamed_relative_3CQC_1.pdb_7": [{"rot": [[0.8277460906900254, 0.32225163027398335, -0.4593368003253617], [-0.23551519847823849, 0.9425665389327165, 0.2368563086982418], [0.5092828297057905, -0.0878760858832529, 0.8561009244806963]], "trans": [157.76503879545453, 74.94548064966389, -218.62439916481935]}], "rb_ScNup133C_490_881_renamed_relative_3CQC_1.pdb_8": [{"rot": [[0.4308562298956611, 0.891220146818176, -0.14173764166757874], [-0.7205640670823354, 0.43431574575726706, 0.5405157335518306], [0.543277400956327, -0.13075351961878015, 0.829308858458319]], "trans": [-155.35583838355183, 67.89123385637797, -193.59116586113856]}], "rb_ScNup133C_490_881_renamed_relative_3CQC_1.pdb_9": [{"rot": [[-0.1917980597704126, 0.935426645794573, 0.2969688445036286], [-0.7818703400561566, -0.32852648300889237, 0.5298576424873747], [0.5932050873085765, -0.1305654636545326, 0.7943930916692954]], "trans": [-381.8186741082925, 285.02136049020265, -176.5558778889403]}], "rb_ScNup133C_490_881_renamed_relative_3CQC_1.pdb_10": [{"rot": [[-0.6754571159963256, 0.42897433679116537, 0.5997822128277118], [-0.38351993827318887, -0.8990764136791198, 0.2111256955295162], [0.6298175461170133, -0.08742208382595529, 0.7718077726109474]], "trans": [-388.9564327459668, 599.1380876294375, -177.474042238712]}], "rb_ScNup133C_490_881_renamed_relative_3CQC_1.pdb_11": [{"rot": [[-0.736786644052245, -0.3314498766002934, 0.5893101224719298], [0.24112785616144014, -0.9430978521127737, -0.22896243867337895], [0.6316666827759864, -0.026597380358284642, 0.7747836996406535]], "trans": [-172.58580130496495, 826.2275242652452, -195.7837803870537]}], "rb_ScNup133C_490_881_renamed_relative_3CQC_1.pdb_12": [{"rot": [[-0.3398589416566682, -0.900378768193678, 0.27168727162317363], [0.7261455577340231, -0.434802418973138, -0.5325969258625627], [0.5976692469578418, 0.01627667782879899, 0.801577532743841]], "trans": [140.5421668299349, 833.2575932504926, -220.7349846581721]}], "rb_ScNup133C_490_881_renamed_relative_3CQC_1.pdb_13": [{"rot": [[0.28280014644647283, -0.9445257713962127, -0.16701839520915823], [0.7874029581137492, 0.32804325404098184, -0.5219044021963419], [0.5477414159286942, 0.016083862925081904, 0.8364930666956159]], "trans": [366.99460616022134, 616.1100978448288, -237.6868828768795]}], "rb_ScNup133C_490_881_renamed_relative_3CQC_1.pdb_14": [{"rot": [[0.7664281469532147, -0.43802894925910735, -0.46980691264478347], [0.38901460842882923, 0.8985534155539242, -0.20314869880297243], [0.5111316170878354, -0.027062871380148706, 0.8590762893979994]], "trans": [374.1143980860823, 301.9932194317564, -236.68480914370554]}], "rb_ScNup84_506-726_ScNup133C_882_1155_renamed_relative_3CQC_new_1.pdb_14": [{"rot": [[0.986131947744984, 0.15446055645920131, 0.06071011559037449], [-0.1643557434506282, 0.9596848666326797, 0.22801786410499944], [-0.02304281301130636, -0.2348337566333439, 0.9717623863445201]], "trans": [-56.85048727301864, 44.53576725624788, 91.91454075426756]}], "rb_ScNup84_506-726_ScNup133C_882_1155_renamed_relative_3CQC_new_1.pdb_15": [{"rot": [[0.5827857442061045, 0.781429039258179, 0.22300097074715824], [-0.8125333636865865, 0.5562085680231798, 0.17441777935108538], [0.012260067140807837, -0.28284392420846116, 0.959087590000027]], "trans": [-322.80528679253837, 215.5285827750294, 112.32206258148034]}], "rb_ScNup84_506-726_ScNup133C_882_1155_renamed_relative_3CQC_new_1.pdb_16": [{"rot": [[-0.15942393470407512, 0.9405176160105023, 0.300017704506568], [-0.9845623960726076, -0.17371955589831223, 0.021410374547332883], [0.07225577681566157, -0.2919728238593666, 0.9536933327041512]], "trans": [-390.400218815486, 525.0483728168219, 116.24507557327567]}], "rb_ScNup84_506-726_ScNup133C_882_1155_renamed_relative_3CQC_new_1.pdb_17": [{"rot": [[-0.8057001939234985, 0.5385299553057282, 0.24664282829639567], [-0.5796658078276044, -0.8024973181520387, -0.14137045516781202], [0.12179798334621915, -0.256872617453075, 0.9587396464398446]], "trans": [-220.03530573501368, 791.7741969412833, 101.40942830576347]}], "rb_ScNup84_506-726_ScNup133C_882_1155_renamed_relative_3CQC_new_1.pdb_18": [{"rot": [[-0.9774452883061728, -0.18904390318927053, 0.09414409718631474], [0.1649622706126063, -0.9617778398433195, -0.2185654045375186], [0.1318641636017679, -0.19810550081530204, 0.9712703294677144]], "trans": [88.48919756032728, 859.4544233373637, 76.53005703206503]}], "rb_ScNup84_506-726_ScNup133C_882_1155_renamed_relative_3CQC_new_1.pdb_19": [{"rot": [[-0.5740485199568968, -0.815980934376719, -0.0681425819072808], [0.8131082116418429, -0.5582523455100463, -0.16495258377222663], [0.09655740725546567, -0.1500980794887998, 0.9839447309874034]], "trans": [354.4372001838935, 688.4411378862258, 56.20565314463471]}], "rb_ScNup84_506-726_ScNup133C_882_1155_renamed_relative_3CQC_new_1.pdb_20": [{"rot": [[0.16817459633088983, -0.9750125855748702, -0.14514738412918743], [0.9850789841474102, 0.171688240557879, -0.011939139217016934], [0.03656091000024086, -0.14097377779127396, 0.9893380078796163]], "trans": [422.01452567122703, 378.91645128765106, 52.36654391601047]}], "rb_ScNup84_506-726_ScNup133C_882_1155_renamed_relative_3CQC_new_1.pdb_21": [{"rot": [[0.8144192936898623, -0.5729758731655655, -0.09175981057010096], [0.5801316848076549, 0.8004344308796029, 0.15083749581810044], [-0.012978534121184528, -0.1760777403097891, 0.9842907024956912]], "trans": [251.63533725082175, 112.2044060443452, 67.28573856494694]}], "rb_4XMM.renamed.noAb_Nup145c_149-550_Sec13_Nup84_7-436_3IKO_updated_1.pdb_21": [{"rot": [[0.999299606523584, -0.026786772007525342, -0.026129777022106795], [0.02674973150236084, 0.9996406017316632, -0.0017661353593550445], [0.02616769509069853, 0.001065933850112971, 0.999656998934467]], "trans": [18.68648994064131, -13.872991859406966, -13.861162272835372]}], "rb_4XMM.renamed.noAb_Nup145c_149-550_Sec13_Nup84_7-436_3IKO_updated_1.pdb_22": [{"rot": [[0.7278210749016463, 0.6857670762545442, -7.369106471082076e-06], [-0.6838483203202264, 0.7257854563299799, 0.0747458773116306], [0.05126361013638072, -0.054396585418335114, 0.9972026142016517]], "trans": [-312.5226014205118, 114.89943390201222, 11.952952804031895]}], "rb_4XMM.renamed.noAb_Nup145c_149-550_Sec13_Nup84_7-436_3IKO_updated_1.pdb_23": [{"rot": [[0.034890390190077336, 0.9967649598913301, 0.07240355934079531], [-0.9935383171037843, 0.02676570406872092, 0.11029600868700006], [0.10800126443223376, -0.07578398127927548, 0.9912580466571245]], "trans": [-456.03709743736084, 440.86547746129133, 21.84720635356024]}], "rb_4XMM.renamed.noAb_Nup145c_149-550_Sec13_Nup84_7-436_3IKO_updated_1.pdb_24": [{"rot": [[-0.6735638821844312, 0.724019933598244, 0.14868366544119263], [-0.7208994921035503, -0.6879230279989615, 0.0840584905502095], [0.1631429400908214, -0.05056721567508762, 0.9853057077868718]], "trans": [-327.7822694495783, 773.0697511753702, 10.049410038647522]}], "rb_4XMM.renamed.noAb_Nup145c_149-550_Sec13_Nup84_7-436_3IKO_updated_1.pdb_25": [{"rot": [[-0.9825192402596521, 0.027309879482646772, 0.18414698749161218], [-0.02564751321209436, -0.9996060035166969, 0.01140363097479664], [0.1843858660137162, 0.006481374546900145, 0.9828325616290657]], "trans": [-2.889690746217866, 916.9024242174614, -16.505115809315896]}], "rb_4XMM.renamed.noAb_Nup145c_149-550_Sec13_Nup84_7-436_3IKO_updated_1.pdb_26": [{"rot": [[-0.7109852790045722, -0.685222629142782, 0.15801861140207718], [0.6849292072830667, -0.7256949406962413, -0.06510632886644172], [0.15928563667003087, 0.061941920849525295, 0.9852874120743098]], "trans": [328.31589842219574, 788.1044054739974, -42.236350628592106]}], "rb_4XMM.renamed.noAb_Nup145c_149-550_Sec13_Nup84_7-436_3IKO_updated_1.pdb_27": [{"rot": [[-0.018030421551270992, -0.9961660020168943, 0.08560490829594017], [0.9945648073841082, -0.026650802283803343, -0.10065077570807439], [0.10254632032253003, 0.08332485321500714, 0.9912321731183883]], "trans": [471.8115072612629, 462.1275071721436, -52.04656935045125]}], "rb_4XMM.renamed.noAb_Nup145c_149-550_Sec13_Nup84_7-436_3IKO_updated_1.pdb_28": [{"rot": [[0.6904026059406179, -0.723365227008478, 0.00932684648598995], [0.7218703866898792, 0.6880164989162596, -0.07440727141357248], [0.04740660851194016, 0.0581037483643001, 0.9971843199205501]], "trans": [343.53729816423663, 129.93370940657087, -40.16480262235814]}], "rb_4XMM.renamed.noAb_Seh1_Nup85_47_544_3F3F_1.pdb_28": [{"rot": [[0.6915177847646649, -0.6814056494988665, 0.23976966902675903], [0.23330667113038492, 0.5248195915341413, 0.8186161454234815], [-0.6836454860234449, -0.5101477601371667, 0.5218985651128032]], "trans": [435.1222345486834, -91.14563092910566, 737.7182674024768]}], "rb_4XMM.renamed.noAb_Seh1_Nup85_47_544_3F3F_1.pdb_29": [{"rot": [[0.6412098038778528, -0.12316983963469678, 0.7574161194583143], [-0.3617630561635047, 0.8219458777987926, 0.43992324917514425], [-0.6767403332195957, -0.5560882704876432, 0.482481457488156]], "trans": [-56.912228187376286, -189.9385842607731, 777.4583734414828]}], "rb_4XMM.renamed.noAb_Seh1_Nup85_47_544_3F3F_1.pdb_30": [{"rot": [[0.18616287509760604, 0.48114973918297765, 0.8566436321012073], [-0.7466837854143117, 0.6359732466704286, -0.19493936010675525], [-0.6385974542188139, -0.6033514382212324, 0.47766131668957984]], "trans": [-474.5985203370927, 89.26205727630142, 809.4333525885432]}], "rb_4XMM.renamed.noAb_Seh1_Nup85_47_544_3F3F_1.pdb_31": [{"rot": [[-0.4070500945349113, 0.7775341567767015, 0.4793233309413029], [-0.6959635260446307, 0.07584708767814363, -0.7140602143420895], [-0.5915614853543514, -0.6242498332689326, 0.5102618491608653]], "trans": [-573.2482092431786, 582.8967379358337, 814.9358161132916]}], "rb_4XMM.renamed.noAb_Seh1_Nup85_47_544_3F3F_1.pdb_32": [{"rot": [[-0.7909165831060988, 0.5923572422997836, -0.1535052313856801], [-0.23931492114887853, -0.53030279746154, -0.8133309975157551], [-0.5631867603941714, -0.6065408811444309, 0.561185203312826]], "trans": [-295.06900284457197, 1001.7874183336519, 790.7663481993806]}], "rb_4XMM.renamed.noAb_Seh1_Nup85_47_544_3F3F_1.pdb_33": [{"rot": [[-0.7405621890934657, 0.03409824324729663, -0.6711221601858666], [0.3557508377796844, -0.8273852593204147, -0.434597485126576], [-0.570095593303569, -0.5605987356984852, 0.6005997602639495]], "trans": [196.97971076287723, 1100.5421483292994, 751.1077688414632]}], "rb_4XMM.renamed.noAb_Seh1_Nup85_47_544_3F3F_1.pdb_34": [{"rot": [[-0.28548522650656855, -0.5702068472839259, -0.7703001601694112], [0.7406358387335052, -0.6413652028788402, 0.20027289112534194], [-0.6082406923496751, -0.5133369535175812, 0.6054159168070147]], "trans": [614.650770600327, 821.3091314448131, 719.2166379145633]}], "rb_4XMM.renamed.noAb_Seh1_Nup85_47_544_3F3F_1.pdb_35": [{"rot": [[0.3077238033860161, -0.8665475865589173, -0.39293936053615364], [0.6898690212753219, -0.08121580008308626, 0.7193641131593199], [-0.6552761206653842, -0.4924421529944213, 0.5728123005312866]], "trans": [713.2684939923195, 327.66712295184266, 713.799234481791]}], "rb_4XMM.renamed.noAb_Nup120_715-1036_Nup85_553-744_Nup145c_92-99_554-712_remaining_updated_1.pdb_35": [{"rot": [[0.9991855918887081, -0.02755120795136161, -0.029480229009168565], [0.024442173576866136, 0.9945789640079604, -0.1010705916856653], [0.032105032515955215, 0.10026771810145556, 0.9944423822393517]], "trans": [21.976320037699338, 20.51780019912826, -67.87818326123408]}], "rb_4XMM.renamed.noAb_Nup120_715-1036_Nup85_553-744_Nup145c_92-99_554-712_remaining_updated_1.pdb_36": [{"rot": [[0.7262308160123933, 0.68361785494821, -0.07249434646909489], [-0.6850576552059974, 0.7284590578531628, 0.006588632281671183], [0.05731326999599621, 0.04487793920948566, 0.9973470607840961]], "trans": [-287.01301370979525, 133.7872697851734, -43.75969124937893]}], "rb_4XMM.renamed.noAb_Nup120_715-1036_Nup85_553-744_Nup145c_92-99_554-712_remaining_updated_1.pdb_37": [{"rot": [[0.033030016091007974, 0.9990887076222165, -0.02703280116445058], [-0.992924225319601, 0.03588902854201792, 0.11319655650142385], [0.11406358231485442, 0.023102639071742183, 0.9932047962315844]], "trans": [-425.73793423580463, 433.03382604121737, -34.11719360089228]}], "rb_4XMM.renamed.noAb_Nup120_715-1036_Nup85_553-744_Nup145c_92-99_554-712_remaining_updated_1.pdb_38": [{"rot": [[-0.6743300051502226, 0.7340540764352023, 0.08027239265751496], [-0.7188049590727575, -0.6774138355175932, 0.1563007557939301], [0.169110836336739, 0.04769809554064722, 0.9844421855626074]], "trans": [-312.92951373554854, 742.9547337312067, -44.57539649628768]}], "rb_4XMM.renamed.noAb_Nup120_715-1036_Nup85_553-744_Nup145c_92-99_554-712_remaining_updated_1.pdb_39": [{"rot": [[-0.9814677734918852, 0.043774985324820215, 0.18656033945266137], [-0.02328278771452205, -0.9935866589891663, 0.11065018244442977], [0.19020757448934827, 0.10425594342077994, 0.9761924896598627]], "trans": [-14.670602197543019, 881.9940720407257, -68.98373231759535]}], "rb_4XMM.renamed.noAb_Nup120_715-1036_Nup85_553-744_Nup145c_92-99_554-712_remaining_updated_1.pdb_40": [{"rot": [[-0.7084576535969009, -0.6673733412012832, 0.22956606132834212], [0.6861955939108351, -0.7274109438462436, 0.0029875859941444066], [0.16499503009887573, 0.15964379795830347, 0.9732884967038902]], "trans": [294.31643788785976, 768.700752928568, -93.01944888197141]}], "rb_4XMM.renamed.noAb_Nup120_715-1036_Nup85_553-744_Nup145c_92-99_554-712_remaining_updated_1.pdb_41": [{"rot": [[-0.015232823142441843, -0.9827901862727126, 0.18409620002910496], [0.9940077462019985, -0.03481617709713253, -0.1036167665137389], [0.10824306716613616, 0.18141467299638758, 0.9774314067145988]], "trans": [433.0245550606293, 469.44371696161454, -102.57807962121444]}], "rb_4XMM.renamed.noAb_Nup120_715-1036_Nup85_553-744_Nup145c_92-99_554-712_remaining_updated_1.pdb_42": [{"rot": [[0.6921058377211603, -0.7176999146691097, 0.07678764142908737], [0.719832970195458, 0.6784658613103264, -0.14671254225873176], [0.05319778577980571, 0.15681488296838458, 0.9861942445926847]], "trans": [320.1984918357693, 159.53207212869324, -92.03603897039568]}], "rb_4XMM.renamed.noAb_Nup120_2-711_3F7F_updated_1.pdb_42": [{"rot": [[-0.6578859911463499, 0.7469041557882617, 0.09654120736559696], [0.3969088428164552, 0.23491779253730685, 0.8872863130035872], [0.6400385872332117, 0.6220512943605384, -0.4510019889500395]], "trans": [525.195823380382, -43.94489182334382, -313.92832741702864]}], "rb_4XMM.renamed.noAb_Nup120_2-711_3F7F_updated_1.pdb_43": [{"rot": [[-0.17393346675508542, 0.7074236937285971, 0.6850539151730641], [0.7811741511460633, -0.3244511300004284, 0.533383923476018], [0.5995949422099749, 0.6279197255962192, -0.4961881936154705]], "trans": [19.43073801629282, -280.61750696709896, -272.4229560718384]}], "rb_4XMM.renamed.noAb_Nup120_2-711_3F7F_updated_1.pdb_44": [{"rot": [[0.4392643453775469, 0.285201050691574, 0.8518844966099898], [0.7094863012969553, -0.6918183845922461, -0.13422559745495327], [0.5510680748800455, 0.663360899831001, -0.5062373884092357]], "trans": [-505.1586056278234, -89.13302731169884, -231.500361225394]}], "rb_4XMM.renamed.noAb_Nup120_2-711_3F7F_updated_1.pdb_45": [{"rot": [[0.8224875208150998, -0.27241979569245284, 0.49930124475942445], [0.22384104650942113, -0.6519750536199699, -0.7244471791337185], [0.5228857083541255, 0.7076128774775917, -0.4752626133275001]], "trans": [-741.2584599962343, 418.3343558247399, -215.1095710461433]}], "rb_4XMM.renamed.noAb_Nup120_2-711_3F7F_updated_1.pdb_46": [{"rot": [[0.7512385199394813, -0.6387766911577862, -0.16614760002071902], [-0.39126377536390866, -0.22826192215812618, -0.8915206968885554], [0.531557470314467, 0.7347522260777335, -0.4214093283574733]], "trans": [-550.5562880527145, 944.5032109059683, -232.82853663004624]}], "rb_4XMM.renamed.noAb_Nup120_2-711_3F7F_updated_1.pdb_47": [{"rot": [[0.26725601207454136, -0.5992526007086081, -0.7546327216295214], [-0.7754910866916493, 0.3311038830277833, -0.5375721282820806], [0.5720033203328581, 0.7288803325566483, -0.37622554716591533]], "trans": [-44.7661976831389, 1181.1365204397257, -274.25323319945124]}], "rb_4XMM.renamed.noAb_Nup120_2-711_3F7F_updated_1.pdb_48": [{"rot": [[-0.3459362255190774, -0.1770012938197224, -0.921411238188332], [-0.7037551108929209, 0.6984379862020003, 0.13005046452121588], [0.6205295091820401, 0.6934370349326864, -0.3661805658661552]], "trans": [479.8147578729853, 989.611271966652, -315.0924845145929]}], "rb_4XMM.renamed.noAb_Nup120_2-711_3F7F_updated_1.pdb_49": [{"rot": [[-0.7291215340484835, 0.38061646018993445, -0.5687819431199159], [-0.21807979406787711, 0.6585508903142133, 0.7202443531786045], [0.6487087112148993, 0.6491855167044611, -0.3971588761378292]], "trans": [715.8815715986709, 482.12577334345724, -331.3980764204307]}]}
