{"rb_ScNup133N_56-480_renamed_1.pdb_0": [{"rot": [[0.5907417427317405, -0.018197662703443807, 0.8066554645363765], [0.5697709591294743, 0.7172828242245675, -0.4010815430870719], [-0.5713013631411573, 0.6965444674567155, 0.4340974053464217]], "trans": [26.690758964029328, -176.9294094129524, 401.0060995974243]}], "rb_ScNup133N_56-480_renamed_1.pdb_1": [{"rot": [[0.8091902044543634, 0.5065458737500377, 0.2976952985888698], [-0.04635497018636814, 0.5601359913084515, -0.8271027070321552], [-0.5857153145975665, 0.655483751917398, 0.47673747620484414]], "trans": [-413.5996071249514, 17.857146586293908, 435.1934777896242]}], "rb_ScNup133N_56-480_renamed_1.pdb_2": [{"rot": [[0.5294101489085392, 0.7669599967241734, -0.36262550607685273], [-0.6368023373440175, 0.07683212752791971, -0.7671894207643435], [-0.5605423065084684, 0.6370786353382043, 0.5290776266388297]], "trans": [-587.741593039014, 467.86060846715156, 446.9254313192857]}], "rb_ScNup133N_56-480_renamed_1.pdb_3": [{"rot": [[-0.08469932246820444, 0.6104904411415806, -0.7874817115642648], [-0.8556787493546458, -0.44950254912991267, -0.2564397321566577], [-0.5105290419518708, 0.6521110945233698, 0.5604562585280285]], "trans": [-393.7184546884359, 909.4627200061811, 429.3532212893752]}], "rb_ScNup133N_56-480_renamed_1.pdb_4": [{"rot": [[-0.6733842223998247, 0.12879927888327627, -0.7279865622263434], [-0.574763317905018, -0.7105337637599466, 0.4059419896339105], [-0.4649739964920586, 0.6917749029245501, 0.5524913268730385]], "trans": [54.81023109402713, 1083.9668544692258, 392.79490100476175]}], "rb_ScNup133N_56-480_renamed_1.pdb_5": [{"rot": [[-0.8917846360492898, -0.3959320153544371, -0.21899315542684877], [0.041379736354090424, -0.5533457502917825, 0.8319231924001691], [-0.450563958085531, 0.7328344423206352, 0.5098488009428891]], "trans": [495.09194926180277, 889.1461461747176, 358.69085486167467]}], "rb_ScNup133N_56-480_renamed_1.pdb_6": [{"rot": [[-0.6119585216549102, -0.6563084506958589, 0.44132299432403954], [0.631805124620629, -0.07002146336606008, 0.7719580812266849], [-0.4757405304123733, 0.7512364555938928, 0.45750927368707706]], "trans": [669.2053746792456, 439.1294298087462, 347.0437188589716]}], "rb_ScNup133N_56-480_renamed_1.pdb_7": [{"rot": [[0.0021680374228728594, -0.4997978400102452, 0.8661393760445396], [0.8506333294500847, 0.4563009148636862, 0.2611750637469526], [-0.5257549224138512, 0.7362007839004618, 0.4261339781593917]], "trans": [475.1543210767833, -2.457040150622447, 364.70055439284]}], "rb_ScNup133C_490_881_renamed_relative_3CQC_1.pdb_7": [{"rot": [[0.851966592008705, 0.3539824295189218, -0.3858100124322289], [-0.27857190900545603, 0.9303463592183516, 0.2384393914650349], [0.4433402955001169, -0.09566656407043049, 0.8912335781964398]], "trans": [115.0399023489104, 100.95323874205047, -191.02252440101972]}], "rb_ScNup133C_490_881_renamed_relative_3CQC_1.pdb_8": [{"rot": [[0.41636900699905705, 0.9049463334975434, -0.08780081719422922], [-0.7718774287244199, 0.4028634119306162, 0.4918397161204074], [0.4804602845567982, -0.13701534518796749, 0.8662474878154769]], "trans": [-166.76462090284542, 117.98229360414945, -168.6025750521908]}], "rb_ScNup133C_490_881_renamed_relative_3CQC_1.pdb_9": [{"rot": [[-0.23948588195900145, 0.9228603565470426, 0.30162107793751114], [-0.8115621503083248, -0.360800819877427, 0.4595537450208691], [0.5329290651946549, -0.13472761665539634, 0.835365237953501]], "trans": [-354.09916120407024, 329.9205603356786, -154.66079365907154]}], "rb_ScNup133C_490_881_renamed_relative_3CQC_1.pdb_10": [{"rot": [[-0.7313890333599052, 0.3972302113772983, 0.5543268359460974], [-0.37437820429874547, -0.9132810615469578, 0.16049505526872226], [0.5700096859062235, -0.09014356210406983, 0.8166780860193811]], "trans": [-337.21859009002515, 612.6117307509268, -157.34046743968213]}], "rb_ScNup133C_490_881_renamed_relative_3CQC_1.pdb_11": [{"rot": [[-0.7711766452785703, -0.3640225515862066, 0.522277860638912], [0.28356588943826816, -0.9309265975365575, -0.23014355595170005], [0.5699797962419151, -0.029381149325324027, 0.8211332291049663]], "trans": [-126.00987079610633, 800.4514480703178, -175.0478008087543]}], "rb_ScNup133C_490_881_renamed_relative_3CQC_1.pdb_12": [{"rot": [[-0.33554057364771495, -0.9149453301354932, 0.22424889364145587], [0.7768372037798518, -0.4034004240614616, -0.4835204821830563], [0.5328569059885259, 0.011964143525031529, 0.8461207815732037]], "trans": [155.79986421163022, 783.4006741433179, -197.38558330409842]}], "rb_ScNup133C_490_881_renamed_relative_3CQC_1.pdb_13": [{"rot": [[0.32031742830269616, -0.9327997925852118, -0.1651704939707264], [0.8164704476591733, 0.36026518833757293, -0.45120394742435815], [0.48038812768924366, 0.009671660926629522, 0.8770026828637094]], "trans": [343.1244119876526, 571.4481095474557, -211.2440220760219]}], "rb_ScNup133C_490_881_renamed_relative_3CQC_1.pdb_14": [{"rot": [[0.8121864954322845, -0.407126543084397, -0.41785293412105334], [0.3792479079829879, 0.9127041562320571, -0.1521254334003911], [0.443310411481562, -0.03491562849038169, 0.8956878797656976]], "trans": [326.22832450790713, 288.7586719493273, -208.48064338675914]}], "rb_ScNup84_506-726_ScNup133C_882_1155_renamed_relative_3CQC_new_1.pdb_14": [{"rot": [[0.9793473137341795, 0.11557729206186608, 0.1658937269498109], [-0.14415982857809145, 0.9744677048849713, 0.17213551626714824], [-0.1417631225177676, -0.19249566669374268, 0.9710039317109638]], "trans": [-70.93777348418178, 44.83707601808402, 147.71802770650064]}], "rb_ScNup84_506-726_ScNup133C_882_1155_renamed_relative_3CQC_new_1.pdb_15": [{"rot": [[0.589866759237831, 0.7651217894964623, 0.25815858223966826], [-0.8003094586297955, 0.596503669404082, 0.06073008163303363], [-0.10752663285878436, -0.2424294116339903, 0.9641918914826317]], "trans": [-331.47675636729934, 228.88408202395485, 167.63036061187702]}], "rb_ScNup84_506-726_ScNup133C_882_1155_renamed_relative_3CQC_new_1.pdb_16": [{"rot": [[-0.14815424428476281, 0.9581633057402764, 0.2448946700793669], [-0.9878089299571754, -0.1314062938740938, -0.08346199031380093], [-0.04778951555808578, -0.2542743901047576, 0.9659506699307074]], "trans": [-386.0389086960985, 543.789093557573, 170.4883787171011]}], "rb_ScNup84_506-726_ScNup133C_882_1155_renamed_relative_3CQC_new_1.pdb_17": [{"rot": [[-0.802372586873917, 0.581615398692303, 0.13387217723357284], [-0.5968184085141061, -0.7828422649307183, -0.1759709507186853], [0.002453383776224949, -0.22109164670367276, 0.9752499498415317]], "trans": [-202.65903897075688, 805.0764314970615, 154.64181961926414]}], "rb_ScNup84_506-726_ScNup133C_882_1155_renamed_relative_3CQC_new_1.pdb_18": [{"rot": [[-0.989537938962274, -0.1439348583732654, -0.00987035457149861], [0.14361434527170994, -0.9761838666736288, -0.16260374620009646], [0.013769066289228003, -0.16232010039177322, 0.9866420819234967]], "trans": [111.23825280672054, 859.6804059211827, 129.3978259755488]}], "rb_ScNup84_506-726_ScNup133C_882_1155_renamed_relative_3CQC_new_1.pdb_19": [{"rot": [[-0.600006198265011, -0.793449894608794, -0.10212652343473819], [0.7997333841307128, -0.5981688626852446, -0.05119107364260765], [-0.020471354386317225, -0.11238895167737271, 0.9934533945739252]], "trans": [371.7694205005377, 675.6133554914267, 109.56869010394036]}], "rb_ScNup84_506-726_ScNup133C_882_1155_renamed_relative_3CQC_new_1.pdb_20": [{"rot": [[0.13802944911987236, -0.9864346436254999, -0.08885136482407924], [0.9871749238208515, 0.1297562276864832, 0.09299995245092124], [-0.08020935702874477, -0.10054857150656388, 0.9916937248026878]], "trans": [426.31354592545574, 360.70447049013455, 106.79460429002927]}], "rb_ScNup84_506-726_ScNup133C_882_1155_renamed_relative_3CQC_new_1.pdb_21": [{"rot": [[0.7922173146516827, -0.6098359183644354, 0.022178346166617853], [0.596133067465933, 0.7811626227580215, 0.18550019590143307], [-0.1304495773842834, -0.1337352215327669, 0.9823939119731186]], "trans": [242.91982467465306, 99.43193276152203, 122.72467201940151]}], "rb_4XMM.renamed.noAb_Nup145c_149-550_Sec13_Nup84_7-436_3IKO_updated_1.pdb_21": [{"rot": [[0.9931129467251759, -0.006849175658475988, 0.11696052256910146], [0.009118057903062426, 0.999780279896037, -0.018874664263992074], [-0.11680554809988415, 0.019811126262819046, 0.9929571910255167]], "trans": [-29.86543068759545, -0.013977498820452183, 55.8073244651892]}], "rb_4XMM.renamed.noAb_Nup145c_149-550_Sec13_Nup84_7-436_3IKO_updated_1.pdb_22": [{"rot": [[0.7081785042178141, 0.7003707217472367, 0.08924157261654629], [-0.7001906758856474, 0.7129126316202756, -0.038582341544460726], [-0.0906433867781863, -0.03516293212330061, 0.9952624501295486]], "trans": [-335.7953590936735, 162.9296269008973, 79.44027480513071]}], "rb_4XMM.renamed.noAb_Nup145c_149-550_Sec13_Nup84_7-436_3IKO_updated_1.pdb_23": [{"rot": [[0.006638393363436024, 0.9984231201100896, 0.055742308556296076], [-0.9994243409859681, 0.008479051595935483, -0.032849540769941794], [-0.03327038290003429, -0.055492151820473616, 0.9979046561210234]], "trans": [-437.34118667437065, 495.1166307106674, 85.95909769954108]}], "rb_4XMM.renamed.noAb_Nup145c_149-550_Sec13_Nup84_7-436_3IKO_updated_1.pdb_24": [{"rot": [[-0.7005352971839003, 0.7127047219303069, 0.03608707161446872], [-0.7132876371874546, -0.7008533364852465, -0.005034617466639408], [0.02170354890339573, -0.029267389288098355, 0.999335967475031]], "trans": [-275.01402249748196, 801.9473200571529, 71.5689796826585]}], "rb_4XMM.renamed.noAb_Nup145c_149-550_Sec13_Nup84_7-436_3IKO_updated_1.pdb_25": [{"rot": [[-0.9990702483525284, 0.010593393491019518, 0.04179017673042748], [-0.009403480102799138, -0.999547618098642, 0.028568054103953296], [0.04207390424921602, 0.02814851981320807, 0.9987179018189031]], "trans": [56.09450518841993, 903.6760676036417, 44.72385969062333]}], "rb_4XMM.renamed.noAb_Nup145c_149-550_Sec13_Nup84_7-436_3IKO_updated_1.pdb_26": [{"rot": [[-0.7140804764050552, -0.6966041492383068, 0.06951066451346158], [0.6998828662811918, -0.7126244714857537, 0.04827355513811399], [0.0159074417538347, 0.08312052636758199, 0.9964125307287255]], "trans": [362.0182655739573, 740.70885545724, 21.173992432148225]}], "rb_4XMM.renamed.noAb_Nup145c_149-550_Sec13_Nup84_7-436_3IKO_updated_1.pdb_27": [{"rot": [[-0.012517008104094729, -0.9946016142414806, 0.10300948236139193], [0.9990614593152927, -0.008167521548778645, 0.04253812528246676], [-0.0414671559058326, 0.10344525383017883, 0.9937703730948564]], "trans": [463.54471963952494, 408.51429112618075, 14.739227101562676]}], "rb_4XMM.renamed.noAb_Nup145c_149-550_Sec13_Nup84_7-436_3IKO_updated_1.pdb_28": [{"rot": [[0.6946343847747477, -0.7088278847553859, 0.12266255044556922], [0.7128692607819653, 0.7011424175962094, 0.014721660216010714], [-0.09643904043892586, 0.07721619027475204, 0.9923392421136389]], "trans": [301.20015240977443, 101.69675113413484, 29.21314486090165]}], "rb_4XMM.renamed.noAb_Seh1_Nup85_47_544_3F3F_1.pdb_28": [{"rot": [[0.6767599829510155, -0.6989145921172464, 0.2313316199782019], [0.27542152235389333, 0.5317639040681436, 0.8008558767684015], [-0.6827436638302988, -0.4782735025650118, 0.5523726516074007]], "trans": [454.5709626896498, -108.9185420874611, 712.2776289701385]}], "rb_4XMM.renamed.noAb_Seh1_Nup85_47_544_3F3F_1.pdb_29": [{"rot": [[0.6604557401620457, -0.13005687366142032, 0.7395156691378734], [-0.3215309414524061, 0.8410318007292006, 0.43506707971408587], [-0.6785396591030982, -0.5251197194694089, 0.5136469714197054]], "trans": [-56.15686226626951, -217.67792739857242, 753.5562031258472]}], "rb_4XMM.renamed.noAb_Seh1_Nup85_47_544_3F3F_1.pdb_30": [{"rot": [[0.2281347813737914, 0.4903348271545915, 0.8411458130471933], [-0.7319031442866778, 0.6561063947216944, -0.18396245863922617], [-0.6420843471934364, -0.5736690300901657, 0.5085582906654867]], "trans": [-494.09148172251156, 67.73847299109096, 787.114856735709]}], "rb_4XMM.renamed.noAb_Seh1_Nup85_47_544_3F3F_1.pdb_31": [{"rot": [[-0.3669431800300693, 0.7988263044697882, 0.4766856804190531], [-0.7152932634805459, 0.08531959633304737, -0.6935965064076739], [-0.5947337638378913, -0.5954805637203631, 0.5400876302809648]], "trans": [-602.682707384212, 580.1298241571984, 793.3184622392375]}], "rb_4XMM.renamed.noAb_Seh1_Nup85_47_544_3F3F_1.pdb_32": [{"rot": [[-0.7761730836598991, 0.6146989011430972, -0.14035884416511257], [-0.2814316014095616, -0.536953639846814, -0.7952842525684272], [-0.5642265484093665, -0.5777768164168073, 0.5897646585557039]], "trans": [-318.3143547832007, 1019.3301646637722, 768.5568649628145]}], "rb_4XMM.renamed.noAb_Seh1_Nup85_47_544_3F3F_1.pdb_33": [{"rot": [[-0.7598222818277021, 0.04581704623968119, -0.6485143778761028], [0.3155195628356571, -0.8461768780110965, -0.4294555816232957], [-0.568434257857629, -0.5309288929727579, 0.6284878718802629]], "trans": [192.42849887234144, 1128.0498591124392, 727.3597626306768]}], "rb_4XMM.renamed.noAb_Seh1_Nup85_47_544_3F3F_1.pdb_34": [{"rot": [[-0.32746930479308584, -0.5745602484038846, -0.7500962440729945], [0.7258578202288454, -0.6612027851955061, 0.18958191280380182], [-0.6048919566591838, -0.48238096749746, 0.6335726658918077]], "trans": [630.3474017760255, 842.5994943426588, 693.8850035693199]}], "rb_4XMM.renamed.noAb_Seh1_Nup85_47_544_3F3F_1.pdb_35": [{"rot": [[0.2676073773200956, -0.8830072162655447, -0.38559635323333485], [0.7092012338196443, -0.09039179310612383, 0.6991873380488002], [-0.6522422108025265, -0.46057309926009193, 0.6020402965627791]], "trans": [738.9051992896061, 330.200035681891, 687.7665785321761]}], "rb_4XMM.renamed.noAb_Nup120_715-1036_Nup85_553-744_Nup145c_92-99_554-712_remaining_updated_1.pdb_35": [{"rot": [[0.9807949650573237, -0.07881492943450366, 0.1784080811410719], [0.07631274486843567, 0.9968657993850661, 0.020855286788248956], [-0.17949262238000238, -0.006839949898155302, 0.983735540476475]], "trans": [-3.43130770150799, -45.16376151734653, 105.95590478221573]}], "rb_4XMM.renamed.noAb_Nup120_715-1036_Nup85_553-744_Nup145c_92-99_554-712_remaining_updated_1.pdb_36": [{"rot": [[0.7455780661038663, 0.6467696307724187, 0.1606312300125017], [-0.6476067765225315, 0.7600355890371716, -0.05432647972229446], [-0.1572221687514707, -0.06352124138766628, 0.9855182603816407]], "trans": [-347.89384064052433, 115.26292155124872, 132.6723883095436]}], "rb_4XMM.renamed.noAb_Nup120_715-1036_Nup85_553-744_Nup145c_92-99_554-712_remaining_updated_1.pdb_37": [{"rot": [[0.06890742182361986, 0.993083635516802, 0.09506134906656166], [-0.9924350161288287, 0.0779423868204212, -0.09485632871932664], [-0.10160957621698269, -0.08780590643839867, 0.990941782757967]], "trans": [-478.4704957720481, 473.0042082141533, 141.38081426678337]}], "rb_4XMM.renamed.noAb_Nup120_715-1036_Nup85_553-744_Nup145c_92-99_554-712_remaining_updated_1.pdb_38": [{"rot": [[-0.6528137633079627, 0.7572514577919195, 0.020110199096704858], [-0.7561667291109081, -0.6498339918924615, -0.07699130318951525], [-0.04523348562079617, -0.0654676458498562, 0.9968289317257361]], "trans": [-318.66571404993203, 818.4903253872757, 127.00366884056481]}], "rb_4XMM.renamed.noAb_Nup120_715-1036_Nup85_553-744_Nup145c_92-99_554-712_remaining_updated_1.pdb_39": [{"rot": [[-0.9967910427720904, 0.07742691254271353, -0.020314779433512103], [-0.07721120938671519, -0.99695188280453, -0.011196986985083838], [-0.021119805737034616, -0.0095925276442814, 0.9997309324108283]], "trans": [37.906523484850425, 949.3307510715275, 97.98729144050361]}], "rb_4XMM.renamed.noAb_Nup120_715-1036_Nup85_553-744_Nup145c_92-99_554-712_remaining_updated_1.pdb_40": [{"rot": [[-0.7615176761790369, -0.6481391960977428, -0.002532064108890824], [0.6466898263164899, -0.760064731057233, 0.0639833817615532], [-0.04339467024449184, 0.047087016094333335, 0.9979477518937072]], "trans": [382.36308575513755, 788.877435846252, 71.3538899796635]}], "rb_4XMM.renamed.noAb_Nup120_715-1036_Nup85_553-744_Nup145c_92-99_554-712_remaining_updated_1.pdb_41": [{"rot": [[-0.08482011903348186, -0.9944000112057388, 0.06304097969711943], [0.9914649442791662, -0.07794437025297685, 0.1045080829954166], [-0.09900914943910986, 0.07136730946234081, 0.9925240024641473]], "trans": [512.9183750847316, 431.12631095733957, 62.72969146595182]}], "rb_4XMM.renamed.noAb_Nup120_715-1036_Nup85_553-744_Nup145c_92-99_554-712_remaining_updated_1.pdb_42": [{"rot": [[0.6368826582531529, -0.7585110650135174, 0.1379907383430402], [0.7551400190696149, 0.6498134743520182, 0.08663717533542176], [-0.15538349724452477, 0.04902461425262572, 0.9866369930128519]], "trans": [353.0931754940402, 85.65314645075534, 77.19087789108642]}], "rb_4XMM.renamed.noAb_Nup120_2-711_3F7F_updated_1.pdb_42": [{"rot": [[0.9052520212594637, 0.4111069415093291, 0.10728401860715474], [-0.41930581423198804, 0.8236860106728081, 0.3817381170032193], [0.06856684444324927, -0.3905540147850987, 0.9180229568906955]], "trans": [-218.36798582279437, 245.2451444812059, 214.66811848015985]}], "rb_4XMM.renamed.noAb_Nup120_2-711_3F7F_updated_1.pdb_43": [{"rot": [[0.34752043884049777, 0.8644202246066439, 0.3633279783874431], [-0.9305306276333867, 0.27019933783977157, 0.24719439489430917], [0.11550885517709227, -0.4239929163582188, 0.8982692866027031]], "trans": [-293.3870786524582, 478.35235454745003, 219.5546663429264]}], "rb_4XMM.renamed.noAb_Nup120_2-711_3F7F_updated_1.pdb_44": [{"rot": [[-0.40735911772635847, 0.7949296325498405, 0.4496058590581056], [-0.896244706523311, -0.4425758894305043, -0.029529783672435694], [0.1755106128818016, -0.41498609782614687, 0.8927387990766844]], "trans": [-182.13649455719604, 696.3346349062218, 209.6679574910486]}], "rb_4XMM.renamed.noAb_Nup120_2-711_3F7F_updated_1.pdb_45": [{"rot": [[-0.9171675604024934, 0.2433437339831428, 0.31557486160415066], [-0.3365332269195316, -0.8970858928723872, -0.28632549308169847], [0.21342224186917463, -0.368809880481112, 0.9046713318852555]], "trans": [50.213519006015474, 771.4950089683792, 190.8237702737382]}], "rb_4XMM.renamed.noAb_Nup120_2-711_3F7F_updated_1.pdb_46": [{"rot": [[-0.8832519151691854, -0.46721067435190844, 0.03975223417116931], [0.4207169344941958, -0.8270723038785738, -0.37275818594203036], [0.2070345753244398, -0.31251494352850007, 0.9270766390604424]], "trans": [267.5509612959196, 659.8035866422152, 174.08530016712143]}], "rb_4XMM.renamed.noAb_Nup120_2-711_3F7F_updated_1.pdb_47": [{"rot": [[-0.3254804452147044, -0.9204808012354825, -0.21628123899155122], [0.9318979559344333, -0.2735500700732449, -0.23819437207487965], [0.16008959837560094, -0.27907965479376223, 0.9468293757441895]], "trans": [342.55840750041824, 426.6908947706311, 169.28218387326984]}], "rb_4XMM.renamed.noAb_Nup120_2-711_3F7F_updated_1.pdb_48": [{"rot": [[0.42939645778388824, -0.8509346152303927, -0.3025375392333177], [0.8975527873890878, 0.43921967931694095, 0.038536569006601115], [0.10008834044346276, -0.288090877855279, 0.9523581102735705]], "trans": [231.2973513671883, 208.71775193613587, 179.25215954224777]}], "rb_4XMM.renamed.noAb_Nup120_2-711_3F7F_updated_1.pdb_49": [{"rot": [[0.9391612602856849, -0.2993132526996433, -0.16848650965867001], [0.3378013128588992, 0.8936863750457469, 0.29532175011061146], [0.06218038444240874, -0.33426971118536863, 0.940424032006117]], "trans": [-1.0519983007687301, 133.5760154276703, 198.17867975169767]}]}
