{"rb_ScNup133N_56-480_renamed_1.pdb_0": [{"rot": [[0.592747458139684, 0.06448334128984556, 0.8028028086429722], [0.5789419465280283, 0.6588335066414618, -0.4803796759614796], [-0.5598898761535922, 0.7495200525820613, 0.35318977527400613]], "trans": [9.536128997588094, -142.8452807450713, 407.2302186448831]}], "rb_ScNup133N_56-480_renamed_1.pdb_1": [{"rot": [[0.81730318539517, 0.5250030233111991, 0.2374601622525609], [-0.04062643039132602, 0.4635872497358089, -0.885119401570235], [-0.5747738653562553, 0.7137637476059517, 0.4002203346994502]], "trans": [-401.60924269915915, 54.40649636475584, 439.0825658523311]}], "rb_ScNup133N_56-480_renamed_1.pdb_2": [{"rot": [[0.539416644918441, 0.7131313208089044, -0.44774256271465085], [-0.6378392057463284, -0.001088527014969115, -0.7701687884625249], [-0.5497188652373397, 0.7010296244740931, 0.45427594566726326]], "trans": [-553.3973233267815, 485.4782799963234, 449.1248862687621]}], "rb_ScNup133N_56-480_renamed_1.pdb_3": [{"rot": [[-0.07812230967901423, 0.5186600244998114, -0.8514039486144481], [-0.8628407150338862, -0.46298020166181375, -0.202867526600491], [-0.49940244814200796, 0.7187775120682643, 0.48369006908838624]], "trans": [-356.9066017024173, 897.8422579812897, 431.4982518986998]}], "rb_ScNup133N_56-480_renamed_1.pdb_4": [{"rot": [[-0.6735506514947465, 0.055513161807064726, -0.7370534639611891], [-0.5838219015920671, -0.6515051185239915, 0.48445130586929486], [-0.45330068066618645, 0.7566104475905847, 0.47123149672358455]], "trans": [72.75780026646976, 1049.9299144791514, 396.5525985928578]}], "rb_ScNup133N_56-480_renamed_1.pdb_5": [{"rot": [[-0.8980580623534803, -0.40499130473316075, -0.17167923500658638], [0.03576407949964161, -0.4562227231023108, 0.8891466456904945], [-0.43842062823213274, 0.7923653639676879, 0.4241986359300295]], "trans": [483.8943309777016, 852.6462726726836, 364.7835876926964]}], "rb_ScNup133N_56-480_renamed_1.pdb_6": [{"rot": [[-0.6201249354196767, -0.593083365508623, 0.5135145431511255], [0.6329550243553836, 0.00846780388343249, 0.7741422565915579], [-0.46347923536445473, 0.8050965270415462, 0.3701439997239228]], "trans": [635.6553270548197, 421.5629884266443, 354.8259586277704]}], "rb_ScNup133N_56-480_renamed_1.pdb_7": [{"rot": [[-0.0025684153082475847, -0.39857603921899865, 0.9171316940348868], [0.8579080570863428, 0.47034419958855905, 0.20680933126852835], [-0.5137968166786775, 0.7873458419740937, 0.3407335561651721]], "trans": [439.1389705050674, 9.214844721851364, 372.53703580806996]}], "rb_ScNup133C_490_881_renamed_relative_3CQC_1.pdb_7": [{"rot": [[0.7933907532911852, 0.3473973609740372, -0.49984616251434844], [-0.2579102544285742, 0.9356513543059384, 0.24091252322378748], [0.5513741136947163, -0.0622223173285789, 0.8319344745673352]], "trans": [182.80829165993714, 86.75722720695506, -241.38258083314906]}], "rb_ScNup133C_490_881_renamed_relative_3CQC_1.pdb_8": [{"rot": [[0.39154410833346287, 0.9046790281401765, -0.16807458842043865], [-0.7097627840459203, 0.4131818516938496, 0.5705414514425982], [0.5856022554710137, -0.10409905606770897, 0.8038864253817665]], "trans": [-129.7243719601297, 57.28288560693767, -216.28714744423758]}], "rb_ScNup133C_490_881_renamed_relative_3CQC_1.pdb_9": [{"rot": [[-0.21121656124282773, 0.930595968360815, 0.29896271996245943], [-0.7440891150324201, -0.35142031551720676, 0.5681858417208728], [0.6338130269622302, -0.10244464608940729, 0.7666721211447507]], "trans": [-371.57490340034053, 258.1487977799527, -197.94623175893003]}], "rb_ScNup133C_490_881_renamed_relative_3CQC_1.pdb_10": [{"rot": [[-0.6617855562744537, 0.4099656726258455, 0.6276687221575958], [-0.34078039869491505, -0.9102404168844359, 0.23522564344769556], [0.6677638784569333, -0.05822826408614387, 0.7420922260000219]], "trans": [-401.06193791126316, 571.6849969608659, -197.0801958914039]}], "rb_ScNup133C_490_881_renamed_relative_3CQC_1.pdb_11": [{"rot": [[-0.6962132064490592, -0.3522192909360166, 0.6254828073244291], [0.26389943228318374, -0.9359137576634861, -0.23328636448971074], [0.66756592244252, 0.0026475099135834096, 0.7445459890998838]], "trans": [-200.90964156994863, 814.2176736042691, -214.17237096277557]}], "rb_ScNup133C_490_881_renamed_relative_3CQC_1.pdb_12": [{"rot": [[-0.29433130886449266, -0.9094602238622465, 0.2936855151936272], [0.7157204069292893, -0.4134005328318847, -0.5628892418223017], [0.633335124343413, 0.04452078915232088, 0.7725959614223772]], "trans": [111.63186161874631, 843.6678828168955, -239.1859149153803]}], "rb_ScNup133C_490_881_renamed_relative_3CQC_1.pdb_13": [{"rot": [[0.30843205433945053, -0.9353175305475045, -0.17335162216276687], [0.7499994276199706, 0.3512036430675458, -0.560496975608075], [0.5851243683403224, 0.04286161623877893, 0.8098100736763756]], "trans": [353.47326559095313, 642.7833935892183, -257.44353610962554]}], "rb_ScNup133C_490_881_renamed_relative_3CQC_1.pdb_14": [{"rot": [[0.7589696060344794, -0.4146436361475426, -0.502031664457741], [0.346655360700435, 0.9099828628740391, -0.2275109891262786], [0.5511761950715186, -0.001358041939951496, 0.8343877741845042]], "trans": [382.942379275221, 329.24528897728874, -258.22565771627757]}], "rb_ScNup84_506-726_ScNup133C_882_1155_renamed_relative_3CQC_new_1.pdb_14": [{"rot": [[0.9890216080797614, 0.12881386733070713, 0.0724102640143725], [-0.14244792504594864, 0.9614227195913476, 0.2353188111980894], [-0.03930454682893508, -0.24305008092342867, 0.9692171122930548]], "trans": [-54.51639500683768, 28.448437027859256, 103.87127127250386]}], "rb_ScNup84_506-726_ScNup133C_882_1155_renamed_relative_3CQC_new_1.pdb_15": [{"rot": [[0.5999576524695573, 0.7643097633558202, 0.23639247213519507], [-0.8000155390388064, 0.5750390109774974, 0.1711878300302644], [-0.005094363519320438, -0.29182309965626896, 0.9564587424282041]], "trans": [-332.2555791251084, 203.19694762291442, 125.19980829158371]}], "rb_ScNup84_506-726_ScNup133C_882_1155_renamed_relative_3CQC_new_1.pdb_16": [{"rot": [[-0.13876819064181856, 0.9414787997873854, 0.3071824520002745], [-0.988812785663077, -0.1488566978695971, 0.009537211782584598], [0.05470524815063274, -0.30242247444636866, 0.9516028492887744]], "trans": [-405.5390228709468, 523.7306475889563, 129.52264301856502]}], "rb_ScNup84_506-726_ScNup133C_882_1155_renamed_relative_3CQC_new_1.pdb_17": [{"rot": [[-0.7943999063253344, 0.5565328570003781, 0.24331043526593127], [-0.5982395758050857, -0.7861960937778135, -0.15493583210174183], [0.10506283249014138, -0.2686389420905029, 0.9574940835439374]], "trans": [-231.4343382622202, 802.276492755888, 114.33140281959913]}], "rb_ScNup84_506-726_ScNup133C_882_1155_renamed_relative_3CQC_new_1.pdb_18": [{"rot": [[-0.9828591911263956, -0.1650213039827791, 0.08219354993057951], [0.14290079711809733, -0.9636167721386362, -0.22588067344535778], [0.11647820655118207, -0.21026337219054392, 0.9706812771006151]], "trans": [88.06740892048981, 875.658516323683, 88.54933530091347]}], "rb_ScNup84_506-726_ScNup133C_882_1155_renamed_relative_3CQC_new_1.pdb_19": [{"rot": [[-0.5937439387326251, -0.800487081744483, -0.08178366082824837], [0.8004378525688131, -0.5771831979367307, -0.1617368238669101], [0.08226408325202297, -0.16149299668942332, 0.9834391860338767]], "trans": [365.79950354218073, 700.8886109949743, 67.30394404329269]}], "rb_ScNup84_506-726_ScNup133C_882_1155_renamed_relative_3CQC_new_1.pdb_20": [{"rot": [[0.1449966494786477, -0.9775996636044613, -0.1525610348693594], [0.9891771121915507, 0.1467263923470306, -8.065487773251112e-05], [0.022463578440450008, -0.1508981892179921, 0.9882940474041015]], "trans": [439.06448189019534, 380.3495683621643, 63.06508370665429]}], "rb_ScNup84_506-726_ScNup133C_882_1155_renamed_relative_3CQC_new_1.pdb_21": [{"rot": [[0.8005979206909655, -0.5926040018217344, -0.08867618851849683], [0.5985524564757498, 0.7840355535991974, 0.16438737037633203], [-0.027891328977799546, -0.1846855373798, 0.9824018149670666]], "trans": [264.94459995133604, 101.81779599523372, 78.33994334531843]}], "rb_4XMM.renamed.noAb_Nup145c_149-550_Sec13_Nup84_7-436_3IKO_updated_1.pdb_21": [{"rot": [[0.9990879632775531, -0.037785878640707954, -0.019886402622429585], [0.037720998337966855, 0.9992817249546269, -0.0036277342919831183], [0.020009195843381254, 0.002874290704820742, 0.9997956643908026]], "trans": [21.894208482053727, -18.178987694506702, -10.981584691215915]}], "rb_4XMM.renamed.noAb_Nup145c_149-550_Sec13_Nup84_7-436_3IKO_updated_1.pdb_22": [{"rot": [[0.7352839141446104, 0.6777520924036055, 0.0031091546626599506], [-0.6762961050637856, 0.7333876277139555, 0.06903742312434448], [0.04451004241443356, -0.05286481588572347, 0.9976092257821367]], "trans": [-313.2272710149707, 109.759841911182, 15.148427784660385]}], "rb_4XMM.renamed.noAb_Nup145c_149-550_Sec13_Nup84_7-436_3IKO_updated_1.pdb_23": [{"rot": [[0.04537183267723638, 0.9964725347241775, 0.0705966312219066], [-0.9938466863168561, 0.03787809813018744, 0.10408656867744559], [0.10104534079567234, -0.0748848263830057, 0.9920595253718769]], "trans": [-460.09685505639413, 437.91195510322973, 25.2994663635414]}], "rb_4XMM.renamed.noAb_Nup145c_149-550_Sec13_Nup84_7-436_3IKO_updated_1.pdb_24": [{"rot": [[-0.6664880560406328, 0.7316645192513804, 0.14304091171348418], [-0.7289051374600004, -0.6798075746821396, 0.08098741870936127], [0.1564959160476608, -0.05028610815557, 0.9863976559111289]], "trans": [-332.67435711035205, 774.041333824119, 13.54891441746122]}], "rb_4XMM.renamed.noAb_Nup145c_149-550_Sec13_Nup84_7-436_3IKO_updated_1.pdb_25": [{"rot": [[-0.9832781919736382, 0.038456315242197094, 0.1780031151610716], [-0.03667795348940333, -0.9992390042215772, 0.013271780969409865], [0.17837803933467294, 0.006521062817024783, 0.9839404203623582]], "trans": [-5.603759791593518, 921.2387653900914, -13.195584139597202]}], "rb_4XMM.renamed.noAb_Nup145c_149-550_Sec13_Nup84_7-436_3IKO_updated_1.pdb_26": [{"rot": [[-0.7194184467513091, -0.6770609371591163, 0.15500188981800356], [0.6773184208216649, -0.7332887550807667, -0.05939156916385292], [0.1538728542972388, 0.062258244797921886, 0.9861273019570558]], "trans": [329.51428263439465, 793.2740357011952, -39.242720054293045]}], "rb_4XMM.renamed.noAb_Nup145c_149-550_Sec13_Nup84_7-436_3IKO_updated_1.pdb_27": [{"rot": [[-0.029481579547293524, -0.995727142702612, 0.08751167780752668], [0.9948148420529035, -0.03775423310490805, -0.09443541662912493], [0.09733584385339629, 0.0842738106884459, 0.9916771946220175]], "trans": [476.36480908933436, 465.1108045070543, -49.309708941994586]}], "rb_4XMM.renamed.noAb_Nup145c_149-550_Sec13_Nup84_7-436_3IKO_updated_1.pdb_28": [{"rot": [[0.6823576647204688, -0.7308631449874116, 0.015069196937367607], [0.729817429947513, 0.6799106316957813, -0.07133058146300053], [0.04188718589299561, 0.0596707315704488, 0.997338892980622]], "trans": [348.9226239227624, 128.99183653793511, -37.47516186655611]}], "rb_4XMM.renamed.noAb_Seh1_Nup85_47_544_3F3F_1.pdb_28": [{"rot": [[0.713945656912655, -0.6758465926884466, 0.1830655132103935], [0.3242624903535868, 0.5508498499119105, 0.769037242402295], [-0.620592810404099, -0.48968952000574106, 0.612428557197735]], "trans": [438.3864000099222, -132.6404379557638, 671.9440756863883]}], "rb_4XMM.renamed.noAb_Seh1_Nup85_47_544_3F3F_1.pdb_29": [{"rot": [[0.7224792648223154, -0.1004732888095577, 0.6840532363329689], [-0.30962278542451466, 0.8376124239008728, 0.4500435068667031], [-0.6181888406043757, -0.5369455703911771, 0.5740487886839601]], "trans": [-85.15182440024273, -225.36855881408462, 714.165718329466]}], "rb_4XMM.renamed.noAb_Seh1_Nup85_47_544_3F3F_1.pdb_30": [{"rot": [[0.2816940671942102, 0.5086634628721599, 0.8135784744242538], [-0.7637186746941481, 0.6321579523809476, -0.1308056159534102], [-0.580846140067236, -0.5844979082772153, 0.5665509304454123]], "trans": [-520.8477553656962, 80.46617312391214, 747.4465897799448]}], "rb_4XMM.renamed.noAb_Seh1_Nup85_47_544_3F3F_1.pdb_31": [{"rot": [[-0.3501917521298292, 0.7947227643933572, 0.4957635167045171], [-0.772009402769124, 0.05484456167655638, -0.6332405199373902], [-0.5304405892994144, -0.6044897036422509, 0.5943273335580345]], "trans": [-613.4626598749855, 605.7015764144066, 752.3142911830342]}], "rb_4XMM.renamed.noAb_Seh1_Nup85_47_544_3F3F_1.pdb_32": [{"rot": [[-0.8030105705997286, 0.5901270434867658, -0.08321115340311569], [-0.32963814424385574, -0.5561294238188601, -0.7629277539992757], [-0.4965004706589662, -0.585209480877131, 0.6411061894311687]], "trans": [-308.739507657152, 1042.6474627858206, 725.9412593234002]}], "rb_4XMM.renamed.noAb_Seh1_Nup85_47_544_3F3F_1.pdb_33": [{"rot": [[-0.8114947396104801, 0.014731358259131605, -0.5841740106067448], [0.3042477802028094, -0.842846828668891, -0.44389470783561386], [-0.49890838420113864, -0.5379518663288038, 0.6794837847124645]], "trans": [214.81249546141515, 1135.3348878599609, 683.8011930253527]}], "rb_4XMM.renamed.noAb_Seh1_Nup85_47_544_3F3F_1.pdb_34": [{"rot": [[-0.370674113328803, -0.5943893858040357, -0.7136539495801981], [0.7583090582384806, -0.6373445543969806, 0.13696456174497118], [-0.5362537402213465, -0.4904010369320446, 0.6869779829620459]], "trans": [650.4911173098795, 829.4663679308827, 650.604342202409]}], "rb_4XMM.renamed.noAb_Seh1_Nup85_47_544_3F3F_1.pdb_35": [{"rot": [[0.261212369798666, -0.8804036682280411, -0.39579979640568674], [0.7665501909258409, -0.06000873085368058, 0.6393745045064716], [-0.5866591025934317, -0.47041293901416936, 0.6591985771771125]], "trans": [743.0715914801059, 304.2241115143505, 645.8218950434327]}], "rb_4XMM.renamed.noAb_Nup120_715-1036_Nup85_553-744_Nup145c_92-99_554-712_remaining_updated_1.pdb_35": [{"rot": [[0.9949112952955196, -0.06731292168741988, 0.0749698944063083], [0.06130910429910309, 0.9949321673956139, 0.07969426586339692], [-0.07995441340808795, -0.07469238820232871, 0.9939961463311612]], "trans": [14.683438306148219, -55.45033230029799, 85.60181835808044]}], "rb_4XMM.renamed.noAb_Nup120_715-1036_Nup85_553-744_Nup145c_92-99_554-712_remaining_updated_1.pdb_36": [{"rot": [[0.7469760869715303, 0.6522193209304893, 0.12898326595985254], [-0.6624312126552151, 0.7466538759401273, 0.0607690549846229], [-0.05667110368468194, -0.13083557218338676, 0.9897830262530287]], "trans": [-342.70584214408507, 94.05029198933019, 113.40180414025832]}], "rb_4XMM.renamed.noAb_Nup120_715-1036_Nup85_553-744_Nup145c_92-99_554-712_remaining_updated_1.pdb_37": [{"rot": [[0.06143525919524068, 0.9861824426477075, 0.15385024777689693], [-0.9981109918743407, 0.060762186884442515, 0.009077694896715505], [-0.00039601418078406836, -0.15411731394758685, 0.9880524767006797]], "trans": [-490.128150285177, 453.23847803180536, 123.44589310256089]}], "rb_4XMM.renamed.noAb_Nup120_715-1036_Nup85_553-744_Nup145c_92-99_554-712_remaining_updated_1.pdb_38": [{"rot": [[-0.6601117049963271, 0.7389361378822716, 0.13500341128457316], [-0.7490842856068225, -0.6609378772498041, -0.04509828681265177], [0.05590411419346025, -0.13089884089690165, 0.9898182780026287]], "trans": [-341.2195060142672, 811.6968386852012, 109.87412121040364]}], "rb_4XMM.renamed.noAb_Nup120_715-1036_Nup85_553-744_Nup145c_92-99_554-712_remaining_updated_1.pdb_39": [{"rot": [[-0.9949724201675577, 0.05532077813867173, 0.08348349904047916], [-0.06123444966073177, -0.9956642429218672, -0.07002183617678956], [0.07924787240460865, -0.07478186192489264, 0.9940459988583958]], "trans": [16.789220582124585, 959.4355288110535, 80.66102870138229]}], "rb_4XMM.renamed.noAb_Nup120_715-1036_Nup85_553-744_Nup145c_92-99_554-712_remaining_updated_1.pdb_40": [{"rot": [[-0.7469807578350607, -0.6641921198687188, 0.029471602067967763], [0.6624863833840249, -0.7473294854792962, -0.0510923865561399], [0.0559601577455796, -0.01864049456276617, 0.9982589807798086]], "trans": [374.17338288005107, 809.9072574132858, 52.94406197307245]}], "rb_4XMM.renamed.noAb_Nup120_715-1036_Nup85_553-744_Nup145c_92-99_554-712_remaining_updated_1.pdb_41": [{"rot": [[-0.061413730475651185, -0.9981017553553094, 0.004608651181283438], [0.9981123450660835, -0.06141160735202894, 0.0006009235562809603], [-0.00031675817959093966, 0.0046368565954643046, 0.9999891995542578]], "trans": [521.5742128279626, 450.70791102051726, 42.98421584533577]}], "rb_4XMM.renamed.noAb_Nup120_715-1036_Nup85_553-744_Nup145c_92-99_554-712_remaining_updated_1.pdb_42": [{"rot": [[0.6601138307884422, -0.7507991557271945, 0.023459713577453384], [0.7490290147060341, 0.6602690270108993, 0.05477542422094434], [-0.05661506451742357, -0.018586008969343946, 0.9982230686275868]], "trans": [372.6441392299336, 92.26164825559533, 56.64011351481702]}], "rb_4XMM.renamed.noAb_Nup120_2-711_3F7F_updated_1.pdb_42": [{"rot": [[0.9998232949770337, 0.016237783929921264, 0.009471704931737917], [-0.018346709816695096, 0.9526694035321647, 0.30345412472492933], [-0.004095980977824643, -0.3035742774787023, 0.9527989719731621]], "trans": [-13.462627026144219, -50.96122868515033, 196.96422706471424]}], "rb_4XMM.renamed.noAb_Nup120_2-711_3F7F_updated_1.pdb_43": [{"rot": [[0.6958015324475242, 0.6771323464189519, 0.23948280288330226], [-0.7178482453247311, 0.6447029602508645, 0.26277745285312804], [0.0235398412883948, -0.3547532642230903, 0.934663574445469]], "trans": [-357.2934737864085, 123.47524666654147, 223.56219703721794]}], "rb_4XMM.renamed.noAb_Nup120_2-711_3F7F_updated_1.pdb_44": [{"rot": [[-0.01232727556778912, 0.9275433611177758, 0.37351218390223406], [-0.9966103063797765, -0.041782557758836214, 0.07086688284903356], [0.08133840110725635, -0.3713724964418744, 0.924914338407534]], "trans": [-477.54788446304525, 490.6708393169479, 231.40187653267748]}], "rb_4XMM.renamed.noAb_Nup120_2-711_3F7F_updated_1.pdb_45": [{"rot": [[-0.7097312887173426, 0.6207765248205144, 0.33304354677337056], [-0.6913301470707247, -0.7046342546010511, -0.15985366743991838], [0.1354404871771775, -0.3436961935701167, 0.9292625037946073]], "trans": [-303.7772163552257, 835.517310428784, 215.9146756643585]}], "rb_4XMM.renamed.noAb_Nup120_2-711_3F7F_updated_1.pdb_46": [{"rot": [[-0.9878614027015421, -0.06345982435750444, 0.1417839897345837], [0.019154810828935272, -0.955544260056685, -0.2942248464947006], [0.15415233463898478, -0.2879375240659632, 0.9451608540138094]], "trans": [62.22313633233205, 955.9988516846724, 186.19721997164086]}], "rb_4XMM.renamed.noAb_Nup120_2-711_3F7F_updated_1.pdb_47": [{"rot": [[-0.6837850751138372, -0.7243303853352738, -0.08822394194105095], [0.7186324611436761, -0.6475259550987513, -0.2535301229913974], [0.12651227941250237, -0.23676070272218724, 0.9632959113399938]], "trans": [406.04691972954805, 781.5357942223625, 159.68241891663047]}], "rb_4XMM.renamed.noAb_Nup120_2-711_3F7F_updated_1.pdb_48": [{"rot": [[0.02436549386867609, -0.9746878652171069, -0.22223835876611006], [0.9973389336842535, 0.03897919417029322, -0.061609039753844796], [0.06871225557418234, -0.22014583307515345, 0.9730439034871731]], "trans": [526.279226946251, 414.33117382756393, 151.92702171723374]}], "rb_4XMM.renamed.noAb_Nup120_2-711_3F7F_updated_1.pdb_49": [{"rot": [[0.7217457160130183, -0.6678693222477595, -0.1817517257611968], [0.6920040470751342, 0.7018067915860366, 0.16910832657012492], [0.014612332068848627, -0.24782614003375636, 0.96869431920884]], "trans": [352.4881904786287, 69.4987515078783, 167.49825430514457]}]}
