{"rb_ScNup133N_56-480_renamed_1.pdb_0": [{"rot": [[-0.7256705665515022, -0.4073792949894006, 0.5544766350846162], [0.3243158983024851, -0.9132585915021603, -0.24653182990384936], [0.6068125138369116, 0.0009246953159015858, 0.7948444615077209]], "trans": [967.319004547027, 258.3867968382853, -282.664306346983]}], "rb_ScNup133N_56-480_renamed_1.pdb_1": [{"rot": [[-0.27382292145270487, -0.9326278693787273, 0.23500269135735324], [0.7757020200246034, -0.3586055215261726, -0.519315372447889], [0.5686012520359534, 0.04009160995813685, 0.821635733761689]], "trans": [546.6292076769537, -376.63049489556425, -246.0018273321292]}], "rb_ScNup133N_56-480_renamed_1.pdb_2": [{"rot": [[0.363978003067134, -0.9131996929526139, -0.18326574713925786], [0.7742302298909155, 0.4060217900725094, -0.4855037148255125], [0.5177717300184694, 0.034822791065107384, 0.854809808563352]], "trans": [-198.57130008518942, -527.0524108949206, -185.8316206080611]}], "rb_ScNup133N_56-480_renamed_1.pdb_3": [{"rot": [[0.8140994324312576, -0.3604760653987659, -0.4553011315489193], [0.3207627233139772, 0.9326938829142846, -0.16490420281628088], [0.48410059847856274, -0.011795212965303517, 0.8749328451394416]], "trans": [-831.7316406259159, -104.75955502316629, -137.37823677246638]}], "rb_ScNup133N_56-480_renamed_1.pdb_4": [{"rot": [[0.8128538866060077, 0.40174971885862426, -0.42174129798553156], [-0.3190528404615985, 0.9128788189359317, 0.2546714489916787], [0.487312881035265, -0.07245291805822449, 0.8702164849288679]], "trans": [-981.9356455564026, 642.8630802159366, -129.0023463677615]}], "rb_ScNup133N_56-480_renamed_1.pdb_5": [{"rot": [[0.3609710238980126, 0.9269550480180195, -0.10224607014418033], [-0.7704034827766304, 0.35818454200837246, 0.5274299077525731], [0.525526777273676, -0.11161618529658057, 0.8434236382436651]], "trans": [-561.1897775726375, 1277.8477304153444, -165.58665919189133]}], "rb_ScNup133N_56-480_renamed_1.pdb_6": [{"rot": [[-0.27682980317002054, 0.907467234862705, 0.3160197426229581], [-0.7688816333189158, -0.4064412192549245, 0.49358542243000203], [0.5763560479613976, -0.1063426205300747, 0.8102499324511621]], "trans": [184.02901468301525, 1428.2115509998555, -225.6755640524825]}], "rb_ScNup133N_56-480_renamed_1.pdb_7": [{"rot": [[-0.7269158771099757, 0.3547025151172294, 0.5880301296489343], [-0.3153788129588616, -0.9330699126826858, 0.1729645697331705], [0.6100241896368457, -0.059721552356189284, 0.790128992153859]], "trans": [817.162968461487, 1005.8694125363731, -274.044128327456]}], "rb_ScNup133C_490_881_renamed_relative_3CQC_1.pdb_7": [{"rot": [[0.7953833817977909, 0.36369115278190794, -0.4848649516598162], [-0.2830335610503815, 0.9302575509053581, 0.23347996124443796], [0.5359638787073705, -0.04847302725981936, 0.8428481988764165]], "trans": [172.7133899635437, 105.10113397357014, -239.08781304827448]}], "rb_ScNup133C_490_881_renamed_relative_3CQC_1.pdb_8": [{"rot": [[0.3749404502401324, 0.9126996162098004, -0.16247790417225624], [-0.7298194191256422, 0.39867656525420353, 0.5553562926484402], [0.571649607925026, -0.0896460087655491, 0.8155858746150342]], "trans": [-123.90344235714457, 77.50055809784826, -215.27008672039807]}], "rb_ScNup133C_490_881_renamed_relative_3CQC_1.pdb_9": [{"rot": [[-0.23740314228650783, 0.9263417460632111, 0.2924563515006161], [-0.7473731602149698, -0.3664971390088231, 0.5541779556141104], [0.6205425911432508, -0.08701043959725285, 0.7793305306340254]], "trans": [-353.1748457858747, 268.4009115418556, -197.88331827903323]}], "rb_ScNup133C_490_881_renamed_relative_3CQC_1.pdb_10": [{"rot": [[-0.6829278852353693, 0.39662579031998146, 0.6134309138126272], [-0.32541155528048693, -0.9170140169772105, 0.23063523659071136], [0.6540006294017454, -0.04211027333524378, 0.7553210586378155]], "trans": [-380.788486128045, 565.9701923582886, -197.08891692937965]}], "rb_ScNup133C_490_881_renamed_relative_3CQC_1.pdb_11": [{"rot": [[-0.7006391022881334, -0.3661331751505288, 0.6124143584200721], [0.28887433784855676, -0.9303735192490978, -0.22573597766551154], [0.6524235321303442, 0.01875133953184896, 0.7576225458553387]], "trans": [-190.56599017961923, 795.8882369132006, -213.32824928193708]}], "rb_ScNup133C_490_881_renamed_relative_3CQC_1.pdb_12": [{"rot": [[-0.2801613127671308, -0.9151001934742814, 0.2900021978053414], [0.7356271815460743, -0.3987494610246322, -0.5475869950091421], [0.6167351851477056, 0.05992080803774097, 0.7848867486236006]], "trans": [106.05953513488538, 823.4659296570754, -237.06408056880463]}], "rb_ScNup133C_490_881_renamed_relative_3CQC_1.pdb_13": [{"rot": [[0.3321836654894029, -0.9286826448822643, -0.16493197833199152], [0.753132860758964, 0.36642528848907385, -0.546372951380937], [0.5678423253219516, 0.05728047704217479, 0.8211419125356941]], "trans": [335.32258800558947, 632.5479861302632, -254.3676212457276]}], "rb_ScNup133C_490_881_renamed_relative_3CQC_1.pdb_14": [{"rot": [[0.7776755101545972, -0.3989237378271158, -0.48588131503879345], [0.3311363017742382, 0.9169005720629232, -0.22280505065631379], [0.5343870793283323, 0.012377089671020094, 0.8451492513741038]], "trans": [362.9195527910524, 334.97694638895354, -255.07820830305417]}], "rb_ScNup84_506-726_ScNup133C_882_1155_renamed_relative_3CQC_new_1.pdb_14": [{"rot": [[0.9797728528234395, 0.17831878684782163, 0.09081611711220611], [-0.1948448191091318, 0.9535288518165252, 0.22982215998416425], [-0.045614179117314885, -0.2428685632406513, 0.9689861751608602]], "trans": [-68.64223754251111, 62.65301638652238, 108.18712300082777]}], "rb_ScNup84_506-726_ScNup133C_882_1155_renamed_relative_3CQC_new_1.pdb_15": [{"rot": [[0.556336818317883, 0.7938443743909623, 0.24556150722732273], [-0.8309106150430962, 0.5345784334485995, 0.15431606624179794], [-0.008768944784664764, -0.2898913723094583, 0.9570193821798494]], "trans": [-318.0707880970191, 237.58697345859576, 127.2582249396917]}], "rb_ScNup84_506-726_ScNup133C_882_1155_renamed_relative_3CQC_new_1.pdb_16": [{"rot": [[-0.19154618441108928, 0.9339310267904741, 0.3017994308073515], [-0.9801279524981599, -0.19817002758448798, -0.008822522254185894], [0.051567974260342014, -0.29749197865699106, 0.9533306177111017]], "trans": [-371.1975235204594, 538.1694637459644, 130.07151725843448]}], "rb_ScNup84_506-726_ScNup133C_882_1155_renamed_relative_3CQC_new_1.pdb_17": [{"rot": [[-0.8257557472145073, 0.5165140078489243, 0.22658491926438898], [-0.5550832112286888, -0.8154621510562542, -0.16402472010874228], [0.10005036009058191, -0.2612178399163154, 0.9600808119919888]], "trans": [-196.89813977554758, 788.3151430203548, 115.00293855050165]}], "rb_ScNup84_506-726_ScNup133C_882_1155_renamed_relative_3CQC_new_1.pdb_18": [{"rot": [[-0.9747629658472926, -0.21387790715776003, 0.06397969398491546], [0.19522640619880896, -0.955679507217997, -0.22037089146768216], [0.10827654748506016, -0.20231885802707542, 0.9733156060350273]], "trans": [102.72223985789958, 841.4852621039298, 90.90387959114645]}], "rb_ScNup84_506-726_ScNup133C_882_1155_renamed_relative_3CQC_new_1.pdb_19": [{"rot": [[-0.5512773106325776, -0.8293708358926616, -0.09075981132867697], [0.8312589465296994, -0.5366807917654464, -0.1448526546679226], [0.07142751987884924, -0.1552988870556324, 0.9852818708792095]], "trans": [352.14368568252013, 666.5321323340322, 71.91591381667695]}], "rb_ScNup84_506-726_ScNup133C_882_1155_renamed_relative_3CQC_new_1.pdb_20": [{"rot": [[0.19661735045711914, -0.9694003422525802, -0.14698501263666108], [0.9804175795793287, 0.1960786399074057, 0.018290342366098403], [0.011089957214956717, -0.14770288897864842, 0.988969599854479]], "trans": [405.25351123112904, 365.94588076417733, 69.18646420928141]}], "rb_ScNup84_506-726_ScNup133C_882_1155_renamed_relative_3CQC_new_1.pdb_21": [{"rot": [[0.8307937796407322, -0.5519351669958357, -0.07175839423748134], [0.5553230749704978, 0.8133379808186162, 0.1734866316555932], [-0.037389545538475635, -0.1839807065731935, 0.982218469330144]], "trans": [230.9411451880746, 115.81428862531243, 84.3384857353982]}], "rb_4XMM.renamed.noAb_Nup145c_149-550_Sec13_Nup84_7-436_3IKO_updated_1.pdb_21": [{"rot": [[0.9987853008214325, -0.03797333809083355, -0.031399816198162296], [0.03767802794654159, 0.9992404545500877, -0.009943852401978736], [0.031753567879826604, 0.008748690460403634, 0.9994574384845649]], "trans": [25.596156217751172, -17.019624042725354, -20.074903988636777]}], "rb_4XMM.renamed.noAb_Nup145c_149-550_Sec13_Nup84_7-436_3IKO_updated_1.pdb_22": [{"rot": [[0.7352712250061552, 0.6777062304157274, -0.009512672266567431], [-0.6754367180675093, 0.7338289204701612, 0.0726660537513067], [0.05622691138714636, -0.04700405022230432, 0.997310961384943]], "trans": [-309.9652313132584, 107.44686122898192, 6.107066476318835]}], "rb_4XMM.renamed.noAb_Nup145c_149-550_Sec13_Nup84_7-436_3IKO_updated_1.pdb_23": [{"rot": [[0.0462003267134648, 0.9968669896255812, 0.06420073836334089], [-0.9925551894353252, 0.038560033128369364, 0.11553060101177764], [0.11269305984208883, -0.06906032754026073, 0.9912269898582551]], "trans": [-459.5936242828299, 433.45670433546303, 16.488422364978817]}], "rb_4XMM.renamed.noAb_Nup145c_149-550_Sec13_Nup84_7-436_3IKO_updated_1.pdb_24": [{"rot": [[-0.6647599459371148, 0.7325400666268911, 0.1465580603854725], [-0.7279049142591933, -0.6792678899791549, 0.09353913320413382], [0.1680733473070555, -0.044499263247096514, 0.9847696002088332]], "trans": [-335.6326869897841, 770.0288592413333, 5.011623921834769]}], "rb_4XMM.renamed.noAb_Nup145c_149-550_Sec13_Nup84_7-436_3IKO_updated_1.pdb_25": [{"rot": [[-0.9811190406870296, 0.03957189992190393, 0.18931321332102216], [-0.0365217553061721, -0.9991411301223078, 0.019574562249789127], [0.1899252205230156, 0.012290924883246136, 0.9817216223425027]], "trans": [-10.698571010339265, 919.9947287305291, -21.576053601074875]}], "rb_4XMM.renamed.noAb_Nup145c_149-550_Sec13_Nup84_7-436_3IKO_updated_1.pdb_26": [{"rot": [[-0.7175493391685441, -0.6760869875824481, 0.16741962573268854], [0.6765722844065175, -0.7336734330125451, -0.06303362328575086], [0.16544754404864742, 0.06804174390235988, 0.9838686046698479]], "trans": [324.85965028297454, 795.5023087326992, -47.675168923390174]}], "rb_4XMM.renamed.noAb_Nup145c_149-550_Sec13_Nup84_7-436_3IKO_updated_1.pdb_27": [{"rot": [[-0.028453688863978033, -0.995193528795802, 0.09370286992930246], [0.9936366617892223, -0.038379518711294414, -0.10589238354035087], [0.10897968589787413, 0.09009357794229976, 0.9899528146710591]], "trans": [474.4691528248773, 469.48113102087376, -57.97248739058614]}], "rb_4XMM.renamed.noAb_Nup145c_149-550_Sec13_Nup84_7-436_3IKO_updated_1.pdb_28": [{"rot": [[0.682485962029584, -0.7308106124731442, 0.011347260866744285], [0.7289305939634327, 0.6794276341395795, -0.08389445244834653], [0.053601313572218576, 0.065528151691609, 0.9964100363400656]], "trans": [350.4884938716009, 132.9191151924257, -46.411689751202346]}], "rb_4XMM.renamed.noAb_Seh1_Nup85_47_544_3F3F_1.pdb_28": [{"rot": [[0.656887325990254, -0.7219890406595098, 0.21732663463306773], [0.2285812513848517, 0.46536313619754754, 0.8550951777338698], [-0.7185051513167524, -0.5120243906650774, 0.4707243045513446]], "trans": [480.1842200696352, -67.87581506519177, 770.5273258349723]}], "rb_4XMM.renamed.noAb_Seh1_Nup85_47_544_3F3F_1.pdb_29": [{"rot": [[0.612638303224632, -0.19389439536849273, 0.7662109845641282], [-0.3427059894155572, 0.8083978444631129, 0.478587013912932], [-0.712198648019461, -0.5557858297150797, 0.42880671315544083]], "trans": [-7.912311150424671, -203.3527881546735, 810.1320394268375]}], "rb_4XMM.renamed.noAb_Seh1_Nup85_47_544_3F3F_1.pdb_30": [{"rot": [[0.17864139643137775, 0.42146488553420314, 0.8890751384122086], [-0.7151147429272164, 0.676254968525865, -0.17689014102606765], [-0.675794462783758, -0.604190837240786, 0.4222028851927584]], "trans": [-448.6713687853883, 47.125478418561364, 844.0858087675535]}], "rb_4XMM.renamed.noAb_Seh1_Nup85_47_544_3F3F_1.pdb_31": [{"rot": [[-0.39086188703363406, 0.7636026587299178, 0.5139435424685347], [-0.6704827103795716, 0.14634566832439505, -0.7273485274919782], [-0.6306186806197304, -0.6288830773230316, 0.45478143619781114]], "trans": [-583.8881688307182, 536.8254011475325, 852.522041930368]}], "rb_4XMM.renamed.noAb_Seh1_Nup85_47_544_3F3F_1.pdb_32": [{"rot": [[-0.7622484937203031, 0.632089792538, -0.13942642500758667], [-0.23495596575069214, -0.4709017163621433, -0.8503218612298206], [-0.6031359116975938, -0.6153974875610516, 0.5074573916342698]], "trans": [-334.3488899237153, 978.8739773238775, 830.5226794788027]}], "rb_4XMM.renamed.noAb_Seh1_Nup85_47_544_3F3F_1.pdb_33": [{"rot": [[-0.7179549128804245, 0.1039683783050883, -0.6882814245521021], [0.3363277830287251, -0.8138949643962518, -0.47377062941196096], [-0.6094459495589775, -0.5716341165842299, 0.5493724340764853]], "trans": [153.76475318732906, 1114.313034933749, 790.9992630291817]}], "rb_4XMM.renamed.noAb_Seh1_Nup85_47_544_3F3F_1.pdb_34": [{"rot": [[-0.283928948709489, -0.5113806129992367, -0.8110944585763411], [0.7087024608228398, -0.6817037948747526, 0.18171614699032962], [-0.6458522850531492, -0.5232301641743189, 0.5559721406597093]], "trans": [594.510819304861, 863.8005811337514, 757.1291721190516]}], "rb_4XMM.renamed.noAb_Seh1_Nup85_47_544_3F3F_1.pdb_35": [{"rot": [[0.285570869215075, -0.8534770658481243, -0.435919920085125], [0.6640257308969029, -0.15176765879883017, 0.7321450719970426], [-0.6910275735182927, -0.49854134814877393, 0.5233903102116263]], "trans": [729.6959617169621, 374.09046038070164, 748.7779884730353]}], "rb_4XMM.renamed.noAb_Nup120_715-1036_Nup85_553-744_Nup145c_92-99_554-712_remaining_updated_1.pdb_35": [{"rot": [[0.9879923893245657, -0.10069133537732076, 0.11718486940158108], [0.0924745611285603, 0.9929931839138204, 0.07357304020340377], [-0.12377194423945138, -0.061852984411614416, 0.9903810954064907]], "trans": [22.9453899743653, -69.16997698080286, 102.85763751904759]}], "rb_4XMM.renamed.noAb_Nup120_715-1036_Nup85_553-744_Nup145c_92-99_554-712_remaining_updated_1.pdb_36": [{"rot": [[0.7631760786586247, 0.6274428200055177, 0.15452436890913207], [-0.6380417802445745, 0.7695462607129221, 0.026480923040762237], [-0.10229838525400191, -0.11880261043546189, 0.9876340314752935]], "trans": [-346.17967429941325, 79.52032856968894, 131.59698052367816]}], "rb_4XMM.renamed.noAb_Nup120_715-1036_Nup85_553-744_Nup145c_92-99_554-712_remaining_updated_1.pdb_37": [{"rot": [[0.08921240485393106, 0.984994114037184, 0.14774214744709296], [-0.994910489818884, 0.09510406021713086, -0.03329166530172532], [-0.04684297245611201, -0.14402018276032214, 0.988465438388797]], "trans": [-502.4746688824619, 446.46060131148624, 142.3105599730445]}], "rb_4XMM.renamed.noAb_Nup120_715-1036_Nup85_553-744_Nup145c_92-99_554-712_remaining_updated_1.pdb_38": [{"rot": [[-0.6390812090869252, 0.7625039572006821, 0.1008113259772489], [-0.7690728456769326, -0.6352356668880919, -0.07072909977953398], [0.01010773141589398, -0.12273289195052223, 0.9923882662542332]], "trans": [-354.3778688493431, 816.692172409778, 128.74621486542407]}], "rb_4XMM.renamed.noAb_Nup120_715-1036_Nup85_553-744_Nup145c_92-99_554-712_remaining_updated_1.pdb_39": [{"rot": [[-0.995060095177434, 0.09031022048204643, 0.0412246414412172], [-0.09282772406785808, -0.9936296106743546, -0.06390000340773741], [0.03519120102887028, -0.06741113311324334, 0.9971044671961564]], "trans": [11.355445514925464, 973.3282840452117, 98.87413472331372]}], "rb_4XMM.renamed.noAb_Nup120_715-1036_Nup85_553-744_Nup145c_92-99_554-712_remaining_updated_1.pdb_40": [{"rot": [[-0.7701868026434814, -0.6378065272172583, 0.0038888138124572487], [0.6376709477135288, -0.7701255455170573, -0.016804957131192844], [0.01371318620661394, -0.010463172612163132, 0.9998512242043549]], "trans": [380.47545515528617, 824.6094102477558, 70.21781019147795]}], "rb_4XMM.renamed.noAb_Nup120_715-1036_Nup85_553-744_Nup145c_92-99_554-712_remaining_updated_1.pdb_41": [{"rot": [[-0.09619527696488206, -0.9953052286488374, 0.010675697351066143], [0.99448674770642, -0.09565530419266377, 0.0429670969011474], [-0.04174418912798829, 0.014750071324942642, 0.9990194482941521]], "trans": [536.7483671715444, 457.6572810192603, 59.58852513602881]}], "rb_4XMM.renamed.noAb_Nup120_715-1036_Nup85_553-744_Nup145c_92-99_554-712_remaining_updated_1.pdb_42": [{"rot": [[0.6320807428353289, -0.7727581037823811, 0.05760943998506887], [0.7685919491721996, 0.634666935900594, 0.08040084665117656], [-0.09869321255493424, -0.006541675107022117, 0.9950964055217849]], "trans": [388.62921959577966, 87.43774448197928, 73.23706951655416]}], "rb_4XMM.renamed.noAb_Nup120_2-711_3F7F_updated_1.pdb_42": [{"rot": [[0.9762521856167781, 0.20818413426115803, 0.05992525611457673], [-0.21650786244916856, 0.9280428921290311, 0.3030853606931173], [0.007484355426982742, -0.308862034913191, 0.9510774036917957]], "trans": [-128.14752530658916, 84.98380719062845, 193.58624089192222]}], "rb_4XMM.renamed.noAb_Nup120_2-711_3F7F_updated_1.pdb_43": [{"rot": [[0.5396183539467454, 0.7957452104848651, 0.27495743684105756], [-0.8406888802154767, 0.4917081292104892, 0.22685969750127544], [0.04532371085705758, -0.35357131622732096, 0.9343088812461471]], "trans": [-342.8253542387089, 300.2331668612299, 209.6913416689286]}], "rb_4XMM.renamed.noAb_Nup120_2-711_3F7F_updated_1.pdb_44": [{"rot": [[-0.20922282343726517, 0.9037965990300988, 0.3733329850610133], [-0.972143901403192, -0.2334911637927043, 0.020447772380155854], [0.10565058029902666, -0.3586552439493341, 0.9274720323924186]], "trans": [-342.9525364724495, 604.6607786456427, 208.2615330914625]}], "rb_4XMM.renamed.noAb_Nup120_2-711_3F7F_updated_1.pdb_45": [{"rot": [[-0.831589626163099, 0.4690402729624832, 0.29742211753196407], [-0.533864721084752, -0.8227230157292467, -0.1952313985261453], [0.1531246330249253, -0.32113558153629435, 0.9345719795886933]], "trans": [-128.45265352275257, 819.928771926411, 190.15842208569126]}], "rb_4XMM.renamed.noAb_Nup120_2-711_3F7F_updated_1.pdb_46": [{"rot": [[-0.9628908058220443, -0.253837381843375, 0.09169449079565907], [0.21739853717285818, -0.9308070995655995, -0.2938299158244071], [0.1599348995637787, -0.2629918762570004, 0.9514494736581377]], "trans": [175.0191520693636, 819.930237756135, 166.01107123384725]}], "rb_4XMM.renamed.noAb_Nup120_2-711_3F7F_updated_1.pdb_47": [{"rot": [[-0.526208280023258, -0.8413644426272713, -0.1233317506462372], [0.8415452638703893, -0.4944262350048453, -0.21758737784221394], [0.1220918297523683, -0.2182855304903069, 0.9682174406022048]], "trans": [389.6867309748422, 604.6644342262737, 149.98934404377434]}], "rb_4XMM.renamed.noAb_Nup120_2-711_3F7F_updated_1.pdb_48": [{"rot": [[0.22264317039671683, -0.9493592730504425, -0.22169120268705772], [0.9729415060395816, 0.2307815145231355, -0.011167738349320194], [0.061764427473502734, -0.2132061519458184, 0.9750529689567267]], "trans": [389.79670199725575, 300.237221087629, 151.5029991109569]}], "rb_4XMM.renamed.noAb_Nup120_2-711_3F7F_updated_1.pdb_49": [{"rot": [[0.8449758069764087, -0.5145569787238856, -0.145763511453016], [0.5346134923307072, 0.8199792239155838, 0.20450546732242023], [0.014293335598513479, -0.2507293121941335, 0.9679517098306737]], "trans": [175.28655590034592, 84.98646901570419, 169.68932085568989]}]}
