{"rb_ScNup133N_56-480_renamed_1.pdb_0": [{"rot": [[-0.4783029922355955, -0.2032555444109079, 0.854349712520992], [0.2606493909685054, -0.9618667210081465, -0.08291143470465376], [0.8386227653756029, 0.18302894493293212, 0.5130421646517123]], "trans": [686.6430627838382, 256.0140946885691, -376.70387710103324]}], "rb_ScNup133N_56-480_renamed_1.pdb_1": [{"rot": [[-0.138755221472525, -0.8185841714595625, 0.557375046759336], [0.5696997785891582, -0.526346323717269, -0.6311907079360248], [0.8100550294823029, 0.2299554342588525, 0.5393805219557414]], "trans": [344.11443836041667, -185.91455964328006, -347.21079490549505]}], "rb_ScNup133N_56-480_renamed_1.pdb_2": [{"rot": [[0.3192770277777285, -0.9468514308910452, -0.03917329898029531], [0.5472827699010763, 0.21797440818001335, -0.8080648038047309], [0.7736560923968899, 0.23655765723846883, 0.5877896949581728]], "trans": [-209.69057207755174, -255.3016548797204, -302.69026711433]}], "rb_ScNup133N_56-480_renamed_1.pdb_3": [{"rot": [[0.6274720056496521, -0.5129165535620355, -0.585828892431951], [0.20653056467356024, 0.8350618950159527, -0.5099183830261329], [0.7507489646890118, 0.19896793855897793, 0.6299109075448428]], "trans": [-650.3432714255941, 88.50086452197743, -269.1990417458578]}], "rb_ScNup133N_56-480_renamed_1.pdb_4": [{"rot": [[0.6052847485566851, 0.22901529090636252, -0.7623531791077834], [-0.2529393906650171, 0.9634175860684916, 0.08859017724313394], [0.754752964760444, 0.1392068654378589, 0.6410689594733826]], "trans": [-719.7011818633028, 644.0887518759544, -266.3327459460207]}], "rb_ScNup133N_56-480_renamed_1.pdb_5": [{"rot": [[0.2657128645442123, 0.844309966785554, -0.46533574288064816], [-0.5619631177509468, 0.5278489077038089, 0.636846123426633], [0.7833224929129403, 0.09228331714059435, 0.6147273065955212]], "trans": [-377.131548170467, 1085.9909057762184, -295.7464913079471]}], "rb_ScNup133N_56-480_renamed_1.pdb_6": [{"rot": [[-0.19231764876969432, 0.972519177290579, 0.13122641416174813], [-0.5395101600227394, -0.2164818667736989, 0.8136733918412297], [0.8197211167244218, 0.08568576988175247, 0.5663172605844156]], "trans": [176.68542134307836, 1155.3349304428045, -340.18528616362477]}], "rb_ScNup133N_56-480_renamed_1.pdb_7": [{"rot": [[-0.5004860584555115, 0.5385361591577258, 0.6778587688975557], [-0.19873377670428322, -0.8335352746111881, 0.5154840753851685], [0.8426260091455267, 0.1232791598709797, 0.5241981089750201]], "trans": [617.3178504562926, 811.4982352704588, -373.5922529984036]}], "rb_ScNup133C_490_881_renamed_relative_3CQC_1.pdb_7": [{"rot": [[0.6386730554439555, 0.37825137251507923, -0.6700915067663078], [-0.2754884803278682, 0.92551530427806, 0.2598605756049421], [0.718472564164091, 0.01863654306862822, 0.6953055830395203]], "trans": [311.92784948634414, 92.90217937063832, -313.83437339043337]}], "rb_ScNup133C_490_881_renamed_relative_3CQC_1.pdb_8": [{"rot": [[0.2727691357668807, 0.9210054231884728, -0.2781115046710779], [-0.6035281688532472, 0.3889272600062133, 0.696052681788315], [0.7492334402398461, -0.02201356130846127, 0.6619400691489248]], "trans": [-35.286264800956474, -33.543984108155485, -285.50279993046775]}], "rb_ScNup133C_490_881_renamed_relative_3CQC_1.pdb_9": [{"rot": [[-0.21729199919775055, 0.9266939493209612, 0.3066309041446476], [-0.575837306499196, -0.3753489330056557, 0.7263088702027989], [0.7881596180523303, -0.018748407490641383, 0.6151852677756263]], "trans": [-370.02408882429796, 123.38180166128765, -259.5444024009793]}], "rb_ScNup133C_490_881_renamed_relative_3CQC_1.pdb_10": [{"rot": [[-0.5444256267256544, 0.3919845320959142, 0.7415853717286529], [-0.20863759087387676, -0.9195895045968729, 0.33290463906293244], [0.8124475937798832, 0.026519231376940317, 0.5824308008068023]], "trans": [-496.1895721282245, 471.7503155168283, -251.1419711869608]}], "rb_ScNup133C_490_881_renamed_relative_3CQC_1.pdb_11": [{"rot": [[-0.5169922552268367, -0.36988251247345205, 0.7719494381122345], [0.28296020709340763, -0.924970654137244, -0.25369826602989115], [0.8078691287808464, 0.08727093417194624, 0.5828646968307745]], "trans": [-339.8712823207178, 807.4824868410245, -265.193764066678]}], "rb_ScNup133C_490_881_renamed_relative_3CQC_1.pdb_12": [{"rot": [[-0.1510627405358429, -0.9125947273530749, 0.3799354050745546], [0.6109711658244711, -0.38834002835181103, -0.6898595921713342], [0.7771063524080123, 0.1279174967980527, 0.6162327734387655]], "trans": [7.3592356803622465, 933.9017926437259, -293.4440377397264]}], "rb_ScNup133C_490_881_renamed_relative_3CQC_1.pdb_13": [{"rot": [[0.3389962480351852, -0.9182236448242416, -0.2048093794330481], [0.5832418407401385, 0.3759365856824953, -0.7200698846330411], [0.7381805328157336, 0.1246475897523533, 0.6629875408639343]], "trans": [342.09136181894326, 776.9501378686781, -319.31937865838864]}], "rb_ScNup133C_490_881_renamed_relative_3CQC_1.pdb_14": [{"rot": [[0.6661012451496011, -0.38347176566460656, -0.6397331757445586], [0.21601646145829562, 0.9201351711641212, -0.32663152812582], [0.7138949639752237, 0.07937677068790826, 0.6957393971063961]], "trans": [468.23621021932956, 428.5721316966158, -327.637642369019]}], "rb_ScNup84_506-726_ScNup133C_882_1155_renamed_relative_3CQC_new_1.pdb_14": [{"rot": [[0.972735638369233, 0.21870538217863436, 0.07715784893642384], [-0.22668476938832036, 0.9668977026269442, 0.11714456018996071], [-0.04898360106977169, -0.1314411977305167, 0.9901130331257147]], "trans": [-72.77365966902755, 109.91651657934023, 71.23947500439562]}], "rb_ScNup84_506-726_ScNup133C_882_1155_renamed_relative_3CQC_new_1.pdb_15": [{"rot": [[0.5288343959163185, 0.8341038395821229, 0.156859703206977], [-0.8486591399081472, 0.5219866521919988, 0.08548449674503011], [-0.010575724381065368, -0.17832756300624902, 0.9839143429821858]], "trans": [-288.4098672991835, 271.7905111432521, 87.68066085331782]}], "rb_ScNup84_506-726_ScNup133C_882_1155_renamed_relative_3CQC_new_1.pdb_16": [{"rot": [[-0.22359205178561153, 0.9558010846814469, 0.1909211379079523], [-0.9733992860761409, -0.229021111843207, 0.006569642041831303], [0.05000424226760075, -0.18437357959281536, 0.9815833937589675]], "trans": [-326.8389200425049, 539.1711997223257, 89.48399929722518]}], "rb_ScNup84_506-726_ScNup133C_882_1155_renamed_relative_3CQC_new_1.pdb_17": [{"rot": [[-0.8437616824598535, 0.5125051553662672, 0.1593884843252891], [-0.5278306714310301, -0.8461746520973763, -0.07337056933505055], [0.09726770023590818, -0.14603740572497137, 0.984485688377406]], "trans": [-165.54662361304707, 755.4233216744102, 75.61707414979122]}], "rb_ScNup84_506-726_ScNup133C_882_1155_renamed_relative_3CQC_new_1.pdb_18": [{"rot": [[-0.968370382065644, -0.23609494249798085, 0.08073401553812713], [0.22702632705061282, -0.9679367228246992, -0.10750603440405761], [0.10352704943126521, -0.08577691259455157, 0.9909210217276652]], "trans": [100.9816338586977, 793.8634516002343, 54.227330587213885]}], "rb_ScNup84_506-726_ScNup133C_882_1155_renamed_relative_3CQC_new_1.pdb_19": [{"rot": [[-0.5244206173912468, -0.8514587163210408, 0.001034628389995712], [0.8489658361745629, -0.522977386147913, -0.07583971641770812], [0.06511547483820801, -0.038893546750309, 0.997119484794963]], "trans": [316.61175443661494, 631.9729361785977, 37.869186885021804]}], "rb_ScNup84_506-726_ScNup133C_882_1155_renamed_relative_3CQC_new_1.pdb_20": [{"rot": [[0.2280155797253942, -0.9730973907681536, -0.03302065236637103], [0.9736469221489318, 0.2280399045810737, 0.003077809052510771], [0.004535018456551224, -0.032852244959259355, 0.9994499305161477]], "trans": [355.0264864407246, 364.5896387949422, 36.14947917497153]}], "rb_ScNup84_506-726_ScNup133C_882_1155_renamed_relative_3CQC_new_1.pdb_21": [{"rot": [[0.8481504756629714, -0.5297533152428904, -0.0014817630844347895], [0.5280296468066217, 0.845158631109421, 0.08301554284903571], [-0.0427254341808956, -0.07119208699295475, 0.9965471509284634]], "trans": [193.72385155456152, 148.35058195628608, 50.09964138267645]}], "rb_4XMM.renamed.noAb_Nup145c_149-550_Sec13_Nup84_7-436_3IKO_updated_1.pdb_21": [{"rot": [[0.9952097367457392, -0.010156985319207553, 0.09723381888879468], [0.01094329178303886, 0.9999115651208298, -0.0075568712150673205], [-0.09714846499777954, 0.00858472986384785, 0.9952328763469066]], "trans": [-23.769288660463303, -4.3317132714526565, 49.352745871463696]}], "rb_4XMM.renamed.noAb_Nup145c_149-550_Sec13_Nup84_7-436_3IKO_updated_1.pdb_22": [{"rot": [[0.7113403789390049, 0.6978962964014869, 0.08328039841401876], [-0.6992455640466261, 0.7146900573922224, -0.01654578574183103], [-0.07106691531243871, -0.04646376366360068, 0.9963887856726332]], "trans": [-334.6451075221868, 155.20843759236013, 73.39647371443976]}], "rb_4XMM.renamed.noAb_Nup145c_149-550_Sec13_Nup84_7-436_3IKO_updated_1.pdb_23": [{"rot": [[0.009933280846632198, 0.9976985564530445, 0.06707399185324997], [-0.9998568397100853, 0.010828836504858608, -0.013001399344249234], [-0.013697810649134105, -0.06693524297004497, 0.9976632915127019]], "trans": [-442.08856350329484, 488.4982054309782, 80.38000864296777]}], "rb_4XMM.renamed.noAb_Nup145c_149-550_Sec13_Nup84_7-436_3IKO_updated_1.pdb_24": [{"rot": [[-0.6981173896287844, 0.7136214036853964, 0.058108540680119156], [-0.7147882113046974, -0.6993402699022296, 0.0009999364501264534], [0.04135121857599473, -0.04083722682991174, 0.9983097703754678]], "trans": [-283.15585179806124, 800.291861653992, 66.23630232926035]}], "rb_4XMM.renamed.noAb_Nup145c_149-550_Sec13_Nup84_7-436_3IKO_updated_1.pdb_25": [{"rot": [[-0.9980255662082917, 0.012081239677684942, 0.061636132604707926], [-0.011036900817999603, -0.9997901859113693, 0.017256041714116054], [0.06183167485155524, 0.016541698919881376, 0.9979495058277706]], "trans": [49.049917464616556, 907.9364029505869, 39.27494225933276]}], "rb_4XMM.renamed.noAb_Nup145c_149-550_Sec13_Nup84_7-436_3IKO_updated_1.pdb_26": [{"rot": [[-0.7141008103463251, -0.6959498157780598, 0.07559025453854601], [0.6991296511734227, -0.7145131143805912, 0.026243860772990214], [0.035745818116890614, 0.07158815053225251, 0.9967935459213816]], "trans": [359.9198338885795, 748.3722560363644, 15.314278218512015]}], "rb_4XMM.renamed.noAb_Nup145c_149-550_Sec13_Nup84_7-436_3IKO_updated_1.pdb_27": [{"rot": [[-0.012670247365882181, -0.9956971871579813, 0.09179638509967175], [0.9996858651646118, -0.010628386219333819, 0.022698202493811742], [-0.021624888942252667, 0.0920551404977069, 0.995519068268498]], "trans": [467.34383050611206, 415.0744648233276, 8.414809948460572]}], "rb_4XMM.renamed.noAb_Nup145c_149-550_Sec13_Nup84_7-436_3IKO_updated_1.pdb_28": [{"rot": [[0.6953582087681556, -0.7115646378697845, 0.10076074449893682], [0.7145616731569114, 0.6995184000408714, 0.008696163490305123], [-0.0766718772036589, 0.06595281750992289, 0.9948726798483138]], "trans": [308.39332875957547, 103.29369169810877, 22.6423481454637]}], "rb_4XMM.renamed.noAb_Seh1_Nup85_47_544_3F3F_1.pdb_28": [{"rot": [[0.6310282753326458, -0.7483840301081853, 0.20426614797793563], [0.23837534634865942, 0.4376315057371706, 0.8669808875859836], [-0.7382279525890832, -0.4983974404682011, 0.4545541566753984]], "trans": [510.02936160382137, -62.06680451489433, 776.3420470450026]}], "rb_4XMM.renamed.noAb_Seh1_Nup85_47_544_3F3F_1.pdb_29": [{"rot": [[0.600820570770426, -0.23188803340204125, 0.7650114912235239], [-0.31869207751755174, 0.8081759493792121, 0.49526457027790977], [-0.7331098154210273, -0.5413682432595669, 0.4116678560725919]], "trans": [17.456407371528314, -219.9440931034688, 816.412547381569]}], "rb_4XMM.renamed.noAb_Seh1_Nup85_47_544_3F3F_1.pdb_30": [{"rot": [[0.18677947531873274, 0.3946581867967446, 0.8996434533713733], [-0.6910102638015848, 0.7037050517093211, -0.16523926748703358], [-0.6982966725687074, -0.59079955635824, 0.4041505181072811]], "trans": [-442.2589569421663, 17.876564222817528, 851.9388369887163]}], "rb_4XMM.renamed.noAb_Seh1_Nup85_47_544_3F3F_1.pdb_31": [{"rot": [[-0.3685438993273863, 0.7642150203940188, 0.5292927326846082], [-0.660469969291827, 0.18541933762217766, -0.7275981644420301], [-0.6541825539803272, -0.6177338195695034, 0.4364059053540108]], "trans": [-599.8070755964002, 512.0765899261372, 862.1331193950805]}], "rb_4XMM.renamed.noAb_Seh1_Nup85_47_544_3F3F_1.pdb_32": [{"rot": [[-0.7398332902406521, 0.6602908635171447, -0.12908399671330298], [-0.24496212913024704, -0.4430621137414013, -0.8623743494903958], [-0.6266101323340318, -0.6063925617310874, 0.48953835716268673]], "trans": [-362.89212591578627, 973.1467575243022, 841.0474451288183]}], "rb_4XMM.renamed.noAb_Seh1_Nup85_47_544_3F3F_1.pdb_33": [{"rot": [[-0.7095821370436616, 0.14376595259520691, -0.6898003636291795], [0.3121029052559554, -0.8135660065841669, -0.490614033086589], [-0.6317317210013659, -0.5634196515964714, 0.5324221340962153]], "trans": [129.69968741524502, 1130.985778544124, 801.0581043842992]}], "rb_4XMM.renamed.noAb_Seh1_Nup85_47_544_3F3F_1.pdb_34": [{"rot": [[-0.2955119918204724, -0.4827721365524792, -0.8243808142229275], [0.6843885821063581, -0.7090459363739383, 0.16990034959957864], [-0.6665470211266052, -0.5139892258405468, 0.5399353149656814]], "trans": [589.4030479420719, 893.1294457371746, 765.6154217205542]}], "rb_4XMM.renamed.noAb_Seh1_Nup85_47_544_3F3F_1.pdb_35": [{"rot": [[0.2598090159681241, -0.8522885571161422, -0.45398622295237584], [0.6538047026939514, -0.19073123397285724, 0.7322301599377548], [-0.7106607390006525, -0.48705832484013706, 0.5076765724819009]], "trans": [746.9191585899589, 398.91746943123667, 755.5062252850166]}], "rb_4XMM.renamed.noAb_Nup120_715-1036_Nup85_553-744_Nup145c_92-99_554-712_remaining_updated_1.pdb_35": [{"rot": [[0.9980500097905469, -0.03949267992758717, 0.0483374201755344], [0.04047301537766133, 0.9989908625203068, -0.01947284332533633], [-0.047519606304436024, 0.021391232621582594, 0.9986412279610735]], "trans": [7.833538814723852, -16.25794100200926, 14.239901500913106]}], "rb_4XMM.renamed.noAb_Nup120_715-1036_Nup85_553-744_Nup145c_92-99_554-712_remaining_updated_1.pdb_36": [{"rot": [[0.7351532308643889, 0.6767030759635089, 0.04028242955900261], [-0.6775082433302699, 0.7354514108751093, 0.009685167078718278], [-0.023071787299256512, -0.03441175995697636, 0.999141393100837]], "trans": [-321.34254859017074, 122.48040213626612, 39.84348468003395]}], "rb_4XMM.renamed.noAb_Nup120_715-1036_Nup85_553-744_Nup145c_92-99_554-712_remaining_updated_1.pdb_37": [{"rot": [[0.04308861462883434, 0.9975485873993288, 0.055137891390319466], [-0.9985043437978467, 0.04113958802288603, 0.03600846725616369], [0.033651845509552705, -0.05660697903006373, 0.9978292455219433]], "trans": [-456.39405613930893, 454.0484300239342, 49.035929346500495]}], "rb_4XMM.renamed.noAb_Nup120_715-1036_Nup85_553-744_Nup145c_92-99_554-712_remaining_updated_1.pdb_38": [{"rot": [[-0.6727226286142398, 0.7350880298590586, 0.08420126666668774], [-0.734471244326146, -0.6772069504128286, 0.0440764968045199], [0.08942178821936862, -0.03219215231207603, 0.9954734597773894]], "trans": [-318.20399314488645, 784.2090336103854, 36.4561767024133]}], "rb_4XMM.renamed.noAb_Nup120_715-1036_Nup85_553-744_Nup145c_92-99_554-712_remaining_updated_1.pdb_39": [{"rot": [[-0.9929481796345109, 0.0430744986436495, 0.11044682035761948], [-0.040083257452392676, -0.9987706735302007, 0.029162890255143188], [0.11156722203458881, 0.02453017045653283, 0.9934540883729137]], "trans": [12.275866350340209, 919.5495928453452, 9.49762812237742]}], "rb_4XMM.renamed.noAb_Nup120_715-1036_Nup85_553-744_Nup145c_92-99_554-712_remaining_updated_1.pdb_40": [{"rot": [[-0.729995395464035, -0.6731007222701212, 0.11849953704865981], [0.6778773432421533, -0.7351750182785781, 4.248606510791342e-06], [0.08711503957564054, 0.08033125281316073, 0.9929541075503948]], "trans": [341.4476742273118, 780.7858166222684, -16.023013618700418]}], "rb_4XMM.renamed.noAb_Nup120_715-1036_Nup85_553-744_Nup145c_92-99_554-712_remaining_updated_1.pdb_41": [{"rot": [[-0.037905724704134, -0.9938920904003524, 0.10364202175889202], [0.9988191146261577, -0.04083803620310067, -0.0263178847267612], [0.030389674102748385, 0.10252203391803386, 0.994266413125394]], "trans": [476.4798574484717, 449.20759841705797, -25.131391846661927]}], "rb_4XMM.renamed.noAb_Nup120_715-1036_Nup85_553-744_Nup145c_92-99_554-712_remaining_updated_1.pdb_42": [{"rot": [[0.6778849450496847, -0.7313754991380637, 0.07457801643602757], [0.7347298417438939, 0.67748787844497, -0.034383632895962024], [-0.025378355462414286, 0.07810284130990389, 0.9966222379885679]], "trans": [338.27057246834437, 119.0582505023824, -12.467685266247486]}], "rb_4XMM.renamed.noAb_Nup120_2-711_3F7F_updated_1.pdb_42": [{"rot": [[0.9947584582325725, 0.07236954326718731, 0.072237517828719], [-0.09455590649531062, 0.9199469629991378, 0.38046913911053754], [-0.038920307316436545, -0.38530537820793803, 0.9219679903350401]], "trans": [-58.37162139478255, -8.580086491612747, 278.30168761070036]}], "rb_4XMM.renamed.noAb_Nup120_2-711_3F7F_updated_1.pdb_43": [{"rot": [[0.6377957197557833, 0.6922417841481233, 0.3376654144869235], [-0.7701720934050432, 0.5772976486886279, 0.2712238399526768], [-0.007180974954425823, -0.43304588336342026, 0.9013432733984867]], "trans": [-357.64511908154975, 189.77815168093375, 301.2317702891674]}], "rb_4XMM.renamed.noAb_Nup120_2-711_3F7F_updated_1.pdb_44": [{"rot": [[-0.09094512492509232, 0.8891872617942067, 0.44841386878115164], [-0.994497580935408, -0.10460301691273044, 0.005724540713132886], [0.05199563218175776, -0.4454258886904482, 0.8938077152935879]], "trans": [-429.5188681643455, 542.27514071495, 305.286727128077]}], "rb_4XMM.renamed.noAb_Nup120_2-711_3F7F_updated_1.pdb_45": [{"rot": [[-0.7645574137500865, 0.5478325384691274, 0.33960487463263916], [-0.6361193355017434, -0.7262880090962758, -0.26049552557345], [0.10394302324157728, -0.41519301251037377, 0.9037757522095627]], "trans": [-231.886299671343, 842.4132910219428, 288.1151121374912]}], "rb_4XMM.renamed.noAb_Nup120_2-711_3F7F_updated_1.pdb_46": [{"rot": [[-0.9884295699922458, -0.13185197580168428, 0.07498027502040207], [0.09501961358764945, -0.9235654936824981, -0.3714808903734571], [0.11822968408397637, -0.3600580999730387, 0.9254079675717124]], "trans": [119.47855449430551, 914.3675589993363, 259.8003043998531]}], "rb_4XMM.renamed.noAb_Nup120_2-711_3F7F_updated_1.pdb_47": [{"rot": [[-0.6314141279275107, -0.7516975090067357, -0.1904391083958565], [0.7706077608970219, -0.5808675385882559, -0.26221476209340067], [0.08648628734555994, -0.3123199602450806, 0.9460319046066531]], "trans": [418.74312185718276, 715.9862367059742, 236.9535224278464]}], "rb_4XMM.renamed.noAb_Nup120_2-711_3F7F_updated_1.pdb_48": [{"rot": [[0.09734423256486419, -0.9485898079724897, -0.3011668583975863], [0.9948760439396667, 0.1010485620510771, 0.003293220667853508], [0.027308562417586252, -0.2999442686869075, 0.9535657702018043]], "trans": [490.5959125649798, 363.48401671313195, 232.98273814148524]}], "rb_4XMM.renamed.noAb_Nup120_2-711_3F7F_updated_1.pdb_49": [{"rot": [[0.7709285884155628, -0.6071865877833922, -0.19233709777249886], [0.6364449403264116, 0.7227067414639607, 0.2695047379462059], [-0.02463634503121616, -0.3301808799105481, 0.9435961196640212]], "trans": [292.94646203598364, 63.36178656909806, 250.23809786496506]}]}
