{"rb_ScNup133N_56-480_renamed_1.pdb_0": [{"rot": [[-0.674944322612576, -0.07403703312504448, 0.7341448624754471], [0.14111585144978367, -0.9895401531929523, 0.029943307907978646], [0.724248906000316, 0.12380954302843744, 0.6783323073630181]], "trans": [820.0771621453923, 302.09853235732214, -344.4145241376902]}], "rb_ScNup133N_56-480_renamed_1.pdb_1": [{"rot": [[-0.3646934895544401, -0.7476559314420509, 0.5549858258155115], [0.6171755063966117, -0.640393732040977, -0.4571545277766762], [0.6972037385016606, 0.1758023780901418, 0.694982352924993]], "trans": [471.8388583361858, -245.5079583074207, -313.9521725651796]}], "rb_ScNup133N_56-480_renamed_1.pdb_2": [{"rot": [[0.19033883311253547, -0.9780402155624294, 0.08490268165349907], [0.7335858466271762, 0.0842246712429171, -0.6743574796666172], [0.6523978343293668, 0.19063982138215396, 0.7335076852124542]], "trans": [-160.49660246365465, -385.5400297075631, -262.8285604487232]}], "rb_ScNup133N_56-480_renamed_1.pdb_3": [{"rot": [[0.6650068848142872, -0.6302275234300563, -0.40072323598815096], [0.4221520534486154, 0.7598233788955389, -0.4944249959830954], [0.616079123910813, 0.1596298894160627, 0.7713396213642216]], "trans": [-706.4962780483216, -35.96480316951556, -220.96861570788525]}], "rb_ScNup133N_56-480_renamed_1.pdb_4": [{"rot": [[0.7812434280443998, 0.09202856574496507, -0.6174054172295208], [-0.13468356587858601, 0.9906271420322041, -0.02276406271593811], [0.6095236199030049, 0.10093863757764529, 0.7863156797522899]], "trans": [-846.3039465256278, 598.4317413852187, -212.87047929588294]}], "rb_ScNup133N_56-480_renamed_1.pdb_5": [{"rot": [[0.4709554568434142, 0.7656202511130498, -0.4382083850806613], [-0.6107188541703209, 0.6414278618743952, 0.46431969500779496], [0.636571628986323, 0.04894822874049737, 0.7696626742105053]], "trans": [-498.016391074178, 1146.0112799603778, -243.25414880540433]}], "rb_ScNup133N_56-480_renamed_1.pdb_6": [{"rot": [[-0.08408596019873849, 0.9959480257428104, 0.031891712347472845], [-0.7270856274477262, -0.08320859955159399, 0.6814857440325575], [0.6813780460628316, 0.03411537746618465, 0.7311361701926238]], "trans": [134.33654080730042, 1285.994114782319, -294.29643732684485]}], "rb_ScNup133N_56-480_renamed_1.pdb_7": [{"rot": [[-0.5587297348947852, 0.6480826316345107, 0.5175036095701067], [-0.4156145891533946, -0.7587799857683126, 0.5015151507983518], [0.7176946402386306, 0.06512937717440279, 0.6933055369760264]], "trans": [680.3154987855619, 936.3764442495581, -336.0720476468898]}], "rb_ScNup133C_490_881_renamed_relative_3CQC_1.pdb_7": [{"rot": [[0.8360151404416805, 0.3587690488336748, -0.4151667791999465], [-0.2577400512263577, 0.924724080180247, 0.2800989852331319], [0.48440556452843453, -0.12716188553877286, 0.8655524847865161]], "trans": [131.2587670928196, 76.13124617469097, -199.5156616838588]}], "rb_ScNup133C_490_881_renamed_relative_3CQC_1.pdb_8": [{"rot": [[0.42055841665429466, 0.9037534890598654, -0.07975117048264577], [-0.7435398938453271, 0.3937003592583946, 0.540507588642648], [0.5198836835694228, -0.16801683883447585, 0.8375507730438541]], "trans": [-172.93353483977137, 88.51099881933987, -175.28864669748987]}], "rb_ScNup133C_490_881_renamed_relative_3CQC_1.pdb_9": [{"rot": [[-0.21575880299098726, 0.9149419727440042, 0.3410708510606043], [-0.7922064745665458, -0.36822499876532344, 0.4866407832674128], [0.5708388919710533, -0.16520150361175942, 0.8042707396254527]], "trans": [-379.3816981889048, 313.04392834831833, -159.8846701769558]}], "rb_ScNup133C_490_881_renamed_relative_3CQC_1.pdb_10": [{"rot": [[-0.7001729191531619, 0.3857801283863033, 0.6007758116192645], [-0.375230224204736, -0.9147053760130653, 0.15005450321819508], [0.6074209101832124, -0.12036514294031775, 0.7852082973562834]], "trans": [-367.1435646062914, 618.1955955244242, -162.30359386286767]}], "rb_ScNup133C_490_881_renamed_relative_3CQC_1.pdb_11": [{"rot": [[-0.7489073123453894, -0.3737415744064908, 0.5472248834581275], [0.26311829041302404, -0.9256048621197841, -0.2720742627856248], [0.6081994761307603, -0.05977352909416668, 0.7915304936980608]], "trans": [-143.38649196304596, 825.2039678725664, -181.1043732520077]}], "rb_ScNup133C_490_881_renamed_relative_3CQC_1.pdb_12": [{"rot": [[-0.33341268788071954, -0.91868461288235, 0.21178895536207482], [0.7488855087095945, -0.39453838444141087, -0.5324565316034084], [0.5727184949038437, -0.018922083806136747, 0.8195336968908037]], "trans": [160.8113849509578, 812.8007388483329, -205.24924178604192]}], "rb_ScNup133C_490_881_renamed_relative_3CQC_1.pdb_13": [{"rot": [[0.30290834475523964, -0.9298136714052736, -0.2090288763436401], [0.7975021448890665, 0.36738782636072886, -0.47855669877170826], [0.5217632255870256, -0.02174215973133445, 0.8528132356590379]], "trans": [367.2485739886963, 588.2520116948285, -220.56979013390003]}], "rb_ScNup133C_490_881_renamed_relative_3CQC_1.pdb_14": [{"rot": [[0.787289952517783, -0.4006091905728079, -0.4687075923143821], [0.38048788798293526, 0.913826652839169, -0.14195004635097674], [0.48518398341539537, -0.06658171662970837, 0.8718734869508356]], "trans": [354.9931723867602, 283.1017137108083, -218.06702015248857]}], "rb_ScNup84_506-726_ScNup133C_882_1155_renamed_relative_3CQC_new_1.pdb_14": [{"rot": [[0.9912365220350199, 0.12567919679819228, 0.04068042374507879], [-0.12982485733887095, 0.9837247644087701, 0.12422195581237579], [-0.024406224633476643, -0.12841466964903694, 0.9914201979070576]], "trans": [-44.19922758341954, 47.20302609157619, 56.14680986382538]}], "rb_ScNup84_506-726_ScNup133C_882_1155_renamed_relative_3CQC_new_1.pdb_15": [{"rot": [[0.6107215552192786, 0.78007640358377, 0.1360146556895867], [-0.7917926306695795, 0.5996208875308255, 0.1162721860725609], [0.0091439601865166, -0.1787053323450547, 0.9838601486916476]], "trans": [-312.6629801701814, 206.4382592565436, 76.8115169761709]}], "rb_ScNup84_506-726_ScNup133C_882_1155_renamed_relative_3CQC_new_1.pdb_16": [{"rot": [[-0.1250586647933138, 0.9722226288832423, 0.19784713858802913], [-0.9897642632903354, -0.13607112914227443, 0.04302732768004287], [0.06875342517615315, -0.19044108721939101, 0.979288087758267]], "trans": [-390.32050394790895, 509.4272978982931, 81.56835602818319]}], "rb_ScNup84_506-726_ScNup133C_882_1155_renamed_relative_3CQC_new_1.pdb_17": [{"rot": [[-0.7850737106182779, 0.589555904654401, 0.18995553212048955], [-0.6077651814118796, -0.7923725289859918, -0.05260474856633787], [0.11950210525104753, -0.15674696359251597, 0.9803823928677489]], "trans": [-231.67701317726062, 778.6750078302218, 67.65470853294966]}], "rb_ScNup84_506-726_ScNup133C_882_1155_renamed_relative_3CQC_new_1.pdb_18": [{"rot": [[-0.9826774621992043, -0.14375220644868608, 0.11696285062730388], [0.1304241666143331, -0.9848126981221398, -0.11460142398917644], [0.1316607080669375, -0.0973614541721961, 0.9865020046572572]], "trans": [70.33381171436167, 856.452400976676, 43.24539027679401]}], "rb_ScNup84_506-726_ScNup133C_882_1155_renamed_relative_3CQC_new_1.pdb_19": [{"rot": [[-0.6021108556470887, -0.7981194732974644, 0.02162923612398939], [0.7923620522447408, -0.600657472064378, -0.10664417197265055], [0.09810655265797513, -0.04707342771253761, 0.9940619682539711]], "trans": [338.79168449207833, 697.1965005663985, 22.66372896674642]}], "rb_ScNup84_506-726_ScNup133C_882_1155_renamed_relative_3CQC_new_1.pdb_20": [{"rot": [[0.13368482493068673, -0.9902083243934574, -0.040197535809447876], [0.9902759287528633, 0.13504960117396875, -0.03339446294529453], [0.03849613637632179, -0.0353423191747815, 0.9986335503874493]], "trans": [416.4321113659611, 394.2017753631053, 17.99075690084362]}], "rb_ScNup84_506-726_ScNup133C_882_1155_renamed_relative_3CQC_new_1.pdb_21": [{"rot": [[0.7936700951325651, -0.6074904023118316, -0.03229847041691611], [0.6082250566945836, 0.7913209446201449, 0.0622369907237692], [-0.01224991841336044, -0.06904037734897567, 0.9975386537845917]], "trans": [257.774148882534, 124.96692441169057, 31.987971905384313]}], "rb_4XMM.renamed.noAb_Nup145c_149-550_Sec13_Nup84_7-436_3IKO_updated_1.pdb_21": [{"rot": [[0.999970957771424, -0.0038919027751692778, 0.006552610662034433], [0.003982665024089818, 0.9998955182712077, -0.013895715903032256], [-0.0064978452586583885, 0.013921409193774947, 0.9998819792220743]], "trans": [-1.786057003608903, 0.947962255823029, -2.5080735514180788]}], "rb_4XMM.renamed.noAb_Nup145c_149-550_Sec13_Nup84_7-436_3IKO_updated_1.pdb_22": [{"rot": [[0.7116007123366036, 0.7024320647105372, 0.014615767804960822], [-0.7023015606817967, 0.7105706948224834, 0.04314864451410298], [0.019923455170967275, -0.04096928271258134, 0.9989617479203424]], "trans": [-316.3633916492063, 140.46156841039692, 21.92812661610492]}], "rb_4XMM.renamed.noAb_Nup145c_149-550_Sec13_Nup84_7-436_3IKO_updated_1.pdb_23": [{"rot": [[0.009762186216514701, 0.9981186657286814, 0.060529569999043506], [-0.9969602405387619, 0.005035867529004312, 0.07774907602745097], [0.07729798513005447, -0.061104575624296234, 0.995133786147675]], "trans": [-440.5417555428589, 462.22187045944816, 30.301633623779367]}], "rb_4XMM.renamed.noAb_Nup145c_149-550_Sec13_Nup84_7-436_3IKO_updated_1.pdb_24": [{"rot": [[-0.6943977160644763, 0.7099505202217601, 0.1173970645343779], [-0.70737816519921, -0.7033967137396447, 0.06963615799040813], [0.1320149359876975, -0.034688931046057095, 0.990640567884762]], "trans": [-301.57379886147066, 777.7372634375633, 17.731133901247347]}], "rb_4XMM.renamed.noAb_Nup145c_149-550_Sec13_Nup84_7-436_3IKO_updated_1.pdb_25": [{"rot": [[-0.9883721950955426, 0.006740590998579877, 0.15190447128049217], [-0.003196597504312864, -0.9997172539768934, 0.02356255218121848], [0.15202034642248197, 0.02280299396761502, 0.9881142837443951]], "trans": [19.133003262075533, 902.174498166301, -8.395391668799277]}], "rb_4XMM.renamed.noAb_Nup145c_149-550_Sec13_Nup84_7-436_3IKO_updated_1.pdb_26": [{"rot": [[-0.699946856020132, -0.6995608301419185, 0.14383686481107746], [0.7030649712301544, -0.7103370025921443, -0.033481173479252765], [0.125594764925424, 0.07769161910756828, 0.9890348665966078]], "trans": [333.7059975171607, 762.6366047717361, -32.748651122230115]}], "rb_4XMM.renamed.noAb_Nup145c_149-550_Sec13_Nup84_7-436_3IKO_updated_1.pdb_27": [{"rot": [[0.0019146707340997882, -0.995192411845593, 0.09792036274916815], [0.9976685557514218, -0.004778991108127795, -0.06807800018256978], [0.06821866973819937, 0.09782241383720365, 0.9928630260263551]], "trans": [457.86580172920037, 440.86696548388176, -41.038156789080574]}], "rb_4XMM.renamed.noAb_Nup145c_149-550_Sec13_Nup84_7-436_3IKO_updated_1.pdb_28": [{"rot": [[0.706052006546996, -0.7069690051451294, 0.041053499425309725], [0.7080312223363892, 0.7036309489798571, -0.05996061903067289], [0.01350378642442624, 0.07140247475969498, 0.9973561722626434]], "trans": [318.8797652768065, 125.36288874465606, -28.38379446649293]}], "rb_4XMM.renamed.noAb_Seh1_Nup85_47_544_3F3F_1.pdb_28": [{"rot": [[0.6548700420223692, -0.7242259509069549, 0.21596759037998803], [0.22323978442324433, 0.45839334513922453, 0.8602555084291738], [-0.7220174698110045, -0.5151430026361513, 0.4618641143482859]], "trans": [481.36684179238654, -62.84090283861565, 776.5288253343759]}], "rb_4XMM.renamed.noAb_Seh1_Nup85_47_544_3F3F_1.pdb_29": [{"rot": [[0.6073730518817033, -0.20045551744467988, 0.7687103234469355], [-0.34526353747266386, 0.8048663705299504, 0.4826833488756453], [-0.7154656284824372, -0.558576504264126, 0.4196441627668621]], "trans": [-3.4056962006822005, -200.28039038651434, 815.8781446433088]}], "rb_4XMM.renamed.noAb_Seh1_Nup85_47_544_3F3F_1.pdb_30": [{"rot": [[0.1730410086257922, 0.4142686089556815, 0.8935537638931939], [-0.713400600957163, 0.678221165389836, -0.17628282211041413], [-0.6790555145845794, -0.6069576348075522, 0.41289954911708837]], "trans": [-443.19683662602364, 46.452841604546286, 849.7729863507052]}], "rb_4XMM.renamed.noAb_Seh1_Nup85_47_544_3F3F_1.pdb_31": [{"rot": [[-0.3936882527242417, 0.7598323674386153, 0.5173628640128347], [-0.6655115235084382, 0.15264827658735297, -0.73061133014236], [-0.6341166862214014, -0.6319440458201504, 0.4455813631740545]], "trans": [-580.3688150281288, 532.8191036908112, 858.3812791682908]}], "rb_4XMM.renamed.noAb_Seh1_Nup85_47_544_3F3F_1.pdb_32": [{"rot": [[-0.7608167399869628, 0.6337996358358245, -0.1394844427525391], [-0.22965040193194494, -0.46396428703927184, -0.8555687191831153], [-0.6069749426855332, -0.618898345422345, 0.4985441374496117]], "trans": [-334.56243899488584, 973.8982985730304, 836.6841686877815]}], "rb_4XMM.renamed.noAb_Seh1_Nup85_47_544_3F3F_1.pdb_33": [{"rot": [[-0.7132754088121993, 0.11000216538173978, -0.6921977425527462], [0.3388491731109929, -0.8103961914804148, -0.4779531888334202], [-0.61353030003887, -0.5754628888515462, 0.5407615319980211]], "trans": [150.22736386279342, 1111.3001314677315, 797.4161330591039]}], "rb_4XMM.renamed.noAb_Seh1_Nup85_47_544_3F3F_1.pdb_34": [{"rot": [[-0.27891464133489724, -0.504712100187303, -0.8169897911072984], [0.7069521347162147, -0.6837027424246017, 0.181022758848896], [-0.6499425375132885, -0.5270827790068656, 0.5475020018275614]], "trans": [590.0058048339243, 864.5327880945343, 763.6049461340266]}], "rb_4XMM.renamed.noAb_Seh1_Nup85_47_544_3F3F_1.pdb_35": [{"rot": [[0.28781090036991847, -0.8502348766298136, -0.44075564680505425], [0.6590185777236222, -0.15810274870635962, 0.7353217221506699], [-0.6948808529837258, -0.5020997663948655, 0.514816884671463]], "trans": [727.146385660864, 378.15617441617906, 755.0816828521816]}], "rb_4XMM.renamed.noAb_Nup120_715-1036_Nup85_553-744_Nup145c_92-99_554-712_remaining_updated_1.pdb_35": [{"rot": [[0.9911165555977959, -0.09517623761669813, 0.09289487075771392], [0.0868810656128032, 0.9921817004345468, 0.08959438464991136], [-0.1006958472725978, -0.0807276725537303, 0.9916367224070077]], "trans": [24.920098430343273, -69.94306864069426, 99.61134823595793]}], "rb_4XMM.renamed.noAb_Nup120_715-1036_Nup85_553-744_Nup145c_92-99_554-712_remaining_updated_1.pdb_36": [{"rot": [[0.7619037667181434, 0.6304074830964076, 0.1486238726341036], [-0.6428695761958273, 0.7639984531807082, 0.05500065035327805], [-0.07887558724030615, -0.13745096868897885, 0.987363090734082]], "trans": [-345.38891805578896, 77.39498886272722, 128.45163888827705]}], "rb_4XMM.renamed.noAb_Nup120_715-1036_Nup85_553-744_Nup145c_92-99_554-712_remaining_updated_1.pdb_37": [{"rot": [[0.08536990896965524, 0.9828160817321144, 0.16365979387512133], [-0.9960784109144752, 0.08801768939753385, -0.008982519869924543], [-0.02323312188680496, -0.1622511505101078, 0.9864759430445021]], "trans": [-503.47459134565776, 444.21930850360644, 139.30851068511623]}], "rb_4XMM.renamed.noAb_Nup120_715-1036_Nup85_553-744_Nup145c_92-99_554-712_remaining_updated_1.pdb_38": [{"rot": [[-0.6421619446512106, 0.7556036322483848, 0.12919437981128945], [-0.7658307229203876, -0.6397615281620233, -0.06487288274024425], [0.03363540802506329, -0.1405999218237361, 0.989494982963606]], "trans": [-356.72619167880106, 815.6391484085893, 125.84585994718154]}], "rb_4XMM.renamed.noAb_Nup120_715-1036_Nup85_553-744_Nup145c_92-99_554-712_remaining_updated_1.pdb_39": [{"rot": [[-0.9944933760942144, 0.0818743912483252, 0.06541795596353898], [-0.08700885433290152, -0.9929958721646073, -0.0799290756341313], [0.05841561582665443, -0.08518087767666478, 0.9946516143383198]], "trans": [8.890912606765085, 974.0716461367736, 95.97430220131679]}], "rb_4XMM.renamed.noAb_Nup120_715-1036_Nup85_553-744_Nup145c_92-99_554-712_remaining_updated_1.pdb_40": [{"rot": [[-0.7652236649468618, -0.6436915523079313, 0.009691650669458374], [0.6427237728410865, -0.7647556832892541, -0.04533096846202691], [0.03659090638686637, -0.028459275538770708, 0.9989250098008338]], "trans": [379.1949799586495, 826.70492741595, 67.21702206520047]}], "rb_4XMM.renamed.noAb_Nup120_715-1036_Nup85_553-744_Nup145c_92-99_554-712_remaining_updated_1.pdb_41": [{"rot": [[-0.08866224070219902, -0.9960474382053255, -0.005339280688775329], [0.9958794963730113, -0.08874728236580914, 0.018653379761339076], [-0.01905349777606991, -0.0036634297170223444, 0.999811754034331]], "trans": [537.2585797740325, 459.86861073869125, 56.44444462140598]}], "rb_4XMM.renamed.noAb_Nup120_715-1036_Nup85_553-744_Nup145c_92-99_554-712_remaining_updated_1.pdb_42": [{"rot": [[0.6388516748011689, -0.768778220267173, 0.029130493414623343], [0.7655747139221695, 0.6390140776263212, 0.07454103566740891], [-0.07592032011740765, -0.025319096315225942, 0.9967923797637351]], "trans": [390.4877399235689, 88.46069960177977, 69.99130253103661]}], "rb_4XMM.renamed.noAb_Nup120_2-711_3F7F_updated_1.pdb_42": [{"rot": [[0.9814935943280007, 0.19026624077670345, 0.021658298959133924], [-0.18892922294032344, 0.9436773316431052, 0.2716226103661366], [0.031242167214635914, -0.2706877377415719, 0.9621601091419673]], "trans": [-108.0890523100087, 66.84197816882113, 151.83033254726416]}], "rb_4XMM.renamed.noAb_Nup120_2-711_3F7F_updated_1.pdb_43": [{"rot": [[0.5632465326332997, 0.7948192491139136, 0.22586656395881075], [-0.8235135546460018, 0.5175899302356816, 0.2322199160987884], [0.067666600260921, -0.31680123951243716, 0.9460751586700243]], "trans": [-342.22033466876724, 270.86349021197253, 169.5406227994415]}], "rb_4XMM.renamed.noAb_Nup120_2-711_3F7F_updated_1.pdb_44": [{"rot": [[-0.1799216911176152, 0.9221134560238393, 0.3425419088011678], [-0.9753645874918515, -0.21241963732540442, 0.059513184634944066], [0.12764053639900902, -0.3233955347532086, 0.9376157110295553]], "trans": [-364.0226707577231, 581.1544419825518, 169.80993027986952]}], "rb_4XMM.renamed.noAb_Nup120_2-711_3F7F_updated_1.pdb_45": [{"rot": [[-0.8126526527795032, 0.4975781202503292, 0.3033342713551902], [-0.555525845337211, -0.8187014732279659, -0.14532354556896254], [0.1760303982067084, -0.28660759233227956, 0.941737429926559]], "trans": [-160.7220313437639, 815.9421356261131, 152.5044957704647]}], "rb_4XMM.renamed.noAb_Nup120_2-711_3F7F_updated_1.pdb_46": [{"rot": [[-0.9642836335042709, -0.23008797256226027, 0.1312120384644195], [0.19005521693746713, -0.9460871294263963, -0.2622940297615873], [0.18448872234001742, -0.22798830762981834, 0.9560257543149338]], "trans": [148.5871158046615, 837.6847464949573, 127.78609171464944]}], "rb_4XMM.renamed.noAb_Nup120_2-711_3F7F_updated_1.pdb_47": [{"rot": [[-0.5459870667865213, -0.8346077651524053, -0.07299315892024694], [0.8246067003586981, -0.5199522923819027, -0.2228753090190633], [0.14806050325927333, -0.18187768415644093, 0.9721103823025957]], "trans": [382.70902436829425, 633.6452633664815, 110.15911263900409]}], "rb_4XMM.renamed.noAb_Nup120_2-711_3F7F_updated_1.pdb_48": [{"rot": [[0.19719302060889693, -0.9618450392917238, -0.1896550368775885], [0.9763993987624088, 0.21006724186364795, -0.0501594257563238], [0.08808590533986511, -0.17528797530264284, 0.9805687120211182]], "trans": [404.49369253091163, 323.35300920923885, 109.97369632763301]}], "rb_4XMM.renamed.noAb_Nup120_2-711_3F7F_updated_1.pdb_49": [{"rot": [[0.8298912546465158, -0.5372624057438378, -0.1504314223677153], [0.5565110091466583, 0.8163157368737795, 0.15467422031736447], [0.03969889368481269, -0.21207952542987382, 0.9764457346589415]], "trans": [201.1812678582951, 88.58167842450496, 127.3624671712941]}]}
