{"rb_ScNup133N_56-480_renamed_1.pdb_0": [{"rot": [[-0.6793852903406524, -0.43892296998282676, 0.588032527748425], [0.38749515011347957, -0.8951250258926495, -0.22045112079373852], [0.6231236923013596, 0.07808850390510848, 0.7782152977490114]], "trans": [932.0156505706888, 207.225114363084, -303.0421778654192]}], "rb_ScNup133N_56-480_renamed_1.pdb_1": [{"rot": [[-0.1961461700468367, -0.9406810775356271, 0.27684976131896555], [0.7886953770161345, -0.3191078674248087, -0.5254805145968473], [0.5826545136265007, 0.11527913650787594, 0.8045026031260955]], "trans": [485.1298698136001, -389.1001309170647, -264.479971804836]}], "rb_ScNup133N_56-480_renamed_1.pdb_2": [{"rot": [[0.4284843173864743, -0.889577130107908, -0.15828366732807528], [0.7294835161179999, 0.44395692255156205, -0.5203422437498858], [0.5331556897060806, 0.10749316493398009, 0.8391604316377823]], "trans": [-251.32702388835077, -493.5915006370157, -205.23015905844085]}], "rb_ScNup133N_56-480_renamed_1.pdb_3": [{"rot": [[0.828588825130974, -0.31554854066848553, -0.46246046030991694], [0.24454671042044104, 0.9470552308547661, -0.20804637976462295], [0.5036243295260984, 0.05929172111360828, 0.8618857386665434]], "trans": [-845.9262848230961, -45.03636029132889, -159.97811045424476]}], "rb_ScNup133N_56-480_renamed_1.pdb_4": [{"rot": [[0.7697804910763757, 0.4451306492859152, -0.457489563405016], [-0.3820322216899514, 0.8954649747946395, 0.22845975686469194], [0.5113603202721663, -0.0010881095229078458, 0.8593657189281012]], "trans": [-950.3413687462191, 693.7954810731926, -155.2091092172846]}], "rb_ScNup133N_56-480_renamed_1.pdb_5": [{"rot": [[0.28651006650937333, 0.946843844703428, -0.14628299810990958], [-0.7831945070199668, 0.3194084537938153, 0.5334647165640798], [0.5518318094877681, -0.03827497083308515, 0.8330766355175139]], "trans": [-503.4025339036077, 1290.0860300514282, -193.6928986139029]}], "rb_ScNup133N_56-480_renamed_1.pdb_6": [{"rot": [[-0.33811581974569693, 0.8956803815524188, 0.28885004161295813], [-0.7239336224350592, -0.443652299748478, 0.5282922933717077], [0.6013300281424063, -0.030484275126677313, 0.7984190041727793]], "trans": [233.06906175562924, 1394.5199921503668, -252.8611272929432]}], "rb_ScNup133N_56-480_renamed_1.pdb_7": [{"rot": [[-0.7381825162956187, 0.3216125379515788, 0.5930024857180713], [-0.23896542970354, -0.9467055372505399, 0.21597256572483398], [0.6308582218233107, 0.017720078202692557, 0.7756957540082448]], "trans": [827.6398865840756, 945.9185966487642, -298.0282077210128]}], "rb_ScNup133C_490_881_renamed_relative_3CQC_1.pdb_7": [{"rot": [[0.8752656725247328, 0.30024287518878834, -0.3791625224072122], [-0.3115049789451807, 0.9496740029691697, 0.03292318600741461], [0.3699657424575857, 0.08929447901682347, 0.9247442054021882]], "trans": [109.92221365858143, 183.5553613840758, -204.37733562024573]}], "rb_ScNup133C_490_881_renamed_relative_3CQC_1.pdb_8": [{"rot": [[0.40821868825488644, 0.8841303917562775, -0.22731245661501748], [-0.8158110595341652, 0.46505728145158615, 0.3437645125818052], [0.4096459662943182, 0.04511291768168635, 0.911128425062594]], "trans": [-112.42313589003209, 179.2277778495791, -186.5927404584766]}], "rb_ScNup133C_490_881_renamed_relative_3CQC_1.pdb_9": [{"rot": [[-0.27763666951355725, 0.9555495911933727, 0.09921118138395865], [-0.8409624073390245, -0.29166278830217374, 0.45575766297710973], [0.4644352583342216, 0.04310216572264447, 0.8845575697070515]], "trans": [-272.7524147709538, 333.8930973990265, -174.52478568552618]}], "rb_ScNup133C_490_881_renamed_relative_3CQC_1.pdb_10": [{"rot": [[-0.7805166616392993, 0.47266209945911175, 0.4091262404666203], [-0.37222500818166804, -0.8771889196773738, 0.3032954705883383], [0.5022372787713028, 0.08444014998890714, 0.8605972210518984]], "trans": [-277.14055743364383, 556.9463118545259, -175.21904446436457]}], "rb_ScNup133C_490_881_renamed_relative_3CQC_1.pdb_11": [{"rot": [[-0.8058270981271909, -0.2816497820749416, 0.5208801092200109], [0.31580816031419634, -0.9485116489959691, -0.02430756256625413], [0.5009070710250311, 0.1449104964317195, 0.8532836891802392]], "trans": [-123.01501469422334, 717.719819932901, -188.24480531211287]}], "rb_ScNup133C_490_881_renamed_relative_3CQC_1.pdb_12": [{"rot": [[-0.3387407684054713, -0.8654995174086094, 0.3690057955988454], [0.8200775667760157, -0.463849115772644, -0.33513696046193975], [0.4612238895491021, 0.18908882347299727, 0.8669013441832912]], "trans": [99.33721067966667, 722.0303504905553, -205.94738895974587]}], "rb_ScNup133C_490_881_renamed_relative_3CQC_1.pdb_13": [{"rot": [[0.3471165696576275, -0.9368596993021611, 0.04247341395022419], [0.8451750826998251, 0.2928765342886599, -0.44710447911691564], [0.4064347015849734, 0.19109484421754863, 0.8934727717513309]], "trans": [259.66096323688737, 567.3528507435138, -217.9323673988638]}], "rb_ScNup133C_490_881_renamed_relative_3CQC_1.pdb_14": [{"rot": [[0.8499600168362752, -0.45392652702378944, -0.267429762449509], [0.376398229382483, 0.8783647455503641, -0.29461796736108403], [0.36863578596958213, 0.14975340342832288, 0.9174320549578717]], "trans": [264.0382415037717, 344.29969779151924, -217.1547663704489]}], "rb_ScNup84_506-726_ScNup133C_882_1155_renamed_relative_3CQC_new_1.pdb_14": [{"rot": [[-0.964419441017615, 0.19601177244874002, -0.17741061650526052], [0.22478408126712535, 0.25471092712087945, -0.9405288195553174], [-0.13916629834901706, -0.9469433608546647, -0.2897084961424275]], "trans": [1117.5925432847034, 370.44350101243407, 737.8454141617162]}], "rb_ScNup84_506-726_ScNup133C_882_1155_renamed_relative_3CQC_new_1.pdb_15": [{"rot": [[-0.5279981979303968, 0.2998094095684141, -0.7945641704208004], [0.8306169347468955, -0.01257909272799762, -0.5567021413088102], [-0.17689943666933372, -0.9539161830896787, -0.24238503449201032]], "trans": [752.3377224944817, -344.52209584166746, 770.4783685839657]}], "rb_ScNup84_506-726_ScNup133C_882_1155_renamed_relative_3CQC_new_1.pdb_16": [{"rot": [[0.20775910047164967, 0.18482137430072065, -0.960560886031076], [0.9492539146766775, -0.27513427914571054, 0.1523749779654625], [-0.23612107411710614, -0.9434734697067878, -0.23260406341511095]], "trans": [-10.004988255544646, -590.7761127108311, 832.4811834544731]}], "rb_ScNup84_506-726_ScNup133C_882_1155_renamed_relative_3CQC_new_1.pdb_17": [{"rot": [[0.8118354546066985, -0.08159072096322859, -0.5781575467778979], [0.5111958054321885, -0.3791461019006352, 0.7713151638092504], [-0.28213834045034136, -0.9217327094479479, -0.26609541368026907]], "trans": [-722.8425666365247, -224.05935753628307, 887.5557404835924]}], "rb_ScNup84_506-726_ScNup133C_882_1155_renamed_relative_3CQC_new_1.pdb_18": [{"rot": [[0.9303544187458442, -0.34335891440726846, 0.1286285793171384], [-0.22693677597180933, -0.2636829686562355, 0.9375345282986417], [-0.2879936722075749, -0.9014299462175072, -0.3232393800741164]], "trans": [-968.5827948837612, 540.8004405896571, 903.4625925135977]}], "rb_ScNup84_506-726_ScNup133C_882_1155_renamed_relative_3CQC_new_1.pdb_19": [{"rot": [[0.49388591257898196, -0.44713570738035313, 0.7457522139031829], [-0.8327353556794564, 0.003615189102740231, 0.5536594240227125], [-0.2502569334852415, -0.8944588249848194, -0.37056022135321104]], "trans": [-603.2656690135418, 1255.7377441968397, 870.907286239885]}], "rb_ScNup84_506-726_ScNup133C_882_1155_renamed_relative_3CQC_new_1.pdb_20": [{"rot": [[-0.24188065877540416, -0.33212719130606866, 0.9116936303964831], [-0.9513145839380395, 0.26616134165705946, -0.1554307002947281], [-0.19103483791489984, -0.9049031268608019, -0.3803367214723972]], "trans": [159.10280100714874, 1501.932317011376, 808.9851840085996]}], "rb_ScNup84_506-726_ScNup133C_882_1155_renamed_relative_3CQC_new_1.pdb_21": [{"rot": [[-0.8459228635092583, -0.06570697652080765, 0.5292420072412914], [-0.513209076866562, 0.37015225093965143, -0.7743408516577702], [-0.145020524113204, -0.926644432541848, -0.346841668813204]], "trans": [871.918329384026, 1135.1600237302137, 753.9951313096572]}], "rb_4XMM.renamed.noAb_Nup145c_149-550_Sec13_Nup84_7-436_3IKO_updated_1.pdb_21": [{"rot": [[0.9970248076542405, -0.03660178845670533, 0.06783687790424298], [0.039444016739456696, 0.9983785091152861, -0.04104292972237069], [-0.06622463639373219, 0.04359657805962059, 0.996851862573376]], "trans": [-3.624309914500145, -10.42843390727154, 17.513920567829416]}], "rb_4XMM.renamed.noAb_Nup145c_149-550_Sec13_Nup84_7-436_3IKO_updated_1.pdb_22": [{"rot": [[0.7333312085731765, 0.6787598254166509, 0.03886435298524146], [-0.6785907163748979, 0.7342600288298677, -0.019412617354809432], [-0.04171304571002826, -0.012137110987330883, 0.9990559105247683]], "trans": [-325.2910327466608, 134.86610452389004, 42.487061906267456]}], "rb_4XMM.renamed.noAb_Nup145c_149-550_Sec13_Nup84_7-436_3IKO_updated_1.pdb_23": [{"rot": [[0.04066525484798905, 0.9986071393930582, 0.03361723072117274], [-0.9990593853125578, 0.04013063992454441, 0.016427913992345937], [0.01505595121676006, -0.034253655169324874, 0.9992997575505052]], "trans": [-450.4092496351392, 465.7413750802524, 50.89113239131149]}], "rb_4XMM.renamed.noAb_Nup145c_149-550_Sec13_Nup84_7-436_3IKO_updated_1.pdb_24": [{"rot": [[-0.6751995712391592, 0.7355690870980099, 0.05516934931875218], [-0.7342269252016099, -0.6773788743555615, 0.045482775704439815], [0.07082627554406351, -0.009796871061276347, 0.9974405546246672]], "trans": [-305.68103162054257, 788.3660957237631, 37.826913936615426]}], "rb_4XMM.renamed.noAb_Nup145c_149-550_Sec13_Nup84_7-436_3IKO_updated_1.pdb_25": [{"rot": [[-0.9948995608723692, 0.04373706840248323, 0.09089517381864554], [-0.03923592531273562, -0.9979413236610128, 0.05073122011697748], [0.09292688491937473, 0.04690611236566393, 0.9945674490359713]], "trans": [24.111703855567725, 913.742272888072, 10.971614819606941]}], "rb_4XMM.renamed.noAb_Nup145c_149-550_Sec13_Nup84_7-436_3IKO_updated_1.pdb_26": [{"rot": [[-0.7311499523546529, -0.6716039653102188, 0.11986601249468978], [0.6787780872460643, -0.7337667052581412, 0.02909863449002812], [0.06841093075204421, 0.10263788790792802, 0.9923635465490641]], "trans": [345.77363561298006, 768.4228909814083, -13.918547176066284]}], "rb_4XMM.renamed.noAb_Nup145c_149-550_Sec13_Nup84_7-436_3IKO_updated_1.pdb_27": [{"rot": [[-0.03845898522516883, -0.9913971501826205, 0.12511033956163292], [0.9991923799202683, -0.039612235469468404, -0.006742307496683933], [0.011640204668247937, 0.12474999563482249, 0.9921199243158014]], "trans": [470.87258193422883, 437.5382097231599, -22.238559300868303]}], "rb_4XMM.renamed.noAb_Nup145c_149-550_Sec13_Nup84_7-436_3IKO_updated_1.pdb_28": [{"rot": [[0.6773852050289954, -0.7283031294325619, 0.10355595427864799], [0.7343037422198007, 0.6778766097247774, -0.03579547667006082], [-0.04412820152488843, 0.10028885105921363, 0.9939792996755014]], "trans": [326.12572950844634, 114.92525766359438, -9.090436238732309]}], "rb_4XMM.renamed.noAb_Seh1_Nup85_47_544_3F3F_1.pdb_28": [{"rot": [[0.6947171797488217, -0.7010921692580325, 0.16074143948251854], [0.34616313662498627, 0.5217776768926053, 0.7796916946707265], [-0.6305070364427323, -0.4860224543183419, 0.6051801805202982]], "trans": [467.34410387214393, -129.30461582391945, 678.9381685775096]}], "rb_4XMM.renamed.noAb_Seh1_Nup85_47_544_3F3F_1.pdb_29": [{"rot": [[0.7240911237103037, -0.13879402548984981, 0.6755947476500058], [-0.28115635632840663, 0.8350588858590368, 0.4728929693323859], [-0.6297961161043201, -0.5323653591624739, 0.5656359045390652]], "trans": [-62.13250493969167, -243.01529006339626, 721.735227258368]}], "rb_4XMM.renamed.noAb_Seh1_Nup85_47_544_3F3F_1.pdb_30": [{"rot": [[0.3026758549956869, 0.479786610794648, 0.8235242163438892], [-0.7453946163281828, 0.6576232341242085, -0.10917210215517381], [-0.59394797141803, -0.5808067579171264, 0.5566770313262488]], "trans": [-516.8195135702972, 52.200984158451945, 756.5814690031038]}], "rb_4XMM.renamed.noAb_Seh1_Nup85_47_544_3F3F_1.pdb_31": [{"rot": [[-0.3226576200267172, 0.7922764808730307, 0.5178706769977834], [-0.7745943249070077, 0.09341502831707266, -0.6255215937970322], [-0.5439629509999311, -0.602968996168102, 0.5835517951300295]], "trans": [-630.3529479377786, 583.4024676481796, 763.0874789668292]}], "rb_4XMM.renamed.noAb_Seh1_Nup85_47_544_3F3F_1.pdb_32": [{"rot": [[-0.785580134486786, 0.6156146127462134, -0.06230971732445767], [-0.35164988106351447, -0.5270446092648482, -0.7736706928615562], [-0.5091229845997333, -0.5858691222604193, 0.6305165803799823]], "trans": [-336.22140802897724, 1039.4039582317655, 737.4659496792395]}], "rb_4XMM.renamed.noAb_Seh1_Nup85_47_544_3F3F_1.pdb_33": [{"rot": [[-0.8149051522063584, 0.053292019695226886, -0.5771391110853057], [0.2756718964821198, -0.8402816744451759, -0.46683156821445165], [-0.5098378157781989, -0.5395244834374213, 0.6700587536732135]], "trans": [193.2706161620825, 1153.0734698995086, 694.7503391617543]}], "rb_4XMM.renamed.noAb_Seh1_Nup85_47_544_3F3F_1.pdb_34": [{"rot": [[-0.3934536643225581, -0.5652747945220995, -0.7250231863252037], [0.7398770652065998, -0.6627974777986547, 0.11524509449435066], [-0.5456886863518629, -0.4910844225810275, 0.6790139523499044]], "trans": [647.9411443660003, 857.821916771509, 659.9880592468111]}], "rb_4XMM.renamed.noAb_Seh1_Nup85_47_544_3F3F_1.pdb_35": [{"rot": [[0.23188210509630475, -0.877720668345175, -0.4193293666031586], [0.7690276919782457, -0.09856476424798993, 0.63157057896909], [-0.5956736508413978, -0.46892581034577124, 0.6521360947569481]], "trans": [761.4396836457372, 326.61193851222816, 653.5673485579171]}], "rb_4XMM.renamed.noAb_Nup120_715-1036_Nup85_553-744_Nup145c_92-99_554-712_remaining_updated_1.pdb_35": [{"rot": [[0.994502098889906, -0.05133116066653685, 0.09127259856165931], [0.04158026530868119, 0.9935285869374997, 0.10569781679313392], [-0.09610752749098958, -0.1013215617852459, 0.9902006282955829]], "trans": [1.0909236515575458, -51.804973882737954, 109.08944397532343]}], "rb_4XMM.renamed.noAb_Nup120_715-1036_Nup85_553-744_Nup145c_92-99_554-712_remaining_updated_1.pdb_36": [{"rot": [[0.7324580321003069, 0.6620335206327251, 0.15879813843488555], [-0.6770234902437354, 0.7328642185826411, 0.06744798573304832], [-0.07172464618202469, -0.15691288882655224, 0.985004528136886]], "trans": [-349.3078797664806, 107.56030512116945, 136.2842492494138]}], "rb_4XMM.renamed.noAb_Nup120_715-1036_Nup85_553-744_Nup145c_92-99_554-712_remaining_updated_1.pdb_37": [{"rot": [[0.04055780174613466, 0.9829030526936036, 0.17960137450230207], [-0.9990644592171847, 0.0425927975895678, -0.0074873174480629134], [-0.015009032167171824, -0.17912968095513662, 0.983710977042706]], "trans": [-484.8318294063486, 468.76229319776235, 145.3701672662632]}], "rb_4XMM.renamed.noAb_Nup120_715-1036_Nup85_553-744_Nup145c_92-99_554-712_remaining_updated_1.pdb_38": [{"rot": [[-0.6758736814378881, 0.7233075393744339, 0.14149547774998777], [-0.7358865012093576, -0.6729149447969416, -0.07520993555892988], [0.0408145081735106, -0.15495702808530534, 0.9870777554830843]], "trans": [-326.08717134205847, 820.2038895789204, 131.04854404134386]}], "rb_4XMM.renamed.noAb_Nup120_715-1036_Nup85_553-744_Nup145c_92-99_554-712_remaining_updated_1.pdb_39": [{"rot": [[-0.9971407529186482, 0.03532169267432361, 0.0668034197885925], [-0.041662974830447314, -0.9945044844277026, -0.09604700402129145], [0.06304375779653201, -0.09855561110261098, 0.9931325571760711]], "trans": [33.93314877191392, 956.0057685732313, 101.7331932958873]}], "rb_4XMM.renamed.noAb_Nup120_715-1036_Nup85_553-744_Nup145c_92-99_554-712_remaining_updated_1.pdb_40": [{"rot": [[-0.7350406323570089, -0.678022677809364, -0.0007191386700810716], [0.6769201896150584, -0.7337841345745066, -0.05779187432723085], [0.038656508840306816, -0.04296617533549538, 0.9983283939172107]], "trans": [384.32606446555343, 796.6133914545137, 74.62146574421428]}], "rb_4XMM.renamed.noAb_Nup120_715-1036_Nup85_553-744_Nup145c_92-99_554-712_remaining_updated_1.pdb_41": [{"rot": [[-0.043115265989678075, -0.9988383816916613, -0.02151653081286777], [0.9989068423723642, -0.043487552338288826, 0.017145059151142478], [-0.018060844396397966, -0.020753796067379163, 0.9996214712822457]], "trans": [519.8283785246788, 435.401176966609, 65.61979856263969]}], "rb_4XMM.renamed.noAb_Nup120_715-1036_Nup85_553-744_Nup145c_92-99_554-712_remaining_updated_1.pdb_42": [{"rot": [[0.673295710417696, -0.7391870561368938, 0.0165946489207061], [0.7356726622444361, 0.6719997912251647, 0.08486468417143544], [-0.07388247667284008, -0.04493079826807244, 0.9962542863183474]], "trans": [361.06283813009014, 83.9724502439359, 80.0255002108238]}], "rb_4XMM.renamed.noAb_Nup120_2-711_3F7F_updated_1.pdb_42": [{"rot": [[0.9668555468006541, 0.25530745993464377, 0.0029073222262720813], [-0.23645266714500413, 0.8910395790088494, 0.38747723138236806], [0.09633528855420012, -0.37532195451565525, 0.9218746892271892]], "trans": [-130.7962685729583, 90.43322485418133, 186.95181972866328]}], "rb_4XMM.renamed.noAb_Nup120_2-711_3F7F_updated_1.pdb_43": [{"rot": [[0.5206522965735535, 0.8017521164336276, 0.29345311357503434], [-0.8430516988825276, 0.4285042391353032, 0.32503530585823737], [0.13485184123313765, -0.416626524404379, 0.8990202000393311]], "trans": [-340.9925325975555, 305.5710508716682, 202.70025469641126]}], "rb_4XMM.renamed.noAb_Nup120_2-711_3F7F_updated_1.pdb_44": [{"rot": [[-0.22256453813637223, 0.8622505196949161, 0.4549605121875846], [-0.9552913138366329, -0.28604800085370163, 0.07480004622912476], [0.19463692371290142, -0.41797198768990096, 0.8873645730105131]], "trans": [-338.0282261554043, 606.7408084197338, 201.0398863280982]}], "rb_4XMM.renamed.noAb_Nup120_2-711_3F7F_updated_1.pdb_45": [{"rot": [[-0.8274080561986789, 0.40136185206056, 0.39281620670237033], [-0.5074199629886342, -0.8340223635860213, -0.21663720409707485], [0.24066759170718272, -0.3785701530085299, 0.8937358387985576]], "trans": [-123.63796841777395, 817.5131238283188, 182.9673867262624]}], "rb_4XMM.renamed.noAb_Nup120_2-711_3F7F_updated_1.pdb_46": [{"rot": [[-0.9395523964388629, -0.31091880643902053, 0.14342520750733767], [0.23819300134866334, -0.8944077409345493, -0.3785483946140441], [0.24597843087251298, -0.32150317068248213, 0.9144016200699807]], "trans": [176.5873180692612, 814.4147196366068, 159.09388588109016]}], "rb_4XMM.renamed.noAb_Nup120_2-711_3F7F_updated_1.pdb_47": [{"rot": [[-0.49330182310902704, -0.8573274028974868, -0.14711572165597475], [0.844756991523674, -0.43182952741469693, -0.3160836669691563], [0.20745827674300943, -0.2802016836028071, 0.9372556107684664]], "trans": [386.7733406443205, 599.2608015027811, 143.42882210523186]}], "rb_4XMM.renamed.noAb_Nup120_2-711_3F7F_updated_1.pdb_48": [{"rot": [[0.24992378580112645, -0.9177700771482593, -0.30860360785659735], [0.9569382695396154, 0.28272743714079523, -0.06583573936944644], [0.14767277874190846, -0.27886068525174634, 0.9489096209015733]], "trans": [383.79207699927974, 298.09168513506177, 145.17301553717118]}], "rb_4XMM.renamed.noAb_Nup120_2-711_3F7F_updated_1.pdb_49": [{"rot": [[0.8547323891109446, -0.4568386583735285, -0.24643657037900996], [0.5090194609787287, 0.8306656076421202, 0.22559662370139622], [0.10164512457377689, -0.31826575137142776, 0.9425365670117842]], "trans": [169.39190675248494, 87.33660218137948, 163.32869797253693]}]}
