{"rb_ScNup133N_56-480_renamed_1.pdb_0": [{"rot": [[-0.7568422145285546, -0.23962767635155596, 0.6080858812979191], [0.2689854143326283, -0.9621223846120485, -0.04435497609884775], [0.5956817180204688, 0.12999651439472917, 0.7926311860262649]], "trans": [941.3035852040409, 240.08336797558516, -300.65700568873575]}], "rb_ScNup133N_56-480_renamed_1.pdb_1": [{"rot": [[-0.33514927561593477, -0.8455985432958876, 0.41549737259095465], [0.7579053715473899, -0.5039479604719831, -0.4142654956857265], [0.5596913531882786, 0.17606690975876443, 0.8097814720369145]], "trans": [514.926357980667, -372.27448220428755, -263.65145214100676]}], "rb_ScNup133N_56-480_renamed_1.pdb_2": [{"rot": [[0.30777858086073595, -0.9512777631853787, 0.018519244919086353], [0.8043536205874685, 0.24974710839898429, -0.5391118945953388], [0.5082200293290113, 0.18082311554490926, 0.84203052359962]], "trans": [-218.3247542621599, -502.6458543096261, -204.53124159494752]}], "rb_ScNup133N_56-480_renamed_1.pdb_3": [{"rot": [[0.7953051512946471, -0.4947569589317651, -0.3502931171359051], [0.38112012224487457, 0.8574376235557698, -0.34575739201220923], [0.47142037370509243, 0.14147887934113842, 0.8704863915973214]], "trans": [-828.8989977926452, -74.65724352959694, -157.90582208222196]}], "rb_ScNup133N_56-480_renamed_1.pdb_4": [{"rot": [[0.841830496600971, 0.2565275453898462, -0.4748842316279008], [-0.26385897255897345, 0.963129912783265, 0.05252821815197846], [0.47085014345615767, 0.08108260946935135, 0.8784792273292267]], "trans": [-959.1114583145334, 660.969704096626, -151.0650168706132]}], "rb_ScNup133N_56-480_renamed_1.pdb_5": [{"rot": [[0.42009941349189406, 0.8624626940363446, -0.2822668669527755], [-0.752745815882745, 0.5049079427907253, 0.4224236096359398], [0.5068433875022794, 0.03501529240784612, 0.8613267149246016]], "trans": [-532.6799271191453, 1273.2944671048192, -187.99226120724853]}], "rb_ScNup133N_56-480_renamed_1.pdb_6": [{"rot": [[-0.22283208313901426, 0.9680831332450152, 0.11472100875794039], [-0.7991436016028836, -0.24879539547044272, 0.5472388465833502], [0.5583147559764985, 0.030263812040423, 0.8290770380005003]], "trans": [200.5879054739348, 1403.6086823408043, -247.03104978439518]}], "rb_ScNup133N_56-480_renamed_1.pdb_7": [{"rot": [[-0.7103256572312661, 0.5115149204792264, 0.48351830038386223], [-0.3758718526357538, -0.8564500592297777, 0.35385540329557613], [0.595111595480322, 0.0696116525621917, 0.8006225120195064]], "trans": [811.1353173945049, 975.5725618840864, -293.5716229054554]}], "rb_ScNup133C_490_881_renamed_relative_3CQC_1.pdb_7": [{"rot": [[0.8471103512859894, 0.31234972400506733, -0.42993220704907875], [-0.27988157022591, 0.9499629417668949, 0.13869648848284466], [0.4517414740667638, 0.002838870118751502, 0.8921443725229914]], "trans": [139.71380752802924, 129.64546858910484, -220.4316574181745]}], "rb_ScNup133C_490_881_renamed_relative_3CQC_1.pdb_8": [{"rot": [[0.41216899932501394, 0.891208002179881, -0.18938060314078528], [-0.7688970861154864, 0.4517493509433359, 0.45245971631228654], [0.48878828439165445, -0.040875674585571536, 0.8714443139229513]], "trans": [-129.6259174286272, 119.18734619645343, -198.8714915790328]}], "rb_ScNup133C_490_881_renamed_relative_3CQC_1.pdb_9": [{"rot": [[-0.24019769684853814, 0.9494853435979694, 0.20194714338486985], [-0.8060150510731053, -0.31101373749884315, 0.5035972523064693], [0.540966545982543, -0.041809536946157355, 0.8400042611487579]], "trans": [-327.5188108316387, 302.85517163456996, -183.9505950196429]}], "rb_ScNup133C_490_881_renamed_relative_3CQC_1.pdb_10": [{"rot": [[-0.7278241282457842, 0.45304205994610225, 0.5148057208919319], [-0.36949123786328775, -0.8914889513906672, 0.26215200684074313], [0.5777094974859984, 0.0005843527752845967, 0.8162422404202777]], "trans": [-338.03451209646033, 573.0538598406467, -184.3858344279501]}], "rb_ScNup133C_490_881_renamed_relative_3CQC_1.pdb_11": [{"rot": [[-0.7650518558215345, -0.30729837336215665, 0.565918163370821], [0.28495254874988846, -0.9496257257337896, -0.13043399091310826], [0.5774925998356804, 0.06147105622608844, 0.8140783785247466]], "trans": [-155.01086181150845, 771.4973262572395, -199.89823552050603]}], "rb_ScNup133C_490_881_renamed_relative_3CQC_1.pdb_12": [{"rot": [[-0.3300723518509564, -0.8861178096947199, 0.3253420813319653], [0.7739339109110336, -0.4513667183894914, -0.4441783280083105], [0.5404429147334019, 0.1051822840222546, 0.8347802962710194]], "trans": [114.33621839208746, 781.9347069998113, -221.37641011124936]}], "rb_ScNup133C_490_881_renamed_relative_3CQC_1.pdb_13": [{"rot": [[0.3222972570289799, -0.9443356618939198, -0.06598966424351699], [0.8110006720289427, 0.311400918687934, -0.4952851479793413], [0.4882646701126378, 0.10611138259247724, 0.8662205183462892]], "trans": [312.2213244764936, 598.2517540574748, -236.21413578147434]}], "rb_ScNup133C_490_881_renamed_relative_3CQC_1.pdb_14": [{"rot": [[0.8098896555249223, -0.4478470912697492, -0.37882941901989586], [0.37443860079941294, 0.8918371486748483, -0.25381535508100905], [0.4515246173854808, 0.06371407289402989, 0.8899809193517317]], "trans": [322.722484456733, 328.0526479886663, -235.69525872044483]}], "rb_ScNup84_506-726_ScNup133C_882_1155_renamed_relative_3CQC_new_1.pdb_14": [{"rot": [[0.9820631336563808, 0.14125545231460165, 0.12489555117938983], [-0.17422095083605096, 0.9331056311788086, 0.3145805800620505], [-0.07210451998861514, -0.3306974119248458, 0.9409782994009037]], "trans": [-68.64575770616023, 32.299904226060846, 157.14191952814303]}], "rb_ScNup84_506-726_ScNup133C_882_1155_renamed_relative_3CQC_new_1.pdb_15": [{"rot": [[0.571976420226497, 0.7514341701990296, 0.32892197032453435], [-0.8194674093067592, 0.541199211065398, 0.18861754697338068], [-0.03627864094679556, -0.377425624195659, 0.9253290000921657]], "trans": [-338.5041252858432, 218.94652798237107, 177.78441673190633]}], "rb_ScNup84_506-726_ScNup133C_882_1155_renamed_relative_3CQC_new_1.pdb_16": [{"rot": [[-0.17293511151866575, 0.9068017646153795, 0.3844528669348906], [-0.9846432253497696, -0.16864119389162707, -0.04514273469347943], [0.023899078995347767, -0.38635567475221155, 0.9220401979360411]], "trans": [-397.8260428043909, 542.2997515552138, 180.98071305453803]}], "rb_ScNup84_506-726_ScNup133C_882_1155_renamed_relative_3CQC_new_1.pdb_17": [{"rot": [[-0.8162917830301935, 0.5163417080714723, 0.2589574587904695], [-0.5729860769480801, -0.7805810657187315, -0.2497601959181118], [0.07317568298985598, -0.35225621406476193, 0.9330385196076978]], "trans": [-211.85798120113733, 812.9348140903446, 164.8823779436491]}], "rb_ScNup84_506-726_ScNup133C_882_1155_renamed_relative_3CQC_new_1.pdb_18": [{"rot": [[-0.981206184807565, -0.1912089928224738, 0.02595272546752796], [0.17434947399880643, -0.936137399147405, -0.3053670428089234], [0.08268424161662993, -0.29510318700641386, 0.9518809931955441]], "trans": [110.45926022632659, 872.3099967954818, 138.94404799490948]}], "rb_ScNup84_506-726_ScNup133C_882_1155_renamed_relative_3CQC_new_1.pdb_19": [{"rot": [[-0.5710691349965316, -0.8013571610179024, -0.17806387488661507], [0.8195637243149358, -0.5441831007108294, -0.1793880004007359], [0.04685450716142879, -0.2483776426856293, 0.967529431992942]], "trans": [380.30961011595235, 685.6425972470593, 118.38476752393001]}], "rb_ScNup84_506-726_ScNup133C_882_1155_renamed_relative_3CQC_new_1.pdb_20": [{"rot": [[0.17385529969120156, -0.9566693964967606, -0.23357654115043772], [0.9846810686441906, 0.16566947501124157, 0.05437663195923667], [-0.013323956732634784, -0.23945206379569853, 0.9708167599093886]], "trans": [439.6128419517278, 362.2851269060559, 115.27245781765129]}], "rb_ScNup84_506-726_ScNup133C_882_1155_renamed_relative_3CQC_new_1.pdb_21": [{"rot": [[0.8171798819810309, -0.566161601813012, -0.10806517069799827], [0.5729734385239373, 0.7775786802395007, 0.258984236553206], [-0.06259775740007746, -0.27355518030100534, 0.9598172139001052]], "trans": [253.63019968795015, 91.66506803374341, 131.45435868676526]}], "rb_4XMM.renamed.noAb_Nup145c_149-550_Sec13_Nup84_7-436_3IKO_updated_1.pdb_21": [{"rot": [[0.999572519916865, -0.028962764719076536, 0.003991952764767141], [0.029070665245948417, 0.9991174103844918, -0.03031990581689166], [-0.003110281210232165, 0.03042299338353459, 0.9995322744285844]], "trans": [10.628924654410298, -6.153054079559922, -10.794539734701573]}], "rb_4XMM.renamed.noAb_Nup145c_149-550_Sec13_Nup84_7-436_3IKO_updated_1.pdb_22": [{"rot": [[0.7290719921538226, 0.6844359392761624, 0.0012146127010940564], [-0.6840859143320742, 0.7286400104317058, 0.03331961900342828], [0.02192012931773965, -0.025123300444823103, 0.9994440092898914]], "trans": [-312.73184773369337, 126.213516641381, 14.376528510526555]}], "rb_4XMM.renamed.noAb_Nup145c_149-550_Sec13_Nup84_7-436_3IKO_updated_1.pdb_23": [{"rot": [[0.035029624941968374, 0.9984123960643331, 0.04410910066530502], [-0.9962780805001862, 0.03140841227244873, 0.08027140184018407], [0.07875856582803827, -0.04675680724344726, 0.995796610400492]], "trans": [-448.16121807123886, 449.1527286907545, 23.641074444593983]}], "rb_4XMM.renamed.noAb_Nup145c_149-550_Sec13_Nup84_7-436_3IKO_updated_1.pdb_24": [{"rot": [[-0.6759747770086155, 0.7290347701908844, 0.10754722079568492], [-0.7246192604075645, -0.6841292829260526, 0.0830304262874662], [0.13410827079097593, -0.021804313697258004, 0.9907267754581204]], "trans": [-316.32083832110646, 773.4823550023269, 11.59580133041328]}], "rb_4XMM.renamed.noAb_Nup145c_149-550_Sec13_Nup84_7-436_3IKO_updated_1.pdb_25": [{"rot": [[-0.9874248098732102, 0.03410827311700781, 0.15436602784236345], [-0.028251021253830687, -0.9988010042350142, 0.03998041692181209], [0.15554460660842387, 0.03511665764422797, 0.9872044852566908]], "trans": [5.557251448985767, 909.205644230228, -14.678995102191493]}], "rb_4XMM.renamed.noAb_Nup145c_149-550_Sec13_Nup84_7-436_3IKO_updated_1.pdb_26": [{"rot": [[-0.7168686529542725, -0.6792693547078112, 0.15713840449221692], [0.684884303672586, -0.7282676204403757, -0.023659323765246015], [0.13050986550618596, 0.09066099918347229, 0.9872931470604922]], "trans": [328.9142411099153, 776.8140966415543, -39.76716372718391]}], "rb_4XMM.renamed.noAb_Nup145c_149-550_Sec13_Nup84_7-436_3IKO_updated_1.pdb_27": [{"rot": [[-0.022801917816728856, -0.9931914402792416, 0.11424025341325039], [0.9970219858217096, -0.031011402289748247, -0.07060773835888581], [0.07366975181180277, 0.1122900524715699, 0.9909408215347264]], "trans": [464.3249601240199, 453.8646643297515, -48.94769671967936]}], "rb_4XMM.renamed.noAb_Nup145c_149-550_Sec13_Nup84_7-436_3IKO_updated_1.pdb_28": [{"rot": [[0.6881813157548825, -0.7237579995681327, 0.050801916371452684], [0.7253073698492649, 0.6845051263115552, -0.07336178361750735], [0.01832200557304705, 0.08733321312270191, 0.9960106495401765]], "trans": [332.4658133409625, 129.5457951252489, -36.818503505972046]}], "rb_4XMM.renamed.noAb_Seh1_Nup85_47_544_3F3F_1.pdb_28": [{"rot": [[0.6248376745401573, -0.7602387321465577, 0.17780593527620941], [0.24815789461818538, 0.40930833306182846, 0.8780001980778942], [-0.7402672083875677, -0.5044836554640262, 0.44441051017694844]], "trans": [526.2688481296395, -53.79184991929105, 784.8658642500421]}], "rb_4XMM.renamed.noAb_Seh1_Nup85_47_544_3F3F_1.pdb_29": [{"rot": [[0.6032880748826023, -0.26038019171592536, 0.753820704455924], [-0.30752938663218304, 0.7961528437788464, 0.5211202603051364], [-0.73584589083726, -0.5462076574937758, 0.4002349557860799]], "trans": [34.97152652464786, -225.04691331440188, 824.8997779589356]}], "rb_4XMM.renamed.noAb_Seh1_Nup85_47_544_3F3F_1.pdb_30": [{"rot": [[0.19634428462496736, 0.3658870631331822, 0.9097118109197487], [-0.6850137302869538, 0.7150050141586821, -0.1397283759524154], [-0.7015733113605923, -0.5957302130660503, 0.3910248099888496]], "trans": [-433.2714041988664, 2.413194402704235, 861.1561763781099]}], "rb_4XMM.renamed.noAb_Seh1_Nup85_47_544_3F3F_1.pdb_31": [{"rot": [[-0.35760028599238247, 0.7516868441418648, 0.5541560464365737], [-0.6631594853039166, 0.2134023869772254, -0.7174112616093165], [-0.6575268302583664, -0.6240403108585777, 0.4221755060563308]], "trans": [-604.1547196584814, 495.3392517390072, 872.4195549995815]}], "rb_4XMM.renamed.noAb_Seh1_Nup85_47_544_3F3F_1.pdb_32": [{"rot": [[-0.7340370968833579, 0.6710121998183238, -0.10455700882307778], [-0.25476917653898906, -0.4148091461655832, -0.8735136169190661], [-0.6295094972156503, -0.6145534964121165, 0.47543852700737826]], "trans": [-377.570650863943, 964.9683408446715, 852.1156727144404]}], "rb_4XMM.renamed.noAb_Seh1_Nup85_47_544_3F3F_1.pdb_33": [{"rot": [[-0.7124441564689923, 0.1711234743197747, -0.6805439592340226], [0.3009163948299807, -0.8016144113720686, -0.5165884810980036], [-0.6339342609732626, -0.5728272793934875, 0.519611644160273]], "trans": [113.74657318880196, 1136.1852363466219, 812.1628349512489]}], "rb_4XMM.renamed.noAb_Seh1_Nup85_47_544_3F3F_1.pdb_34": [{"rot": [[-0.3054709137044807, -0.45513746852570264, -0.8363835278295285], [0.6783687859284936, -0.7204174303300331, 0.1442723686454776], [-0.6682090325328253, -0.5233054660718632, 0.5288176226458974]], "trans": [581.9783084160598, 908.6887834967696, 775.9899823078836]}], "rb_4XMM.renamed.noAb_Seh1_Nup85_47_544_3F3F_1.pdb_35": [{"rot": [[0.24847196747600298, -0.8408981381199339, -0.4807826979884315], [0.6564710639723268, -0.21878453941133336, 0.7219273283936649], [-0.7122551674404672, -0.4949986329486193, 0.4976634704630759]], "trans": [752.8297155935006, 415.74972886972216, 764.8116868012368]}], "rb_4XMM.renamed.noAb_Nup120_715-1036_Nup85_553-744_Nup145c_92-99_554-712_remaining_updated_1.pdb_35": [{"rot": [[0.9969578782235983, -0.017229569929215982, 0.07601401823320358], [0.018913424851978604, 0.999590193090201, -0.0214878625802005], [-0.07561264053233499, 0.022860179307067543, 0.9968751881724106]], "trans": [-12.109113748336881, -5.01748630511463, 30.72591405339972]}], "rb_4XMM.renamed.noAb_Nup120_715-1036_Nup85_553-744_Nup145c_92-99_554-712_remaining_updated_1.pdb_36": [{"rot": [[0.7186243132179138, 0.6929378916125387, 0.05844805231702189], [-0.6936014661725839, 0.7202695712672165, -0.011346842282506929], [-0.0499610105514855, -0.03238553803955971, 0.9982259635726596]], "trans": [-327.23041658457316, 145.43296766878368, 55.15225892491145]}], "rb_4XMM.renamed.noAb_Nup120_715-1036_Nup85_553-744_Nup145c_92-99_554-712_remaining_updated_1.pdb_37": [{"rot": [[0.019493441442591464, 0.9983951471108082, 0.053170818747820946], [-0.9997836708817557, 0.019079508320206773, 0.008281533702280495], [0.0072537699803001884, -0.05332075194376511, 0.998551090447167]], "trans": [-444.08425276383815, 475.3095145479149, 62.902466356367995]}], "rb_4XMM.renamed.noAb_Nup120_715-1036_Nup85_553-744_Nup145c_92-99_554-712_remaining_updated_1.pdb_38": [{"rot": [[-0.6908740146710932, 0.7202010293474039, 0.063273795359432], [-0.7202673365878178, -0.6932129700965826, 0.02589868596217192], [0.06251447589909656, -0.027681318913949097, 0.9976601048885573]], "trans": [-294.21408407396467, 791.365938706353, 49.4603604576842]}], "rb_4XMM.renamed.noAb_Nup120_715-1036_Nup85_553-744_Nup145c_92-99_554-712_remaining_updated_1.pdb_39": [{"rot": [[-0.9963347831506125, 0.021325575045188783, 0.08283851600080304], [-0.018797073100472593, -0.9993368868026505, 0.031184238301476066], [0.08344860650171919, 0.029512819665016395, 0.9960749587999604]], "trans": [34.58594483640462, 908.452047271683, 22.724521299188552]}], "rb_4XMM.renamed.noAb_Nup120_715-1036_Nup85_553-744_Nup145c_92-99_554-712_remaining_updated_1.pdb_40": [{"rot": [[-0.7179456388238287, -0.688820120521694, 0.10040369145765789], [0.6936959484986778, -0.7199605350443572, 0.021041839633540588], [0.05779265290991033, 0.0847565309762194, 0.9947242531106362]], "trans": [349.7020542904316, 757.9772637273838, -1.6188146635534508]}], "rb_4XMM.renamed.noAb_Nup120_715-1036_Nup85_553-744_Nup145c_92-99_554-712_remaining_updated_1.pdb_41": [{"rot": [[-0.01879086772430666, -0.9942226958358572, 0.10567939427839698], [0.9998232700052468, -0.018746520888270723, 0.001413050105863324], [0.0005762344866971914, 0.10568726999722769, 0.9943992502583408]], "trans": [466.5366975720678, 428.0919547633333, -9.284973081343935]}], "rb_4XMM.renamed.noAb_Nup120_715-1036_Nup85_553-744_Nup145c_92-99_554-712_remaining_updated_1.pdb_42": [{"rot": [[0.691554807155581, -0.7159730161019523, 0.09557504336322166], [0.7202511900854532, 0.6935240990553739, -0.01620330861031008], [-0.054682464104102144, 0.08004351468611451, 0.9952903414964893]], "trans": [316.6484066177245, 112.04770254870812, 4.240994640979011]}], "rb_4XMM.renamed.noAb_Nup120_2-711_3F7F_updated_1.pdb_42": [{"rot": [[0.9982588846736659, 0.0037082809317309177, 0.0588680543471545], [-0.025312148703208914, 0.9283875406686489, 0.3707504139704282], [-0.05327752150874526, -0.37159497168792344, 0.9268649754511905]], "trans": [-16.598963035277393, -53.963564066156664, 277.3300507478183]}], "rb_4XMM.renamed.noAb_Nup120_2-711_3F7F_updated_1.pdb_43": [{"rot": [[0.6888096233169436, 0.6497864912216986, 0.3214324480380951], [-0.7245037807924741, 0.6324456665197471, 0.27405610833879], [-0.025210601805191052, -0.42165150862553, 0.9064074309218972]], "trans": [-360.04481629134636, 128.1916748756595, 303.85977892443753]}], "rb_4XMM.renamed.noAb_Nup120_2-711_3F7F_updated_1.pdb_44": [{"rot": [[-0.022939965607555235, 0.8981929577045396, 0.4390024700476006], [-0.9991967731050766, -0.03503059827129412, 0.019459337120167786], [0.03285675873127661, -0.43820345493243834, 0.8982751056836364]], "trans": [-474.5859895722352, 500.56994383307017, 311.21886185535584]}], "rb_4XMM.renamed.noAb_Nup120_2-711_3F7F_updated_1.pdb_45": [{"rot": [[-0.7200369372386559, 0.6034076697834281, 0.3427039437451924], [-0.6884720975731022, -0.6830242463745497, -0.2438935212910954], [0.08690788154861145, -0.4115544470796185, 0.907232030526767]], "trans": [-293.1207352001919, 845.0269191124122, 295.1202498977585]}], "rb_4XMM.renamed.noAb_Nup120_2-711_3F7F_updated_1.pdb_46": [{"rot": [[-0.9941120565275593, -0.06187999440488872, 0.08894990364804212], [0.02564334965889325, -0.9319314620206939, -0.36172664916237784], [0.10527885677958693, -0.3573158496182631, 0.9280311125855428]], "trans": [78.04795549281721, 959.7749645468739, 265.0187418280211]}], "rb_4XMM.renamed.noAb_Nup120_2-711_3F7F_updated_1.pdb_47": [{"rot": [[-0.6846082541356444, -0.7079351406228299, -0.1736069556229743], [0.7248106705746008, -0.6359388886924755, -0.2650117387395797], [0.07720770810314694, -0.30726139770545835, 0.948487956322876]], "trans": [421.48614335955284, 777.5931739686874, 238.5722304058461]}], "rb_4XMM.renamed.noAb_Nup120_2-711_3F7F_updated_1.pdb_48": [{"rot": [[0.02716277849229154, -0.956289554838364, -0.29115712385517967], [0.9994477903223743, 0.03155685065915159, -0.010405748228612843], [0.01913891021714631, -0.2907136950394971, 0.9566186542359396]], "trans": [536.0048088084959, 405.2063258569806, 231.29745981934133]}], "rb_4XMM.renamed.noAb_Nup120_2-711_3F7F_updated_1.pdb_49": [{"rot": [[0.7242355344712437, -0.6614537194067908, -0.19483805504077617], [0.6886684117705798, 0.6795273402320796, 0.25293954318473216], [-0.03491001630674555, -0.31736661916470715, 0.9476601288444211]], "trans": [354.51921624573686, 60.764003285329295, 247.48009815353288]}]}
