{"rb_ScNup133N_56-480_renamed_1.pdb_0": [{"rot": [[-0.7014019496280155, -0.3933858709599653, 0.5943760270965573], [0.2935448980983197, -0.9193261447174139, -0.26205120194241194], [0.6495126618153529, -0.009327173638629532, 0.7602935656530633]], "trans": [937.044410683762, 281.6488941947192, -296.742153198954]}], "rb_ScNup133N_56-480_renamed_1.pdb_1": [{"rot": [[-0.27746697573401063, -0.9271875746210132, 0.25166501315324663], [0.7392996975783557, -0.3733484464079366, -0.5603988710956962], [0.6135536117875703, 0.030563688147571655, 0.7890613578355261]], "trans": [541.2875085094449, -339.65630066557185, -262.1336961029832]}], "rb_ScNup133N_56-480_renamed_1.pdb_2": [{"rot": [[0.33661998342499044, -0.9199248063992912, -0.20106053150776304], [0.7536475688789993, 0.39121414675280486, -0.5281731092201185], [0.5645372695241047, 0.026264842502856933, 0.8249895934898616]], "trans": [-176.61074221944037, -498.072509170395, -204.10075231308025]}], "rb_ScNup133N_56-480_renamed_1.pdb_3": [{"rot": [[0.7811181285475215, -0.3758521983241162, -0.49858759939387287], [0.3281833266873483, 0.9264700873586851, -0.18425222200563499], [0.53117809945332, -0.01970538618037604, 0.8470310055816372]], "trans": [-796.0935105213143, -100.79716591390525, -156.6158336646908]}], "rb_ScNup133N_56-480_renamed_1.pdb_4": [{"rot": [[0.7956341787969574, 0.3863048443703004, -0.4666206390057425], [-0.2878500768749133, 0.9188588982940169, 0.2698900855330003], [0.5330183737669799, -0.0804169897592652, 0.8422734241235801]], "trans": [-954.2571426786426, 619.4403482370848, -147.47227013820805]}], "rb_ScNup133N_56-480_renamed_1.pdb_5": [{"rot": [[0.37166442726087007, 0.9200639796592672, -0.12388634647288024], [-0.7335715879300223, 0.37283932143064874, 0.5682108462331185], [0.5689800338242745, -0.12030425482368676, 0.8135039074157189]], "trans": [-558.4452395271848, 1240.714858939155, -182.00248527050468]}], "rb_ScNup133N_56-480_renamed_1.pdb_6": [{"rot": [[-0.24242366763740375, 0.9127415800867005, 0.32883669708543845], [-0.7478712606285902, -0.3917226762288246, 0.5359495521538646], [0.617996232104234, -0.11600065908846499, 0.777576043995704]], "trans": [159.47191845836443, 1399.0751146476116, -239.95418725986133]}], "rb_ScNup133N_56-480_renamed_1.pdb_7": [{"rot": [[-0.6868886412643173, 0.3686272105680435, 0.6263369493578365], [-0.32237214507841105, -0.9269358961313166, 0.19200532425111216], [0.6513525885260621, -0.07002730961599285, 0.7555368828378546]], "trans": [778.9302508374062, 1001.7515614840152, -287.3544470607284]}], "rb_ScNup133C_490_881_renamed_relative_3CQC_1.pdb_7": [{"rot": [[0.8343139526798955, 0.2603741408461299, -0.48592749988273737], [-0.2813709198995325, 0.9591041615935416, 0.030815785708614027], [0.47407872109865773, 0.11101582766699543, 0.8734556956187713]], "trans": [172.60936922886083, 163.80480881288287, -252.50460953748927]}], "rb_ScNup133C_490_881_renamed_relative_3CQC_1.pdb_8": [{"rot": [[0.4024887039400596, 0.8629433445521341, -0.30550225415506643], [-0.759645158926808, 0.5010745209085787, 0.41456429780590354], [0.5108248973177744, 0.0652158614864046, 0.8572075686150178]], "trans": [-82.85694105512187, 118.31043124513889, -231.8797728267371]}], "rb_ScNup133C_490_881_renamed_relative_3CQC_1.pdb_9": [{"rot": [[-0.2401023100093479, 0.9663183993893517, 0.09262630150111131], [-0.7913814020601045, -0.25010522566430826, 0.5578197312472795], [0.5621977918860557, 0.06063107369167406, 0.8247772521726314]], "trans": [-295.6330754387049, 267.3727702652625, -215.6042177712975]}], "rb_ScNup133C_490_881_renamed_relative_3CQC_1.pdb_10": [{"rot": [[-0.717020212663467, 0.5099407406458677, 0.475228845569772], [-0.35798811059090896, -0.8543833909482954, 0.3766610332211725], [0.5981024388075887, 0.09994729761846488, 0.7951628829310246]], "trans": [-341.06986091722706, 523.6691226914646, -213.18838910678636]}], "rb_ScNup133C_490_881_renamed_relative_3CQC_1.pdb_11": [{"rot": [[-0.7488797721050876, -0.23883716426139637, 0.6181714130396233], [0.28664681449271384, -0.9577653053978926, -0.022786476631081617], [0.5975053896602184, 0.1601325349317056, 0.7857129759545367]], "trans": [-192.5478745594312, 737.0575882890863, -226.02350842687235]}], "rb_ScNup133C_490_881_renamed_relative_3CQC_1.pdb_12": [{"rot": [[-0.31701720919352055, -0.8413706608693065, 0.4377162323966246], [0.7648871447243345, -0.4996883858435325, -0.4065208148281436], [0.5607564042528667, 0.20592942500145361, 0.8019634199936827]], "trans": [62.928523205542376, 782.5323119288549, -246.56657695748004]}], "rb_ScNup133C_490_881_renamed_relative_3CQC_1.pdb_13": [{"rot": [[0.3255762974555014, -0.9446871311426465, 0.039576492879492], [0.7965729514656129, 0.2514994493552755, -0.5497449954000061], [0.5093835563978546, 0.21050950388870068, 0.8343944757990696]], "trans": [275.6995696890272, 633.4536761041709, -262.75917059492633]}], "rb_ScNup133C_490_881_renamed_relative_3CQC_1.pdb_14": [{"rot": [[0.8024604110785373, -0.48826233003306324, -0.3430119323323113], [0.36314224235763376, 0.855741774590593, -0.36855627390672596], [0.47348178472580305, 0.1711896968021851, 0.8640075736020151]], "trans": [321.1228991285064, 377.15416448507824, -265.09143476963857]}], "rb_ScNup84_506-726_ScNup133C_882_1155_renamed_relative_3CQC_new_1.pdb_14": [{"rot": [[-0.9277554277490654, 0.2860344374856395, -0.23969598839868506], [0.32070200405684535, 0.2826238991758021, -0.9040320548567894], [-0.1908404854219144, -0.9155916295963719, -0.3539376738028721]], "trans": [1086.3281923652269, 297.42226997522124, 777.8502176600716]}], "rb_ScNup84_506-726_ScNup133C_882_1155_renamed_relative_3CQC_new_1.pdb_15": [{"rot": [[-0.43540594386872117, 0.383928408668768, -0.8142607942550442], [0.8696246206610136, -0.054480726265882684, -0.4906983488924024], [-0.2327545556675013, -0.921754212077498, -0.31015236470711394]], "trans": [679.4847543082193, -371.8171682862105, 813.575563043081]}], "rb_ScNup84_506-726_ScNup133C_882_1155_renamed_relative_3CQC_new_1.pdb_16": [{"rot": [[0.29979745398638946, 0.21555246023884417, -0.9293323536110533], [0.9083633579947865, -0.3621944493812407, 0.20902437821903663], [-0.29154330113331983, -0.9068364338304902, -0.3043849303790924]], "trans": [-80.04427297784497, -556.2499505538808, 875.0533204204364]}], "rb_ScNup84_506-726_ScNup133C_882_1155_renamed_relative_3CQC_new_1.pdb_17": [{"rot": [[0.8471622489848328, -0.12045640311300992, -0.5175001244869752], [0.41422451751184314, -0.4602542324057991, 0.7852286868451943], [-0.33276744580418266, -0.8795773396931186, -0.3400140151689863]], "trans": [-747.314162610241, -147.83263567797871, 926.2929575852907]}], "rb_ScNup84_506-726_ScNup133C_882_1155_renamed_relative_3CQC_new_1.pdb_18": [{"rot": [[0.8860344263729116, -0.42725945151030464, 0.17997876646187383], [-0.32331840067525686, -0.2912152718008312, 0.900365968512116], [-0.3322773044714583, -0.855945691364283, -0.3961675988367803]], "trans": [-931.4268913976038, 614.1782713982315, 937.3015775087746]}], "rb_ScNup84_506-726_ScNup133C_882_1155_renamed_relative_3CQC_new_1.pdb_19": [{"rot": [[0.3936421165389881, -0.5251271332789222, 0.754511350465296], [-0.8722023557373639, 0.04589702586192841, 0.4869871801836476], [-0.2903600088388494, -0.8497852416412564, -0.43995012030435093]], "trans": [-524.5247134875566, 1283.3861537508953, 901.6541803193566]}], "rb_ScNup84_506-726_ScNup133C_882_1155_renamed_relative_3CQC_new_1.pdb_20": [{"rot": [[-0.34156432268465653, -0.3567271805044944, 0.8695283389046526], [-0.9108833875353302, 0.35359752332823813, -0.2127445552964784], [-0.231571301721807, -0.8647048688341292, -0.445713161162443]], "trans": [235.02525131875035, 1467.7597148618615, 840.2575188200852]}], "rb_ScNup84_506-726_ScNup133C_882_1155_renamed_relative_3CQC_new_1.pdb_21": [{"rot": [[-0.8888905927900183, -0.020710659961614114, 0.45765115821263114], [-0.4167016022393578, 0.45163093060531934, -0.7889165210665343], [-0.1903504366702644, -0.8919644449665727, -0.41008065081750933]], "trans": [902.269837322542, 1059.2904397602933, 789.1026279113466]}], "rb_4XMM.renamed.noAb_Nup145c_149-550_Sec13_Nup84_7-436_3IKO_updated_1.pdb_21": [{"rot": [[0.999560172205877, -0.028158130431436737, 0.009304935806659954], [0.028169884144407277, 0.9996025062623007, -0.0011345049227375443], [-0.009269291615357552, 0.001396124899584711, 0.9999560645689473]], "trans": [9.006375184086437, -16.870560108360735, 4.516627457452046]}], "rb_4XMM.renamed.noAb_Nup145c_149-550_Sec13_Nup84_7-436_3IKO_updated_1.pdb_22": [{"rot": [[0.7283064394208827, 0.6847745332840156, 0.02556499293442385], [-0.6850689080132584, 0.7267440216628402, 0.05023662260587613], [0.01582155401975875, -0.05410143753156862, 0.998410092539844]], "trans": [-321.13518528861255, 120.66059426520826, 30.203038361703477]}], "rb_4XMM.renamed.noAb_Nup145c_149-550_Sec13_Nup84_7-436_3IKO_updated_1.pdb_23": [{"rot": [[0.03367332924461175, 0.9967429178889473, 0.0732779812482091], [-0.9967848939639983, 0.02816001418284697, 0.07501259071918692], [0.07270475956061172, -0.07556830843317039, 0.9944865251464118]], "trans": [-457.72057541969303, 452.0602205412774, 39.518562321169725]}], "rb_4XMM.renamed.noAb_Nup145c_149-550_Sec13_Nup84_7-436_3IKO_updated_1.pdb_24": [{"rot": [[-0.6774132880548227, 0.7249915449275669, 0.12449295944066509], [-0.7243704539424672, -0.6869091545613935, 0.058679287955266946], [0.12805734114817155, -0.05042889214818255, 0.9904838434900234]], "trans": [-320.7342344771037, 783.1898617077743, 27.03003895269427]}], "rb_4XMM.renamed.noAb_Nup145c_149-550_Sec13_Nup84_7-436_3IKO_updated_1.pdb_25": [{"rot": [[-0.9883888457421082, 0.02871620037500961, 0.14920747115545854], [-0.02740980795688254, -0.9995658830442256, 0.010804993372789534], [0.1494529760170453, 0.00658978679787936, 0.9887468749228028]], "trans": [9.577220846843261, 920.0692218366039, 0.07742623489593825]}], "rb_4XMM.renamed.noAb_Nup145c_149-550_Sec13_Nup84_7-436_3IKO_updated_1.pdb_26": [{"rot": [[-0.7170794773686692, -0.6841952014474781, 0.13294340695544832], [0.6858076704292919, -0.7266514512605347, -0.04056485623427643], [0.12435779958259507, 0.06208538231503914, 0.9902931601226838]], "trans": [339.71459597112306, 782.5125585604994, -25.52605036911291]}], "rb_4XMM.renamed.noAb_Nup145c_149-550_Sec13_Nup84_7-436_3IKO_updated_1.pdb_27": [{"rot": [[-0.022422036389761257, -0.9961091093015176, 0.08522848497230565], [0.9974691260109901, -0.02804298144269579, -0.0653370786512323], [0.06747292004210961, 0.08354779206144784, 0.9942168634169556]], "trans": [476.28067495020804, 451.102621570735, -34.75750835449759]}], "rb_4XMM.renamed.noAb_Nup145c_149-550_Sec13_Nup84_7-436_3IKO_updated_1.pdb_28": [{"rot": [[0.6886433535992541, -0.7243019579801115, 0.03401477928415538], [0.7249988836819292, 0.6870048344105771, -0.048999756697889196], [0.012122301907206728, 0.05840403378768179, 0.9982194240916163]], "trans": [339.27503647569966, 119.9841416312056, -22.18502456867509]}], "rb_4XMM.renamed.noAb_Seh1_Nup85_47_544_3F3F_1.pdb_28": [{"rot": [[0.6489261822054476, -0.7329897217599273, 0.20401195514617387], [0.23539405824798526, 0.44839551648373754, 0.862282493234569], [-0.7235222507910896, -0.5115344842643403, 0.463517015888963]], "trans": [493.62654016011356, -63.68311127520701, 775.1055000308858]}], "rb_4XMM.renamed.noAb_Seh1_Nup85_47_544_3F3F_1.pdb_29": [{"rot": [[0.6116980890356924, -0.21364555166520557, 0.7616961507870111], [-0.33256690866671135, 0.8041811443835503, 0.49263773533685795], [-0.7177915429495855, -0.5546604955029976, 0.420864628590263]], "trans": [4.663833158437228, -209.59809099220945, 814.8300390270622]}], "rb_4XMM.renamed.noAb_Seh1_Nup85_47_544_3F3F_1.pdb_30": [{"rot": [[0.18501221998587225, 0.4045119777532271, 0.8956229889356733], [-0.7076049174956627, 0.6872580608045703, -0.164230443569684], [-0.6819573001235877, -0.6033625922389549, 0.4133858041767192]], "trans": [-444.0656106320209, 34.11681402754454, 849.4520044449528]}], "rb_4XMM.renamed.noAb_Seh1_Nup85_47_544_3F3F_1.pdb_31": [{"rot": [[-0.38117282658387514, 0.7593574697408881, 0.5273362394362562], [-0.6700174146309447, 0.16612145672284268, -0.7235194024402821], [-0.6370117270233895, -0.6291103995047246, 0.4454617434412094]], "trans": [-589.687842614389, 524.6900928385019, 858.7133656742317]}], "rb_4XMM.renamed.noAb_Seh1_Nup85_47_544_3F3F_1.pdb_32": [{"rot": [[-0.755177867183835, 0.6430174317699686, -0.12741652701131356], [-0.24182368923449954, -0.4539394971644393, -0.8575897831942199], [-0.6092845741036673, -0.6168204887599362, 0.49830190889185144]], "trans": [-346.8933926806612, 974.7371184251517, 837.2126916227803]}], "rb_4XMM.renamed.noAb_Seh1_Nup85_47_544_3F3F_1.pdb_33": [{"rot": [[-0.7179054755594784, 0.12364549847836913, -0.6850719078080428], [0.3261343368249068, -0.8096843512106559, -0.48790126639347237], [-0.6150187984976508, -0.5736924630066282, 0.5409517865613266]], "trans": [142.08724033550408, 1120.6141143309533, 797.5693852106297]}], "rb_4XMM.renamed.noAb_Seh1_Nup85_47_544_3F3F_1.pdb_34": [{"rot": [[-0.29119034426507545, -0.4945029284674324, -0.8189475179423386], [0.701138843673507, -0.6927127539130916, 0.16897740221199584], [-0.6508552107027806, -0.5249913278362516, 0.548426476747581]], "trans": [590.8042203255761, 876.8643962838258, 763.0310592058245]}], "rb_4XMM.renamed.noAb_Seh1_Nup85_47_544_3F3F_1.pdb_35": [{"rot": [[0.2749917861037614, -0.8493077846697654, -0.4506171373514272], [0.6635069036358445, -0.17154831626818143, 0.7282374365638742], [-0.6958003351558792, -0.49924689491761876, 0.5163472005463754]], "trans": [736.3947268412162, 386.2801027819801, 753.8547568735626]}], "rb_4XMM.renamed.noAb_Nup120_715-1036_Nup85_553-744_Nup145c_92-99_554-712_remaining_updated_1.pdb_35": [{"rot": [[0.9955139748579098, -0.051169443184074154, 0.07958400559683063], [0.04562164374159834, 0.9965009801401068, 0.07003186561930616], [-0.08288903114959928, -0.0660869477585225, 0.9943650857964808]], "trans": [4.24940356008085, -44.298145123760264, 81.49939657878514]}], "rb_4XMM.renamed.noAb_Nup120_715-1036_Nup85_553-744_Nup145c_92-99_554-712_remaining_updated_1.pdb_36": [{"rot": [[0.7362858400982639, 0.6649402290163794, 0.12544980472857686], [-0.6741175917752139, 0.7368815083163243, 0.05070616491753788], [-0.05872507241357215, -0.12190215148676961, 0.990803326262542]], "trans": [-342.3218921858162, 109.05323679437856, 108.41838624045022]}], "rb_4XMM.renamed.noAb_Nup120_715-1036_Nup85_553-744_Nup145c_92-99_554-712_remaining_updated_1.pdb_37": [{"rot": [[0.045577112785813945, 0.9884880158834545, 0.14427116567387888], [-0.9989586354424532, 0.045401467894402525, 0.0045112512659691295], [-0.00209080488338112, -0.1443265366030244, 0.9895279073210186]], "trans": [-479.3775485743923, 463.28942322600733, 117.66028268384741]}], "rb_4XMM.renamed.noAb_Nup120_715-1036_Nup85_553-744_Nup145c_92-99_554-712_remaining_updated_1.pdb_38": [{"rot": [[-0.6719852956267516, 0.7299350618466235, 0.12502226980978937], [-0.7386050236211349, -0.6728603835779261, -0.04149124357002864], [0.05383661897861571, -0.1202235821223547, 0.9912859873712627]], "trans": [-326.6265162692008, 810.8939782244288, 103.83505756288127]}], "rb_4XMM.renamed.noAb_Nup120_715-1036_Nup85_553-744_Nup145c_92-99_554-712_remaining_updated_1.pdb_39": [{"rot": [[-0.9960432086613932, 0.04074533297731452, 0.07897939174292369], [-0.04557557310211451, -0.997136126016066, -0.060352409480350706], [0.07629412569738415, -0.06371313863119502, 0.9950476583309124]], "trans": [26.449409555085253, 948.2353690425216, 75.0657275902746]}], "rb_4XMM.renamed.noAb_Nup120_715-1036_Nup85_553-744_Nup145c_92-99_554-712_remaining_updated_1.pdb_40": [{"rot": [[-0.7367589316458446, -0.6753441099776543, 0.0331150986494325], [0.6741432922853134, -0.737460457211787, -0.04102310953229113], [0.05212579118622496, -0.007899820723919912, 0.9986092803122439]], "trans": [373.01528651930875, 794.857189220616, 48.22977681271942]}], "rb_4XMM.renamed.noAb_Nup120_715-1036_Nup85_553-744_Nup145c_92-99_554-712_remaining_updated_1.pdb_41": [{"rot": [[-0.04602484996411993, -0.9988379744741168, 0.014297340110015516], [0.9989301131611924, -0.04595504537756556, 0.005173279821447533], [-0.004510233424708226, 0.014520143001606403, 0.9998844049397236]], "trans": [510.0498506582267, 440.6106559258993, 39.072088483800144]}], "rb_4XMM.renamed.noAb_Nup120_715-1036_Nup85_553-744_Nup145c_92-99_554-712_remaining_updated_1.pdb_42": [{"rot": [[0.671517271984075, -0.7402289934265561, 0.0335498244074586], [0.7385201903622579, 0.6722864890078046, 0.051174262328355286], [-0.06043576635038371, -0.009587178326517922, 0.9981260462273165]], "trans": [357.27823545117, 93.01850003371533, 52.98137045118972]}], "rb_4XMM.renamed.noAb_Nup120_2-711_3F7F_updated_1.pdb_42": [{"rot": [[0.9836696250571865, 0.17798546613035712, 0.026744019634570328], [-0.17386822122323944, 0.9012940697221575, 0.3967856367515562], [0.0465178502138851, -0.3949559136537023, 0.9175216160295344]], "trans": [-103.83285934134256, 45.864940521325025, 231.66545369089653]}], "rb_4XMM.renamed.noAb_Nup120_2-711_3F7F_updated_1.pdb_43": [{"rot": [[0.5757090477119166, 0.7537764716670081, 0.31682822340169514], [-0.8135176443749061, 0.48911803854618696, 0.3145673006837089], [0.08214703082487067, -0.43884459109115964, 0.8948001398059183]], "trans": [-352.4132731678733, 257.6294537584542, 250.48975583352546]}], "rb_4XMM.renamed.noAb_Nup120_2-711_3F7F_updated_1.pdb_44": [{"rot": [[-0.16375321341938354, 0.8705314407479893, 0.46406884808620413], [-0.9762455512597313, -0.21065623210457296, 0.05068111602054623], [0.1418784999230313, -0.4447459528143397, 0.884348081195892]], "trans": [-378.97844713220496, 583.6428728119548, 251.06219375673044]}], "rb_4XMM.renamed.noAb_Nup120_2-711_3F7F_updated_1.pdb_45": [{"rot": [[-0.8015297393481164, 0.459853666240597, 0.3822102596551037], [-0.5667236395610968, -0.7880911076656907, -0.24028466946704735], [0.19072072069695023, -0.4092028979166031, 0.8922884035072347]], "trans": [-167.9642144178144, 832.9220568062568, 233.07143015490976]}], "rb_4XMM.renamed.noAb_Nup120_2-711_3F7F_updated_1.pdb_46": [{"rot": [[-0.9640020485362146, -0.23767602099211674, 0.11920637341742954], [0.17514438058898132, -0.9049170962017182, -0.38787819602286416], [0.20006123154195274, -0.3530370491141181, 0.9139695539714177]], "trans": [157.01622548978958, 859.4358617161835, 207.08071291696342]}], "rb_4XMM.renamed.noAb_Nup120_2-711_3F7F_updated_1.pdb_47": [{"rot": [[-0.5559915714017314, -0.8134348950006387, -0.17087142571399289], [0.8147617626475039, -0.4926958863818127, -0.30563709472178235], [0.16442822950383357, -0.3091511525738485, 0.9366904089423009]], "trans": [405.5866620077946, 647.6522435760297, 188.33977557117976]}], "rb_4XMM.renamed.noAb_Nup120_2-711_3F7F_updated_1.pdb_48": [{"rot": [[0.18348340160222604, -0.9301352891906535, -0.3180914729110086], [0.9774316255995014, 0.2070875247624671, -0.04173936230550401], [0.10469602960185158, -0.3032541852802254, 0.9471407712138857]], "trans": [432.1329419200621, 321.637148836493, 187.85132836312204]}], "rb_4XMM.renamed.noAb_Nup120_2-711_3F7F_updated_1.pdb_49": [{"rot": [[0.8212280046928196, -0.519412467170092, -0.23621018872294042], [0.5678596700826258, 0.7844901480367049, 0.24921998861848788], [0.055856596762606514, -0.33880067382109197, 0.9391986712173696]], "trans": [221.10579349070258, 72.37493360400958, 205.92551545556276]}]}
