{"rb_ScNup133N_56-480_renamed_1.pdb_0": [{"rot": [[-0.7243914004077194, -0.3042560386214196, 0.6186156819688142], [0.2719007630466078, -0.9506905704266347, -0.14918918981128976], [0.6335038074629167, 0.06013070982682513, 0.7713995227284669]], "trans": [927.4886720886176, 266.12980073495737, -303.7819760861376]}], "rb_ScNup133N_56-480_renamed_1.pdb_1": [{"rot": [[-0.3093405337690397, -0.8847381725681921, 0.34863562664790615], [0.7392751718256486, -0.4543410004043551, -0.4970377004551305], [0.5981476861859786, 0.10398375523254755, 0.7946110521243046]], "trans": [523.43307334279, -344.30079734220703, -268.5649715359676]}], "rb_ScNup133N_56-480_renamed_1.pdb_2": [{"rot": [[0.3137016284198304, -0.9454781109161952, -0.08753530776255714], [0.7752061916605384, 0.3082564516763724, -0.551392165714252], [0.5483125465807868, 0.10511470771605294, 0.8296410365235423]], "trans": [-192.66996359675235, -489.1439066277212, -210.74115693809534]}], "rb_ScNup133N_56-480_renamed_1.pdb_3": [{"rot": [[0.7797482026541636, -0.45089354134803844, -0.43438203787475116], [0.3586449245046193, 0.890361445762583, -0.2804109734419006], [0.513192516103531, 0.06286103936607369, 0.8559684171423263]], "trans": [-801.3152692987409, -83.548274619111, -164.16053329855362]}], "rb_ScNup133N_56-480_renamed_1.pdb_4": [{"rot": [[0.8157825344907914, 0.3092809216408209, -0.48871685865005804], [-0.26638116582830407, 0.9509686686381587, 0.15716127309396896], [0.5133614038002174, 0.0019755448787515395, 0.8581702431981066]], "trans": [-945.9479284448771, 634.8825753497479, -156.08668183099292]}], "rb_ScNup133N_56-480_renamed_1.pdb_5": [{"rot": [[0.4006952042557381, 0.8897243591715811, -0.2187096659573303], [-0.7337229827533318, 0.45457355458074433, 0.5049885821039681], [0.5487202728768106, -0.04187419458976799, 0.8349566539416595]], "trans": [-541.8381766475961, 1245.2818382872924, -191.22537366522937]}], "rb_ScNup133N_56-480_renamed_1.pdb_6": [{"rot": [[-0.22234977726794558, 0.9504048212862538, 0.2174655196226152], [-0.7696051003961643, -0.3080286394237184, 0.5593088116049827], [0.5985553992681881, -0.043000383377499674, 0.7999264972710199]], "trans": [174.28270888201783, 1390.069136130282, -248.96786276802567]}], "rb_ScNup133N_56-480_renamed_1.pdb_7": [{"rot": [[-0.6883638749694465, 0.455774837683548, 0.5642911243069298], [-0.35300726830377116, -0.8900947954364798, 0.28830040524008216], [0.633672663258999, -0.0007432842133284212, 0.7736009328890578]], "trans": [782.9029294354949, 984.4261450965728, -295.4637799526809]}], "rb_ScNup133C_490_881_renamed_relative_3CQC_1.pdb_7": [{"rot": [[0.8262464356840501, 0.34690719991686336, -0.443815527179081], [-0.26727542220125655, 0.9349687831564807, 0.23323212302346158], [0.49586356612131155, -0.0740862279288968, 0.8652343928813305]], "trans": [147.0467180844754, 95.76025012928577, -217.5341442634833]}], "rb_ScNup133C_490_881_renamed_relative_3CQC_1.pdb_8": [{"rot": [[0.40713714699435205, 0.9036157889431732, -0.13310841261883855], [-0.7427377515847134, 0.4123613024624024, 0.5275403194092338], [0.5315825203185153, -0.11591661746323817, 0.8390371635915166]], "trans": [-148.2587561255395, 90.22603728096777, -193.92830457298425]}], "rb_ScNup133C_490_881_renamed_relative_3CQC_1.pdb_9": [{"rot": [[-0.22447692854012863, 0.9290300931489858, 0.2941312539951805], [-0.7815066105663632, -0.3519318745689434, 0.5151615021558432], [0.5821147019224523, -0.11422364766534496, 0.8050437454696224]], "trans": [-361.0481140592302, 295.79311014555583, -177.9266177306992]}], "rb_ScNup133C_490_881_renamed_relative_3CQC_1.pdb_10": [{"rot": [[-0.6985873597128287, 0.40826205478884703, 0.5876204518811847], [-0.36087065491384374, -0.9101770282987989, 0.2033473569516493], [0.6178576464457755, -0.06999908411369714, 0.7831679621586491]], "trans": [-366.6644361698301, 592.0374957384263, -178.87909261143625]}], "rb_ScNup133C_490_881_renamed_relative_3CQC_1.pdb_11": [{"rot": [[-0.7374535709857009, -0.353615066436533, 0.5754290707198626], [0.27275564158462423, -0.9353462764155468, -0.2252369933632838], [0.6178726330112043, -0.009150299703196002, 0.7862249559707094]], "trans": [-161.81568843554402, 805.415172728618, -196.20375109897742]}], "rb_ScNup133C_490_881_renamed_relative_3CQC_1.pdb_12": [{"rot": [[-0.3183071877815175, -0.9102829104459174, 0.2646989934939912], [0.7481850603094575, -0.41269511848599794, -0.5195207933351287], [0.5821508822774, 0.032676629690626624, 0.8124238968270853]], "trans": [133.49675769280367, 810.9266061052107, -219.72755907244976]}], "rb_ScNup133C_490_881_renamed_relative_3CQC_1.pdb_13": [{"rot": [[0.3133099286547073, -0.9356376052020083, -0.16253971926342536], [0.7869043442168451, 0.35160002779339095, -0.5071084435387994], [0.5316186995009105, 0.03097889906916501, 0.8464170757690462]], "trans": [346.2766207070004, 605.3432372801655, -235.6459332341144]}], "rb_ScNup133C_490_881_renamed_relative_3CQC_1.pdb_14": [{"rot": [[0.7873875657132913, -0.4148260130154917, -0.45600460555324246], [0.3662311908519359, 0.9098042891705916, -0.19527127349911752], [0.4958785498559804, -0.013248937031526825, 0.8682908092685678]], "trans": [351.8763699965253, 309.0988192318737, -234.60966064980573]}], "rb_ScNup84_506-726_ScNup133C_882_1155_renamed_relative_3CQC_new_1.pdb_14": [{"rot": [[0.9873264375172313, 0.1238644864540498, 0.09921741165241435], [-0.14235336439838864, 0.9675764595636602, 0.20864159351076086], [-0.0701571480605484, -0.22012129359451918, 0.9729463452227378]], "trans": [-59.198308487829195, 35.16098401003785, 114.08962874448298]}], "rb_ScNup84_506-726_ScNup133C_882_1155_renamed_relative_3CQC_new_1.pdb_15": [{"rot": [[0.5982126135449348, 0.7655925417897356, 0.23666374659348965], [-0.8005310636349476, 0.5841991430279583, 0.13364646437858252], [-0.035940021580892226, -0.26940568153127026, 0.9623559079713877]], "trans": [-330.64050134818865, 211.83160077168358, 134.90690461497252]}], "rb_ScNup84_506-726_ScNup133C_882_1155_renamed_relative_3CQC_new_1.pdb_16": [{"rot": [[-0.14097854986299024, 0.9492891838472783, 0.2810250770110979], [-0.989724156095414, -0.14199240179187084, -0.016859794618955648], [0.02389860497489016, -0.2805141765828263, 0.9595523192699345]], "trans": [-398.11478557909237, 529.2570813782532, 138.78183631298091]}], "rb_ScNup84_506-726_ScNup133C_882_1155_renamed_relative_3CQC_new_1.pdb_17": [{"rot": [[-0.7972184465867764, 0.5673423295867164, 0.2063139100518454], [-0.5991006605938429, -0.7855849286395885, -0.1547084948228437], [0.07430442044578701, -0.24693926571820551, 0.9661779609102897]], "trans": [-222.09186075140633, 801.4852203863212, 123.46843911446481]}], "rb_ScNup84_506-726_ScNup133C_882_1155_renamed_relative_3CQC_new_1.pdb_18": [{"rot": [[-0.9860724921430872, -0.1564981683154676, 0.05629710074791635], [0.14250667141365836, -0.9695528606331743, -0.19914592398697128], [0.0857489874069488, -0.18834960512814602, 0.978351438597987]], "trans": [94.31347518683538, 869.0410523433809, 97.9615219184015]}], "rb_ScNup84_506-726_ScNup133C_882_1155_renamed_relative_3CQC_new_1.pdb_19": [{"rot": [[-0.596907323802993, -0.798196340037154, -0.08114338877343641], [0.8006538081737146, -0.586125189262944, -0.12414000953924131], [0.05152791716413285, -0.13906784410051892, 0.9889413574575372]], "trans": [365.7484284670374, 692.3495351469351, 77.22740136696416]}], "rb_ScNup84_506-726_ScNup133C_882_1155_renamed_relative_3CQC_new_1.pdb_20": [{"rot": [[0.14229861559100537, -0.9818363486395579, -0.12549298183970228], [0.9897888770976565, 0.14008074925225472, 0.026369726253472302], [-0.00831160481732885, -0.12796393311813867, 0.9917439937031598]], "trans": [433.20448956408035, 374.91916771623437, 73.43642253147112]}], "rb_ScNup84_506-726_ScNup133C_882_1155_renamed_relative_3CQC_new_1.pdb_21": [{"rot": [[0.7985080639381584, -0.5998392877592696, -0.050771061503400376], [0.5991138880053671, 0.7836432766264861, 0.16421255797652334], [-0.05871474282343612, -0.16154269979962838, 0.9851175235049984]], "trans": [257.1668600961183, 102.70525185554322, 88.83339916774224]}], "rb_4XMM.renamed.noAb_Nup145c_149-550_Sec13_Nup84_7-436_3IKO_updated_1.pdb_21": [{"rot": [[0.9821048680548904, -0.04678499321994642, -0.18243133654144153], [0.04871511816090515, 0.9987940211108396, 0.006110700107967795], [0.18192543913773077, -0.014888512439126887, 0.983199606789941]], "trans": [85.01334179377739, -26.64523760705964, -84.49997360710927]}], "rb_4XMM.renamed.noAb_Nup145c_149-550_Sec13_Nup84_7-436_3IKO_updated_1.pdb_22": [{"rot": [[0.7341955496933932, 0.6706772626415736, -0.10558837145265004], [-0.6472268552019445, 0.7383619012297868, 0.1895233513784947], [0.20507143320272148, -0.07080757154387451, 0.9761823575010162]], "trans": [-275.90146984395835, 55.05467509542348, -56.08909868135055]}], "rb_4XMM.renamed.noAb_Nup145c_149-550_Sec13_Nup84_7-436_3IKO_updated_1.pdb_23": [{"rot": [[0.06826790615925915, 0.9946089913182947, 0.07805413107219299], [-0.963276585690646, 0.04534800337962641, 0.2646540724221962], [0.25968772102046384, -0.09325509625905651, 0.9611793664935343]], "trans": [-473.60989804149466, 368.8208426242274, -41.8158950084287]}], "rb_4XMM.renamed.noAb_Nup145c_149-550_Sec13_Nup84_7-436_3IKO_updated_1.pdb_24": [{"rot": [[-0.6255682593854419, 0.7352464187140196, 0.2609158036947488], [-0.7142876848837184, -0.6742703595830581, 0.18749022750850536], [0.31377931109766627, -0.06908101009642065, 0.946979597441852]], "trans": [-392.28964453261375, 730.8447367331959, -50.01780165092708]}], "rb_4XMM.renamed.noAb_Nup145c_149-550_Sec13_Nup84_7-436_3IKO_updated_1.pdb_25": [{"rot": [[-0.94085393807469, 0.044527796872606676, 0.33587370024314034], [-0.04612136161736145, -0.9989306040158081, 0.0032354849980756172], [0.33565858727568343, -0.012446833584654116, 0.9419014752731879]], "trans": [-79.57734709912881, 929.0477725115677, -75.86602114959953]}], "rb_4XMM.renamed.noAb_Nup145c_149-550_Sec13_Nup84_7-436_3IKO_updated_1.pdb_26": [{"rot": [[-0.6928903338042545, -0.6729141663986766, 0.25901642801297853], [0.649801130793835, -0.7384421810204728, -0.18017112895461396], [0.3125083610716388, 0.04347033413376157, 0.9489198355554682]], "trans": [281.3376345182948, 847.3199337327476, -104.19429716104253]}], "rb_4XMM.renamed.noAb_Nup145c_149-550_Sec13_Nup84_7-436_3IKO_updated_1.pdb_27": [{"rot": [[-0.02693802224257641, -0.9967918530838307, 0.07536806076423054], [0.9657985837882492, -0.04540288167448342, -0.25528743386282116], [0.2578903614140511, 0.06591342777731365, 0.9639232238764528]], "trans": [479.0281285261933, 533.5386575110749, -118.38352126787413]}], "rb_4XMM.renamed.noAb_Nup145c_149-550_Sec13_Nup84_7-436_3IKO_updated_1.pdb_28": [{"rot": [[0.66687874256992, -0.7373731476473098, -0.10748759852680875], [0.7167552338376662, 0.6741951006111585, -0.1781092391714189], [0.2038005826161304, 0.04173496664198899, 0.978122443809934]], "trans": [397.6861694380382, 171.52155656837965, -110.09744101906625]}], "rb_4XMM.renamed.noAb_Seh1_Nup85_47_544_3F3F_1.pdb_28": [{"rot": [[0.6343346376453947, -0.7449907869438563, 0.2064177677722021], [0.2990324180185253, 0.48269180742522355, 0.8231574770471104], [-0.7128809020146907, -0.46043169570886827, 0.5289645291788254]], "trans": [506.38209638573085, -100.90674181695852, 722.8601994075887]}], "rb_4XMM.renamed.noAb_Seh1_Nup85_47_544_3F3F_1.pdb_29": [{"rot": [[0.6464282835577777, -0.19696482928310874, 0.7371128341319395], [-0.2766717082186828, 0.8398334406194581, 0.4670466335267158], [-0.7110437680536272, -0.5058504206213119, 0.48839749371730035]], "trans": [-13.568329262499333, -247.91785435771223, 765.059984660798]}], "rb_4XMM.renamed.noAb_Seh1_Nup85_47_544_3F3F_1.pdb_30": [{"rot": [[0.24917284858444802, 0.4424370695468313, 0.8614884392835014], [-0.6921693514834248, 0.7035232413553365, -0.16111063819591553], [-0.6773584578310998, -0.5561514976727947, 0.4815402695943308]], "trans": [-484.99009801255517, 17.003572831831626, 801.387489145511]}], "rb_4XMM.renamed.noAb_Seh1_Nup85_47_544_3F3F_1.pdb_31": [{"rot": [[-0.32471383216558525, 0.7986442616446114, 0.5066836000330699], [-0.7040561338344447, 0.15361364633559033, -0.6933309513281352], [-0.6315583010383388, -0.5818678466813714, 0.5124099153880117]], "trans": [-631.7157773444503, 538.6629491070948, 810.5855534179559]}], "rb_4XMM.renamed.noAb_Seh1_Nup85_47_544_3F3F_1.pdb_32": [{"rot": [[-0.7390408493067531, 0.6629855513579438, -0.11945200603821834], [-0.30536861056688425, -0.48775054995192235, -0.8178321421306735], [-0.6004736753067547, -0.5679344677972967, 0.5629225573304001]], "trans": [-367.789482134219, 1011.4649732440014, 787.2898266358147]}], "rb_4XMM.renamed.noAb_Seh1_Nup85_47_544_3F3F_1.pdb_33": [{"rot": [[-0.7510895941868185, 0.11493172396057325, -0.6501193123817572], [0.27033644569504167, -0.8448491580868096, -0.4616796575646135], [-0.602314392683132, -0.5225137308315041, 0.6034871775433928]], "trans": [152.17895586248693, 1158.435669789791, 745.1712789190001]}], "rb_4XMM.renamed.noAb_Seh1_Nup85_47_544_3F3F_1.pdb_34": [{"rot": [[-0.3538017421677364, -0.5244595608991542, -0.7744459285324824], [0.6858028955518036, -0.70848877833328, 0.1664873551612144], [-0.6360021349742738, -0.47221374393094584, 0.6103404495450737]], "trans": [623.5866074514852, 893.4776492162986, 708.927554292731]}], "rb_4XMM.renamed.noAb_Seh1_Nup85_47_544_3F3F_1.pdb_35": [{"rot": [[0.22008588127900175, -0.8806238731332937, -0.41959956974401147], [0.6976446346003676, -0.15855124383230546, 0.698679802837141], [-0.681802147748863, -0.44650094865178414, 0.5794676299657231]], "trans": [770.278136823317, 371.80717267874536, 699.8147425807799]}], "rb_4XMM.renamed.noAb_Nup120_715-1036_Nup85_553-744_Nup145c_92-99_554-712_remaining_updated_1.pdb_35": [{"rot": [[0.9981258643316232, -0.04923752675467134, 0.03633765142841338], [0.042482829467267044, 0.9849295140644202, 0.1676575722276797], [-0.04404506956181311, -0.1657996329426201, 0.985175371983784]], "trans": [14.680529223890858, -64.09693311532897, 117.52647310681749]}], "rb_4XMM.renamed.noAb_Nup120_715-1036_Nup85_553-744_Nup145c_92-99_554-712_remaining_updated_1.pdb_36": [{"rot": [[0.7366925936272322, 0.6561808603599918, 0.16343408760721362], [-0.6759404333079081, 0.7215944162010528, 0.14968643601535506], [-0.0197117506655025, -0.22074459677347127, 0.9751324370981709]], "trans": [-348.17254954415375, 89.77716494975068, 145.74067843187464]}], "rb_4XMM.renamed.noAb_Nup120_715-1036_Nup85_553-744_Nup145c_92-99_554-712_remaining_updated_1.pdb_37": [{"rot": [[0.045351648022191215, 0.9695468718888962, 0.24067008794639744], [-0.9982870976511684, 0.035072014048333655, 0.046827603972435905], [0.03696077224405753, -0.24238155260054112, 0.9694767064112851]], "trans": [-496.3769314684301, 455.93238010199207, 155.81320563084125]}], "rb_4XMM.renamed.noAb_Nup120_715-1036_Nup85_553-744_Nup145c_92-99_554-712_remaining_updated_1.pdb_38": [{"rot": [[-0.6708996986407332, 0.7072862798176474, 0.22279971441966614], [-0.735721942502265, -0.6724631892468032, -0.08066276978080389], [0.09277293616387358, -0.21803526661925499, 0.9715213867053072]], "trans": [-343.11048659664857, 819.8699413118582, 141.86743114911593]}], "rb_4XMM.renamed.noAb_Nup120_715-1036_Nup85_553-744_Nup145c_92-99_554-712_remaining_updated_1.pdb_39": [{"rot": [[-0.9924713083424124, 0.023035036855931154, 0.12029168381124578], [-0.04205933791611313, -0.9865270953477007, -0.15809902668544648], [0.11502918851820629, -0.1619681364400826, 0.9800686754340067]], "trans": [21.843053947692624, 968.3902104981752, 112.09699121469981]}], "rb_4XMM.renamed.noAb_Nup120_715-1036_Nup85_553-744_Nup145c_92-99_554-712_remaining_updated_1.pdb_40": [{"rot": [[-0.7309819979599057, -0.6823628309267532, -0.006803354185219518], [0.6763433816979946, -0.7231366397593769, -0.14011791559553], [0.09069150286472927, -0.10702507746851864, 0.9901114503433401]], "trans": [384.6906736080601, 814.4880366309832, 83.96583420556362]}], "rb_4XMM.renamed.noAb_Nup120_715-1036_Nup85_553-744_Nup145c_92-99_554-712_remaining_updated_1.pdb_41": [{"rot": [[-0.039615892514562545, -0.9956753064733739, -0.08403133427136464], [0.9986357737117677, -0.036589665170896124, -0.037253024921193895], [0.03401723862061712, -0.08539250834723681, 0.995766512288294]], "trans": [532.873033975238, 448.3215999775142, 73.97759344815972]}], "rb_4XMM.renamed.noAb_Nup120_715-1036_Nup85_553-744_Nup145c_92-99_554-712_remaining_updated_1.pdb_42": [{"rot": [[0.6766149951616487, -0.7333595239028152, -0.06615101679820656], [0.7360144105608104, 0.6709249303914682, 0.0902359419855773], [-0.02179302111280346, -0.10974309308670857, 0.9937210462451407]], "trans": [379.5847323141154, 84.39647887130673, 88.00752611355654]}], "rb_4XMM.renamed.noAb_Nup120_2-711_3F7F_updated_1.pdb_42": [{"rot": [[0.9909148453764974, 0.057692298568156206, 0.12148813892060698], [-0.08637316749919598, 0.965400763966414, 0.24605089081167306], [-0.10308950067114409, -0.25430879579555393, 0.9616130153197736]], "trans": [-64.02599458774364, -0.2616053779656795, 226.1278427809879]}], "rb_4XMM.renamed.noAb_Nup120_2-711_3F7F_updated_1.pdb_43": [{"rot": [[0.6395710055533884, 0.7164706011085384, 0.2786015193831416], [-0.7653733310140189, 0.6273273073557527, 0.14375017780261645], [-0.07178156468014793, -0.30517261868153994, 0.9495878473206779]], "trans": [-356.8207243541102, 196.63997762985255, 248.5486148546415]}], "rb_4XMM.renamed.noAb_Nup120_2-711_3F7F_updated_1.pdb_44": [{"rot": [[-0.08758056250989832, 0.9441624080716629, 0.31762712770600343], [-0.9960764728515199, -0.07893725817847219, -0.04000711815337335], [-0.012700602431481217, -0.319884754959628, 0.9473713307052803]], "trans": [-425.1383979958293, 543.5116284276771, 252.3475003883775]}], "rb_4XMM.renamed.noAb_Nup120_2-711_3F7F_updated_1.pdb_45": [{"rot": [[-0.7645642174047793, 0.6073826484840533, 0.21570321227258288], [-0.6433334396089908, -0.7396531918159369, -0.19757338210740438], [0.0395429253480194, -0.2898266277569926, 0.9562619321597652]], "trans": [-228.9556456751206, 837.1511598830457, 235.32306357343407]}], "rb_4XMM.renamed.noAb_Nup120_2-711_3F7F_updated_1.pdb_46": [{"rot": [[-0.9947933886242999, -0.09657834589325805, 0.03253823987098527], [0.08621392616332556, -0.9677637835371512, -0.2366440749508838], [0.0543440234513807, -0.23260671180853115, 0.971051411994615]], "trans": [116.80282346100125, 905.5405109471892, 207.47246444175042]}], "rb_4XMM.renamed.noAb_Nup120_2-711_3F7F_updated_1.pdb_47": [{"rot": [[-0.6433965814367505, -0.7553302987040217, -0.12456716603982268], [0.7651864909781491, -0.6296386323524842, -0.13433103391933207], [0.02303199991417043, -0.18174524067766715, 0.9830758843909085]], "trans": [409.5887363374448, 708.6163522720619, 185.13498155930125]}], "rb_4XMM.renamed.noAb_Nup120_2-711_3F7F_updated_1.pdb_48": [{"rot": [[0.08377299981242109, -0.982967027589158, -0.1635784434910664], [0.9958325528537926, 0.07664378060945448, 0.04942931893708911], [-0.03605012037598168, -0.1670375812996037, 0.9852912438738366]], "trans": [477.8858902490821, 361.73974943536996, 181.42023225832034]}], "rb_4XMM.renamed.noAb_Nup120_2-711_3F7F_updated_1.pdb_49": [{"rot": [[0.7607291613363542, -0.6461357270898767, -0.06164223609279524], [0.6430363966340316, 0.7373332592535381, 0.20698757789411298], [-0.08829119829520854, -0.19709968791600752, 0.9763997016217308]], "trans": [281.6867627838695, 68.11602413412754, 198.52837395847428]}]}
