{"rb_ScNup133N_56-480_renamed_1.pdb_0": [{"rot": [[0.7350482667058852, 0.20753726708316972, 0.6454706255007416], [0.3861486521858906, 0.6543766949400215, -0.6501387233001816], [-0.5573089484547056, 0.7271309537428723, 0.40085821942588024]], "trans": [-60.67862165870406, 21.95053367602432, 396.2266510878095]}], "rb_ScNup133N_56-480_renamed_1.pdb_1": [{"rot": [[0.7823199545038936, 0.6228353458896825, 0.007184754380014924], [-0.2770903515749307, 0.35832700329648015, -0.8915282921885549], [-0.5578498237421097, 0.6954695468667479, 0.4529080298822855]], "trans": [-335.4256170046109, 219.78461581352306, 417.2043699273074]}], "rb_ScNup133N_56-480_renamed_1.pdb_2": [{"rot": [[0.34824551855021174, 0.7079197231811369, -0.6144710931694279], [-0.7794130780251536, -0.14552044995303354, -0.6093759532905919], [-0.520807366127866, 0.6911392509303781, 0.5010850458857714]], "trans": [-390.31961886238884, 554.513126267612, 419.9923878118099]}], "rb_ScNup133N_56-480_renamed_1.pdb_3": [{"rot": [[-0.31288811612394607, 0.41294677105047933, -0.8553221563056728], [-0.8265517912597948, -0.5620047224458633, 0.031029474919302025], [-0.46788156958105054, 0.7166768143504616, 0.5171664921655708]], "trans": [-193.2010335990622, 830.0475007374678, 402.9814494547096]}], "rb_ScNup133N_56-480_renamed_1.pdb_4": [{"rot": [[-0.8137795443422092, -0.08928419602552592, -0.5742744862435177], [-0.39089196841014506, -0.6471434549274676, 0.6545294628792331], [-0.4300771119725194, 0.7571219723958686, 0.49173163074258386]], "trans": [140.45720550532383, 884.9759344191486, 376.1608073010135]}], "rb_ScNup133N_56-480_renamed_1.pdb_5": [{"rot": [[-0.860999504885182, -0.5045591960771192, 0.06403022912247913], [0.2723507234949687, -0.35106117745399507, 0.8958689262924439], [-0.42954037761220193, 0.7887813812068717, 0.43968056206994316]], "trans": [415.19531074151286, 687.12069316619, 355.2663765965972]}], "rb_ScNup133N_56-480_renamed_1.pdb_6": [{"rot": [[-0.4268858790653468, -0.5896042786965767, 0.6856640874344304], [0.7746393638155751, 0.15279293707048247, 0.6136678046050413], [-0.4665857930563271, 0.7931085127043208, 0.39150553609614924]], "trans": [470.0697395941249, 352.38828385865645, 352.5624143607678]}], "rb_ScNup133N_56-480_renamed_1.pdb_7": [{"rot": [[0.2342514501099127, -0.2945988353497551, 0.9264652094557922], [0.8217261847820343, 0.5692540440145103, -0.026756506062678487], [-0.5195116315973679, 0.7675684722444558, 0.37542816230451714]], "trans": [272.93619125111695, 76.86978839105234, 369.65694469832766]}], "rb_ScNup133C_490_881_renamed_relative_3CQC_1.pdb_7": [{"rot": [[0.8031592482434244, 0.3312548325457231, -0.4951822471334756], [-0.24070393083020555, 0.9407375865022447, 0.23890251364273157], [0.5449741641985802, -0.07268444989839905, 0.835296433069735]], "trans": [179.95098634993616, 76.47341402681437, -237.59336580679962]}], "rb_ScNup133C_490_881_renamed_relative_3CQC_1.pdb_8": [{"rot": [[0.41047316412497553, 0.8966138263908717, -0.16611871615789367], [-0.7048493095977278, 0.42755238707412474, 0.5660268607290828], [0.5785319630693134, -0.11525017410804145, 0.8074764176588869]], "trans": [-138.9251085008101, 52.24318412990456, -212.017836749771]}], "rb_ScNup133C_490_881_renamed_relative_3CQC_1.pdb_9": [{"rot": [[-0.19447278231245174, 0.9347888399363529, 0.2972375509085244], [-0.7543625560131599, -0.3362171440670463, 0.5638219276692662], [0.6269908061725802, -0.11457685964383435, 0.7705547820948302]], "trans": [-381.566229429394, 261.31548128277973, -193.65383412490456]}], "rb_ScNup133C_490_881_renamed_relative_3CQC_1.pdb_10": [{"rot": [[-0.6572927259079675, 0.42341641197953256, 0.6234459194949054], [-0.3602381121895672, -0.9031440464283809, 0.23357939533927863], [0.661962819948799, -0.07105894361264453, 0.7461607410860509]], "trans": [-405.82787321678256, 581.212922689075, -193.2352447010972]}], "rb_ScNup133C_490_881_renamed_relative_3CQC_1.pdb_11": [{"rot": [[-0.7068602179421138, -0.33793427883124927, 0.6214089277453502], [0.2466403655265316, -0.9411145469372861, -0.2312400044022672], [0.6629609056224667, -0.010189834828158773, 0.7485846678114698]], "trans": [-197.49531350388258, 824.535193414238, -210.98327916373984]}], "rb_ScNup133C_490_881_renamed_relative_3CQC_1.pdb_12": [{"rot": [[-0.31413792267965107, -0.9032532627742964, 0.29231987414833216], [0.7107549079025102, -0.4278849910115889, -0.5583385132332375], [0.6294003705329408, 0.03237248452923719, 0.7764065918179703]], "trans": [121.38921207966149, 848.7407932186308, -236.476883776144]}], "rb_ScNup133C_490_881_renamed_relative_3CQC_1.pdb_13": [{"rot": [[0.29081190193030776, -0.9413687080580984, -0.1710362335433599], [0.7602206719994729, 0.3358875109506994, -0.5560972125914756], [0.5809414493392102, 0.0316944076512779, 0.8133280377334151]], "trans": [364.0205655144623, 639.6498572330623, -254.7575405953515]}], "rb_ScNup133C_490_881_renamed_relative_3CQC_1.pdb_14": [{"rot": [[0.7536011188387216, -0.42995204940762555, -0.49721885412281447], [0.366059915742145, 0.9027742581077928, -0.2258290879952644], [0.545972061347351, -0.011826838466044043, 0.8377199019481495]], "trans": [388.26379219559385, 319.7509207352556, -255.09217819822288]}], "rb_ScNup84_506-726_ScNup133C_882_1155_renamed_relative_3CQC_new_1.pdb_14": [{"rot": [[0.9721114272451948, 0.2280007768988488, 0.05490918641567598], [-0.23374203491011208, 0.9610062147645088, 0.14775559651015177], [-0.01907967859766012, -0.15646948877500758, 0.9874984885796522]], "trans": [-68.07082341838759, 106.96369875391363, 61.73226368129346]}], "rb_ScNup84_506-726_ScNup133C_882_1155_renamed_relative_3CQC_new_1.pdb_15": [{"rot": [[0.524007738426302, 0.8360455128810369, 0.16261546808602184], [-0.8514869694161726, 0.5098281152827548, 0.12265901427003185], [0.01964258088475175, -0.20273922476599798, 0.9790357377325243]], "trans": [-287.34548326597144, 265.8405776766092, 78.4780390842252]}], "rb_ScNup84_506-726_ScNup133C_882_1155_renamed_relative_3CQC_new_1.pdb_16": [{"rot": [[-0.22841007646276207, 0.9481233813383582, 0.22111284614375704], [-0.9702566413849035, -0.24039292342263402, 0.028518278643803893], [0.0801928102685097, -0.2080223452608811, 0.9748311736159245]], "trans": [-330.4609017275483, 533.6838001379797, 80.6526594482815]}], "rb_ScNup84_506-726_ScNup133C_882_1155_renamed_relative_3CQC_new_1.pdb_17": [{"rot": [[-0.8443650523687933, 0.4985775866305684, 0.1961327317096298], [-0.5204741023246475, -0.8501668387613948, -0.07951764005431541], [0.12709983142237402, -0.16922392378175552, 0.9773478891737115]], "trans": [-172.15754540166262, 753.5871466258967, 67.00620640323768]}], "rb_ScNup84_506-726_ScNup133C_882_1155_renamed_relative_3CQC_new_1.pdb_18": [{"rot": [[-0.9630220794408789, -0.24924160610680324, 0.10230882803876534], [0.23437169444929623, -0.9622794733158756, -0.13815977734451412], [0.1328848499654127, -0.10907262268883576, 0.9851115569464443]], "trans": [94.83016083792143, 796.7282529257327, 45.5569694590547]}], "rb_ScNup84_506-726_ScNup133C_882_1155_renamed_relative_3CQC_new_1.pdb_19": [{"rot": [[-0.5148701981561092, -0.8572511695175873, -0.005395499181402169], [0.8520814378610173, -0.5110536649759144, -0.11305474234805812], [0.09415892046635224, -0.0628059222956997, 0.9935741108851399]], "trans": [314.0989674886611, 637.8345674726244, 28.894218953062648]}], "rb_ScNup84_506-726_ScNup133C_882_1155_renamed_relative_3CQC_new_1.pdb_20": [{"rot": [[0.23755690048737133, -0.9692705284209021, -0.06388553643428485], [0.9707920505125475, 0.23917614544904164, -0.01890941854686477], [0.03360823846134822, -0.05752750805312189, 0.9977780675705]], "trans": [357.20002926364367, 369.9883684011469, 26.80323397764016]}], "rb_ScNup84_506-726_ScNup133C_882_1155_renamed_relative_3CQC_new_1.pdb_21": [{"rot": [[0.853476812882121, -0.519677162898226, -0.038896995187618744], [0.520961181692982, 0.8489147567717267, 0.08912453592726127], [-0.013295752766451773, -0.09632954945004524, 0.9952606899004514]], "trans": [198.88604978937695, 150.09785255395843, 40.53294791546466]}], "rb_4XMM.renamed.noAb_Nup145c_149-550_Sec13_Nup84_7-436_3IKO_updated_1.pdb_21": [{"rot": [[0.9968121963123557, -0.02657769273533097, 0.07522680062189115], [0.028582069032845964, 0.9992611615698381, -0.025694285510621646], [-0.07448832534525833, 0.027762514781014512, 0.9968353586025602]], "trans": [-10.64655450859209, -8.083964341184583, 28.811195194934953]}], "rb_4XMM.renamed.noAb_Nup145c_149-550_Sec13_Nup84_7-436_3IKO_updated_1.pdb_22": [{"rot": [[0.7253595538141467, 0.6861755650798198, 0.054923688677412555], [-0.6865973384745863, 0.726907502947591, -0.013768694858770511], [-0.04937218336429726, -0.027723204105757293, 0.998395618712319]], "trans": [-328.39323424931445, 142.12361641831518, 53.44798055504043]}], "rb_4XMM.renamed.noAb_Nup145c_149-550_Sec13_Nup84_7-436_3IKO_updated_1.pdb_23": [{"rot": [[0.029217814543074372, 0.9983728925246181, 0.04896822219925127], [-0.9995438917955252, 0.02880757881532814, 0.009062658387896771], [0.007637256548235556, -0.04921067846339241, 0.9987592209524729]], "trans": [-447.27537333415984, 473.69081974484425, 61.35163044544612]}], "rb_4XMM.renamed.noAb_Nup145c_149-550_Sec13_Nup84_7-436_3IKO_updated_1.pdb_24": [{"rot": [[-0.6838033750373439, 0.7271246931995841, 0.0608491974223915], [-0.7269290874481626, -0.686081832061341, 0.02942484557540175], [0.06314306065847569, -0.02411224283979976, 0.9977131620039477]], "trans": [-297.64822510980053, 792.3810196273351, 47.916080220075685]}], "rb_4XMM.renamed.noAb_Nup145c_149-550_Sec13_Nup84_7-436_3IKO_updated_1.pdb_25": [{"rot": [[-0.9960061484721257, 0.03133198686893346, 0.08360657153936701], [-0.02845452168792553, -0.9989684328501699, 0.035389410342464636], [0.08462914628680646, 0.032869085288777786, 0.9958702379482207]], "trans": [32.83643059040696, 911.5011202379851, 21.036069543395854]}], "rb_4XMM.renamed.noAb_Nup145c_149-550_Sec13_Nup84_7-436_3IKO_updated_1.pdb_26": [{"rot": [[-0.7244977190240709, -0.6814000484216794, 0.10390875391347855], [0.6867035563714622, -0.7265588411079921, 0.02346222654817679], [0.05950866151834443, 0.08835284046789288, 0.9943100596823662]], "trans": [350.57793596289997, 761.2690038408366, -3.517707420857505]}], "rb_4XMM.renamed.noAb_Nup145c_149-550_Sec13_Nup84_7-436_3IKO_updated_1.pdb_27": [{"rot": [[-0.028331552932705117, -0.9935429368773162, 0.10986243984920006], [0.9995954608739109, -0.028434436652618744, 0.0006304066325235405], [0.0024975405292898406, 0.1098358565926719, 0.9939466016330349]], "trans": [469.44075034451026, 429.6928792893599, -11.337297017582785]}], "rb_4XMM.renamed.noAb_Nup145c_149-550_Sec13_Nup84_7-436_3IKO_updated_1.pdb_28": [{"rot": [[0.6846683937627079, -0.7222389732259376, 0.0979798761784142], [0.7269247023860326, 0.6864336608318898, -0.01973084736924465], [-0.05300629814816318, 0.08473307990669193, 0.9949927826502837]], "trans": [319.79527444407114, 111.0148323643457, 2.182131496381544]}], "rb_4XMM.renamed.noAb_Seh1_Nup85_47_544_3F3F_1.pdb_28": [{"rot": [[0.7200359036455414, -0.6646225803547474, 0.19956232897005916], [0.2816714047523696, 0.5427427716869241, 0.791259441350579], [-0.6341999031899828, -0.5135242053342773, 0.5779994578973442]], "trans": [423.9079675035425, -113.94715046144529, 701.4696516532924]}], "rb_4XMM.renamed.noAb_Seh1_Nup85_47_544_3F3F_1.pdb_29": [{"rot": [[0.6965016235320565, -0.0987027092949357, 0.7107343129433508], [-0.34481487817994505, 0.8225967739976665, 0.45214737331360194], [-0.629275923743287, -0.5599931451245448, 0.538905825920041]], "trans": [-81.65392791425967, -200.24601374561607, 742.227188191549]}], "rb_4XMM.renamed.noAb_Seh1_Nup85_47_544_3F3F_1.pdb_30": [{"rot": [[0.2382481840351262, 0.4988771955411252, 0.8332822730461711], [-0.7709335005625365, 0.6189650276288587, -0.15014603652047243], [-0.590677018779608, -0.6066331991751156, 0.532068436523166]], "trans": [-500.1020678192394, 97.38144620590313, 774.1732361492695]}], "rb_4XMM.renamed.noAb_Seh1_Nup85_47_544_3F3F_1.pdb_31": [{"rot": [[-0.3862730886144502, 0.7780464000238131, 0.4954158863240511], [-0.7470581651311078, 0.0511378808109722, -0.6627888163337645], [-0.5410149710712292, -0.6261219661984037, 0.5614927288225997]], "trans": [-586.3017183970236, 604.5809836015069, 778.6173550947319]}], "rb_4XMM.renamed.noAb_Seh1_Nup85_47_544_3F3F_1.pdb_32": [{"rot": [[-0.8112088271486069, 0.5752636478813858, -0.10493795396513864], [-0.2871753800236191, -0.5482435174873047, -0.7854675974484525], [-0.5093825084005914, -0.6070426516805515, 0.6099415375068115]], "trans": [-289.7539955848091, 1024.228074716552, 752.9801223887937]}], "rb_4XMM.renamed.noAb_Seh1_Nup85_47_544_3F3F_1.pdb_33": [{"rot": [[-0.7876256843401215, 0.009321934555682948, -0.6160835031908428], [0.3393090348966924, -0.8280530928651257, -0.4463154201167386], [-0.5143103734178777, -0.5605721870844514, 0.6490328673203879]], "trans": [215.82117661038075, 1110.4876533470404, 712.3041953367608]}], "rb_4XMM.renamed.noAb_Seh1_Nup85_47_544_3F3F_1.pdb_34": [{"rot": [[-0.3293389977685188, -0.5882421045089412, -0.7385844914644], [0.7653916759392583, -0.6243744507511508, 0.15598758813475852], [-0.5529117533130652, -0.5139336258040502, 0.655866466070786]], "trans": [634.25264704594, 812.8277588663527, 680.4421104374723]}], "rb_4XMM.renamed.noAb_Seh1_Nup85_47_544_3F3F_1.pdb_35": [{"rot": [[0.2951804297302762, -0.8673670295754787, -0.4006781125912256], [0.7414673242161043, -0.05652541156459984, 0.6686038325998961], [-0.6025734154640965, -0.4944484946411204, 0.6264391152562794]], "trans": [720.4192737962481, 305.62187126096745, 676.0831311815152]}], "rb_4XMM.renamed.noAb_Nup120_715-1036_Nup85_553-744_Nup145c_92-99_554-712_remaining_updated_1.pdb_35": [{"rot": [[0.9954627529553541, -0.08107326766854378, 0.049809966353050655], [0.0762227266211006, 0.9927836287717144, 0.09257841211271559], [-0.05695615353052157, -0.08836170953762437, 0.9944587497038759]], "trans": [28.030793642757203, -67.57926699725851, 79.83656193218712]}], "rb_4XMM.renamed.noAb_Nup120_715-1036_Nup85_553-744_Nup145c_92-99_554-712_remaining_updated_1.pdb_36": [{"rot": [[0.7583356407332142, 0.6406791069464329, 0.12023867063497809], [-0.6509497600581508, 0.7540450985101854, 0.08763788731479741], [-0.034517616864169265, -0.1447282672289221, 0.9888691838615118]], "trans": [-341.9080878904447, 75.73511616601006, 108.66692761253256]}], "rb_4XMM.renamed.noAb_Nup120_715-1036_Nup85_553-744_Nup145c_92-99_554-712_remaining_updated_1.pdb_37": [{"rot": [[0.07802078199498186, 0.9829371904969022, 0.1665750194805542], [-0.9967222401069575, 0.07332143804888203, 0.03418688050424461], [0.02139003630336074, -0.1686963137134283, 0.9854359543300826]], "trans": [-502.5682019070959, 439.45286690188215, 119.74411320099063]}], "rb_4XMM.renamed.noAb_Nup120_715-1036_Nup85_553-744_Nup145c_92-99_554-712_remaining_updated_1.pdb_38": [{"rot": [[-0.6469437865709776, 0.7452013718000221, 0.1616745263935218], [-0.7585363193207608, -0.6506098341103504, -0.03646225487012477], [0.07801531444861974, -0.1462250294110639, 0.9861702953776368]], "trans": [-359.8306749693719, 810.503115204178, 106.60295209271226]}], "rb_4XMM.renamed.noAb_Nup120_715-1036_Nup85_553-744_Nup145c_92-99_554-712_remaining_updated_1.pdb_39": [{"rot": [[-0.9918635986983086, 0.06674064552346806, 0.10840796932121705], [-0.07592466851759758, -0.9936595713056972, -0.08292225915319652], [0.1021863312176931, -0.09047840951126261, 0.9906420196643079]], "trans": [2.6887503827431942, 971.5195106040911, 76.96572665648495]}], "rb_4XMM.renamed.noAb_Nup120_715-1036_Nup85_553-744_Nup145c_92-99_554-712_remaining_updated_1.pdb_40": [{"rot": [[-0.7546797650734702, -0.6549931285837137, 0.03797964845505074], [0.6512291824377628, -0.7548644004868297, -0.07797620674988678], [0.0797433641759213, -0.03411360997866858, 0.9962315280516515]], "trans": [372.6229965933464, 828.1764951403567, 48.218346338916035]}], "rb_4XMM.renamed.noAb_Nup120_715-1036_Nup85_553-744_Nup145c_92-99_554-712_remaining_updated_1.pdb_41": [{"rot": [[-0.07433791972594622, -0.9971981292033216, -0.008352532802252717], [0.996948254786372, -0.07411389973134869, -0.024521564897393305], [0.023833819862209504, -0.010149925123148783, 0.9996644077142931]], "trans": [533.261279498659, 464.44654520332796, 37.225436769286375]}], "rb_4XMM.renamed.noAb_Nup120_715-1036_Nup85_553-744_Nup145c_92-99_554-712_remaining_updated_1.pdb_42": [{"rot": [[0.6506080915196639, -0.7594058418818804, -0.003446529386409219], [0.7587054413074946, 0.649798689036124, 0.04612718349664312], [-0.03278970233989509, -0.0326256194210232, 0.9989296293422545]], "trans": [390.50134131222325, 93.4079108535899, 50.45080427469651]}], "rb_4XMM.renamed.noAb_Nup120_2-711_3F7F_updated_1.pdb_42": [{"rot": [[0.987947275551967, 0.15351416538613694, 0.01983889501063508], [-0.14989863616276167, 0.9168658481044264, 0.3699829934690166], [0.03860802515008004, -0.36849751370334666, 0.9288266807044584]], "trans": [-89.78971501853232, 29.34746930294591, 216.80604400611819]}], "rb_4XMM.renamed.noAb_Nup120_2-711_3F7F_updated_1.pdb_43": [{"rot": [[0.595483593679568, 0.7479287373099714, 0.2932607944550008], [-0.8000390874152288, 0.51889931109904, 0.30113280051955305], [0.0730530510401477, -0.41393974059861993, 0.9073682509802027]], "trans": [-354.395900124061, 235.19696205718716, 236.93647871961224]}], "rb_4XMM.renamed.noAb_Nup120_2-711_3F7F_updated_1.pdb_44": [{"rot": [[-0.14041174281184993, 0.8878735692596513, 0.4381381831005664], [-0.9811750573827087, -0.18404212889694133, 0.0585149686927981], [0.13258977807725758, -0.4216740682105175, 0.8970010763361518]], "trans": [-396.4666239807503, 568.3974882603495, 238.70983631011237]}], "rb_4XMM.renamed.noAb_Nup120_2-711_3F7F_updated_1.pdb_45": [{"rot": [[-0.78864086968137, 0.4913670054569233, 0.3695998439075795], [-0.587194540841075, -0.7801654648595683, -0.21574155521570648], [0.1823407520952196, -0.38716961836997044, 0.9037983938559527]], "trans": [-191.3543500168808, 833.7555983303807, 221.11126379794842]}], "rb_4XMM.renamed.noAb_Nup120_2-711_3F7F_updated_1.pdb_46": [{"rot": [[-0.969462024378138, -0.20931181828002435, 0.12779650236587467], [0.15110312049429966, -0.9202532412428963, -0.36097343248337144], [0.19316115102557788, -0.3306395843063139, 0.9237782390943295]], "trans": [140.7851729357127, 875.8208866340833, 194.47425800180457]}], "rb_4XMM.renamed.noAb_Nup120_2-711_3F7F_updated_1.pdb_47": [{"rot": [[-0.5769476249025065, -0.8036953674346731, -0.14562003462230172], [0.801212746616128, -0.5222400634039255, -0.2921017816373294], [0.1587122326073036, -0.2852000570475181, 0.9452361369948228]], "trans": [405.3818425033914, 669.9510309577634, 174.4271574000303]}], "rb_4XMM.renamed.noAb_Nup120_2-711_3F7F_updated_1.pdb_48": [{"rot": [[0.15896185907966642, -0.943585378104187, -0.2904785045161045], [0.9822909519965151, 0.18071233709346735, -0.04947258683346882], [0.09917465897957156, -0.27747015235912015, 0.9556017484109633]], "trans": [447.43311217963264, 336.7476123167538, 172.73784109045016]}], "rb_4XMM.renamed.noAb_Nup120_2-711_3F7F_updated_1.pdb_49": [{"rot": [[0.8071602755279007, -0.5470323095892144, -0.2219187731473185], [0.5882595707209342, 0.776804532409063, 0.22477854854046225], [0.04942638025329536, -0.31197815739923945, 0.9488027520200549]], "trans": [242.30666860445518, 71.40600831433949, 190.41993928776247]}]}
