{"rb_ScNup133N_56-480_renamed_1.pdb_0": [{"rot": [[0.6798805789089468, 0.15045963155093423, 0.7177216018039233], [0.4429729760703307, 0.6957186950060747, -0.5654647998685997], [-0.5844119616279483, 0.702379809428345, 0.4063560783519449]], "trans": [-38.42948286692376, -43.48013261937092, 414.9460235541196]}], "rb_ScNup133N_56-480_renamed_1.pdb_1": [{"rot": [[0.7827340224564637, 0.6110269878105146, 0.11820943387196478], [-0.19959079680651615, 0.42636053721882333, -0.8822585823513497], [-0.5894836417741047, 0.6669802939140576, 0.4556822616813751]], "trans": [-365.41014618271925, 158.9164321536342, 440.0648905311988]}], "rb_ScNup133N_56-480_renamed_1.pdb_2": [{"rot": [[0.40255008280914795, 0.7469480143289845, -0.52917113934939], [-0.7267270562445701, -0.09073280110178153, -0.6809077356928193], [-0.5566158608523887, 0.6586624497375024, 0.5063028350240028]], "trans": [-454.03642069096765, 533.9220034920735, 445.34561249720343]}], "rb_ScNup133N_56-480_renamed_1.pdb_3": [{"rot": [[-0.2379541275940536, 0.47859825728535066, -0.8451754500009889], [-0.8296319488437613, -0.5526407513514588, -0.07936642491251344], [-0.5050630283624524, 0.6822989872989088, 0.5285635527656332]], "trans": [-252.38787181500305, 861.8531469225126, 427.71867296745484]}], "rb_ScNup133N_56-480_renamed_1.pdb_4": [{"rot": [[-0.7635622111895786, -0.03681921191265197, -0.6446837172423453], [-0.44802233756049803, -0.6887711233718489, 0.5699739684019824], [-0.4650255204718384, 0.7240432896196249, 0.5094237725770985]], "trans": [121.40885060835899, 950.6032915894576, 397.5341865595135]}], "rb_ScNup133N_56-480_renamed_1.pdb_5": [{"rot": [[-0.8663655415331902, -0.49736557242251755, -0.04514682505690476], [0.19454948661996493, -0.41937682579516244, 0.886720686147491], [-0.45995787383172976, 0.7594409558055126, 0.46009584756374317]], "trans": [448.38026938899094, 748.1814681651516, 372.4986559135964]}], "rb_ScNup133N_56-480_renamed_1.pdb_6": [{"rot": [[-0.486140478182643, -0.6332462725538844, 0.6022180616429222], [0.7216558888299919, 0.09772716339858206, 0.6853190349399738], [-0.49282878729772, 0.7677555338977857, 0.40947677172213365]], "trans": [536.9838304474576, 373.1693517544429, 367.30225278425047]}], "rb_ScNup133N_56-480_renamed_1.pdb_7": [{"rot": [[0.15437177557791934, -0.36486048225192513, 0.9181754643834742], [0.8245105064546773, 0.5596140361734415, 0.08375294182007564], [-0.5443820162815515, 0.7441162268144393, 0.38721991340925366]], "trans": [335.316231744762, 45.254444616745786, 385.0131082951171]}], "rb_ScNup133C_490_881_renamed_relative_3CQC_1.pdb_7": [{"rot": [[0.7581578178386749, 0.33414651982052646, -0.5599489499426994], [-0.2925801748143301, 0.9417508167122969, 0.16583799482428652], [0.5827465697502793, 0.03809858939061296, 0.8117603913290735]], "trans": [222.60734734403036, 129.4744479359794, -278.14707731182807]}], "rb_ScNup133C_490_881_renamed_relative_3CQC_1.pdb_8": [{"rot": [[0.3427442676465643, 0.9015682534601401, -0.2640095667741128], [-0.7076399515781826, 0.43261189346322027, 0.5586525293638227], [0.617877063764184, -0.00465123499749398, 0.7862609618232045]], "trans": [-72.12074869962191, 57.321684307098195, -254.2631275291663]}], "rb_ScNup133C_490_881_renamed_relative_3CQC_1.pdb_9": [{"rot": [[-0.2436782027763323, 0.9440545732463347, 0.22222037760830937], [-0.7063366931471594, -0.32976086499428486, 0.6263754846992008], [0.6646122248391421, -0.004328354295111025, 0.747175920345044]], "trans": [-331.4606694325462, 215.39189418872002, -234.31997792227725]}], "rb_ScNup133C_490_881_renamed_relative_3CQC_1.pdb_10": [{"rot": [[-0.6575750416994494, 0.4367163939912476, 0.6139005259431289], [-0.2894338666860967, -0.8987587472999176, 0.329333798701286], [0.6955739366516716, 0.03887808342968796, 0.7174018352915832]], "trans": [-403.48551925724905, 511.08543663741057, -229.97660182809904]}], "rb_ScNup133C_490_881_renamed_relative_3CQC_1.pdb_11": [{"rot": [[-0.6564796449361957, -0.32324042542916265, 0.6815791246457167], [0.2988409737342608, -0.9410547711288975, -0.1584613206845703], [0.6926243918618563, 0.09965713774694367, 0.7143807855017388]], "trans": [-246.00021225677372, 771.1809820029578, -243.75340530301798]}], "rb_ScNup133C_490_881_renamed_relative_3CQC_1.pdb_12": [{"rot": [[-0.24103371135558044, -0.8906224648072664, 0.38560909632785556], [0.7138681319204182, -0.4318713293482731, -0.5512526146109504], [0.6574914753961516, 0.14240358165294192, 0.7398825445392038]], "trans": [48.740051524436694, 843.311009258214, -267.55573771731093]}], "rb_ScNup133C_490_881_renamed_relative_3CQC_1.pdb_13": [{"rot": [[0.3453886733632092, -0.9330493253886154, -0.10062614324445252], [0.7125188467239942, 0.33050473836033767, -0.6189374047385365], [0.6107565450942892, 0.14207594558268993, 0.7789678223850283]], "trans": [308.0741830648935, 685.2208481988455, -287.4158522286114]}], "rb_ScNup133C_490_881_renamed_relative_3CQC_1.pdb_14": [{"rot": [[0.759253007696281, -0.4256667540259211, -0.49228313481287134], [0.29558354843797524, 0.899462782030675, -0.32186498665504787], [0.5797975820896175, 0.09886616336580976, 0.8087399121747109]], "trans": [380.08250483620645, 389.5220610398809, -291.67540882739837]}], "rb_ScNup84_506-726_ScNup133C_882_1155_renamed_relative_3CQC_new_1.pdb_14": [{"rot": [[0.9789847998207184, 0.19115882316724989, 0.07104270578533518], [-0.20305043900382072, 0.9460674594882428, 0.2524418374949353], [-0.018954707603792757, -0.2615619743440849, 0.9650005454075561]], "trans": [-66.93824206152635, 63.33536428595127, 99.14050792876316]}], "rb_ScNup84_506-726_ScNup133C_882_1155_renamed_relative_3CQC_new_1.pdb_15": [{"rot": [[0.550520288892743, 0.7973174610159429, 0.2474111514797646], [-0.8346218535021371, 0.5191765655690752, 0.1840164542114611], [0.018269460148284303, -0.3077995453586506, 0.9512758100061727]], "trans": [-316.560548571544, 236.34746976083323, 118.23640413255393]}], "rb_ScNup84_506-726_ScNup133C_882_1155_renamed_relative_3CQC_new_1.pdb_16": [{"rot": [[-0.1977516285591428, 0.9251810595283853, 0.32393564251582874], [-0.9770954996675557, -0.21253988741736446, 0.01054422998730542], [0.07860456686235198, -0.31443091983224236, 0.9460203585134062]], "trans": [-371.1790410487838, 535.7089994226359, 121.17453927548755]}], "rb_ScNup84_506-726_ScNup133C_882_1155_renamed_relative_3CQC_new_1.pdb_17": [{"rot": [[-0.8274827126575875, 0.4998453198192489, 0.2557870530492778], [-0.5470083066979631, -0.820432084109632, -0.16635236026865965], [0.12670545630030478, -0.27757134509585013, 0.9523129085155849]], "trans": [-198.79552314007117, 786.0498649930862, 106.25771726431458]}], "rb_ScNup84_506-726_ScNup133C_882_1155_renamed_relative_3CQC_new_1.pdb_18": [{"rot": [[-0.9697676151294369, -0.22952208455592338, 0.08288778768472876], [0.2036885835356318, -0.9483882044054239, -0.24304479974256718], [0.13439394920684886, -0.2188136797500563, 0.9664671954964781]], "trans": [99.60722309533116, 840.7169744099897, 82.24842766155695]}], "rb_ScNup84_506-726_ScNup133C_882_1155_renamed_relative_3CQC_new_1.pdb_19": [{"rot": [[-0.5412538338895568, -0.8356474440337545, -0.0934753260476239], [0.8352263479082371, -0.5214497488541696, -0.1746055760272057], [0.09716601802958072, -0.17257899263750817, 0.9801914385672313]], "trans": [349.2225747732667, 667.6856809658605, 63.23565574868002]}], "rb_ScNup84_506-726_ScNup133C_882_1155_renamed_relative_3CQC_new_1.pdb_20": [{"rot": [[0.20702921596741525, -0.9634539766645622, -0.16998628940346444], [0.9776412593679031, 0.210276715449983, -0.0011273513680882946], [0.036830309765973665, -0.16595221537782473, 0.9854457826251704]], "trans": [403.8242526436059, 368.32027289668713, 60.3813562935178]}], "rb_ScNup84_506-726_ScNup133C_882_1155_renamed_relative_3CQC_new_1.pdb_21": [{"rot": [[0.8367267730442625, -0.5380708135611096, -0.10182390124435817], [0.547504654731306, 0.8181355083745145, 0.17576388418650635], [-0.011267666949664794, -0.20281540752728788, 0.9791521588349033]], "trans": [231.4277372655098, 117.99334409682444, 75.381623063713]}], "rb_4XMM.renamed.noAb_Nup145c_149-550_Sec13_Nup84_7-436_3IKO_updated_1.pdb_21": [{"rot": [[0.9989794958448668, -0.045078811632974954, -0.002804928394169878], [0.04506337857943762, 0.9989698496534314, -0.005341478672514373], [0.0030428264071323497, 0.005209628121219821, 0.9999818003255343]], "trans": [18.77279719166512, -22.189637793488373, -4.250128487191375]}], "rb_4XMM.renamed.noAb_Nup145c_149-550_Sec13_Nup84_7-436_3IKO_updated_1.pdb_22": [{"rot": [[0.7400479106328364, 0.6724081242208669, 0.014014437189924091], [-0.672005113601143, 0.7384414100739096, 0.0557979496215828], [0.027170153880499117, -0.0507109294909196, 0.9983437205533365]], "trans": [-318.13456316276006, 109.51149598019832, 22.00392436490438]}], "rb_4XMM.renamed.noAb_Nup145c_149-550_Sec13_Nup84_7-436_3IKO_updated_1.pdb_23": [{"rot": [[0.05143154198580113, 0.9962894155672382, 0.06900867277129055], [-0.9951687824277788, 0.04534192469998666, 0.08708159590702329], [0.0836294862484287, -0.07315401761484484, 0.9938081297396555]], "trans": [-463.6153955541478, 441.5897028251264, 32.02516853853234]}], "rb_4XMM.renamed.noAb_Nup145c_149-550_Sec13_Nup84_7-436_3IKO_updated_1.pdb_24": [{"rot": [[-0.6634684318520074, 0.736830835209227, 0.12996137972764338], [-0.7351137940940968, -0.6743011552335494, 0.07018305909038348], [0.1393461505332016, -0.04897215878001801, 0.9890320409349763]], "trans": [-332.4430637486233, 779.5090036640004, 19.96702279842515]}], "rb_4XMM.renamed.noAb_Nup145c_149-550_Sec13_Nup84_7-436_3IKO_updated_1.pdb_25": [{"rot": [[-0.98585352611677, 0.04602687788653915, 0.16116560289078294], [-0.04418402754130283, -0.9989107665342061, 0.015001740308220062], [0.16168053919183137, 0.007668573143909797, 0.9868133543039312]], "trans": [-1.4582559084772129, 925.3116241984446, -7.082676159820949]}], "rb_4XMM.renamed.noAb_Nup145c_149-550_Sec13_Nup84_7-436_3IKO_updated_1.pdb_26": [{"rot": [[-0.7268660069583601, -0.6714397578653962, 0.14434146835219552], [0.6728641178742675, -0.7383260219065398, -0.0461363658402808], [0.1375488524332127, 0.06358723876158152, 0.9884518077584685]], "trans": [335.44537398700623, 793.5844502976124, -33.253828384523445]}], "rb_4XMM.renamed.noAb_Nup145c_149-550_Sec13_Nup84_7-436_3IKO_updated_1.pdb_27": [{"rot": [[-0.038224414823794406, -0.9952670005435316, 0.08934479134488264], [0.9959737281893228, -0.04520113899833694, -0.0774156947260306], [0.08108777261732762, 0.08602589530097987, 0.9929875721627264]], "trans": [480.9068425431351, 461.4952345809426, -43.19099898801892]}], "rb_4XMM.renamed.noAb_Nup145c_149-550_Sec13_Nup84_7-436_3IKO_updated_1.pdb_28": [{"rot": [[0.6766552957680501, -0.7357522854228938, 0.028393400712873933], [0.735862637835799, 0.674421552721929, -0.060512374449219856], [0.02537299640154706, 0.06183966137626811, 0.9977635327744125]], "trans": [349.7146838122861, 123.58663886838121, -31.048848415487498]}], "rb_4XMM.renamed.noAb_Seh1_Nup85_47_544_3F3F_1.pdb_28": [{"rot": [[0.6535321423241328, -0.7377026604791994, 0.16938277265158763], [0.24684399650318367, 0.41927822862593733, 0.8736554288680586], [-0.7155164430951707, -0.5291507835411436, 0.4561092719274934]], "trans": [503.9921405193464, -56.686729771642376, 782.8617417052883]}], "rb_4XMM.renamed.noAb_Seh1_Nup85_47_544_3F3F_1.pdb_29": [{"rot": [[0.6231938025400992, -0.2378623952626591, 0.7450174262361392], [-0.32725564590216855, 0.7858991401057402, 0.5246582543010367], [-0.7103050237051439, -0.5707749315631927, 0.4119256617379723]], "trans": [17.09815258550981, -211.50949880240626, 822.464731583487]}], "rb_4XMM.renamed.noAb_Seh1_Nup85_47_544_3F3F_1.pdb_30": [{"rot": [[0.19705440070185468, 0.37413644950593544, 0.906196159953861], [-0.7115198712254931, 0.690469837917278, -0.1303490536127663], [-0.6744694477997419, -0.6190907203936905, 0.4022656384867227]], "trans": [-436.4469914546782, 24.44175017524109, 857.5083119829605]}], "rb_4XMM.renamed.noAb_Seh1_Nup85_47_544_3F3F_1.pdb_31": [{"rot": [[-0.37524759302819133, 0.7397763213774301, 0.5584981989727669], [-0.6808412781468095, 0.1888941528357132, -0.7076539782944029], [-0.6290027010259702, -0.645794079683109, 0.4327881800006541]], "trans": [-590.9482378966806, 512.9435653927624, 867.487464292401]}], "rb_4XMM.renamed.noAb_Seh1_Nup85_47_544_3F3F_1.pdb_32": [{"rot": [[-0.7584496012648662, 0.6448602278873102, -0.094390088623169], [-0.25319181905977306, -0.42499780660101444, -0.8690631548659324], [-0.6005398447250329, -0.6352418050423405, 0.48561275109307045]], "trans": [-355.8946647679338, 967.8248124153188, 846.5802652840761]}], "rb_4XMM.renamed.noAb_Seh1_Nup85_47_544_3F3F_1.pdb_33": [{"rot": [[-0.7280664844348099, 0.14499135491900633, -0.6699975382353917], [0.320905423045057, -0.7915794746782413, -0.5200208118223637], [-0.605754821444293, -0.5936155677430199, 0.5297939731915817]], "trans": [131.01794387662466, 1122.609759706693, 807.0584518297555]}], "rb_4XMM.renamed.noAb_Seh1_Nup85_47_544_3F3F_1.pdb_34": [{"rot": [[-0.30189710077901644, -0.46700006359154056, -0.8311251898160222], [0.7051361889715579, -0.6961021414348084, 0.13499912478434428], [-0.6415926242904365, -0.545300604525035, 0.5394498634356483]], "trans": [584.5512297644947, 886.6233194710209, 772.0984644097366]}], "rb_4XMM.renamed.noAb_Seh1_Nup85_47_544_3F3F_1.pdb_35": [{"rot": [[0.27040251576864044, -0.8326008256018507, -0.48338219316923975], [0.6744126783861855, -0.1944977749151175, 0.7122767403088754], [-0.6870589630431722, -0.5186005020824627, 0.5089238651722436]], "trans": [739.0209125424946, 398.10979260234603, 762.2043614916754]}], "rb_4XMM.renamed.noAb_Nup120_715-1036_Nup85_553-744_Nup145c_92-99_554-712_remaining_updated_1.pdb_35": [{"rot": [[0.992742999537111, -0.06228084149618149, 0.10287095631220056], [0.052882546327889746, 0.9943824473528416, 0.09168961059166507], [-0.10800357940335936, -0.08558414093218498, 0.9904597829578755]], "trans": [2.609289433202889, -53.741376814957334, 107.5162483193509]}], "rb_4XMM.renamed.noAb_Nup120_715-1036_Nup85_553-744_Nup145c_92-99_554-712_remaining_updated_1.pdb_36": [{"rot": [[0.7389437504876869, 0.6551839078577167, 0.15715018453530816], [-0.6684771018341963, 0.7420913848871101, 0.04938360861342137], [-0.08426445240161437, -0.14154300887228963, 0.9863392310462128]], "trans": [-349.62769100584, 105.03037080394074, 134.86045549453314]}], "rb_4XMM.renamed.noAb_Nup120_715-1036_Nup85_553-744_Nup145c_92-99_554-712_remaining_updated_1.pdb_37": [{"rot": [[0.050933015737658294, 0.9848559784643356, 0.165724257702132], [-0.9983144916342013, 0.05482997715448701, -0.019022339456113063], [-0.027820922001483187, -0.16447606296447406, 0.9859886515628326]], "trans": [-486.87028152744705, 467.11675916116826, 144.07905680656222]}], "rb_4XMM.renamed.noAb_Nup120_715-1036_Nup85_553-744_Nup145c_92-99_554-712_remaining_updated_1.pdb_38": [{"rot": [[-0.6682428153450481, 0.7336088229861223, 0.12357036285711503], [-0.7434062294200862, -0.6647943528094085, -0.07345506471393727], [0.02826159583485862, -0.140948796765474, 0.9896134189122694]], "trans": [-328.71792414427097, 820.4025933341653, 129.79567052575987]}], "rb_4XMM.renamed.noAb_Nup120_715-1036_Nup85_553-744_Nup145c_92-99_554-712_remaining_updated_1.pdb_39": [{"rot": [[-0.9972804005329645, 0.04862656768710638, 0.05538284597038557], [-0.0530811694033768, -0.9952155258086735, -0.08202710920259164], [0.0511291713953806, -0.08474381454911704, 0.9950900932720037]], "trans": [32.183413579648175, 957.9281671293077, 100.40171063235289]}], "rb_4XMM.renamed.noAb_Nup120_715-1036_Nup85_553-744_Nup145c_92-99_554-712_remaining_updated_1.pdb_40": [{"rot": [[-0.7434248829930585, -0.6688185240287485, 0.001106915878177751], [0.668258534674792, -0.7428681597617997, -0.039716848394795196], [0.027385656483913542, -0.02878678738799437, 0.9992103615809943]], "trans": [384.4145526360406, 799.1291771019897, 73.14057818792043]}], "rb_4XMM.renamed.noAb_Nup120_715-1036_Nup85_553-744_Nup145c_92-99_554-712_remaining_updated_1.pdb_41": [{"rot": [[-0.055388404263005064, -0.9984370014585019, -0.0074618222808787715], [0.9980419132756017, -0.05558089979690739, 0.028689770353567505], [-0.029059663080844844, -0.005858130787174594, 0.9995605125680517]], "trans": [521.6354386458751, 437.03242747115394, 64.00623386156474]}], "rb_4XMM.renamed.noAb_Nup120_715-1036_Nup85_553-744_Nup145c_92-99_554-712_remaining_updated_1.pdb_42": [{"rot": [[0.6637675651027813, -0.7471337129032724, 0.03469631912599934], [0.7430772132690598, 0.6640236864482046, 0.08311918524638126], [-0.08514032321885324, -0.029389775077475984, 0.9959354228478282]], "trans": [363.4620551093613, 83.75941652989252, 78.37371025510677]}], "rb_4XMM.renamed.noAb_Nup120_2-711_3F7F_updated_1.pdb_42": [{"rot": [[0.9572059820342487, 0.2844320925649212, 0.053433067261686056], [-0.28484893660605426, 0.893291217859095, 0.34769510121688085], [0.05116435548555096, -0.34803618319789265, 0.9360838765371366]], "trans": [-158.68688740254663, 130.4889395396272, 194.9686986259383]}], "rb_4XMM.renamed.noAb_Nup120_2-711_3F7F_updated_1.pdb_43": [{"rot": [[0.478799460966222, 0.824526587236358, 0.30150784918277257], [-0.8730738354704101, 0.41114202000618166, 0.262115083889168], [0.09215830942158297, -0.3887391751876866, 0.9167271675252973]], "trans": [-332.3680144041641, 354.01250698337026, 207.76585047802834]}], "rb_4XMM.renamed.noAb_Nup120_2-711_3F7F_updated_1.pdb_44": [{"rot": [[-0.2742450764448626, 0.8667074197908435, 0.4166627971456678], [-0.9494827050642722, -0.3127691606339189, 0.025652386637266017], [0.15255238716449313, -0.3885790789991843, 0.9086991078099297]], "trans": [-297.66307605904785, 635.207279190114, 203.67274494384213]}], "rb_4XMM.renamed.noAb_Nup120_2-711_3F7F_updated_1.pdb_45": [{"rot": [[-0.8607835222556146, 0.38626446376822077, 0.33143851894894144], [-0.4693141522144948, -0.8543649472945889, -0.22316980836462966], [0.19696688641598853, -0.34764968123696643, 0.9167026479679372]], "trans": [-74.90080125013321, 809.3455105500396, 185.11118585928074]}], "rb_4XMM.renamed.noAb_Nup120_2-711_3F7F_updated_1.pdb_46": [{"rot": [[-0.9372133847180096, -0.3353520229477772, 0.09576059842255838], [0.2861423144429269, -0.896370891649416, -0.33858795089145904], [0.19938316727010366, -0.2899280002146489, 0.9360492013248435]], "trans": [205.42344183070577, 774.4146865786196, 162.97880115524976]}], "rb_4XMM.renamed.noAb_Nup120_2-711_3F7F_updated_1.pdb_47": [{"rot": [[-0.4587609727405162, -0.8754089276464566, -0.15230751553044666], [0.8743296448038956, -0.4141793192115274, -0.252988465655196], [0.15838573833293793, -0.24922821055080752, 0.9554052841377701]], "trans": [379.09367235415067, 550.8778932781098, 150.26505875918133]}], "rb_4XMM.renamed.noAb_Nup120_2-711_3F7F_updated_1.pdb_48": [{"rot": [[0.2942895445614413, -0.9175333007529747, -0.26744402399599676], [0.9506794073015981, 0.30973514798379065, -0.01651673805998513], [0.09799147153963093, -0.24939282289755485, 0.9634318301741369]], "trans": [344.3733338685805, 269.68625282791334, 154.4418531316468]}], "rb_4XMM.renamed.noAb_Nup120_2-711_3F7F_updated_1.pdb_49": [{"rot": [[0.8807905561400825, -0.43704809054787275, -0.18220033689020332], [0.47046483453322885, 0.8512932078595336, 0.23229875961753985], [0.05358017993686377, -0.2903254050211322, 0.9554267755915414]], "trans": [121.60400355487897, 95.56590980106535, 173.08636413764162]}]}
