{"rb_ScNup133N_56-480_renamed_1.pdb_0": [{"rot": [[0.6057375951772691, 0.09344658729835176, 0.7901580228733688], [0.556372646473348, 0.660179156192568, -0.5045918746721083], [-0.5687982454659143, 0.745272579028077, 0.3479042093791581]], "trans": [-0.9355033394565453, -122.63847514467034, 414.80570543849143]}], "rb_ScNup133N_56-480_renamed_1.pdb_1": [{"rot": [[0.8104252068803621, 0.5464009860688508, 0.21132190249926838], [-0.06625327293988054, 0.4438818572600915, -0.8936326989429639], [-0.5820837464469151, 0.7102216972314488, 0.39593389966508835]], "trans": [-394.6376742745714, 76.51109537499636, 445.2584878751973]}], "rb_ScNup133N_56-480_renamed_1.pdb_2": [{"rot": [[0.5163293891745314, 0.7143391152722234, -0.4723595984700138], [-0.651533633945524, -0.030306737639136494, -0.7580141327781511], [-0.5557948233947447, 0.6991431398832215, 0.4497677003096541]], "trans": [-532.7492802363561, 496.5508564912825, 454.2643845744317]}], "rb_ScNup133N_56-480_renamed_1.pdb_3": [{"rot": [[-0.10426438117711784, 0.4988804508935121, -0.8603762168575086], [-0.8566029486133864, -0.48460026355395996, -0.17718344445880035], [-0.5053318981071795, 0.7185268820856452, 0.47786901183867997]], "trans": [-334.3606817394894, 891.4157103768156, 436.57161916782616]}], "rb_ScNup133N_56-480_renamed_1.pdb_4": [{"rot": [[-0.687803523130427, 0.026243716492933555, -0.7254223465775025], [-0.5613287209336969, -0.6528671674647599, 0.5086005590849074], [-0.46025686374492175, 0.757017654345775, 0.46377568972996946]], "trans": [84.31119627658893, 1029.7883748261895, 402.5688679997491]}], "rb_ScNup133N_56-480_renamed_1.pdb_5": [{"rot": [[-0.8924425794272467, -0.42669382473969786, -0.14655586768959422], [0.06131324315217154, -0.43653432449724505, 0.8975959390226184], [-0.4469753109953664, 0.7920670195537379, 0.4157438007906474]], "trans": [478.00437773584423, 830.6083087455723, 372.19942704443787]}], "rb_ScNup133N_56-480_renamed_1.pdb_6": [{"rot": [[-0.5983011054782059, -0.5945949747309757, 0.5371150744563274], [0.6465705018310238, 0.03766743564512881, 0.7619237169519643], [-0.4732677607290969, 0.8031425653746597, 0.36191110281100236]], "trans": [616.08975920485, 410.5581200791007, 363.278147923818]}], "rb_ScNup133N_56-480_renamed_1.pdb_7": [{"rot": [[0.022308675882564216, -0.3791008724097944, 0.9250864021908973], [0.8515911008414412, 0.49194403562614086, 0.18106259354026571], [-0.5237317251685523, 0.7837560809014485, 0.333813549308552]], "trans": [417.6768905544478, 15.709248850433369, 381.0552466379704]}], "rb_ScNup133C_490_881_renamed_relative_3CQC_1.pdb_7": [{"rot": [[0.7806831136665046, 0.3510910897582373, -0.516980582544783], [-0.29036471269260616, 0.9363327696012619, 0.19740637830062285], [0.5533734811670236, -0.003998907751086064, 0.8329236454068804]], "trans": [192.8662101204879, 119.1070546736146, -257.61627808793014]}], "rb_ScNup133C_490_881_renamed_relative_3CQC_1.pdb_8": [{"rot": [[0.3596945971743358, 0.9089290779120871, -0.21087372546022287], [-0.7236402787734839, 0.41441409220904674, 0.5519109594084759], [0.58903696293206, -0.04592266874249418, 0.8068002012861304]], "trans": [-100.10852179351019, 72.13393852032132, -233.99459315822577]}], "rb_ScNup133C_490_881_renamed_relative_3CQC_1.pdb_9": [{"rot": [[-0.24351160730322274, 0.9356278139495992, 0.25554391182826575], [-0.7312576674231993, -0.3501933699676554, 0.5853433415231404], [0.6371532946971081, -0.04433054696919825, 0.769461163192808]], "trans": [-340.45920302405926, 246.7578591298061, -215.6455451411971]}], "rb_ScNup133C_490_881_renamed_relative_3CQC_1.pdb_10": [{"rot": [[-0.6755687999757339, 0.4155468018478214, 0.6090383009084005], [-0.30875450496556983, -0.9095717846205152, 0.2781183638052581], [0.6695352508739251, -0.00015522981491211674, 0.7427802661224192]], "trans": [-387.38310222243473, 540.6817784069318, -213.29426018560997]}], "rb_ScNup133C_490_881_renamed_relative_3CQC_1.pdb_11": [{"rot": [[-0.6833717853692244, -0.34664316836175446, 0.6425274443861524], [0.296360898737135, -0.9360293892102415, -0.18978724992584955], [0.6672130249485493, 0.06072475905941167, 0.742387555779446]], "trans": [-213.38962427198578, 781.7210369070756, -228.29414927037874]}], "rb_ScNup133C_490_881_renamed_relative_3CQC_1.pdb_12": [{"rot": [[-0.26234946461809344, -0.9044404652517788, 0.33639292981533153], [0.7296034080686782, -0.4140669459159478, -0.5442677936773462], [0.6315470096114513, 0.102645063763351, 0.7685130874200179]], "trans": [79.59531147513957, 828.6715551424877, -251.83406097002296]}], "rb_ScNup133C_490_881_renamed_relative_3CQC_1.pdb_13": [{"rot": [[0.3408573503669241, -0.9310795673621896, -0.13002732767181993], [0.7371734523432606, 0.35054258631011836, -0.5776635667439385], [0.5834308595379194, 0.10104817872504196, 0.8058521562390917]], "trans": [319.93891190994464, 654.0291743237365, -270.0999781969498]}], "rb_ScNup133C_490_881_renamed_relative_3CQC_1.pdb_14": [{"rot": [[0.7728816021515131, -0.4109549130653682, -0.4834977647136979], [0.3146363928872074, 0.9098801624955227, -0.2704108543828161], [0.5510516938787445, 0.05686958171600494, 0.8325310092415835]], "trans": [366.8464203922187, 360.10198038719545, -272.3674641890058]}], "rb_ScNup84_506-726_ScNup133C_882_1155_renamed_relative_3CQC_new_1.pdb_14": [{"rot": [[0.9777868241954117, 0.16113390918717543, 0.13404771441509622], [-0.18577720959107893, 0.9623787275697286, 0.19827761628036458], [-0.09705542141686072, -0.21877625106791246, 0.9709362477229215]], "trans": [-75.08701551214074, 64.42786038403821, 130.23006196387294]}], "rb_ScNup84_506-726_ScNup133C_882_1155_renamed_relative_3CQC_new_1.pdb_15": [{"rot": [[0.560304467249396, 0.7883766445647018, 0.2540101775230148], [-0.8260622000627826, 0.5543351571465605, 0.1016551778255014], [-0.06066420367734923, -0.2667860563376596, 0.9618446103898453]], "trans": [-320.9527481640215, 244.6536666454028, 148.9914379096512]}], "rb_ScNup84_506-726_ScNup133C_882_1155_renamed_relative_3CQC_new_1.pdb_16": [{"rot": [[-0.18634118720082926, 0.944439778326023, 0.27075905722261373], [-0.9824850172843185, -0.17901574639199558, -0.05173541683943077], [-0.0003908508903371355, -0.27565715600943463, 0.9612559386429673]], "trans": [-367.829076368094, 546.4492372553434, 151.30063186166257]}], "rb_ScNup84_506-726_ScNup133C_882_1155_renamed_relative_3CQC_new_1.pdb_17": [{"rot": [[-0.824754587074594, 0.5378993262235713, 0.1744826236266644], [-0.5634109693655883, -0.8080666835053139, -0.17203579455232987], [0.048455657027269616, -0.24019273481300657, 0.9695150846918807]], "trans": [-188.25327276692167, 793.018588428191, 135.82889034437068]}], "rb_ScNup84_506-726_ScNup133C_882_1155_renamed_relative_3CQC_new_1.pdb_18": [{"rot": [[-0.9809441610969089, -0.19308758268066234, 0.021580969033387493], [0.1856604574785402, -0.9643107456141988, -0.18877229781365387], [0.05726034700157534, -0.1811683507335816, 0.9817837243271723]], "trans": [112.5785382103619, 839.9180344142192, 111.66378259134694]}], "rb_ScNup84_506-726_ScNup133C_882_1155_renamed_relative_3CQC_new_1.pdb_19": [{"rot": [[-0.5634118545325083, -0.8202985102351625, -0.09837396138314558], [0.8259126594956581, -0.5562179580939905, -0.09214044702822326], [0.020865307499503133, -0.13316132020870253, 0.9908747154626696]], "trans": [358.43675330399316, 659.6733352678034, 92.98557435351859]}], "rb_ScNup84_506-726_ScNup133C_882_1155_renamed_relative_3CQC_new_1.pdb_20": [{"rot": [[0.1832460202276594, -0.9763044514044243, -0.1151108780204109], [0.9822768691880892, 0.17714517001766922, 0.061251457104760654], [-0.039408734168576126, -0.12429483861897384, 0.9914624273082231]], "trans": [405.2960768505535, 357.87449399435206, 90.76022828052805]}], "rb_ScNup84_506-726_ScNup133C_882_1155_renamed_relative_3CQC_new_1.pdb_21": [{"rot": [[0.8216267522730538, -0.5697149261677243, -0.01882505912177391], [0.5631527277826511, 0.8061641778528637, 0.18154427431834766], [-0.08825239452951411, -0.15976301589704903, 0.9832025699779707]], "trans": [225.7075697392703, 111.31964397069419, 106.31538838049954]}], "rb_4XMM.renamed.noAb_Nup145c_149-550_Sec13_Nup84_7-436_3IKO_updated_1.pdb_21": [{"rot": [[0.990061863747385, -0.01731935869825991, 0.13956197822951114], [0.018905309499554348, 0.9997708075230183, -0.010045979170660196], [-0.13935600175729637, 0.012584603253670222, 0.9901623768529924]], "trans": [-31.74022236281303, -8.121306329417848, 71.33193435014908]}], "rb_4XMM.renamed.noAb_Nup145c_149-550_Sec13_Nup84_7-436_3IKO_updated_1.pdb_22": [{"rot": [[0.7124695740350654, 0.6927984298613209, 0.11143357508390336], [-0.6924187055441761, 0.7198686991984643, -0.04842924867100106], [-0.11376925018131695, -0.04265432564228975, 0.9925911374867203]], "trans": [-342.53315430089503, 159.41242572050217, 95.33016304499142]}], "rb_4XMM.renamed.noAb_Nup145c_149-550_Sec13_Nup84_7-436_3IKO_updated_1.pdb_23": [{"rot": [[0.014702496115290675, 0.9978106623344632, 0.06448037484101898], [-0.9982850030452263, 0.01830286597282732, -0.05560627475539092], [-0.056664709502221626, -0.0635522401559471, 0.9963685179029838]], "trans": [-444.2833557767815, 498.29341711327226, 101.83270639381254]}], "rb_4XMM.renamed.noAb_Nup145c_149-550_Sec13_Nup84_7-436_3IKO_updated_1.pdb_24": [{"rot": [[-0.6944775772507363, 0.7190368722659227, 0.026208224243263092], [-0.7195127932126865, -0.693939534972066, -0.027372654347526393], [-0.0014950248238479735, -0.03786684730460667, 0.9992816753928715]], "trans": [-277.3822107487937, 810.0005216642086, 87.05428771819851]}], "rb_4XMM.renamed.noAb_Nup145c_149-550_Sec13_Nup84_7-436_3IKO_updated_1.pdb_25": [{"rot": [[-0.9996229596461624, 0.0197866765882904, 0.019037488748124488], [-0.019410767254617232, -0.9996168625448437, 0.019731959623617682], [0.01942062467665871, 0.01935498761537707, 0.9996240412232865]], "trans": [60.399150058791975, 911.9314392523779, 59.67631795521373]}], "rb_4XMM.renamed.noAb_Nup145c_149-550_Sec13_Nup84_7-436_3IKO_updated_1.pdb_26": [{"rot": [[-0.7219751835138559, -0.6903093006427178, 0.04716888631602585], [0.6918914365841785, -0.7196590282030545, 0.05811302011868815], [-0.006170443388756285, 0.07459190688000528, 0.9971950526634139]], "trans": [371.1855561069685, 744.3737179238719, 35.761202722574865]}], "rb_4XMM.renamed.noAb_Nup145c_149-550_Sec13_Nup84_7-436_3IKO_updated_1.pdb_27": [{"rot": [[-0.024184230945764995, -0.995266823611898, 0.09412264759898484], [0.9977029579338601, -0.018069278709582248, 0.06528636072671973], [-0.06327662051331312, 0.09548534434349712, 0.9934176454603652]], "trans": [472.91586198365223, 405.4851501919801, 29.34275862787331]}], "rb_4XMM.renamed.noAb_Nup145c_149-550_Sec13_Nup84_7-436_3IKO_updated_1.pdb_28": [{"rot": [[0.6849741191912915, -0.7164374754628312, 0.13239259718941002], [0.7188750956453333, 0.694151218266829, 0.03704973737542497], [-0.11844430294034901, 0.06979562974227088, 0.9905046780151281]], "trans": [305.9969334482331, 93.79155415802904, 44.20500562303329]}], "rb_4XMM.renamed.noAb_Seh1_Nup85_47_544_3F3F_1.pdb_28": [{"rot": [[0.664962289943067, -0.7229110073600639, 0.18768278661434645], [0.25640022390347406, 0.4569726278412346, 0.8517246870826989], [-0.7014870477321139, -0.5182428898128082, 0.48922410920001563]], "trans": [484.8022671626347, -74.99496737404525, 760.8634247898055]}], "rb_4XMM.renamed.noAb_Seh1_Nup85_47_544_3F3F_1.pdb_29": [{"rot": [[0.6383115031734922, -0.20058617141100027, 0.7431847769936292], [-0.3277459132820956, 0.8027565059644283, 0.4981612273738939], [-0.6965206682096939, -0.5615578153409105, 0.4466674140635981]], "trans": [-9.848357980178434, -212.19800492443062, 800.9989383691685]}], "rb_4XMM.renamed.noAb_Seh1_Nup85_47_544_3F3F_1.pdb_30": [{"rot": [[0.20769884364156854, 0.412629612614148, 0.8869035985629155], [-0.7217269817879637, 0.6766496397249406, -0.1457924168787246], [-0.6602812689371, -0.6098213409302775, 0.4383452726297009]], "trans": [-456.46025237670113, 41.70942416419608, 835.4025305458597]}], "rb_4XMM.renamed.noAb_Seh1_Nup85_47_544_3F3F_1.pdb_31": [{"rot": [[-0.37461672106040306, 0.7575058920908943, 0.5346467392115339], [-0.6947433165503273, 0.15252720947267817, -0.7028991211255887], [-0.613998400983748, -0.6347600127749476, 0.4691329126924953]], "trans": [-593.3999577224761, 537.9848846321469, 843.944096833311]}], "rb_4XMM.renamed.noAb_Seh1_Nup85_47_544_3F3F_1.pdb_32": [{"rot": [[-0.7675065224805454, 0.6320092797462201, -0.10722876603075918], [-0.2626023291350733, -0.46257247502431725, -0.8467979228143555], [-0.5847852209851493, -0.6217644052730397, 0.5209945005974714]], "trans": [-340.4443504368393, 985.9033310484824, 821.6438721654349]}], "rb_4XMM.renamed.noAb_Seh1_Nup85_47_544_3F3F_1.pdb_33": [{"rot": [[-0.7408101752007394, 0.10965746059387, -0.6627031957484049], [0.32154169684201955, -0.8083153456821546, -0.49319087494264213], [-0.589755221690321, -0.5784475285372372, 0.5635487869015048]], "trans": [154.22352139748438, 1123.067938647599, 781.5896474870274]}], "rb_4XMM.renamed.noAb_Seh1_Nup85_47_544_3F3F_1.pdb_34": [{"rot": [[-0.31016677587599234, -0.5035485045460596, -0.8063717968233476], [0.7154889545328044, -0.6821603538949967, 0.15077402798692693], [-0.6259969066091634, -0.5301850197273353, 0.5718668706722557]], "trans": [600.8221569822192, 869.1258630721463, 747.2697572804543]}], "rb_4XMM.renamed.noAb_Seh1_Nup85_47_544_3F3F_1.pdb_35": [{"rot": [[0.2721467000973292, -0.8483839150904895, -0.45407147701861034], [0.6884595857256859, -0.15801087263714428, 0.7078530659330791], [-0.6722793857084615, -0.5052497370055486, 0.541075901151837]], "trans": [737.7296918903294, 372.84006957266945, 738.8132820403646]}], "rb_4XMM.renamed.noAb_Nup120_715-1036_Nup85_553-744_Nup145c_92-99_554-712_remaining_updated_1.pdb_35": [{"rot": [[0.9995968063114632, -0.00882411518730592, 0.02698814189756387], [0.007712168052894592, 0.9991280908548966, 0.041031457792427395], [-0.02732667699969752, -0.04080677708186467, 0.9987933017738674]], "trans": [-4.075642443918355, -15.364432900479756, 36.6776255802431]}], "rb_4XMM.renamed.noAb_Nup120_715-1036_Nup85_553-744_Nup145c_92-99_554-712_remaining_updated_1.pdb_36": [{"rot": [[0.7135529561554403, 0.6973124613235694, 0.06780494115251184], [-0.7006004641307512, 0.7103517955735856, 0.06752270866276577], [-0.0010809355235805937, -0.09568520161574726, 0.9954110576893072]], "trans": [-328.71198192945474, 132.797756310456, 61.87351127876997]}], "rb_4XMM.renamed.noAb_Nup120_715-1036_Nup85_553-744_Nup145c_92-99_554-712_remaining_updated_1.pdb_37": [{"rot": [[0.011930233215051544, 0.993253162196893, 0.11535087915271823], [-0.9983431013388908, 0.005337605443937854, 0.05729364691803006], [0.05629139849459712, -0.11584328100496537, 0.9916711212400635]], "trans": [-453.909417307394, 467.80645077326903, 70.26378490881893]}], "rb_4XMM.renamed.noAb_Nup120_715-1036_Nup85_553-744_Nup145c_92-99_554-712_remaining_updated_1.pdb_38": [{"rot": [[-0.6942508785308305, 0.7056317520971895, 0.14177287501993627], [-0.7110939085238115, -0.7029072262560185, 0.01633660115805697], [0.1111808028370774, -0.08947212811439559, 0.9897643999312069]], "trans": [-306.32361231023697, 793.408950444231, 56.95731077623583]}], "rb_4XMM.renamed.noAb_Nup120_715-1036_Nup85_553-744_Nup145c_92-99_554-712_remaining_updated_1.pdb_39": [{"rot": [[-0.9912995266677923, 0.0029409085227476363, 0.13159255102500794], [-0.007127513050205423, -0.999482890864322, -0.03135521371661599], [0.1314322904994341, -0.0320203361405895, 0.9908078779902356]], "trans": [27.589500874095734, 918.8628368160264, 29.77321395035966]}], "rb_4XMM.renamed.noAb_Nup120_715-1036_Nup85_553-744_Nup145c_92-99_554-712_remaining_updated_1.pdb_40": [{"rot": [[-0.7052004247312631, -0.7031731644196298, 0.09077368450673061], [0.7011626446873126, -0.7106511823365574, -0.057843260097815694], [0.10518225446308267, 0.02285602510793044, 0.9941902712571302]], "trans": [352.2208257065893, 770.6755711474391, 4.660326548740443]}], "rb_4XMM.renamed.noAb_Nup120_715-1036_Nup85_553-744_Nup145c_92-99_554-712_remaining_updated_1.pdb_41": [{"rot": [[-0.0035544606329993567, -0.9990588865918698, 0.04322854301752902], [0.9988502033948804, -0.005613788055380042, -0.04761046693398141], [0.047808335963625874, 0.04300960945508772, 0.9979301260643985]], "trans": [477.3986681379529, 435.65745990275343, -3.6458629958543725]}], "rb_4XMM.renamed.noAb_Nup120_715-1036_Nup85_553-744_Nup145c_92-99_554-712_remaining_updated_1.pdb_42": [{"rot": [[0.7026042666501426, -0.7113822299567921, 0.016809740828272423], [0.7115455937870278, 0.7026084453820376, -0.0066513487428708365], [-0.0070790145697037, 0.016634163024778284, 0.9998365827339906]], "trans": [329.79399640357957, 110.06695319965365, 9.744533170257967]}], "rb_4XMM.renamed.noAb_Nup120_2-711_3F7F_updated_1.pdb_42": [{"rot": [[0.9888603437988951, 0.11842434483659206, 0.09017147560040602], [-0.144344721862442, 0.9108182801034316, 0.38674883568005797], [-0.03632935083902471, -0.39545636317987115, 0.9177660067185777]], "trans": [-86.9951245034481, 24.751434040913864, 283.9910566617334]}], "rb_4XMM.renamed.noAb_Nup120_2-711_3F7F_updated_1.pdb_43": [{"rot": [[0.59856492002825, 0.718255666316063, 0.35472360270560266], [-0.801071741777451, 0.5378003088539746, 0.26278297570849135], [-0.00202510177884746, -0.4414517251086885, 0.8972827165176801]], "trans": [-354.32667317091455, 233.84737899019638, 304.32292420374716]}], "rb_4XMM.renamed.noAb_Nup120_2-711_3F7F_updated_1.pdb_44": [{"rot": [[-0.14043949290127283, 0.8796182051955757, 0.454476140102147], [-0.9884012920534602, -0.15134939393493546, -0.012499872902432041], [0.05778957259473874, -0.4509602798961796, 0.8906712026641905]], "trans": [-396.0368244700965, 571.2758112326275, 306.0469711694152]}], "rb_4XMM.renamed.noAb_Nup120_2-711_3F7F_updated_1.pdb_45": [{"rot": [[-0.7952336899333363, 0.5079835109877137, 0.330992644872366], [-0.5965930807921248, -0.7529172153587453, -0.27783513594826753], [0.10807439264677834, -0.4184117820772098, 0.9018045831958285]], "trans": [-187.68927031753628, 839.3665142148759, 288.17723143837384]}], "rb_4XMM.renamed.noAb_Nup120_2-711_3F7F_updated_1.pdb_46": [{"rot": [[-0.9822299978483802, -0.17893957239136926, 0.056611489639148464], [0.14482611735388612, -0.9144962435211059, -0.377785675109556], [0.11937180177482407, -0.36287360060795076, 0.924160766816495]], "trans": [148.66496770294702, 881.068290846208, 261.20605540958354]}], "rb_4XMM.renamed.noAb_Nup120_2-711_3F7F_updated_1.pdb_47": [{"rot": [[-0.5918833428218297, -0.7787418170827303, -0.20793097608759828], [0.8015224820999454, -0.5414312054602086, -0.25379905524301255], [0.08506361841819779, -0.3168807852814531, 0.944643185939014]], "trans": [415.9867477034615, 671.9517691761182, 240.95754319547842]}], "rb_4XMM.renamed.noAb_Nup120_2-711_3F7F_updated_1.pdb_48": [{"rot": [[0.14713570074392507, -0.9400506109345207, -0.30766204583637924], [0.988794023559069, 0.1477311393108353, 0.021491613522201497], [0.025248060132596617, -0.30737657581467526, 0.9512529506393048]], "trans": [457.6771150618722, 334.5204729370805, 239.3175636562899]}], "rb_4XMM.renamed.noAb_Nup120_2-711_3F7F_updated_1.pdb_49": [{"rot": [[0.8018993569595521, -0.5683689880543681, -0.18415785274027502], [0.5969344322157677, 0.7492697720360881, 0.28681717582499433], [-0.02503407563890246, -0.339928672122609, 0.9401179675582547]], "trans": [249.31517808470568, 66.44653004237921, 257.2708448309726]}]}
