{"rb_ScNup133N_56-480_renamed_1.pdb_0": [{"rot": [[0.7687732709203486, -0.47308158237012105, -0.43032717127856523], [0.3856562291361731, 0.8797168240259486, -0.2781502875320576], [0.5101538305716197, 0.04787615218332779, 0.8587496394207236]], "trans": [372.5600220964794, -116.12617267680008, -273.45464115463625]}], "rb_ScNup133N_56-480_renamed_1.pdb_1": [{"rot": [[0.8269845624349933, 0.2857503024586173, -0.4841934511525447], [-0.23972176663999045, 0.9582160719570988, 0.15606227616599186], [0.5085567894475551, -0.012989383661939913, 0.8609304663089105]], "trans": [-138.86612582980501, -221.7534268090609, -232.13564563134065]}], "rb_ScNup133N_56-480_renamed_1.pdb_2": [{"rot": [[0.42733641042370885, 0.8778560168554911, -0.21622304686779237], [-0.7230436524310654, 0.4754197561747381, 0.5011825337318705], [0.5427628110006474, -0.057834843384974854, 0.8378923927840086]], "trans": [-575.0868966475502, 66.37218409231662, -198.72677795862484]}], "rb_ScNup133N_56-480_renamed_1.pdb_3": [{"rot": [[-0.19605166262635132, 0.9563716846362383, 0.21660320036298342], [-0.78117265270205, -0.285843234107774, 0.5550341720878548], [0.5927335255001909, -0.06038912435904106, 0.8031314471537412]], "trans": [-680.556098759589, 579.4627313853712, -192.77541898301263]}], "rb_ScNup133N_56-480_renamed_1.pdb_4": [{"rot": [[-0.6779901337506316, 0.47530172054398206, 0.5607295720619082], [-0.3800559794752983, -0.8796143053747787, 0.2860701421769086], [0.6291953838052787, -0.01915589277416893, 0.7770110814976529]], "trans": [-393.4864731136754, 1016.9426546842938, -217.74395380539323]}], "rb_ScNup133N_56-480_renamed_1.pdb_5": [{"rot": [[-0.7361526512320863, -0.28353630736954016, 0.614561987505911], [0.24532656432786618, -0.9580539919059604, -0.14814663488631402], [0.6307885152085881, 0.04170984291865823, 0.7748329743142358]], "trans": [117.95445924435649, 1122.530163248837, -258.9814577692883]}], "rb_ScNup133N_56-480_renamed_1.pdb_6": [{"rot": [[-0.33646679223858234, -0.8756043827363938, 0.3465646586908373], [0.7286170666536823, -0.47521121933177224, -0.4932458486416209], [0.5965796408709078, 0.08655207654370897, 0.7978730915028466]], "trans": [554.1593021612891, 834.3707225731995, -292.30641470265556]}], "rb_ScNup133N_56-480_renamed_1.pdb_7": [{"rot": [[0.2869258314608734, -0.9540606788468132, -0.08626580040110648], [0.7866971368436041, 0.28605790809073245, -0.5470635137722392], [0.5466088017243789, 0.08910159536793447, 0.8326342075487452]], "trans": [659.5950215073623, 321.2723128484639, -298.17259005084924]}], "rb_ScNup133C_490_881_renamed_relative_3CQC_1.pdb_7": [{"rot": [[0.9950693125669869, 0.07009694842010497, -0.07016752104537895], [-0.0632618178318427, 0.9934363847516974, 0.09530000973813768], [0.0763872083013596, -0.09039119024367104, 0.9929725208354248]], "trans": [11.744095897220632, 5.7826486126745635, -18.795594809683337]}], "rb_ScNup133C_490_881_renamed_relative_3CQC_1.pdb_8": [{"rot": [[0.6623576219749916, 0.7482700906741708, 0.03707090522367619], [-0.7416215129948183, 0.6478504547419337, 0.1740325249887127], [0.10620693044670516, -0.14276435021789724, 0.9840418833728322]], "trans": [-303.68488217065806, 133.4064637448224, 5.766336059748085]}], "rb_ScNup133C_490_881_renamed_relative_3CQC_1.pdb_9": [{"rot": [[-0.0511627295429421, 0.9843856604248699, 0.16842578975800793], [-0.9850887657661312, -0.07748189893347046, 0.15361210531407973], [0.16426350375867493, -0.1580551387571957, 0.9736714407054197]], "trans": [-436.84670584158266, 447.36694598488714, 14.893830244076526]}], "rb_ScNup133C_490_881_renamed_relative_3CQC_1.pdb_10": [{"rot": [[-0.727501459430652, 0.6401238276827095, 0.2469475890935329], [-0.6510370265840828, -0.7576507563052766, 0.046001320487556355], [0.21654656899343347, -0.12730599633512713, 0.967936344370999]], "trans": [-309.73138788814833, 763.7417347890193, 3.263877853641077]}], "rb_ScNup133C_490_881_renamed_relative_3CQC_1.pdb_11": [{"rot": [[-0.9704498033438264, -0.08284197184011112, 0.22663712602212985], [0.06484148560896065, -0.9942036103441917, -0.0857599144274141], [0.23242796934523927, -0.06853020414544725, 0.9701962946671315]], "trans": [3.1970394458036253, 897.1941347864149, -22.286526117725828]}], "rb_ScNup133C_490_881_renamed_relative_3CQC_1.pdb_12": [{"rot": [[-0.6376851958464785, -0.7609881789653502, 0.11939255618855607], [0.7431750444832922, -0.6485644637589776, -0.1644840101842296], [0.20260415656025957, -0.016159449991540523, 0.979127380845044]], "trans": [318.6226044764827, 769.5459651749393, -46.765589861715]}], "rb_ScNup133C_490_881_renamed_relative_3CQC_1.pdb_13": [{"rot": [[0.07585416400847877, -0.9970471836975228, -0.011960739250246252], [0.9865862867471487, 0.07678639786877983, -0.14405328147879753], [0.14454634068369576, -0.0008732600843990718, 0.9894976466934003]], "trans": [451.7664770477144, 455.57544034736634, -55.80912778111235]}], "rb_ScNup133C_490_881_renamed_relative_3CQC_1.pdb_14": [{"rot": [[0.7521668583130389, -0.6527322926325552, -0.09047414774476112], [0.652481474583847, 0.7569282123503928, -0.036436337260034694], [0.0922656088712428, -0.03162650000690396, 0.9952320442574846]], "trans": [324.633012617931, 139.21103752726742, -44.09530294766353]}], "rb_ScNup84_506-726_ScNup133C_882_1155_renamed_relative_3CQC_new_1.pdb_14": [{"rot": [[0.994290835918496, 0.10274457138642368, 0.02879733770875305], [-0.10582108822823663, 0.9841202168284934, 0.1425106877241996], [-0.013697842701814088, -0.14474443643903093, 0.9893742553883526]], "trans": [-35.16917035346785, 26.696309230064287, 53.28040995066263]}], "rb_ScNup84_506-726_ScNup133C_882_1155_renamed_relative_3CQC_new_1.pdb_15": [{"rot": [[0.6300209894868767, 0.7637730503605163, 0.14044315700297577], [-0.7763553459000013, 0.6151234273308934, 0.13746107100258576], [0.018599185424627254, -0.19563715570330897, 0.9804999610453093]], "trans": [-320.77488208379555, 185.408802511248, 75.31398072677905]}], "rb_ScNup84_506-726_ScNup133C_882_1155_renamed_relative_3CQC_new_1.pdb_16": [{"rot": [[-0.10030643848667237, 0.9712589012504491, 0.21585820609808243], [-0.9919054933799887, -0.11459452946588505, 0.054695393033474926], [0.07785955690031443, -0.20862464034302186, 0.974891608765315]], "trans": [-410.9265261208474, 500.1880912214401, 81.00931339352115]}], "rb_ScNup84_506-726_ScNup133C_882_1155_renamed_relative_3CQC_new_1.pdb_17": [{"rot": [[-0.7688553430785116, 0.6036539870544025, 0.21086328588196732], [-0.6261992150173431, -0.7775545854470982, -0.05730104503276827], [0.1293677105435521, -0.1760986387326925, 0.9758346503917583]], "trans": [-252.81008491027418, 786.6321464414191, 67.05400667170721]}], "rb_ScNup84_506-726_ScNup133C_882_1155_renamed_relative_3CQC_new_1.pdb_18": [{"rot": [[-0.9839803494391862, -0.12369355026228956, 0.12838449104560573], [0.10652759486457278, -0.9853853920821615, -0.13291915062716184], [0.1429494436851652, -0.11711334123227436, 0.9827766388429807]], "trans": [60.949514184212944, 876.9381185573216, 41.64728090998727]}], "rb_ScNup84_506-726_ScNup133C_882_1155_renamed_relative_3CQC_new_1.pdb_19": [{"rot": [[-0.6196581955800247, -0.7846932677392324, 0.016739062555145505], [0.7770332395889132, -0.6163367324298825, -0.12786077127722129], [0.1106483855483596, -0.06622316681020728, 0.9916508594022198]], "trans": [346.5493873419801, 718.2036125846248, 19.696759195596428]}], "rb_ScNup84_506-726_ScNup133C_882_1155_renamed_relative_3CQC_new_1.pdb_20": [{"rot": [[0.11068606382590762, -0.9921222107824169, -0.05866953337916013], [0.9925260583465693, 0.11339748509933323, -0.045089176929290584], [0.05138695143459568, -0.05324029719439741, 0.9972586685393628]], "trans": [436.6830152482598, 403.4176570738483, 14.085371552367803]}], "rb_ScNup84_506-726_ScNup133C_882_1155_renamed_relative_3CQC_new_1.pdb_21": [{"rot": [[0.7792064637645575, -0.6244655798090486, -0.053665877997792225], [0.6267673194605616, 0.7763286666244038, 0.0669068653681322], [-0.00011867496606265959, -0.08577028046424773, 0.9963149325917626]], "trans": [278.5507611306637, 116.98642004035719, 28.12435288345705]}], "rb_4XMM.renamed.noAb_Nup145c_149-550_Sec13_Nup84_7-436_3IKO_updated_1.pdb_21": [{"rot": [[0.9951829312939594, -0.022388084604350458, 0.09544478471301715], [0.02268418829574013, 0.9997406433434674, -0.0020183281588063], [-0.09537484397119164, 0.004173693201670447, 0.995432679503005]], "trans": [-18.462940404449114, -12.316754531772688, 50.6612901006211]}], "rb_4XMM.renamed.noAb_Nup145c_149-550_Sec13_Nup84_7-436_3IKO_updated_1.pdb_22": [{"rot": [[0.71963364862381, 0.689017456231306, 0.08592064232142382], [-0.6908225274327707, 0.7229351639277155, -0.011357127639006384], [-0.06994031283733548, -0.05118294408638854, 0.9962372502947621]], "trans": [-336.4867170355727, 145.89786453069433, 75.28120377637723]}], "rb_4XMM.renamed.noAb_Nup145c_149-550_Sec13_Nup84_7-436_3IKO_updated_1.pdb_23": [{"rot": [[0.02177315361611959, 0.9971233947375959, 0.07260072622628293], [-0.9996808176169267, 0.02264461528895295, -0.011201976931350853], [-0.012813768780653548, -0.07233365098894257, 0.9972981752035086]], "trans": [-449.92075620268326, 483.32115945071996, 82.72211371762182]}], "rb_4XMM.renamed.noAb_Nup145c_149-550_Sec13_Nup84_7-436_3IKO_updated_1.pdb_24": [{"rot": [[-0.6895820359206268, 0.7214369278438023, 0.06328803108694499], [-0.7229571409649581, -0.6908909250834974, -0.0016437655080092338], [0.04253925320617872, -0.04688804517750819, 0.9979939494586603]], "trans": [-292.3118850024716, 802.2859231908747, 68.64903486512992]}], "rb_4XMM.renamed.noAb_Nup145c_149-550_Sec13_Nup84_7-436_3IKO_updated_1.pdb_25": [{"rot": [[-0.9977100198476312, 0.023459075035492386, 0.06343806502503552], [-0.022760129063428686, -0.9996722767883348, 0.011718171608443802], [0.06369217236566488, 0.010247478680534414, 0.9979169786911316]], "trans": [44.0123108701585, 915.938216544186, 41.33018014228975]}], "rb_4XMM.renamed.noAb_Nup145c_149-550_Sec13_Nup84_7-436_3IKO_updated_1.pdb_26": [{"rot": [[-0.7221050805758811, -0.6879248960245009, 0.07296293604414264], [0.6907249357378774, -0.722810970179807, 0.021056223251876765], [0.03825331039801792, 0.06560212509825744, 0.9971123534618289]], "trans": [362.0302886411219, 757.6990403621279, 16.793324742779305]}], "rb_4XMM.renamed.noAb_Nup145c_149-550_Sec13_Nup84_7-436_3IKO_updated_1.pdb_27": [{"rot": [[-0.024220477560411457, -0.995976224575242, 0.08628284040059198], [0.999528442338942, -0.02249626241361269, 0.02090002710303844], [-0.018874888668160873, 0.0867483617036443, 0.9960514345752933]], "trans": [475.44454621796586, 420.26725201971317, 9.436509430479305]}], "rb_4XMM.renamed.noAb_Nup145c_149-550_Sec13_Nup84_7-436_3IKO_updated_1.pdb_28": [{"rot": [[0.6871131485794133, -0.7202340988279743, 0.09559479031172413], [0.7227489424434181, 0.6910176162634323, 0.011341085068284039], [-0.07422592031229716, 0.06129842493132325, 0.9953557232742138]], "trans": [317.8173257104071, 101.31526771132428, 23.593465247617644]}], "rb_4XMM.renamed.noAb_Seh1_Nup85_47_544_3F3F_1.pdb_28": [{"rot": [[0.7289908483903316, -0.6435534693105445, 0.2332622453409661], [0.289289078233943, 0.5984818640042451, 0.7470818480411381], [-0.6203903385592837, -0.47713561027905754, 0.6224607917177845]], "trans": [398.2569549514501, -135.75379166975347, 661.9836580677121]}], "rb_4XMM.renamed.noAb_Seh1_Nup85_47_544_3F3F_1.pdb_29": [{"rot": [[0.7084935425655031, -0.04375108158810043, 0.7043598107521873], [-0.34494412515666595, 0.8492570803256482, 0.39971985444390945], [-0.6156707323422872, -0.5261637144241602, 0.5866014788256887]], "trans": [-115.99306402085097, -199.86193805222024, 703.3257235341516]}], "rb_4XMM.renamed.noAb_Seh1_Nup85_47_544_3F3F_1.pdb_30": [{"rot": [[0.2469276028010652, 0.5572987279074333, 0.7927451588295434], [-0.7786927153230556, 0.6010371487719447, -0.1799777789031186], [-0.576770677199984, -0.5728633987861763, 0.5823771220209669]], "trans": [-524.9447986160224, 119.61331847665109, 734.4085493395924]}], "rb_4XMM.renamed.noAb_Seh1_Nup85_47_544_3F3F_1.pdb_31": [{"rot": [[-0.3853151353092235, 0.8074925059712594, 0.44664090643591103], [-0.7578606522906335, -0.000767194851670483, -0.6524160046486266], [-0.5264783739255128, -0.5898773298002874, 0.6122624090832562]], "trans": [-589.0266431494911, 635.5189848363098, 737.0473827605495]}], "rb_4XMM.renamed.noAb_Seh1_Nup85_47_544_3F3F_1.pdb_32": [{"rot": [[-0.8178579611577488, 0.5602632096813175, -0.13120019530656093], [-0.29465165231588153, -0.603610480609239, -0.740833848771913], [-0.4942557628985348, -0.5672385067819998, 0.65875011746892]], "trans": [-270.6966362002796, 1045.630364198552, 709.7203628726616]}], "rb_4XMM.renamed.noAb_Seh1_Nup85_47_544_3F3F_1.pdb_33": [{"rot": [[-0.7973111885085998, -0.039558753262666, -0.6022706814375978], [0.33957992116909086, -0.8543386116136474, -0.39343489149395494], [-0.49897930399746926, -0.5182090714628311, 0.6946070921289478]], "trans": [243.56492904692954, 1109.698544757706, 668.4600481384207]}], "rb_4XMM.renamed.noAb_Seh1_Nup85_47_544_3F3F_1.pdb_34": [{"rot": [[-0.335711406489143, -0.6405892194784285, -0.6906108190877839], [0.7732922697516008, -0.606071513455867, 0.18626965968652237], [-0.5378818802446307, -0.47151115836778806, 0.6988278117241529]], "trans": [652.4982899215154, 790.191599776054, 637.4613176007689]}], "rb_4XMM.renamed.noAb_Seh1_Nup85_47_544_3F3F_1.pdb_35": [{"rot": [[0.29652972403669764, -0.8907360673272029, -0.3444697100256997], [0.7524105842878994, -0.00424755280280914, 0.6586807048538238], [-0.5881738139481073, -0.4545010634285217, 0.6689397192035178]], "trans": [716.5464310020212, 274.28131946695066, 634.9076695919503]}], "rb_4XMM.renamed.noAb_Nup120_715-1036_Nup85_553-744_Nup145c_92-99_554-712_remaining_updated_1.pdb_35": [{"rot": [[0.9883061951985606, -0.10582782564220711, 0.10977857647094835], [0.10161341358048928, 0.9938805419459575, 0.04331492262177749], [-0.11369071515592502, -0.03165343047842912, 0.993011823507798]], "trans": [25.872904630817516, -68.51636184843562, 80.92833087676064]}], "rb_4XMM.renamed.noAb_Nup120_715-1036_Nup85_553-744_Nup145c_92-99_554-712_remaining_updated_1.pdb_36": [{"rot": [[0.7700406411427632, 0.6250239399014219, 0.12799408399823245], [-0.6312201880204718, 0.7755331928134508, 0.010456628518595648], [-0.09272801746960398, -0.08884447869552341, 0.9917198058834351]], "trans": [-344.0769650536906, 76.65618377968399, 109.75053154297896]}], "rb_4XMM.renamed.noAb_Nup120_715-1036_Nup85_553-744_Nup145c_92-99_554-712_remaining_updated_1.pdb_37": [{"rot": [[0.09907733027342058, 0.9880922361984783, 0.11771752371750938], [-0.9943735938818019, 0.10276772107793974, -0.025689517220772437], [-0.037481174160919124, -0.11450994833959884, 0.9927147794380727]], "trans": [-503.4350451520333, 441.6951146516885, 120.71750880067458]}], "rb_4XMM.renamed.noAb_Nup120_715-1036_Nup85_553-744_Nup145c_92-99_554-712_remaining_updated_1.pdb_38": [{"rot": [[-0.6315239693195228, 0.7706865360151685, 0.08496904954072662], [-0.7751064183869112, -0.6303003739247611, -0.04394859276155006], [0.019685434979411227, -0.093614645410034, 0.9954138746342772]], "trans": [-358.84521205440853, 812.7555948090111, 107.42865763909663]}], "rb_4XMM.renamed.noAb_Nup120_715-1036_Nup85_553-744_Nup145c_92-99_554-712_remaining_updated_1.pdb_39": [{"rot": [[-0.9937667148561965, 0.10016616393924846, 0.04893317939412952], [-0.10186846460788163, -0.9942294658819303, -0.033624174198984516], [0.04528280426779275, -0.03839933298673934, 0.9982359234488697]], "trans": [4.991684633212287, 972.4652798179022, 77.69277934268541]}], "rb_4XMM.renamed.noAb_Nup120_715-1036_Nup85_553-744_Nup145c_92-99_554-712_remaining_updated_1.pdb_40": [{"rot": [[-0.7754439983785052, -0.6306685917299616, 0.030720234115363617], [0.6309479814763831, -0.7758247613248618, -0.0007644515013284971], [0.024315633852184566, 0.018790080376813983, 0.9995277298953733]], "trans": [374.93677407024103, 827.2641010887738, 48.95357559454908]}], "rb_4XMM.renamed.noAb_Nup120_715-1036_Nup85_553-744_Nup145c_92-99_554-712_remaining_updated_1.pdb_41": [{"rot": [[-0.10445234554938326, -0.9936844263513837, 0.0409996138512584], [0.9940487130378309, -0.10303081568942091, 0.035380886453041105], [-0.030933212200847177, 0.04445122996152802, 0.9985325355429553]], "trans": [534.2729199779697, 462.21307325294947, 38.070882074305416]}], "rb_4XMM.renamed.noAb_Nup120_715-1036_Nup85_553-744_Nup145c_92-99_554-712_remaining_updated_1.pdb_42": [{"rot": [[0.6261318724215654, -0.776221545480521, 0.07374951301327246], [0.7747242018074514, 0.6300201912765182, 0.05363739104118939], [-0.08809818086470711, 0.023551452518468158, 0.9958333392755025]], "trans": [389.6606747832571, 91.16435243132639, 51.443938993278266]}], "rb_4XMM.renamed.noAb_Nup120_2-711_3F7F_updated_1.pdb_42": [{"rot": [[0.9799785896733273, 0.193631055469819, 0.046357072162943276], [-0.19898343454394135, 0.9444102228203579, 0.2617153488229125], [0.00689612637452771, -0.2656997278697244, 0.9640311706843203]], "trans": [-117.48247654466797, 73.69286318225579, 163.6917849125155]}], "rb_4XMM.renamed.noAb_Nup120_2-711_3F7F_updated_1.pdb_43": [{"rot": [[0.5546030698485921, 0.7978199963752117, 0.2364290343810896], [-0.8309574765938323, 0.5160240626443352, 0.2079154608605269], [0.04387604138168899, -0.31177302666505974, 0.9491430202223371]], "trans": [-343.8154355945925, 283.0111057144214, 180.75472941449618]}], "rb_4XMM.renamed.noAb_Nup120_2-711_3F7F_updated_1.pdb_44": [{"rot": [[-0.19176760890144773, 0.9232362942317065, 0.3329563472732227], [-0.9759068988028634, -0.21535205963409876, 0.035060166575888646], [0.10407165341820453, -0.3182109919921954, 0.9422902183139459]], "trans": [-356.3678698503183, 591.5141114558539, 180.2954616447858]}], "rb_4XMM.renamed.noAb_Nup120_2-711_3F7F_updated_1.pdb_45": [{"rot": [[-0.8218989791384487, 0.49640931338516886, 0.2793919499120194], [-0.5489182858541305, -0.8212676991809134, -0.15558946537941165], [0.15221952419495394, -0.2812421729871843, 0.9474872329415883]], "trans": [-147.7844729962545, 818.4765865460206, 162.60703203974322]}], "rb_4XMM.renamed.noAb_Nup120_2-711_3F7F_updated_1.pdb_46": [{"rot": [[-0.9666511993252552, -0.23261968252406928, 0.10711462152967528], [0.19987241224755548, -0.9467689309390668, -0.25234819244614864], [0.16011395212593935, -0.2225234250835099, 0.9616895796584856]], "trans": [159.74557340385638, 830.9408297013823, 138.0755769700461]}], "rb_4XMM.renamed.noAb_Nup120_2-711_3F7F_updated_1.pdb_47": [{"rot": [[-0.5412263778701318, -0.8367752283835339, -0.08295314979710214], [0.8318130466053837, -0.5183353637772656, -0.19853338801057613], [0.12313027001775576, -0.17645301873749003, 0.9765773235047904]], "trans": [386.0687453344389, 621.6052283308796, 121.095973610226]}], "rb_4XMM.renamed.noAb_Nup120_2-711_3F7F_updated_1.pdb_48": [{"rot": [[0.20515562632852785, -0.9621344868355545, -0.1794669836695111], [0.9767038832495946, 0.2130505777478106, -0.02567052329979516], [0.06293404031929484, -0.17001964757935262, 0.9834290142181492]], "trans": [398.603650861098, 313.10164614451116, 121.63911792205954]}], "rb_4XMM.renamed.noAb_Nup120_2-711_3F7F_updated_1.pdb_49": [{"rot": [[0.8352537112248899, -0.5352602367133926, -0.12588771536003682], [0.5496658271132121, 0.8189326965489963, 0.16497489817222646], [0.014789063154753673, -0.20699207114406784, 0.9782308347698372]], "trans": [190.0090789234118, 86.15594828274061, 139.41083321052642]}]}
