{"rb_ScNup133N_56-480_renamed_1.pdb_0": [{"rot": [[-0.6460329565080202, -0.023819086564638683, 0.7629377892205477], [-0.01195000344792976, -0.9990749025997605, -0.041310245858352516], [0.7632159697773003, -0.03580488947768606, 0.6451506749329103]], "trans": [784.1593565515117, 417.10509085785327, -327.0728443993335]}], "rb_ScNup133N_56-480_renamed_1.pdb_1": [{"rot": [[-0.45133650933955083, -0.7219316387850903, 0.5245093557395022], [0.4908114472880536, -0.6917212024302679, -0.5297413532276245], [0.7452512855059024, 0.018343582788063473, 0.666531345416179]], "trans": [527.7964773710576, -137.8744005259544, -303.8976599357418]}], "rb_ScNup133N_56-480_renamed_1.pdb_2": [{"rot": [[0.04077845530106072, -0.9991013240467868, 0.011561222738996568], [0.7080642107828328, 0.020731980444191223, -0.705843650106275], [0.7049696383474591, 0.036969301789768316, 0.7082733086411159]], "trans": [-44.746583578238045, -348.29013672703996, -257.1974225593709]}], "rb_ScNup133N_56-480_renamed_1.pdb_3": [{"rot": [[0.5420240523063423, -0.6929582326308644, -0.4754143609005974], [0.5125385549172011, 0.7209195259058795, -0.4664539279404048], [0.6659685851786119, 0.009161058713591852, 0.7459235339888716]], "trans": [-598.0641149958548, -90.8774958217474, -214.30578489745972]}], "rb_ScNup133N_56-480_renamed_1.pdb_4": [{"rot": [[0.7587635433876827, 0.0171546958936403, -0.6511402319274766], [0.018776165808993554, 0.9986616971789495, 0.04818993863013686], [0.6510954928605208, -0.04879068555021436, 0.7574259885825536]], "trans": [-808.0129918608959, 483.56768442454484, -200.32526816325998]}], "rb_ScNup133N_56-480_renamed_1.pdb_5": [{"rot": [[0.5640278786428086, 0.7152432954047805, -0.4126736973593137], [-0.48396998695251564, 0.691253214167022, 0.5366023160898079], [0.6690632285837252, -0.10293698209231858, 0.7360423723365732]], "trans": [-551.6002884873933, 1038.5274345416972, -223.42185128376542]}], "rb_ScNup133N_56-480_renamed_1.pdb_6": [{"rot": [[0.07189595625213968, 0.992357421259677, 0.10028818447572402], [-0.7011841183588804, -0.021221699321905596, 0.7126643471082109], [0.7093460394164983, -0.12155816693557475, 0.694299509156814]], "trans": [20.965731408602267, 1248.8986247737841, -270.04122530397524]}], "rb_ScNup133N_56-480_renamed_1.pdb_7": [{"rot": [[-0.42933440458776395, 0.6861597112233573, 0.5872451104361376], [-0.5056191275129998, -0.7213851930697391, 0.4732364114401283], [0.7483456867853688, -0.09374568744009734, 0.6566509568683506]], "trans": [574.269733530399, 991.4429624442477, -312.84909868849036]}], "rb_ScNup133C_490_881_renamed_relative_3CQC_1.pdb_7": [{"rot": [[0.7470539836957755, 0.3463841813526911, -0.5673872966086723], [-0.2680551831223723, 0.9380154025362757, 0.21971236516395545], [0.6083229111627334, -0.012045891969208439, 0.79359821839591]], "trans": [229.12089882937028, 98.6138905661384, -274.1183444862188]}], "rb_ScNup133C_490_881_renamed_relative_3CQC_1.pdb_8": [{"rot": [[0.3526677772998345, 0.9066193105955349, -0.23166109839519958], [-0.6809995770396176, 0.4184576414077991, 0.6009432405970491], [0.641767103337539, -0.05417220692105684, 0.764983893340929]], "trans": [-89.17974762667961, 31.14172474401508, -248.37828979210508]}], "rb_ScNup133C_490_881_renamed_relative_3CQC_1.pdb_9": [{"rot": [[-0.21738953906437797, 0.9366778979030084, 0.27454745288451887], [-0.693116974101172, -0.3461815026942643, 0.6322556661708734], [0.687263158126646, -0.05284773195077447, 0.7244835876053001]], "trans": [-361.89477351634497, 209.24157720386535, -227.46651515431415]}], "rb_ScNup133C_490_881_renamed_relative_3CQC_1.pdb_10": [{"rot": [[-0.6291703516625448, 0.418951199004313, 0.6546942503502509], [-0.2973088322530786, -0.9079656377429932, 0.29530638147908195], [0.7181588451402232, -0.008848363171050172, 0.6958229513432657]], "trans": [-429.26195805233164, 528.5801599619685, -223.60942811049978]}], "rb_ScNup133C_490_881_renamed_relative_3CQC_1.pdb_11": [{"rot": [[-0.6414476543652027, -0.3432691859392413, 0.6860839399767262], [0.2745548581152495, -0.9377936962705384, -0.2125149715209599], [0.71635503529653, 0.05205044879585394, 0.6957917893920964]], "trans": [-251.81474131689248, 802.0845453597904, -239.042559734669]}], "rb_ScNup133C_490_881_renamed_relative_3CQC_1.pdb_12": [{"rot": [[-0.24702923013916678, -0.9034638081202925, 0.35032799898613254], [0.6874682839080114, -0.4181919810158391, -0.5937194839607502], [0.6829084258357208, 0.09417332122647673, 0.724408356862171]], "trans": [66.49770845985978, 869.5321248146321, -264.7009590130412]}], "rb_ScNup133C_490_881_renamed_relative_3CQC_1.pdb_13": [{"rot": [[0.32302904680416933, -0.9334627591210083, -0.1558830082304726], [0.6995409382165039, 0.3464494968407167, -0.6249921774694347], [0.6374125121771307, 0.09284408151845802, 0.7649086650359183]], "trans": [339.20538333242604, 691.4112720661568, -285.52956896372945]}], "rb_ScNup133C_490_881_renamed_relative_3CQC_1.pdb_14": [{"rot": [[0.7347790000096951, -0.41569223045996045, -0.5360035360704005], [0.30370048992238613, 0.9081929781259216, -0.28801306724464737], [0.6065194420343447, 0.048841417035035126, 0.7935670623308119]], "trans": [406.55419552150477, 372.06781095362464, -289.3026912930337]}], "rb_ScNup84_506-726_ScNup133C_882_1155_renamed_relative_3CQC_new_1.pdb_14": [{"rot": [[0.9797597222936887, 0.18277136179757933, 0.08164261067390771], [-0.19607907068659988, 0.9583582358909939, 0.20761139115804828], [-0.040297451652335045, -0.2194176861753836, 0.9747984378238237]], "trans": [-67.56232849201592, 68.19670982419512, 95.63973169841717]}], "rb_ScNup84_506-726_ScNup133C_882_1155_renamed_relative_3CQC_new_1.pdb_15": [{"rot": [[0.5555624814221475, 0.8008692583875281, 0.2235145637444577], [-0.8314678612599748, 0.5362060265211649, 0.14541077268945968], [-0.0033948384096622874, -0.26662994597792883, 0.963793000067949]], "trans": [-313.6449983057149, 240.0231182844231, 114.45926591581667]}], "rb_ScNup84_506-726_ScNup133C_882_1155_renamed_relative_3CQC_new_1.pdb_16": [{"rot": [[-0.19238175639276867, 0.9405185540052822, 0.2800251941862454], [-0.9796667125895161, -0.20063020317325608, 0.0008085905679091066], [0.05694200603492912, -0.2741758033570232, 0.95999231080371]], "trans": [-366.5954611142341, 536.0357153999994, 117.28074290387156]}], "rb_ScNup84_506-726_ScNup133C_882_1155_renamed_relative_3CQC_new_1.pdb_17": [{"rot": [[-0.8259167106253291, 0.5199107222228937, 0.21806977788658238], [-0.5538586479625752, -0.8205014004464382, -0.14148515802903125], [0.10536690745629079, -0.23763478866340418, 0.965622867391817]], "trans": [-195.39267586355362, 782.8262647981797, 102.47530656134012]}], "rb_ScNup84_506-726_ScNup133C_882_1155_renamed_relative_3CQC_new_1.pdb_18": [{"rot": [[-0.9739086722432451, -0.21455623853108644, 0.0739426712851811], [0.196511964468675, -0.9602782777518699, -0.19811278883141847], [0.11351187581067908, -0.17841314353290094, 0.9773862103921084]], "trans": [99.67226522646979, 835.8214996899426, 78.74019515551652]}], "rb_ScNup84_506-726_ScNup133C_882_1155_renamed_relative_3CQC_new_1.pdb_19": [{"rot": [[-0.5496618634440831, -0.8326212266628297, -0.0679244343786545], [0.8318674397163723, -0.5380775695100598, -0.1359010372656199], [0.0766054737920395, -0.13120374270815868, 0.9883912076118775]], "trans": [345.7480725888948, 663.9761810380612, 60.00377651418927]}], "rb_ScNup84_506-726_ScNup133C_882_1155_renamed_relative_3CQC_new_1.pdb_20": [{"rot": [[0.1982939532976038, -0.9722130574084286, -0.12442378828085975], [0.9800075818682153, 0.19876959636095348, 0.008705575415422558], [0.01626799208315964, -0.12366251884486293, 0.9921909765093226]], "trans": [398.68198194119293, 367.9598363229801, 57.26611376213742]}], "rb_ScNup84_506-726_ScNup133C_882_1155_renamed_relative_3CQC_new_1.pdb_21": [{"rot": [[0.8317957143575196, -0.5515568680722979, -0.06245727226463277], [0.55414980687565, 0.8186077605488922, 0.15099445654991553], [-0.03215402177240666, -0.16020722721338884, 0.9865595588875788]], "trans": [227.46647615592985, 121.18313090443382, 72.15497324174441]}], "rb_4XMM.renamed.noAb_Nup145c_149-550_Sec13_Nup84_7-436_3IKO_updated_1.pdb_21": [{"rot": [[0.9998220111061469, -0.018375442488815154, 0.004276589879815338], [0.018435227252492983, 0.9997265368672394, -0.0143872818692491], [-0.004011047719590511, 0.014463560999163747, 0.9998873521049332]], "trans": [6.059524532754494, -6.096844864287334, -4.444151429042677]}], "rb_4XMM.renamed.noAb_Nup145c_149-550_Sec13_Nup84_7-436_3IKO_updated_1.pdb_22": [{"rot": [[0.7217331860283244, 0.6920556624769195, 0.012655758335080806], [-0.6918339465993638, 0.7206899115142847, 0.04440542505461493], [0.02161014849908518, -0.04080455213777597, 0.9989334262135204]], "trans": [-315.8061196451541, 129.83938735190708, 20.590377751155984]}], "rb_4XMM.renamed.noAb_Nup145c_149-550_Sec13_Nup84_7-436_3IKO_updated_1.pdb_23": [{"rot": [[0.024358426376658082, 0.9978995977043473, 0.060025494299953686], [-0.9966024418797533, 0.0195135660797221, 0.08001745795865019], [0.07867807765677146, -0.06177065355290619, 0.9949844955856755]], "trans": [-447.6616556250144, 454.2411295515904, 29.562951057804185]}], "rb_4XMM.renamed.noAb_Nup145c_149-550_Sec13_Nup84_7-436_3IKO_updated_1.pdb_24": [{"rot": [[-0.6837703006607946, 0.7199886735377551, 0.11863593853293433], [-0.7173325768176405, -0.6930435096944105, 0.07158678583800891], [0.1337615421950946, -0.03615250541521374, 0.9903538994631124]], "trans": [-312.2623379275037, 777.0693838848027, 17.24131343577028]}], "rb_4XMM.renamed.noAb_Nup145c_149-550_Sec13_Nup84_7-436_3IKO_updated_1.pdb_25": [{"rot": [[-0.9878212021704427, 0.021127027897962725, 0.154152266395079], [-0.017624576071508045, -0.9995553337648581, 0.024052215293439656], [0.15459187191065488, 0.02104241988035243, 0.987754306345833]], "trans": [11.074917349060513, 909.2069238799413, -9.132341159681175]}], "rb_4XMM.renamed.noAb_Nup145c_149-550_Sec13_Nup84_7-436_3IKO_updated_1.pdb_26": [{"rot": [[-0.7096769729302231, -0.6892823332500353, 0.14576851224452048], [0.6926227476387488, -0.7204629577744331, -0.034739832012604235], [0.12896636594842814, 0.07630852864720299, 0.9887085945362029]], "trans": [332.93650034763147, 773.2458322637196, -34.083949096818344]}], "rb_4XMM.renamed.noAb_Nup145c_149-550_Sec13_Nup84_7-436_3IKO_updated_1.pdb_27": [{"rot": [[-0.012278424262689491, -0.9950715893737504, 0.0983959974735895], [0.9973364975963978, -0.019262630780828627, -0.07034814580037525], [0.07189680702072086, 0.09727015511758326, 0.9926577285568401]], "trans": [464.7732708385902, 448.8341503514918, -42.972501727208055]}], "rb_4XMM.renamed.noAb_Nup145c_149-550_Sec13_Nup84_7-436_3IKO_updated_1.pdb_28": [{"rot": [[0.6958285407031815, -0.717105082607398, 0.03978620918755566], [0.7180110626123731, 0.693272608738492, -0.061912873775772724], [0.016815347428164852, 0.07164768294621128, 0.9972882500156648]], "trans": [329.3553031091324, 126.01693240733573, -30.56695469018888]}], "rb_4XMM.renamed.noAb_Seh1_Nup85_47_544_3F3F_1.pdb_28": [{"rot": [[0.7853234380172351, -0.5697597883361372, 0.24215879355486897], [0.3053870951429134, 0.696777674849824, 0.649029732717266], [-0.5385218842544495, -0.43574609054589675, 0.7211931258359332]], "trans": [331.62007830800997, -166.14047036686338, 572.9576749870632]}], "rb_4XMM.renamed.noAb_Seh1_Nup85_47_544_3F3F_1.pdb_29": [{"rot": [[0.7613974764197959, 0.07868011843682238, 0.6434930627942568], [-0.3685468426255286, 0.8691389109647369, 0.32980415133497687], [-0.5333358301223718, -0.4882693850834784, 0.6907574826940941]], "trans": [-186.4169958150195, -179.5129090754756, 614.3547390231083]}], "rb_4XMM.renamed.noAb_Seh1_Nup85_47_544_3F3F_1.pdb_30": [{"rot": [[0.2694214331224703, 0.6588609684633342, 0.7023633786081038], [-0.8279245559032711, 0.5309931789615343, -0.18051917800802889], [-0.49188720364185595, -0.5328681526718222, 0.6885481179710784]], "trans": [-562.284297174602, 178.5097058602237, 642.6129795387114]}], "rb_4XMM.renamed.noAb_Seh1_Nup85_47_544_3F3F_1.pdb_31": [{"rot": [[-0.40239818884895745, 0.8309046392478824, 0.3842826799212058], [-0.8036361030264555, -0.1195689834974864, -0.5829856534236745], [-0.438457194630821, -0.5434158064150535, 0.7158593086736709]], "trans": [-575.7915475660816, 698.1927952872105, 641.2023256998277]}], "rb_4XMM.renamed.noAb_Seh1_Nup85_47_544_3F3F_1.pdb_32": [{"rot": [[-0.8604999822869557, 0.49402552262912075, -0.1244128750378011], [-0.309910002157506, -0.7014390887173405, -0.6418247388361717], [-0.4043458557310585, -0.5137333820284697, 0.7566917742005043]], "trans": [-219.02409591863483, 1075.0987946827745, 610.9731633166807]}], "rb_4XMM.renamed.noAb_Seh1_Nup85_47_544_3F3F_1.pdb_33": [{"rot": [[-0.8365214573602574, -0.15442784488213573, -0.5257222575666054], [0.36402203527652427, -0.8737494246917535, -0.32256766837977546], [-0.4095360902399276, -0.4612092622399152, 0.7871252805081954]], "trans": [299.02056751085905, 1088.4309720215824, 569.658166845694]}], "rb_4XMM.renamed.noAb_Seh1_Nup85_47_544_3F3F_1.pdb_34": [{"rot": [[-0.34450957206812416, -0.7345823374053112, -0.5845527729175405], [0.8233611193050528, -0.5355581670311778, 0.18776026454746403], [-0.45098738559982643, -0.4166128170116143, 0.7893314504892598]], "trans": [674.8664877949124, 730.3792666300396, 541.4842486622085]}], "rb_4XMM.renamed.noAb_Seh1_Nup85_47_544_3F3F_1.pdb_35": [{"rot": [[0.3273081738177301, -0.9065752730419849, -0.26644067568776175], [0.7990199378230831, 0.11501747703008913, 0.5902017612129155], [-0.5044169885256612, -0.4060692727681834, 0.7620178786617933]], "trans": [688.3397387429144, 210.69553285073744, 542.9800921915429]}], "rb_4XMM.renamed.noAb_Nup120_715-1036_Nup85_553-744_Nup145c_92-99_554-712_remaining_updated_1.pdb_35": [{"rot": [[0.9836357205886042, -0.14992066761877698, 0.09992278320220203], [0.1396991669775181, 0.9848764710388946, 0.10248160586055124], [-0.11377570886582768, -0.08684543865229802, 0.9897034696601628]], "trans": [55.481121713074515, -101.00788717946239, 112.1389578314047]}], "rb_4XMM.renamed.noAb_Nup120_715-1036_Nup85_553-744_Nup145c_92-99_554-712_remaining_updated_1.pdb_36": [{"rot": [[0.7935779269292793, 0.5863258030210058, 0.16265339406971285], [-0.601003071550826, 0.7970624465466793, 0.05904882972160992], [-0.09502305971235303, -0.14461503731213976, 0.9849147725088236]], "trans": [-345.37564133115075, 34.612334278872524, 143.4711058427775]}], "rb_4XMM.renamed.noAb_Nup120_715-1036_Nup85_553-744_Nup145c_92-99_554-712_remaining_updated_1.pdb_37": [{"rot": [[0.1370212846638505, 0.9747328727449341, 0.17641143483196292], [-0.9897274974582534, 0.14205176636522715, -0.016148574164232002], [-0.04080010201074109, -0.17238654954178628, 0.9841840423482724]], "trans": [-533.3295872681415, 414.8234517814856, 156.6435308221446]}], "rb_4XMM.renamed.noAb_Nup120_715-1036_Nup85_553-744_Nup145c_92-99_554-712_remaining_updated_1.pdb_38": [{"rot": [[-0.601414067719937, 0.7877662035690481, 0.1331372512220515], [-0.7987538610337884, -0.5964410774045754, -0.07905890631725346], [0.017128591073700267, -0.15389103189878828, 0.9879393512098562]], "trans": [-398.2727310781079, 816.8925485137687, 143.96364538658688]}], "rb_4XMM.renamed.noAb_Nup120_715-1036_Nup85_553-744_Nup145c_92-99_554-712_remaining_updated_1.pdb_39": [{"rot": [[-0.9891422888571921, 0.13495350652661728, 0.05818147016465357], [-0.13995721122315627, -0.9857965641332815, -0.09282840712653116], [0.044827574337532816, -0.09996341940521274, 0.9939807862126037]], "trans": [-19.321370079579992, 1005.2819952308658, 112.88351011182544]}], "rb_4XMM.renamed.noAb_Nup120_715-1036_Nup85_553-744_Nup145c_92-99_554-712_remaining_updated_1.pdb_40": [{"rot": [[-0.7990267198377933, -0.6012783357958741, -0.004545754920294298], [0.6007300854818124, -0.7979247597828524, -0.04939070886802885], [0.02607039282913943, -0.04219526783913237, 0.9987691895476717]], "trans": [381.5313585795781, 869.6307145498822, 81.63431137290928]}], "rb_4XMM.renamed.noAb_Nup120_715-1036_Nup85_553-744_Nup145c_92-99_554-712_remaining_updated_1.pdb_41": [{"rot": [[-0.14243974162282796, -0.9896343292969342, -0.018297931124155918], [0.9894029669804637, -0.14288361633421126, 0.025807772346877353], [-0.02815473204760372, -0.014427974918894103, 0.9994994470248908]], "trans": [569.4621877666226, 489.40525617197557, 68.5462753059843]}], "rb_4XMM.renamed.noAb_Nup120_715-1036_Nup85_553-744_Nup145c_92-99_554-712_remaining_updated_1.pdb_42": [{"rot": [[0.5959807360729854, -0.8026100571641334, 0.024981160278975283], [0.7983713790032586, 0.5955945283003063, 0.08871470592391031], [-0.0860819575656398, -0.032928012356003684, 0.9957437635174751]], "trans": [434.38050125835343, 87.34717158906574, 81.31056288155031]}], "rb_4XMM.renamed.noAb_Nup120_2-711_3F7F_updated_1.pdb_42": [{"rot": [[0.9572882305529589, 0.2775657125676873, 0.08097233386519095], [-0.28908123744759356, 0.9133935381460385, 0.286608238940942], [0.005593013548343483, -0.2977742763904433, 0.9546199235924184]], "trans": [-163.88800520354414, 140.68830524703412, 186.51405329530164]}], "rb_4XMM.renamed.noAb_Nup120_2-711_3F7F_updated_1.pdb_43": [{"rot": [[0.47497314155761966, 0.8348242779820874, 0.2783324265883709], [-0.8787493308074645, 0.43309058703630526, 0.20057955286115414], [0.04690552637288602, -0.3398543339612339, 0.9393076723222522]], "trans": [-329.031998180629, 364.40305657252935, 198.6298125035196]}], "rb_4XMM.renamed.noAb_Nup120_2-711_3F7F_updated_1.pdb_44": [{"rot": [[-0.28185348347325145, 0.8904478031237852, 0.35729724847249655], [-0.9534057167026488, -0.3016910480641628, -0.0002255585383094394], [0.10759253325719567, -0.34071281371555484, 0.9339906987531127]], "trans": [-288.15341460028884, 639.6771033676661, 194.0734363415677]}], "rb_4XMM.renamed.noAb_Nup120_2-711_3F7F_updated_1.pdb_45": [{"rot": [[-0.869831936341157, 0.41185124267306966, 0.2716080934538584], [-0.46931563162070616, -0.8605059248924565, -0.19817262964757215], [0.1521027298816467, -0.2998468061087603, 0.9417837609711288]], "trans": [-65.19759177265183, 805.2511444509726, 175.53811911120803]}], "rb_4XMM.renamed.noAb_Nup120_2-711_3F7F_updated_1.pdb_46": [{"rot": [[-0.9445161488598925, -0.3205967900465276, 0.07146287675946066], [0.2899341269271614, -0.9159924093127981, -0.27730147515712533], [0.15436141546986337, -0.24119619460761788, 0.9581215732468099]], "trans": [209.22671895201415, 764.129688757048, 153.90611589514455]}], "rb_4XMM.renamed.noAb_Nup120_2-711_3F7F_updated_1.pdb_47": [{"rot": [[-0.4621550562885869, -0.8778179099506049, -0.12589051162356316], [0.8795643449620176, -0.43564573639232174, -0.1912573016507511], [0.11304542015680154, -0.1991193344031189, 0.9734332147859087]], "trans": [374.3598003076824, 540.4023816390984, 141.87376408977906]}], "rb_4XMM.renamed.noAb_Nup120_2-711_3F7F_updated_1.pdb_48": [{"rot": [[0.2946774120530844, -0.9333841281815637, -0.20483967409766157], [0.9541613269729695, 0.2991402399840699, 0.009554000808670082], [0.05235823655238675, -0.19826544348678765, 0.9787489100806748]], "trans": [333.46627819901937, 265.1319509570286, 146.51378994004187]}], "rb_4XMM.renamed.noAb_Nup120_2-711_3F7F_updated_1.pdb_49": [{"rot": [[0.8826181248727666, -0.45474397061603117, -0.11913507810231692], [0.47002510908055556, 0.8579175343728195, 0.20749433980104467], [0.007851272501373976, -0.23913474319727304, 0.9709546498761313]], "trans": [110.50406781520508, 99.57581311264664, 165.1320057796711]}]}
