{"rb_ScNup133N_56-480_renamed_1.pdb_0": [{"rot": [[0.6152561366629246, 0.016555107074666287, 0.7881534208060987], [0.5610293273016311, 0.6931632240271741, -0.45251611989378815], [-0.5538104190118567, 0.7205905031888753, 0.41718502670627067]], "trans": [11.40332025526834, -148.11945159489858, 390.3526301784816]}], "rb_ScNup133N_56-480_renamed_1.pdb_1": [{"rot": [[0.8207525072454219, 0.514654870656633, 0.2479832372555737], [-0.06880557311230073, 0.5199735593840623, -0.8514066541025814], [-0.5671253079867249, 0.6817315172785173, 0.46218072589636294]], "trans": [-404.33740149945254, 48.38906735345677, 422.5748715420556]}], "rb_ScNup133N_56-480_renamed_1.pdb_2": [{"rot": [[0.5221472147714898, 0.7449135992688312, -0.4152902788781925], [-0.659755080215471, 0.04423019888045618, -0.750177927985667], [-0.5404493687999358, 0.6656931869347519, 0.5145552065934232]], "trans": [-559.8999957431251, 482.1952356739075, 432.90473999291385]}], "rb_ScNup133N_56-480_renamed_1.pdb_3": [{"rot": [[-0.10563255009301825, 0.5724424830421614, -0.8131121496874624], [-0.8656326403587923, -0.45536968891924917, -0.20813115662737133], [-0.4894097427578522, 0.6818709922134145, 0.5436267595249353]], "trans": [-364.1517879959637, 899.1694000925393, 415.3148578425847]}], "rb_ScNup133N_56-480_renamed_1.pdb_4": [{"rot": [[-0.6948245493957885, 0.09827753370494596, -0.7124327139637873], [-0.5658322759367092, -0.6861534453835682, 0.4571950184511393], [-0.44390616245465464, 0.7207877466752102, 0.5323648590747231]], "trans": [68.23707493327925, 1055.0423325523793, 380.1336309732563]}], "rb_ScNup133N_56-480_renamed_1.pdb_5": [{"rot": [[-0.9002718023380689, -0.3998087356952886, -0.17223140473414011], [0.06401873238718359, -0.512924691924737, 0.8560431427898053], [-0.430595266832438, 0.759645466830181, 0.48736688531931777]], "trans": [483.9690137969498, 858.5015882052845, 347.99472304146605]}], "rb_ScNup133N_56-480_renamed_1.pdb_6": [{"rot": [[-0.6016204113400044, -0.6300303655274865, 0.49103423421629194], [0.6549447830375322, -0.03716327484436244, 0.7547623613924829], [-0.45727476623032487, 0.7756807523176908, 0.4349932857560649]], "trans": [639.5043103276355, 424.6836231094584, 337.7495643734453]}], "rb_ScNup133N_56-480_renamed_1.pdb_7": [{"rot": [[0.026175427767125226, -0.4575202789109658, 0.8888138395448368], [0.8607730634860489, 0.46242305949589124, 0.2126843840607413], [-0.5083154337200921, 0.7594999068016312, 0.40592525347687236]], "trans": [443.7301081092435, 7.725234846522994, 355.4239182748445]}], "rb_ScNup133C_490_881_renamed_relative_3CQC_1.pdb_7": [{"rot": [[0.8619931187853942, 0.3455226454952615, -0.37092042895556987], [-0.26059196741024876, 0.9296653541671416, 0.26041151238479787], [0.4348099466294256, -0.12781404739400792, 0.891405564039667]], "trans": [105.82179547862211, 83.39530812548432, -178.98365013492952]}], "rb_ScNup133C_490_881_renamed_relative_3CQC_1.pdb_8": [{"rot": [[0.4359842691709383, 0.8978332115108679, -0.061751448109030604], [-0.766721489810476, 0.40649235621777174, 0.49689246462320846], [0.4712280489299053, -0.1692911357531857, 0.8656122903801156]], "trans": [-185.4398867699046, 112.75710148024785, -155.86991125132408]}], "rb_ScNup133C_490_881_renamed_relative_3CQC_1.pdb_9": [{"rot": [[-0.2221274270433971, 0.919737873007412, 0.3236381484171485], [-0.8222722842689071, -0.355080780279299, 0.44473130089913415], [0.523953907016898, -0.16733165998114088, 0.8351481418824338]], "trans": [-370.7708360167512, 340.1208715684125, -142.16288082938172]}], "rb_ScNup133C_490_881_renamed_relative_3CQC_1.pdb_10": [{"rot": [[-0.7268108588403382, 0.39840457042449084, 0.5594817009846209], [-0.3947019121255906, -0.9089137737828626, 0.13448476639454604], [0.5620999697884446, -0.12308350861374562, 0.8178594462810572]], "trans": [-341.59965568746645, 632.2938328383524, -145.86832565821845]}], "rb_ScNup133C_490_881_renamed_relative_3CQC_1.pdb_11": [{"rot": [[-0.7824153558368483, -0.3607622967852535, 0.5076187311052699], [0.2655128738756709, -0.9305634476533228, -0.2521003445016314], [0.5633197358134879, -0.06246787262095439, 0.8238741652298802]], "trans": [-115.0133211933246, 818.1170617345622, -164.79153900914338]}], "rb_ScNup133C_490_881_renamed_relative_3CQC_1.pdb_12": [{"rot": [[-0.3563670196689642, -0.9130320735575252, 0.19843129780229488], [0.7716089430668558, -0.40734711767696263, -0.4885570229763539], [0.5268986489558565, -0.02099424624781171, 0.849668791561145]], "trans": [176.25261119095336, 788.7328074572945, -187.8230307826896]}], "rb_ScNup133C_490_881_renamed_relative_3CQC_1.pdb_13": [{"rot": [[0.3017490270546271, -0.9348773376552755, -0.186954240952612], [0.8271080821611929, 0.35422771269581316, -0.4363656127399627], [0.4741726954340756, -0.022958464601836592, 0.8801324694657657]], "trans": [361.5723647642752, 561.3548972753373, -201.4466234526933]}], "rb_ScNup133C_490_881_renamed_relative_3CQC_1.pdb_14": [{"rot": [[0.8063991247269876, -0.4135008253518182, -0.42277360262072977], [0.3994981129393581, 0.9080197696275248, -0.12610057780782002], [0.43602948225714905, -0.06720986087576218, 0.8974191468893565]], "trans": [332.384928214127, 269.1846337969944, -197.65741943922313]}], "rb_ScNup84_506-726_ScNup133C_882_1155_renamed_relative_3CQC_new_1.pdb_14": [{"rot": [[0.9857353599522796, 0.12639196159202332, 0.11113447792953121], [-0.1414067194127459, 0.9800536199116379, 0.13963896949998825], [-0.09126850412203491, -0.15336223180109962, 0.9839461804450034]], "trans": [-62.63729615192369, 50.629097068291856, 103.73822289287429]}], "rb_ScNup84_506-726_ScNup133C_882_1155_renamed_relative_3CQC_new_1.pdb_15": [{"rot": [[0.5973346559835299, 0.7775004048954021, 0.19668357620432403], [-0.799956353132229, 0.5950857327148388, 0.07708958297089248], [-0.05710640808543843, -0.20338655586524795, 0.9774317198908832]], "trans": [-322.37832179471513, 224.5965432788719, 123.63599548323958]}], "rb_ScNup84_506-726_ScNup133C_882_1155_renamed_relative_3CQC_new_1.pdb_16": [{"rot": [[-0.1416142445450192, 0.9667112344939126, 0.2131074725231317], [-0.9899181913474131, -0.13888408286105475, -0.027806221737379178], [0.002716648929859289, -0.2148967208477075, 0.976633001279136]], "trans": [-383.48104182159835, 531.8110895755019, 127.05275507829663]}], "rb_ScNup84_506-726_ScNup133C_882_1155_renamed_relative_3CQC_new_1.pdb_17": [{"rot": [[-0.798224656524247, 0.5831820785360502, 0.15078481684545858], [-0.6000099107699244, -0.7918859598772852, -0.11359900319587482], [0.05315547661919297, -0.18114990980842718, 0.9820179252344549]], "trans": [-210.14870795320857, 792.3022398076927, 112.01092063213741]}], "rb_ScNup84_506-726_ScNup133C_882_1155_renamed_relative_3CQC_new_1.pdb_18": [{"rot": [[-0.9878449424099125, -0.14841027565697043, 0.0462250996167307], [0.14135472013118797, -0.9813821914512784, -0.13003014034798915], [0.06466229853468052, -0.12191548048425305, 0.9904319273763863]], "trans": [96.08006798370741, 853.4707220393879, 87.34621575437416]}], "rb_ScNup84_506-726_ScNup133C_882_1155_renamed_relative_3CQC_new_1.pdb_19": [{"rot": [[-0.5993928650841622, -0.7994887115466834, -0.03931912251845028], [0.7998738473327566, -0.5963632132301244, -0.0674740413709798], [0.030496256152040338, -0.07189379677873982, 0.9969459666127568]], "trans": [355.8140645588274, 679.4832936988405, 67.53157723592602]}], "rb_ScNup84_506-726_ScNup133C_882_1155_renamed_relative_3CQC_new_1.pdb_20": [{"rot": [[0.13957087138128904, -0.9886423011829493, -0.05573483805976326], [0.9897776810004093, 0.1376214285766319, 0.03742304891342563], [-0.029327701159779354, -0.06038826631231732, 0.9977440269109472]], "trans": [416.8993576683583, 372.2643603258624, 64.19870460848935]}], "rb_ScNup84_506-726_ScNup133C_882_1155_renamed_relative_3CQC_new_1.pdb_21": [{"rot": [[0.7961508907762955, -0.6050622046912293, 0.006594510618482048], [0.5998178777275802, 0.790593181615143, 0.12321093596764937], [-0.0797638556897165, -0.09413899106019538, 0.9923585932956269]], "trans": [243.55323464536798, 111.7872216724844, 79.32404655190743]}], "rb_4XMM.renamed.noAb_Nup145c_149-550_Sec13_Nup84_7-436_3IKO_updated_1.pdb_21": [{"rot": [[0.9933092855971851, 0.014504776535732936, 0.11456995506702487], [-0.01251584345340351, 0.9997585599585678, -0.018060328131648866], [-0.11480425431603807, 0.016505552012016506, 0.9932510004745624]], "trans": [-38.53558025453981, 9.979449577676121, 55.734156125008525]}], "rb_4XMM.renamed.noAb_Nup145c_149-550_Sec13_Nup84_7-436_3IKO_updated_1.pdb_22": [{"rot": [[0.6931055842847338, 0.7154287754704366, 0.08812670572642], [-0.7155111038130154, 0.6976573805772357, -0.0363048157465634], [-0.08745575654923866, -0.03789256595934409, 0.9954474592319871]], "trans": [-334.89817630938376, 176.10217157694518, 78.5890629269586]}], "rb_4XMM.renamed.noAb_Nup145c_149-550_Sec13_Nup84_7-436_3IKO_updated_1.pdb_23": [{"rot": [[-0.014785159661136416, 0.9982896509560766, 0.05656122212073484], [-0.9994509585109723, -0.013077531218527338, -0.03044272833911104], [-0.02965097949975983, -0.05698026826213475, 0.9979349019066734]], "trans": [-427.4354561368508, 503.74960382952077, 84.4119359434057]}], "rb_4XMM.renamed.noAb_Nup145c_149-550_Sec13_Nup84_7-436_3IKO_updated_1.pdb_24": [{"rot": [[-0.7156705671774454, 0.6973835137948206, 0.038365009619498625], [-0.6979994371132596, -0.7160876427365077, -0.003908159368009841], [0.02474722338945735, -0.029575709750778265, 0.9992561495068476]], "trans": [-261.9358630991012, 800.9813774882289, 69.81565895999245]}], "rb_4XMM.renamed.noAb_Nup145c_149-550_Sec13_Nup84_7-436_3IKO_updated_1.pdb_25": [{"rot": [[-0.998962084056893, -0.011014578087733354, 0.04419766607253178], [0.012248908678890448, -0.9995397182068996, 0.027754566526046624], [0.04387161785124871, 0.028267132794497746, 0.9986371965587367]], "trans": [64.65052099735283, 893.6750453709692, 43.374941742294084]}], "rb_4XMM.renamed.noAb_Nup145c_149-550_Sec13_Nup84_7-436_3IKO_updated_1.pdb_26": [{"rot": [[-0.6987035453011113, -0.7119150340536896, 0.07064233908919149], [0.7152205833987607, -0.6973835351448838, 0.045996978069884974], [0.016518863955934986, 0.08266310662659068, 0.9964406344265807]], "trans": [361.0067008200569, 727.5294666464947, 20.60313415173772]}], "rb_4XMM.renamed.noAb_Nup145c_149-550_Sec13_Nup84_7-436_3IKO_updated_1.pdb_27": [{"rot": [[0.009209363441365914, -0.9947204843017623, 0.10220736634642891], [0.999104868094838, 0.013373554009629363, 0.040132413363121955], [-0.0412874093907791, 0.10174628329142948, 0.9939532401789226]], "trans": [453.5249609459995, 399.8751807794422, 14.86428705854479]}], "rb_4XMM.renamed.noAb_Nup145c_149-550_Sec13_Nup84_7-436_3IKO_updated_1.pdb_28": [{"rot": [[0.7100712786571832, -0.6937595085197815, 0.12040150981007011], [0.6975983460237459, 0.7163600247549697, 0.013596417101341664], [-0.09568347219393428, 0.07433746882596062, 0.9926321644382989]], "trans": [288.00871342519883, 102.65680515134147, 29.544302908838517]}], "rb_4XMM.renamed.noAb_Seh1_Nup85_47_544_3F3F_1.pdb_28": [{"rot": [[0.597561481097965, -0.7787387460480215, 0.19101372126514893], [0.3272551291473682, 0.4543462124753857, 0.8285370237086631], [-0.732000243684894, -0.4325915910103031, 0.5263460445680475]], "trans": [544.6702369461564, -98.82831138840754, 719.5029726436466]}], "rb_4XMM.renamed.noAb_Seh1_Nup85_47_544_3F3F_1.pdb_29": [{"rot": [[0.6398769961814517, -0.24032315500922552, 0.7299330181079718], [-0.23190029818953717, 0.8451781844525712, 0.4815559035304806], [-0.7326524970662455, -0.4774082296021567, 0.4850790665971147]], "trans": [14.97464530786965, -273.6256691910245, 762.6147011727035]}], "rb_4XMM.renamed.noAb_Seh1_Nup85_47_544_3F3F_1.pdb_30": [{"rot": [[0.27566456279705676, 0.4160287936971219, 0.866561649066483], [-0.657139028074983, 0.7394981374699018, -0.1459821991175994], [-0.7015535236876597, -0.5292093607386981, 0.4772421878962133]], "trans": [-482.92686804162423, -21.431323237977153, 801.1147285255716]}], "rb_4XMM.renamed.noAb_Seh1_Nup85_47_544_3F3F_1.pdb_31": [{"rot": [[-0.2817150401833297, 0.8058168739563661, 0.5208606356614911], [-0.6993502166759843, 0.19921493313848843, -0.6864566154170846], [-0.6569215406498379, -0.5576491514041919, 0.507426362508321]], "trans": [-657.3546628315908, 510.0158394663408, 812.4732007297421]}], "rb_4XMM.renamed.noAb_Seh1_Nup85_47_544_3F3F_1.pdb_32": [{"rot": [[-0.705740982281396, 0.70069773234071, -0.10465349407007124], [-0.3338059545323149, -0.4591659094511466, -0.8232498116104668], [-0.624902592927296, -0.5460671712257438, 0.5579492753488027]], "trans": [-406.1245641028964, 1009.3866943999254, 790.06016951474]}], "rb_4XMM.renamed.noAb_Seh1_Nup85_47_544_3F3F_1.pdb_33": [{"rot": [[-0.7480128878503112, 0.16225164418850194, -0.6435457431822253], [0.2253527754181672, -0.8499556095401142, -0.4762264045835965], [-0.6242538315630621, -0.5012483074978089, 0.5992138917026333]], "trans": [123.59120730406079, 1184.1428704088075, 747.0295094912401]}], "rb_4XMM.renamed.noAb_Seh1_Nup85_47_544_3F3F_1.pdb_34": [{"rot": [[-0.38376727857393633, -0.4940920799708518, -0.7801254337643592], [0.6505629050323775, -0.7442240506815262, 0.15132240079714662], [-0.65535531011184, -0.44944808253819024, 0.6070468174786484]], "trans": [621.4795968459728, 931.909852320082, 708.6131929345019]}], "rb_4XMM.renamed.noAb_Seh1_Nup85_47_544_3F3F_1.pdb_35": [{"rot": [[0.17361563177053763, -0.8838380320782909, -0.4343822572998212], [0.6927303449194838, -0.20391027086972313, 0.6917696659015674], [-0.6999873439089075, -0.421011798511404, 0.5768594143130048]], "trans": [795.8724790421583, 400.4494154108587, 697.3400446547121]}], "rb_4XMM.renamed.noAb_Nup120_715-1036_Nup85_553-744_Nup145c_92-99_554-712_remaining_updated_1.pdb_35": [{"rot": [[0.9986268563129577, -0.04463839478771292, -0.027419255301289882], [0.04026468320700359, 0.9888489982540354, -0.14337508130157], [0.033513536619412046, 0.14207417908532305, 0.9892885173196404]], "trans": [30.92530884409814, 26.160745109341576, -89.928226134147]}], "rb_4XMM.renamed.noAb_Nup120_715-1036_Nup85_553-744_Nup145c_92-99_554-712_remaining_updated_1.pdb_36": [{"rot": [[0.7370172550574514, 0.6682909362635258, -0.10095934952049415], [-0.6733946558834857, 0.7388578488022419, -0.0250742236347816], [0.05783773141421669, 0.08646562190457706, 0.9945745286571104]], "trans": [-277.12638942886736, 130.20040737312536, -65.83956210450071]}], "rb_4XMM.renamed.noAb_Nup120_715-1036_Nup85_553-744_Nup145c_92-99_554-712_remaining_updated_1.pdb_37": [{"rot": [[0.048909637803819295, 0.9963759984131926, -0.06958963368213529], [-0.9922490046850665, 0.056439285885215296, 0.11070916723678625], [0.1142355462690794, 0.06363549948638342, 0.9914135177481315]], "trans": [-421.69408901666856, 422.25803864824167, -55.69638127140257]}], "rb_4XMM.renamed.noAb_Nup120_715-1036_Nup85_553-744_Nup145c_92-99_554-712_remaining_updated_1.pdb_38": [{"rot": [[-0.6625928509433573, 0.7474199362546368, 0.048313070362682745], [-0.729508989823455, -0.6586362742385123, 0.18443126639475776], [0.16966834603283215, 0.0869580194480461, 0.9816572493534377]], "trans": [-318.08607975694395, 731.2422773163055, -65.41669708454475]}], "rb_4XMM.renamed.noAb_Nup120_715-1036_Nup85_553-744_Nup145c_92-99_554-712_remaining_updated_1.pdb_39": [{"rot": [[-0.9806820210908912, 0.06726472128081672, 0.18367969615637844], [-0.039091416638792995, -0.987467485883064, 0.15290462867079513], [0.19166281500139185, 0.14277052074849167, 0.9710210830620247]], "trans": [-26.99548100770687, 876.1459164829794, -89.28220658294896]}], "rb_4XMM.renamed.noAb_Nup120_715-1036_Nup85_553-744_Nup145c_92-99_554-712_remaining_updated_1.pdb_40": [{"rot": [[-0.7190167517090583, -0.6456451313880726, 0.2572105656395813], [0.6745473656095627, -0.7374203887469774, 0.034598002969187594], [0.16733428313096388, 0.19837725316965066, 0.9657358350573468]], "trans": [281.0546434455611, 772.082477978293, -113.28815289757955]}], "rb_4XMM.renamed.noAb_Nup120_715-1036_Nup85_553-744_Nup145c_92-99_554-712_remaining_updated_1.pdb_41": [{"rot": [[-0.03088424708203441, -0.9736769780296732, 0.2258302586837712], [0.993347695973696, -0.05497609799664149, -0.10118292125064074], [0.11093474742354419, 0.2212030088042811, 0.9688976781425412]], "trans": [425.60610053064454, 480.013908167954, -123.34750929229631]}], "rb_4XMM.renamed.noAb_Nup120_715-1036_Nup85_553-744_Nup145c_92-99_554-712_remaining_updated_1.pdb_42": [{"rot": [[0.6805977689113545, -0.7246651376322982, 0.10792180156599], [0.7305518458416392, 0.6600798983818972, -0.174895764069683], [0.05550385112999283, 0.197876138158462, 0.9786543600563138]], "trans": [321.98052185082065, 171.038210208873, -113.54335805296262]}], "rb_4XMM.renamed.noAb_Nup120_2-711_3F7F_updated_1.pdb_42": [{"rot": [[-0.6146596499310172, 0.7861471190212603, 0.0645462779813919], [0.4254635101433908, 0.26152186494733287, 0.866364308874121], [0.6642095424511332, 0.5599812688019491, -0.49522385070573394]], "trans": [486.7416422591041, -71.6627354862336, -276.8833066112296]}], "rb_4XMM.renamed.noAb_Nup120_2-711_3F7F_updated_1.pdb_43": [{"rot": [[-0.12267991634642009, 0.752773211582269, 0.6467473463798296], [0.7722930133621149, -0.33687159883615714, 0.5385917075203022], [0.6233082220196512, 0.5655528426430965, -0.540034112386443]], "trans": [-26.63949596551845, -270.98190962448086, -234.9526308231484]}], "rb_4XMM.renamed.noAb_Nup120_2-711_3F7F_updated_1.pdb_44": [{"rot": [[0.4698078189724423, 0.30736199569055533, 0.8275320035125376], [0.6684506627391515, -0.7361538782812983, -0.10607157477378759], [0.5765885228791366, 0.6029975713852596, -0.5513071777036219]], "trans": [-530.2859825782132, -47.69280152150699, -195.8540558967706]}], "rb_4XMM.renamed.noAb_Nup120_2-711_3F7F_updated_1.pdb_45": [{"rot": [[0.8157158865987123, -0.2891583580863702, 0.5009940481675106], [0.17476877144657663, -0.7024197842089871, -0.6899726974879897], [0.5514195035338609, 0.6503798049606039, -0.5224391260442461]], "trans": [-729.1526909665394, 467.39879771472135, -182.46807341268783]}], "rb_4XMM.renamed.noAb_Nup120_2-711_3F7F_updated_1.pdb_46": [{"rot": [[0.7124064632131677, -0.6873378155689965, -0.1415759812289645], [-0.4195468476817522, -0.25543122457750966, -0.8710541499304947], [0.562545530399459, 0.6799423628511996, -0.4703412691099064]], "trans": [-506.7387859967629, 972.5450832552513, -202.61237575124267]}], "rb_4XMM.renamed.noAb_Nup120_2-711_3F7F_updated_1.pdb_47": [{"rot": [[0.2203996656979301, -0.6539172362336511, -0.7237515012190181], [-0.7663377251102305, 0.3429595998423236, -0.5432358640120039], [0.603448820061085, 0.674367081812669, -0.4255332660725216]], "trans": [6.664444103024664, 1171.824355262994, -244.4621416666601]}], "rb_4XMM.renamed.noAb_Nup120_2-711_3F7F_updated_1.pdb_48": [{"rot": [[-0.37207998666672926, -0.2084748666851476, -0.9044858835176449], [-0.6624488750898837, 0.7422069067947501, 0.1014415861385995], [0.650167648698574, 0.636920040088846, -0.41426427690423484]], "trans": [510.30006149408723, 948.496123153258, -283.47718330280213]}], "rb_4XMM.renamed.noAb_Nup120_2-711_3F7F_updated_1.pdb_49": [{"rot": [[-0.7179495595624945, 0.3880428722575899, -0.5779023786195191], [-0.1687398507954166, 0.7084259944800104, 0.6853170602710449], [0.675333467760601, 0.5895382427248347, -0.4431358343525756]], "trans": [709.1331335857988, 433.38933101917917, -296.7779342559435]}]}
