{"rb_ScNup133N_56-480_renamed_1.pdb_0": [{"rot": [[0.8433893792714484, -0.370614475972361, -0.38902347632482703], [0.4272507297710058, 0.9016244818696737, 0.06730607404525497], [0.32580848491447234, -0.22297579216806168, 0.9187658174228956]], "trans": [281.4073855503025, -253.1399171478655, -127.73481661065733]}], "rb_ScNup133N_56-480_renamed_1.pdb_1": [{"rot": [[0.9055624231752609, 0.36848373540994206, -0.21018190804939693], [-0.27351517560010496, 0.8858910155398724, 0.3746819415213081], [0.32426246537240944, -0.28180994539595133, 0.9030155082979127]], "trans": [-297.2005935598098, -246.0013987601746, -81.60967188147953]}], "rb_ScNup133N_56-480_renamed_1.pdb_2": [{"rot": [[0.45557623699678246, 0.8802064902367118, 0.1329918299333479], [-0.8129330014691379, 0.3504873491422558, 0.46507908275218396], [0.36275367318089236, -0.3199924259047449, 0.8752226116579522]], "trans": [-701.4556728089923, 169.4850312883866, -51.36833828512283]}], "rb_ScNup133N_56-480_renamed_1.pdb_3": [{"rot": [[-0.24296092659540924, 0.8647793834395835, 0.4394617231634098], [-0.8750041796506688, -0.3909395003557564, 0.2855415778051441], [0.41873341607968173, -0.31515539823941585, 0.851668598234545]], "trans": [-694.5376134371927, 749.9216807118869, -54.702610543949845]}], "rb_ScNup133N_56-480_renamed_1.pdb_4": [{"rot": [[-0.7808361477950014, 0.33123983170252086, 0.5296933869611242], [-0.4233665387623445, -0.9040512303996504, -0.058754971443015655], [0.45940797136429173, -0.2701324614084041, 0.8461517412027125]], "trans": [-280.4971988297847, 1155.2806929164617, -89.6352200543144]}], "rb_ScNup133N_56-480_renamed_1.pdb_5": [{"rot": [[-0.8429545379826545, -0.40785717265922494, 0.3508278404073305], [0.2774042230727177, -0.8882597546543198, -0.3661167918613789], [0.46094961103776844, -0.2112986866307256, 0.8619038931993863]], "trans": [298.1167715056297, 1148.0971597857792, -135.67814671406438]}], "rb_ScNup133N_56-480_renamed_1.pdb_6": [{"rot": [[-0.3929262683171396, -0.9195381832227825, 0.007647042677447313], [0.8167867127037971, -0.3528159422711873, -0.4564869952472009], [0.4224552208422698, -0.17311972872736875, 0.8896972214795719]], "trans": [702.3459886288472, 732.5794131107896, -165.83478997946577]}], "rb_ScNup133N_56-480_renamed_1.pdb_7": [{"rot": [[0.3056157554328821, -0.9040532492977701, -0.2988088560691116], [0.8788030624119031, 0.38860967169795335, -0.276925442237199], [0.36647535732522046, -0.17796135956142645, 0.9132500024508071]], "trans": [695.3891908563894, 152.14372448910967, -162.41495811578966]}], "rb_ScNup133C_490_881_renamed_relative_3CQC_1.pdb_7": [{"rot": [[0.9515188001854726, 0.2805757242670289, -0.1260525122543363], [-0.27112304068537496, 0.9585952712613528, 0.0871056985787313], [0.14527308664413366, -0.048706969392525695, 0.9881919658798488]], "trans": [-4.180477879034129, 135.7670248598904, -68.34088046225952]}], "rb_ScNup133C_490_881_renamed_relative_3CQC_1.pdb_8": [{"rot": [[0.4863046302449556, 0.873748771008117, -0.00841972470575357], [-0.8539395538105282, 0.47727744147338846, 0.20734869736386274], [0.18518921415728157, -0.09364469564486787, 0.9782308653571441]], "trans": [-224.31630405288468, 233.68769405320108, -51.22988402658132]}], "rb_ScNup133C_490_881_renamed_relative_3CQC_1.pdb_9": [{"rot": [[-0.253595746739288, 0.9540616088335179, 0.15954824908390874], [-0.9358837294249767, -0.2836976433777638, 0.20889540957019279], [0.24456255280262834, -0.09634362299551127, 0.964835252296867]], "trans": [-311.00851605213336, 459.05674572560997, -45.37526649102324]}], "rb_ScNup133C_490_881_renamed_relative_3CQC_1.pdb_10": [{"rot": [[-0.8347382573345724, 0.47446584493409805, 0.27945340172023597], [-0.4689515140409001, -0.8785400488376023, 0.09083974937861117], [0.288611363637655, -0.055222681747573395, 0.9558524657078714]], "trans": [-213.4696803881675, 679.8499284989707, -54.182740456835575]}], "rb_ScNup133C_490_881_renamed_relative_3CQC_1.pdb_11": [{"rot": [[-0.916681424724781, -0.28408455989759096, 0.2810536041262154], [0.2733216168254724, -0.9587827065098369, -0.07765961288584489], [0.29153123218696997, 0.005628900910632208, 0.9565447486312822]], "trans": [11.162491048742595, 766.7235995159508, -72.46875858827622]}], "rb_ScNup133C_490_881_renamed_relative_3CQC_1.pdb_12": [{"rot": [[-0.4514217860540694, -0.8772200829504375, 0.16341143516957055], [0.8561015970614743, -0.4774183361085995, -0.19789337496764908], [0.25161165828423815, 0.05056340985061318, 0.9665065519693758]], "trans": [231.29721825650137, 668.7860541712216, -89.49710872990494]}], "rb_ScNup133C_490_881_renamed_relative_3CQC_1.pdb_13": [{"rot": [[0.288485002183354, -0.9574735716092095, -0.004556663820313847], [0.937987697047135, 0.283563026947442, -0.19942690374323524], [0.19223809118767182, 0.05325757615875261, 0.9799021108652701]], "trans": [317.97838747641447, 443.4106042422943, -95.26833836783209]}], "rb_ScNup133C_490_881_renamed_relative_3CQC_1.pdb_14": [{"rot": [[0.8695911107522929, -0.4778314006434083, -0.12445261210496783], [0.4710098848168444, 0.8783677703428401, -0.08136183643310925], [0.14819240366973563, 0.01213311922399754, 0.9888841180403696]], "trans": [220.42886091423412, 222.6254828865582, -86.3775749046356]}], "rb_ScNup84_506-726_ScNup133C_882_1155_renamed_relative_3CQC_new_1.pdb_14": [{"rot": [[0.9504647032416028, 0.18488376783759877, 0.24986964658001892], [-0.2371415601117071, 0.9510040679253747, 0.198381307731282], [-0.20094956670676423, -0.2478089085960407, 0.9477394243465879]], "trans": [-101.45200911795473, 95.84269332177507, 204.2889392231592]}], "rb_ScNup84_506-726_ScNup133C_882_1155_renamed_relative_3CQC_new_1.pdb_15": [{"rot": [[0.5026694474440405, 0.7966209530132118, 0.335735735105193], [-0.8491104934474314, 0.5278818378916379, 0.018765264229560374], [-0.1622799942191323, -0.2945094607045212, 0.941769282272346]], "trans": [-316.0327969863615, 289.7139136697362, 220.49031996917745]}], "rb_ScNup84_506-726_ScNup133C_882_1155_renamed_relative_3CQC_new_1.pdb_16": [{"rot": [[-0.2454587268764496, 0.9310871344670794, 0.2698643389373142], [-0.9640163630976183, -0.20512801955010557, -0.1691004058998395], [-0.10209047497309191, -0.3016608088985584, 0.9479336956213942]], "trans": [-331.16064620484553, 578.9622011649154, 220.33001201550996]}], "rb_ScNup84_506-726_ScNup133C_882_1155_renamed_relative_3CQC_new_1.pdb_17": [{"rot": [[-0.8556557865956659, 0.5095101271303681, 0.09084385073821222], [-0.5145456904484271, -0.8186179944714918, -0.2551613441891663], [-0.05564087801519493, -0.265073592572076, 0.9626214641356329]], "trans": [-137.9715360592814, 794.1419473869634, 203.92593092294373]}], "rb_ScNup84_506-726_ScNup133C_882_1155_renamed_relative_3CQC_new_1.pdb_18": [{"rot": [[-0.9704596903515499, -0.22114431386327332, -0.09645300331619565], [0.23599526692576195, -0.9531970093549267, -0.1890018395293025], [-0.05014203218269449, -0.20618111892887742, 0.9772282859218842]], "trans": [150.36354209987041, 809.1979397597613, 180.91182359423402]}], "rb_ScNup84_506-726_ScNup133C_882_1155_renamed_relative_3CQC_new_1.pdb_19": [{"rot": [[-0.5226166925888618, -0.8328485147521517, -0.182305085235195], [0.8479290335676498, -0.5300267797175843, -0.00937906259901218], [-0.08881523889799552, -0.1594834294130268, 0.9831972788215748]], "trans": [364.9357473016402, 615.3102824570117, 164.79368350263883]}], "rb_ScNup84_506-726_ScNup133C_882_1155_renamed_relative_3CQC_new_1.pdb_20": [{"rot": [[0.22552046401674714, -0.9672575296263295, -0.1164190349162811], [0.9627761807123092, 0.2029936072187421, 0.17848143119478593], [-0.14900518837506, -0.15233668898033154, 0.9770317226312664]], "trans": [380.04756961000214, 326.0612157378124, 165.0377492807764]}], "rb_ScNup84_506-726_ScNup133C_882_1155_renamed_relative_3CQC_new_1.pdb_21": [{"rot": [[0.8356824843918031, -0.5456326624054043, 0.06260817037041685], [0.513257630217624, 0.816450473199297, 0.26452831575472247], [-0.19545175953193597, -0.1889275589453047, 0.9623434871015837]], "trans": [186.84820377928685, 110.89703809329103, 181.525048655673]}], "rb_4XMM.renamed.noAb_Nup145c_149-550_Sec13_Nup84_7-436_3IKO_updated_1.pdb_21": [{"rot": [[0.9995364919116484, 0.013389068264968938, -0.027341071448484945], [-0.014264676840990092, 0.9993833279405372, -0.032085554835763086], [0.026894615289631454, 0.032460694470276524, 0.9991110964166748]], "trans": [3.871359746685812, 19.063519285687278, -28.01481917850947]}], "rb_4XMM.renamed.noAb_Nup145c_149-550_Sec13_Nup84_7-436_3IKO_updated_1.pdb_22": [{"rot": [[0.6990886502628567, 0.714688685770608, -0.02225177532552884], [-0.712974680185999, 0.6990973675431057, 0.0541292537171154], [0.05424172275406686, -0.0219761945245443, 0.9982859722478773]], "trans": [-300.0855743425345, 147.81476607125458, -4.3727667368764855]}], "rb_4XMM.renamed.noAb_Nup145c_149-550_Sec13_Nup84_7-436_3IKO_updated_1.pdb_23": [{"rot": [[-0.005954140693507637, 0.9990947971651365, 0.04212047585386704], [-0.9937124491191942, -0.010620958786344836, 0.11145745242015566], [0.11180392065636345, -0.04119200786576256, 0.9928761764761265]], "trans": [-424.3377414327122, 454.43438838654055, 4.080289398964453]}], "rb_4XMM.renamed.noAb_Nup145c_149-550_Sec13_Nup84_7-436_3IKO_updated_1.pdb_24": [{"rot": [[-0.7025678729118541, 0.6999982922674689, 0.12806550970007094], [-0.6920178401969678, -0.7140086484556207, 0.10631537414551502], [0.16586046183836547, -0.013929851155124504, 0.9860508437426334]], "trans": [-296.094556747601, 759.3004049377553, -7.583565342266752]}], "rb_4XMM.renamed.noAb_Nup145c_149-550_Sec13_Nup84_7-436_3IKO_updated_1.pdb_25": [{"rot": [[-0.982666399805051, -0.007385879092621703, 0.18523551356099938], [0.015372190780053946, -0.9990112750900361, 0.04171532084978162], [0.1847442622784254, 0.04383971980986848, 0.9818083501998702]], "trans": [9.51922723462036, 883.8181214135433, -32.50747549161878]}], "rb_4XMM.renamed.noAb_Nup145c_149-550_Sec13_Nup84_7-436_3IKO_updated_1.pdb_26": [{"rot": [[-0.6821640549298351, -0.7086620952155781, 0.18013949307786611], [0.7140585894660948, -0.6986702814701155, -0.04449908538565238], [0.15739292541717007, 0.09827447580697286, 0.9826340083843468]], "trans": [313.4726600420765, 755.0434205977654, -56.06665815528157]}], "rb_4XMM.renamed.noAb_Nup145c_149-550_Sec13_Nup84_7-436_3IKO_updated_1.pdb_27": [{"rot": [[0.022900651002830064, -0.9930128607019254, 0.11576276890357934], [0.9947410120326509, 0.011070343533582216, -0.1018222297649419], [0.09982925004177245, 0.1174857692430254, 0.9880441360898158]], "trans": [437.7074483320207, 448.4144547467649, -64.4358070432192]}], "rb_4XMM.renamed.noAb_Nup145c_149-550_Sec13_Nup84_7-436_3IKO_updated_1.pdb_28": [{"rot": [[0.7194908718452351, -0.6938614877839678, 0.02981813377124714], [0.6929917377180753, 0.7144345344510779, -0.09667340605436338], [0.04577484883496335, 0.09021935354394901, 0.9948694042236126]], "trans": [309.44701475295267, 143.55891231965632, -52.68815183069188]}], "rb_4XMM.renamed.noAb_Seh1_Nup85_47_544_3F3F_1.pdb_28": [{"rot": [[0.6725775983383445, -0.6762847551987217, 0.300463482139232], [0.1795159488253069, 0.5429908699024449, 0.8203261176629321], [-0.717922975207492, -0.49779498298837244, 0.4866073947042232]], "trans": [424.2067008433132, -77.57197735868453, 756.5107623362112]}], "rb_4XMM.renamed.noAb_Seh1_Nup85_47_544_3F3F_1.pdb_29": [{"rot": [[0.5891827754567371, -0.10648465716978187, 0.800952354945369], [-0.38842446169241673, 0.8318972737808825, 0.3963248206142202], [-0.70851259315841, -0.5446172451028075, 0.44877829902143884]], "trans": [-54.70991437407878, -171.5653502590293, 795.1819424765906]}], "rb_4XMM.renamed.noAb_Seh1_Nup85_47_544_3F3F_1.pdb_30": [{"rot": [[0.1298546073724781, 0.5002209681367532, 0.8561055799260227], [-0.7306993445253035, 0.6319114841567363, -0.25839184217216515], [-0.6702359650559151, -0.592002414882881, 0.4475677512046705]], "trans": [-459.73389031863104, 101.72251923818418, 826.1764250445783]}], "rb_4XMM.renamed.noAb_Seh1_Nup85_47_544_3F3F_1.pdb_31": [{"rot": [[-0.4363259885235044, 0.788415410866998, 0.43361362022705335], [-0.6467992472340002, 0.060187996391464105, -0.7602816181310144], [-0.6255160793429049, -0.6121915917405316, 0.4836849072337041]], "trans": [-553.5945577046996, 582.1958606177081, 831.3612100308296]}], "rb_4XMM.renamed.noAb_Seh1_Nup85_47_544_3F3F_1.pdb_32": [{"rot": [[-0.7776824360089412, 0.5892703029279333, -0.21902177702325032], [-0.1858740298031247, -0.5483495090808594, -0.8153303998597925], [-0.6005504756204492, -0.593357671205154, 0.5359718278548323]], "trans": [-281.30510080285234, 988.3867326204829, 807.7229821861165]}], "rb_4XMM.renamed.noAb_Seh1_Nup85_47_544_3F3F_1.pdb_33": [{"rot": [[-0.6942433150209543, 0.019447656496284993, -0.7194775939565595], [0.3820598163507506, -0.8372111811757206, -0.3912898348339592], [-0.6099643565641751, -0.5465338294846521, 0.5737980977226174]], "trans": [197.6253905917303, 1082.3429119311677, 769.1333535820711]}], "rb_4XMM.renamed.noAb_Seh1_Nup85_47_544_3F3F_1.pdb_34": [{"rot": [[-0.23488843912591229, -0.5872423876489724, -0.7745797565863233], [0.7242986362834548, -0.6371777794303729, 0.26343113498238546], [-0.6482429379815267, -0.49915013327506397, 0.5750045545981054]], "trans": [602.634595039437, 809.0236607226145, 738.2226776698933]}], "rb_4XMM.renamed.noAb_Seh1_Nup85_47_544_3F3F_1.pdb_35": [{"rot": [[0.3312856284731191, -0.8753922473179253, -0.3520486411035326], [0.6403541037110491, -0.06543169105820595, 0.7652877339051526], [-0.6929620871502211, -0.47896461992608275, 0.538884439032594]], "trans": [696.4643232842825, 328.5433669494154, 733.1228691406532]}], "rb_4XMM.renamed.noAb_Nup120_715-1036_Nup85_553-744_Nup145c_92-99_554-712_remaining_updated_1.pdb_35": [{"rot": [[0.9694600933676111, -0.24077732508098598, 0.04661981439803596], [0.23761252289893686, 0.9692135981364335, 0.0645390590962531], [-0.060724100069612666, -0.051490590541113816, 0.9968256130118559]], "trans": [125.34391956478964, -131.10790020326363, 61.80169286565041]}], "rb_4XMM.renamed.noAb_Nup120_715-1036_Nup85_553-744_Nup145c_92-99_554-712_remaining_updated_1.pdb_36": [{"rot": [[0.8536049091654099, 0.5115704681045585, 0.09825637491783588], [-0.5187223556457983, 0.8520561328835723, 0.07019589851811361], [-0.04780979817971821, -0.1108873418329353, 0.9926823362079329]], "trans": [-318.0622839514059, -38.807541388877524, 96.73606633799454]}], "rb_4XMM.renamed.noAb_Nup120_715-1036_Nup85_553-744_Nup145c_92-99_554-712_remaining_updated_1.pdb_37": [{"rot": [[0.23851734703731908, 0.9611724173046163, 0.1387698071450631], [-0.9711322230507813, 0.23556534096225146, 0.03756561579136172], [0.0034176768023269494, -0.14372388232349226, 0.9896119265323838]], "trans": [-566.6501582627043, 340.9669028865142, 114.74351547780168]}], "rb_4XMM.renamed.noAb_Nup120_715-1036_Nup85_553-744_Nup145c_92-99_554-712_remaining_updated_1.pdb_38": [{"rot": [[-0.5154756263873997, 0.8446453612903104, 0.1444267712416136], [-0.8545890000110432, -0.5191097791998528, -0.014236509375684811], [0.06294854772464353, -0.13076410359819557, 0.9894130732659223]], "trans": [-474.7915081692554, 785.7383251419025, 105.29902757512639]}], "rb_4XMM.renamed.noAb_Nup120_715-1036_Nup85_553-744_Nup145c_92-99_554-712_remaining_updated_1.pdb_39": [{"rot": [[-0.9666742959756209, 0.23025249250631075, 0.11191333787653424], [-0.23736534984270713, -0.9698699012925858, -0.054864061650205305], [0.09590879101565847, -0.07960002676720399, 0.9922022674558719]], "trans": [-96.29651276350432, 1034.9534717382062, 73.95932171182187]}], "rb_4XMM.renamed.noAb_Nup120_715-1036_Nup85_553-744_Nup145c_92-99_554-712_remaining_updated_1.pdb_40": [{"rot": [[-0.8507601191813234, -0.5220861835742657, 0.06027633475449903], [0.518960410332148, -0.852653390076303, -0.06051684806129859], [0.08298983141606485, -0.02020428945159573, 0.9963455598181221]], "trans": [347.1090362056885, 942.6187126609233, 39.10764437365111]}], "rb_4XMM.renamed.noAb_Nup120_715-1036_Nup85_553-744_Nup145c_92-99_554-712_remaining_updated_1.pdb_41": [{"rot": [[-0.2356372551605, -0.9716400625280845, 0.019765446386140164], [0.9713219860098736, -0.23612733057431162, -0.027883386625057856], [0.031759777616634954, 0.01262824794924973, 0.9994157512664448]], "trans": [595.6738294731937, 562.8251684928089, 21.18460445515143]}], "rb_4XMM.renamed.noAb_Nup120_715-1036_Nup85_553-744_Nup145c_92-99_554-712_remaining_updated_1.pdb_42": [{"rot": [[0.5183466491110688, -0.8550541433543055, 0.014112522381168252], [0.8547195878602414, 0.5185386185396835, 0.02391918081736088], [-0.027770082523166623, -0.00033617791286020583, 0.9996142803607125]], "trans": [503.78701971858504, 118.06136929169622, 30.713776356629694]}], "rb_4XMM.renamed.noAb_Nup120_2-711_3F7F_updated_1.pdb_42": [{"rot": [[0.8571638049240135, 0.4946346546781896, 0.14355058313910493], [-0.5078671466625609, 0.7653610614117655, 0.39533960972243326], [0.08568064465804275, -0.4117754291674591, 0.9072484902522232]], "trans": [-250.13237018241375, 329.4230376849471, 219.8954531147696]}], "rb_4XMM.renamed.noAb_Nup120_2-711_3F7F_updated_1.pdb_43": [{"rot": [[0.25133218236738586, 0.8820985186098373, 0.39841478081614634], [-0.9582757524843257, 0.16886812334216683, 0.23063204269895887], [0.136160626860509, -0.4397564785028477, 0.8877356156580224]], "trans": [-256.4583032325867, 560.5620107701438, 219.31630719481421]}], "rb_4XMM.renamed.noAb_Nup120_2-711_3F7F_updated_1.pdb_44": [{"rot": [[-0.4947027750657451, 0.7357134310572251, 0.4625958405609123], [-0.8468837447150057, -0.5275941661084466, -0.06657566241369473], [0.1950822577266835, -0.4247000626917061, 0.8840660436132141]], "trans": [-98.00388975821664, 728.4252725950333, 205.9110135451652]}], "rb_4XMM.renamed.noAb_Nup120_2-711_3F7F_updated_1.pdb_45": [{"rot": [[-0.9439032702181512, 0.1412338403384072, 0.29849559262197656], [-0.23894613213317795, -0.916028377661624, -0.322175041331893], [0.22792841510016593, -0.3754264424116639, 0.8983894611626119]], "trans": [132.40795395944411, 734.6762743057827, 187.55658710161464]}], "rb_4XMM.renamed.noAb_Nup120_2-711_3F7F_updated_1.pdb_46": [{"rot": [[-0.8331213193025722, -0.5530857271413036, 0.002246276055463667], [0.5093986598903856, -0.7688842732671319, -0.38643237393411284], [0.2154573568607514, -0.3208007991808159, 0.9223150083455918]], "trans": [299.8006344028578, 575.6532077562907, 175.0293145733934]}], "rb_4XMM.renamed.noAb_Nup120_2-711_3F7F_updated_1.pdb_47": [{"rot": [[-0.22725455119086152, -0.9405030788463911, -0.25260508237859963], [0.9597597005267136, -0.17236094401113528, -0.221704808753584], [0.16497480476701004, -0.2928236050253621, 0.9418267622721481]], "trans": [306.1150724707417, 344.5141443516668, 175.69185374326278]}], "rb_4XMM.renamed.noAb_Nup120_2-711_3F7F_updated_1.pdb_48": [{"rot": [[0.51877173863571, -0.7940636675633563, -0.31676296350538513], [0.8483091420803726, 0.5240898328492603, 0.07550792386827053], [0.10605414963944008, -0.3078842947600052, 0.9454944623763746]], "trans": [147.65409464861688, 176.6637232903139, 189.18008472489748]}], "rb_4XMM.renamed.noAb_Nup120_2-711_3F7F_updated_1.pdb_49": [{"rot": [[0.9679248306260502, -0.19955376521750004, -0.15264277593469805], [0.24033629314210295, 0.9124773722732815, 0.3310944144620383], [0.07321194203300936, -0.3571601039824657, 0.9311695182226429]], "trans": [-82.75171061626503, 170.4312047160888, 207.6164165263857]}]}
