{"rb_ScNup133N_56-480_renamed_1.pdb_0": [{"rot": [[-0.7595422259373903, -0.07565501826848989, 0.646043284330757], [0.1664748053411838, -0.9827429775905111, 0.08063733120059009], [0.6287938821304576, 0.1687973880346884, 0.7590294431627653]], "trans": [900.744737544831, 267.67866185081016, -318.9763487845008]}], "rb_ScNup133N_56-480_renamed_1.pdb_1": [{"rot": [[-0.4086777500148785, -0.7431216852735198, 0.5298609794267005], [0.6892302392221907, -0.6318558913616921, -0.35456989422855045], [0.5982843587998105, 0.22029138300843132, 0.7704073809276066]], "trans": [505.2647276185278, -325.2326211490214, -284.52811150417597]}], "rb_ScNup133N_56-480_renamed_1.pdb_2": [{"rot": [[0.20799884433100718, -0.967927104824594, 0.14090280516315928], [0.8098365839929874, 0.08962873262373566, -0.5797683998932972], [0.5485446089276027, 0.23469940356580515, 0.8025054529299604]], "trans": [-192.42297613152823, -463.7758713052375, -228.20276477942946]}], "rb_ScNup133N_56-480_renamed_1.pdb_3": [{"rot": [[0.7292297129924662, -0.6183770923922769, -0.2929740556660271], [0.4576409423373797, 0.7590550287019101, -0.4630337258763113], [0.5087128793194468, 0.20358102811121004, 0.8365201560080321]], "trans": [-783.6011661126672, -66.79038242132015, -182.97248600781933]}], "rb_ScNup133N_56-480_renamed_1.pdb_4": [{"rot": [[0.8496704637523685, 0.10075702608540392, -0.5175984203233835], [-0.16103551290422963, 0.9842636337194625, -0.07275069017564738], [0.5021231588071878, 0.14516583975504216, 0.8525251974913742]], "trans": [-921.9474096821962, 633.1642654143179, -175.30980533949975]}], "rb_ScNup133N_56-480_renamed_1.pdb_5": [{"rot": [[0.4987652066009771, 0.7681963442131529, -0.40138216878908917], [-0.6837633909132871, 0.6333241714157796, 0.3624474019044426], [0.5326357985819664, 0.09367427949050025, 0.8411445984079595]], "trans": [-526.4146133357865, 1226.044886934205, -209.67962425258258]}], "rb_ScNup133N_56-480_renamed_1.pdb_6": [{"rot": [[-0.11792081105829655, 0.9929454985373491, -0.01240641986108032], [-0.8043213302890071, -0.08817807294522217, 0.5876153717303436], [0.5823760640354962, 0.07927082935155261, 0.8090452741672999]], "trans": [171.29044715367013, 1364.5337712304072, -265.9236133121508]}], "rb_ScNup133N_56-480_renamed_1.pdb_7": [{"rot": [[-0.6391242248078015, 0.6433432654918029, 0.42146134818055564], [-0.45208479027814785, -0.757576911435223, 0.47084664770966833], [0.6222054063273567, 0.11039323351824179, 0.7750314615100454]], "trans": [762.444223049361, 967.5022939841207, -311.0692457856771]}], "rb_ScNup133C_490_881_renamed_relative_3CQC_1.pdb_7": [{"rot": [[0.8858983791850306, 0.3017059578682962, -0.35236001013751606], [-0.2262950136567295, 0.9441601072218617, 0.2394833161723465], [0.40493780825138714, -0.1324205683327834, 0.9047044625351344]], "trans": [98.4734543709506, 68.3981796159014, -165.02622044289694]}], "rb_ScNup133C_490_881_renamed_relative_3CQC_1.pdb_8": [{"rot": [[0.4765201672143915, 0.8768973048874388, -0.06308444276614719], [-0.7610382934607253, 0.4473566817792576, 0.46977943245084686], [0.44016956519545514, -0.17584969703869, 0.8805269092577725]], "trans": [-200.94633020186836, 108.13541585630347, -141.3127117177459]}], "rb_ScNup133C_490_881_renamed_relative_3CQC_1.pdb_9": [{"rot": [[-0.18999722668345204, 0.9335747991082354, 0.3038735729256742], [-0.8486108767251027, -0.31180851852782293, 0.42735819598708646], [0.49372121055961293, -0.17667354709605623, 0.8514844825362633]], "trans": [-384.7344643430547, 348.61974218975183, -127.792490914621]}], "rb_ScNup133C_490_881_renamed_relative_3CQC_1.pdb_10": [{"rot": [[-0.723198515267889, 0.43853596526347516, 0.5335448572376579], [-0.4377115094001659, -0.8886058151301675, 0.1370705652409702], [0.5342214354113369, -0.13440949552499135, 0.8345906454422839]], "trans": [-345.22335432074647, 648.972166216291, -132.3618891139193]}], "rb_ScNup133C_490_881_renamed_relative_3CQC_1.pdb_11": [{"rot": [[-0.8107268655479875, -0.3182184677330241, 0.4913847334547353], [0.23094916545405797, -0.9451392188362406, -0.23102887264083333], [0.5379446369793169, -0.07381641965895218, 0.83974204594859]], "trans": [-105.55725215339942, 833.2421197671744, -152.32008352079077]}], "rb_ScNup133C_490_881_renamed_relative_3CQC_1.pdb_12": [{"rot": [[-0.40130693577992677, -0.893371082794408, 0.20209119654668767], [0.7656602963924491, -0.44829066463403283, -0.4613022767450896], [0.5027097112878882, -0.030390597702634164, 0.8639209210038405]], "trans": [193.86597355657773, 793.481782641129, -175.95127753996263]}], "rb_ScNup133C_490_881_renamed_relative_3CQC_1.pdb_13": [{"rot": [[0.2652173063571528, -0.9499893683658457, -0.1648635205268801], [0.853180563484352, 0.3108789588601881, -0.41885224009252753], [0.44915777461954165, -0.02957148846213803, 0.8929629446785314]], "trans": [377.64188866006214, 552.9834377425259, -189.38797961398143]}], "rb_ScNup133C_490_881_renamed_relative_3CQC_1.pdb_14": [{"rot": [[0.7983865618275369, -0.4549055344417623, -0.3945121704427617], [0.44223936023156385, 0.887637381911817, -0.1285465926997347], [0.40866030655690205, -0.0718389376799867, 0.9098548900114948]], "trans": [338.1138841882929, 252.63452333480865, -184.73477530920144]}], "rb_ScNup84_506-726_ScNup133C_882_1155_renamed_relative_3CQC_new_1.pdb_14": [{"rot": [[0.9840874158675005, 0.14266543317594646, 0.10591757223398857], [-0.1623765998046505, 0.9641146135421265, 0.2100401194781456], [-0.07215121459201507, -0.2238963736446682, 0.9719385865895341]], "trans": [-64.34037761447587, 46.12289037827662, 116.80547933098944]}], "rb_ScNup84_506-726_ScNup133C_882_1155_renamed_relative_3CQC_new_1.pdb_15": [{"rot": [[0.5817607406582317, 0.7764061277251099, 0.24237979589826206], [-0.8125216011827053, 0.5682836023425559, 0.12985528452880668], [-0.03692002492246474, -0.2724835263634576, 0.9614518394700051]], "trans": [-326.5042100595914, 223.36313837284553, 136.88044089949744]}], "rb_ScNup84_506-726_ScNup133C_882_1155_renamed_relative_3CQC_new_1.pdb_16": [{"rot": [[-0.1611145523599693, 0.9456742519773038, 0.2823868094741866], [-0.9866644245317848, -0.16104458429036073, -0.02362107605728042], [0.023139022909484053, -0.28242671796044505, 0.9590097677296527]], "trans": [-387.0137654183669, 534.6095949919372, 140.23030445000092]}], "rb_ScNup84_506-726_ScNup133C_882_1155_renamed_relative_3CQC_new_1.pdb_17": [{"rot": [[-0.809351641995409, 0.5513101520650411, 0.20250194031009422], [-0.5827897485201886, -0.7966192110996297, -0.1604803462321016], [0.07284249185130133, -0.2479010865991137, 0.9660429714271866]], "trans": [-210.41977963763748, 797.529814168229, 124.91667758272555]}], "rb_ScNup84_506-726_ScNup133C_882_1155_renamed_relative_3CQC_new_1.pdb_18": [{"rot": [[-0.9832041009966829, -0.17566212174926576, 0.04952287113896548], [0.16250694701155782, -0.9661117000981431, -0.20054843581153717], [0.08307338897795843, -0.18913223394233367, 0.9784313006684194]], "trans": [99.82841377630984, 858.101541128338, 99.93450373984638]}], "rb_ScNup84_506-726_ScNup133C_882_1155_renamed_relative_3CQC_new_1.pdb_19": [{"rot": [[-0.5808267075611735, -0.809371961156135, -0.08693310231387713], [0.8126203491375508, -0.5702309613864774, -0.12035289295989078], [0.04783831049701015, -0.1405477825172692, 0.9889174975083949]], "trans": [361.9849619613213, 680.8411209528618, 79.94269750835991]}], "rb_ScNup84_506-726_ScNup133C_882_1155_renamed_relative_3CQC_new_1.pdb_20": [{"rot": [[0.1620621877153509, -0.978583206922287, -0.1269281467705327], [0.9867048602934133, 0.15911048637965813, 0.03312660256318894], [-0.01222153780279743, -0.130609189009488, 0.9913585999828789]], "trans": [422.47677592255184, 369.5903239476987, 76.67674576432535]}], "rb_ScNup84_506-726_ScNup133C_882_1155_renamed_relative_3CQC_new_1.pdb_21": [{"rot": [[0.8102677952464789, -0.5841695253993453, -0.04703260125816569], [0.5827793192524346, 0.7946541393844478, 0.16997959821939504], [-0.061922249943575966, -0.16513862163001689, 0.9843245758427751]], "trans": [245.86881144619946, 106.68437242989, 92.07389399050413]}], "rb_4XMM.renamed.noAb_Nup145c_149-550_Sec13_Nup84_7-436_3IKO_updated_1.pdb_21": [{"rot": [[0.9943432265709039, -0.00036905073117384705, 0.1062139895405601], [0.002037306312204102, 0.999876260764954, -0.015598478825983102], [-0.1061950900727272, 0.015726632196761323, 0.9942209391700588]], "trans": [-29.866539822493337, 1.6982029654852226, 51.44059240096419]}], "rb_4XMM.renamed.noAb_Nup145c_149-550_Sec13_Nup84_7-436_3IKO_updated_1.pdb_22": [{"rot": [[0.7042686030644115, 0.7049516736942298, 0.08395756364620738], [-0.7054533777213774, 0.7081782781973239, -0.028619192004207965], [-0.07963207016775628, -0.039072548485838784, 0.996058266044522]], "trans": [-334.6754019046987, 163.88957108100118, 74.98784679794076]}], "rb_4XMM.renamed.noAb_Nup145c_149-550_Sec13_Nup84_7-436_3IKO_updated_1.pdb_23": [{"rot": [[0.00037403273881569943, 0.9982557900348319, 0.05903590230905536], [-0.9997557970113193, 0.0016777109306562177, -0.022034782238429508], [-0.022095394130273983, -0.05901324383532217, 0.9980126405062517]], "trans": [-435.95847137592244, 494.74964564693136, 81.49218238137206]}], "rb_4XMM.renamed.noAb_Nup145c_149-550_Sec13_Nup84_7-436_3IKO_updated_1.pdb_24": [{"rot": [[-0.7049891201957081, 0.7077216113502669, 0.04604846613583255], [-0.7084634446734617, -0.7057474470722372, 0.0002975103903815196], [0.03270914194983045, -0.03241391335215703, 0.9989391624388867]], "trans": [-274.38078470937796, 800.4560466506822, 67.16727255653899]}], "rb_4XMM.renamed.noAb_Nup145c_149-550_Sec13_Nup84_7-436_3IKO_updated_1.pdb_25": [{"rot": [[-0.9986091751296593, 0.0035481560458731154, 0.052603478359662906], [-0.002219487929489625, -0.9996775635585333, 0.025295113974941573], [0.05267626809287308, 0.025143180116058685, 0.9982950622303304]], "trans": [55.405084339554094, 901.9217707191814, 40.42885638124358]}], "rb_4XMM.renamed.noAb_Nup145c_149-550_Sec13_Nup84_7-436_3IKO_updated_1.pdb_26": [{"rot": [[-0.7084793638399548, -0.7017498369153159, 0.07486092039415425], [0.7052484053201877, -0.7079242318759175, 0.03831407986920482], [0.026108960267780982, 0.07994027966062628, 0.9964576628645673]], "trans": [360.20783704052, 739.7068828215722, 16.9646799638287]}], "rb_4XMM.renamed.noAb_Nup145c_149-550_Sec13_Nup84_7-436_3IKO_updated_1.pdb_27": [{"rot": [[-0.004561820610442857, -0.9949988585549355, 0.09978206886556884], [0.9994955679126153, -0.001400667446042947, 0.031727714284892745], [-0.031429278002466594, 0.0998764717292345, 0.9945033387973933]], "trans": [461.47163648174467, 408.8392683133734, 10.544393595689883]}], "rb_4XMM.renamed.noAb_Nup145c_149-550_Sec13_Nup84_7-436_3IKO_updated_1.pdb_28": [{"rot": [[0.7007786324976688, -0.7044094971852909, 0.11276776361115856], [0.7081478631161559, 0.7060016637058113, 0.0093944030490501], [-0.08623173544999896, 0.07327285390778451, 0.9935769606233273]], "trans": [299.8766344702501, 103.14595780203138, 24.95309645850739]}], "rb_4XMM.renamed.noAb_Seh1_Nup85_47_544_3F3F_1.pdb_28": [{"rot": [[0.6539000709436196, -0.7239568080148486, 0.2197754248064975], [0.34711931769950644, 0.5451802371493502, 0.7630771181876724], [-0.6722520929679238, -0.42268788621242204, 0.6077927889910475]], "trans": [480.1975858342104, -138.1659947092047, 662.5979061330058]}], "rb_4XMM.renamed.noAb_Seh1_Nup85_47_544_3F3F_1.pdb_29": [{"rot": [[0.6950029992197291, -0.13725310397701257, 0.7057849647904464], [-0.2541182955890384, 0.8713690213866423, 0.4196902672383556], [-0.672602945966265, -0.47103886677890566, 0.5707255584439346]], "trans": [-59.5903427253794, -259.2810248676473, 706.2528665337595]}], "rb_4XMM.renamed.noAb_Seh1_Nup85_47_544_3F3F_1.pdb_30": [{"rot": [[0.3002693651863898, 0.5076896687202076, 0.8075205933010767], [-0.7082413846160308, 0.6857444927781916, -0.16777553975935378], [-0.6389307078609734, -0.5215416482881696, 0.5654748974562258]], "trans": [-526.7905135783681, 38.0160907938975, 742.086360513401]}], "rb_4XMM.renamed.noAb_Seh1_Nup85_47_544_3F3F_1.pdb_31": [{"rot": [[-0.29906030259542815, 0.8330549401376854, 0.4653841446844995], [-0.7492182406939036, 0.09704811748868242, -0.6551745497983188], [-0.5909610505126863, -0.5446109892428679, 0.5951167172688414]], "trans": [-647.7085657774021, 579.5646268267452, 749.1306269475779]}], "rb_4XMM.renamed.noAb_Seh1_Nup85_47_544_3F3F_1.pdb_32": [{"rot": [[-0.7518902341908202, 0.6482391466287352, -0.12019602533576898], [-0.3530440437585678, -0.5498534672183997, -0.7569815504716723], [-0.5567952755681984, -0.5267325444340302, 0.6422864218858907]], "trans": [-351.50708606048744, 1048.1179317836752, 723.2830401361789]}], "rb_4XMM.renamed.noAb_Seh1_Nup85_47_544_3F3F_1.pdb_33": [{"rot": [[-0.7929462707691706, 0.061509985933588834, -0.6061787964814581], [0.24819677556907957, -0.8759961917093018, -0.4135565653062546], [-0.5564481757274179, -0.4783797589167462, 0.679351333249872]], "trans": [188.29683565260694, 1169.1909898144972, 679.7094857854825]}], "rb_4XMM.renamed.noAb_Seh1_Nup85_47_544_3F3F_1.pdb_34": [{"rot": [[-0.39817720721276584, -0.5834183267313712, -0.7078686090583503], [0.7022888678313505, -0.690321049364838, 0.17391720709574182], [-0.5901230869711814, -0.42787837622131614, 0.6845983036685146]], "trans": [655.4803641263181, 871.8576131898175, 643.959971322429]}], "rb_4XMM.renamed.noAb_Seh1_Nup85_47_544_3F3F_1.pdb_35": [{"rot": [[0.2011556728032563, -0.9087376923178028, -0.3656941370325444], [0.7432186826825056, -0.1015991565899022, 0.6612893474810367], [-0.6380927714766436, -0.404812818400219, 0.6549535838882943]], "trans": [776.3627144322581, 330.3000031321631, 637.0010712888159]}], "rb_4XMM.renamed.noAb_Nup120_715-1036_Nup85_553-744_Nup145c_92-99_554-712_remaining_updated_1.pdb_35": [{"rot": [[0.9995848248981899, -0.02835314319838529, 0.005126119782711647], [0.028806706751942364, 0.9870904832960435, -0.15755174208015096], [-0.0005928569493966634, 0.1576339971489484, 0.9874974285857573]], "trans": [11.63753747750934, 38.942226549528755, -79.38120780516181]}], "rb_4XMM.renamed.noAb_Nup120_715-1036_Nup85_553-744_Nup145c_92-99_554-712_remaining_updated_1.pdb_36": [{"rot": [[0.728944394667202, 0.6789041028751336, -0.08791637266502791], [-0.6841362299641977, 0.7270333779397534, -0.05813850885502683], [0.02444766519814543, 0.10252651589136094, 0.9944297990333645]], "trans": [-281.5809847998952, 153.4390150575941, -56.52571860703074]}], "rb_4XMM.renamed.noAb_Nup120_715-1036_Nup85_553-744_Nup145c_92-99_554-712_remaining_updated_1.pdb_37": [{"rot": [[0.03495366061905003, 0.9958814967502023, -0.0836557591556256], [-0.9960781486692811, 0.04152352148806571, 0.07812886090816087], [0.08128076865350674, 0.08059678401652204, 0.9934271966547364]], "trans": [-408.2850355777121, 442.3659618467139, -47.791148938122035]}], "rb_4XMM.renamed.noAb_Nup120_715-1036_Nup85_553-744_Nup145c_92-99_554-712_remaining_updated_1.pdb_38": [{"rot": [[-0.6758378199715086, 0.7368892117135522, 0.01541203284246017], [-0.7242790750048167, -0.6678577464606443, 0.1714230206322231], [0.13661282006577785, 0.10469154766593175, 0.9850769600599671]], "trans": [-294.2476820439161, 736.465704413051, -58.27032796672796]}], "rb_4XMM.renamed.noAb_Nup120_715-1036_Nup85_553-744_Nup145c_92-99_554-712_remaining_updated_1.pdb_39": [{"rot": [[-0.9870383756146482, 0.053648580130872064, 0.1512516939208836], [-0.027962738690386443, -0.9855448768661447, 0.16709093610315215], [0.15802952353572552, 0.1606957545575984, 0.9742707755846084]], "trans": [-6.271700486026191, 863.4505835500547, -81.80039996028063]}], "rb_4XMM.renamed.noAb_Nup120_715-1036_Nup85_553-744_Nup145c_92-99_554-712_remaining_updated_1.pdb_40": [{"rot": [[-0.7163423328867835, -0.6535884023237989, 0.244286435280683], [0.6849589324006745, -0.7254322693483546, 0.06767040352046964], [0.13298467219513538, 0.21580135063506645, 0.9673390584615262]], "trans": [286.94443197726974, 748.9311833676518, -104.57311206975498]}], "rb_4XMM.renamed.noAb_Nup120_715-1036_Nup85_553-744_Nup145c_92-99_554-712_remaining_updated_1.pdb_41": [{"rot": [[-0.022327250432099766, -0.9705123392870618, 0.2400151936434347], [0.9968463711476603, -0.039897556978961524, -0.06859662729937956], [0.07614989309172908, 0.23772670072725044, 0.9683425063186335]], "trans": [413.6324839407688, 459.994700011416, -113.22388354499367]}], "rb_4XMM.renamed.noAb_Nup120_715-1036_Nup85_553-744_Nup145c_92-99_554-712_remaining_updated_1.pdb_42": [{"rot": [[0.6884430508347865, -0.7114647198583264, 0.140940122584746], [0.7249915183197004, 0.6694633596965998, -0.16188300833699337], [0.020819801194667448, 0.21362762560271276, 0.9766932852526224]], "trans": [299.5787216019846, 165.90431623102495, -102.66096557873777]}], "rb_4XMM.renamed.noAb_Nup120_2-711_3F7F_updated_1.pdb_42": [{"rot": [[-0.6382695904869654, 0.7651966513752554, 0.08417846864667572], [0.43620429994375065, 0.26939798431346285, 0.8585747112269425], [0.6343009842103242, 0.5847211393236448, -0.5057306107582129]], "trans": [507.24728326543845, -79.56389893892367, -271.5796282020815]}], "rb_4XMM.renamed.noAb_Nup120_2-711_3F7F_updated_1.pdb_43": [{"rot": [[-0.1324371124757838, 0.743962210207715, 0.65496613730935], [0.7948045505347263, -0.31511226743273213, 0.5186424446212403], [0.5922382440271572, 0.5892575741526418, -0.549571991294476]], "trans": [-17.567575317725527, -290.7149692284984, -228.6800463415409]}], "rb_4XMM.renamed.noAb_Nup120_2-711_3F7F_updated_1.pdb_44": [{"rot": [[0.4781467103348799, 0.31692422908999995, 0.8191060715265412], [0.6894554825226787, -0.7131928105832371, -0.12651937619117656], [0.5440835055534714, 0.625231995301019, -0.5595159435052354]], "trans": [-537.6421166749456, -67.67831148809779, -188.2708254386713]}], "rb_4XMM.renamed.noAb_Nup120_2-711_3F7F_updated_1.pdb_45": [{"rot": [[0.8357932653106366, -0.26575242140359806, 0.4804427834607464], [0.18187206537092518, -0.6916424500248279, -0.6989658597967203], [0.5180464935689645, 0.6715700796207191, -0.5297371599757024]], "trans": [-748.3074280888652, 458.88817215625636, -174.00025196720156]}], "rb_4XMM.renamed.noAb_Nup120_2-711_3F7F_updated_1.pdb_46": [{"rot": [[0.7309881577302634, -0.6627275436731574, -0.16262999758673008], [-0.4305961782268557, -0.2630856908327048, -0.8633497846038449], [0.5293800568160294, 0.7011263239502727, -0.47768047197832547]], "trans": [-526.150886413056, 980.5145277934614, -194.20422418061798]}], "rb_4XMM.renamed.noAb_Nup120_2-711_3F7F_updated_1.pdb_47": [{"rot": [[0.22512769736635985, -0.6414475137439466, -0.7333911691520635], [-0.789156715368849, 0.32142287480808196, -0.5233727296471972], [0.5714448341412938, 0.696586263618382, -0.43384142134126813]], "trans": [-1.31301282918065, 1191.6247981548076, -237.02296537910655]}], "rb_4XMM.renamed.noAb_Nup120_2-711_3F7F_updated_1.pdb_48": [{"rot": [[-0.38544792546740814, -0.21437847319691944, -0.897480789199763], [-0.6837597276937017, 0.7194698875743841, 0.12180195260314364], [0.6195986858742574, 0.6606095299823196, -0.4239015420583328]], "trans": [518.7506794425732, 968.5477270029862, -277.3486483231553]}], "rb_4XMM.renamed.noAb_Nup120_2-711_3F7F_updated_1.pdb_49": [{"rot": [[-0.7430549017987376, 0.36829651234200417, -0.5587728446422433], [-0.17614825667904105, 0.6978737949248218, 0.6942218363219085], [0.6456324067004406, 0.6142718008780347, -0.4536837555657608]], "trans": [729.3814599106145, 441.96512480061665, -291.53391445082406]}]}
