{"rb_ScNup133N_56-480_renamed_1.pdb_0": [{"rot": [[-0.7591337391722331, -0.28711596414914736, 0.5841920824361546], [0.24900261402174956, -0.9572945399432535, -0.1469178750362654], [0.6014263581359907, 0.03393503978989282, 0.7982072091967968]], "trans": [953.7374898122254, 279.2789041525932, -286.91739804501486]}], "rb_ScNup133N_56-480_renamed_1.pdb_1": [{"rot": [[-0.35074793512428853, -0.8777604462810789, 0.3263625054299137], [0.7457214068450402, -0.4725992201052325, -0.4696270440775121], [0.5664587093329074, 0.07865479070195658, 0.8203279554669153]], "trans": [551.6453410496447, -352.53090230563, -251.75287267211957]}], "rb_ScNup133N_56-480_renamed_1.pdb_2": [{"rot": [[0.2882642507103638, -0.9539038920543361, -0.08349303255950458], [0.8071215071302738, 0.2889694911712983, -0.5148315315712094], [0.51522674085314, 0.08101850341613936, 0.8532159208629788]], "trans": [-178.1388816620975, -513.8780378402109, -192.75828297280003]}], "rb_ScNup133N_56-480_renamed_1.pdb_3": [{"rot": [[0.7835604697979645, -0.47094039731236004, -0.40527537841481326], [0.39723387038894675, 0.8812739047017178, -0.2560499113602758], [0.4777428622028916, 0.039641481696123526, 0.8776048715356616]], "trans": [-808.0953773616588, -110.24295866520151, -144.46948651544568]}], "rb_ScNup133N_56-480_renamed_1.pdb_4": [{"rot": [[0.8449892133203076, 0.28820321293972406, -0.45047989680289613], [-0.2438235463601934, 0.9573337435476761, 0.1551198946148788], [0.4759656580181668, -0.02123703171849936, 0.8792074162967014]], "trans": [-969.1848351423831, 621.9193313792402, -135.15073623561847]}], "rb_ScNup133N_56-480_renamed_1.pdb_5": [{"rot": [[0.43656465717672144, 0.8788099078913407, -0.1926251434683051], [-0.7405102694759242, 0.4725920816694831, 0.4778088165197445], [0.5109362395689563, -0.06595354528240407, 0.8570847618291999]], "trans": [-567.0368659357039, 1253.6979560919704, -170.2370825404334]}], "rb_ScNup133N_56-480_renamed_1.pdb_6": [{"rot": [[-0.20245233485763975, 0.9548939580854343, 0.2172339313335344], [-0.8018602132742549, -0.28898258054718334, 0.5229811339886523], [0.5621683470976075, -0.06831249484701404, 0.8241966710496471]], "trans": [162.76649295000453, 1414.9882058328428, -229.15044414586015]}], "rb_ScNup133N_56-480_renamed_1.pdb_7": [{"rot": [[-0.6977165987094599, 0.4718842541331971, 0.5389961025707503], [-0.391933715643916, -0.8812490677730631, 0.26417426651863973], [0.5996494896411207, -0.026931974496191752, 0.7998094512587858]], "trans": [792.6980569913975, 1011.304094906313, -277.354538243855]}], "rb_ScNup133C_490_881_renamed_relative_3CQC_1.pdb_7": [{"rot": [[0.7830339281934202, 0.3970747761359245, -0.47873739090924144], [-0.291355710058444, 0.914195894971159, 0.2817050156355442], [0.5495177135582823, -0.08110171252500006, 0.8315364061249457]], "trans": [170.1103585333861, 100.20612323969047, -237.53303058935808]}], "rb_ScNup133C_490_881_renamed_relative_3CQC_1.pdb_8": [{"rot": [[0.36058632076293434, 0.9243983314922825, -0.12435927795277116], [-0.7262198709817055, 0.36191241396708157, 0.584486187696369], [0.5853052231698992, -0.12044554516794811, 0.8018171028228511]], "trans": [-129.16903607364566, 75.96337351312732, -213.51941897037295]}], "rb_ScNup133C_490_881_renamed_relative_3CQC_1.pdb_9": [{"rot": [[-0.2447717855959075, 0.9081082344556417, 0.33974432664880316], [-0.7339250962722119, -0.4025119236530547, 0.5471179985880033], [0.6335935022062773, -0.11542783819761593, 0.765006985674647]], "trans": [-357.9569366667691, 271.12580589621473, -196.19192572548798]}], "rb_ScNup133C_490_881_renamed_relative_3CQC_1.pdb_10": [{"rot": [[-0.6784130766287964, 0.3577474535604344, 0.6416949874590542], [-0.30995755631110783, -0.9312665625282135, 0.19149126038159395], [0.6660945959431718, -0.06898803510689236, 0.7426699403284025]], "trans": [-382.2242518298703, 571.3646325038228, -195.67723581402447]}], "rb_ScNup133C_490_881_renamed_relative_3CQC_1.pdb_11": [{"rot": [[-0.6863043697064624, -0.404274905657916, 0.6046057498710196], [0.29731658605007816, -0.9145995797649187, -0.2740628693445354], [0.6637689054040881, -0.008331227347546905, 0.7478913229002871]], "trans": [-187.7529328319971, 800.795832136939, -212.25285694205928]}], "rb_ScNup133C_490_881_renamed_relative_3CQC_1.pdb_12": [{"rot": [[-0.2638228340767768, -0.9315554006540351, 0.2502040122220204], [0.7321475756507562, -0.362274728870366, -0.5768162170835892], [0.6279788528990583, 0.031008971834006527, 0.7776123738581968]], "trans": [111.53489295156231, 825.0154898657486, -236.18455163534526]}], "rb_ScNup133C_490_881_renamed_relative_3CQC_1.pdb_13": [{"rot": [[0.34153588969873855, -0.9152056828042171, -0.21389669050865923], [0.7398052876658959, 0.40214830472101853, -0.5394116029078269], [0.5796907558252687, 0.0259865190604055, 0.8144220824841693]], "trans": [340.3141105577191, 629.8355054907204, -253.42879080447346]}], "rb_ScNup133C_490_881_renamed_relative_3CQC_1.pdb_14": [{"rot": [[0.7751441256743811, -0.36480364735590687, -0.5158196228414785], [0.3158037264232889, 0.930859729566628, -0.18376117720646962], [0.5471924623107144, -0.020456362016990484, 0.836756802448218]], "trans": [364.56454186508245, 329.5951826917053, -253.8596510992097]}], "rb_ScNup84_506-726_ScNup133C_882_1155_renamed_relative_3CQC_new_1.pdb_14": [{"rot": [[0.9810055653459817, 0.1856676875296622, 0.05617464345768651], [-0.19194516828722166, 0.9709535300424756, 0.14285060332125055], [-0.02802022718324451, -0.15091968826313829, 0.9881488321923759]], "trans": [-60.380370374554786, 82.84502826826986, 66.10001318657618]}], "rb_ScNup84_506-726_ScNup133C_882_1155_renamed_relative_3CQC_new_1.pdb_15": [{"rot": [[0.5596027789371917, 0.8131562753420355, 0.16006749100813628], [-0.8287156471188272, 0.5470163572508732, 0.11833630516628454], [0.008666373301196809, -0.19887175961370715, 0.9799872025704987]], "trans": [-298.8104647636501, 243.61789458894648, 84.36337045964919]}], "rb_ScNup84_506-726_ScNup133C_882_1155_renamed_relative_3CQC_new_1.pdb_16": [{"rot": [[-0.18733869895915356, 0.9581900204906256, 0.21627782249797473], [-0.9798733627704731, -0.19774285247590662, 0.027312217551422185], [0.068937687843269, -0.2068082419219932, 0.9759497662625662]], "trans": [-354.13932310227165, 526.3892396082871, 87.43884524260284]}], "rb_ScNup84_506-726_ScNup133C_882_1155_renamed_relative_3CQC_new_1.pdb_17": [{"rot": [[-0.8222500187165362, 0.5358061100915816, 0.1918768331747805], [-0.5568679940896344, -0.8270336529750589, -0.07689846555891468], [0.11748593055869122, -0.170079831947402, 0.978401710385617]], "trans": [-193.95260669948914, 765.5077391331766, 73.54878594457529]}], "rb_ScNup84_506-726_ScNup133C_882_1155_renamed_relative_3CQC_new_1.pdb_18": [{"rot": [[-0.9731911769714735, -0.20655700553019948, 0.10115896663803023], [0.19249794957475483, -0.9722086203138938, -0.133247656628059], [0.12587085633454675, -0.11020255012362973, 0.9859066514999559]], "trans": [87.91196068251008, 820.8945213662711, 50.854190053373486]}], "rb_ScNup84_506-726_ScNup133C_882_1155_renamed_relative_3CQC_new_1.pdb_19": [{"rot": [[-0.5517387149478916, -0.8340125459235481, -0.0027319717731296017], [0.8292353323642898, -0.548222211658282, -0.10872520500411191], [0.08918045742388604, -0.062253352412715804, 0.9940680892811333]], "trans": [326.3360545202149, 660.1033451169733, 32.673876737052126]}], "rb_ScNup84_506-726_ScNup133C_882_1155_renamed_relative_3CQC_new_1.pdb_20": [{"rot": [[0.19521457262108072, -0.9789882084029214, -0.05893520547520997], [0.9803344174437637, 0.19654835659295683, -0.017696708614949562], [0.028908486843198796, -0.054321554917401364, 0.9981049384006626]], "trans": [381.64939220303813, 377.3280653828871, 29.682134779916623]}], "rb_ScNup84_506-726_ScNup133C_882_1155_renamed_relative_3CQC_new_1.pdb_21": [{"rot": [[0.8300929178361841, -0.5565552057310614, -0.03452608769993705], [0.5572792302765213, 0.8258059842932345, 0.08651205585285768], [-0.019636885206563256, -0.09105371644878626, 0.9956523557247511]], "trans": [221.45055393758486, 138.22254495886386, 43.655573705205086]}], "rb_4XMM.renamed.noAb_Nup145c_149-550_Sec13_Nup84_7-436_3IKO_updated_1.pdb_21": [{"rot": [[0.9961741863293636, -0.007332580361126522, 0.08708170735738663], [0.008639765890438217, 0.9998554489894416, -0.014643618797283417], [-0.08696174409697821, 0.015339960605208657, 0.9960935401217308]], "trans": [-22.084620969698904, -0.48860432640668705, 40.658259011573136]}], "rb_4XMM.renamed.noAb_Nup145c_149-550_Sec13_Nup84_7-436_3IKO_updated_1.pdb_22": [{"rot": [[0.7106015373215179, 0.699992618729054, 0.07110407077753043], [-0.7009673496791037, 0.7130489345416332, -0.014352408609511074], [-0.060747261997132054, -0.03964278842213577, 0.9973656398161955]], "trans": [-330.9133052465369, 156.23781133676903, 64.55250770261108]}], "rb_4XMM.renamed.noAb_Nup145c_149-550_Sec13_Nup84_7-436_3IKO_updated_1.pdb_23": [{"rot": [[0.008399653326319534, 0.9981625967909916, 0.060007301151288196], [-0.9999592019545257, 0.008583868837929165, -0.0028127606084784006], [-0.0033226872355109835, -0.05998122675668591, 0.9981939752304145]], "trans": [-438.892070733233, 486.08663103995184, 71.59545195090323]}], "rb_4XMM.renamed.noAb_Nup145c_149-550_Sec13_Nup84_7-436_3IKO_updated_1.pdb_24": [{"rot": [[-0.6990717009652795, 0.712505176479312, 0.060292042590164366], [-0.7131821480877685, -0.7008541796750142, 0.013215236697772872], [0.051671854606023235, -0.03376081045008181, 0.9980932957992087]], "trans": [-282.763520767824, 795.8278821278391, 57.68524061147315]}], "rb_4XMM.renamed.noAb_Nup145c_149-550_Sec13_Nup84_7-436_3IKO_updated_1.pdb_25": [{"rot": [[-0.9973658308631651, 0.01036250238222425, 0.07179148954441099], [-0.008634229790438366, -0.9996663991018304, 0.024342156492478707], [0.07201978549365988, 0.023658170917397935, 0.9971225809529584]], "trans": [46.011952006662625, 904.0108891566852, 30.994676522125133]}], "rb_4XMM.renamed.noAb_Nup145c_149-550_Sec13_Nup84_7-436_3IKO_updated_1.pdb_26": [{"rot": [[-0.7117378291259246, -0.696940346802493, 0.08776910384602832], [0.7009504482732406, -0.7128043780499971, 0.024049692270331314], [0.04580100060759593, 0.07863886845304638, 0.9958504891356761]], "trans": [354.8349532440307, 747.2606380237728, 7.183473364539566]}], "rb_4XMM.renamed.noAb_Nup145c_149-550_Sec13_Nup84_7-436_3IKO_updated_1.pdb_27": [{"rot": [[-0.009512606526058287, -0.9950553890522591, 0.09886497375276726], [0.9998871765496051, -0.008315933206175352, 0.012509173696410199], [-0.011625166181045456, 0.09897281431264546, 0.9950222296704208]], "trans": [462.7945277543762, 417.4037528164823, 0.22457458758105986]}], "rb_4XMM.renamed.noAb_Nup145c_149-550_Sec13_Nup84_7-436_3IKO_updated_1.pdb_28": [{"rot": [[0.697936400161794, -0.7093426291950655, 0.09857898222149448], [0.7130546046064921, 0.7010996711530524, -0.003518800727369785], [-0.06661765665852647, 0.07274809630300541, 0.995123008630397]], "trans": [306.6483478988022, 107.67516466650568, 14.218606116451326]}], "rb_4XMM.renamed.noAb_Seh1_Nup85_47_544_3F3F_1.pdb_28": [{"rot": [[0.6859046639928291, -0.6963750462389489, 0.21117903988932138], [0.285531957183839, 0.5244839392609036, 0.8021147666538253], [-0.6693327224479916, -0.48987589492957917, 0.5585833100149818]], "trans": [455.28145271743466, -109.98429828661801, 709.5950079847075]}], "rb_4XMM.renamed.noAb_Seh1_Nup85_47_544_3F3F_1.pdb_29": [{"rot": [[0.6743316617757317, -0.13361815055228737, 0.7262389412374939], [-0.32005423692923446, 0.8334260706486164, 0.450517780100678], [-0.665463819715554, -0.5362342534808678, 0.5192405319727945]], "trans": [-56.45754589078592, -219.0867678327876, 750.9558482085396]}], "rb_4XMM.renamed.noAb_Seh1_Nup85_47_544_3F3F_1.pdb_30": [{"rot": [[0.23927156314272896, 0.4822284039814307, 0.8427365457037841], [-0.7398850582278007, 0.6525980559405873, -0.16335812803102073], [-0.6287441607541722, -0.5844412235426908, 0.5129417477077134]], "trans": [-495.3492733522382, 66.80441489113676, 784.5884792126144]}], "rb_4XMM.renamed.noAb_Seh1_Nup85_47_544_3F3F_1.pdb_31": [{"rot": [[-0.3644112917795751, 0.7903930222799342, 0.49242591397561664], [-0.7280176919805794, 0.08793149582778775, -0.6798957951074168], [-0.5806846395306149, -0.6062564823345543, 0.543376873855081]], "trans": [-604.2828540073826, 580.2102807749832, 790.8144364358343]}], "rb_4XMM.renamed.noAb_Seh1_Nup85_47_544_3F3F_1.pdb_32": [{"rot": [[-0.7830709746494405, 0.6103485258228423, -0.11947604650074076], [-0.29140420866505734, -0.5297839769772068, -0.7965001725740521], [-0.5494392012168915, -0.588900343661036, 0.5927165843824911]], "trans": [-319.4415470056845, 1020.3705513564648, 766.0104712520271]}], "rb_4XMM.renamed.noAb_Seh1_Nup85_47_544_3F3F_1.pdb_33": [{"rot": [[-0.7714507401401718, 0.047567519262119246, -0.634508539460595], [0.31418105694241816, -0.8386819287170642, -0.44486277198924923], [-0.5533118641378608, -0.5425402782786377, 0.6320569811730681]], "trans": [192.31250708809597, 1129.433250664314, 724.7311011029618]}], "rb_4XMM.renamed.noAb_Seh1_Nup85_47_544_3F3F_1.pdb_34": [{"rot": [[-0.336357885472605, -0.5682649485467708, -0.7509582685699132], [0.733977717496743, -0.6578055838014563, 0.1690222592970659], [-0.5900339677498723, -0.49433466616529054, 0.638351905087297]], "trans": [631.1884809929239, 843.508028455112, 691.1823679622673]}], "rb_4XMM.renamed.noAb_Seh1_Nup85_47_544_3F3F_1.pdb_35": [{"rot": [[0.2673240602797482, -0.8763855347235838, -0.40060734057527614], [0.7220629701122796, -0.09311485543840986, 0.6855324141784288], [-0.6380931859753483, -0.47252303459612394, 0.6079137009377955]], "trans": [740.0885543833826, 330.09402823982253, 685.0415976420859]}], "rb_4XMM.renamed.noAb_Nup120_715-1036_Nup85_553-744_Nup145c_92-99_554-712_remaining_updated_1.pdb_35": [{"rot": [[0.9939605092712003, -0.08604168197336345, 0.06811266381906865], [0.08054908786911838, 0.9935630824092001, 0.07965077348639386], [-0.0745275147364242, -0.07368331043541922, 0.9944930463861921]], "trans": [27.001878551812297, -65.50359027447985, 82.25141234973225]}], "rb_4XMM.renamed.noAb_Nup120_715-1036_Nup85_553-744_Nup145c_92-99_554-712_remaining_updated_1.pdb_36": [{"rot": [[0.7599733084216775, 0.6379964735182018, 0.12410104860534835], [-0.647843958964675, 0.7589432723238465, 0.06559965112214368], [-0.05233330984741182, -0.13025209853475983, 0.9900987907818617]], "trans": [-341.1264592234696, 78.06706237469199, 110.93621960955605]}], "rb_4XMM.renamed.noAb_Nup120_715-1036_Nup85_553-744_Nup145c_92-99_554-712_remaining_updated_1.pdb_37": [{"rot": [[0.08101915232686058, 0.9847747003556502, 0.1538008013492591], [-0.9967064663896217, 0.07950937409636699, 0.015952406963088847], [0.003480921336227946, -0.15458670373043493, 0.9879730938727065]], "trans": [-500.32521290412575, 440.68163130248865, 121.90229323086163]}], "rb_4XMM.renamed.noAb_Nup120_715-1036_Nup85_553-744_Nup145c_92-99_554-712_remaining_updated_1.pdb_38": [{"rot": [[-0.6451610411193056, 0.7511454236846068, 0.13981338812690444], [-0.7616698585948339, -0.6467166546736159, -0.040206903336253735], [0.06021841520645921, -0.1324315711808848, 0.9893612188804365]], "trans": [-357.33159454233805, 809.9155059607647, 108.74955756583671]}], "rb_4XMM.renamed.noAb_Nup120_715-1036_Nup85_553-744_Nup145c_92-99_554-712_remaining_updated_1.pdb_39": [{"rot": [[-0.9931606754553294, 0.07397196795176932, 0.09033283282646601], [-0.08042189444266791, -0.9943013665456406, -0.06997936395625394], [0.08464154785543693, -0.07676548992100478, 0.9934499826029601]], "trans": [4.088631354803738, 969.4663931722487, 79.20707552181233]}], "rb_4XMM.renamed.noAb_Nup120_715-1036_Nup85_553-744_Nup145c_92-99_554-712_remaining_updated_1.pdb_40": [{"rot": [[-0.759116658092324, -0.6500479083288397, 0.03434554241877047], [0.6479527630702426, -0.7596247363606378, -0.05592384767402092], [0.06244290381121964, -0.020198435244578428, 0.9978441296000548]], "trans": [372.2123137708323, 825.8672503361228, 50.605254530361265]}], "rb_4XMM.renamed.noAb_Nup120_715-1036_Nup85_553-744_Nup145c_92-99_554-712_remaining_updated_1.pdb_41": [{"rot": [[-0.08013527442218293, -0.9967731529517844, 0.004649661045440561], [0.996761969490164, -0.08016364302146772, -0.0062742741104663945], [0.00662676175579087, 0.004131814623472813, 0.9999695066033497]], "trans": [531.3893223417799, 463.24059686888336, 39.7234495151381]}], "rb_4XMM.renamed.noAb_Nup120_715-1036_Nup85_553-744_Nup145c_92-99_554-712_remaining_updated_1.pdb_42": [{"rot": [[0.6460266073636154, -0.7630872287909944, 0.01864145472690032], [0.761668373486496, 0.6460440245923675, 0.049883936481892203], [-0.05010899528717627, -0.018027743746078607, 0.998581037796499]], "trans": [388.3734343902286, 94.01835620263296, 52.96038018869791]}], "rb_4XMM.renamed.noAb_Nup120_2-711_3F7F_updated_1.pdb_42": [{"rot": [[0.9734322890951163, 0.18123977734164448, 0.13993470497411895], [-0.21494565752680167, 0.9339190864329029, 0.2856457671779916], [-0.07891731658776452, -0.3081351701858839, 0.948063697246711]], "trans": [-131.353749197674, 83.41787395558248, 247.93724842023815]}], "rb_4XMM.renamed.noAb_Nup120_2-711_3F7F_updated_1.pdb_43": [{"rot": [[0.5370124730896009, 0.7808002491939505, 0.319325186298945], [-0.8425735464726625, 0.5148944621163998, 0.157966805583781], [-0.04107824887542591, -0.3538850996305561, 0.9343863835313528]], "trans": [-345.12788187194633, 304.5160981033116, 263.9418615222278]}], "rb_4XMM.renamed.noAb_Nup120_2-711_3F7F_updated_1.pdb_44": [{"rot": [[-0.2141069937709401, 0.9095414093781017, 0.35621990377415347], [-0.9766166968066364, -0.20658151595449858, -0.05953070455181522], [0.019442806815500868, -0.36063624594934685, 0.9325038741853555]], "trans": [-340.49299351146107, 612.4367605204246, 262.1154910907178]}], "rb_4XMM.renamed.noAb_Nup120_2-711_3F7F_updated_1.pdb_45": [{"rot": [[-0.8399097370151195, 0.4920448710078636, 0.22900541168725064], [-0.5385507410546623, -0.8078580470145696, -0.239433655076472], [0.06719176271438583, -0.3244336924375454, 0.9435189697269861]], "trans": [-120.16235373045254, 826.7957122768166, 243.55205557749625]}], "rb_4XMM.renamed.noAb_Nup120_2-711_3F7F_updated_1.pdb_46": [{"rot": [[-0.973791685831817, -0.22711400703828666, 0.012205753227082814], [0.21499910717377707, -0.9366988611697353, -0.27635236094124294], [0.0741966071953839, -0.2664854053983695, 0.9609788718751104]], "trans": [186.79315536460683, 822.0185737675524, 219.1502821518356]}], "rb_4XMM.renamed.noAb_Nup120_2-711_3F7F_updated_1.pdb_47": [{"rot": [[-0.5373229068687331, -0.8266418138607343, -0.1671747748051995], [0.8425927217336022, -0.5176271928324205, -0.14865932369679255], [0.036353803593219186, -0.22073830845021566, 0.9746553237667366]], "trans": [400.5565818124173, 600.9039768841915, 203.22907865267968]}], "rb_4XMM.renamed.noAb_Nup120_2-711_3F7F_updated_1.pdb_48": [{"rot": [[0.21380703494777376, -0.9553267068808133, -0.2040525298228401], [0.9765769141457024, 0.20385886577485202, 0.06884107496725475], [-0.02416780015842933, -0.21399169601937937, 0.9765364670457785]], "trans": [395.9042096748025, 292.98408699200263, 205.13931547998993]}], "rb_4XMM.renamed.noAb_Nup120_2-711_3F7F_updated_1.pdb_49": [{"rot": [[0.839575628769415, -0.5377832613103698, -0.07682400296015941], [0.5384618553179562, 0.8051026085665164, 0.2487340347578792], [-0.07191379522723305, -0.25019782879507974, 0.9655203014552528]], "trans": [175.56337748768766, 78.64283405545666, 223.78595386717538]}]}
