{"rb_ScNup133N_56-480_renamed_1.pdb_0": [{"rot": [[0.8119543965376846, 0.19994227271334777, 0.5484096511963894], [0.27638303347651916, 0.6958340082981557, -0.662893243065608], [-0.5141424673662365, 0.6898102061277025, 0.5097248304454228]], "trans": [-75.83954561645294, 83.5247858391443, 345.74657477752544]}], "rb_ScNup133N_56-480_renamed_1.pdb_1": [{"rot": [[0.7603116759119689, 0.6459401173825103, -0.06846546741096354], [-0.4064199146262193, 0.3908444976628937, -0.8258713166358647], [-0.5067040639931257, 0.6557453342590467, 0.5596865623992964]], "trans": [-303.7625643643802, 271.10102236125124, 363.042042009072]}], "rb_ScNup133N_56-480_renamed_1.pdb_2": [{"rot": [[0.242478023769718, 0.7464388547515788, -0.6197043199025505], [-0.8524053991131668, -0.14109882441294236, -0.5034840189241435], [-0.46325958549333196, 0.6503231180470491, 0.6020551457982142]], "trans": [-332.76555108799164, 565.3642689160655, 363.9632682860203]}], "rb_ScNup133N_56-480_renamed_1.pdb_3": [{"rot": [[-0.43819230500964157, 0.44256490743755605, -0.7823834140209798], [-0.8003088347765387, -0.588376059456486, 0.1154096254091308], [-0.40925941993918163, 0.6767199682019471, 0.6120104670900649]], "trans": [-145.85623388321972, 793.9310833551802, 347.99459116723017]}], "rb_ScNup133N_56-480_renamed_1.pdb_4": [{"rot": [[-0.8829530343755254, -0.08766808160034616, -0.46120304265644835], [-0.2806491235662884, -0.6889658965702152, 0.6682529931131412], [-0.37633762571462986, 0.7194722377074135, 0.5837205586920513]], "trans": [147.47318714927144, 822.9039197832574, 324.51469176842267]}], "rb_ScNup133N_56-480_renamed_1.pdb_5": [{"rot": [[-0.8312570579391152, -0.5336421510985793, 0.15568480400246462], [0.4021497484886908, -0.3839413908562049, 0.8311826442953943], [-0.38378025407371785, 0.7535350442801466, 0.5337580478314388]], "trans": [375.38811456307593, 635.3101988989156, 307.30243112518735]}], "rb_ScNup133N_56-480_renamed_1.pdb_6": [{"rot": [[-0.31338860761012777, -0.6340994029106986, 0.7068985272643302], [0.8480945746744963, 0.1480098013927476, 0.5087520919852444], [-0.4272273083826319, 0.7589539155442662, 0.49139167784177673]], "trans": [404.3746836179747, 341.0450842628459, 306.4649991163931]}], "rb_ScNup133N_56-480_renamed_1.pdb_7": [{"rot": [[0.3672776764635667, -0.3301905624779141, 0.8695293559288497], [0.7959445879894346, 0.595263171245395, -0.11015430000323528], [-0.48122689162374427, 0.7325544003071665, 0.48144026562882636]], "trans": [217.45406679024774, 112.49334596215442, 322.51698012176945]}], "rb_ScNup133C_490_881_renamed_relative_3CQC_1.pdb_7": [{"rot": [[0.8158437684335167, 0.31311037789324947, -0.48616955557063374], [-0.22167155169442443, 0.9458402871720875, 0.23716634316785312], [0.5340979953881002, -0.08572072338572671, 0.8410655675419385]], "trans": [174.93852182567196, 63.188385088051376, -230.45648315868903]}], "rb_ScNup133C_490_881_renamed_relative_3CQC_1.pdb_8": [{"rot": [[0.432668372532385, 0.8870900968913291, -0.16083917249075863], [-0.7009575672929507, 0.44319718432851607, 0.558779692417348], [0.5669713998650444, -0.12902486504782698, 0.8135699207409675]], "trans": [-151.70337390395338, 46.793024673834196, -204.30009202518244]}], "rb_ScNup133C_490_881_renamed_relative_3CQC_1.pdb_9": [{"rot": [[-0.17622256936321673, 0.9387941758736237, 0.29599172521000017], [-0.7679189658409523, -0.319236140098103, 0.55532760489375], [0.6158295770331195, -0.12943640214804464, 0.7771744655160648]], "trans": [-394.31501247478803, 266.91187005749987, -185.99218600016394]}], "rb_ScNup133C_490_881_renamed_relative_3CQC_1.pdb_10": [{"rot": [[-0.6541321581285644, 0.4379336363447914, 0.6167051563428804], [-0.3833288159132902, -0.894815494348782, 0.22883236214281694], [0.6520507178069689, -0.0867142504503987, 0.7532001727138967]], "trans": [-410.7691618486695, 594.5963147327567, -186.23378967337788]}], "rb_ScNup133C_490_881_renamed_relative_3CQC_1.pdb_11": [{"rot": [[-0.7210942181397161, -0.3220803555055702, 0.6134226708908621], [0.22751454994129677, -0.9463583770345788, -0.22944051904903168], [0.6544159672031868, -0.02588564880170939, 0.7556915210955022]], "trans": [-191.42483597960802, 837.8843074533487, -204.8593633052571]}], "rb_ScNup133C_490_881_renamed_relative_3CQC_1.pdb_12": [{"rot": [[-0.33788143047709246, -0.8960208870542342, 0.2880671951147823], [0.7067704751137333, -0.44367024072350697, -0.5510283232319861], [0.621539728775452, 0.01741515026893803, 0.7831890436509239]], "trans": [135.22487962256878, 854.2544285180348, -230.93377834047186]}], "rb_ScNup133C_490_881_renamed_relative_3CQC_1.pdb_13": [{"rot": [[0.271014750546235, -0.9476655023584989, -0.16876344576352273], [0.7736840811294611, 0.31876711643068484, -0.5475403803276331], [0.5726813665496939, 0.017821928124691355, 0.8195843039521284]], "trans": [377.8258891363802, 634.1169469835952, -249.15826990095513]}], "rb_ScNup133C_490_881_renamed_relative_3CQC_1.pdb_14": [{"rot": [[0.7488943566506485, -0.44676005758404985, -0.48945142100550576], [0.3890564341026221, 0.8943071402403353, -0.22101997646933716], [0.5364627980206683, -0.024903611437917555, 0.8435564453414992]], "trans": [394.2610138536651, 306.4316202665732, -248.8326689640578]}], "rb_ScNup84_506-726_ScNup133C_882_1155_renamed_relative_3CQC_new_1.pdb_14": [{"rot": [[0.981489142445736, 0.1873014240901917, 0.039965482543330114], [-0.19079773854952167, 0.974350640025445, 0.11931912355693683], [-0.01659175173161163, -0.12473574794658243, 0.992051262263541]], "trans": [-56.146649810812846, 85.19779593720716, 48.612121870590954]}], "rb_ScNup84_506-726_ScNup133C_882_1155_renamed_relative_3CQC_new_1.pdb_15": [{"rot": [[0.5609804628565028, 0.8172270579252663, 0.13206383338415872], [-0.827586837010486, 0.5497752271840858, 0.11334560768582018], [0.020023673496257145, -0.1728789616162186, 0.984739517400523]], "trans": [-294.49604391199284, 241.29047523865603, 66.89181815087468]}], "rb_ScNup84_506-726_ScNup133C_882_1155_renamed_relative_3CQC_new_1.pdb_16": [{"rot": [[-0.18534167885573155, 0.9635347960829784, 0.19300041144068186], [-0.9793919524421794, -0.19716383367339557, 0.043792992392686664], [0.08024877301513827, -0.18090638305085646, 0.9802209011243446]], "trans": [-353.06685080042524, 520.6965272287174, 70.24207004721154]}], "rb_ScNup84_506-726_ScNup133C_882_1155_renamed_relative_3CQC_new_1.pdb_17": [{"rot": [[-0.8202712489337418, 0.5405155026114337, 0.18707771008163773], [-0.5572835077725895, -0.8288991088559279, -0.048593819591870376], [0.128802834352968, -0.14411543558744302, 0.9811424825620813]], "trans": [-197.54555261322602, 759.73606382146, 56.72425766136206]}], "rb_ScNup84_506-726_ScNup133C_882_1155_renamed_relative_3CQC_new_1.pdb_18": [{"rot": [[-0.9718575527188917, -0.20402015580170013, 0.11776533127324355], [0.19146141838176878, -0.9753511666942042, -0.10969333115324856], [0.13724220376578078, -0.08405877500240502, 0.9869643863132079]], "trans": [80.9631946605034, 818.3764708185686, 34.28131099129814]}], "rb_ScNup84_506-726_ScNup133C_882_1155_renamed_relative_3CQC_new_1.pdb_19": [{"rot": [[-0.5512991960869572, -0.8339126925052248, 0.025667443825997803], [0.8282174909762131, -0.5507263267325466, -0.10371258691567947], [0.10062297965644218, -0.035918439865371986, 0.9942760590714717]], "trans": [319.3069532337392, 662.2654877665777, 16.08462954307771]}], "rb_ScNup84_506-726_ScNup133C_882_1155_renamed_relative_3CQC_new_1.pdb_20": [{"rot": [[0.19503480577424576, -0.9801621780134488, -0.03526371121328993], [0.9799640244242951, 0.1962241925692621, -0.03415519118202492], [0.04039721983926274, -0.027895717278343283, 0.998794219840496]], "trans": [377.8625020265482, 382.8552464973841, 12.81809078346339]}], "rb_ScNup84_506-726_ScNup133C_882_1155_renamed_relative_3CQC_new_1.pdb_21": [{"rot": [[0.8299314712649986, -0.5570936015979085, -0.0293338040933189], [0.5578057598060063, 0.8279262450019005, 0.05823115286766048], [-0.008153976401640471, -0.0646904312531888, 0.997872066335719]], "trans": [222.3290882621285, 143.82832282606307, 26.41928407722031]}], "rb_4XMM.renamed.noAb_Nup145c_149-550_Sec13_Nup84_7-436_3IKO_updated_1.pdb_21": [{"rot": [[0.9981388572069855, -0.02669970269205744, 0.05482652286702472], [0.027569972475844026, 0.9995046322041999, -0.015178498609131175], [-0.05439410217306512, 0.016661814982226117, 0.998380521429722]], "trans": [-5.24892074327397, -11.95897217129874, 21.841026388472244]}], "rb_4XMM.renamed.noAb_Nup145c_149-550_Sec13_Nup84_7-436_3IKO_updated_1.pdb_22": [{"rot": [[0.7259838048910856, 0.6860412614615748, 0.047905141770718085], [-0.6870905644332316, 0.7265262583970749, 0.008133395746508213], [-0.029224498330760542, -0.03881988448923169, 0.9988187749865125]], "trans": [-327.43625863233956, 135.17806581883573, 46.84669934022139]}], "rb_4XMM.renamed.noAb_Nup145c_149-550_Sec13_Nup84_7-436_3IKO_updated_1.pdb_23": [{"rot": [[0.029710953071840795, 0.997789535137173, 0.05944159182176773], [-0.9991721119970592, 0.02799349390125927, 0.02952041508066256], [0.027791183402246906, -0.06026946050814567, 0.9977951905351911]], "trans": [-451.62397518458255, 467.7249520095783, 55.16846998736776]}], "rb_4XMM.renamed.noAb_Nup145c_149-550_Sec13_Nup84_7-436_3IKO_updated_1.pdb_24": [{"rot": [[-0.682793244207824, 0.7259185839649132, 0.08267765791632306], [-0.7258528993029285, -0.6868833185296176, 0.03645374191041166], [0.08325235274564902, -0.03512144900361415, 0.9959093982798831]], "trans": [-305.0592416576328, 790.8711483544763, 41.95533264903355]}], "rb_4XMM.renamed.noAb_Nup145c_149-550_Sec13_Nup84_7-436_3IKO_updated_1.pdb_25": [{"rot": [[-0.9941337818723002, 0.029694244521916876, 0.10400132490766162], [-0.02724717494796013, -0.9993192624104937, 0.02487173561898017], [0.10466907469559306, 0.02189209029804607, 0.9942661219134186]], "trans": [26.400167824944106, 915.3131734684994, 14.971734384437696]}], "rb_4XMM.renamed.noAb_Nup145c_149-550_Sec13_Nup84_7-436_3IKO_updated_1.pdb_26": [{"rot": [[-0.7219229830561567, -0.6830254483829227, 0.11092088800855271], [0.687391977399992, -0.726284956469143, 0.001559298798177386], [0.0794951315580224, 0.07737182218301827, 0.9938280159014689]], "trans": [348.5825709498445, 768.1512512024781, -9.950947573097324]}], "rb_4XMM.renamed.noAb_Nup145c_149-550_Sec13_Nup84_7-436_3IKO_updated_1.pdb_27": [{"rot": [[-0.025625771878153236, -0.9947192492982807, 0.09938276958865458], [0.9994188658834496, -0.027727746909722406, -0.019826814357011294], [0.022477774175524136, 0.0988169374488662, 0.9948517289231289]], "trans": [472.7508865338817, 435.5950273981312, -18.188649821845274]}], "rb_4XMM.renamed.noAb_Nup145c_149-550_Sec13_Nup84_7-436_3IKO_updated_1.pdb_28": [{"rot": [[0.6868571275629572, -0.7227925347653474, 0.07614616210581329], [0.7260437396496757, 0.6871277032512043, -0.026758317216080792], [-0.03298142555249515, 0.07366458519673089, 0.9967375554559567]], "trans": [326.1674778739409, 112.46074379798063, -4.891605331701328]}], "rb_4XMM.renamed.noAb_Seh1_Nup85_47_544_3F3F_1.pdb_28": [{"rot": [[0.6771374291546666, -0.7028600449209387, 0.21788221426162224], [0.25056012034315134, 0.49862733798608927, 0.8298134753705403], [-0.6918847650667248, -0.507305169564282, 0.513747931189918]], "trans": [460.99457629213026, -88.57124614891381, 743.2512132107396]}], "rb_4XMM.renamed.noAb_Seh1_Nup85_47_544_3F3F_1.pdb_29": [{"rot": [[0.6430155861064683, -0.15678883435250213, 0.7496320547085359], [-0.3399029649045411, 0.8187093536817659, 0.46279689783218103], [-0.6862921611626204, -0.552387776490729, 0.4731498852481854]], "trans": [-36.64594246695532, -206.0334367213898, 783.528991282576]}], "rb_4XMM.renamed.noAb_Seh1_Nup85_47_544_3F3F_1.pdb_30": [{"rot": [[0.2026653777183498, 0.45510726029599957, 0.8670663909414034], [-0.7330493456253022, 0.6575913001067741, -0.17381696954613304], [-0.6492806801011388, -0.6003757687063616, 0.46688706856974604]], "trans": [-471.45759296910506, 63.948105505618656, 816.913822802636]}], "rb_4XMM.renamed.noAb_Seh1_Nup85_47_544_3F3F_1.pdb_31": [{"rot": [[-0.385949834997991, 0.7743708790445392, 0.50139053297087], [-0.6985683286289421, 0.10965840480989941, -0.7070907469986553], [-0.6025321693499789, -0.6231571037405718, 0.49862832747054436]], "trans": [-588.7196661666235, 563.2145031509639, 823.8724076415313]}], "rb_4XMM.renamed.noAb_Seh1_Nup85_47_544_3F3F_1.pdb_32": [{"rot": [[-0.778010960958822, 0.6139728924131982, -0.13317744557432795], [-0.25665937985426834, -0.5041025162901246, -0.8246251365334364], [-0.5734325656611717, -0.6073861543134956, 0.5497791849347426]], "trans": [-319.73647284590885, 999.2885776129749, 800.3523135857765]}], "rb_4XMM.renamed.noAb_Seh1_Nup85_47_544_3F3F_1.pdb_33": [{"rot": [[-0.7438430645144127, 0.06787670258222805, -0.6648986754539162], [0.3338010075903372, -0.824141661583917, -0.4575668355261092], [-0.5790288271800327, -0.5623017649699008, 0.590374747432723]], "trans": [177.9197530220021, 1116.7121042225358, 760.1559482677462]}], "rb_4XMM.renamed.noAb_Seh1_Nup85_47_544_3F3F_1.pdb_34": [{"rot": [[-0.30346218116923784, -0.5440068424891128, -0.7822833629350909], [0.7269128132483621, -0.6629755872064254, 0.1790562277711899], [-0.6160425850015252, -0.5143150066771551, 0.5966335620557375]], "trans": [612.7168907101664, 846.6968422152196, 726.8549141606795]}], "rb_4XMM.renamed.noAb_Seh1_Nup85_47_544_3F3F_1.pdb_35": [{"rot": [[0.2851503582426436, -0.8632277345400473, -0.4165659029672865], [0.6923855984888755, -0.1150176519696334, 0.7123012864937105], [-0.6627906578998339, -0.49153719905644067, 0.5648891269483379]], "trans": [729.9465596604799, 347.42165608528643, 719.9814314902635]}], "rb_4XMM.renamed.noAb_Nup120_715-1036_Nup85_553-744_Nup145c_92-99_554-712_remaining_updated_1.pdb_35": [{"rot": [[0.987980049281128, -0.08471995682546835, 0.12929791621658052], [0.08038610494199797, 0.9960243785403379, 0.038386345040739595], [-0.13203596614071936, -0.027531187203304594, 0.9908625219355419]], "trans": [9.437305682496458, -54.005096437009115, 90.25164791507689]}], "rb_4XMM.renamed.noAb_Nup120_715-1036_Nup85_553-744_Nup145c_92-99_554-712_remaining_updated_1.pdb_36": [{"rot": [[0.7544817222796029, 0.6415810703480945, 0.13831507841517743], [-0.6470568294531812, 0.7624104730623037, -0.006908691837820967], [-0.10988535027017943, -0.08428523438839469, 0.9903641800166706]], "trans": [-345.3142471329246, 99.03732912899969, 117.82415793618543]}], "rb_4XMM.renamed.noAb_Nup120_715-1036_Nup85_553-744_Nup145c_92-99_554-712_remaining_updated_1.pdb_37": [{"rot": [[0.07654310711607692, 0.990669031948117, 0.1127653399409427], [-0.9955945638547264, 0.08208238878492935, -0.04532047963421505], [-0.0541536441611494, -0.10879958910923919, 0.9925875438638785]], "trans": [-488.3741230669547, 458.8578446628842, 127.5174574576765]}], "rb_4XMM.renamed.noAb_Nup120_715-1036_Nup85_553-744_Nup145c_92-99_554-712_remaining_updated_1.pdb_38": [{"rot": [[-0.6486897965121821, 0.7580432779290468, 0.06761609784339559], [-0.7610487790681572, -0.6464140898961104, -0.054346851451107084], [0.0025107329306447226, -0.08671339671796581, 0.996230135586041]], "trans": [-335.93391631392495, 814.6686354908048, 113.67707984552396]}], "rb_4XMM.renamed.noAb_Nup120_715-1036_Nup85_553-744_Nup145c_92-99_554-712_remaining_updated_1.pdb_39": [{"rot": [[-0.9963653278757992, 0.07997925501838789, 0.02931641474759283], [-0.08081970291701186, -0.9963154539691134, -0.02870003140631911], [0.02691298993711305, -0.03096506013269526, 0.9991580735917723]], "trans": [22.706663942588364, 958.030840208795, 84.43491835543745]}], "rb_4XMM.renamed.noAb_Nup120_715-1036_Nup85_553-744_Nup145c_92-99_554-712_remaining_updated_1.pdb_40": [{"rot": [[-0.7628102584769753, -0.6463035714600732, 0.020302785036587164], [0.6466048805593952, -0.762644550750881, 0.01659571169774943], [0.00475794063204256, 0.025787259023375152, 0.9996561305133885]], "trans": [377.452822295402, 804.9609746811484, 56.945448403973444]}], "rb_4XMM.renamed.noAb_Nup120_715-1036_Nup85_553-744_Nup145c_92-99_554-712_remaining_updated_1.pdb_41": [{"rot": [[-0.0848444410960204, -0.9953384811674006, 0.0458555200872647], [0.9950893936739578, -0.08228909010638974, 0.05500549288075744], [-0.050975674715461154, 0.05029725198091928, 0.9974325375836046]], "trans": [520.4911705998692, 445.12964121424443, 47.336393991412194]}], "rb_4XMM.renamed.noAb_Nup120_715-1036_Nup85_553-744_Nup145c_92-99_554-712_remaining_updated_1.pdb_42": [{"rot": [[0.6403701891272776, -0.7626559026048154, 0.09100546741337434], [0.7604866950125304, 0.6461891061068231, 0.06402832074778414], [-0.10763831839085405, 0.0282066192745071, 0.9937899068933483]], "trans": [368.0297409177853, 89.33122536997655, 61.260879581485995]}], "rb_4XMM.renamed.noAb_Nup120_2-711_3F7F_updated_1.pdb_42": [{"rot": [[0.9732012087011452, 0.22541935588117862, 0.04544800740124162], [-0.22790018384216593, 0.9191156112206955, 0.3213845040058917], [0.03067431478184529, -0.3231293969983551, 0.9458575364229767]], "trans": [-131.2755102076709, 91.34241392234838, 189.19440364779814]}], "rb_4XMM.renamed.noAb_Nup120_2-711_3F7F_updated_1.pdb_43": [{"rot": [[0.529882362276079, 0.8013882910194347, 0.2774914217875401], [-0.8452584486433151, 0.47242710045286584, 0.2497014011870829], [0.06901331136684387, -0.36686433701662263, 0.9277110116192085]], "trans": [-340.64698457577276, 306.68086143472476, 204.87612165448792]}], "rb_4XMM.renamed.noAb_Nup120_2-711_3F7F_updated_1.pdb_44": [{"rot": [[-0.21887825537351946, 0.8939415004044049, 0.39110216463139624], [-0.9671489663272168, -0.25186748221146615, 0.03443324464308731], [0.12928722387319766, -0.37071736573726377, 0.9197029131648891]], "trans": [-336.9578329408418, 607.4073535948069, 203.16013533146634]}], "rb_4XMM.renamed.noAb_Nup120_2-711_3F7F_updated_1.pdb_45": [{"rot": [[-0.8344461169038069, 0.4488600089781216, 0.3197254608634052], [-0.5221665529783427, -0.8294661576939197, -0.19831284424161522], [0.1761867444925183, -0.33243132460802194, 0.9265244980487467]], "trans": [-122.36729900839441, 817.3521878468598, 185.0756985633533]}], "rb_4XMM.renamed.noAb_Nup120_2-711_3F7F_updated_1.pdb_46": [{"rot": [[-0.956212889523493, -0.27312116993286917, 0.10517478996237917], [0.22901181941150875, -0.9220034777555489, -0.31219092487851263], [0.18223747276276703, -0.2744347163555869, 0.9441795856614704]], "trans": [177.41637005667678, 813.5268368590466, 161.24093430065426]}], "rb_4XMM.renamed.noAb_Nup120_2-711_3F7F_updated_1.pdb_47": [{"rot": [[-0.5128458809204721, -0.8490552817878866, -0.12686303989340109], [0.8463352686813118, -0.4752697755280388, -0.2404896119495736], [0.14389480674796357, -0.2307027718464115, 0.9623255767427914]], "trans": [386.7775873055829, 598.1723619726567, 145.6425884198211]}], "rb_4XMM.renamed.noAb_Nup120_2-711_3F7F_updated_1.pdb_48": [{"rot": [[0.23592426379078457, -0.9415520031912846, -0.24045699624101852], [0.9681670139881816, 0.24903204727853367, -0.025212545557082924], [0.08362042083117055, -0.22685428079438819, 0.9703322938587979]], "trans": [383.07151302001625, 297.4465678694128, 147.44239677570906]}], "rb_4XMM.renamed.noAb_Nup120_2-711_3F7F_updated_1.pdb_49": [{"rot": [[0.8514574361793831, -0.49642545054118054, -0.16906213777725443], [0.5231363011037446, 0.8265957702083769, 0.20752793339960235], [0.03672390015128674, -0.26514374352151604, 0.9635092892282214]], "trans": [168.47113111137205, 87.5189817638718, 165.61001115732796]}]}
