{"rb_ScNup133N_56-480_renamed_1.pdb_0": [{"rot": [[-0.6018192429445939, 0.013874938163994426, 0.7985117938468674], [0.12524170560164347, -0.9858384487562601, 0.11152160387944085], [0.7887509835173506, 0.1671228262231015, 0.5915588279753891]], "trans": [737.6203437236311, 285.97735728460054, -366.6835026827725]}], "rb_ScNup133N_56-480_renamed_1.pdb_1": [{"rot": [[-0.32276801370888486, -0.6818655166640349, 0.6564146757278592], [0.5581302485411058, -0.6972386331237111, -0.44983209550144715], [0.7644026654779962, 0.22117347414251193, 0.6056160989817453]], "trans": [401.5762576572752, -200.07732379332725, -337.49258439014113]}], "rb_ScNup133N_56-480_renamed_1.pdb_2": [{"rot": [[0.1797637259707079, -0.9705767506850401, 0.16020541144043116], [0.6661579930704736, 0.00027627778702049577, -0.7458106005809406], [0.723822168141766, 0.24079180779306847, 0.6466071250816054]], "trans": [-178.74595643350568, -305.253398406697, -290.6843409879188]}], "rb_ScNup133N_56-480_renamed_1.pdb_3": [{"rot": [[0.6113857972923501, -0.6831276521811172, -0.3994296154452148], [0.3860407632532459, 0.6980922142041844, -0.603025529786551], [0.6907821190332368, 0.21448513070377098, 0.6905187852122038]], "trans": [-663.3834496518502, 32.062877730834686, -253.6556965561732]}], "rb_ScNup133N_56-480_renamed_1.pdb_4": [{"rot": [[0.7192479050046178, 0.01209004391184735, -0.6946483153255882], [-0.11812481803070529, 0.9874187613699029, -0.10512239085912967], [0.6846378447848769, 0.15766426523767668, 0.7116270097146274]], "trans": [-768.4268317425338, 614.2669906935874, -248.07454820572042]}], "rb_ScNup133N_56-480_renamed_1.pdb_5": [{"rot": [[0.440162905553946, 0.7078080086530796, -0.5525074112270982], [-0.550991444530545, 0.6987643484501826, 0.4562201369833807], [0.7089887478856425, 0.10361567555902673, 0.6975663030493913]], "trans": [-432.338295025883, 1100.2956788251672, -277.1864064332611]}], "rb_ScNup133N_56-480_renamed_1.pdb_6": [{"rot": [[-0.0623772732829696, 0.996464848673863, -0.05627504895738811], [-0.6589797430232338, 0.001226800560618413, 0.7521596860011953], [0.7495697259513714, 0.08400178758668875, 0.6565736254369546]], "trans": [147.99867018038458, 1205.426600408772, -323.9131293107143]}], "rb_ScNup133N_56-480_renamed_1.pdb_7": [{"rot": [[-0.4939775089269418, 0.7089613170285785, 0.5033488567896379], [-0.37882864561674556, -0.6965665514656578, 0.609330695632037], [0.7826078698393687, 0.1103126934506786, 0.6126630654194369]], "trans": [632.6164002464914, 868.072696029911, -360.8575388284885]}], "rb_ScNup133C_490_881_renamed_relative_3CQC_1.pdb_7": [{"rot": [[0.7339061013013113, 0.3318827073199522, -0.5926514178289729], [-0.2847249347830456, 0.9424649893316657, 0.17518976966951275], [0.6166956672342553, 0.040169795444406964, 0.7861760881306774]], "trans": [247.09342967672734, 123.4904580128858, -290.06270309331865]}], "rb_ScNup133C_490_881_renamed_relative_3CQC_1.pdb_8": [{"rot": [[0.3317602098522807, 0.900507771658897, -0.2811065924888665], [-0.6830383393121806, 0.4348316378315067, 0.586839052697101], [0.6506871676838513, -0.0026832671690025234, 0.7593411683089957]], "trans": [-59.21574714850607, 35.14716925830274, -265.17689491189276]}], "rb_ScNup133C_490_881_renamed_relative_3CQC_1.pdb_9": [{"rot": [[-0.2334727575605101, 0.9449065547151475, 0.22943860689396678], [-0.679309895728705, -0.32733054155340624, 0.6568049802882228], [0.6957215944917551, -0.002513846197912062, 0.7183071373271647]], "trans": [-338.1603294763065, 189.98869525920793, -243.65542331141137]}], "rb_ScNup133C_490_881_renamed_relative_3CQC_1.pdb_10": [{"rot": [[-0.6306713588418078, 0.4390696233515108, 0.6398996038337519], [-0.2757237788548734, -0.897536197652662, 0.3441005255404196], [0.7254171454484786, 0.040578809163977964, 0.6871123091141773]], "trans": [-426.3287345211737, 497.30680361393416, -238.08186490699956]}], "rb_ScNup133C_490_881_renamed_relative_3CQC_1.pdb_11": [{"rot": [[-0.6271510528607498, -0.32067661573846196, 0.709822558823106], [0.2912935734803753, -0.9417508172235654, -0.16808763282223307], [0.7223777480963045, 0.10135041379923174, 0.6840310538842798]], "trans": [-272.0687540940502, 777.070330058134, -251.69728389794864]}], "rb_ScNup133C_490_881_renamed_relative_3CQC_1.pdb_12": [{"rot": [[-0.2249740844973553, -0.8892621032738939, 0.3982456189156002], [0.6895754013343851, -0.43407285269534596, -0.5797124497778605], [0.6883839242596393, 0.14420010483289222, 0.7108684143968448]], "trans": [34.25385354439578, 865.3899729302519, -276.5015709607664]}], "rb_ScNup133C_490_881_renamed_relative_3CQC_1.pdb_13": [{"rot": [[0.3402586074858464, -0.9336014436011548, -0.11230505125609591], [0.6858025941765038, 0.3280927860520661, -0.6496383036439373], [0.6433497352549172, 0.14402592907679762, 0.7519026864568279]], "trans": [313.1928990300578, 710.5269569240166, -297.94002009241984]}], "rb_ScNup133C_490_881_renamed_relative_3CQC_1.pdb_14": [{"rot": [[0.737425742344138, -0.4277200259718367, -0.5227416703409533], [0.28218531563639976, 0.8982587213049301, -0.3369016432711761], [0.6136568439831696, 0.10092992114474614, 0.7830954149082555]], "trans": [401.3438698161581, 403.2023371795858, -303.4296806082672]}], "rb_ScNup84_506-726_ScNup133C_882_1155_renamed_relative_3CQC_new_1.pdb_14": [{"rot": [[0.9729472195105919, 0.22303943695554368, 0.06022555611334697], [-0.23102348099995795, 0.9408285767031641, 0.24793091877650217], [-0.0013635517114950965, -0.2551372156727679, 0.9669038948651916]], "trans": [-70.14822936700125, 83.57064054894914, 86.65025674161114]}], "rb_ScNup84_506-726_ScNup133C_882_1155_renamed_relative_3CQC_new_1.pdb_15": [{"rot": [[0.5268670494279133, 0.8163526207989271, 0.23659989590413474], [-0.8491332828480869, 0.49337390728199804, 0.18855995219803343], [0.03719919604984803, -0.3002508719854399, 0.9531346356550197]], "trans": [-304.8175032172286, 252.19868576027295, 104.5756341760358]}], "rb_ScNup84_506-726_ScNup133C_882_1155_renamed_relative_3CQC_new_1.pdb_16": [{"rot": [[-0.22437658908814379, 0.9206345071158385, 0.319510955331342], [-0.9695962431510629, -0.24376543928359412, 0.02148338609765435], [0.0976640749534587, -0.304976253040221, 0.9473390172187734]], "trans": [-351.94901960441564, 537.8544686164114, 106.98369589508906]}], "rb_ScNup84_506-726_ScNup133C_882_1155_renamed_relative_3CQC_new_1.pdb_17": [{"rot": [[-0.8406945800595711, 0.4747952965272341, 0.26038826673657284], [-0.5218434612356619, -0.8387628401107033, -0.15542297132345112], [0.14460990638280946, -0.2665451639873475, 0.9529121945546255]], "trans": [-183.93055833530286, 773.19692056888, 92.48777029126592]}], "rb_ScNup84_506-726_ScNup133C_882_1155_renamed_relative_3CQC_new_1.pdb_18": [{"rot": [[-0.9610391542916329, -0.2599861150712121, 0.09386673472855217], [0.23182516993784852, -0.9430604283314562, -0.2385248815083596], [0.15053516035036327, -0.20747107867234843, 0.9665893217974331]], "trans": [100.81221025762295, 820.3592317305292, 69.60377987702356]}], "rb_ScNup84_506-726_ScNup133C_882_1155_renamed_relative_3CQC_new_1.pdb_19": [{"rot": [[-0.5149107633406915, -0.8532644163472267, -0.08250297928882003], [0.8498999395003266, -0.49555920617014265, -0.17914007373381827], [0.11196873953584632, -0.16236042921735308, 0.9803581449608654]], "trans": [335.4748707988526, 651.7131720294574, 51.76149380247648]}], "rb_ScNup84_506-726_ScNup133C_882_1155_renamed_relative_3CQC_new_1.pdb_20": [{"rot": [[0.23634229096387943, -0.9574888131892728, -0.16540101003119967], [0.9703039325878221, 0.2415883006639074, -0.012057005719943031], [0.051503397038936014, -0.15763967013325506, 0.9861526932953772]], "trans": [382.59064133908396, 366.0540979431736, 49.437179727514604]}], "rb_ScNup84_506-726_ScNup133C_882_1155_renamed_relative_3CQC_new_1.pdb_21": [{"rot": [[0.8526253767423966, -0.5116031843632841, -0.10626452222746727], [0.5225027923533777, 0.8365506888874616, 0.16484470541947902], [0.004560583055651726, -0.19607428865422208, 0.9805784386834802]], "trans": [214.5603525027488, 130.72523965954701, 64.01645851126554]}], "rb_4XMM.renamed.noAb_Nup145c_149-550_Sec13_Nup84_7-436_3IKO_updated_1.pdb_21": [{"rot": [[0.993399776499916, -0.0756741972900679, -0.08619918743481385], [0.07550887335094818, 0.9971316674142249, -0.0051814944754995425], [0.08634404493182353, -0.0013615080730732065, 0.9962644489293894]], "trans": [61.345536918060986, -37.85494513023758, -43.151175811101666]}], "rb_4XMM.renamed.noAb_Nup145c_149-550_Sec13_Nup84_7-436_3IKO_updated_1.pdb_22": [{"rot": [[0.7592027547522755, 0.6492919653730433, -0.04506795844686031], [-0.641746645442518, 0.7583256632043442, 0.11447022140700161], [0.1085007845125206, -0.0579838962790831, 0.992403873195014]], "trans": [-299.7658739247713, 66.19016254249865, -14.83335063639305]}], "rb_4XMM.renamed.noAb_Nup145c_149-550_Sec13_Nup84_7-436_3IKO_updated_1.pdb_23": [{"rot": [[0.08795094908320039, 0.9937758123619055, 0.0683685989310899], [-0.9825880923473823, 0.07527459450740953, 0.16986575934801698], [0.1636620644269699, -0.08211802595155945, 0.983092751718434]], "trans": [-481.8623880123545, 395.88981029602974, -1.882037092756832]}], "rb_4XMM.renamed.noAb_Nup145c_149-550_Sec13_Nup84_7-436_3IKO_updated_1.pdb_24": [{"rot": [[-0.6271268680959061, 0.7559738488882004, 0.18765774993157452], [-0.7473457419023737, -0.6518805916138466, 0.12855363214461477], [0.21951362912724026, -0.059625783637137185, 0.9737856707474426]], "trans": [-378.2673864920695, 758.1014125064831, -11.860292366389388]}], "rb_4XMM.renamed.noAb_Nup145c_149-550_Sec13_Nup84_7-436_3IKO_updated_1.pdb_25": [{"rot": [[-0.9671280288843, 0.07519381816250977, 0.2429182279214805], [-0.07382787991531993, -0.9971621342414673, 0.014735066413541656], [0.243336844504851, -0.003683442024221587, 0.969934849544688]], "trans": [-49.666368604757565, 940.6364222105636, -38.89870892341082]}], "rb_4XMM.renamed.noAb_Nup145c_149-550_Sec13_Nup84_7-436_3IKO_updated_1.pdb_26": [{"rot": [[-0.732875059275774, -0.6497537388176235, 0.20177766572158135], [0.6434092334599089, -0.758299237234442, -0.10491341719816297], [0.22117573508426092, 0.0529371863833247, 0.973796153467323]], "trans": [311.4434694361059, 836.5633737751633, -67.13379620185816]}], "rb_4XMM.renamed.noAb_Nup145c_149-550_Sec13_Nup84_7-436_3IKO_updated_1.pdb_27": [{"rot": [[-0.06159665183387408, -0.9941843214126841, 0.08833678475050497], [0.9841979841648053, -0.07522115362633419, -0.16030004994714364], [0.16601259123569453, 0.07706693911350049, 0.9831075762330824]], "trans": [493.52080619673046, 506.84984319890265, -80.0010370580996]}], "rb_4XMM.renamed.noAb_Nup145c_149-550_Sec13_Nup84_7-436_3IKO_updated_1.pdb_28": [{"rot": [[0.6534628373363898, -0.7563256378672711, -0.03094914740247038], [0.7488995169150563, 0.651915343804248, -0.11897856141752569], [0.11016276042597029, 0.05457026678745535, 0.9924143550947233]], "trans": [389.90408385155797, 144.64678244931542, -69.93861546926627]}], "rb_4XMM.renamed.noAb_Seh1_Nup85_47_544_3F3F_1.pdb_28": [{"rot": [[0.6573431445797212, -0.7289749002843361, 0.19103817689007108], [0.2748177324958335, 0.467933503312615, 0.8399484807911898], [-0.7016945234073645, -0.4996336970551739, 0.5079281096642384]], "trans": [490.2999232833151, -85.92367035746213, 745.3038460561914]}], "rb_4XMM.renamed.noAb_Seh1_Nup85_47_544_3F3F_1.pdb_29": [{"rot": [[0.6458900221068701, -0.19678993078780785, 0.7376312103506146], [-0.30936514772313206, 0.8158524256632572, 0.4885468502749969], [-0.6979393130616929, -0.5437449242796711, 0.4660709952389906]], "trans": [-13.963058528258045, -224.6964570457319, 786.213161552927]}], "rb_4XMM.renamed.noAb_Seh1_Nup85_47_544_3F3F_1.pdb_30": [{"rot": [[0.2260017783202042, 0.424905558201246, 0.8765719952210362], [-0.7141527246919961, 0.6842603163849108, -0.1475591584274438], [-0.6625021373634192, -0.5926576465637686, 0.4580915104631298]], "trans": [-468.48091606226745, 34.92001498173466, 821.2191307559594]}], "rb_4XMM.renamed.noAb_Seh1_Nup85_47_544_3F3F_1.pdb_31": [{"rot": [[-0.3563451331458094, 0.7719135833266428, 0.5264670606591763], [-0.7024147283175628, 0.15024568854157228, -0.6957296763235192], [-0.6161425935007702, -0.6177181015240578, 0.4886641500290909]], "trans": [-606.9887663342357, 540.8388726141716, 829.8387682231735]}], "rb_4XMM.renamed.noAb_Seh1_Nup85_47_544_3F3F_1.pdb_32": [{"rot": [[-0.760003680462929, 0.6409519506567709, -0.10758718618905025], [-0.28102744238172406, -0.4733581592698781, -0.8348386848254066], [-0.5860187559380534, -0.6042455212923865, 0.5398790306049154]], "trans": [-348.34484435489105, 996.6858323897837, 807.0465736905733]}], "rb_4XMM.renamed.noAb_Seh1_Nup85_47_544_3F3F_1.pdb_33": [{"rot": [[-0.7485049950272686, 0.10873983116866229, -0.6541528273550716], [0.30315451945357363, -0.8212353001872388, -0.4833941653156804], [-0.5897775934656182, -0.5601323333318488, 0.5817337530194697]], "trans": [155.93550684023006, 1135.4194346250647, 766.2185409864852]}], "rb_4XMM.renamed.noAb_Seh1_Nup85_47_544_3F3F_1.pdb_34": [{"rot": [[-0.3285851688985027, -0.5129454113506646, -0.7930440036682925], [0.7079091269795519, -0.6895943999934329, 0.15272272730913658], [-0.6252171260602081, -0.5112206651456781, 0.5897092307307213]], "trans": [610.4396605073377, 875.7676957819745, 731.2963122454121]}], "rb_4XMM.renamed.noAb_Seh1_Nup85_47_544_3F3F_1.pdb_35": [{"rot": [[0.25376084290758905, -0.8599117960714683, -0.4428963056788416], [0.6961254240675255, -0.15555255415868466, 0.7008657481012405], [-0.6715763758305022, -0.4861636616118542, 0.5591333164411837]], "trans": [748.9145882589376, 369.838382359493, 722.761826368486]}], "rb_4XMM.renamed.noAb_Nup120_715-1036_Nup85_553-744_Nup145c_92-99_554-712_remaining_updated_1.pdb_35": [{"rot": [[0.9980115010234831, -0.02061335159594406, 0.059566211570291704], [0.0160256017943068, 0.9969411108487529, 0.07649576188773746], [-0.06096083916732998, -0.07538906575649487, 0.995289035834505]], "trans": [-7.037951518630393, -30.92073120623104, 74.34184090376931]}], "rb_4XMM.renamed.noAb_Nup120_715-1036_Nup85_553-744_Nup145c_92-99_554-712_remaining_updated_1.pdb_36": [{"rot": [[0.717625037035968, 0.6867291201848007, 0.11583359490810706], [-0.6955420694864887, 0.7151221003541264, 0.06943782225528138], [-0.03515018909733657, -0.1303974580860876, 0.9908385171818408]], "trans": [-341.0345320497348, 126.05505533932862, 100.24091345973252]}], "rb_4XMM.renamed.noAb_Nup120_715-1036_Nup85_553-744_Nup145c_92-99_554-712_remaining_updated_1.pdb_37": [{"rot": [[0.017709702690301865, 0.988426975276958, 0.15066015058888232], [-0.9995985267524435, 0.01417004769668212, 0.024535587676232207], [0.02211677519362705, -0.15103418253202597, 0.9882810956210368]], "trans": [-466.64043946193846, 473.9331060134566, 108.60112934524238]}], "rb_4XMM.renamed.noAb_Nup120_715-1036_Nup85_553-744_Nup145c_92-99_554-712_remaining_updated_1.pdb_38": [{"rot": [[-0.6917142303476103, 0.7077413562277857, 0.14364399124038435], [-0.7180232101411144, -0.6952874512529067, -0.031906579711495464], [0.07729225855971793, -0.12520995493606463, 0.9891149447620566]], "trans": [-310.2720488106139, 808.9216704459141, 94.54896111670996]}], "rb_4XMM.renamed.noAb_Nup120_715-1036_Nup85_553-744_Nup145c_92-99_554-712_remaining_updated_1.pdb_39": [{"rot": [[-0.9950562192267027, 0.009101856343517435, 0.09889528193680998], [-0.01576691033538191, -0.9976401902592349, -0.06682406241761059], [0.0980536848707645, -0.06805297194552683, 0.992851584020817]], "trans": [36.469745205647826, 934.7798410485876, 66.34037195916795]}], "rb_4XMM.renamed.noAb_Nup120_715-1036_Nup85_553-744_Nup145c_92-99_554-712_remaining_updated_1.pdb_40": [{"rot": [[-0.7146142497395613, -0.6982186545266938, 0.04262844754499431], [0.6957787304247282, -0.7157656716387768, -0.059761706736364835], [0.07223871785764477, -0.01304660010972978, 0.9973020374329231]], "trans": [370.46062393208973, 777.7782436774058, 40.52435604339814]}], "rb_4XMM.renamed.noAb_Nup120_715-1036_Nup85_553-744_Nup145c_92-99_554-712_remaining_updated_1.pdb_41": [{"rot": [[-0.014675181843522678, -0.9998618478958756, 0.007805393014027864], [0.9997802429884093, -0.014789962830108805, -0.014856740205047049], [0.014970129187679163, 0.007585652360073775, 0.9998591666381698]], "trans": [496.04593467863543, 429.8907445901092, 32.24830439986954]}], "rb_4XMM.renamed.noAb_Nup120_715-1036_Nup85_553-744_Nup145c_92-99_554-712_remaining_updated_1.pdb_42": [{"rot": [[0.6947268093470567, -0.7191208879193346, 0.014825954693219626], [0.7181492548745297, 0.6946454821891574, 0.041584874622268744], [-0.040203334409166264, -0.018242878947686947, 0.9990249692926017]], "trans": [339.6579449963407, 94.91486276095247, 46.384449674875896]}], "rb_4XMM.renamed.noAb_Nup120_2-711_3F7F_updated_1.pdb_42": [{"rot": [[0.9989447165300532, 0.04386764052107659, -0.013604537177173495], [-0.0358114028316873, 0.9294053076430583, 0.367319095000708], [0.028757551076510592, -0.36644427167036747, 0.9299954833309977]], "trans": [-21.551165840119097, -47.30590057521431, 221.88137960632253]}], "rb_4XMM.renamed.noAb_Nup120_2-711_3F7F_updated_1.pdb_43": [{"rot": [[0.6835157255475055, 0.679076488177612, 0.26769642532844673], [-0.7276860012533478, 0.605159138409795, 0.32288620407045476], [0.057265491434019364, -0.4154967393415697, 0.9077902417890071]], "trans": [-359.95822278819264, 133.19564541460431, 248.0175305138727]}], "rb_4XMM.renamed.noAb_Nup120_2-711_3F7F_updated_1.pdb_44": [{"rot": [[-0.02730599347150542, 0.899842821301947, 0.4353587941823228], [-0.9929654202455417, -0.07461292097528371, 0.09193794766107496], [0.11521309351427292, -0.42978577102422555, 0.8955501851420629]], "trans": [-472.10079867703365, 500.8307568986322, 255.20850808129114]}], "rb_4XMM.renamed.noAb_Nup120_2-711_3F7F_updated_1.pdb_45": [{"rot": [[-0.7171110549394054, 0.5768386091445491, 0.3911635896704533], [-0.676245235722834, -0.7116908133383619, -0.19023292925240165], [0.16865383495746944, -0.40094065048328864, 0.9004457111587436]], "trans": [-292.28227800137455, 840.2337187096343, 239.26574115798704]}], "rb_4XMM.renamed.noAb_Nup120_2-711_3F7F_updated_1.pdb_46": [{"rot": [[-0.9818019275969311, -0.10071572645338646, 0.16100098574827504], [0.036935402466771225, -0.9328653265348653, -0.35832674836469564], [0.18628137591173, -0.34585925604783935, 0.9196089516715608]], "trans": [74.1590277251048, 952.5776070321424, 209.552732301832]}], "rb_4XMM.renamed.noAb_Nup120_2-711_3F7F_updated_1.pdb_47": [{"rot": [[-0.6663189661000002, -0.7358993021824569, -0.12029651891388463], [0.7287852206248047, -0.6085693121736468, -0.31387178031697605], [0.1577692543377213, -0.2968090452258254, 0.9418138101864149]], "trans": [412.5585481246863, 772.049904833186, 183.4997859553731]}], "rb_4XMM.renamed.noAb_Nup120_2-711_3F7F_updated_1.pdb_48": [{"rot": [[0.044523462396727886, -0.9566126232921552, -0.2879408797901169], [0.9940088401918543, 0.07122005195868897, -0.08291037220664649], [0.0998202730744119, -0.2825243231247551, 0.9540523674967989]], "trans": [524.6789860533215, 404.40640229669464, 176.39309033609607]}], "rb_4XMM.renamed.noAb_Nup120_2-711_3F7F_updated_1.pdb_49": [{"rot": [[0.7343038404016289, -0.6335587142185929, -0.24372366649363664], [0.6772345251725073, 0.7082725713233864, 0.19925702653940783], [0.04638176242648423, -0.3113732813660171, 0.9491551041666326]], "trans": [344.8405214135047, 65.01796377710934, 192.4198528433679]}]}
