{"rb_ScNup133N_56-480_renamed_1.pdb_0": [{"rot": [[0.6166707812366309, 0.11192805778899159, 0.779223496468493], [0.5530827351975853, 0.6427780094930416, -0.5300338843305369], [-0.5601933912456993, 0.7578314722890199, 0.3344769409285123]], "trans": [-9.151975825886552, -108.48098103289351, 411.1619461027807]}], "rb_ScNup133N_56-480_renamed_1.pdb_1": [{"rot": [[0.8160269580093152, 0.5474839258307586, 0.18536816004643222], [-0.0757892512836584, 0.4192758174968022, -0.9046898796008755], [-0.5730235537845908, 0.724202416330769, 0.3836337667473363]], "trans": [-390.553823676717, 92.10265297064711, 440.62733922958614]}], "rb_ScNup133N_56-480_renamed_1.pdb_2": [{"rot": [[0.5137570510479098, 0.698036238614798, -0.4987976564490414], [-0.6617025753345445, -0.04766360381145218, -0.7482498798311511], [-0.5460800255403805, 0.7144743455521726, 0.43740486423176383]], "trans": [-518.9537335541546, 504.4307436985363, 448.89667453364166]}], "rb_ScNup133N_56-480_renamed_1.pdb_3": [{"rot": [[-0.1130649661439056, 0.47538932852460947, -0.8724799709768665], [-0.8614209503481945, -0.48450055758350546, -0.15235864269046528], [-0.4951467052622749, 0.7343461009811304, 0.4642903663029426]], "trans": [-319.13131447400394, 886.9557985714764, 431.14966369739034]}], "rb_ScNup133N_56-480_renamed_1.pdb_4": [{"rot": [[-0.6972379177047234, 0.009972894812457611, -0.7167704147660088], [-0.5579465362125251, -0.6353297968986411, 0.5339023430377247], [-0.4500610501290043, 0.7721765280956073, 0.44854036676199693]], "trans": [91.85655630973804, 1015.5893636368053, 397.8067608027475]}], "rb_ScNup133N_56-480_renamed_1.pdb_5": [{"rot": [[-0.8965450517715994, -0.42556555328136364, -0.1228858413495314], [0.07094107628254953, -0.41179342667377816, 0.9085117156339461], [-0.4372348726253761, 0.8058040292829204, 0.3993814374150063]], "trans": [473.2493025022406, 814.9761995411652, 368.42471340151224]}], "rb_ScNup133N_56-480_renamed_1.pdb_6": [{"rot": [[-0.5942294389775672, -0.5760814517713758, 0.5612677923927085], [0.6568306564220786, 0.0551577955505389, 0.7520180226391794], [-0.46418192838211825, 0.8155291401997747, 0.3456115722143416]], "trans": [601.6235890854782, 402.6384432525747, 360.2399440493831]}], "rb_ScNup133N_56-480_renamed_1.pdb_7": [{"rot": [[0.03260817205248803, -0.35340046504796085, 0.9349036412482705], [0.8564998271172456, 0.49197725978307094, 0.1560974759708299], [-0.5151162521834449, 0.7956547537470133, 0.31872991634965153]], "trans": [401.777862240814, 20.12948316243478, 378.0712109392716]}], "rb_ScNup133C_490_881_renamed_relative_3CQC_1.pdb_7": [{"rot": [[0.7407999059089535, 0.36346300483864713, -0.5648983479520422], [-0.26294244108611164, 0.9307639716928083, 0.2540466525548117], [0.6181235896493207, -0.03966198573306745, 0.7850797123902437]], "trans": [227.32952824580138, 87.0452189777537, -270.24594154135457]}], "rb_ScNup133C_490_881_renamed_relative_3CQC_1.pdb_8": [{"rot": [[0.3520321787161148, 0.913069079575295, -0.20585966353782972], [-0.6724121990165804, 0.3997029541990186, 0.6229762298982708], [0.6511030484969883, -0.08088513045115409, 0.7546670894572173]], "trans": [-98.52896557789899, 24.447059329996023, -243.92719395513382]}], "rb_ScNup133C_490_881_renamed_relative_3CQC_1.pdb_9": [{"rot": [[-0.21160156658526424, 0.9275004616859819, 0.3081682504589836], [-0.6860591510854621, -0.3655271448979241, 0.6290570304468949], [0.696094546904769, -0.07831219518734522, 0.7136662958654991]], "trans": [-373.15450298011956, 211.35315097828624, -222.90598623183644]}], "rb_ScNup133C_490_881_renamed_relative_3CQC_1.pdb_10": [{"rot": [[-0.6199167347618264, 0.3983030440477804, 0.6760605942254774], [-0.2958887203487821, -0.9166437438026335, 0.2687268355000123], [0.7267414307252573, -0.033450441697567695, 0.6860961746123075]], "trans": [-435.6656585912989, 538.2713868543435, -219.47283335361226]}], "rb_ScNup133C_490_881_renamed_relative_3CQC_1.pdb_11": [{"rot": [[-0.6337165430518708, -0.36451186440326266, 0.6823008455011925], [0.26953175346483915, -0.9307949681326864, -0.2469278460867444], [0.7250903232953492, 0.027419482273142656, 0.6881076914664719]], "trans": [-249.44060270785016, 813.6885716300267, -235.61491978279412]}], "rb_ScNup133C_490_881_renamed_relative_3CQC_1.pdb_12": [{"rot": [[-0.24491686918179234, -0.9140765346063174, 0.32323337710127215], [0.6789709843667019, -0.39969083114327475, -0.6158292311088429], [0.6921084666280997, 0.06863911699681591, 0.7185224714924348]], "trans": [76.42931449967836, 876.2615518766147, -261.8519787845621]}], "rb_ScNup133C_490_881_renamed_relative_3CQC_1.pdb_13": [{"rot": [[0.31871795581991524, -0.9284482338945839, -0.19079502513430596], [0.6925736978013386, 0.3655403751488723, -0.6218696867108089], [0.6471170974033622, 0.0660614192554746, 0.7595231077025884]], "trans": [351.0468141045475, 689.3343102818146, -282.78996635196165]}], "rb_ScNup133C_490_881_renamed_relative_3CQC_1.pdb_14": [{"rot": [[0.7270027042162189, -0.3992078181840365, -0.5586592753754686], [0.3023712324404805, 0.9166154203378064, -0.2615106288305871], [0.6164727940912943, 0.021196440731534538, 0.7870908492960548]], "trans": [413.5390060707445, 362.41157744114633, -286.1391092411993]}], "rb_ScNup84_506-726_ScNup133C_882_1155_renamed_relative_3CQC_new_1.pdb_14": [{"rot": [[0.9860101748692846, 0.15167926904371926, 0.06911826384253286], [-0.1623098541751296, 0.9680764551356685, 0.19100651363135795], [-0.0379400354756175, -0.19955294123194728, 0.979152274855034]], "trans": [-58.07879941967735, 51.14890920734513, 88.15173109629796]}], "rb_ScNup84_506-726_ScNup133C_882_1155_renamed_relative_3CQC_new_1.pdb_15": [{"rot": [[0.5838472416246123, 0.7860707177264692, 0.20301533237744665], [-0.8118589618475209, 0.566134554656142, 0.14274695125345724], [-0.002724796358803988, -0.24816223072273727, 0.9687146549565138]], "trans": [-319.0882793397768, 220.85366983288915, 108.17134732511428]}], "rb_ScNup84_506-726_ScNup133C_882_1155_renamed_relative_3CQC_new_1.pdb_16": [{"rot": [[-0.15849218426969686, 0.9514916376478157, 0.26371175743925024], [-0.9856967470164324, -0.16797454388918837, 0.013655604213737876], [0.0572900553904742, -0.2577755149184977, 0.9645048644054937]], "trans": [-384.0930003690134, 525.9550507072252, 111.90940210902241]}], "rb_ScNup84_506-726_ScNup133C_882_1155_renamed_relative_3CQC_new_1.pdb_17": [{"rot": [[-0.8061352001388513, 0.5510361214828632, 0.2156507174071457], [-0.5819865840171445, -0.804199379634179, -0.12064399620393934], [0.10694697340808024, -0.22276119639004482, 0.9689890578648072]], "trans": [-215.0103670226303, 787.7204777798761, 97.20009515022326]}], "rb_ScNup84_506-726_ScNup133C_882_1155_renamed_relative_3CQC_new_1.pdb_18": [{"rot": [[-0.9796833955201768, -0.18070334297618096, 0.08698704719260437], [0.16277242135206116, -0.9698304730292302, -0.1814772504505331], [0.11715623495675652, -0.16363115663323768, 0.979540331578861]], "trans": [89.11054335919505, 852.8041897743409, 72.68435076759584]}], "rb_ScNup84_506-726_ScNup133C_882_1155_renamed_relative_3CQC_new_1.pdb_19": [{"rot": [[-0.5774697905297383, -0.8150634599227597, -0.046906261034945385], [0.8122899426439281, -0.5678387941651046, -0.13320718043950405], [0.08193711067070059, -0.11502460667117445, 0.989977600633003]], "trans": [350.11332670921644, 683.0793473191025, 52.74784259366572]}], "rb_ScNup84_506-726_ScNup133C_882_1155_renamed_relative_3CQC_new_1.pdb_20": [{"rot": [[0.16488321381723497, -0.9804271283719189, -0.107592619420159], [0.986069457688631, 0.1662832633969214, -0.004111073791300157], [0.021921460146336516, -0.10541594882398617, 0.994186565649823]], "trans": [415.10078574101055, 377.97327303989755, 49.09366312267298]}], "rb_ScNup84_506-726_ScNup133C_882_1155_renamed_relative_3CQC_new_1.pdb_21": [{"rot": [[0.8124947603969251, -0.5799219797184156, -0.05952110354332512], [0.5823084762818207, 0.8024766472160013, 0.13018474996445709], [-0.02773270231849092, -0.1404340703406314, 0.989701555576061]], "trans": [246.0042639698433, 116.22152404031112, 63.88648711384229]}], "rb_4XMM.renamed.noAb_Nup145c_149-550_Sec13_Nup84_7-436_3IKO_updated_1.pdb_21": [{"rot": [[0.9954178965101786, -0.01439905546498952, 0.09452977577975474], [0.013286286636977295, 0.9998349613797205, 0.012390504033987806], [-0.09469258627080912, -0.011077779765473993, 0.9954449240921449]], "trans": [-21.6468657952621, -11.42167098118864, 56.78479182105457]}], "rb_4XMM.renamed.noAb_Nup145c_149-550_Sec13_Nup84_7-436_3IKO_updated_1.pdb_22": [{"rot": [[0.7131882895562913, 0.6944462013170268, 0.09543027358300174], [-0.6975940797344148, 0.7164930050690814, -0.0005230741586322168], [-0.06873837035651861, -0.06619854351443141, 0.9954359794970751]], "trans": [-337.991855298063, 149.12740210156863, 81.25953754642066]}], "rb_4XMM.renamed.noAb_Nup145c_149-550_Sec13_Nup84_7-436_3IKO_updated_1.pdb_23": [{"rot": [[0.012453654711802042, 0.9961335613424325, 0.0869645585946623], [-0.9998572939137425, 0.01339849655273817, -0.010289416777305084], [-0.011414827717054446, -0.08682400737913165, 0.9961582672702273]], "trans": [-448.59283564582086, 487.009878972155, 88.47240102033874]}], "rb_4XMM.renamed.noAb_Nup145c_149-550_Sec13_Nup84_7-436_3IKO_updated_1.pdb_24": [{"rot": [[-0.6962857785730354, 0.7139303153165685, 0.07409196602148702], [-0.7164333031234357, -0.697565887447865, -0.011187262610581238], [0.04369710210743409, -0.060871483808592794, 0.9971886610498311]], "trans": [-288.6562797377327, 804.2895573320367, 74.22199001959922]}], "rb_4XMM.renamed.noAb_Nup145c_149-550_Sec13_Nup84_7-436_3IKO_updated_1.pdb_25": [{"rot": [[-0.9978404570539543, 0.013155103827155458, 0.06435344209639728], [-0.013355877446726583, -0.9999071861873606, -0.002690640909701303], [0.06431207354755107, -0.003544327041018909, 0.9979235416312427]], "trans": [48.12663620906869, 915.0996447497093, 46.88040114041678]}], "rb_4XMM.renamed.noAb_Nup145c_149-550_Sec13_Nup84_7-436_3IKO_updated_1.pdb_26": [{"rot": [[-0.7155553981558661, -0.6956680733048267, 0.06345395144789794], [0.6975023137632667, -0.7165096038518401, 0.010223007530593273], [0.03835354566257865, 0.05157440617623482, 0.9979324056080549]], "trans": [364.4656447330963, 754.5261463888473, 22.488727565806414]}], "rb_4XMM.renamed.noAb_Nup145c_149-550_Sec13_Nup84_7-436_3IKO_updated_1.pdb_27": [{"rot": [[-0.014797169600601068, -0.9973006045086655, 0.07192042838069808], [0.9997105189952341, -0.013391440079362327, 0.0199886853715349], [-0.018971609897223074, 0.07219538475036283, 0.9972100603376686]], "trans": [475.0468076002185, 416.63539847075015, 15.359960499558781]}], "rb_4XMM.renamed.noAb_Nup145c_149-550_Sec13_Nup84_7-436_3IKO_updated_1.pdb_28": [{"rot": [[0.6939201776331434, -0.7150418999864621, 0.0847930913302386], [0.7162309104885956, 0.697550770826046, 0.020885520837842467], [-0.07408150872022892, 0.04623854867684303, 0.9961796658645443]], "trans": [315.09203374774233, 99.36868218056418, 29.694237105883985]}], "rb_4XMM.renamed.noAb_Seh1_Nup85_47_544_3F3F_1.pdb_28": [{"rot": [[0.721411644418649, -0.6613894690130735, 0.2052540123256669], [0.33142700770937056, 0.5899911341556124, 0.7362517233790267], [-0.6080471839076251, -0.46311384334349004, 0.6448288069291167]], "trans": [421.6905482714617, -147.14406358709005, 642.3881391103733]}], "rb_4XMM.renamed.noAb_Seh1_Nup85_47_544_3F3F_1.pdb_29": [{"rot": [[0.7330711423144948, -0.062104451329004426, 0.677310665375088], [-0.30909589746966387, 0.8566310970979335, 0.4130894450990164], [-0.6058600716940705, -0.5121778993766849, 0.6087753057713013]], "trans": [-107.7974129044643, -225.5598332483873, 685.014376267736]}], "rb_4XMM.renamed.noAb_Seh1_Nup85_47_544_3F3F_1.pdb_30": [{"rot": [[0.28981827239739655, 0.5497623441470936, 0.7834326607580772], [-0.7701007586559405, 0.6199916782695547, -0.15018368884151576], [-0.5682870669847525, -0.5597961091633211, 0.6030573154049901]], "trans": [-537.6133044590915, 94.61162391630887, 717.7568172296445]}], "rb_4XMM.renamed.noAb_Seh1_Nup85_47_544_3F3F_1.pdb_31": [{"rot": [[-0.34868318426974293, 0.8157707213035057, 0.4614522372591441], [-0.7815244279979954, 0.018699585835945942, -0.6235943344290172], [-0.517338965717756, -0.5780730539936288, 0.6310245152104317]], "trans": [-615.9630033763849, 625.8094706775527, 721.4584833133821]}], "rb_4XMM.renamed.noAb_Seh1_Nup85_47_544_3F3F_1.pdb_32": [{"rot": [[-0.8083900715007754, 0.5800892220838882, -0.10000993311206463], [-0.33667475892151555, -0.5949997942367817, -0.7298118603882275], [-0.48286188398351515, -0.5563018418810921, 0.6762933252040816]], "trans": [-296.94623796057533, 1056.850635308148, 693.9748912347898]}], "rb_4XMM.renamed.noAb_Seh1_Nup85_47_544_3F3F_1.pdb_33": [{"rot": [[-0.8199996128886512, -0.019216608159767806, -0.5720413943354926], [0.30384904004816327, -0.8615927119407651, -0.40661254234512484], [-0.48505298238880085, -0.5072363558553253, 0.7123446382014382]], "trans": [232.55438581062725, 1135.2252426822497, 651.4303216533417]}], "rb_4XMM.renamed.noAb_Seh1_Nup85_47_544_3F3F_1.pdb_34": [{"rot": [[-0.37671077539381986, -0.6310649638585225, -0.6781194607828528], [0.7648190960890379, -0.6249052771248716, 0.15666890208025666], [-0.5226286845933091, -0.4596198494535757, 0.7180590867251373]], "trans": [662.3518499125211, 815.0204595133251, 618.771988209468]}], "rb_4XMM.renamed.noAb_Seh1_Nup85_47_544_3F3F_1.pdb_35": [{"rot": [[0.2617915896066379, -0.8970264511822298, -0.3561021054285447], [0.7761926506945734, -0.02359232639708242, 0.630054260475162], [-0.5735766144282379, -0.4413467435187284, 0.6900890662562712]], "trans": [740.6666530692366, 283.8168794643527, 615.1556080182778]}], "rb_4XMM.renamed.noAb_Nup120_715-1036_Nup85_553-744_Nup145c_92-99_554-712_remaining_updated_1.pdb_35": [{"rot": [[0.9876058751768443, -0.10170990897724261, 0.11953965757029059], [0.09344898062247309, 0.9929586391999142, 0.07280404424808574], [-0.1261028284250673, -0.060730842692141206, 0.9901564731945666]], "trans": [21.950025507798728, -70.69426552868754, 103.8312385918579]}], "rb_4XMM.renamed.noAb_Nup120_715-1036_Nup85_553-744_Nup145c_92-99_554-712_remaining_updated_1.pdb_36": [{"rot": [[0.7635429389040741, 0.6267185403518112, 0.15564720244523045], [-0.63721462409282, 0.7703043224569145, 0.024264658382968644], [-0.10468860153797788, -0.1177077821704717, 0.9875146453215432]], "trans": [-347.9406905009414, 79.20007991354436, 132.62575055808193]}], "rb_4XMM.renamed.noAb_Nup120_715-1036_Nup85_553-744_Nup145c_92-99_554-712_remaining_updated_1.pdb_37": [{"rot": [[0.09000837179512733, 0.9850367111127389, 0.14697336754320633], [-0.9947218321064493, 0.0962135928797766, -0.03565699476898224], [-0.049264284604374195, -0.14298818939116917, 0.988497550809842]], "trans": [-503.92856148075424, 447.53451045795407, 143.30806711851125]}], "rb_4XMM.renamed.noAb_Nup120_715-1036_Nup85_553-744_Nup145c_92-99_554-712_remaining_updated_1.pdb_38": [{"rot": [[-0.6384317799001786, 0.7633367665875811, 0.09859940765089606], [-0.7696398801123975, -0.6344216954659244, -0.07185796589604468], [0.007701776033169898, -0.12176244535060715, 0.9925293897654498]], "trans": [-354.6317798434206, 818.5336399713349, 129.64434151256967]}], "rb_4XMM.renamed.noAb_Nup120_715-1036_Nup85_553-744_Nup145c_92-99_554-712_remaining_updated_1.pdb_39": [{"rot": [[-0.9950470043125946, 0.09149366024839352, 0.03886347054604953], [-0.09382494924430397, -0.9935850887097116, -0.06313121567829261], [0.032838058831726115, -0.06646489019073792, 0.9972482540792429]], "trans": [12.49140798255172, 974.8610640922019, 99.66298175993495]}], "rb_4XMM.renamed.noAb_Nup120_715-1036_Nup85_553-744_Nup145c_92-99_554-712_remaining_updated_1.pdb_40": [{"rot": [[-0.7709270747066634, -0.6369174432235285, 0.002759710461398993], [0.6368210450047773, -0.7708736068855299, -0.014588997440463256], [0.011419374906312826, -0.009489611419740609, 0.9998897665002139]], "trans": [382.37697547102374, 824.9380903490502, 70.95149604205989]}], "rb_4XMM.renamed.noAb_Nup120_715-1036_Nup85_553-744_Nup145c_92-99_554-712_remaining_updated_1.pdb_41": [{"rot": [[-0.097364605936547, -0.9951830488177742, 0.011438219117549872], [0.9942753770952155, -0.0967547762778786, 0.04533197292844576], [-0.044006908696119555, 0.01578646930690393, 0.9989064918068329]], "trans": [538.3426551400112, 456.5918274697278, 60.35348242561065]}], "rb_4XMM.renamed.noAb_Nup120_715-1036_Nup85_553-744_Nup145c_92-99_554-712_remaining_updated_1.pdb_42": [{"rot": [[0.6310580105614108, -0.7734261132321958, 0.05981500377675692], [0.7691362591823496, 0.6338630870677686, 0.08152914610064536], [-0.10097129353066733, -0.005443732493210937, 0.9948744461786556]], "trans": [389.02346606260124, 85.60482672642752, 74.10141162028191]}], "rb_4XMM.renamed.noAb_Nup120_2-711_3F7F_updated_1.pdb_42": [{"rot": [[0.9319080766281156, 0.35049624403283164, 0.09327228760014893], [-0.3593878832682649, 0.8577088304977492, 0.3676627686428698], [0.04886395476466433, -0.3761488335819508, 0.9252698897725438]], "trans": [-194.89161667542885, 191.71242191929042, 215.9345881313044]}], "rb_4XMM.renamed.noAb_Nup120_2-711_3F7F_updated_1.pdb_43": [{"rot": [[0.4082700506684347, 0.8457212661976763, 0.3436147634025548], [-0.9080837633645693, 0.33780282594533007, 0.2475340976451343], [0.0932708123736232, -0.41309174608596205, 0.9059005270308746]], "trans": [-314.45867225530515, 424.0270250776141, 224.3757408747985]}], "rb_4XMM.renamed.noAb_Nup120_2-711_3F7F_updated_1.pdb_44": [{"rot": [[-0.34890598256867456, 0.8295484196298739, 0.43602068163949137], [-0.9244675579873891, -0.3809672248719964, -0.014956864717031532], [0.15370214558236187, -0.40830551436749996, 0.8998123456479524]], "trans": [-235.27851948119365, 673.0493913862654, 216.8942193050956]}], "rb_4XMM.renamed.noAb_Nup120_2-711_3F7F_updated_1.pdb_45": [{"rot": [[-0.8960556266308443, 0.31145198588598, 0.31635735248431407], [-0.39894140923517263, -0.877535691527723, -0.2660392115693016], [0.19475642731540277, -0.3645939804531067, 0.910571888121251]], "trans": [-3.7340949490595676, 792.8988242414508, 197.8968091483683]}], "rb_4XMM.renamed.noAb_Nup120_2-711_3F7F_updated_1.pdb_46": [{"rot": [[-0.9126509052164744, -0.4050598389871165, 0.054725241409066885], [0.3606340550343342, -0.8610057646395459, -0.35862536386452554], [0.19238348046815817, -0.30756397724246215, 0.9318760627603628]], "trans": [244.5345260130507, 713.3659527947789, 178.53646603909712]}], "rb_4XMM.renamed.noAb_Nup120_2-711_3F7F_updated_1.pdb_47": [{"rot": [[-0.3889700701366754, -0.9002443251620252, -0.19560787190560416], [0.9092888178380084, -0.3410609084505286, -0.2384770481234139], [0.14797341076229462, -0.27062448473940703, 0.951244583672834]], "trans": [364.0899979972417, 481.042371348377, 170.17875685271736]}], "rb_4XMM.renamed.noAb_Nup120_2-711_3F7F_updated_1.pdb_48": [{"rot": [[0.3682072615190321, -0.8840154185362297, -0.2879933199830672], [0.9256131830933021, 0.3777078490613303, 0.024021158201638082], [0.0875422632134897, -0.2754151784990754, 0.9573310982119936]], "trans": [284.89695312228315, 232.0266264712252, 177.7437503754967]}], "rb_4XMM.renamed.noAb_Nup120_2-711_3F7F_updated_1.pdb_49": [{"rot": [[0.9153159326663589, -0.3658802414387041, -0.16831040470472647], [0.4000441074601141, 0.8742356351061036, 0.275094104620706], [0.04649145613501383, -0.31912960256827133, 0.9465700403409474]], "trans": [53.34970703712173, 112.1957694295412, 196.82377163656852]}]}
