{"rb_ScNup133N_56-480_renamed_1.pdb_0": [{"rot": [[-0.41417339925468155, -0.768517987672222, 0.48768893566910626], [0.8140923728183153, -0.552414702165205, -0.17914129995837927], [0.40707984949991377, 0.3228282816854361, 0.8544401071316593]], "trans": [860.9568107947314, -119.53214054371523, -266.9394442243319]}], "rb_ScNup133N_56-480_renamed_1.pdb_1": [{"rot": [[0.2883493338319371, -0.9278993414859327, 0.23634185780063494], [0.8909864977414772, 0.16960601954769533, -0.4211613217943551], [0.3507103113982531, 0.33201899072668145, 0.8756515672776364]], "trans": [205.10650706771366, -567.9909419591909, -212.4409118395797]}], "rb_ScNup133N_56-480_renamed_1.pdb_2": [{"rot": [[0.8394924108002331, -0.5316926575004888, -0.11205092667570961], [0.44699882275143876, 0.7930023578365422, -0.41393153168672386], [0.3089410051573685, 0.2974057471296702, 0.9033854531187682]], "trans": [-574.9347605358608, -419.73740193611405, -150.94687795049185]}], "rb_ScNup133N_56-480_renamed_1.pdb_3": [{"rot": [[0.9163884460447934, 0.18799860229119222, -0.3533960122754235], [-0.257776411916418, 0.9525799478433589, -0.16168724262057638], [0.3062409793203881, 0.23926547704026602, 0.9213948632815291]], "trans": [-1022.2059055326814, 238.37958220026158, -118.45740977398708]}], "rb_ScNup133N_56-480_renamed_1.pdb_4": [{"rot": [[0.4739906578852576, 0.8095691502563807, -0.34631004488848754], [-0.8104719364628539, 0.5548559872981335, 0.1878032842246621], [0.34419194709297923, 0.1916575704546504, 0.9191296313598906]], "trans": [-874.6872713212022, 1020.8259184885503, -133.98129096817678]}], "rb_ScNup133N_56-480_renamed_1.pdb_5": [{"rot": [[-0.22853809156570476, 0.9688941952523429, -0.09494408412230904], [-0.8873109196016709, -0.16717721980389738, 0.4298035704066224], [0.4005616964453124, 0.1824714103221596, 0.8979167621533186]], "trans": [-218.79544049598678, 1469.2336274329105, -188.4004081415933]}], "rb_ScNup133N_56-480_renamed_1.pdb_6": [{"rot": [[-0.7796465552243529, 0.5726388794373101, 0.25344814594623777], [-0.44328000158048764, -0.7905424400741436, 0.4225464360758773], [0.44232803339332505, 0.21708837877326462, 0.8701830535444784]], "trans": [561.2408177100031, 1320.9192673802193, -249.81127024331028]}], "rb_ScNup133N_56-480_renamed_1.pdb_7": [{"rot": [[-0.8564876244501133, -0.14706484598431888, 0.49477356461255434], [0.2615012449879426, -0.9500635380286895, 0.17028321284897105], [0.44502364884752016, 0.27522936759005295, 0.8521753030817202]], "trans": [1008.4671780677216, 662.7675984769999, -282.2145234597997]}], "rb_ScNup133C_490_881_renamed_relative_3CQC_1.pdb_7": [{"rot": [[0.8067761387746857, 0.1775157490953891, 0.5635604854200763], [-0.09577739834876767, 0.9804774789774673, -0.17172828300408782], [-0.5830428387943297, 0.08456992397474095, 0.8080278312592679]], "trans": [-105.91555579942872, 112.15345466686156, 361.13649528439726]}], "rb_ScNup133C_490_881_renamed_relative_3CQC_1.pdb_8": [{"rot": [[0.4929092484843485, 0.8187467068601746, 0.2944389627142], [-0.6698936497270704, 0.573059932110664, -0.4720644153764041], [-0.5552323574990382, 0.03544212486491846, 0.8309397601337414]], "trans": [-304.597553148407, 313.427281996625, 376.03462680159447]}], "rb_ScNup133C_490_881_renamed_relative_3CQC_1.pdb_9": [{"rot": [[-0.1338004046211565, 0.9851459177433217, -0.10763351000911855], [-0.8530472455875877, -0.16977109992462103, -0.4934452050894952], [-0.5043885888069282, 0.025793301146858627, 0.86309145349569]], "trans": [-303.2610843934441, 596.629992050894, 374.59142534677164]}], "rb_ScNup133C_490_881_renamed_relative_3CQC_1.pdb_10": [{"rot": [[-0.7062174691465156, 0.5792343777806093, -0.40711720900669396], [-0.5379442270095267, -0.8128547246445663, -0.22334548406029725], [-0.46029652931497594, 0.06127586980301537, 0.8856479960348077]], "trans": [-102.68715843614297, 795.8575609168453, 357.6763435824911]}], "rb_ScNup133C_490_881_renamed_relative_3CQC_1.pdb_11": [{"rot": [[-0.8890119576121636, -0.1611992095650919, -0.4285703606855906], [0.09082361477152215, -0.9794634872091192, 0.1800065227262189], [-0.4487859291716061, 0.12110364181039394, 0.8853954470844296]], "trans": [179.62710414461674, 794.3997864392632, 335.22247981010764]}], "rb_ScNup133C_490_881_renamed_relative_3CQC_1.pdb_12": [{"rot": [[-0.5751002812726367, -0.8023984087130884, -0.15942540630287252], [0.6649152124136513, -0.5719956253244127, 0.4803215224312163], [-0.47659986024026657, 0.17022866475548656, 0.8624817533806272]], "trans": [378.2999410371878, 593.1107702569147, 320.40762892814934]}], "rb_ScNup133C_490_881_renamed_relative_3CQC_1.pdb_13": [{"rot": [[0.05162367371773341, -0.9687396878937765, 0.24264874492020752], [0.848019613326575, 0.170848442220639, 0.5016707537860121], [-0.527444529524508, 0.1798728075342348, 0.8303300797781692]], "trans": [376.9479164421659, 309.90857301972756, 321.9345443738512]}], "rb_ScNup133C_490_881_renamed_relative_3CQC_1.pdb_14": [{"rot": [[0.6240161777178231, -0.5627779803510725, 0.5421113859516368], [0.53287167768345, 0.8139001865567929, 0.23154753603880449], [-0.5715344128477847, 0.14438639532443434, 0.8077753300119733]], "trans": [176.36497877012516, 110.6971518154063, 338.9327424507999]}], "rb_ScNup84_506-726_ScNup133C_882_1155_renamed_relative_3CQC_new_1.pdb_14": [{"rot": [[0.994791185587044, 0.10019051534006101, -0.018771193734457115], [-0.09709383927295828, 0.9874223457805814, 0.1247793950474644], [0.031036808044005906, -0.12230687506868627, 0.9920069278273075]], "trans": [-19.70126737259875, 27.01000058932351, 19.72473209089162]}], "rb_ScNup84_506-726_ScNup133C_882_1155_renamed_relative_3CQC_new_1.pdb_15": [{"rot": [[0.6374126885408546, 0.7647339079262009, 0.094271493862355], [-0.7679602603382466, 0.6205507530209824, 0.15859950020824135], [0.06278616908469342, -0.17349009479798053, 0.9828321748796462]], "trans": [-310.251249263079, 172.79661565776, 42.215282315049706]}], "rb_ScNup84_506-726_ScNup133C_882_1155_renamed_relative_3CQC_new_1.pdb_16": [{"rot": [[-0.08827417087067946, 0.9762041275560992, 0.19807365321902265], [-0.9886335999257992, -0.11015839430624108, 0.10231682785165831], [0.1217015852602144, -0.18679033568765352, 0.9748323418100391]], "trans": [-413.01167042194936, 481.9468826981217, 48.94300044089789]}], "rb_ScNup84_506-726_ScNup133C_882_1155_renamed_relative_3CQC_new_1.pdb_17": [{"rot": [[-0.7571517982195642, 0.6107189378404638, 0.23182651577396288], [-0.6298403042111387, -0.7766453746978245, -0.01109743897011825], [0.1732695750675806, -0.15441612909113805, 0.9726938436283066]], "trans": [-267.7821138731412, 773.3563330545787, 35.990699230675716]}], "rb_ScNup84_506-726_ScNup133C_882_1155_renamed_relative_3CQC_new_1.pdb_18": [{"rot": [[-0.9773822482302773, -0.11761528374411037, 0.17575717872712984], [0.09823345519061641, -0.9884727175739548, -0.11520362361172937], [0.18728088296898063, -0.09533274170898606, 0.977669442722133]], "trans": [40.36181175956983, 876.3133186302482, 10.970024261964625]}], "rb_ScNup84_506-726_ScNup133C_882_1155_renamed_relative_3CQC_new_1.pdb_19": [{"rot": [[-0.6199514180371979, -0.7821300806808553, 0.0627118502982106], [0.7690718041819105, -0.6215489787122603, -0.14901485521291583], [0.15552748723633286, -0.04415205494542421, 0.9868443629864071]], "trans": [330.90696335045396, 730.5043023765854, -11.437555375860711]}], "rb_ScNup84_506-726_ScNup133C_882_1155_renamed_relative_3CQC_new_1.pdb_20": [{"rot": [[0.10575267225786228, -0.9935433152655896, -0.04108592218000309], [0.989688179102923, 0.10917674203736011, -0.09272403756333711], [0.09661097481270231, -0.030856436754230377, 0.9948438067639414]], "trans": [433.6498077501978, 421.3463787172951, -18.081358682902817]}], "rb_ScNup84_506-726_ScNup133C_882_1155_renamed_relative_3CQC_new_1.pdb_21": [{"rot": [[0.7746023341323838, -0.6280061337519681, -0.07482994004118174], [0.6308423968340385, 0.7756350142271167, 0.020692874657354785], [0.04504546939867684, -0.06323464774002238, 0.9969815870976992]], "trans": [288.40405137458936, 129.94873525389266, -5.045347103083259]}], "rb_4XMM.renamed.noAb_Nup145c_149-550_Sec13_Nup84_7-436_3IKO_updated_1.pdb_21": [{"rot": [[0.9975314344398974, -0.02400636530634961, 0.06599039118734137], [0.02459663447736234, 0.9996642612366516, -0.008146801738478739], [-0.06577266055639897, 0.009749832355335337, 0.9977870002622681]], "trans": [-10.371629750723173, -12.011772563163788, 31.22179055890456]}], "rb_4XMM.renamed.noAb_Nup145c_149-550_Sec13_Nup84_7-436_3IKO_updated_1.pdb_22": [{"rot": [[0.7232320619705779, 0.687926575229843, 0.060765217273738154], [-0.6894203168446872, 0.7243428408151702, 0.005203429789979053], [-0.04043527246794133, -0.04565606260232252, 0.9981385237972209]], "trans": [-330.91973755898084, 139.29135503875392, 56.07653672982906]}], "rb_4XMM.renamed.noAb_Nup145c_149-550_Sec13_Nup84_7-436_3IKO_updated_1.pdb_23": [{"rot": [[0.025896049593591486, 0.9974516819917354, 0.06647959617283661], [-0.9995258814795658, 0.02472714058433978, 0.018346137768442836], [0.01665553565462954, -0.06692316945856257, 0.9976191069349448]], "trans": [-451.01126866767515, 473.6201190891168, 64.06314635619174]}], "rb_4XMM.renamed.noAb_Nup145c_149-550_Sec13_Nup84_7-436_3IKO_updated_1.pdb_24": [{"rot": [[-0.6859673342028487, 0.7232447831342054, 0.0797859641528024], [-0.7240558471756998, -0.6893380976792465, 0.02358213855094602], [0.07205516343271715, -0.041592917150792726, 0.9965330313971386]], "trans": [-300.2929975234803, 795.1201323668287, 50.52695580886035]}], "rb_4XMM.renamed.noAb_Nup145c_149-550_Sec13_Nup84_7-436_3IKO_updated_1.pdb_25": [{"rot": [[-0.9953384819170765, 0.025940146325268518, 0.09288926323118306], [-0.024384444155778527, -0.9995433890809199, 0.017844109051487228], [0.09330972777916609, 0.015495875362537874, 0.9955165355475143]], "trans": [32.94410084897487, 915.4522707387982, 23.421661271934624]}], "rb_4XMM.renamed.noAb_Nup145c_149-550_Sec13_Nup84_7-436_3IKO_updated_1.pdb_26": [{"rot": [[-0.7209834130849145, -0.6859713401970212, 0.09811339605134617], [0.6896109543243462, -0.7241661000229715, 0.004493467857065329], [0.06796800521046928, 0.07089978847514575, 0.995165096987373]], "trans": [353.4869489192826, 764.1243876587539, -1.3500686290145154]}], "rb_4XMM.renamed.noAb_Nup145c_149-550_Sec13_Nup84_7-436_3IKO_updated_1.pdb_27": [{"rot": [[-0.023623195434714084, -0.9954418896759467, 0.0923979919469674], [0.9996617764998985, -0.024526129255323548, -0.008648791176586478], [0.010875534125657567, 0.0921624286904903, 0.9956845933805294]], "trans": [473.55893997296323, 429.7866075533169, -9.252600335433215]}], "rb_4XMM.renamed.noAb_Nup145c_149-550_Sec13_Nup84_7-436_3IKO_updated_1.pdb_28": [{"rot": [[0.6882187227549685, -0.7211792906920057, 0.07909121522958973], [0.7241358790238476, 0.689517563422748, -0.013883747401702562], [-0.04452211090994407, 0.06682784156719569, 0.996770696414973]], "trans": [322.82212197496034, 108.29883296613116, 4.367485553182462]}], "rb_4XMM.renamed.noAb_Seh1_Nup85_47_544_3F3F_1.pdb_28": [{"rot": [[0.6982922983042288, -0.6849129301648227, 0.20804361134634244], [0.31071423854204877, 0.5518556533959933, 0.7738940494551625], [-0.6448600841238556, -0.47576214215499685, 0.5981687521058383]], "trans": [443.7077614523727, -127.95697448675196, 679.347172491482]}], "rb_4XMM.renamed.noAb_Seh1_Nup85_47_544_3F3F_1.pdb_29": [{"rot": [[0.7013508238119299, -0.10591638482197449, 0.7049033560457517], [-0.3095686042525617, 0.8455154597899508, 0.43505273992620946], [-0.6420858986143841, -0.5233405456129161, 0.5602145768525908]], "trans": [-77.93114248869608, -225.38077394687105, 721.4402742262305]}], "rb_4XMM.renamed.noAb_Seh1_Nup85_47_544_3F3F_1.pdb_30": [{"rot": [[0.2662810033942974, 0.5106451397976974, 0.8175181762091341], [-0.7501662508010416, 0.6423659231538513, -0.15689683530843404], [-0.6052644243555272, -0.5714958984731938, 0.5541185925755262]], "trans": [-515.5935112777136, 75.78766805548537, 754.9005866514872]}], "rb_4XMM.renamed.noAb_Seh1_Nup85_47_544_3F3F_1.pdb_31": [{"rot": [[-0.3520471276635514, 0.8035812090544922, 0.4799167223158163], [-0.7529703873284749, 0.0614149064575889, -0.655182268587303], [-0.5559662001509105, -0.5920181160398039, 0.5834519128175274]], "trans": [-612.8886448994103, 599.1197485154842, 760.1505918593184]}], "rb_4XMM.renamed.noAb_Seh1_Nup85_47_544_3F3F_1.pdb_32": [{"rot": [[-0.7914082317612811, 0.6012857431792028, -0.11012931376299634], [-0.3163383111187664, -0.5570082933088307, -0.7679009272710267], [-0.5230708208445596, -0.5728849938989584, 0.6310306649810145]], "trans": [-312.8177688775481, 1038.0402725125027, 734.1387676750896]}], "rb_4XMM.renamed.noAb_Seh1_Nup85_47_544_3F3F_1.pdb_33": [{"rot": [[-0.7944183791268739, 0.022266278447643117, -0.6069626444432266], [0.303944751072162, -0.8506226459551222, -0.42902063176959276], [-0.5258488634589831, -0.525304984777787, 0.6689825451882111]], "trans": [208.8352799541778, 1135.423525104879, 692.1272123738295]}], "rb_4XMM.renamed.noAb_Seh1_Nup85_47_544_3F3F_1.pdb_34": [{"rot": [[-0.35931418299048773, -0.5942794185259868, -0.7195312992624332], [0.7445082354216876, -0.6474247237387161, 0.16293776260009235], [-0.5626729114602507, -0.4771511288976001, 0.6750748068922308]], "trans": [646.4807036214178, 834.2211406153172, 658.7508923151322]}], "rb_4XMM.renamed.noAb_Seh1_Nup85_47_544_3F3F_1.pdb_35": [{"rot": [[0.2590141835820169, -0.8871701851602073, -0.38189097300949193], [0.7472638408527293, -0.06645073458468581, 0.6611966818029066], [-0.611970918310143, -0.4566326340023793, 0.6457385172859686]], "trans": [743.7415554786928, 310.8818396266028, 653.5861312966823]}], "rb_4XMM.renamed.noAb_Nup120_715-1036_Nup85_553-744_Nup145c_92-99_554-712_remaining_updated_1.pdb_35": [{"rot": [[0.9979570621965759, -0.046920896558739135, 0.043360482909043395], [0.04638320302627142, 0.9988348417602768, 0.013325065206154698], [-0.04393518509127995, -0.011286644844624612, 0.9989706257739253]], "trans": [11.84593040244988, -29.781022516467374, 30.780633849529522]}], "rb_4XMM.renamed.noAb_Nup120_715-1036_Nup85_553-744_Nup145c_92-99_554-712_remaining_updated_1.pdb_36": [{"rot": [[0.7393248179756972, 0.6706808985662956, 0.05988276733343348], [-0.6730571848858798, 0.7386940097630489, 0.036403101704178244], [-0.019820176555683165, -0.06721824334580917, 0.9975414118535665]], "trans": [-327.70463401903953, 111.04317664727122, 57.20097841150795]}], "rb_4XMM.renamed.noAb_Nup120_715-1036_Nup85_553-744_Nup145c_92-99_554-712_remaining_updated_1.pdb_37": [{"rot": [[0.049248259274668915, 0.9949166595403868, 0.08783763161318808], [-0.9981096950894558, 0.04578701703486188, 0.040994946511537414], [0.03676473210632065, -0.08969052146157043, 0.9952908945796214]], "trans": [-468.6243907950955, 451.44471463700177, 66.81817967990361]}], "rb_4XMM.renamed.noAb_Nup120_715-1036_Nup85_553-744_Nup145c_92-99_554-712_remaining_updated_1.pdb_38": [{"rot": [[-0.6680160357399685, 0.7358445058606823, 0.11084872208964064], [-0.7383539838668082, -0.6739714500955148, 0.024410632195069455], [0.09267130355331754, -0.06553890181257405, 0.993537458703461]], "trans": [-328.3586460984711, 792.0116876318344, 54.02235045033916]}], "rb_4XMM.renamed.noAb_Nup120_715-1036_Nup85_553-744_Nup145c_92-99_554-712_remaining_updated_1.pdb_39": [{"rot": [[-0.992284529622081, 0.045232558070119694, 0.11543581750530951], [-0.045958609407692017, -0.9989367329887201, -0.0036345160798068447], [0.1151486799489993, -0.00891174372703916, 0.9933082916847856]], "trans": [10.92486241981544, 933.2352776522561, 26.333472807871942]}], "rb_4XMM.renamed.noAb_Nup120_715-1036_Nup85_553-744_Nup145c_92-99_554-712_remaining_updated_1.pdb_40": [{"rot": [[-0.7335961664697637, -0.6723489671871252, 0.09891173268765055], [0.6734614551549623, -0.7387395869154256, -0.026711255017078293], [0.09102929726976847, 0.04701796514559891, 0.9947376427943901]], "trans": [350.47098491154514, 792.3848312068639, -0.003913410179393395]}], "rb_4XMM.renamed.noAb_Nup120_715-1036_Nup85_553-744_Nup145c_92-99_554-712_remaining_updated_1.pdb_41": [{"rot": [[-0.04349423692356419, -0.9965306945158525, 0.07095650951244423], [0.9984597921774419, -0.045807168825126865, -0.031300905565272256], [0.034442629972414124, 0.06948581273885368, 0.9969881779984175]], "trans": [491.37072855999963, 451.9726426098431, -9.536991098948022]}], "rb_4XMM.renamed.noAb_Nup120_715-1036_Nup85_553-744_Nup145c_92-99_554-712_remaining_updated_1.pdb_42": [{"rot": [[0.6737498182511471, -0.7374023970845387, 0.047946711884373217], [0.7386477933554263, 0.6739309404177839, -0.014714785719183988], [-0.021462054368264562, 0.045329817135945444, 0.9987415020418026]], "trans": [351.0849501887927, 111.41708854836736, 3.342855969228424]}], "rb_4XMM.renamed.noAb_Nup120_2-711_3F7F_updated_1.pdb_42": [{"rot": [[0.9900225732322756, 0.11605860517258666, 0.07991060415199622], [-0.13724140294411355, 0.9227454705247693, 0.3601466283945378], [-0.03193903267907239, -0.3675203352080202, 0.9294668909649819]], "trans": [-83.24309364808767, 20.56095714563662, 260.9548258572427]}], "rb_4XMM.renamed.noAb_Nup120_2-711_3F7F_updated_1.pdb_43": [{"rot": [[0.6044834318554136, 0.7255393075665799, 0.32892627409209607], [-0.7966152048856514, 0.5495104025123531, 0.2518780118940569], [0.0019989890676245514, -0.4142837562667874, 0.9101455781006619]], "trans": [-355.0763472613704, 226.91313036588446, 281.65885690324853]}], "rb_4XMM.renamed.noAb_Nup120_2-711_3F7F_updated_1.pdb_44": [{"rot": [[-0.13302224649859717, 0.8935744633007073, 0.4287537293987289], [-0.9891894448187061, -0.14663758423818662, -0.0012888553247324963], [0.061719722907072755, -0.4242901099785861, 0.9034204881330911]], "trans": [-401.9049197068767, 565.5955174916857, 283.78477264510286]}], "rb_4XMM.renamed.noAb_Nup120_2-711_3F7F_updated_1.pdb_45": [{"rot": [[-0.7904532366199126, 0.5217267088502214, 0.3209126391861496], [-0.6021514176937109, -0.7578851834017707, -0.25104525279223583], [0.11223792089377622, -0.3916775332494575, 0.9132312735890409]], "trans": [-196.29405962389342, 838.2033175182665, 266.11118656700194]}], "rb_4XMM.renamed.noAb_Nup120_2-711_3F7F_updated_1.pdb_46": [{"rot": [[-0.9826771947185055, -0.17217029817444549, 0.0685778346602589], [0.13776654296332916, -0.9261549327972232, -0.35108036130678527], [0.12395931034053252, -0.33555093336465663, 0.9338306380163407]], "trans": [141.30840537710412, 885.0391542152553, 239.01553949224746]}], "rb_4XMM.renamed.noAb_Nup120_2-711_3F7F_updated_1.pdb_47": [{"rot": [[-0.5970866157824112, -0.7816219071104444, -0.1804293977669324], [0.7971100629562748, -0.5528720406252221, -0.2427922038055279], [0.09001733603784062, -0.28879006392175854, 0.9531511832824402]], "trans": [413.13210444303917, 678.666050855438, 218.394848427041]}], "rb_4XMM.renamed.noAb_Nup120_2-711_3F7F_updated_1.pdb_48": [{"rot": [[0.14043410222044345, -0.9496027721753812, -0.28023711033759857], [0.9896264115296269, 0.1432891115910951, 0.01038249018427903], [0.030295685114055143, -0.27878810156867184, 0.9598746615507696]], "trans": [459.940795286194, 339.9803980429323, 216.353009850311]}], "rb_4XMM.renamed.noAb_Nup120_2-711_3F7F_updated_1.pdb_49": [{"rot": [[0.7978349236418625, -0.5777073340840189, -0.17237653773909617], [0.6025367972086009, 0.7545075050111636, 0.2601304151602214], [-0.020219857244392445, -0.311404336879504, 0.9500623644506985]], "trans": [254.31520014737112, 67.3891434581883, 234.11016649141632]}]}
