{"rb_ScNup133N_56-480_renamed_1.pdb_0": [{"rot": [[0.8306272590013718, -0.2467158552565787, -0.4991889856245661], [0.07556824337596013, 0.9381373628641988, -0.337916748610185], [0.5516772581835687, 0.2429600279124577, 0.7978863500774019]], "trans": [304.85409979348145, 72.06265639195811, -319.6093892575598]}], "rb_ScNup133N_56-480_renamed_1.pdb_1": [{"rot": [[0.6530475122614661, 0.4912729693891506, -0.5763504283651372], [-0.5001856757310262, 0.8512274972575165, 0.15882706855634443], [0.5686327782696027, 0.1845606064691805, 0.801619701614875]], "trans": [-55.10695746476409, -43.62692002293255, -290.31414138864255]}], "rb_ScNup133N_56-480_renamed_1.pdb_2": [{"rot": [[0.1215884113165368, 0.9520392031665317, -0.280780365886855], [-0.7811727614761008, 0.26630190622140937, 0.5646701793707956], [0.6123604942852889, 0.15068062376058564, 0.7760863190791327]], "trans": [-391.27929160623717, 129.94393880190586, -264.3223906605021]}], "rb_ScNup133N_56-480_renamed_1.pdb_3": [{"rot": [[-0.4524138089265531, 0.8656594895248784, 0.2143720916726218], [-0.6027868171118902, -0.4739817515643372, 0.6418639671302007], [0.6572440936278429, 0.16116745136512392, 0.7362440179803061]], "trans": [-506.7264959216876, 491.095093212953, -256.83646623218175]}], "rb_ScNup133N_56-480_renamed_1.pdb_4": [{"rot": [[-0.7327005544180962, 0.2827362826694339, 0.6190396530253001], [-0.06952884408876446, -0.9359548713692584, 0.34518722253269285], [0.6769901309436454, 0.20987775780778795, 0.7054329800785336]], "trans": [-333.81605697828, 828.2592215201197, -272.2177232841394]}], "rb_ScNup133N_56-480_renamed_1.pdb_5": [{"rot": [[-0.5550758976060355, -0.4552457836066656, 0.6961623549181659], [0.5062111180589095, -0.8489870857906423, -0.15156263429440886], [0.6600310991539733, 0.2682763587591439, 0.7017027458123077]], "trans": [26.160565393012178, 943.920940142038, -301.4315996584274]}], "rb_ScNup133N_56-480_renamed_1.pdb_6": [{"rot": [[-0.023594866958536964, -0.9159664093317468, 0.4005606311522819], [0.7871564815715582, -0.26402534986621895, -0.5573825330488071], [0.6163018382035647, 0.30215253036161416, 0.7272385390110865]], "trans": [362.3259034759743, 770.3241002749353, -327.3401897581441]}], "rb_ScNup133N_56-480_renamed_1.pdb_7": [{"rot": [[0.5503934558885628, -0.8295289557952347, -0.094597860505992], [0.6087254911738468, 0.47625150353900825, -0.6345374549796032], [0.5714195657397483, 0.29166113363645224, 0.7670811319643418]], "trans": [477.7514756296039, 409.1642952235819, -334.7418712905689]}], "rb_ScNup133C_490_881_renamed_relative_3CQC_1.pdb_7": [{"rot": [[0.985408942803813, 0.10645509111167997, -0.1328025941714839], [-0.09826847103060934, 0.9929178121960497, 0.06676470493544322], [0.1389695040056567, -0.05274022942891336, 0.9888912706441529]], "trans": [25.442882572305848, 33.379375917262536, -60.32695972915781]}], "rb_ScNup133C_490_881_renamed_relative_3CQC_1.pdb_8": [{"rot": [[0.632066842329406, 0.7744246399525178, -0.027531506717701604], [-0.7559617453163173, 0.624028528854967, 0.1977630774270383], [0.170333045666544, -0.10418671800915232, 0.9798631441912897]], "trans": [-275.3388639191136, 140.87352380011077, -36.8345635760773]}], "rb_ScNup133C_490_881_renamed_relative_3CQC_1.pdb_9": [{"rot": [[-0.0814791411525157, 0.986896150187447, 0.13927360949671763], [-0.9701872843800411, -0.11053712246445241, 0.2156807311387821], [0.2282493872594829, -0.11754800424709218, 0.9664805657193507]], "trans": [-412.32900024748363, 430.2158772133715, -27.282150346345702]}], "rb_ScNup133C_490_881_renamed_relative_3CQC_1.pdb_10": [{"rot": [[-0.737223709519875, 0.6194008152725518, 0.26989596544122824], [-0.6154487468581503, -0.7804602258436091, 0.11002125188741786], [0.27879031925891334, -0.08499685827041183, 0.9565832383915538]], "trans": [-305.2748596514593, 731.9057225955531, -37.241653497779566]}], "rb_ScNup133C_490_881_renamed_relative_3CQC_1.pdb_11": [{"rot": [[-0.9510224486246591, -0.11277741591479991, 0.28781514322831714], [0.10044303015565213, -0.9932903814072354, -0.057318547582947826], [0.2923482510724277, -0.025602200363408902, 0.9559691561088378]], "trans": [-16.888353816310484, 869.2090114901329, -60.85465075408797]}], "rb_ScNup133C_490_881_renamed_relative_3CQC_1.pdb_12": [{"rot": [[-0.5976290425370647, -0.7807182118319975, 0.182533835849901], [0.7581085496126247, -0.6243486831209661, -0.18830865325140222], [0.26098075507683083, 0.025841741407317778, 0.9649980569309783]], "trans": [283.89154922926474, 761.6916580814723, -84.2643104780779]}], "rb_ScNup133C_490_881_renamed_relative_3CQC_1.pdb_13": [{"rot": [[0.11593366860977022, -0.9931324362655245, 0.015727317634689902], [0.9722780771310489, 0.11023362008115661, -0.20621321425687483], [0.20306335270803674, 0.03919838059289764, 0.9783806834488629]], "trans": [420.8656546237987, 472.33896078622723, -93.73291902604689]}], "rb_ScNup133C_490_881_renamed_relative_3CQC_1.pdb_14": [{"rot": [[0.7716505873918024, -0.6255848415016565, -0.11488680107493865], [0.6174880837002941, 0.7801278573728544, -0.10054348630804968], [0.15252487490905853, 0.006643209629805434, 0.9882773043532819]], "trans": [313.7945134315515, 170.65792634816353, -83.68962710202806]}], "rb_ScNup84_506-726_ScNup133C_882_1155_renamed_relative_3CQC_new_1.pdb_14": [{"rot": [[0.9904472375460887, 0.13644165094973398, -0.01994857196479112], [-0.13152350215109954, 0.9782221621321041, 0.16057076289132766], [0.04142267518199684, -0.15641316248866077, 0.9868227219622907]], "trans": [-30.015729106469166, 37.030727875068806, 28.274013234663414]}], "rb_ScNup84_506-726_ScNup133C_882_1155_renamed_relative_3CQC_new_1.pdb_15": [{"rot": [[0.6102658438336226, 0.7832735793040905, 0.11856685799242589], [-0.7886457946271327, 0.5865323199486607, 0.18443873853554027], [0.07492269660774292, -0.2060639163458794, 0.9756660555298742]], "trans": [-310.3300847636416, 187.6439618755505, 49.92523688838679]}], "rb_ScNup84_506-726_ScNup133C_882_1155_renamed_relative_3CQC_new_1.pdb_16": [{"rot": [[-0.12186287004698987, 0.9647210842176537, 0.23337238604819335], [-0.9834291681606342, -0.14915513824432108, 0.10305249121783577], [0.134225601562426, -0.21694693913773933, 0.9669113265878999]], "trans": [-402.4479166817461, 492.94508603436884, 55.82340265013818]}], "rb_ScNup84_506-726_ScNup133C_882_1155_renamed_relative_3CQC_new_1.pdb_17": [{"rot": [[-0.7770475804896209, 0.574489658902238, 0.257213315109497], [-0.6017667760901114, -0.7978641262442328, -0.0359107678369875], [0.18459091215263282, -0.18268680266214748, 0.9656871787922535]], "trans": [-252.4033867224622, 774.0845138686165, 42.53728675373293]}], "rb_ScNup84_506-726_ScNup133C_882_1155_renamed_relative_3CQC_new_1.pdb_18": [{"rot": [[-0.9714718460125594, -0.158817625429288, 0.17612329277512556], [0.13275817086979458, -0.9795717720839944, -0.15104440209266126], [0.19651391928374096, -0.12335357793442994, 0.9727107351821085]], "trans": [51.90721717545193, 866.3669212822383, 17.87408812670617]}], "rb_ScNup84_506-726_ScNup133C_882_1155_renamed_relative_3CQC_new_1.pdb_19": [{"rot": [[-0.591239190490325, -0.8056190219828077, 0.03760599749786864], [0.7898506019882188, -0.5878311747528684, -0.174901505217969], [0.16300995726394663, -0.07370550459855234, 0.9838674973921433]], "trans": [332.2163658083478, 715.7320896255696, -3.694138822942989]}], "rb_ScNup84_506-726_ScNup133C_882_1155_renamed_relative_3CQC_new_1.pdb_20": [{"rot": [[0.1409047351917146, -0.9870091527575782, -0.07719318605499322], [0.9845765061127099, 0.14787050029014953, -0.09350624981695127], [0.10370611945030996, -0.06282712405250573, 0.9926216768093721]], "trans": [424.316920887343, 410.4241440293929, -9.508417734923398]}], "rb_ScNup84_506-726_ScNup133C_882_1155_renamed_relative_3CQC_new_1.pdb_21": [{"rot": [[0.7960596961396693, -0.5967271215448946, -0.1010232774897055], [0.6028627029718927, 0.7965488384112418, 0.04545887582337453], [0.05334343021817238, -0.0970911450053299, 0.9938449516972521]], "trans": [274.25699196859875, 129.29690066116086, 3.861342859922388]}], "rb_4XMM.renamed.noAb_Nup145c_149-550_Sec13_Nup84_7-436_3IKO_updated_1.pdb_21": [{"rot": [[0.9992598955850339, -0.0002160202923361032, 0.0384657563375522], [0.0006820058791251385, 0.9999265405309016, -0.012101587081193311], [-0.038460316475134176, 0.012118864515133632, 0.9991866378107225]], "trans": [-11.56625056198311, 3.407272584557461, 15.06646905186551]}], "rb_4XMM.renamed.noAb_Nup145c_149-550_Sec13_Nup84_7-436_3IKO_updated_1.pdb_22": [{"rot": [[0.7081378133616818, 0.7050242881009151, 0.038491433789005075], [-0.7059753362687223, 0.7078981763514098, 0.021885988636849346], [-0.011817862226308304, -0.04267229904921524, 0.9990192255538699]], "trans": [-321.2157621039074, 150.10555232224556, 39.074934375138696]}], "rb_4XMM.renamed.noAb_Nup145c_149-550_Sec13_Nup84_7-436_3IKO_updated_1.pdb_23": [{"rot": [[0.004089723275723434, 0.9980386370128139, 0.06246721694722467], [-0.9989457132039016, 0.0012211323954549047, 0.04589085864548741], [0.04572456927162182, -0.06258903949795362, 0.9969914121493961]], "trans": [-436.84392055673277, 473.44854692193127, 46.75923651937211]}], "rb_4XMM.renamed.noAb_Nup145c_149-550_Sec13_Nup84_7-436_3IKO_updated_1.pdb_24": [{"rot": [[-0.7004430764224168, 0.7071750893484506, 0.09634775397958346], [-0.7066029472354703, -0.7061232148412453, 0.04585063162499358], [0.10045781029888463, -0.035963849450170234, 0.9942911192818118]], "trans": [-290.71220700249603, 784.0174878060744, 33.641807841000116]}], "rb_4XMM.renamed.noAb_Nup145c_149-550_Sec13_Nup84_7-436_3IKO_updated_1.pdb_25": [{"rot": [[-0.9927353377570918, 0.0028256125056311783, 0.12028534857695343], [-0.00020555270073536742, -0.999762573192135, 0.021788873131174134], [0.12031835652301102, 0.02160585934896371, 0.992500216587076]], "trans": [31.57527364083319, 899.8768271778565, 7.4310279167440285]}], "rb_4XMM.renamed.noAb_Nup145c_149-550_Sec13_Nup84_7-436_3IKO_updated_1.pdb_26": [{"rot": [[-0.7015581327175651, -0.702391938653497, 0.1202570203041115], [0.7064289164785921, -0.7076788662203113, -0.012198699439496724], [0.0936716199322061, 0.07639493975202148, 0.9926678401154937]], "trans": [341.21988429817935, 753.1546472117825, -16.49445390058355]}], "rb_4XMM.renamed.noAb_Nup145c_149-550_Sec13_Nup84_7-436_3IKO_updated_1.pdb_27": [{"rot": [[0.0025128263854175548, -0.9953511790924457, 0.09627936426271709], [0.9993440247112472, -0.0009788478501366327, -0.03620168685034679], [0.03612763454034927, 0.09630717593285819, 0.994695793640626]], "trans": [456.8293593967233, 429.8029865098954, -24.094748111911997]}], "rb_4XMM.renamed.noAb_Nup145c_149-550_Sec13_Nup84_7-436_3IKO_updated_1.pdb_28": [{"rot": [[0.7070228443088058, -0.7044324550367885, 0.06239882944676921], [0.7069459714915144, 0.7063426466868818, -0.03615880063397757], [-0.018603521639815723, 0.06967769917420952, 0.9973960733933052]], "trans": [310.6799516694023, 119.24592396495586, -10.893490302909981]}], "rb_4XMM.renamed.noAb_Seh1_Nup85_47_544_3F3F_1.pdb_28": [{"rot": [[0.6562340464536228, -0.7311243622978087, 0.1865852168038274], [0.25298988288467594, 0.44615554879515706, 0.8584528789848016], [-0.7108818435106545, -0.5161418343187452, 0.4777495279254377]], "trans": [495.08939509333186, -69.71381682636707, 767.2894576767385]}], "rb_4XMM.renamed.noAb_Seh1_Nup85_47_544_3F3F_1.pdb_29": [{"rot": [[0.6295337036363915, -0.2139933567593817, 0.7469231280718946], [-0.3245471461466114, 0.8010172461589513, 0.5030313323084598], [-0.7059436704964086, -0.5590869472799253, 0.43481642042047586]], "trans": [1.2948120653024944, -215.3435666222766, 807.3977393331193]}], "rb_4XMM.renamed.noAb_Seh1_Nup85_47_544_3F3F_1.pdb_30": [{"rot": [[0.20354470693057516, 0.401947382029046, 0.8927529637926419], [-0.7138216146913618, 0.6850110295159697, -0.14566602843797163], [-0.670095705612241, -0.6076168130668137, 0.4263490985079781]], "trans": [-450.65148132042265, 32.00045947091207, 842.2584501948945]}], "rb_4XMM.renamed.noAb_Seh1_Nup85_47_544_3F3F_1.pdb_31": [{"rot": [[-0.37218258294870576, 0.7558710845207969, 0.5386455500001717], [-0.6867910503060538, 0.16609497626332576, -0.707623142696447], [-0.6243381921436015, -0.6333019520303431, 0.45730783875352465]], "trans": [-595.9910606164848, 527.4207602122204, 851.473699204399]}], "rb_4XMM.renamed.noAb_Seh1_Nup85_47_544_3F3F_1.pdb_32": [{"rot": [[-0.760379001835381, 0.6404442554719981, -0.10795799739135203], [-0.259290338738559, -0.4517425728872309, -0.8536376093390401], [-0.5954765266613592, -0.621095647605219, 0.5095565746030373]], "trans": [-349.5800376439195, 980.6932547963289, 829.6690684580408]}], "rb_4XMM.renamed.noAb_Seh1_Nup85_47_544_3F3F_1.pdb_33": [{"rot": [[-0.7336336139761297, 0.12328555885772578, -0.6682682032099567], [0.3182445754148512, -0.8065636701338608, -0.49817209500254056], [-0.6004182797544948, -0.5781485250325711, 0.552487259888695]], "trans": [144.23244928378443, 1126.2846415488725, 789.6420229935163]}], "rb_4XMM.renamed.noAb_Seh1_Nup85_47_544_3F3F_1.pdb_34": [{"rot": [[-0.30761424468887094, -0.4926461489077573, -0.814047448513202], [0.7074855962008196, -0.690509113732018, 0.15053668995097796], [-0.636268502782331, -0.529619614269885, 0.5609504938474981]], "trans": [596.1659959075766, 878.905550066838, 754.864975326472]}], "rb_4XMM.renamed.noAb_Seh1_Nup85_47_544_3F3F_1.pdb_35": [{"rot": [[0.2681109526248129, -0.8465293887783514, -0.4598961959150877], [0.6804098453445326, -0.17156529919114638, 0.7124659925018766], [-0.6820256296070163, -0.503937835499584, 0.5299883946947799]], "trans": [741.4734716914954, 383.4742569807705, 745.7348152378206]}], "rb_4XMM.renamed.noAb_Nup120_715-1036_Nup85_553-744_Nup145c_92-99_554-712_remaining_updated_1.pdb_35": [{"rot": [[0.9969960329974115, -0.05837773414637364, 0.050901378599789104], [0.06470502095303177, 0.9889857382212353, -0.13311825516609452], [-0.04256959538087564, 0.136011947088971, 0.9897921902087199]], "trans": [15.567166569170467, 9.986504930766387, -44.46660646470701]}], "rb_4XMM.renamed.noAb_Nup120_715-1036_Nup85_553-744_Nup145c_92-99_554-712_remaining_updated_1.pdb_36": [{"rot": [[0.7515871922579725, 0.6585270971662499, -0.03819364779081942], [-0.6593458748760249, 0.7482883486261448, -0.07299016779214595], [-0.019486141684438525, 0.08004129939068189, 0.9966010639539297]], "trans": [-298.51836218952633, 132.20601937185683, -19.985462349105546]}], "rb_4XMM.renamed.noAb_Nup120_715-1036_Nup85_553-744_Nup145c_92-99_554-712_remaining_updated_1.pdb_37": [{"rot": [[0.06761450677302722, 0.9959754047823722, -0.058832572121481755], [-0.9970372685758305, 0.06961875664386069, 0.032709536747091865], [0.03667374462318654, 0.05644662781736392, 0.99773183504555]], "trans": [-434.5393312888646, 441.3936536353821, -10.606854411027598]}], "rb_4XMM.renamed.noAb_Nup120_715-1036_Nup85_553-744_Nup145c_92-99_554-712_remaining_updated_1.pdb_38": [{"rot": [[-0.6542411802854782, 0.7562852120793312, 0.0010751784895371291], [-0.7505447802683874, -0.6494488215011485, 0.12206048116669946], [0.09301081028859583, 0.07905002366153593, 0.9925220818342373]], "trans": [-312.810825795524, 756.4230488193054, -21.800898517784674]}], "rb_4XMM.renamed.noAb_Nup120_715-1036_Nup85_553-744_Nup145c_92-99_554-712_remaining_updated_1.pdb_39": [{"rot": [[-0.9911066292734834, 0.07987041357428575, 0.10643479903501875], [-0.06426718514828157, -0.987674459678684, 0.14271962237735436], [0.11652200789236673, 0.13461009892980053, 0.9840237512086987]], "trans": [-4.641207260167334, 892.7456601055917, -46.98596089442992]}], "rb_4XMM.renamed.noAb_Nup120_715-1036_Nup85_553-744_Nup145c_92-99_554-712_remaining_updated_1.pdb_40": [{"rot": [[-0.7456413103709846, -0.6370156643198496, 0.19552513822877027], [0.6597644250490381, -0.7469208100628476, 0.0825845441639639], [0.093434146370324, 0.190578978132947, 0.9772152850758365]], "trans": [309.4413299268361, 770.5018964490949, -71.38427199015877]}], "rb_4XMM.renamed.noAb_Nup120_715-1036_Nup85_553-744_Nup145c_92-99_554-712_remaining_updated_1.pdb_41": [{"rot": [[-0.06164226845206261, -0.974411049078992, 0.21615581919730942], [0.997402124224278, -0.06822475522505639, -0.023116776751464937], [0.03727242054092783, 0.2141693026725754, 0.9760851788956542]], "trans": [445.4447202568294, 461.3039950320382, -80.67895224772002]}], "rb_4XMM.renamed.noAb_Nup120_715-1036_Nup85_553-744_Nup145c_92-99_554-712_remaining_updated_1.pdb_42": [{"rot": [[0.6601942133406877, -0.7346647670363112, 0.15624109813666434], [0.7508529875090243, 0.650823986296339, -0.1124630161880491], [-0.019062838724627412, 0.1915615278097954, 0.9812954648029988]], "trans": [323.6981733659622, 146.2845629901226, -69.40104201605601]}], "rb_4XMM.renamed.noAb_Nup120_2-711_3F7F_updated_1.pdb_42": [{"rot": [[-0.6507404504144146, 0.7369207400999054, 0.1829882209462029], [0.41627650794474674, 0.14469452734712684, 0.8976510250031038], [0.6350202635568222, 0.6603115299359865, -0.4009213742192164]], "trans": [501.3078993895256, -5.1019945259020005, -348.1110273289894]}], "rb_4XMM.renamed.noAb_Nup120_2-711_3F7F_updated_1.pdb_43": [{"rot": [[-0.1553128966483493, 0.6374959304264813, 0.75463689468802], [0.7895440537552827, -0.37900827857245406, 0.48267267578890755], [0.5937154969464566, 0.6707843643550613, -0.44446624756262665]], "trans": [29.20366693810172, -238.28524829297584, -309.305611780994]}], "rb_4XMM.renamed.noAb_Nup120_2-711_3F7F_updated_1.pdb_44": [{"rot": [[0.45824971377833956, 0.19801148788477807, 0.8664863821709662], [0.7019429014663761, -0.6786442059151118, -0.2161439447655575], [0.545236978664359, 0.707271866005928, -0.44998127144744304]], "trans": [-469.1154954807101, -68.21191088854174, -270.3727377266512]}], "rb_4XMM.renamed.noAb_Nup120_2-711_3F7F_updated_1.pdb_45": [{"rot": [[0.8305137524448911, -0.3240764043536348, 0.45301367654975844], [0.20479104126511563, -0.578682303576942, -0.7894222070251363], [0.5179841082672898, 0.7483991419477355, -0.4142356671201034]], "trans": [-701.7252828825165, 405.48677539700503, -254.09582683933257]}], "rb_4XMM.renamed.noAb_Nup120_2-711_3F7F_updated_1.pdb_46": [{"rot": [[0.7434016965774938, -0.6229212975762144, -0.24356308125755066], [-0.41067295730137143, -0.13768166341046734, -0.9013276217346696], [0.5279220014993246, 0.7700732540391823, -0.35816971360858396]], "trans": [-532.3576886700727, 905.3115577812936, -269.9861181200865]}], "rb_4XMM.renamed.noAb_Nup120_2-711_3F7F_updated_1.pdb_47": [{"rot": [[0.2479450167832571, -0.5234556396201795, -0.815179404795154], [-0.7839016058304571, 0.38601332146576456, -0.48630441909096567], [0.569228900380843, 0.7595972018121181, -0.31462763700987756]], "trans": [-60.22872427684314, 1138.458148009356, -308.71084998235364]}], "rb_4XMM.renamed.noAb_Nup120_2-711_3F7F_updated_1.pdb_48": [{"rot": [[-0.36561077797517005, -0.0839478153819524, -0.9269743919445623], [-0.6962522994898591, 0.6856147448119707, 0.2125209569701365], [0.6177066411197771, 0.7231080043734938, -0.30911699973878637]], "trans": [438.0837192764842, 968.3461029538503, -347.5605235813121]}], "rb_4XMM.renamed.noAb_Nup120_2-711_3F7F_updated_1.pdb_49": [{"rot": [[-0.7378360519915952, 0.43813229463939174, -0.5134569629243331], [-0.19907123778911884, 0.5856118684518741, 0.7857667477142408], [0.6449562796551149, 0.681981548080539, -0.3448660108087012]], "trans": [670.6630996901797, 494.62957398330684, -363.75244744110745]}]}
