{"rb_ScNup133N_56-480_renamed_1.pdb_0": [{"rot": [[-0.2666840299935301, 0.11965475459927777, 0.9563275421361654], [-0.5768406858190829, -0.8147288561760666, -0.05892125336252646], [0.7720974364224913, -0.5673619925724911, 0.2862969054216136]], "trans": [471.8142859020565, 723.2138076240698, -111.24154315119603]}], "rb_ScNup133N_56-480_renamed_1.pdb_1": [{"rot": [[-0.5804666183608385, -0.5007633110850409, 0.6421017140919981], [-0.17546252789263067, -0.6931025606662792, -0.6991578803842358], [0.7951549573977786, -0.5185026004457414, 0.31445770312832755]], "trans": [526.4321797275862, 311.136252556004, -113.54873729999264]}], "rb_ScNup133N_56-480_renamed_1.pdb_2": [{"rot": [[-0.5194970111958193, -0.8538925669390165, -0.03146965975205296], [0.3308226375875318, -0.16703811174587518, -0.9287920389861248], [0.7878319857801164, -0.4929155641189185, 0.3692627910189286]], "trans": [274.5970798558586, -18.869332975141077, -91.82904916929249]}], "rb_ScNup133N_56-480_renamed_1.pdb_3": [{"rot": [[-0.11949206404720214, -0.7328649157608832, -0.6697989712417709], [0.6454258220622923, 0.45528851889884236, -0.6133008012175709], [0.7544184215970309, -0.5055901302494876, 0.418606575855364]], "trans": [-136.16054799409642, -73.48090709128519, -58.78217341247597]}], "rb_ScNup133N_56-480_renamed_1.pdb_4": [{"rot": [[0.38521968497559833, -0.20858006210067298, -0.8989439092631875], [0.5840480441614351, 0.8093096162307062, 0.06249661741015425], [0.7144884018782285, -0.5491013592867788, 0.4335827727330833]], "trans": [-465.21118040595866, 179.29387714318307, -33.74343090764796]}], "rb_ScNup133N_56-480_renamed_1.pdb_5": [{"rot": [[0.6989709768593646, 0.4118285343510264, -0.584668138179731], [0.18264527160595076, 0.6876346297352383, 0.7027085603213269], [0.6914334951882617, -0.5979597597524174, 0.4054181143567428]], "trans": [-519.7904039596784, 591.3761037944339, -31.35686515921924]}], "rb_ScNup133N_56-480_renamed_1.pdb_6": [{"rot": [[0.6379618809253707, 0.7649167700315995, 0.08892116401953792], [-0.3236350916620648, 0.16154248211879324, 0.932289844370187], [0.698759590940297, -0.6235433917501858, 0.35061185472488543]], "trans": [-267.9230265911709, 921.3623109259483, -52.99655513200969]}], "rb_ScNup133N_56-480_renamed_1.pdb_7": [{"rot": [[0.23793238580000298, 0.6438405779352437, 0.7272258864971262], [-0.6382068702870863, -0.460774628645634, 0.6167485162648075], [0.7321749589448425, -0.61086500292658, 0.3012702734981145]], "trans": [142.84540404633503, 975.9420423897445, -85.96166041914398]}], "rb_ScNup133C_490_881_renamed_relative_3CQC_1.pdb_7": [{"rot": [[0.7984218924870818, 0.3411988304710836, -0.4960905559295707], [-0.24424934125861336, 0.9366393105030519, 0.25109572141934255], [0.5503314827375217, -0.07931052960062368, 0.8311709204504141]], "trans": [181.08605142188742, 75.7200862499732, -237.386898403862]}], "rb_ScNup133C_490_881_renamed_relative_3CQC_1.pdb_8": [{"rot": [[0.40472108484395075, 0.9006433111549782, -0.15824812654351308], [-0.7037089744616886, 0.41726466948942453, 0.5750511932497477], [0.583947362991574, -0.12137471593242721, 0.8026665905514622]], "trans": [-138.64741979982279, 50.922445638235445, -211.74027042009902]}], "rb_ScNup133C_490_881_renamed_relative_3CQC_1.pdb_9": [{"rot": [[-0.1976396914291793, 0.9302717004822232, 0.3090843180326205], [-0.7491904449914895, -0.3466841912913836, 0.5643790823924039], [0.6321805355317667, -0.12001931007363206, 0.7654692258374707]], "trans": [-382.2949839868454, 260.20186991781395, -193.29705580687852]}], "rb_ScNup133C_490_881_renamed_relative_3CQC_1.pdb_10": [{"rot": [[-0.6557890003045633, 0.41272727022462935, 0.6321368423786625], [-0.3540500661229244, -0.9076752575150383, 0.22533126186430633], [0.6667753277963223, -0.07603832788754292, 0.7413695670407385]], "trans": [-407.1225492685038, 580.9596383010293, -192.83754483276437]}], "rb_ScNup133C_490_881_renamed_relative_3CQC_1.pdb_11": [{"rot": [[-0.7013365167377459, -0.3488051549964385, 0.6216607226921081], [0.25023335672345937, -0.9370720526136884, -0.2434732744949161], [0.6674656226900929, -0.015196448870619689, 0.7444855340895801]], "trans": [-198.58386449486835, 825.2914441796381, -210.60692060431103]}], "rb_ScNup133C_490_881_renamed_relative_3CQC_1.pdb_12": [{"rot": [[-0.3075998633821874, -0.9082091428792829, 0.2837930175986287], [0.7096620740479878, -0.4176535195237345, -0.567402219142068], [0.6338470357311499, 0.026864296378529884, 0.7729917495516485]], "trans": [121.15808173747376, 850.0643873866686, -236.1716273451613]}], "rb_ScNup133C_490_881_renamed_relative_3CQC_1.pdb_13": [{"rot": [[0.2947644765396133, -0.9377779497259048, -0.18353860732337351], [0.7550962652970382, 0.3462976412694118, -0.5566934289047287], [0.5856138091821179, 0.025504130236445877, 0.8101888704716262]], "trans": [364.79586230343875, 640.7662452881228, -254.53149448297347]}], "rb_ScNup133C_490_881_renamed_relative_3CQC_1.pdb_14": [{"rot": [[0.7528829793642734, -0.42018975156537663, -0.5065646968186787], [0.35991994061482013, 0.9072480680617588, -0.2176202640978737], [0.5510216472439146, -0.018480142792496074, 0.8342862989351855]], "trans": [389.6049433940418, 320.0069374243117, -254.90704807310436]}], "rb_ScNup84_506-726_ScNup133C_882_1155_renamed_relative_3CQC_new_1.pdb_14": [{"rot": [[0.9846930230412997, 0.14446129271380703, 0.09752222967734454], [-0.15931947891185, 0.9729197676726501, 0.1674647106439192], [-0.07068913645703671, -0.18043852299121377, 0.9810428050843175]], "trans": [-62.85811854592009, 54.106298836488094, 100.24660537047805]}], "rb_ScNup84_506-726_ScNup133C_882_1155_renamed_relative_3CQC_new_1.pdb_15": [{"rot": [[0.5843742234472015, 0.784745949423429, 0.2065927439045228], [-0.810702507112719, 0.5757472034603622, 0.10619134931208982], [-0.03561196332176095, -0.22954074272575573, 0.9726473335681728]], "trans": [-320.1525066734564, 227.0097855627485, 119.95454246650445]}], "rb_ScNup84_506-726_ScNup133C_882_1155_renamed_relative_3CQC_new_1.pdb_16": [{"rot": [[-0.15795344302096892, 0.957697400079542, 0.24055435917626888], [-0.9871446885001192, -0.15917121080670515, -0.014487567647060537], [0.02441462274585142, -0.23975031914725636, 0.9705275424556299]], "trans": [-380.2745358371329, 531.7367701188988, 123.30523808979615]}], "rb_ScNup84_506-726_ScNup133C_882_1155_renamed_relative_3CQC_new_1.pdb_17": [{"rot": [[-0.80742396252606, 0.5619982462723407, 0.17951188240761856], [-0.5852837053825539, -0.8013099057012629, -0.12387662910613244], [0.07422620125252949, -0.20508633843297303, 0.9759252352694711]], "trans": [-208.00196029299298, 789.7740050966434, 108.35981240060732]}], "rb_ScNup84_506-726_ScNup133C_882_1155_renamed_relative_3CQC_new_1.pdb_18": [{"rot": [[-0.9835683472076645, -0.17054536833984713, 0.059224857188569666], [0.15946461208984464, -0.9744949795984814, -0.15789418047663498], [0.08464244716580428, -0.14585544924746105, 0.9856783674518798]], "trans": [95.74742950115444, 849.9597567161858, 83.89751139935328]}], "rb_ScNup84_506-726_ScNup133C_882_1155_renamed_relative_3CQC_new_1.pdb_19": [{"rot": [[-0.5831987328834747, -0.8107990654522361, -0.049840881060503335], [0.8108161985904694, -0.5772721742998279, -0.09661226051825356], [0.049561376760612154, -0.0967559416311308, 0.9940734166512366]], "trans": [353.034871476766, 677.0364798548796, 64.2727008321994]}], "rb_ScNup84_506-726_ScNup133C_882_1155_renamed_relative_3CQC_new_1.pdb_20": [{"rot": [[0.15914271516383716, -0.9836932017192599, -0.08379308504638426], [0.9872001106898849, 0.1576597900091914, 0.02406931798232066], [-0.010466024276592711, -0.08655099944868587, 0.996192444676365]], "trans": [413.1396677108601, 372.30518511146136, 61.00587634039994]}], "rb_ScNup84_506-726_ScNup133C_882_1155_renamed_relative_3CQC_new_1.pdb_21": [{"rot": [[0.8085819096537381, -0.5879439543083741, -0.022742074948067847], [0.5852881656670926, 0.7997674060956563, 0.13345358472919436], [-0.060274858031861056, -0.12121882172028728, 0.9907940950318492]], "trans": [240.8534944311416, 114.28187845306104, 76.03479467466309]}], "rb_4XMM.renamed.noAb_Nup145c_149-550_Sec13_Nup84_7-436_3IKO_updated_1.pdb_21": [{"rot": [[0.9997965347842874, -0.014062158825608635, -0.01446183676073274], [0.013927028236762933, 0.999858804611196, -0.009402591449278372], [0.014592015550400555, 0.009199267940058707, 0.9998512122068679]], "trans": [10.210398406721083, -5.159979798766358, -10.813989927588466]}], "rb_4XMM.renamed.noAb_Nup145c_149-550_Sec13_Nup84_7-436_3IKO_updated_1.pdb_22": [{"rot": [[0.7189046554239928, 0.695102708007394, 0.0028847409758446727], [-0.6939322180835285, 0.7174403726224838, 0.06113418386619581], [0.0404249071165853, -0.045951464090918846, 0.9981253878308658]], "trans": [-312.32883600453624, 127.20956118257378, 14.291582202171412]}], "rb_4XMM.renamed.noAb_Nup145c_149-550_Sec13_Nup84_7-436_3IKO_updated_1.pdb_23": [{"rot": [[0.021245851768592894, 0.9976671356675569, 0.06487603711324096], [-0.9950089690528333, 0.014771912232974083, 0.09868607862002746], [0.0974975142608462, -0.06664890860226408, 0.9930015899761098]], "trans": [-447.17498434018387, 449.5681106737729, 23.51246692889265]}], "rb_4XMM.renamed.noAb_Nup145c_149-550_Sec13_Nup84_7-436_3IKO_updated_1.pdb_24": [{"rot": [[-0.6844815120114467, 0.7163846162731269, 0.13519667629689383], [-0.7129282187711445, -0.6965134848358662, 0.08125466338370599], [0.1523758989943145, -0.04076821076526335, 0.9874814116714664]], "trans": [-315.33135823524515, 773.073601922518, 11.470944866373713]}], "rb_4XMM.renamed.noAb_Nup145c_149-550_Sec13_Nup84_7-436_3IKO_updated_1.pdb_25": [{"rot": [[-0.9848523954579497, 0.0160344157688847, 0.17265183657200692], [-0.012936848092054448, -0.9997348038570119, 0.019051506985623367], [0.17291152975489968, 0.016529351709328784, 0.9847986512023094]], "trans": [5.968100482142688, 908.2120735230469, -14.754885674514242]}], "rb_4XMM.renamed.noAb_Nup145c_149-550_Sec13_Nup84_7-436_3IKO_updated_1.pdb_26": [{"rot": [[-0.7039052998184985, -0.6931084434519575, 0.15529975693165915], [0.6949003281622993, -0.717260720727278, -0.0514839044917184], [0.14707434449065726, 0.07167805882826536, 0.9865249074783937]], "trans": [328.50355191222997, 775.8176201545, -39.77755847752178]}], "rb_4XMM.renamed.noAb_Nup145c_149-550_Sec13_Nup84_7-436_3IKO_updated_1.pdb_27": [{"rot": [[-0.006222995072732163, -0.9956180755435156, 0.09330553029348918], [0.9959223116379314, -0.014568536228634965, -0.08903093245559068], [0.0900001306336927, 0.09237102036450298, 0.9916489152329753]], "trans": [463.3310941966703, 453.44889615714396, -48.914434093773934]}], "rb_4XMM.renamed.noAb_Nup145c_149-550_Sec13_Nup84_7-436_3IKO_updated_1.pdb_28": [{"rot": [[0.6994823873387825, -0.7142800726407423, 0.02298624874073251], [0.7137861800048495, 0.696694759999811, -0.07159399851166283], [0.03512376740783117, 0.06648600767935599, 0.997168958474911]], "trans": [331.468765336156, 129.95416224281814, -36.788997056137646]}], "rb_4XMM.renamed.noAb_Seh1_Nup85_47_544_3F3F_1.pdb_28": [{"rot": [[0.7201575043554506, -0.6776747785346253, 0.14876176746252134], [0.3081216179189706, 0.5044930265562583, 0.8065654683453165], [-0.6216383494376152, -0.5350174583078113, 0.5721206881544525]], "trans": [447.12736297178617, -110.45343837756604, 710.1116821758491]}], "rb_4XMM.renamed.noAb_Seh1_Nup85_47_544_3F3F_1.pdb_29": [{"rot": [[0.7154832873055174, -0.13534653570091115, 0.6853940332832273], [-0.3254741017246312, 0.8035111104489551, 0.4984340522994277], [-0.6181830430325892, -0.5796992415544859, 0.530846978561731]], "trans": [-62.558847511868294, -213.64202863405123, 751.2801286599035]}], "rb_4XMM.renamed.noAb_Seh1_Nup85_47_544_3F3F_1.pdb_30": [{"rot": [[0.2655594255368487, 0.4590540819453356, 0.8477897978613926], [-0.7699962915790329, 0.6301597497058553, -0.10002200160558633], [-0.5801585149449009, -0.6262332151043859, 0.5208148018604579]], "trans": [-495.82984699281184, 74.97304450991196, 784.4514998270448]}], "rb_4XMM.renamed.noAb_Seh1_Nup85_47_544_3F3F_1.pdb_31": [{"rot": [[-0.3660423388000184, 0.7573188115382347, 0.5408153325268479], [-0.765037585064649, 0.08599061570445304, -0.6382186987618084], [-0.5298400698741643, -0.6473591211229526, 0.5479011486159304]], "trans": [-598.867461514751, 586.317118529238, 790.2175436324147]}], "rb_4XMM.renamed.noAb_Seh1_Nup85_47_544_3F3F_1.pdb_32": [{"rot": [[-0.8093207865716704, 0.5847199689495787, -0.055699392587469615], [-0.3135028623753674, -0.5102143400724408, -0.8008728254016937], [-0.4967049624328922, -0.6307011059892349, 0.5962384549813033]], "trans": [-311.30889032110554, 1020.8377417071414, 765.2244352147961]}], "rb_4XMM.renamed.noAb_Seh1_Nup85_47_544_3F3F_1.pdb_33": [{"rot": [[-0.8045971528473594, 0.04236838981148311, -0.5923076406519683], [0.32009246929784047, -0.809189848040845, -0.49269930071641194], [-0.5001642057651967, -0.5860176698465777, 0.6375100453317215]], "trans": [198.3919143462967, 1123.9867230403986, 724.1374947892455]}], "rb_4XMM.renamed.noAb_Seh1_Nup85_47_544_3F3F_1.pdb_34": [{"rot": [[-0.3546386088660233, -0.5520187236596898, -0.7546567337741675], [0.7645793309666331, -0.6357918400782068, 0.10576947928670044], [-0.5381913263516828, -0.5394849996237995, 0.6475384401104861]], "trans": [631.6469476712099, 835.3380516585312, 691.0500362840964]}], "rb_4XMM.renamed.noAb_Seh1_Nup85_47_544_3F3F_1.pdb_35": [{"rot": [[0.27696278589260204, -0.8502410195342276, -0.44764028408086975], [0.7595710518006824, -0.0915993141609513, 0.6439420648720228], [-0.5885095007703867, -0.5183625896480536, 0.6204488642558303]], "trans": [734.6512155751938, 323.9863059984824, 685.3691643260172]}], "rb_4XMM.renamed.noAb_Nup120_715-1036_Nup85_553-744_Nup145c_92-99_554-712_remaining_updated_1.pdb_35": [{"rot": [[0.9834939752633934, -0.10636189565089077, 0.1463787818440763], [0.09211255099389384, 0.9906214510520003, 0.10091788079932001], [-0.15573977838048944, -0.08576880475544402, 0.9840674944132733]], "trans": [20.047935266389004, -75.08918418450821, 136.2360785199593]}], "rb_4XMM.renamed.noAb_Nup120_715-1036_Nup85_553-744_Nup145c_92-99_554-712_remaining_updated_1.pdb_36": [{"rot": [[0.7590997778953239, 0.6212778822159105, 0.1943741759302973], [-0.6369687576081579, 0.7704880841716195, 0.024877981844713355], [-0.13430684655068278, -0.14269514784623688, 0.9806119343301665]], "trans": [-351.74692254769184, 79.29944922459771, 165.16049554540186]}], "rb_4XMM.renamed.noAb_Nup120_715-1036_Nup85_553-744_Nup145c_92-99_554-712_remaining_updated_1.pdb_37": [{"rot": [[0.08644623802837786, 0.9808151744245078, 0.17472447324104717], [-0.9931225860431211, 0.09873865932322862, -0.06291427696535343], [-0.07895933777434333, -0.16808411814824079, 0.9826052881012617]], "trans": [-505.913725095918, 452.161242896574, 175.67563391625004]}], "rb_4XMM.renamed.noAb_Nup120_715-1036_Nup85_553-744_Nup145c_92-99_554-712_remaining_updated_1.pdb_38": [{"rot": [[-0.6404167162684753, 0.7616279657232855, 0.09894074667249653], [-0.7677089998448138, -0.6311065387500947, -0.11102895254909395], [-0.022120603092524414, -0.14706249887406064, 0.9888798209811636]], "trans": [-352.1374723543591, 825.068617542266, 161.64558221259662]}], "rb_4XMM.renamed.noAb_Nup120_715-1036_Nup85_553-744_Nup145c_92-99_554-712_remaining_updated_1.pdb_39": [{"rot": [[-0.9956825176004835, 0.09211921350906205, 0.01141817179904703], [-0.09277845613976987, -0.9914939021997049, -0.09127978953262735], [0.0029124252920054213, -0.09194505099934298, 0.9957598231379114]], "trans": [19.499451915079817, 979.5672918954241, 131.31334744735736]}], "rb_4XMM.renamed.noAb_Nup120_715-1036_Nup85_553-744_Nup145c_92-99_554-712_remaining_updated_1.pdb_40": [{"rot": [[-0.771231450299558, -0.6355034150976641, -0.03657129295012897], [0.6362852160489297, -0.7713034320549959, -0.015236126074198273], [-0.0185249536141116, -0.03502035264511239, 0.9992148923000521]], "trans": [391.28881073399265, 825.1498808838392, 102.47198533170604]}], "rb_4XMM.renamed.noAb_Nup120_715-1036_Nup85_553-744_Nup145c_92-99_554-712_remaining_updated_1.pdb_41": [{"rot": [[-0.09855011435062966, -0.9949883247800096, -0.016914742473511216], [0.992386237755367, -0.0995258104123673, 0.07255458755659074], [-0.07387442098062955, -0.009635694745523934, 0.9972210002359283]], "trans": [545.4330688155654, 452.2763979587729, 92.04117735738373]}], "rb_4XMM.renamed.noAb_Nup120_715-1036_Nup85_553-744_Nup145c_92-99_554-712_remaining_updated_1.pdb_42": [{"rot": [[0.6282952788405823, -0.7757441867088302, 0.0588727388023359], [0.7669156094395053, 0.630302159905464, 0.12066331346576131], [-0.13071147839675235, -0.030661767821832886, 0.9909461970305818]], "trans": [391.63425968083743, 79.38150372901771, 106.1554428113273]}], "rb_4XMM.renamed.noAb_Nup120_2-711_3F7F_updated_1.pdb_42": [{"rot": [[0.9804326422578965, -0.004041768298218737, 0.1968133585512491], [0.0018378099593621276, 0.9999335617421728, 0.011379567485842087], [-0.19684627618970163, -0.010795193867415212, 0.9803749320232601]], "trans": [-45.508092616680756, -2.9033790486361113, 131.20064565186158]}], "rb_4XMM.renamed.noAb_Nup120_2-711_3F7F_updated_1.pdb_43": [{"rot": [[0.6924740777351215, 0.701864016082255, 0.16693278465831698], [-0.7010121946622799, 0.7092795599777257, -0.07419170258577706], [-0.1704744983851413, -0.06564608691072818, 0.9831729434202523]], "trans": [-347.43164585768966, 176.2535057458173, 154.43537781840718]}], "rb_4XMM.renamed.noAb_Nup120_2-711_3F7F_updated_1.pdb_44": [{"rot": [[-0.006652479201180506, 0.9963178793616415, 0.08547764494181105], [-0.993535527646039, 0.003101883646512482, -0.11347922110655048], [-0.11332651863347666, -0.08567999522738057, 0.9898565747583088]], "trans": [-434.7148633420581, 517.0584319160499, 159.77545211181263]}], "rb_4XMM.renamed.noAb_Nup120_2-711_3F7F_updated_1.pdb_45": [{"rot": [[-0.7073888338132712, 0.7068245966314043, 0.00016550876513058907], [-0.7043678959510339, -0.7049106273514063, -0.08346780577299795], [-0.05888042925974735, -0.059160772847370174, 0.9965104605603938]], "trans": [-256.2240922348127, 819.8631851572602, 144.11658261714035]}], "rb_4XMM.renamed.noAb_Nup120_2-711_3F7F_updated_1.pdb_46": [{"rot": [[-0.9992337491867882, 0.0029734147702026527, -0.039026571598304985], [-0.002907775487805724, -0.9999942610970447, -0.0017385668484708025], [-0.03903151710894416, -0.0016237541619426937, 0.9992366607038566]], "trans": [83.48017036881345, 907.2805882689057, 116.65596077561548]}], "rb_4XMM.renamed.noAb_Nup120_2-711_3F7F_updated_1.pdb_47": [{"rot": [[-0.7112203588826181, -0.702909719586007, -0.009139322863261967], [0.6999196045885878, -0.7092848642629719, 0.08383035512277413], [-0.06540755478866886, 0.053225064011015046, 0.9964381287052341]], "trans": [385.39629094477704, 728.1004107179798, 93.50441095795799]}], "rb_4XMM.renamed.noAb_Nup120_2-711_3F7F_updated_1.pdb_48": [{"rot": [[-0.012070967929747711, -0.9973085133791629, 0.0723188832510642], [0.9923880551633367, -0.003084100517083521, 0.12311147912818182], [-0.12255708752400746, 0.07325447061744816, 0.9897542840686209]], "trans": [472.65946238164236, 387.28904374949843, 88.24844238539038]}], "rb_4XMM.renamed.noAb_Nup120_2-711_3F7F_updated_1.pdb_49": [{"rot": [[0.6886428524452198, -0.7077600021822419, 0.1576286810421951], [0.7031654340845999, 0.7049056653075109, 0.09309336886153594], [-0.17700111323018705, 0.04673095685267498, 0.983100617224354]], "trans": [294.1516017802404, 84.49870836905131, 103.99108045806642]}]}
