{"rb_ScNup133N_56-480_renamed_1.pdb_0": [{"rot": [[-0.7046274372654457, -0.21434066757343187, 0.6764305233184748], [0.27128303451196456, -0.962240925713721, -0.02231403297436728], [0.6556719376629675, 0.16778104513256703, 0.7361683442362303]], "trans": [884.3810648197941, 232.2119579728137, -328.02567310379817]}], "rb_ScNup133N_56-480_renamed_1.pdb_1": [{"rot": [[-0.2953262799209213, -0.8270081274795537, 0.47837218300276557], [0.7261863136639489, -0.519676795153524, -0.45009939616281036], [0.6208347817537561, 0.21446115187073853, 0.7540361981384194]], "trans": [468.4812772428817, -339.29982931502207, -292.0539717562816]}], "rb_ScNup133N_56-480_renamed_1.pdb_2": [{"rot": [[0.3148579139436887, -0.9484278854319955, 0.03672928207876491], [0.7573810792424748, 0.2277348734511498, -0.6119728165692427], [0.5720475459544705, 0.22050254771585176, 0.7900254626392021]], "trans": [-228.56632467161205, -448.2326271148776, -235.9237139442851]}], "rb_ScNup133N_56-480_renamed_1.pdb_3": [{"rot": [[0.7684706399653619, -0.5074705352036298, -0.3897775409273442], [0.3465929977254471, 0.8421497861271551, -0.4131065621043486], [0.5378904808963569, 0.18236609779815804, 0.823053119145391]], "trans": [-798.419514011726, -30.77194972796906, -192.4927912295247]}], "rb_ScNup133N_56-480_renamed_1.pdb_4": [{"rot": [[0.7997791673011656, 0.2375448899431284, -0.5512945753523789], [-0.2655324806225098, 0.9636350237786193, 0.030000711352148962], [0.5383732769050756, 0.12239267220338612, 0.8337711007857036]], "trans": [-907.248344192788, 668.5279686320806, -187.17964561313096]}], "rb_ScNup133N_56-480_renamed_1.pdb_5": [{"rot": [[0.39044251918755046, 0.8501778492398135, -0.3532028650399687], [-0.720403619615918, 0.5210228212474641, 0.45777051519687795], [0.5732131052712953, 0.07571554927025426, 0.8159006627917034]], "trans": [-491.2974386689627, 1240.0074924562848, -223.07278781135375]}], "rb_ScNup133N_56-480_renamed_1.pdb_6": [{"rot": [[-0.2197441242637891, 0.9715393170057017, 0.0884526730157611], [-0.7515504923493795, -0.2263983523915042, 0.6196092667833621], [0.6220003032965046, 0.06967884576042443, 0.7799105597134516]], "trans": [205.76521053538906, 1348.8859756223187, -279.12150412998255]}], "rb_ScNup133N_56-480_renamed_1.pdb_7": [{"rot": [[-0.673324823687386, 0.5305340342268402, 0.5149439972786777], [-0.34072682160472706, -0.8407786349820296, 0.4207095435058416], [0.6561546424780437, 0.10781894770747452, 0.7468843013946416]], "trans": [775.592388272268, 931.3809843000863, -322.4676613614782]}], "rb_ScNup133C_490_881_renamed_relative_3CQC_1.pdb_7": [{"rot": [[0.8500677534410914, 0.32039315421385456, -0.4180108148032913], [-0.20554452669376752, 0.9325610114055882, 0.2967851201667967], [0.4849085090054095, -0.16636762527331472, 0.8585951031511112]], "trans": [133.64544574435223, 40.49046248001795, -189.11357188662572]}], "rb_ScNup133C_490_881_renamed_relative_3CQC_1.pdb_8": [{"rot": [[0.4673281514817601, 0.8812971012787084, -0.07014141508684671], [-0.7165072519717332, 0.42402958017266, 0.5539099863791149], [0.5179013001572352, -0.20860089744855367, 0.8296167240835383]], "trans": [-196.16226239117412, 62.22651288843929, -162.8903732210398]}], "rb_ScNup133C_490_881_renamed_relative_3CQC_1.pdb_9": [{"rot": [[-0.16358322990271212, 0.9196011755937459, 0.35717531373429856], [-0.8061675021335231, -0.33329036712569904, 0.48888801343969424], [0.5686250833355756, -0.2079692501977514, 0.7958732974373449]], "trans": [-414.1347079397603, 311.5430711185246, -146.68842410700944]}], "rb_ScNup133C_490_881_renamed_relative_3CQC_1.pdb_10": [{"rot": [[-0.673069607646824, 0.4128663103377706, 0.6136112067508414], [-0.42200103842483366, -0.8957501271508532, 0.13980998990626545], [0.6073651511492161, -0.16484271138665404, 0.7771321983241872]], "trans": [-392.5786455482987, 642.3870987907984, -149.97504988182942]}], "rb_ScNup133C_490_881_renamed_relative_3CQC_1.pdb_11": [{"rot": [[-0.7626666779101485, -0.34205506546066705, 0.5489425020875992], [0.21094200796664636, -0.9338528417974507, -0.28882925603515663], [0.6114270256379696, -0.10448541553499965, 0.7843722268540501]], "trans": [-144.12000716692353, 860.9456163892319, -170.80089392400026]}], "rb_ScNup133C_490_881_renamed_relative_3CQC_1.pdb_12": [{"rot": [[-0.37988721361373956, -0.9029193654674437, 0.20105303876503555], [0.7218746759678341, -0.4252774035772386, -0.5459268102987196], [0.5784312034538944, -0.06225551759055886, 0.8133520722297374]], "trans": [185.69254691301825, 839.1840794247438, -196.94187824803083]}], "rb_ScNup133C_490_881_renamed_relative_3CQC_1.pdb_13": [{"rot": [[0.25103117786711954, -0.9411643745519597, -0.22625863036105925], [0.811485404513015, 0.33204552488670386, -0.480871300521313], [0.5277071024735143, -0.06289188721074612, 0.8470949324143522]], "trans": [403.65208549374825, 589.8508198839826, -213.0602407478384]}], "rb_ScNup133C_490_881_renamed_relative_3CQC_1.pdb_14": [{"rot": [[0.7604876068536219, -0.43438562713787715, -0.4826673044220841], [0.4272789653091496, 0.8944654938469081, -0.13177316161322955], [0.48896961626095964, -0.10602173009924408, 0.8658337641374179]], "trans": [382.0767509844444, 259.0088936000648, -209.68961250093776]}], "rb_ScNup84_506-726_ScNup133C_882_1155_renamed_relative_3CQC_new_1.pdb_14": [{"rot": [[0.9858599531282695, 0.16209395344961405, 0.04249356507754371], [-0.1652235696552001, 0.9825742349642457, 0.08514132260435608], [-0.027952188614101852, -0.09095835882149675, 0.9954623308353663]], "trans": [-51.83547361092451, 79.7901816997128, 43.71693683878598]}], "rb_ScNup84_506-726_ScNup133C_882_1155_renamed_relative_3CQC_new_1.pdb_15": [{"rot": [[0.5818840537824813, 0.8058217177763332, 0.10982853506108804], [-0.8132380873041143, 0.575300993880996, 0.08759326342523399], [0.007400088621819151, -0.1402858709904041, 0.9900833869371061]], "trans": [-295.34875497491, 234.14643225476362, 62.41667545470074]}], "rb_ScNup84_506-726_ScNup133C_882_1155_renamed_relative_3CQC_new_1.pdb_16": [{"rot": [[-0.1606560807785143, 0.9740888056994298, 0.15918738115800526], [-0.9847051577744378, -0.16919916198945556, 0.04156195176460865], [0.06741940344815556, -0.1500754549988856, 0.9863731453388065]], "trans": [-358.7963189908847, 515.9881711620562, 66.14378432416936]}], "rb_ScNup84_506-726_ScNup133C_882_1155_renamed_relative_3CQC_new_1.pdb_17": [{"rot": [[-0.806769969912988, 0.5683219845476143, 0.1616549953649913], [-0.5791769534989616, -0.814787543886, -0.025986820965231153], [0.11694559496730042, -0.11459223450163829, 0.9865051178831579]], "trans": [-205.00777470837474, 760.2086505963595, 52.738875420408874]}], "rb_ScNup84_506-726_ScNup133C_882_1155_renamed_relative_3CQC_new_1.pdb_18": [{"rot": [[-0.9779549871601293, -0.17377482053620133, 0.11578581448623346], [0.16578238551005994, -0.9832693748974578, -0.0754820312614498], [0.12696552186803828, -0.054622780379358624, 0.9904019931928666]], "trans": [75.92729355271535, 823.7401869914781, 30.078738289643866]}], "rb_ScNup84_506-726_ScNup133C_882_1155_renamed_relative_3CQC_new_1.pdb_19": [{"rot": [[-0.573928535707819, -0.8174708375689663, 0.04845065143595839], [0.8137651745344621, -0.575945622823499, -0.07792868705005725], [0.0916093696909476, -0.0052980444261811754, 0.9957809267655626]], "trans": [319.43507495983994, 669.3652273276676, 11.462005672196995]}], "rb_ScNup84_506-726_ScNup133C_882_1155_renamed_relative_3CQC_new_1.pdb_20": [{"rot": [[0.1686249924102134, -0.985679863659047, -0.0009046058451837053], [0.9851739592064247, 0.16856771510604646, -0.03189350287224064], [0.031589270903113816, 0.004486847557745801, 0.9994908634713977]], "trans": [382.8671910442519, 387.5189164580993, 7.818626932484733]}], "rb_ScNup84_506-726_ScNup133C_882_1155_renamed_relative_3CQC_new_1.pdb_21": [{"rot": [[0.8147072704176781, -0.5798626795756061, -0.003366951732772164], [0.5795950566012487, 0.814124227893986, 0.035655461284538156], [-0.01793415434215715, -0.03100023211873909, 0.9993584700779858]], "trans": [229.06612715012955, 143.31091411832904, 21.30694960905754]}], "rb_4XMM.renamed.noAb_Nup145c_149-550_Sec13_Nup84_7-436_3IKO_updated_1.pdb_21": [{"rot": [[0.9991678254072698, -0.00310216128173088, 0.040669807797565134], [0.0036834025974096275, 0.9998920410884728, -0.014224581302604027], [-0.04062129018401749, 0.01436254724312947, 0.9990713828453279]], "trans": [-11.004179577539048, 2.0225444178652197, 15.480400833933004]}], "rb_4XMM.renamed.noAb_Nup145c_149-550_Sec13_Nup84_7-436_3IKO_updated_1.pdb_22": [{"rot": [[0.7101457742248751, 0.702998215127391, 0.03855501106543731], [-0.7039126316284745, 0.7100370639863469, 0.018824845272265852], [-0.014141654232412015, -0.04050774362207363, 0.9990791441733833]], "trans": [-321.78532235832006, 148.754126034486, 39.57890214467983]}], "rb_4XMM.renamed.noAb_Nup145c_149-550_Sec13_Nup84_7-436_3IKO_updated_1.pdb_23": [{"rot": [[0.006921497435657897, 0.9981529535091184, 0.06035539971098398], [-0.9990361618431413, 0.0042861191310409885, 0.04368496895409359], [0.043345590352119774, -0.0605995922743626, 0.9972205619687191]], "trans": [-438.1904843448864, 472.923387228614, 47.32111610463801]}], "rb_4XMM.renamed.noAb_Nup145c_149-550_Sec13_Nup84_7-436_3IKO_updated_1.pdb_24": [{"rot": [[-0.6985463081549562, 0.7094562464376238, 0.093299998680164], [-0.7087996628050625, -0.7039219388928847, 0.04579237876232058], [0.09816360512181055, -0.034142910478160544, 0.9945844198928363]], "trans": [-292.02596699345935, 784.6275208013255, 34.195549512034006]}], "rb_4XMM.renamed.noAb_Nup145c_149-550_Sec13_Nup84_7-436_3IKO_updated_1.pdb_25": [{"rot": [[-0.9929846549359262, 0.00603069553895904, 0.11808939737798625], [-0.003227767985381675, -0.9997088439613959, 0.02391252431680916], [0.11819922409056717, 0.02336360453110401, 0.9927150071433907]], "trans": [31.084907851063917, 901.2659670726223, 7.915349248490486]}], "rb_4XMM.renamed.noAb_Nup145c_149-550_Sec13_Nup84_7-436_3IKO_updated_1.pdb_26": [{"rot": [[-0.7039074077822707, -0.7000470931701706, 0.12020161651674478], [0.7043455580668152, -0.7097984564899978, -0.009137067142312383], [0.09171529916426453, 0.07823182541914225, 0.9927074520677268]], "trans": [341.86114718069, 754.5103964098657, -16.10016791959839]}], "rb_4XMM.renamed.noAb_Nup145c_149-550_Sec13_Nup84_7-436_3IKO_updated_1.pdb_27": [{"rot": [[-0.0006600940657858767, -0.9951467953671362, 0.09839928834266504], [0.9994138841662543, -0.004024369195898825, -0.033995478939051124], [0.034226486988072284, 0.0983191747478269, 0.9945661805356951]], "trans": [458.24756139041375, 430.3324081560245, -23.758368515187442]}], "rb_4XMM.renamed.noAb_Nup145c_149-550_Sec13_Nup84_7-436_3IKO_updated_1.pdb_28": [{"rot": [[0.7047850940512881, -0.7063948445991546, 0.06545452411295015], [0.7091220244204861, 0.7041610061693873, -0.036100302939271106], [-0.020589455672944585, 0.07185820004878893, 0.9972023232026888]], "trans": [312.0652613270021, 118.6401555350127, -10.548965747565887]}], "rb_4XMM.renamed.noAb_Seh1_Nup85_47_544_3F3F_1.pdb_28": [{"rot": [[0.6871842877244853, -0.7029336859277479, 0.18347203572377305], [0.2763300344454419, 0.486474808889681, 0.8288449628121852], [-0.6718775682875385, -0.5188704014527925, 0.5285395346880357]], "trans": [467.27168291233573, -92.35505293119036, 735.9373078457429]}], "rb_4XMM.renamed.noAb_Seh1_Nup85_47_544_3F3F_1.pdb_29": [{"rot": [[0.6687012714750354, -0.16563708197039845, 0.7248468573457469], [-0.3276093285798461, 0.8095020543643056, 0.48721509809060126], [-0.6674659072605407, -0.5632679478332699, 0.48705079980281646]], "trans": [-35.0079711268765, -213.55411872540387, 776.6030353876304]}], "rb_4XMM.renamed.noAb_Seh1_Nup85_47_544_3F3F_1.pdb_30": [{"rot": [[0.22991410219545003, 0.442128224808911, 0.8669845087652859], [-0.7413744850273966, 0.6566900571728587, -0.13828247090890883], [-0.6304786900142032, -0.610967103564203, 0.4787648898993593]], "trans": [-475.73528851903467, 57.076920260714864, 810.4562220804266]}], "rb_4XMM.renamed.noAb_Seh1_Nup85_47_544_3F3F_1.pdb_31": [{"rot": [[-0.3721295094512027, 0.7643247482080355, 0.526618749639939], [-0.7225759721615284, 0.11755823991925007, -0.6812224487507095], [-0.582583549931194, -0.6340250306603152, 0.5085358078304387]], "trans": [-596.7240791413735, 560.9987022866273, 817.689198730746]}], "rb_4XMM.renamed.noAb_Seh1_Nup85_47_544_3F3F_1.pdb_32": [{"rot": [[-0.7847439269473895, 0.6122052218487881, -0.09685935917746141], [-0.2822262238780988, -0.49206237709073286, -0.8235429409613859], [-0.5518381353936148, -0.6189340703119321, 0.5589233301020855]], "trans": [-327.09549016611567, 1003.0068589396067, 794.0887905330472]}], "rb_4XMM.renamed.noAb_Seh1_Nup85_47_544_3F3F_1.pdb_33": [{"rot": [[-0.7662138066605575, 0.07488340915773782, -0.6382075505003482], [0.3217116683470082, -0.8150474407619422, -0.4818705964849844], [-0.5562535437479246, -0.5745347198736773, 0.600409735703505]], "trans": [175.20016256119203, 1124.1668965325084, 753.5044542764842]}], "rb_4XMM.renamed.noAb_Seh1_Nup85_47_544_3F3F_1.pdb_34": [{"rot": [[-0.32739435432942904, -0.5328699957531394, -0.7802964208422767], [0.7354423717240449, -0.6621877467063862, 0.14363810770416235], [-0.5932431665229108, -0.5268367448631217, 0.6086917032750668]], "trans": [615.9129166434534, 853.5016734820601, 719.7350712804791]}], "rb_4XMM.renamed.noAb_Seh1_Nup85_47_544_3F3F_1.pdb_35": [{"rot": [[0.27464780751614276, -0.8550244789640422, -0.4398883065038735], [0.7165966066118254, -0.12303065902349575, 0.6865513530193228], [-0.6411379611433052, -0.5037822915828962, 0.5789175394376069]], "trans": [736.8689400287108, 349.5708106260393, 712.5872271535787]}], "rb_4XMM.renamed.noAb_Nup120_715-1036_Nup85_553-744_Nup145c_92-99_554-712_remaining_updated_1.pdb_35": [{"rot": [[0.9978375605432684, -0.05327777853853698, 0.03849261075918448], [0.05903903259169334, 0.9839106913875365, -0.168624268727657], [-0.02888936481988567, 0.17053219545674864, 0.9849285125901296]], "trans": [16.442616572329598, 26.480574141213822, -69.30710546210958]}], "rb_4XMM.renamed.noAb_Nup120_715-1036_Nup85_553-744_Nup145c_92-99_554-712_remaining_updated_1.pdb_36": [{"rot": [[0.7484597680709995, 0.6592472458686474, -0.07211826671315039], [-0.663157403000215, 0.7430938559863249, -0.08963135635136489], [-0.005498583919183446, 0.11491122664900132, 0.9933605466118058]], "trans": [-286.76064312877133, 141.8211960255558, -45.65987651327947]}], "rb_4XMM.renamed.noAb_Nup120_715-1036_Nup85_553-744_Nup145c_92-99_554-712_remaining_updated_1.pdb_37": [{"rot": [[0.06298677674622871, 0.9935132290811574, -0.09467908742616708], [-0.9967226324766255, 0.06744667489476824, 0.04466475069341228], [0.050760810316482954, 0.09155550057954193, 0.9945053697439965]], "trans": [-419.93274811770203, 438.4273032801158, -36.447125615114146]}], "rb_4XMM.renamed.noAb_Nup120_715-1036_Nup85_553-744_Nup145c_92-99_554-712_remaining_updated_1.pdb_38": [{"rot": [[-0.6570216699438153, 0.7537024449827422, -0.015973404498608408], [-0.7462494411405219, -0.6472272065784467, 0.15559149932473482], [0.10693127148640141, 0.11414713089559732, 0.9876923284538583]], "trans": [-305.0576882260035, 742.5429729242402, -47.041807242359766]}], "rb_4XMM.renamed.noAb_Nup120_715-1036_Nup85_553-744_Nup145c_92-99_554-712_remaining_updated_1.pdb_39": [{"rot": [[-0.9897744718090065, 0.08029943223030908, 0.11789188326043247], [-0.058468556148591505, -0.9822617517645814, 0.17816643612721814], [0.13010735143373123, 0.16945162201603473, 0.9769125983930362]], "trans": [-9.428979937313272, 876.013074444638, -71.21340261157854]}], "rb_4XMM.renamed.noAb_Nup120_715-1036_Nup85_553-744_Nup145c_92-99_554-712_remaining_updated_1.pdb_40": [{"rot": [[-0.74034034570221, -0.6322068293232869, 0.22849660278115197], [0.6637082823604145, -0.7413890001065115, 0.09916484481535878], [0.10671217574259932, 0.22507082324917713, 0.9684810974253535]], "trans": [293.77182440733105, 760.6490572374083, -94.77784543480067]}], "rb_4XMM.renamed.noAb_Nup120_715-1036_Nup85_553-744_Nup145c_92-99_554-712_remaining_updated_1.pdb_41": [{"rot": [[-0.05484131971796524, -0.9664201253216614, 0.25104694984176745], [0.9972196996944976, -0.06571560583133285, -0.03513302849791862], [0.05045096820484804, 0.24842222228191235, 0.9673371177018425]], "trans": [426.9273318307594, 464.0329060103685, -103.90674794635254]}], "rb_4XMM.renamed.noAb_Nup120_715-1036_Nup85_553-744_Nup145c_92-99_554-712_remaining_updated_1.pdb_42": [{"rot": [[0.6651476111858909, -0.7265535945614933, 0.17233261317427676], [0.7466900050683677, 0.648939429699696, -0.14605359602568246], [-0.005717662520881656, 0.22582624030613774, 0.9741508186746499]], "trans": [312.03508193093654, 159.9266612352303, -93.22826543625479]}], "rb_4XMM.renamed.noAb_Nup120_2-711_3F7F_updated_1.pdb_42": [{"rot": [[-0.5327911638571564, 0.846038274675865, 0.01878333035498747], [0.4020656547624141, 0.23354460970269966, 0.8853248694910175], [0.7446319795551426, 0.4792453996256004, -0.464593437277681]], "trans": [414.3381759185169, -45.50827487995309, -288.40107354738996]}], "rb_4XMM.renamed.noAb_Nup120_2-711_3F7F_updated_1.pdb_43": [{"rot": [[-0.07954527976860823, 0.7739128245665358, 0.6282766018546148], [0.7026827035911399, -0.4035137529648444, 0.5860150759511863], [0.7070428321823098, 0.4880938343594138, -0.5117175415401988]], "trans": [-59.75842668916539, -202.12415891800316, -249.80939017034694]}], "rb_4XMM.renamed.noAb_Nup120_2-711_3F7F_updated_1.pdb_44": [{"rot": [[0.452968578673818, 0.27383543874689986, 0.8484300909447496], [0.5936525310326854, -0.8026365434948624, -0.057889994343656354], [0.6651286635927741, 0.5298950193509229, -0.5261322355970766]], "trans": [-505.51508657046617, 23.481793142586753, -215.33626543031852]}], "rb_4XMM.renamed.noAb_Nup120_2-711_3F7F_updated_1.pdb_45": [{"rot": [[0.7527962847491448, -0.3612414990787601, 0.5502747795521943], [0.1388465494972259, -0.7300120035635228, -0.6691816721533003], [0.6434433847360623, 0.5801612310353931, -0.49939318842260805]], "trans": [-661.7993538587511, 499.14655033597853, -205.15253696988543]}], "rb_4XMM.renamed.noAb_Nup120_2-711_3F7F_updated_1.pdb_46": [{"rot": [[0.6442945406677905, -0.7592809641473489, -0.09152574691940096], [-0.39530348426742645, -0.22818461266861817, -0.8897566734041991], [0.6546905377288682, 0.6094458138544772, -0.4471645108721627]], "trans": [-437.0557878291107, 946.2191078203862, -225.19997161055448]}], "rb_4XMM.renamed.noAb_Nup120_2-711_3F7F_updated_1.pdb_47": [{"rot": [[0.1910251979872037, -0.6871058254652302, -0.7009956906755527], [-0.6958849489664622, 0.40886806783740504, -0.5903990522560586], [0.6922813817631489, 0.6005934462801378, -0.40004249867914476]], "trans": [37.059574993274566, 1102.7981744935623, -263.7104945698064]}], "rb_4XMM.renamed.noAb_Nup120_2-711_3F7F_updated_1.pdb_48": [{"rot": [[-0.34148017125259567, -0.18699729694184453, -0.9210989651377002], [-0.5868129843805344, 0.8079515952713231, 0.05352327588008182], [0.7341946703727216, 0.5587899700558057, -0.3856318910065959]], "trans": [482.80518337969943, 877.1576421287007, -298.1000935985513]}], "rb_4XMM.renamed.noAb_Nup120_2-711_3F7F_updated_1.pdb_49": [{"rot": [[-0.6412724134252274, 0.4480739938835566, -0.6228959686697478], [-0.13198348527877998, 0.7352772121846107, 0.6647915318772449], [0.7558770081127294, 0.5085244509827097, -0.4123746250186635]], "trans": [639.058888263582, 401.48103291182235, -308.1988517912175]}]}
