{"rb_ScNup133N_56-480_renamed_1.pdb_0": [{"rot": [[-0.23044806633808396, 0.09488765189372164, 0.9684472222269705], [-0.5653177168255981, -0.8231121274832436, -0.05387304180295466], [0.7920287670054241, -0.5598953108466849, 0.24332626888144065]], "trans": [450.39975981738667, 715.6838279416514, -111.86005202023102]}], "rb_ScNup133N_56-480_renamed_1.pdb_1": [{"rot": [[-0.546259824492743, -0.5240842614134626, 0.6534033142584024], [-0.19170440984235004, -0.681145336091528, -0.7066048757033575], [0.8153831144880028, -0.5112501521363747, 0.27161306770547655]], "trans": [505.92973733979034, 320.86836446732605, -114.32393311417678]}], "rb_ScNup133N_56-480_renamed_1.pdb_2": [{"rot": [[-0.5062968454728796, -0.8618526753110232, -0.02955453135213404], [0.29639541654432683, -0.14172966143837468, -0.9444905823353029], [0.8098229814692388, -0.4869524300460948, 0.3272064631948413]], "trans": [266.9077501890305, 2.4169724428092536, -93.68174601397146]}], "rb_ScNup133N_56-480_renamed_1.pdb_3": [{"rot": [[-0.13397000586633406, -0.7205480904031327, -0.6803399789403628], [0.6130460018295649, 0.479137588503386, -0.628173360565334], [0.7786055722693999, -0.5012360927742124, 0.3775390604049887]], "trans": [-126.6418380126953, -53.11691572412917, -62.00197007656686]}], "rb_ScNup133N_56-480_renamed_1.pdb_4": [{"rot": [[0.35260638187694043, -0.18294872492348166, -0.917713737234289], [0.5727489683800199, 0.8177436244896468, 0.05704370102087408], [0.7400184853632215, -0.545733569294952, 0.393125314200594]], "trans": [-444.1702161083583, 186.79935147770493, -37.819059829749165]}], "rb_ScNup133N_56-480_renamed_1.pdb_5": [{"rot": [[0.668389009089867, 0.43601213267889777, -0.6026189116553385], [0.19911088657860637, 0.6757282562945486, 0.7097507861855525], [0.7166665803382678, -0.5943776104480449, 0.36483457734201274]], "trans": [-499.6628697201247, 581.6195586972896, -35.27570017395169]}], "rb_ScNup133N_56-480_renamed_1.pdb_6": [{"rot": [[0.6283879602160696, 0.7737384846724396, 0.08035750613529835], [-0.2889857869584538, 0.136286089023472, 0.9475828812693322], [0.7222297324200179, -0.6186718510450296, 0.3092399623803917]], "trans": [-260.6095065765418, 900.0525783756493, -55.83782215572535]}], "rb_ScNup133N_56-480_renamed_1.pdb_7": [{"rot": [[0.2560364137006076, 0.6323854721177636, 0.7311183006283758], [-0.605607138710054, -0.4845700496016282, 0.631214591539594], [0.7534489686785378, -0.6043843823953995, 0.2589095786443192]], "trans": [132.9509558797231, 955.5559744748037, -87.43583989104036]}], "rb_ScNup133C_490_881_renamed_relative_3CQC_1.pdb_7": [{"rot": [[0.7857071272620856, 0.3678741016227298, -0.49732580420166217], [-0.2837786453075781, 0.9287184727114927, 0.23864550888677544], [0.5496671635062043, -0.04637503422857735, 0.8340955374316193]], "trans": [180.67400324067796, 102.62572151658341, -245.37946109184588]}], "rb_ScNup133C_490_881_renamed_relative_3CQC_1.pdb_8": [{"rot": [[0.36782617057098216, 0.9146215254796616, -0.16784330005199363], [-0.7227374957208729, 0.3947611345741679, 0.5672866637854594], [0.5851106053749223, -0.08735623480308882, 0.8062347472782474]], "trans": [-120.1293489362173, 69.77744794158858, -221.20251068104517]}], "rb_ScNup133C_490_881_renamed_relative_3CQC_1.pdb_9": [{"rot": [[-0.23718796075496906, 0.9249891967990879, 0.2968785224260534], [-0.7365763038875656, -0.3704883426678294, 0.5658566395285796], [0.6334013102482746, -0.08445930234274082, 0.7692004981950712]], "trans": [-356.0612232354124, 259.93835424345957, -203.28126370990157]}], "rb_ScNup133C_490_881_renamed_relative_3CQC_1.pdb_10": [{"rot": [[-0.6749094578857733, 0.39290358753792354, 0.624599067047142], [-0.317188100856413, -0.9187360252285076, 0.2351931644891582], [0.6662499023125128, -0.039381300729553065, 0.7446879754779279]], "trans": [-388.9074877137481, 561.709617036961, -202.09023444250676]}], "rb_ScNup133C_490_881_renamed_relative_3CQC_1.pdb_11": [{"rot": [[-0.6889148959290959, -0.3699320499915508, 0.6233350179125592], [0.28974359066327315, -0.9288106903714974, -0.23099643529971353], [0.6644132131712579, 0.02147044109164631, 0.7470569605610897]], "trans": [-199.42442416822234, 798.3094923980336, -218.3031397160267]}], "rb_ScNup133C_490_881_renamed_relative_3CQC_1.pdb_12": [{"rot": [[-0.27099969180248284, -0.91663784334208, 0.2938268728284367], [0.7286696280424102, -0.39481045720325747, -0.5596117190083575], [0.6289672012207739, 0.06244811475243908, 0.7749196685801512]], "trans": [101.38803040426382, 831.1345540770978, -242.3982261180825]}], "rb_ScNup133C_490_881_renamed_relative_3CQC_1.pdb_13": [{"rot": [[0.3340155353123183, -0.926945830217238, -0.17089485075010089], [0.7424609497271728, 0.37043980828296996, -0.5581452199647501], [0.5806766400504227, 0.0595464212371343, 0.8119537323133627]], "trans": [337.31161199880233, 640.9555349043682, -260.236247392445]}], "rb_ScNup133C_490_881_renamed_relative_3CQC_1.pdb_14": [{"rot": [[0.7717043346567543, -0.3948174465629422, -0.49858961457444395], [0.3230384050169914, 0.9186457105366093, -0.22745603398627287], [0.5478308212907088, 0.01446521352087593, 0.8364640750455101]], "trans": [370.140873334076, 339.1821026305791, -261.3434342593061]}], "rb_ScNup84_506-726_ScNup133C_882_1155_renamed_relative_3CQC_new_1.pdb_14": [{"rot": [[0.9839038045644858, 0.1567136743647547, 0.08587274090555519], [-0.17213246828090917, 0.9602184369137573, 0.21988853261238303], [-0.04799704914947144, -0.23113065066754532, 0.9717380848741831]], "trans": [-63.35291586912774, 49.16834745498815, 104.56722322042674]}], "rb_ScNup84_506-726_ScNup133C_882_1155_renamed_relative_3CQC_new_1.pdb_15": [{"rot": [[0.5752302887217338, 0.7834757375000886, 0.23510823823466442], [-0.8178993123414017, 0.5552112350561804, 0.15093442065631513], [-0.012281278784295607, -0.27911691675010963, 0.96017858598041]], "trans": [-323.89907951207636, 224.1157401134196, 124.52440239264453]}], "rb_ScNup84_506-726_ScNup133C_882_1155_renamed_relative_3CQC_new_1.pdb_16": [{"rot": [[-0.16904841106324858, 0.9413391762520614, 0.2920670984039202], [-0.9844454057603235, -0.1756525364743617, -0.0036646292471353425], [0.04785266757858789, -0.2881436129488511, 0.9563908095137676]], "trans": [-384.88056919200534, 532.5940603519024, 127.92535032139892]}], "rb_ScNup84_506-726_ScNup133C_882_1155_renamed_relative_3CQC_new_1.pdb_17": [{"rot": [[-0.812923338126752, 0.5378253623252817, 0.2233820180062442], [-0.5742056987129535, -0.8042225751360992, -0.15334231381792343], [0.09717747627115825, -0.2529227733541307, 0.9625936883360641]], "trans": [-210.57165507614428, 793.8924754255979, 112.80174865784613]}], "rb_ScNup84_506-726_ScNup133C_882_1155_renamed_relative_3CQC_new_1.pdb_18": [{"rot": [[-0.979203481558504, -0.19068162253716697, 0.06928968559822862], [0.17249560403248998, -0.9622736894434404, -0.210415334979129], [0.1067979788815051, -0.1940872624143739, 0.9751534885726058]], "trans": [96.91695653000988, 854.9388062718615, 88.03722140046563]}], "rb_ScNup84_506-726_ScNup133C_882_1155_renamed_relative_3CQC_new_1.pdb_19": [{"rot": [[-0.5704795887861628, -0.8174121146543752, -0.07994043779362407], [0.818230350839357, -0.5572173081144342, -0.14144951220491964], [0.07107834933140054, -0.14610375201879444, 0.9867125021516436]], "trans": [357.45601469741274, 679.9713683228669, 68.16318269765162]}], "rb_ScNup84_506-726_ScNup133C_882_1155_renamed_relative_3CQC_new_1.pdb_20": [{"rot": [[0.17381212079734626, -0.9752185548441444, -0.13688724174162678], [0.9847180221682555, 0.1736588293734112, 0.013154003105471788], [0.010943650258072452, -0.13708165912461928, 0.9904992959364858]], "trans": [418.4199788901433, 371.4886705651895, 64.84612954664482]}], "rb_ScNup84_506-726_ScNup133C_882_1155_renamed_relative_3CQC_new_1.pdb_21": [{"rot": [[0.8176550692048987, -0.5716557053725003, -0.06819048554310386], [0.5744277926785507, 0.8021971763261777, 0.16282629177365213], [-0.03837836372206664, -0.1723062529607661, 0.984295512734179]], "trans": [244.09721263146832, 110.20434374649506, 80.05324335494109]}], "rb_4XMM.renamed.noAb_Nup145c_149-550_Sec13_Nup84_7-436_3IKO_updated_1.pdb_21": [{"rot": [[0.9912180013938313, -0.022562426360805413, 0.1302989279676963], [0.02282307807352001, 0.9997393909231068, -0.0005072907891246628], [-0.13025352517328534, 0.0034766583680243416, 0.9914746250038494]], "trans": [-27.353765606065963, -14.39846636262223, 70.43062263554407]}], "rb_4XMM.renamed.noAb_Nup145c_149-550_Sec13_Nup84_7-436_3IKO_updated_1.pdb_22": [{"rot": [[0.7162311418689493, 0.6888791953983397, 0.11161722790159424], [-0.6899389612264137, 0.7230169995077051, -0.03508059584288191], [-0.10486744584911724, -0.051883259055407416, 0.9931318876316837]], "trans": [-343.866561650387, 151.83051571044206, 94.89110814201374]}], "rb_4XMM.renamed.noAb_Nup145c_149-550_Sec13_Nup84_7-436_3IKO_updated_1.pdb_23": [{"rot": [[0.019293403587727465, 0.99706922452216, 0.07403192614527095], [-0.9986698571391996, 0.022759584915349018, -0.04626572960681141], [-0.047815071050565545, -0.07304082971365267, 0.9961820898686995]], "trans": [-450.5825119995253, 493.8466979355417, 101.7741982402838]}], "rb_4XMM.renamed.noAb_Nup145c_149-550_Sec13_Nup84_7-436_3IKO_updated_1.pdb_24": [{"rot": [[-0.6913192595425842, 0.7214655964705102, 0.03956102242033532], [-0.7225106977334951, -0.6908121857562134, -0.027510283011617162], [0.007481513626893494, -0.04760165039336507, 0.998838380236601]], "trans": [-284.98399490479204, 811.292295132223, 87.07168660040395]}], "rb_4XMM.renamed.noAb_Nup145c_149-550_Sec13_Nup84_7-436_3IKO_updated_1.pdb_25": [{"rot": [[-0.9993199298216993, 0.023520802567203288, 0.02839805816859727], [-0.02323941243331008, -0.9996779078856144, 0.010198538875439029], [0.028628789197360473, 0.009531648967202449, 0.9995446663841779]], "trans": [55.920956719890626, 918.2033172749295, 59.420516747616205]}], "rb_4XMM.renamed.noAb_Nup145c_149-550_Sec13_Nup84_7-436_3IKO_updated_1.pdb_26": [{"rot": [[-0.724277471790661, -0.6878992558976097, 0.04708245524652076], [0.6895010201073845, -0.7228996864427689, 0.04477037649853101], [0.0032383834550702463, 0.06488957602310848, 0.9978871959275442]], "trans": [372.4273287922293, 751.9498969422306, 35.04313876436538]}], "rb_4XMM.renamed.noAb_Nup145c_149-550_Sec13_Nup84_7-436_3IKO_updated_1.pdb_27": [{"rot": [[-0.027315635462710763, -0.9960346776524176, 0.08466863039585944], [0.9981772048661512, -0.022618106121818915, 0.05595255991514106], [-0.05381564591142256, 0.0860426765582318, 0.9948369384305297]], "trans": [479.12313915166635, 409.92574873342767, 28.244169295455777]}], "rb_4XMM.renamed.noAb_Nup145c_149-550_Sec13_Nup84_7-436_3IKO_updated_1.pdb_28": [{"rot": [[0.6832755082793468, -0.7203753879238066, 0.1191380722490611], [0.7219622804770993, 0.6909320093549413, 0.037194408411032824], [-0.10911024403741239, 0.060599166020379604, 0.9921807777435158]], "trans": [313.50639101798066, 92.49355800490719, 43.03054542243086]}], "rb_4XMM.renamed.noAb_Seh1_Nup85_47_544_3F3F_1.pdb_28": [{"rot": [[0.6274517238605545, -0.7572781027883315, 0.1812021226744317], [0.2654729153091389, 0.42681767999908443, 0.8644945339777816], [-0.7320030501723892, -0.4943243298458011, 0.46884431473658117]], "trans": [521.480832200174, -66.80165839315919, 768.3566152460058]}], "rb_4XMM.renamed.noAb_Seh1_Nup85_47_544_3F3F_1.pdb_29": [{"rot": [[0.6175115688365199, -0.24573652902447596, 0.7471900833496512], [-0.2966522174240861, 0.8070323239662754, 0.5105842633405003], [-0.7284757540580391, -0.536947284541594, 0.4254535102369891]], "trans": [22.07894899070766, -231.82264464110716, 809.0061809694408]}], "rb_4XMM.renamed.noAb_Seh1_Nup85_47_544_3F3F_1.pdb_30": [{"rot": [[0.21424190915892027, 0.38412156026579464, 0.8980818622480401], [-0.6869221771796388, 0.712910957587139, -0.14105278817155198], [-0.6944338174791901, -0.5866929294709075, 0.4165970230932031]], "trans": [-447.50251534423563, 5.7928415032890825, 845.3198580942255]}], "rb_4XMM.renamed.noAb_Seh1_Nup85_47_544_3F3F_1.pdb_31": [{"rot": [[-0.3461162024309047, 0.7633164153771806, 0.5454829277168401], [-0.6767113187262838, 0.19959120439784006, -0.7086784477001885], [-0.6498194868750383, -0.6144195644205562, 0.44746310835052194]], "trans": [-612.1742045593354, 506.8464146734665, 856.0485874390004]}], "rb_4XMM.renamed.noAb_Seh1_Nup85_47_544_3F3F_1.pdb_32": [{"rot": [[-0.7352970831142625, 0.6697103435379754, -0.10404929275059527], [-0.27200130691910074, -0.4322169863748109, -0.8597696003717348], [-0.6207684661755567, -0.6038845356914833, 0.49996997805340593]], "trans": [-375.46720790230444, 977.8139436461335, 834.9313329796987]}], "rb_4XMM.renamed.noAb_Seh1_Nup85_47_544_3F3F_1.pdb_33": [{"rot": [[-0.7253130855364244, 0.1581391014771984, -0.6700096660001335], [0.29012302691409564, -0.8123914680807045, -0.5058149185659464], [-0.6242992529258936, -0.5612594116570844, 0.5433583675830428]], "trans": [123.95409175577902, 1142.7961261021221, 794.3628850330538]}], "rb_4XMM.renamed.noAb_Seh1_Nup85_47_544_3F3F_1.pdb_34": [{"rot": [[-0.322012976252854, -0.4717116640514346, -0.8208506253409324], [0.6803613220607126, -0.7182206688763366, 0.14583395435433213], [-0.6583434624636084, -0.5115145909909596, 0.552210746576679]], "trans": [593.5235685741491, 905.1441901051215, 758.1328173225129]}], "rb_4XMM.renamed.noAb_Seh1_Nup85_47_544_3F3F_1.pdb_35": [{"rot": [[0.23834435418659222, -0.8508664937054556, -0.4682074099336256], [0.6701064828638997, -0.20487117074389471, 0.7134319203832935], [-0.7029575168181534, -0.4837912910412958, 0.5213412666012982]], "trans": [758.1627154422445, 404.07810744965184, 747.4892192580521]}], "rb_4XMM.renamed.noAb_Nup120_715-1036_Nup85_553-744_Nup145c_92-99_554-712_remaining_updated_1.pdb_35": [{"rot": [[0.999346118470067, -0.0166920232572965, 0.03207353828917697], [0.014080680800063349, 0.996696593266638, 0.07998521987769855], [-0.0333027014972683, -0.07948130176497445, 0.9962799068247475]], "trans": [-2.0167148612464416, -31.382156197724157, 60.564240025823466]}], "rb_4XMM.renamed.noAb_Nup120_715-1036_Nup85_553-744_Nup145c_92-99_554-712_remaining_updated_1.pdb_36": [{"rot": [[0.7177468284235837, 0.689255832777071, 0.09882250386764797], [-0.6962648279430474, 0.7119498820649772, 0.09133813440782548], [-0.00740132807836795, -0.1343642899376529, 0.990904363665952]], "trans": [-338.0724358399576, 121.3964174501073, 86.64786024842863]}], "rb_4XMM.renamed.noAb_Nup120_715-1036_Nup85_553-744_Nup145c_92-99_554-712_remaining_updated_1.pdb_37": [{"rot": [[0.017835076165556685, 0.9879034666021207, 0.15404106833464765], [-0.9985971126634567, 0.009917750710673967, 0.052013890462515554], [0.04985696178443321, -0.1547526377686394, 0.986694433178414]], "trans": [-468.09349774182914, 467.76845719614334, 95.3673187398785]}], "rb_4XMM.renamed.noAb_Nup120_715-1036_Nup85_553-744_Nup145c_92-99_554-712_remaining_updated_1.pdb_38": [{"rot": [[-0.6903709650755556, 0.7042988833915016, 0.16538141804364864], [-0.7158056580867345, -0.6981394795958695, -0.014950815383229003], [0.10492945454761925, -0.12870256362283766, 0.9861163520017536]], "trans": [-315.9098158685083, 804.8244551065756, 81.63863867270356]}], "rb_4XMM.renamed.noAb_Nup120_715-1036_Nup85_553-744_Nup145c_92-99_554-712_remaining_updated_1.pdb_39": [{"rot": [[-0.9919942106355275, 0.004581646814617749, 0.12620021623618724], [-0.013553685663434255, -0.9974318997341323, -0.07032711424261863], [0.12555390742836772, -0.07147456824090383, 0.9895087682402025]], "trans": [29.32917648796274, 935.1123719110813, 53.52827930583027]}], "rb_4XMM.renamed.noAb_Nup120_715-1036_Nup85_553-744_Nup145c_92-99_554-712_remaining_updated_1.pdb_40": [{"rot": [[-0.7103395103775657, -0.7013440199287564, 0.05945036338601989], [0.6967696974080635, -0.7126297899639966, -0.08167478943800893], [0.09964822512435068, -0.016593618232309572, 0.9948843566282086]], "trans": [365.37952307463496, 782.3078256811336, 27.527690413626658]}], "rb_4XMM.renamed.noAb_Nup120_715-1036_Nup85_553-744_Nup145c_92-99_554-712_remaining_updated_1.pdb_41": [{"rot": [[-0.010404159044057892, -0.9999369077084513, 0.004234864465699737], [0.9990470377647741, -0.010574241898555825, -0.04234621283772011], [0.042388321599381745, 0.003790252066515464, 0.9990940216922811]], "trans": [495.3801058904129, 435.9259909375178, 18.892388478635667]}], "rb_4XMM.renamed.noAb_Nup120_715-1036_Nup85_553-744_Nup145c_92-99_554-712_remaining_updated_1.pdb_42": [{"rot": [[0.6977798454653736, -0.7162770927034044, -0.007100262718714903], [0.716200007315238, 0.6974607054222277, 0.024619380852868643], [-0.012682144296972592, -0.022264115978051623, 0.9996716822816096]], "trans": [343.1766638528598, 98.8823472520927, 32.705060033318716]}], "rb_4XMM.renamed.noAb_Nup120_2-711_3F7F_updated_1.pdb_42": [{"rot": [[0.9999640032461712, -0.002510208684319095, -0.008105002421442927], [0.004971700655896821, 0.9474166947196803, 0.31996388664820175], [0.00687563847788566, -0.31999266463279485, 0.9473950708003098]], "trans": [3.742295905520791, -68.12166272786942, 201.4243806409392]}], "rb_4XMM.renamed.noAb_Nup120_2-711_3F7F_updated_1.pdb_43": [{"rot": [[0.7125574224698451, 0.659813425993862, 0.2385543178426493], [-0.7008270112262815, 0.6532559940316519, 0.28652767160844095], [0.033217766613167166, -0.3713527287363855, 0.9278974786264226]], "trans": [-357.1059364115498, 99.47259894452257, 229.41203221508806]}], "rb_4XMM.renamed.noAb_Nup120_2-711_3F7F_updated_1.pdb_44": [{"rot": [[0.01174279577880355, 0.9209668958534625, 0.38946384105502463], [-0.9958261006556759, -0.024485073989723938, 0.08792530013953789], [0.09051234170104863, -0.388870747027536, 0.9168353495072259]], "trans": [-494.2209039291658, 473.9033468822365, 238.56040004502353]}], "rb_4XMM.renamed.noAb_Nup120_2-711_3F7F_updated_1.pdb_45": [{"rot": [[-0.6919327870251046, 0.6279628159868031, 0.3562186406935962], [-0.7072109415573862, -0.6887762355484658, -0.1594991582585862], [0.14519539380154034, -0.3622844173872326, 0.9206890346567655]], "trans": [-327.2768120152019, 835.8238862649929, 223.53424616516995]}], "rb_4XMM.renamed.noAb_Nup120_2-711_3F7F_updated_1.pdb_46": [{"rot": [[-0.9862462477096332, -0.047552892262700285, 0.15829422388741415], [-0.004056363604934027, -0.9504663616980854, -0.3108009671714469], [0.1652328199631397, -0.30716838658601286, 0.9372009909774809]], "trans": [45.93004971470941, 973.2161788379478, 193.16010828830125]}], "rb_4XMM.renamed.noAb_Nup120_2-711_3F7F_updated_1.pdb_47": [{"rot": [[-0.6987846111859892, -0.7098536022310026, -0.08836249526418327], [0.7017197669575849, -0.6562536867093565, -0.2773453935823848], [0.13888641341267285, -0.25581040260326565, 0.9566982816381122]], "trans": [406.77175278169926, 805.5939991757178, 165.25558955921818]}], "rb_4XMM.renamed.noAb_Nup120_2-711_3F7F_updated_1.pdb_48": [{"rot": [[0.0020530426612012653, -0.970954219578662, -0.2392565328224503], [0.9966638414032065, 0.021507856010606008, -0.07873118422346007], [0.0815902705917357, -0.23829669660365835, 0.9677591188578638]], "trans": [543.8640530003763, 431.1529003923505, 156.1915554043179]}], "rb_4XMM.renamed.noAb_Nup120_2-711_3F7F_updated_1.pdb_49": [{"rot": [[0.7057061343973349, -0.6778983211447148, -0.2059920339798245], [0.7079934622102358, 0.6857759982986954, 0.1686906566025172], [0.026909279840446942, -0.2648870445050155, 0.9639039082355999]], "trans": [376.89826124046976, 69.24587456981453, 171.30184973560944]}]}
