{"rb_ScNup133N_56-480_renamed_1.pdb_0": [{"rot": [[-0.6828317119528913, 0.07622955553498262, 0.7265878529224273], [0.13147521169847148, -0.9654824996779281, 0.22485064270422206], [0.7186481210302619, 0.24906344107194583, 0.6492397711639942]], "trans": [794.273007646449, 243.79797611266235, -357.2430674547083]}], "rb_ScNup133N_56-480_renamed_1.pdb_1": [{"rot": [[-0.37719246447928395, -0.6216890896687234, 0.6864608659835737], [0.6155947584218663, -0.7220705188105498, -0.31568538019393205], [0.691931310278389, 0.30350756440579424, 0.6550681034861142]], "trans": [412.19031284864, -269.2853488555213, -324.251079857798]}], "rb_ScNup133N_56-480_renamed_1.pdb_2": [{"rot": [[0.18025914291277262, -0.9437937113019246, 0.27705608079103994], [0.7409732389477741, -0.05495014484076566, -0.6692825567316267], [0.6468889398958656, 0.3259354415968253, 0.6894206171499986]], "trans": [-219.75037615217582, -360.9080854561828, -273.3944677711014]}], "rb_ScNup133N_56-480_renamed_1.pdb_3": [{"rot": [[0.6629600985453473, -0.7013908803367274, -0.2617914068819165], [0.43416217154754333, 0.6450701007626517, -0.6287986751728911], [0.6099074655501965, 0.30320850595346455, 0.7321731252809015]], "trans": [-731.3473800363419, 22.603774087110622, -234.44174673204952]}], "rb_ScNup133N_56-480_renamed_1.pdb_4": [{"rot": [[0.7881373765254038, -0.036483593032460675, -0.6144171410069016], [-0.12510419445972074, 0.9679084878397577, -0.21794976415756312], [0.6026511563518627, 0.24864051682538546, 0.7582806058053753]], "trans": [-822.8980470714953, 656.5836917318576, -230.18796505749884]}], "rb_ScNup133N_56-480_renamed_1.pdb_5": [{"rot": [[0.4824603624126055, 0.661416086515285, -0.5742479945106481], [-0.6091997362112022, 0.7244417372195256, 0.32258309127193324], [0.6293708605432079, 0.19419817165246328, 0.7524489285167076]], "trans": [-440.76879230477437, 1169.6374094001058, -263.10104312953655]}], "rb_ScNup133N_56-480_renamed_1.pdb_6": [{"rot": [[-0.07500103887987147, 0.9834686856419589, -0.1648156197956268], [-0.7345344596017443, 0.05729610429647164, 0.6761481228917372], [0.674413798661113, 0.1717745638740627, 0.7180943721972497]], "trans": [191.1855921382474, 1261.2109420195561, -313.87603083797495]}], "rb_ScNup133N_56-480_renamed_1.pdb_7": [{"rot": [[-0.5576780782691357, 0.7410112508375075, 0.37402872503361917], [-0.4276855164495681, -0.6427050924096553, 0.6356219499120221], [0.7113931824506814, 0.19450575909964063, 0.6753423203381843]], "trans": [702.7592306332912, 877.6593397901042, -352.744219554698]}], "rb_ScNup133C_490_881_renamed_relative_3CQC_1.pdb_7": [{"rot": [[0.829571375371935, 0.35366729972492744, -0.43212356365835264], [-0.2787040526839893, 0.9328191030536835, 0.22841316073212925], [0.48387538083791376, -0.06905043144977259, 0.8724085360285995]], "trans": [140.87183912270393, 103.78594606204186, -214.7395105081739]}], "rb_ScNup133C_490_881_renamed_relative_3CQC_1.pdb_8": [{"rot": [[0.4012002756929924, 0.9069923582857001, -0.12807498114468432], [-0.7538527410470083, 0.40636704726837286, 0.5163059826404266], [0.5203310327087741, -0.11059242698181629, 0.8467732467989837]], "trans": [-146.923107611957, 100.41380588353923, -191.74282586740912]}], "rb_ScNup133C_490_881_renamed_relative_3CQC_1.pdb_9": [{"rot": [[-0.23674420937378837, 0.9273032512088074, 0.289932508742215], [-0.7858300013231482, -0.3582434268201856, 0.5041159154010023], [0.5713347428158383, -0.1084911399041647, 0.8135147719702784]], "trans": [-352.8757405797418, 302.18144454226604, -176.2675822966399]}], "rb_ScNup133C_490_881_renamed_relative_3CQC_1.pdb_10": [{"rot": [[-0.7105452054590471, 0.40270157103630344, 0.5770242245209924], [-0.3559031035632769, -0.9130927224832294, 0.1989840722826596], [0.6070078186260759, -0.06397753381505414, 0.792116395041635]], "trans": [-356.33419011673425, 590.8906511834144, -177.35539077937102]}], "rb_ScNup133C_490_881_renamed_relative_3CQC_1.pdb_11": [{"rot": [[-0.742643408461995, -0.35949362110306865, 0.5650177910952476], [0.2840707135556146, -0.933142298946279, -0.22033901065688855], [0.6064524693394806, -0.0031283068033313433, 0.7951135869349673]], "trans": [-155.27053438076138, 797.4116185519656, -194.3449928671323]}], "rb_ScNup133C_490_881_renamed_relative_3CQC_1.pdb_12": [{"rot": [[-0.3142352384788426, -0.9127776347018557, 0.2609467464564934], [0.7591857643344584, -0.40664683161825177, -0.5082079589761854], [0.5699940263985648, 0.03841020597343561, 0.820750550378755]], "trans": [132.53121543976135, 800.7615688129615, -217.2596352023371]}], "rb_ScNup133C_490_881_renamed_relative_3CQC_1.pdb_13": [{"rot": [[0.3237117579590823, -0.9330288932892965, -0.15705980404415873], [0.791112952904792, 0.3579652111540044, -0.4959850837976157], [0.5189903597421626, 0.03630415803758652, 0.8540087907064431]], "trans": [338.47464963456355, 598.978170664392, -232.65159230737913]}], "rb_ScNup133C_490_881_renamed_relative_3CQC_1.pdb_14": [{"rot": [[0.7974792352857938, -0.4083839240421223, -0.44412772923106475], [0.36114888202875506, 0.9127733136846989, -0.1908307177433255], [0.483320136449294, -0.008212698034782293, 0.8754051617928829]], "trans": [341.9171139891714, 310.26910068278255, -231.48003378234262]}], "rb_ScNup84_506-726_ScNup133C_882_1155_renamed_relative_3CQC_new_1.pdb_14": [{"rot": [[0.97817664246191, 0.17715920127886078, 0.10855907858939887], [-0.19600165575820758, 0.9601619511492157, 0.1991792622372398], [-0.06894785770409614, -0.21611026113437126, 0.9739314903782752]], "trans": [-72.30083121627979, 70.5912695221121, 112.35446490413085]}], "rb_ScNup84_506-726_ScNup133C_882_1155_renamed_relative_3CQC_new_1.pdb_15": [{"rot": [[0.5539283560033036, 0.7982275470884443, 0.23663507661511451], [-0.8319476625339168, 0.5416271862790077, 0.12042872534339805], [-0.032038464692113314, -0.2635768847085209, 0.9641061988326399]], "trans": [-314.9857483859472, 246.01859105478223, 130.88565705432217]}], "rb_ScNup84_506-726_ScNup133C_882_1155_renamed_relative_3CQC_new_1.pdb_16": [{"rot": [[-0.1944447677960261, 0.94252795136523, 0.2717209840479943], [-0.9805041557550416, -0.1947592655011104, -0.0260850349541544], [0.028334304717796785, -0.2714956526295198, 0.9620224933853825]], "trans": [-362.99449538501386, 542.1661715665036, 133.31259193511195]}], "rb_ScNup84_506-726_ScNup133C_882_1155_renamed_relative_3CQC_new_1.pdb_17": [{"rot": [[-0.8285352009533862, 0.5255272026481764, 0.19326298160256258], [-0.5546446470460925, -0.8176118376893754, -0.15453219202909094], [0.07680323094926025, -0.23522763899461915, 0.9689010380677532]], "trans": [-188.20095795883026, 785.5466995078037, 118.2375417747383]}], "rb_ScNup84_506-726_ScNup133C_882_1155_renamed_relative_3CQC_new_1.pdb_18": [{"rot": [[-0.9768838270500876, -0.20848978075370933, 0.04722287336918764], [0.19615635877215504, -0.9620547112766339, -0.18966659016199913], [0.0849745336040258, -0.176019157570136, 0.9807122844173388]], "trans": [107.00025841873128, 833.5845467404047, 94.51568841654188]}], "rb_ScNup84_506-726_ScNup133C_882_1155_renamed_relative_3CQC_new_1.pdb_19": [{"rot": [[-0.5525859292030548, -0.8295255003241366, -0.0808469860834933], [0.8320690461971896, -0.5434712142709525, -0.11090600353160766], [0.04806134837156448, -0.12855537161412062, 0.990537037783979]], "trans": [349.67803219580816, 658.1385818169821, 76.06763293707297]}], "rb_ScNup84_506-726_ScNup133C_882_1155_renamed_relative_3CQC_new_1.pdb_20": [{"rot": [[0.19579880142856015, -0.9737684749351034, -0.11592146730308156], [0.9805667965665334, 0.1929265387544326, 0.03561050568972856], [-0.012312060363036163, -0.12064123617898878, 0.992619819116473]], "trans": [397.6702150764425, 361.9876415729623, 73.7245112549733]}], "rb_ScNup84_506-726_ScNup133C_882_1155_renamed_relative_3CQC_new_1.pdb_21": [{"rot": [[0.8298560374160562, -0.5567191362335633, -0.037453444640957165], [0.5546575338955448, 0.8157463608689337, 0.1640515005173709], [-0.06077809849798391, -0.15691296339195035, 0.9857405057430291]], "trans": [222.86422297864368, 118.62123932672887, 88.88296199081924]}], "rb_4XMM.renamed.noAb_Nup145c_149-550_Sec13_Nup84_7-436_3IKO_updated_1.pdb_21": [{"rot": [[0.9978001783738459, -0.014361397345603311, 0.06471904127382301], [0.01606678740456196, 0.9995352169316212, -0.025907691057932163], [-0.06431689031364714, 0.02689052583603279, 0.9975671592632969]], "trans": [-13.406201193288553, -1.5026758794396642, 23.60449308064983]}], "rb_4XMM.renamed.noAb_Nup145c_149-550_Sec13_Nup84_7-436_3IKO_updated_1.pdb_22": [{"rot": [[0.7174379111306775, 0.6950121780391291, 0.047338314817443834], [-0.6955573202477495, 0.7184414576496714, -0.006471953336092058], [-0.03850789428440834, -0.028283286717084466, 0.998857946742308]], "trans": [-325.8128549100478, 148.42224221027658, 47.81702058836743]}], "rb_4XMM.renamed.noAb_Nup145c_149-550_Sec13_Nup84_7-436_3IKO_updated_1.pdb_23": [{"rot": [[0.017499911117598355, 0.998657992222438, 0.04874389891180676], [-0.9996708319262207, 0.016561253447944402, 0.01959471051508277], [0.01876115419725305, -0.04907075966888251, 0.9986190863581093]], "trans": [-441.11688657374174, 476.0016803518226, 55.45487552220021]}], "rb_4XMM.renamed.noAb_Nup145c_149-550_Sec13_Nup84_7-436_3IKO_updated_1.pdb_24": [{"rot": [[-0.6919802721319295, 0.7186960458497608, 0.06811238257569828], [-0.7181197644890885, -0.6949340755413085, 0.03702208127161381], [0.07394123903719617, -0.023294298260829415, 0.9969905058916954]], "trans": [-291.7696553096681, 789.335101606982, 42.06769966934121]}], "rb_4XMM.renamed.noAb_Nup145c_149-550_Sec13_Nup84_7-436_3IKO_updated_1.pdb_25": [{"rot": [[-0.9953791435997487, 0.019131994569656103, 0.09409743498319101], [-0.015840703111076115, -0.9992405335120442, 0.0356009594183975], [0.09470708849698609, 0.03394588296613142, 0.994926250743276]], "trans": [34.74103835098174, 904.8674865984223, 15.521894304761133]}], "rb_4XMM.renamed.noAb_Nup145c_149-550_Sec13_Nup84_7-436_3IKO_updated_1.pdb_26": [{"rot": [[-0.7149613664559238, -0.6902196765248678, 0.11147664604473682], [0.6957613759178114, -0.718091106663949, 0.016163858174866118], [0.06889377516460053, 0.08911767876269105, 0.9936355906847931]], "trans": [347.1425396002822, 754.918451986709, -8.607628591926812]}], "rb_4XMM.renamed.noAb_Nup145c_149-550_Sec13_Nup84_7-436_3IKO_updated_1.pdb_27": [{"rot": [[-0.014999628441964619, -0.9938107566480766, 0.11006902887360623], [0.9998199411131378, -0.01618709345155528, -0.009902694487392179], [0.011623101957868982, 0.10990067322890415, 0.9938746125768123]], "trans": [462.4275574844894, 427.3303733239511, -16.161449380383374]}], "rb_4XMM.renamed.noAb_Nup145c_149-550_Sec13_Nup84_7-436_3IKO_updated_1.pdb_28": [{"rot": [[0.6944586148530452, -0.7137933104295648, 0.09069918545604952], [0.7182131977577113, 0.6952862383387302, -0.027328544480433887], [-0.04355496324221308, 0.08411989516624108, 0.9955032940247803]], "trans": [313.06241634754645, 114.00908287788116, -2.6904284326710126]}], "rb_4XMM.renamed.noAb_Seh1_Nup85_47_544_3F3F_1.pdb_28": [{"rot": [[0.6800175949808573, -0.6963532898760527, 0.22949546007546084], [0.2985801351806114, 0.5488863128490964, 0.7807520210940542], [-0.669646155362649, -0.4624023261681549, 0.5811696098062086]], "trans": [453.1120440830217, -123.82386427771917, 688.1274904041043]}], "rb_4XMM.renamed.noAb_Seh1_Nup85_47_544_3F3F_1.pdb_29": [{"rot": [[0.6793507052804489, -0.11585618046817552, 0.7246102156899806], [-0.3066969321062589, 0.8522481060621104, 0.42380438594964165], [-0.66664804137683, -0.5101475386208087, 0.5434426168120835]], "trans": [-68.17667322563386, -228.58031248463627, 730.2283568945484]}], "rb_4XMM.renamed.noAb_Seh1_Nup85_47_544_3F3F_1.pdb_30": [{"rot": [[0.2522231246601345, 0.5086056596559358, 0.8232276588846044], [-0.7340455609540584, 0.6548916913153069, -0.1797052784138981], [-0.6305240755358339, -0.5589607818193734, 0.5385185554440579]], "trans": [-510.7600679248671, 67.15686310855547, 764.1073312317787]}], "rb_4XMM.renamed.noAb_Seh1_Nup85_47_544_3F3F_1.pdb_31": [{"rot": [[-0.35114778765381943, 0.8112136796396311, 0.4675763009299725], [-0.7331188989680794, 0.0724312390928109, -0.6762325011261358], [-0.5824361863772349, -0.5802465696314009, 0.5692820102807858]], "trans": [-615.3646336347375, 590.1407719403679, 769.9416374566947]}], "rb_4XMM.renamed.noAb_Seh1_Nup85_47_544_3F3F_1.pdb_32": [{"rot": [[-0.7772988436980346, 0.6146958346033797, -0.13399827799994446], [-0.3044597978056425, -0.5539197050010629, -0.7749046340884022], [-0.5505549374093772, -0.5615353874269969, 0.617711315714199]], "trans": [-320.7096274987633, 1034.00018293919, 744.3374616202088]}], "rb_4XMM.renamed.noAb_Seh1_Nup85_47_544_3F3F_1.pdb_33": [{"rot": [[-0.77658474611192, 0.03417504907103319, -0.6290852073664382], [0.30081719697897036, -0.8572359263678115, -0.41791815053432735], [-0.5535568138032424, -0.5137885095691707, 0.6554359017681973]], "trans": [200.59380659227912, 1138.716111519396, 702.3180958474006]}], "rb_4XMM.renamed.noAb_Seh1_Nup85_47_544_3F3F_1.pdb_34": [{"rot": [[-0.3494238233301976, -0.5902714154494839, -0.727655583220913], [0.7281322874353064, -0.6598305057720728, 0.1855992339606935], [-0.589683274040847, -0.4649767303380145, 0.6603561740156854]], "trans": [643.1606799087006, 842.9446070192885, 668.523081982225]}], "rb_4XMM.renamed.noAb_Seh1_Nup85_47_544_3F3F_1.pdb_35": [{"rot": [[0.25394703311258887, -0.8928340153469032, -0.3719654895455176], [0.727158268431269, -0.07734632201526032, 0.6820985259643562], [-0.6377709283319126, -0.4436946782532268, 0.6295897675982458]], "trans": [747.7309912080912, 319.95290394842283, 662.7740205577836]}], "rb_4XMM.renamed.noAb_Nup120_715-1036_Nup85_553-744_Nup145c_92-99_554-712_remaining_updated_1.pdb_35": [{"rot": [[0.9942659373206175, -0.08753421800974921, 0.061424804121585255], [0.08104707517206032, 0.9915639330932, 0.10115502061093234], [-0.06976114599121651, -0.09559669066534385, 0.9929726356973925]], "trans": [29.27309504846403, -72.45215793673242, 91.01345934180631]}], "rb_4XMM.renamed.noAb_Nup120_715-1036_Nup85_553-744_Nup145c_92-99_554-712_remaining_updated_1.pdb_36": [{"rot": [[0.760635141510163, 0.6350957664823891, 0.1344899583461915], [-0.6474325481243723, 0.7573193677293611, 0.08543108855201564], [-0.04759492755531866, -0.1520550645593452, 0.9872253948379047]], "trans": [-344.24174961091717, 72.05774630587523, 120.12303465122392]}], "rb_4XMM.renamed.noAb_Nup120_715-1036_Nup85_553-744_Nup145c_92-99_554-712_remaining_updated_1.pdb_37": [{"rot": [[0.08187206714946549, 0.9811424081498339, 0.17509008981269414], [-0.9966090671532906, 0.07914959283369893, 0.02248797950254211], [0.008205601045657748, -0.176337508443903, 0.984295560910073]], "trans": [-506.58866446989583, 439.1571417607071, 131.3182154131616]}], "rb_4XMM.renamed.noAb_Nup120_715-1036_Nup85_553-744_Nup145c_92-99_554-712_remaining_updated_1.pdb_38": [{"rot": [[-0.6443943062416296, 0.7478867050461484, 0.1594410690461623], [-0.7619299536786359, -0.6456639752660815, -0.05080134575846905], [0.0649517033698074, -0.15421902430898454, 0.9858994719394794]], "trans": [-362.6606243733189, 813.794143264026, 118.0647117864143]}], "rb_4XMM.renamed.noAb_Nup120_715-1036_Nup85_553-744_Nup145c_92-99_554-712_remaining_updated_1.pdb_39": [{"rot": [[-0.9927068967747541, 0.07197313695488565, 0.09671031306282306], [-0.08087354134936119, -0.9925153285058187, -0.09150296711363134], [0.08940071255560068, -0.09865693203145132, 0.991097534229952]], "trans": [3.229208744137111, 976.501229748646, 88.15061797111804]}], "rb_4XMM.renamed.noAb_Nup120_715-1036_Nup85_553-744_Nup145c_92-99_554-712_remaining_updated_1.pdb_40": [{"rot": [[-0.7590192777080776, -0.6506385975547826, 0.023646383221375997], [0.6475877205966305, -0.7582140535535944, -0.07577330088022963], [0.06723005429097043, -0.04220028869298347, 0.9968446495990538]], "trans": [376.7393249348834, 831.962412577137, 59.12403681418283]}], "rb_4XMM.renamed.noAb_Nup120_715-1036_Nup85_553-744_Nup145c_92-99_554-712_remaining_updated_1.pdb_41": [{"rot": [[-0.08022895128628799, -0.9966323555816362, -0.016948840175648506], [0.9967109536075841, -0.08001714092439821, -0.012827007326084492], [0.011427612793618532, -0.017922191999926465, 0.999774076829238]], "trans": [539.0641449810063, 464.85068564107047, 48.01315373332204]}], "rb_4XMM.renamed.noAb_Nup120_715-1036_Nup85_553-744_Nup145c_92-99_554-712_remaining_updated_1.pdb_42": [{"rot": [[0.646019138329128, -0.7633201151615562, -0.0012941028696236041], [0.7619748451480975, 0.6447780953871185, 0.06046108724204671], [-0.04531675489288113, -0.04004509331623646, 0.9981697161441385]], "trans": [395.11341385878836, 90.22539165012358, 61.35088560194225]}], "rb_4XMM.renamed.noAb_Nup120_2-711_3F7F_updated_1.pdb_42": [{"rot": [[0.987071908145894, 0.15840457258410734, -0.02443439243499419], [-0.14164572669546865, 0.9334688295028454, 0.32950331175194203], [0.07500357496902156, -0.3217824353985642, 0.9438381895276501]], "trans": [-78.05448389516994, 25.17634586514191, 161.4811758357764]}], "rb_4XMM.renamed.noAb_Nup120_2-711_3F7F_updated_1.pdb_43": [{"rot": [[0.6014007288475017, 0.7640241935324955, 0.23363260696809973], [-0.7914901765766463, 0.5298834426780915, 0.30457648884685773], [0.10890575615806557, -0.3680904357255572, 0.9233899324786937]], "trans": [-350.1106186833322, 220.79032901921954, 182.25521825680912]}], "rb_4XMM.renamed.noAb_Nup120_2-711_3F7F_updated_1.pdb_44": [{"rot": [[-0.12948117075227816, 0.9079344091488157, 0.39860975289649797], [-0.9772352220174352, -0.1849778669860389, 0.10389662927076207], [0.16806530656012947, -0.3760828331749311, 0.9112166346824248]], "trans": [-404.6661296962854, 552.0408548686984, 185.03317836245452]}], "rb_4XMM.renamed.noAb_Nup120_2-711_3F7F_updated_1.pdb_45": [{"rot": [[-0.7774128684331102, 0.5058305859909873, 0.3738511070875873], [-0.5900687963934805, -0.7923392647438321, -0.1549751756506479], [0.2178257274000236, -0.3410775686280387, 0.9144495856313964]], "trans": [-209.75971601067218, 824.8768115337188, 168.2116928547748]}], "rb_4XMM.renamed.noAb_Nup120_2-711_3F7F_updated_1.pdb_46": [{"rot": [[-0.9628268398566255, -0.20672918667122717, 0.1738606333531335], [0.14320154911810354, -0.9363998799930642, -0.32038817250196083], [0.22903666252780402, -0.2835812196306796, 0.9311948770750926]], "trans": [120.43161039530548, 879.467165408102, 141.6690300283007]}], "rb_4XMM.renamed.noAb_Nup120_2-711_3F7F_updated_1.pdb_47": [{"rot": [[-0.5771049662259324, -0.8123173469195076, -0.0842044289275406], [0.7930157070047593, -0.5327669730660606, -0.29544109540442226], [0.1951305880714318, -0.23727595812402774, 0.9516428811771869]], "trans": [392.47902815458764, 683.8322342634244, 120.97826091951333]}], "rb_4XMM.renamed.noAb_Nup120_2-711_3F7F_updated_1.pdb_48": [{"rot": [[0.15379144020769092, -0.9561718116873525, -0.24916592755303815], [0.978703381196858, 0.1821056079353524, -0.09474829387555726], [0.13597016052309954, -0.22928805920286682, 0.9638148688178143]], "trans": [447.01523741446056, 352.57783601194694, 118.2843347133711]}], "rb_4XMM.renamed.noAb_Nup120_2-711_3F7F_updated_1.pdb_49": [{"rot": [[0.8016929589160979, -0.5540206071658049, -0.22438709067141208], [0.591486113956462, 0.7894354253571554, 0.1641215591805236], [0.0862123925026487, -0.2642969466845878, 0.9605803180120698]], "trans": [252.0940711692033, 79.75758463157968, 135.1893962669784]}]}
