{"rb_ScNup133N_56-480_renamed_1.pdb_0": [{"rot": [[-0.6893011370113016, -0.4871706965743565, 0.5362169849176589], [0.4021765389842784, -0.8729391231781748, -0.27610019687705467], [0.6025927098841769, 0.025337711502371046, 0.7976465547911986]], "trans": [965.0469977456551, 210.0662305616114, -285.687853964104]}], "rb_ScNup133N_56-480_renamed_1.pdb_1": [{"rot": [[-0.1932315806148941, -0.9602879178717667, 0.20126766020048575], [0.8048823484899186, -0.27245536370902024, -0.527193019562608], [0.5610935406350928, 0.060126446558016355, 0.8255657751396208]], "trans": [510.89321520298506, -409.37088495982835, -246.4338929952027]}], "rb_ScNup133N_56-480_renamed_1.pdb_2": [{"rot": [[0.4415360003500547, -0.8716780255055736, -0.2126578948583431], [0.7376333300464333, 0.48758634597837724, -0.46707239869217804], [0.510825832157583, 0.04936572764742647, 0.8582656897105664]], "trans": [-246.99622422854594, -525.0425846545545, -185.4213760582967]}], "rb_ScNup133N_56-480_renamed_1.pdb_3": [{"rot": [[0.843145806731387, -0.27324994382337586, -0.4630762537550395], [0.23982490686917668, 0.9619428557610342, -0.13095784167241736], [0.48123711685246234, -0.0006406643654380123, 0.8765902274795799]], "trans": [-864.6370873495878, -69.18663907525172, -138.36829095032726]}], "rb_ScNup133N_56-480_renamed_1.pdb_4": [{"rot": [[0.7763291512526478, 0.48442871908944357, -0.40328881094905833], [-0.39691972764584776, 0.8727294337814822, 0.28425000477924445], [0.4896608813463562, -0.060598279949313896, 0.8698046158455905]], "trans": [-980.2047344684001, 691.1502280840713, -132.81499347485686]}], "rb_ScNup133N_56-480_renamed_1.pdb_5": [{"rot": [[0.28022817280812506, 0.9574991192294078, -0.06831989343908693], [-0.7995865885003919, 0.2722085605445925, 0.5353165297807888], [0.531162365623662, -0.09538310249278692, 0.8418839617809131]], "trans": [-525.9960950596947, 1310.5520760868355, -171.99067869332333]}], "rb_ScNup133N_56-480_renamed_1.pdb_6": [{"rot": [[-0.3545341804055834, 0.8688299459018843, 0.34560098383579646], [-0.7322877510031262, -0.48782616906315157, 0.4751634229483088], [0.581429415023806, -0.08461769248389281, 0.8091845781178584]], "trans": [231.90891890835667, 1426.1646856021443, -232.9216729264014]}], "rb_ScNup133N_56-480_renamed_1.pdb_7": [{"rot": [[-0.7561051717267072, 0.27036485107747993, 0.5959931346835957], [-0.2344478230735571, -0.9621356939478467, 0.13902922242307747], [0.611014883242787, -0.034608578898122785, 0.7908622248675529]], "trans": [849.5207771318368, 970.2606766333158, -279.88973572414835]}], "rb_ScNup133C_490_881_renamed_relative_3CQC_1.pdb_7": [{"rot": [[0.7418585157133968, 0.3610339033911756, -0.5650667777047647], [-0.28781692024740857, 0.9325522185582364, 0.21796279517708178], [0.6056462359189656, 0.0009382239822993549, 0.7957334708637978]], "trans": [227.65198391330898, 112.11503934733533, -276.17134705495334]}], "rb_ScNup133C_490_881_renamed_relative_3CQC_1.pdb_8": [{"rot": [[0.33499975647588703, 0.9134103091940589, -0.23120720191877372], [-0.691465694124638, 0.4050179036211629, 0.5981936907014731], [0.6400393402048248, -0.04052289234902545, 0.7672727925489344]], "trans": [-80.7435389002888, 41.60537190082832, -251.2060131683134]}], "rb_ScNup133C_490_881_renamed_relative_3CQC_1.pdb_9": [{"rot": [[-0.23732780177218737, 0.9322872797226703, 0.2729760842515023], [-0.6881652982330809, -0.3596846009502265, 0.6301234086645644], [0.6856413324864208, -0.038306865005875046, 0.7269309095640835]], "trans": [-348.59312908349654, 210.53201062352446, -230.6374118668179]}], "rb_ScNup133C_490_881_renamed_relative_3CQC_1.pdb_10": [{"rot": [[-0.6398466055905326, 0.40660641947606463, 0.6521254027831808], [-0.2798491510215935, -0.9135817856726964, 0.29504707007455355], [0.7157379226971031, 0.006288125948147261, 0.6983406657823198]], "trans": [-418.98480668850596, 519.935465481242, -226.49091490897382]}], "rb_ScNup133C_490_881_renamed_relative_3CQC_1.pdb_11": [{"rot": [[-0.6367554641872291, -0.3556810115131668, 0.684129736875013], [0.294285391215659, -0.9321928697855202, -0.21074288134615676], [0.7126981039295324, 0.06713770602280295, 0.6982506291334385]], "trans": [-250.68022111238426, 788.5629468247955, -241.17159377710743]}], "rb_ScNup133C_490_881_renamed_relative_3CQC_1.pdb_12": [{"rot": [[-0.22986521178142522, -0.9080162879187551, 0.3502404963548935], [0.6979022183390485, -0.4046152177991196, -0.5909475604169995], [0.678302644879196, 0.1085953332312796, 0.7267135443558705]], "trans": [57.727341658983136, 859.0488052308241, -266.0552948915072]}], "rb_ScNup133C_490_881_renamed_relative_3CQC_1.pdb_13": [{"rot": [[0.34246210461499954, -0.9268336168949101, -0.15394529384220065], [0.6945569020224316, 0.3600887429079786, -0.6228377052523002], [0.6327008904337537, 0.10637454500230786, 0.7670554343852107]], "trans": [325.57029614675855, 690.1015477896523, -286.54079037798533]}], "rb_ScNup133C_490_881_renamed_relative_3CQC_1.pdb_14": [{"rot": [[0.7449490732418591, -0.401109541803061, -0.5330684887991699], [0.28620917573304194, 0.9139446498277111, -0.28773161935649766], [0.6026069913320828, 0.06177631039353364, 0.7956434512216222]], "trans": [395.9443763656081, 380.69297686182813, -290.60338323389027]}], "rb_ScNup84_506-726_ScNup133C_882_1155_renamed_relative_3CQC_new_1.pdb_14": [{"rot": [[0.977911510400686, 0.17214043572469265, 0.11856115811834875], [-0.19084304207633493, 0.9666903139316739, 0.170554302911812], [-0.08525263114356876, -0.189413588053225, 0.9781893894046817]], "trans": [-73.49575084494711, 74.12556861096257, 112.46116253869008]}], "rb_ScNup84_506-726_ScNup133C_882_1155_renamed_relative_3CQC_new_1.pdb_15": [{"rot": [[0.5570548326453186, 0.7997997284032298, 0.22362984566604138], [-0.8290522931182337, 0.5513181408698382, 0.09338416794738354], [-0.0486025585941318, -0.2374209384067602, 0.9701902335646133]], "trans": [-313.33912355720656, 249.36597528524536, 130.76677542972456]}], "rb_ScNup84_506-726_ScNup133C_882_1155_renamed_relative_3CQC_new_1.pdb_16": [{"rot": [[-0.19051452750893377, 0.9509916367042314, 0.24355517183311243], [-0.9816143460118242, -0.18750824956893292, -0.0356921846820203], [0.011725634815583405, -0.2458771304172146, 0.9692300790967898]], "trans": [-359.4696128081341, 543.3657772041712, 133.05445149479124]}], "rb_ScNup84_506-726_ScNup133C_882_1155_renamed_relative_3CQC_new_1.pdb_17": [{"rot": [[-0.8268598981557327, 0.5371458089390628, 0.16666459960379254], [-0.5591561990470946, -0.8169739404135031, -0.14106000762952275], [0.060390842758638756, -0.2098284075725565, 0.9758713980266395]], "trans": [-184.8614142153736, 783.8958618016056, 118.00804273992827]}], "rb_ScNup84_506-726_ScNup133C_882_1155_renamed_relative_3CQC_new_1.pdb_18": [{"rot": [[-0.9792011887004566, -0.1993010337612676, 0.03800171034708591], [0.19084020862414333, -0.9683290545008816, -0.1609933445261733], [0.06888430024256029, -0.15039262000217885, 0.9862236120824597]], "trans": [108.19944084909878, 830.0504308413584, 94.46595246928433]}], "rb_ScNup84_506-726_ScNup133C_882_1155_renamed_relative_3CQC_new_1.pdb_19": [{"rot": [[-0.5582947231298101, -0.8269279470424246, -0.06706096126369027], [0.8290164064387305, -0.5529076318915738, -0.08381496555786387], [0.032230420115516335, -0.10238809010941356, 0.9942222483041326]], "trans": [348.0356846697229, 654.791603795698, 76.24347400806204]}], "rb_ScNup84_506-726_ScNup133C_882_1155_renamed_relative_3CQC_new_1.pdb_20": [{"rot": [[0.18928655624375734, -0.9780622355648296, -0.08697622081527362], [0.9815197794324932, 0.18593060060782873, 0.04526294666062643], [-0.02809843782436097, -0.09393654836931402, 0.9951815928122318]], "trans": [394.14977726460336, 360.7885894926136, 74.03959707697811]}], "rb_ScNup84_506-726_ScNup133C_882_1155_renamed_relative_3CQC_new_1.pdb_21": [{"rot": [[0.8255989950671713, -0.5641673021185892, -0.010077428457186996], [0.5590117014081254, 0.8153637887800981, 0.1506247311531437], [-0.07676077795899454, -0.12998902709996904, 0.9885396480671546]], "trans": [219.52934632221678, 120.27261594853303, 89.16938875811297]}], "rb_4XMM.renamed.noAb_Nup145c_149-550_Sec13_Nup84_7-436_3IKO_updated_1.pdb_21": [{"rot": [[0.994421324221533, -0.008453007992703291, 0.10514169767207354], [0.009309287468333033, 0.9999273591283588, -0.0076559541153171755], [-0.10506934424618039, 0.008592038318070906, 0.9944277800711403]], "trans": [-25.819677495700148, -2.257329667622173, 53.985846079473276]}], "rb_4XMM.renamed.noAb_Nup145c_149-550_Sec13_Nup84_7-436_3IKO_updated_1.pdb_22": [{"rot": [[0.7094728960647562, 0.6991155966220663, 0.08880085759302808], [-0.7003015594178774, 0.7135007445868701, -0.022235407593933346], [-0.0789045982587458, -0.04641196002919433, 0.9958011821342009]], "trans": [-334.54470353533407, 158.38713654656692, 77.85276940109594]}], "rb_4XMM.renamed.noAb_Nup145c_149-550_Sec13_Nup84_7-436_3IKO_updated_1.pdb_23": [{"rot": [[0.007709934687042397, 0.9977255405098974, 0.06696493650674425], [-0.9997388431857418, 0.0091315386766877, -0.020948995847738495], [-0.02151284111301778, -0.06678593276751404, 0.9975353812530243]], "trans": [-439.68833647407064, 490.93178066605975, 84.65661957130129]}], "rb_4XMM.renamed.noAb_Nup145c_149-550_Sec13_Nup84_7-436_3IKO_updated_1.pdb_24": [{"rot": [[-0.6997649222787885, 0.7124469081410894, 0.052425724872054436], [-0.7135879809383436, -0.7005508461742006, -0.004550317016059152], [0.03348502663126049, -0.04059451939376497, 0.998614459131596]], "trans": [-279.65404027190976, 800.5673780813548, 70.43561012728225]}], "rb_4XMM.renamed.noAb_Nup145c_149-550_Sec13_Nup84_7-436_3IKO_updated_1.pdb_25": [{"rot": [[-0.9985029282266694, 0.01039994478600681, 0.05370049786744398], [-0.009480182507367017, -0.999804462398518, 0.017354051620135365], [0.0538704785795556, 0.016818980838782128, 0.9984062767336507]], "trans": [51.80975121160992, 905.9051467598281, 43.544613818764844]}], "rb_4XMM.renamed.noAb_Nup145c_149-550_Sec13_Nup84_7-436_3IKO_updated_1.pdb_26": [{"rot": [[-0.7134991470664481, -0.6971463395597595, 0.07004247549791442], [0.7001082758663641, -0.7133223221360705, 0.031932222062164534], [0.027701429545683793, 0.07182092996354786, 0.9970327902432763]], "trans": [360.5287886252466, 745.2368533422709, 19.760760347512985]}], "rb_4XMM.renamed.noAb_Nup145c_149-550_Sec13_Nup84_7-436_3IKO_updated_1.pdb_27": [{"rot": [[-0.011712812355096636, -0.9957013551238509, 0.09187829684565159], [0.9994904700702554, -0.00892970255077813, 0.030644096512884446], [-0.029691922562721403, 0.09219041065576183, 0.9952986074126939]], "trans": [465.6530202529281, 412.68436633080535, 13.040971330506466]}], "rb_4XMM.renamed.noAb_Nup145c_149-550_Sec13_Nup84_7-436_3IKO_updated_1.pdb_28": [{"rot": [[0.6957397458461557, -0.7103673641631029, 0.10641622988007005], [0.7132840894507287, 0.700730267868359, 0.01424427708163363], [-0.08468774283429151, 0.06599469391624734, 0.994219636996036]], "trans": [305.60110229475674, 103.06173840199426, 27.345798824119754]}], "rb_4XMM.renamed.noAb_Seh1_Nup85_47_544_3F3F_1.pdb_28": [{"rot": [[0.6984304845149931, -0.693595759720275, 0.17640799414484845], [0.3184608261166352, 0.5219395723922289, 0.7913038512481345], [-0.6409193089065617, -0.4964916966768671, 0.5854215870649659]], "trans": [459.5662310200755, -121.35742632846541, 693.6082100911278]}], "rb_4XMM.renamed.noAb_Seh1_Nup85_47_544_3F3F_1.pdb_29": [{"rot": [[0.7069879590878194, -0.13357233773560606, 0.6944972687467439], [-0.30396139679027795, 0.8292871439167451, 0.46892462314930017], [-0.6385730145928068, -0.5426244221616413, 0.5456951910248082]], "trans": [-61.75386725526738, -231.06928779850963, 735.7356882644256]}], "rb_4XMM.renamed.noAb_Seh1_Nup85_47_544_3F3F_1.pdb_30": [{"rot": [[0.2742998749165376, 0.4792166547833866, 0.8337331565908807], [-0.7499719056300392, 0.6492710660431033, -0.12644850163169738], [-0.6019150433295558, -0.590591636054452, 0.537494000000099]], "trans": [-507.85249818640165, 61.187564851823495, 769.9117821103564]}], "rb_4XMM.renamed.noAb_Seh1_Nup85_47_544_3F3F_1.pdb_31": [{"rot": [[-0.3461589873893287, 0.7857907856942825, 0.5125493113521449], [-0.758291455576142, 0.08734729541638109, -0.64603755183709], [-0.5524201515602158, -0.6122934681191747, 0.5656223873299063]], "trans": [-617.3968804439091, 584.205063313526, 776.1396588722376]}], "rb_4XMM.renamed.noAb_Seh1_Nup85_47_544_3F3F_1.pdb_32": [{"rot": [[-0.7909150778210443, 0.6065546064142331, -0.08090024173639374], [-0.3240463369645049, -0.5273013000051217, -0.7854599356509511], [-0.5190831447612402, -0.5950166791364628, 0.6136023471061676]], "trans": [-326.2124569862883, 1031.592299236183, 750.7949454310833]}], "rb_4XMM.renamed.noAb_Seh1_Nup85_47_544_3F3F_1.pdb_33": [{"rot": [[-0.7994240075428359, 0.04650719799561939, -0.5989643868367712], [0.2983765368660024, -0.8346049064782938, -0.46304005477950927], [-0.5214333115672648, -0.5488822556951136, 0.6533265423745165]], "trans": [195.12274456387962, 1141.2636384514558, 708.7489371823674]}], "rb_4XMM.renamed.noAb_Seh1_Nup85_47_544_3F3F_1.pdb_34": [{"rot": [[-0.36670112554776807, -0.5662677710414761, -0.7381538430447404], [0.7443530702629477, -0.6545407383502992, 0.1323439784424248], [-0.5580938911259682, -0.5009163935424397, 0.6615239794356004]], "trans": [641.2051256514281, 848.9721808763336, 674.6567835080908]}], "rb_4XMM.renamed.noAb_Seh1_Nup85_47_544_3F3F_1.pdb_35": [{"rot": [[0.2537584024988119, -0.8727980837080596, -0.41692946434234046], [0.75262392169328, -0.09259292421528825, 0.6519078024385736], [-0.6075885990176901, -0.47921817104613407, 0.6333924840751741]], "trans": [750.7152510129619, 325.9465004630548, 668.514153631198]}], "rb_4XMM.renamed.noAb_Nup120_715-1036_Nup85_553-744_Nup145c_92-99_554-712_remaining_updated_1.pdb_35": [{"rot": [[0.9847283108234846, -0.10331844060997876, 0.14012656312294616], [0.09382158410697296, 0.9929251118277664, 0.07278209022469462], [-0.14665491542524214, -0.05852368863750543, 0.9874549679098665]], "trans": [19.700293276857565, -70.39524650839576, 114.14682232318523]}], "rb_4XMM.renamed.noAb_Nup120_715-1036_Nup85_553-744_Nup145c_92-99_554-712_remaining_updated_1.pdb_36": [{"rot": [[0.7613592996854699, 0.625598181499931, 0.17017324139367526], [-0.6361069353779341, 0.7715413804692968, 0.009584622456022394], [-0.12529957520496007, -0.115545720507127, 0.9853675471243941]], "trans": [-349.1208859634627, 81.59121507251086, 142.84590645343187]}], "rb_4XMM.renamed.noAb_Nup120_715-1036_Nup85_553-744_Nup145c_92-99_554-712_remaining_updated_1.pdb_37": [{"rot": [[0.08883374860680016, 0.98515729656408, 0.14687976761629543], [-0.99358680994872, 0.09800243777816775, -0.056398344704986156], [-0.06995581608694099, -0.14092772337652187, 0.9875452195112487]], "trans": [-502.8774836885677, 450.64571313795943, 153.3468732508238]}], "rb_4XMM.renamed.noAb_Nup120_715-1036_Nup85_553-744_Nup145c_92-99_554-712_remaining_updated_1.pdb_38": [{"rot": [[-0.6388733919803701, 0.7647241051943672, 0.08389178716757607], [-0.7692012886155866, -0.6331231067180655, -0.0865130587355753], [-0.013044792509524061, -0.11980056207855808, 0.9927122738810294]], "trans": [-351.4948036437986, 820.5710358479671, 139.52211320300393]}], "rb_4XMM.renamed.noAb_Nup120_715-1036_Nup85_553-744_Nup145c_92-99_554-712_remaining_updated_1.pdb_39": [{"rot": [[-0.9954610184493937, 0.09343147900316918, 0.018108547124901345], [-0.0943985736113349, -0.9935316001833319, -0.06311789553915807], [0.01209421547020744, -0.06454082559455711, 0.9978417769284527]], "trans": [16.346959044093353, 974.6598300071402, 109.49437057628796]}], "rb_4XMM.renamed.noAb_Nup120_715-1036_Nup85_553-744_Nup145c_92-99_554-712_remaining_updated_1.pdb_40": [{"rot": [[-0.7720350713291841, -0.6354678963606809, -0.011933202951045326], [0.635512389896263, -0.7720906653859209, 8.19284120032026e-05], [-0.009265577482285674, -0.007520446719131179, 0.9999287934423445]], "trans": [385.16282656295135, 822.6448241402171, 80.87832529376391]}], "rb_4XMM.renamed.noAb_Nup120_715-1036_Nup85_553-744_Nup145c_92-99_554-712_remaining_updated_1.pdb_41": [{"rot": [[-0.09948162074861461, -0.9949744893278477, 0.011365417722901654], [0.9929394677398712, -0.09852352424733662, 0.06606306512980058], [-0.0646113034823523, 0.017857232615153124, 0.9977507197219344]], "trans": [538.8971767557601, 453.5786688908039, 70.4616650693593]}], "rb_4XMM.renamed.noAb_Nup120_715-1036_Nup85_553-744_Nup145c_92-99_554-712_remaining_updated_1.pdb_42": [{"rot": [[0.6282080389385646, -0.7744842686952037, 0.07435574864539263], [0.7684968379969063, 0.6325846946567485, 0.09617283439092059], [-0.1215206558644168, -0.003274389971006604, 0.9925835020634778]], "trans": [387.4921729644984, 83.66563863197507, 84.3706212386262]}], "rb_4XMM.renamed.noAb_Nup120_2-711_3F7F_updated_1.pdb_42": [{"rot": [[0.967591935394009, 0.24250418696998052, 0.07040998411094093], [-0.2523258235403432, 0.9176022422096906, 0.3071445976513902], [0.009875491641524074, -0.3149568929135787, 0.9490545981507392]], "trans": [-146.82154415685113, 110.17469444296285, 196.48723782339448]}], "rb_4XMM.renamed.noAb_Nup120_2-711_3F7F_updated_1.pdb_43": [{"rot": [[0.5082747174273105, 0.8125950985642231, 0.28521223222994235], [-0.8597745956496127, 0.45978695451959506, 0.2222242136427513], [0.049441443139647864, -0.3581691810345981, 0.9323467066801238]], "trans": [-338.2474863912478, 331.37350850271935, 210.71007234907177]}], "rb_4XMM.renamed.noAb_Nup120_2-711_3F7F_updated_1.pdb_44": [{"rot": [[-0.24481747264263648, 0.8931471998754058, 0.3772962820431603], [-0.9633123663610005, -0.2682026472265297, 0.009829793316713381], [0.1099713140088796, -0.3610476691178073, 0.9260404368707431]], "trans": [-317.7333359193932, 623.5124712551983, 207.69481182336725]}], "rb_4XMM.renamed.noAb_Nup120_2-711_3F7F_updated_1.pdb_45": [{"rot": [[-0.8505126112729765, 0.4369719341708094, 0.2927179987849093], [-0.5022852497092086, -0.8398999896724189, -0.20561501713840405], [0.15600585242284404, -0.32190609825738026, 0.9338300904953369]], "trans": [-97.2946579979581, 815.452575955802, 189.2318432785986]}], "rb_4XMM.renamed.noAb_Nup120_2-711_3F7F_updated_1.pdb_46": [{"rot": [[-0.9539859459526022, -0.28869679582856694, 0.08102453334166684], [0.2532305688887981, -0.9203967086807424, -0.29789960998616577], [0.1605773766916493, -0.26367415255950427, 0.9511523786265021]], "trans": [193.9343750005861, 794.7527197106201, 166.16103891733417]}], "rb_4XMM.renamed.noAb_Nup120_2-711_3F7F_updated_1.pdb_47": [{"rot": [[-0.49462133825217, -0.8587520161599955, -0.13377109735205286], [0.8606432701252653, -0.46253669125268665, -0.21296236952359396], [0.1210078234401369, -0.2204649268844295, 0.9678596606327392]], "trans": [385.3496025555907, 573.5392869712327, 152.02160613393085]}], "rb_4XMM.renamed.noAb_Nup120_2-711_3F7F_updated_1.pdb_48": [{"rot": [[0.2584789475964384, -0.9392473409747193, -0.22583858421747624], [0.9641219290967833, 0.2654592085761478, -0.0005607288287536732], [0.0604775948937438, -0.21759099488269662, 0.9741645751421182]], "trans": [364.81919874988955, 281.4023425409539, 155.120628920095]}], "rb_4XMM.renamed.noAb_Nup120_2-711_3F7F_updated_1.pdb_49": [{"rot": [[0.8641381454290779, -0.48302747401219276, -0.14124349529727337], [0.5030472883287452, 0.8371207279438421, 0.2148774361161839], [0.014446152411169491, -0.25673594644336195, 0.9663736143357501]], "trans": [144.37207695081952, 89.4799443931372, 173.66666093265695]}]}
