{"rb_ScNup133N_56-480_renamed_1.pdb_0": [{"rot": [[-0.7468730602271979, -0.12656940642372339, 0.6528099396182717], [0.09502715456990637, -0.991957670008061, -0.08360514820590122], [0.6581416806442305, -0.0004077618544131162, 0.7528939911628081]], "trans": [899.6408992403232, 366.17230406065136, -301.5567859023469]}], "rb_ScNup133N_56-480_renamed_1.pdb_1": [{"rot": [[-0.44948572288351796, -0.7890583164570325, 0.4187476067440617], [0.6314712542397666, -0.6122350479826079, -0.4758280162943269], [0.6318280145678424, 0.05054917656828714, 0.773458557878527]], "trans": [574.2635356419257, -253.80648519597472, -272.56446741321605]}], "rb_ScNup133N_56-480_renamed_1.pdb_2": [{"rot": [[0.13901199640528616, -0.9900166578860625, -0.02329553527034839], [0.799687286936746, 0.12610010133613492, -0.5870255595412923], [0.5841026519090351, 0.0629744515746809, 0.8092331620007333]], "trans": [-92.91562616027116, -461.2092353808805, -218.33580640830053]}], "rb_ScNup133N_56-480_renamed_1.pdb_3": [{"rot": [[0.6738698358619911, -0.6117202007890736, -0.414364381024615], [0.5011319288608931, 0.790520636951643, -0.352056689227365], [0.542923783040951, 0.02958916186964508, 0.83926053601272]], "trans": [-711.0517126170952, -134.5363742617912, -170.61471222721292]}], "rb_ScNup133N_56-480_renamed_1.pdb_4": [{"rot": [[0.8417605316373228, 0.12421965628647265, -0.5253652866051635], [-0.08929688159640838, 0.9917996407707991, 0.09143051735648461], [0.532414569968565, -0.030049119105025484, 0.8459502208322919]], "trans": [-918.0299752240562, 534.842646825568, -157.33286980747602]}], "rb_ScNup133N_56-480_renamed_1.pdb_5": [{"rot": [[0.5443313468872819, 0.7866789683137367, -0.29127235641014015], [-0.6257176222230438, 0.6120250343223883, 0.48363500142382465], [0.558731457889585, -0.08100344545460694, 0.8253833047675878]], "trans": [-592.5977160132302, 1154.7962758792041, -186.24696481136328]}], "rb_ScNup133N_56-480_renamed_1.pdb_6": [{"rot": [[-0.04417950821005279, 0.9875797296308481, 0.15077947034189468], [-0.7938874596274877, -0.12632586311415928, 0.5947978461247823], [0.6064576427917578, -0.09342405434751322, 0.7896081772428278]], "trans": [74.60417231409019, 1362.147052448507, -240.39470779567148]}], "rb_ScNup133N_56-480_renamed_1.pdb_7": [{"rot": [[-0.579014076735606, 0.609231441557508, 0.5418300006088419], [-0.4952901318635092, -0.7907166850728607, 0.3597982896374259], [0.6476344526201834, -0.06003477796369408, 0.7595824123913142]], "trans": [692.7213293683988, 1035.4260847684097, -288.0315825358299]}], "rb_ScNup133C_490_881_renamed_relative_3CQC_1.pdb_7": [{"rot": [[0.8230847030826981, 0.3521215309112384, -0.445580519120835], [-0.2730192623174121, 0.9333095402306778, 0.2332247510837074], [0.4979880058344008, -0.07031166036388956, 0.8643287664204807]], "trans": [148.40780860909172, 100.44873137933908, -221.7740913538786]}], "rb_ScNup133C_490_881_renamed_relative_3CQC_1.pdb_8": [{"rot": [[0.4008883121800696, 0.9062173176970933, -0.13438279005624276], [-0.7444485791030324, 0.40773059166921877, 0.5287268460070331], [0.53393339868273, -0.11191933578678012, 0.8380866232366168]], "trans": [-144.07231071246952, 92.33779683176067, -198.38091297488478]}], "rb_ScNup133C_490_881_renamed_relative_3CQC_1.pdb_9": [{"rot": [[-0.2300666312479167, 0.9276888453691756, 0.2940454919971409], [-0.7781769746539811, -0.35680947297636845, 0.5168438798251396], [0.5843885191416857, -0.10991090106050355, 0.8039960525546477]], "trans": [-356.67942206285477, 294.07941295522915, -182.37513966032094]}], "rb_ScNup133C_490_881_renamed_relative_3CQC_1.pdb_10": [{"rot": [[-0.7001578248764444, 0.4039577902686388, 0.5887249985736669], [-0.35444587928613497, -0.9124323038217872, 0.20453706167720306], [0.6197960462292127, -0.06546292556664232, 0.7820277913571176]], "trans": [-364.86336851347426, 587.4906132630088, -183.10917419807555]}], "rb_ScNup133C_490_881_renamed_relative_3CQC_1.pdb_11": [{"rot": [[-0.7339992191920917, -0.3581668109187452, 0.5770283197397635], [0.27851705672557664, -0.9336462122758763, -0.2252398708395792], [0.6194137513313059, -0.004613660065954803, 0.7850511568060224]], "trans": [-163.8279655006466, 800.6870963120572, -200.1290039048585]}], "rb_ScNup133C_490_881_renamed_relative_3CQC_1.pdb_12": [{"rot": [[-0.3117660482410926, -0.9122216208605303, 0.2658075348795031], [0.7499132206880954, -0.4080237916501215, -0.5207175308021277], [0.5834655881895172, 0.03699053773661268, 0.8112950187919408]], "trans": [128.65932663079508, 808.7754730570103, -223.44016765765093]}], "rb_ScNup133C_490_881_renamed_relative_3CQC_1.pdb_13": [{"rot": [[0.319191542945747, -0.933633519719999, -0.1626198320229072], [0.7835920930662663, 0.35651793277677907, -0.5088009387693762], [0.5330104976414066, 0.03497734214912715, 0.8453853529250679]], "trans": [341.25724141869716, 607.0175751497424, -239.36265214147159]}], "rb_ScNup133C_490_881_renamed_relative_3CQC_1.pdb_14": [{"rot": [[0.7892497009491407, -0.40985911523750035, -0.4572749886101623], [0.35982411554885624, 0.912099638797233, -0.19647100237805817], [0.49760578314683396, -0.009473888467204677, 0.8673515607965062]], "trans": [349.4248360889719, 313.60614076587063, -238.54483653748025]}], "rb_ScNup84_506-726_ScNup133C_882_1155_renamed_relative_3CQC_new_1.pdb_14": [{"rot": [[0.9862985371113262, 0.1575373939372021, 0.04896085378683033], [-0.1639820983249821, 0.9686538371539972, 0.18660014789859083], [-0.018029617882708508, -0.19207215643688405, 0.9812151749747307]], "trans": [-53.490329969725394, 55.06490687856379, 73.09248736256228]}], "rb_ScNup84_506-726_ScNup133C_882_1155_renamed_relative_3CQC_new_1.pdb_15": [{"rot": [[0.5832663682854933, 0.7907787247177649, 0.1856592366697632], [-0.8120978096997047, 0.5628451132451342, 0.15395624695677979], [0.017247930542417536, -0.24057096048737897, 0.9704782954101481]], "trans": [-313.3722891609193, 219.52148398116321, 93.04776809869244]}], "rb_ScNup84_506-726_ScNup133C_882_1155_renamed_relative_3CQC_new_1.pdb_16": [{"rot": [[-0.15867753389812855, 0.9526603914454385, 0.25934459471335497], [-0.9843058457547752, -0.17318129008327887, 0.03391522929407757], [0.0772233271038416, -0.2498928156952842, 0.9651891723464877]], "trans": [-381.2788502504193, 520.1135335504906, 97.03905752983437]}], "rb_ScNup84_506-726_ScNup133C_882_1155_renamed_relative_3CQC_new_1.pdb_17": [{"rot": [[-0.8048919701313527, 0.548349831219651, 0.2268510062121212], [-0.5797243108358255, -0.8082507277891702, -0.10320118436435577], [0.12676213884278983, -0.2145768478416506, 0.9684462486510773]], "trans": [-217.42747893022158, 780.7501113961149, 82.75220693123077]}], "rb_ScNup84_506-726_ScNup133C_882_1155_renamed_relative_3CQC_new_1.pdb_18": [{"rot": [[-0.9768154120452058, -0.18530212900043205, 0.10721367346968254], [0.16463722730198152, -0.9703305687853574, -0.1770682655559774], [0.136843831345341, -0.15531164885028328, 0.9783414830999122]], "trans": [82.19729451523028, 848.7467520355008, 58.580659729323315]}], "rb_ScNup84_506-726_ScNup133C_882_1155_renamed_relative_3CQC_new_1.pdb_19": [{"rot": [[-0.5737326832460218, -0.8185118264252468, -0.02948216710704883], [0.8127212841198307, -0.564472156890516, -0.14441363659289064], [0.10156240699163625, -0.10681560792963112, 0.989078107830059]], "trans": [342.0729664315489, 684.2701814246427, 38.70845399499177]}], "rb_ScNup84_506-726_ScNup133C_882_1155_renamed_relative_3CQC_new_1.pdb_20": [{"rot": [[0.16822467026916094, -0.9803360920466032, -0.10315816469687152], [0.9848710811486249, 0.17156692760374787, -0.024366839551940148], [0.04158622163615926, -0.09749838964518903, 0.9943664566881889]], "trans": [409.96261730244476, 383.6732105422067, 34.801012946694925]}], "rb_ScNup84_506-726_ScNup133C_882_1155_renamed_relative_3CQC_new_1.pdb_21": [{"rot": [[0.8144075692124644, -0.5759759893413657, -0.07065388108010145], [0.5802388399767587, 0.8066046108496037, 0.11274701920044715], [-0.007949829675638093, -0.13281815184076107, 0.9911085403474909]], "trans": [246.09744574293336, 123.04990014359214, 49.17137554663023]}], "rb_4XMM.renamed.noAb_Nup145c_149-550_Sec13_Nup84_7-436_3IKO_updated_1.pdb_21": [{"rot": [[0.9996737311848882, -0.00817014080125255, 0.024200825981193295], [0.008574128788277215, 0.9998248371019463, -0.01663668926165717], [-0.024060662800644707, 0.016838762227509824, 0.9995686772764738]], "trans": [-4.947914609227723, 1.2420104645079277, 5.321930699733514]}], "rb_4XMM.renamed.noAb_Nup145c_149-550_Sec13_Nup84_7-436_3IKO_updated_1.pdb_22": [{"rot": [[0.7142797307087391, 0.6994068857079353, 0.02518877771903108], [-0.6998570660831914, 0.7137039009342022, 0.02875463170917381], [0.0021338584955549, -0.03816739466652038, 0.9992690811949959]], "trans": [-318.24287294789156, 143.34885449441663, 29.64330020826793]}], "rb_4XMM.renamed.noAb_Nup145c_149-550_Sec13_Nup84_7-436_3IKO_updated_1.pdb_23": [{"rot": [[0.013033115473461254, 0.9982382576461789, 0.05788366671675442], [-0.9981444797823039, 0.009544780375583206, 0.0601372983072542], [0.059478864995637065, -0.05856003875598753, 0.9965104046018425]], "trans": [-439.68617063439837, 466.0324479550641, 37.794313254899976]}], "rb_4XMM.renamed.noAb_Nup145c_149-550_Sec13_Nup84_7-436_3IKO_updated_1.pdb_24": [{"rot": [[-0.6932659597388449, 0.7132643438097109, 0.10313236600156214], [-0.7115471395115872, -0.7001461831070724, 0.059126901943829455], [0.114380843327262, -0.032392871597000106, 0.9929087191426229]], "trans": [-298.1326981942313, 780.2603087537153, 25.02399636881512]}], "rb_4XMM.renamed.noAb_Nup145c_149-550_Sec13_Nup84_7-436_3IKO_updated_1.pdb_25": [{"rot": [[-0.9908575378518494, 0.011426881056119855, 0.13442754952575395], [-0.00795780822412518, -0.999622016463039, 0.02631534705518256], [0.13467744046586935, 0.02500501133165008, 0.9905739429431127]], "trans": [23.49543765246159, 901.9534422168617, -1.1626138554632917]}], "rb_4XMM.renamed.noAb_Nup145c_149-550_Sec13_Nup84_7-436_3IKO_updated_1.pdb_26": [{"rot": [[-0.7054082763657038, -0.6961278490253161, 0.1334360575187706], [0.7004509632023158, -0.7134455539031421, -0.019075894861993233], [0.10847862362564331, 0.08000912090021048, 0.9908738208213297]], "trans": [336.78585330923676, 759.8224116837904, -25.40102701616263]}], "rb_4XMM.renamed.noAb_Nup145c_149-550_Sec13_Nup84_7-436_3IKO_updated_1.pdb_27": [{"rot": [[-0.004138377493578593, -0.9949043090311979, 0.1007387199783402], [0.9986833279024497, -0.00926300228309096, -0.0504559942761053], [0.05113202911490568, 0.10039727416547348, 0.9936326800879358]], "trans": [458.210519228758, 437.12969568348444, -33.46803402093286]}], "rb_4XMM.renamed.noAb_Nup145c_149-550_Sec13_Nup84_7-436_3IKO_updated_1.pdb_28": [{"rot": [[0.7021383640996609, -0.7098750359419935, 0.05549009826810625], [0.7120305615585959, 0.7004055706841107, -0.04944204649096509], [-0.0037678994149707747, 0.07422580347168702, 0.9972343420846376]], "trans": [316.6390673668442, 122.91335401139816, -20.613863520394148]}], "rb_4XMM.renamed.noAb_Seh1_Nup85_47_544_3F3F_1.pdb_28": [{"rot": [[0.6486677270417726, -0.7280493260517876, 0.22175292270904892], [0.28185671107408583, 0.5004570575370412, 0.8185960713220367], [-0.706956133233857, -0.46849430348395005, 0.5298359305352257]], "trans": [485.243471566651, -100.16558914620464, 724.4997271445143]}], "rb_4XMM.renamed.noAb_Seh1_Nup85_47_544_3F3F_1.pdb_29": [{"rot": [[0.6445980442284956, -0.172589388242694, 0.7447860527982636], [-0.29857683022179893, 0.8399911167708461, 0.45306379263937724], [-0.7038076710519062, -0.5144198934839964, 0.4899254385683726]], "trans": [-27.999471834557312, -232.40161035840643, 766.0929967334672]}], "rb_4XMM.renamed.noAb_Seh1_Nup85_47_544_3F3F_1.pdb_30": [{"rot": [[0.23257548136765613, 0.4596595939664477, 0.857100754369759], [-0.7059517801435271, 0.6859622089387767, -0.1763177019474377], [-0.668984850036826, -0.5640646289056253, 0.48403549956461966]], "trans": [-484.26172841166596, 38.20515541418342, 801.1845323728759]}], "rb_4XMM.renamed.noAb_Seh1_Nup85_47_544_3F3F_1.pdb_31": [{"rot": [[-0.34603133469872976, 0.7983172520868735, 0.4929014916056608], [-0.7016221490401569, 0.12860264005645994, -0.7008478586303785], [-0.6228873697410262, -0.5883459237480771, 0.5156165228405061]], "trans": [-616.2565216247237, 553.129566021764, 809.2412225957089]}], "rb_4XMM.renamed.noAb_Seh1_Nup85_47_544_3F3F_1.pdb_32": [{"rot": [[-0.7522663727628663, 0.6449931549186583, -0.13445867215721696], [-0.2881242958598407, -0.5055784956549219, -0.813249515749369], [-0.5925197840962588, -0.5730394531263864, 0.5661678996685885]], "trans": [-346.6575271436734, 1010.721758091404, 785.567349571285]}], "rb_4XMM.renamed.noAb_Seh1_Nup85_47_544_3F3F_1.pdb_33": [{"rot": [[-0.7481514196127462, 0.08950672045271282, -0.6574633072082716], [0.2923089066846619, -0.8450689469416278, -0.4476761977007395], [-0.5956718529561857, -0.5271119633519751, 0.6060759207285635]], "trans": [166.60227605792778, 1142.9178902539802, 744.0554068201077]}], "rb_4XMM.renamed.noAb_Seh1_Nup85_47_544_3F3F_1.pdb_34": [{"rot": [[-0.33609707282454937, -0.542730265642086, -0.7697289239692413], [0.6996515044346256, -0.6909904206245426, 0.18171409121883825], [-0.6304970499384912, -0.47746842551229923, 0.6119619045804007]], "trans": [622.8499716406202, 872.2757211183712, 709.0476806253962]}], "rb_4XMM.renamed.noAb_Seh1_Nup85_47_544_3F3F_1.pdb_35": [{"rot": [[0.2425094212869094, -0.8813444623699014, -0.4054887411963536], [0.6952764600974937, -0.13360428992743567, 0.7062156453572022], [-0.676594283615663, -0.45319072404772465, 0.5803777588913213]], "trans": [754.8111397788189, 357.34136621398125, 701.0761955021383]}], "rb_4XMM.renamed.noAb_Nup120_715-1036_Nup85_553-744_Nup145c_92-99_554-712_remaining_updated_1.pdb_35": [{"rot": [[0.996964103611334, -0.06864001037147145, 0.036757653443237503], [0.06721064819288432, 0.9969839009620486, 0.038805025344507194], [-0.039310366062162205, -0.036216711594232315, 0.9985705007265929]], "trans": [26.387822453328113, -47.17545673665893, 40.40276013174662]}], "rb_4XMM.renamed.noAb_Nup120_715-1036_Nup85_553-744_Nup145c_92-99_554-712_remaining_updated_1.pdb_36": [{"rot": [[0.753395429186261, 0.6534855691709714, 0.07315694202562363], [-0.6573639147569766, 0.7512561066642034, 0.059050366426676305], [-0.01637103712753787, -0.09257900995924495, 0.9955707488964982]], "trans": [-329.46795171834447, 89.04920067776276, 68.14510981582242]}], "rb_4XMM.renamed.noAb_Nup120_715-1036_Nup85_553-744_Nup145c_92-99_554-712_remaining_updated_1.pdb_37": [{"rot": [[0.07035528582354955, 0.9910809588137623, 0.11317538086297355], [-0.9967307776455665, 0.06532756269444662, 0.04754015614684557], [0.039722671747377925, -0.11615008665169235, 0.9924370341336791]], "trans": [-485.1636513920632, 437.7658730113387, 78.89958817132236]}], "rb_4XMM.renamed.noAb_Nup120_715-1036_Nup85_553-744_Nup145c_92-99_554-712_remaining_updated_1.pdb_38": [{"rot": [[-0.6520217796289022, 0.7463780192091608, 0.1333696042243801], [-0.7520840471199829, -0.6589751182972681, 0.011017237980904808], [0.09611027498236442, -0.0931216725929575, 0.9910051307315736]], "trans": [-349.48862705033474, 794.6915335011599, 66.39007504063625]}], "rb_4XMM.renamed.noAb_Nup120_715-1036_Nup85_553-744_Nup145c_92-99_554-712_remaining_updated_1.pdb_39": [{"rot": [[-0.9905570967124254, 0.06272718268899072, 0.12190955132618184], [-0.06674122744101288, -0.9973452131181922, -0.029122747636391798], [0.11975911953716081, -0.036984137439285476, 0.9921138678929724]], "trans": [-1.921307631122886, 950.734214375655, 37.96882450104181]}], "rb_4XMM.renamed.noAb_Nup120_715-1036_Nup85_553-744_Nup145c_92-99_554-712_remaining_updated_1.pdb_40": [{"rot": [[-0.7469319033315215, -0.6593792512364371, 0.08550868274288928], [0.6578141942896449, -0.7515607492038918, -0.04936523115663466], [0.09681537882285926, 0.019376359177056948, 0.9951137317555345]], "trans": [353.9303837898577, 814.4820297719244, 10.309410759452476]}], "rb_4XMM.renamed.noAb_Nup120_715-1036_Nup85_553-744_Nup145c_92-99_554-712_remaining_updated_1.pdb_41": [{"rot": [[-0.06386527288395089, -0.9969211518728891, 0.04549114054284219], [0.9971274357907254, -0.06560573107630535, -0.0378518803146479], [0.040719819656641676, 0.04294304365521414, 0.9982473597704904]], "trans": [509.6054222086119, 465.75354738181585, -0.36088671538840345]}], "rb_4XMM.renamed.noAb_Nup120_715-1036_Nup85_553-744_Nup145c_92-99_554-712_remaining_updated_1.pdb_42": [{"rot": [[0.6584927312746109, -0.7521617144867326, 0.025299765194173117], [0.7524240158741903, 0.6586777196796718, -0.0013273783719142292], [-0.015665988454537476, 0.019910219937630463, 0.9996790284625239]], "trans": [373.90908844065524, 108.8389460562363, 12.232747689662062]}], "rb_4XMM.renamed.noAb_Nup120_2-711_3F7F_updated_1.pdb_42": [{"rot": [[0.977614302866775, 0.17082235030242568, 0.12284135894504375], [-0.20382548516755708, 0.9137408109248559, 0.351472476940367], [-0.052205808359986956, -0.3686427201065311, 0.9281040343010789]], "trans": [-121.2297784155852, 69.79050579416457, 274.38882979066307]}], "rb_4XMM.renamed.noAb_Nup120_2-711_3F7F_updated_1.pdb_43": [{"rot": [[0.5483449449607962, 0.7579932474503495, 0.35321956083378847], [-0.8361192466943799, 0.5044830501400515, 0.21540997523005445], [-0.014913974760730725, -0.4134526441335976, 0.9104034734203141]], "trans": [-347.03480527729243, 289.2687675777421, 291.3602615369954]}], "rb_4XMM.renamed.noAb_Nup120_2-711_3F7F_updated_1.pdb_44": [{"rot": [[-0.2010054718208158, 0.8848550381437565, 0.4202717713214884], [-0.9785325397380034, -0.20130091179367154, -0.04418157517482285], [0.045506801381587886, -0.4201303421352077, 0.9063220325278258]], "trans": [-352.0520669820327, 604.5785827018819, 290.26727551504337]}], "rb_4XMM.renamed.noAb_Nup120_2-711_3F7F_updated_1.pdb_45": [{"rot": [[-0.8314569074865159, 0.477090296643201, 0.28471786006828115], [-0.5476376492060414, -0.7901528784216747, -0.27522978380622715], [0.09366117746985496, -0.38476392446647617, 0.9182506772467504]], "trans": [-133.34046754051565, 831.0071323936495, 271.774163248756]}], "rb_4XMM.renamed.noAb_Nup120_2-711_3F7F_updated_1.pdb_46": [{"rot": [[-0.9736820216580943, -0.22642664199743712, 0.025967219596444165], [0.2041411224099266, -0.9171150648805444, -0.3423833522681401], [0.10133964101486084, -0.3280715372642351, 0.9392014393068506]], "trans": [180.9775676001301, 835.9094963962357, 246.7384555577939]}], "rb_4XMM.renamed.noAb_Nup120_2-711_3F7F_updated_1.pdb_47": [{"rot": [[-0.544363337079731, -0.8135656355336368, -0.20440037652158977], [0.8364011706165865, -0.5078112321758461, -0.20630277329025792], [0.06404403980560515, -0.28326438031421686, 0.9569010668875751]], "trans": [406.77201490948227, 616.4139175487728, 229.85042791218754]}], "rb_4XMM.renamed.noAb_Nup120_2-711_3F7F_updated_1.pdb_48": [{"rot": [[0.20499820742911673, -0.9403723828920838, -0.27143234229677116], [0.9787556443077974, 0.197982663309967, 0.05329403122601252], [0.003622662898446899, -0.27659111793865504, 0.9609808685873864]], "trans": [411.77121679127924, 301.104117622946, 231.0273299291096]}], "rb_4XMM.renamed.noAb_Nup120_2-711_3F7F_updated_1.pdb_49": [{"rot": [[0.8354160530973876, -0.5325617034950619, -0.13586040702728142], [0.547811285597169, 0.7868026059073788, 0.28433159288009624], [-0.0445287951729863, -0.31196104133015323, 0.9490508390453308]], "trans": [193.04848363368208, 74.6931400786633, 249.60372071391527]}]}
