{"rb_ScNup133N_56-480_renamed_1.pdb_0": [{"rot": [[0.6024628624520646, 0.07511836327743832, 0.7946041346888272], [0.5599943430548566, 0.6696075993846297, -0.4878852309641163], [-0.568722107107347, 0.7389065531884721, 0.36134785255001484]], "trans": [-0.8090846873271857, -131.51551624721856, 412.15711635338005]}], "rb_ScNup133N_56-480_renamed_1.pdb_1": [{"rot": [[0.8106583750116576, 0.5399284426539301, 0.22651771638606097], [-0.06138007295515849, 0.46309910093373463, -0.8841785506097632], [-0.5822932986626874, 0.7028630731000625, 0.4085560118329652]], "trans": [-400.8586328268415, 69.99248926436451, 443.1043491565734]}], "rb_ScNup133N_56-480_renamed_1.pdb_2": [{"rot": [[0.5199261047423639, 0.7231529422910724, -0.45467204407483947], [-0.6482641935259478, -0.012580463225330407, -0.761311544203281], [-0.556264668120833, 0.6905733516439774, 0.46225324768963877]], "trans": [-541.7977141629466, 496.2017816179073, 452.30559546822104]}], "rb_ScNup133N_56-480_renamed_1.pdb_3": [{"rot": [[-0.09941888510705371, 0.5174563668359823, -0.8499145802402563], [-0.8568530257610428, -0.4787712973263306, -0.19126143652237698], [-0.5058841542568924, 0.7092368809342637, 0.49098296222417026]], "trans": [-341.0603142686415, 897.4330645968621, 434.3946403625733]}], "rb_ScNup133N_56-480_renamed_1.pdb_4": [{"rot": [[-0.6845555667184495, 0.04333867051196583, -0.7276712415047283], [-0.5649522906345906, -0.6623722374621394, 0.4920283816469566], [-0.46066537245760764, 0.7479203023569085, 0.4779148835732563]], "trans": [83.76068093991478, 1038.6395120662462, 399.8879787861722]}], "rb_ScNup133N_56-480_renamed_1.pdb_5": [{"rot": [[-0.892702621576657, -0.42145531511485024, -0.15955389933060443], [0.05643844541596768, -0.4558272641279442, 0.888277100434688], [-0.447098122685823, 0.7839623222062845, 0.4307044764705112]], "trans": [483.8010558327815, 837.100512882765, 369.0241045355882]}], "rb_ScNup133N_56-480_renamed_1.pdb_6": [{"rot": [[-0.6019245700722651, -0.6046427196690799, 0.5216262967819891], [0.6432997276028368, 0.019866665012959583, 0.7653566332680296], [-0.47313029115607175, 0.7962490170621473, 0.37700826306346324]], "trans": [624.7134315676956, 410.8805712631696, 359.90751522862683]}], "rb_ScNup133N_56-480_renamed_1.pdb_7": [{"rot": [[0.01743670525292723, -0.39890977862045096, 0.9168243833095298], [0.8518399420768701, 0.4860413389854293, 0.19527552299179696], [-0.5235118665249063, 0.777582667835535, 0.34828224228256993]], "trans": [423.95126491391005, 9.665455504575448, 377.9028423264018]}], "rb_ScNup133C_490_881_renamed_relative_3CQC_1.pdb_7": [{"rot": [[0.7127683132783589, 0.4012689543320025, -0.5752778093022761], [-0.2757313351177285, 0.9144536235356089, 0.2962208656337215], [0.6449291142602569, -0.05251472833308447, 0.7624359913380168]], "trans": [237.21483348700872, 85.36540963608107, -275.0697750648088]}], "rb_ScNup133C_490_881_renamed_relative_3CQC_1.pdb_8": [{"rot": [[0.32367328579859106, 0.9281185931639299, -0.18393336044272288], [-0.6601555941112168, 0.3607853342396385, 0.6588084199228637], [0.6778128027885069, -0.0918140491482729, 0.7294792558770871]], "trans": [-92.80046794263336, 16.014611454663708, -248.38684939818933]}], "rb_ScNup133C_490_881_renamed_relative_3CQC_1.pdb_9": [{"rot": [[-0.22253757233228477, 0.910517121239315, 0.34847611228106323], [-0.6558677247507816, -0.40428163800086814, 0.6374903017345195], [0.7213283278304595, -0.08668869075840319, 0.6871466469130937]], "trans": [-375.12628172017673, 201.096457762252, -226.7430061523781]}], "rb_ScNup133C_490_881_renamed_relative_3CQC_1.pdb_10": [{"rot": [[-0.6058862388481021, 0.35877572899235227, 0.7100576327739233], [-0.2653796213667245, -0.9325602734031138, 0.24475496528888765], [0.7499836812476358, -0.04014116037581447, 0.6602372036669311]], "trans": [-444.3702520014989, 532.1875101330079, -222.7935089777747]}], "rb_ScNup133C_490_881_renamed_relative_3CQC_1.pdb_11": [{"rot": [[-0.6018016596876967, -0.4038876964450575, 0.6889916480317005], [0.28255527919631673, -0.9145774986197032, -0.28932769175593676], [0.7469921529677707, 0.020560342381194446, 0.6645148574153501]], "trans": [-259.96637131655666, 815.3300784994827, -238.8280241059855]}], "rb_ScNup133C_490_881_renamed_relative_3CQC_1.pdb_12": [{"rot": [[-0.21267663891580113, -0.9306941668973806, 0.2976189089467747], [0.6669489863064141, -0.3608678766758838, -0.6518845183376314], [0.7141062224377579, 0.05985602130637896, 0.6974736982776095]], "trans": [70.06088027395708, 884.6553707975615, -265.42930158705457]}], "rb_ScNup133C_490_881_renamed_relative_3CQC_1.pdb_13": [{"rot": [[0.3335338996366158, -0.9130330240024135, -0.23478891556928427], [0.6626182463872031, 0.40419768858798616, -0.630524613393385], [0.6705909314536993, 0.054725913616292976, 0.7398059725569417]], "trans": [352.3787987433359, 699.5517701075877, -286.9899330933727]}], "rb_ScNup133C_490_881_renamed_relative_3CQC_1.pdb_14": [{"rot": [[0.7168521209169545, -0.36125041429014204, -0.596339814964643], [0.27210006794678965, 0.9324330016158613, -0.23776091041419645], [0.6419381510396592, 0.008175308730307418, 0.7667128370954459]], "trans": [421.6034801088309, 368.4556924696975, -290.8553917824479]}], "rb_ScNup84_506-726_ScNup133C_882_1155_renamed_relative_3CQC_new_1.pdb_14": [{"rot": [[0.9787729703422388, 0.19164411240970833, 0.07263612535185478], [-0.201862160113312, 0.9627266493499049, 0.1800251841990369], [-0.0354279669445321, -0.1908662694406863, 0.9809765167158573]], "trans": [-65.98862924849868, 78.73381310568877, 83.09047309906896]}], "rb_ScNup84_506-726_ScNup133C_882_1155_renamed_relative_3CQC_new_1.pdb_15": [{"rot": [[0.5508821782634661, 0.8108036437856796, 0.19780363215969418], [-0.8345811775620202, 0.5346862738270852, 0.13260786794192478], [0.0017560554930325378, -0.23813449940060336, 0.971230599015668]], "trans": [-305.34887458347055, 245.64198935491416, 101.39811798213066]}], "rb_ScNup84_506-726_ScNup133C_882_1155_renamed_relative_3CQC_new_1.pdb_16": [{"rot": [[-0.1977928476174784, 0.9470533742775892, 0.2529187531615736], [-0.9782729422595177, -0.20706490291743007, 0.010304194422900814], [0.062129219166819113, -0.2453854768506712, 0.967432647721015]], "trans": [-357.0109505271063, 533.4096987797926, 104.15701783120807]}], "rb_ScNup84_506-726_ScNup133C_882_1155_renamed_relative_3CQC_new_1.pdb_17": [{"rot": [[-0.8286677208216723, 0.5205762906420768, 0.20569427335138607], [-0.5487607923921287, -0.8279985828551119, -0.11523861992879414], [0.11032407353511571, -0.20837147696185815, 0.9718075562514196]], "trans": [-190.70857121708997, 773.4586764697073, 89.77497511541037]}], "rb_ScNup84_506-726_ScNup133C_882_1155_renamed_relative_3CQC_new_1.pdb_18": [{"rot": [[-0.9721670452903864, -0.21879131820029551, 0.08379495886710461], [0.20234099852651743, -0.9643630611135788, -0.17047582431225483], [0.11810739336152748, -0.1487758227664292, 0.9817924415035596]], "trans": [96.13789802248652, 825.1649633984997, 66.70119814564089]}], "rb_ScNup84_506-726_ScNup133C_882_1155_renamed_relative_3CQC_new_1.pdb_19": [{"rot": [[-0.5442268934093738, -0.8379174819063809, -0.04136885308604432], [0.8350264108410256, -0.5362741035898781, -0.12304868555506829], [0.08091960014693299, -0.10151048879079083, 0.99153801690985]], "trans": [335.4916643151269, 658.2384044198175, 48.47663571223211]}], "rb_ScNup84_506-726_ScNup133C_882_1155_renamed_relative_3CQC_new_1.pdb_20": [{"rot": [[0.2044593598933271, -0.9741093640982468, -0.09647443665615765], [0.9786594091532437, 0.20548774234430534, -0.0007406902638507767], [0.020545827504325938, -0.094264174119081, 0.9953351869846725]], "trans": [387.1378298177616, 370.46704824303345, 45.80149835619193]}], "rb_ScNup84_506-726_ScNup133C_882_1155_renamed_relative_3CQC_new_1.pdb_21": [{"rot": [[0.8353007509568227, -0.5475838398823591, -0.049240163999134653], [0.5490977578265981, 0.8263879284986995, 0.12479841337706887], [-0.027646117282060182, -0.13128187205902425, 0.9909595159580977]], "trans": [220.82325590727731, 130.43152968780964, 60.26692416131192]}], "rb_4XMM.renamed.noAb_Nup145c_149-550_Sec13_Nup84_7-436_3IKO_updated_1.pdb_21": [{"rot": [[0.9965775164749264, -0.015216253562167872, 0.08125096482011158], [0.017086173557403057, 0.9996037752738229, -0.022368619346901243], [-0.08087840459500607, 0.023680331202330714, 0.9964426353706037]], "trans": [-17.406863624043126, -2.9312455189258912, 33.72759300245434]}], "rb_4XMM.renamed.noAb_Nup145c_149-550_Sec13_Nup84_7-436_3IKO_updated_1.pdb_22": [{"rot": [[0.716962366579043, 0.6943910050792086, 0.06153126826633426], [-0.694928753545532, 0.7189075025795681, -0.015685350823638658], [-0.055127056923350265, -0.03151404131326092, 0.9979819000338006]], "trans": [-329.4560956951791, 150.81470519797057, 57.89304066380498]}], "rb_4XMM.renamed.noAb_Nup145c_149-550_Sec13_Nup84_7-436_3IKO_updated_1.pdb_23": [{"rot": [[0.017277366130632743, 0.9984823046202971, 0.05229321160272464], [-0.9998484754265606, 0.017142485320822687, 0.003026777858806333], [0.002125748519756252, -0.05233758264540549, 0.9986271870102801]], "trans": [-441.8138784257067, 480.84138526702463, 65.28415432680299]}], "rb_4XMM.renamed.noAb_Nup145c_149-550_Sec13_Nup84_7-436_3IKO_updated_1.pdb_24": [{"rot": [[-0.6925921460491191, 0.7189166741026042, 0.05894857867942422], [-0.7190467196396978, -0.6945874345054968, 0.02280593787724308], [0.057340511041184934, -0.026591568669799958, 0.9980004780906739]], "trans": [-288.6575251080827, 793.8146289227747, 51.59512029414827]}], "rb_4XMM.renamed.noAb_Nup145c_149-550_Sec13_Nup84_7-436_3IKO_updated_1.pdb_25": [{"rot": [[-0.9967946005651923, 0.019467601758785303, 0.07759856162222659], [-0.01702111402964446, -0.9993408344732632, 0.03206521840671504], [0.07817164422773132, 0.03064162260784889, 0.9964689081966831]], "trans": [40.293726318910615, 906.390413904126, 24.86917261873623]}], "rb_4XMM.renamed.noAb_Nup145c_149-550_Sec13_Nup84_7-436_3IKO_updated_1.pdb_26": [{"rot": [[-0.7171239103074628, -0.6901177836002308, 0.09731773745847863], [0.6949718430761911, -0.7185888758584195, 0.025380402357202077], [0.052415976539738625, 0.08583398074909734, 0.994929692567343]], "trans": [352.3375078959596, 752.6203748456147, 0.7867531858718735]}], "rb_4XMM.renamed.noAb_Nup145c_149-550_Sec13_Nup84_7-436_3IKO_updated_1.pdb_27": [{"rot": [[-0.017415108985641026, -0.9941543580771992, 0.10655433494292457], [0.9998366383045154, -0.016800014620157455, 0.006667549226415187], [-0.004838458736252632, 0.10665304414255229, 0.9942845254212614]], "trans": [464.67608589717236, 422.58528558044657, -6.5203122373721385]}], "rb_4XMM.renamed.noAb_Nup145c_149-550_Sec13_Nup84_7-436_3IKO_updated_1.pdb_28": [{"rot": [[0.6924325216918513, -0.7145332094278111, 0.09989742503315147], [0.7189791760169632, 0.6949079391052054, -0.013111087770401514], [-0.06005120612802938, 0.08090271190353397, 0.9949113547694696]], "trans": [311.50185069475225, 109.62447169009567, 7.252563204749549]}], "rb_4XMM.renamed.noAb_Seh1_Nup85_47_544_3F3F_1.pdb_28": [{"rot": [[0.7222804777511348, -0.6574673351979152, 0.21458707931127333], [0.3157578872052518, 0.5895404257190092, 0.7434642177742806], [-0.6153111961660263, -0.4692321276200081, 0.6334140370104949]], "trans": [417.06011755367075, -141.56688763367765, 652.4119677182489]}], "rb_4XMM.renamed.noAb_Seh1_Nup85_47_544_3F3F_1.pdb_29": [{"rot": [[0.7224969247120357, -0.05976258309779253, 0.6887863438274078], [-0.3212062533295942, 0.8531958149711539, 0.4109543090632714], [-0.612229317007617, -0.518155705340765, 0.597235237087698]], "trans": [-106.95010729507726, -217.7754886615023, 694.5908564543486]}], "rb_4XMM.renamed.noAb_Seh1_Nup85_47_544_3F3F_1.pdb_30": [{"rot": [[0.27365817603192266, 0.5488825792774115, 0.7898348668276524], [-0.7715785255893379, 0.615567810130668, -0.1604457851746662], [-0.5742628157388067, -0.5655123210830229, 0.591961175384862]], "trans": [-531.3354140014726, 100.07037938698653, 726.9117612666737]}], "rb_4XMM.renamed.noAb_Seh1_Nup85_47_544_3F3F_1.pdb_31": [{"rot": [[-0.36129970068603834, 0.8119152339115121, 0.458536998754289], [-0.771524502235182, 0.01586224698797639, -0.6360018329936198], [-0.523653004130532, -0.5835598016166844, 0.6206814716117777]], "trans": [-607.4829927248201, 625.7722421774235, 730.4646452925924]}], "rb_4XMM.renamed.noAb_Seh1_Nup85_47_544_3F3F_1.pdb_32": [{"rot": [[-0.8104094283544031, 0.5752471429594237, -0.11102829797536545], [-0.321075830909721, -0.5946048997194913, -0.7371263962409721], [-0.490047823421264, -0.5617256783756558, 0.6665713712825413]], "trans": [-290.78260482885963, 1051.366652886085, 703.192183875244]}], "rb_4XMM.renamed.noAb_Seh1_Nup85_47_544_3F3F_1.pdb_33": [{"rot": [[-0.8105761960578846, -0.022478188879038047, -0.5852016416663962], [0.31588830539832435, -0.8582133678637329, -0.4045792799100826], [-0.49313366230354, -0.512800688615669, 0.7027479241224345]], "trans": [233.2401103207498, 1127.5345216338255, 661.0949743558031]}], "rb_4XMM.renamed.noAb_Seh1_Nup85_47_544_3F3F_1.pdb_34": [{"rot": [[-0.3617023089243581, -0.6311048342857234, -0.6862056017404511], [0.7662253344453794, -0.6205375999264503, 0.1668287263380734], [-0.5311027928497941, -0.46544578118047963, 0.708018395388452]], "trans": [657.6071708083475, 809.6557537364492, 628.8581605425991]}], "rb_4XMM.renamed.noAb_Seh1_Nup85_47_544_3F3F_1.pdb_35": [{"rot": [[0.27325558084154783, -0.894090722745696, -0.35487063423031195], [0.7661214748635699, -0.020811411993631845, 0.6423587555904382], [-0.5817123630212903, -0.44740212854981687, 0.6792952686993163]], "trans": [733.7202823640093, 283.94833031404573, 625.3905274076683]}], "rb_4XMM.renamed.noAb_Nup120_715-1036_Nup85_553-744_Nup145c_92-99_554-712_remaining_updated_1.pdb_35": [{"rot": [[0.9892458824307518, -0.08862189301834936, 0.11635610930092274], [0.08078007109167648, 0.9942375286879771, 0.07047209847059198], [-0.1219309813305369, -0.06031497845700816, 0.9907042642310085]], "trans": [15.63201796609917, -64.25785594234355, 102.40545137624298]}], "rb_4XMM.renamed.noAb_Nup120_715-1036_Nup85_553-744_Nup145c_92-99_554-712_remaining_updated_1.pdb_36": [{"rot": [[0.7558566322489915, 0.6369070098951461, 0.1517570829702456], [-0.647088331080435, 0.7620086172620364, 0.02489094208617639], [-0.0997869894562971, -0.11701422120761323, 0.9881043612748734]], "trans": [-347.9103758362305, 88.12184361434427, 130.68187033220312]}], "rb_4XMM.renamed.noAb_Nup120_715-1036_Nup85_553-744_Nup145c_92-99_554-712_remaining_updated_1.pdb_37": [{"rot": [[0.07769526489988016, 0.9864250700561458, 0.14466868001355987], [-0.9960041686203976, 0.08320718405069566, -0.032438566755399564], [-0.04403568896847544, -0.14157028532528276, 0.9889482860139807]], "trans": [-497.65574772366364, 453.7097576242519, 140.87998416104094]}], "rb_4XMM.renamed.noAb_Nup120_715-1036_Nup85_553-744_Nup145c_92-99_554-712_remaining_updated_1.pdb_38": [{"rot": [[-0.6479617285481926, 0.755179679617688, 0.09924338682937373], [-0.7615676241839924, -0.6445153202706334, -0.06793199342866595], [0.012663022213825328, -0.1195978822093819, 0.9927416554368227]], "trans": [-345.879234095535, 818.3394480659676, 127.04959888960497]}], "rb_4XMM.renamed.noAb_Nup120_715-1036_Nup85_553-744_Nup145c_92-99_554-712_remaining_updated_1.pdb_39": [{"rot": [[-0.9960142495697386, 0.07863764885862662, 0.04209198066161732], [-0.0811149310573421, -0.9948487917832056, -0.06079678813110731], [0.03709423962818571, -0.0639687554160893, 0.9972622602489896]], "trans": [18.508256655219384, 968.4058177952786, 97.31675411952097]}], "rb_4XMM.renamed.noAb_Nup120_715-1036_Nup85_553-744_Nup145c_92-99_554-712_remaining_updated_1.pdb_40": [{"rot": [[-0.7625682238097897, -0.6468731613597464, 0.006694561078189339], [0.6467351287429884, -0.7625629431730078, -0.015212854732428168], [0.014945811633107917, -0.007271231791603522, 0.9998618664109858]], "trans": [382.04530792245174, 815.9979882841204, 69.12337445140224]}], "rb_4XMM.renamed.noAb_Nup120_715-1036_Nup85_553-744_Nup145c_92-99_554-712_remaining_updated_1.pdb_41": [{"rot": [[-0.08437962474748739, -0.9963382887090844, 0.013787435574677941], [0.9955977275001227, -0.08373409978635937, 0.04211609584896428], [-0.040807400359056764, 0.017280479889768528, 0.9990175879786675]], "trans": [531.7687025406585, 450.39873180570555, 59.00954412267237]}], "rb_4XMM.renamed.noAb_Nup120_715-1036_Nup85_553-744_Nup145c_92-99_554-712_remaining_updated_1.pdb_42": [{"rot": [[0.6412591038272248, -0.7650361341298494, 0.05921549826150973], [0.7611042358994887, 0.643970230434149, 0.07760595602428719], [-0.09750437864300918, -0.004696359254055545, 0.995224015162012]], "trans": [379.9702781818937, 85.78136454978562, 72.92409244609576]}], "rb_4XMM.renamed.noAb_Nup120_2-711_3F7F_updated_1.pdb_42": [{"rot": [[0.981329539110485, 0.18947093543579713, 0.03306206730205455], [-0.18966033561939122, 0.9247215302322065, 0.33002886028004436], [0.03195767140987393, -0.33013763213255337, 0.9433916742731876]], "trans": [-111.14571709558629, 60.27431748583115, 193.1316541043318]}], "rb_4XMM.renamed.noAb_Nup120_2-711_3F7F_updated_1.pdb_43": [{"rot": [[0.5626289449422766, 0.7797165141512788, 0.2747559423796296], [-0.8238736916800468, 0.5013225255362999, 0.26440095602587393], [0.06841644883089805, -0.37512382348990253, 0.9244464865959978]], "trans": [-348.2009790683056, 270.7526461714539, 211.04358817522564]}], "rb_4XMM.renamed.noAb_Nup120_2-711_3F7F_updated_1.pdb_44": [{"rot": [[-0.18059859409410212, 0.898785160662331, 0.3994613658220524], [-0.9751407961852209, -0.21663778512479198, 0.04656713080571098], [0.1283922716774086, -0.3811211159584448, 0.9155665565889257]], "trans": [-367.5202720045699, 587.6815417447165, 211.0826850102167]}], "rb_4XMM.renamed.noAb_Nup120_2-711_3F7F_updated_1.pdb_45": [{"rot": [[-0.8129599061228391, 0.4769247829748639, 0.33412414223028136], [-0.554847246449609, -0.8085681285254205, -0.19586248910953707], [0.17675045726681765, -0.34461621104828444, 0.9219538724571272]], "trans": [-157.78416836102184, 825.3997052765533, 193.2500460332884]}], "rb_4XMM.renamed.noAb_Nup120_2-711_3F7F_updated_1.pdb_46": [{"rot": [[-0.964008818263001, -0.2387328614304788, 0.11701973843922861], [0.1907930699526156, -0.9277073632836559, -0.3208692141158773], [0.18516209863043245, -0.28699419677495264, 0.9398666545038563]], "trans": [158.14287840815052, 844.6486015390878, 168.01628749852142]}], "rb_4XMM.renamed.noAb_Nup120_2-711_3F7F_updated_1.pdb_47": [{"rot": [[-0.54525874799322, -0.8289454336882612, -0.12466902463821379], [0.8249735421445689, -0.5042620458149139, -0.2552223421097731], [0.14869953765330426, -0.2420108615701683, 0.9588113424359118]], "trans": [395.1882630734703, 634.1520724874698, 150.18770585276428]}], "rb_4XMM.renamed.noAb_Nup120_2-711_3F7F_updated_1.pdb_48": [{"rot": [[0.1979806091464752, -0.9479580869726061, -0.24935746177972068], [0.9761823075715468, 0.21370758632864006, -0.03737873633329558], [0.08872305667794467, -0.2360180774619205, 0.9676898709425962]], "trans": [414.48937029733395, 317.2220696363762, 150.23254050828896]}], "rb_4XMM.renamed.noAb_Nup120_2-711_3F7F_updated_1.pdb_49": [{"rot": [[0.8303091580687156, -0.5260515309111324, -0.18400132840083364], [0.5558391394028332, 0.8056047992654987, 0.20504574735485326], [0.040367723928100896, -0.2725265018790766, 0.9613010728374412]], "trans": [204.7412526616533, 79.52077416419718, 168.14853159290732]}]}
