{"rb_ScNup133N_56-480_renamed_1.pdb_0": [{"rot": [[-0.5607630971916071, 0.03702260705071227, 0.8271481580679749], [0.14720378827875802, -0.9786267577675278, 0.14359914239924182], [0.8147857347453118, 0.2022844421812604, 0.5433279036704791]], "trans": [700.4417595017258, 259.90684584270343, -374.68003345814446]}], "rb_ScNup133N_56-480_renamed_1.pdb_1": [{"rot": [[-0.2776638645484606, -0.659675883522696, 0.6983770521878302], [0.546224323679457, -0.7064276099885263, -0.4501100088498557], [0.7902795496183187, 0.2564912484753577, 0.5564804335379802]], "trans": [356.68127293251644, -192.77024757769522, -345.03646799021647]}], "rb_ScNup133N_56-480_renamed_1.pdb_2": [{"rot": [[0.20385795938552864, -0.9606255232360548, 0.18878701359633326], [0.6274420258189539, -0.019825425095846116, -0.778410853441789], [0.7515041161772658, 0.2771381544053849, 0.5986952536486334]], "trans": [-205.57161968499065, -268.8807226959558, -299.80987926179927]}], "rb_ScNup133N_56-480_renamed_1.pdb_3": [{"rot": [[0.6017201006921123, -0.6895257697553587, -0.4030969278800724], [0.3432784196143315, 0.6789585559095735, -0.648980127572695], [0.7211746300655335, 0.2521299113561587, 0.6452423271526554]], "trans": [-656.9393327504106, 76.16212676507752, -265.47063574371447]}], "rb_ScNup133N_56-480_renamed_1.pdb_4": [{"rot": [[0.682849307137701, -0.005190681176123715, -0.7305408137609336], [-0.13979944771289476, 0.9805668241006257, -0.13764017542992352], [0.7170585318931285, 0.19611670072214238, 0.668853722077653]], "trans": [-733.0023823260022, 640.2274512821327, -262.1111455710026]}], "rb_ScNup133N_56-480_renamed_1.pdb_5": [{"rot": [[0.3997189456646585, 0.6914865984871853, -0.6017233987384516], [-0.5387977500845066, 0.7083130032944106, 0.45605884912796424], [0.7415670900064302, 0.1419118510790129, 0.6556975503558945]], "trans": [-389.20004814212143, 1092.877947227223, -291.67544055446376]}], "rb_ScNup133N_56-480_renamed_1.pdb_6": [{"rot": [[-0.08180922583801037, 0.992382695658159, -0.09210774085834766], [-0.6199776560951504, 0.02168722049808275, 0.7843196863587119], [0.7803428454919965, 0.12126932763609538, 0.6134808828840068]], "trans": [173.0653281626664, 1168.9446884989013, -336.82033493504]}], "rb_ScNup133N_56-480_renamed_1.pdb_7": [{"rot": [[-0.479649214956824, 0.7212284339790708, 0.4997661219124372], [-0.33578283216711646, -0.6770754593027319, 0.6548425093347423], [0.8106704140482308, 0.1462818116858315, 0.5669348387220337]], "trans": [624.4126745464744, 823.8668223143463, -371.07530814039285]}], "rb_ScNup133C_490_881_renamed_relative_3CQC_1.pdb_7": [{"rot": [[0.8042285628213302, 0.3776625390308711, -0.458898055514614], [-0.28013587150517927, 0.9218692285768229, 0.2677331113239586], [0.5241567630379023, -0.08676480862613187, 0.8471903893138184]], "trans": [156.83159138991005, 95.65634799670343, -226.54214834187098]}], "rb_ScNup133C_490_881_renamed_relative_3CQC_1.pdb_8": [{"rot": [[0.3830205968080342, 0.915933847798162, -0.11983492345084937], [-0.7346843073466112, 0.38069308137337926, 0.5615262650429382], [0.5599412388451558, -0.1270352874287111, 0.8187355157732301]], "trans": [-141.57317758072998, 82.73768930001677, -202.65334685197564]}], "rb_ScNup133C_490_881_renamed_relative_3CQC_1.pdb_9": [{"rot": [[-0.23533594560478366, 0.9152173095996888, 0.32709978434020565], [-0.7571821095466741, -0.3836462177103082, 0.5286689253389333], [0.6093375465936348, -0.12325930328247647, 0.7832719185988783]], "trans": [-361.76011977688466, 285.2837911072286, -186.04732828714066]}], "rb_ScNup133C_490_881_renamed_relative_3CQC_1.pdb_10": [{"rot": [[-0.688599083044446, 0.37593268261530627, 0.620085414255171], [-0.33444974835756086, -0.9233879300868976, 0.18840938509903996], [0.6434086327163415, -0.07764888094166902, 0.7615746730522188]], "trans": [-374.73870648489844, 584.6404078748185, -186.4281275663219]}], "rb_ScNup133C_490_881_renamed_relative_3CQC_1.pdb_11": [{"rot": [[-0.7112408785885608, -0.38599949475429407, 0.5874868531924783], [0.2858701985098536, -0.9223437502880385, -0.2599235193446949], [0.6421951745602793, -0.016923248920488562, 0.7663543315056464]], "trans": [-172.90398527388038, 805.4403293672145, -203.54866220131845]}], "rb_ScNup133C_490_881_renamed_relative_3CQC_1.pdb_12": [{"rot": [[-0.28999744915806913, -0.9242286097622995, 0.24840079786236416], [0.740385559669387, -0.3811253735628385, -0.5536900510751788], [0.6064080330230301, 0.023343661311645947, 0.7948109026439595]], "trans": [125.50833164045008, 818.3359650904581, -227.35547670222473]}], "rb_ScNup133C_490_881_renamed_relative_3CQC_1.pdb_13": [{"rot": [[0.3283608647542924, -0.9234524578064989, -0.19853135940941066], [0.7628348278871926, 0.38321384382396895, -0.5207976336965969], [0.5570118202158096, 0.019562925977315626, 0.8302741258566808]], "trans": [345.6860147352734, 615.772986604589, -243.87819855713826]}], "rb_ScNup133C_490_881_renamed_relative_3CQC_1.pdb_14": [{"rot": [[0.7815910440064362, -0.3841257196463428, -0.4914904591496228], [0.34006690530659767, 0.9229132111442269, -0.18051510909240773], [0.5229435340876885, -0.026050646856260323, 0.8519691449543507]], "trans": [358.64778608757416, 316.4157596398054, -243.41357943188655]}], "rb_ScNup84_506-726_ScNup133C_882_1155_renamed_relative_3CQC_new_1.pdb_14": [{"rot": [[0.9793141693783731, 0.18091918584839392, 0.09062011833306687], [-0.19389154331773698, 0.9671303651949759, 0.16451421260090685], [-0.05787769073322528, -0.1786815740634287, 0.9822031704314551]], "trans": [-68.14027058676288, 77.6532283448229, 92.19560643460287]}], "rb_ScNup84_506-726_ScNup133C_882_1155_renamed_relative_3CQC_new_1.pdb_15": [{"rot": [[0.5564412503566711, 0.8065457461858799, 0.19964241586136935], [-0.8306196581256539, 0.5460605096957252, 0.10903624757879421], [-0.021074117697398392, -0.22649918114709433, 0.9737833447451076]], "trans": [-307.45606508199273, 246.9187550738036, 110.48823868725884]}], "rb_ScNup84_506-726_ScNup133C_882_1155_renamed_relative_3CQC_new_1.pdb_16": [{"rot": [[-0.19151028769374834, 0.9522835090388067, 0.23765506121307797], [-0.9807045842701592, -0.19535118566044485, -0.007512166967635625], [0.03927248526575497, -0.23450806526384657, 0.9713205646063793]], "trans": [-357.4250170666843, 536.3211545838974, 113.10423253374762]}], "rb_ScNup84_506-726_ScNup133C_882_1155_renamed_relative_3CQC_new_1.pdb_17": [{"rot": [[-0.8263798876662628, 0.5327572380254734, 0.18238971076286226], [-0.5562244558183432, -0.822775295828985, -0.11685532646443891], [0.08781022725331766, -0.19801650917282593, 0.9762575613457369]], "trans": [-188.77269656671865, 776.3245374634375, 98.53510679446981]}], "rb_ScNup84_506-726_ScNup133C_882_1155_renamed_relative_3CQC_new_1.pdb_18": [{"rot": [[-0.976251986235614, -0.20626866197408766, 0.06622158604590009], [0.1941542828129087, -0.9686579303932117, -0.15493846633983938], [0.09610501462681362, -0.1384017809630932, 0.9857021726616111]], "trans": [99.70390241056919, 826.3316547690706, 75.33966565335339]}], "rb_ScNup84_506-726_ScNup133C_882_1155_renamed_relative_3CQC_new_1.pdb_19": [{"rot": [[-0.5533293948632863, -0.8318623984749438, -0.0427963875080537], [0.8308491861931948, -0.5475389850802532, -0.09945194628255524], [0.05929764398634682, -0.09058702898757753, 0.9941216120761425]], "trans": [339.0130340035019, 657.0477488779818, 57.13013048777134]}], "rb_ScNup84_506-726_ScNup133C_882_1155_renamed_relative_3CQC_new_1.pdb_20": [{"rot": [[0.19463386921627246, -0.9775423397632088, -0.08079994383766584], [0.9808754025242059, 0.19388412416843004, 0.017099447897923635], [-0.001049607962971183, -0.08258280914153882, 0.9965836532662032]], "trans": [388.96594800544835, 367.64183555942395, 54.59790865335384]}], "rb_ScNup84_506-726_ScNup133C_882_1155_renamed_relative_3CQC_new_1.pdb_21": [{"rot": [[0.8294703796232329, -0.5579671221450453, -0.025526063794905372], [0.5563454589095855, 0.8212752858891189, 0.12643826611601475], [-0.04958447013297746, -0.11907810627028635, 0.9916459977878748]], "trans": [220.30143639724463, 127.65209625396528, 69.25041630621709]}], "rb_4XMM.renamed.noAb_Nup145c_149-550_Sec13_Nup84_7-436_3IKO_updated_1.pdb_21": [{"rot": [[0.9993631630245502, -0.029900797967352274, 0.019473332290167986], [0.03013209651868619, 0.9994775104432047, -0.011694566158857353], [-0.019113480817378525, 0.012273890954823329, 0.9997419799387611]], "trans": [6.182811401157323, -12.779964244094515, 5.387004941810119]}], "rb_4XMM.renamed.noAb_Nup145c_149-550_Sec13_Nup84_7-436_3IKO_updated_1.pdb_22": [{"rot": [[0.7293555008061353, 0.6836660050111449, 0.025324830422601405], [-0.6841095998732092, 0.7285103563254879, 0.035590955140729866], [0.005882924880541757, -0.04328341851809843, 0.9990455129153216]], "trans": [-320.2358940717753, 125.59313276844875, 30.77258480201425]}], "rb_4XMM.renamed.noAb_Nup145c_149-550_Sec13_Nup84_7-436_3IKO_updated_1.pdb_23": [{"rot": [[0.03489687833063304, 0.9974161448491828, 0.06279523769341241], [-0.9974183644593487, 0.030813348487828462, 0.06486249913629993], [0.06275997229138855, -0.06489662201657967, 0.9959164695539594]], "trans": [-453.594382151389, 454.9470351300635, 39.84085809972515]}], "rb_4XMM.renamed.noAb_Nup145c_149-550_Sec13_Nup84_7-436_3IKO_updated_1.pdb_24": [{"rot": [[-0.6771890514892307, 0.7275503657526666, 0.10993386119061743], [-0.7262535052915912, -0.6848927683506623, 0.058972382626477554], [0.1181982850755193, -0.03990440018504078, 0.9921878875752713]], "trans": [-315.76745682670037, 782.3416997424722, 27.303507375677043]}], "rb_4XMM.renamed.noAb_Nup145c_149-550_Sec13_Nup84_7-436_3IKO_updated_1.pdb_25": [{"rot": [[-0.9897523105533692, 0.03215984622382133, 0.13912623061496238], [-0.02946722029492336, -0.999337259489749, 0.021371118913359483], [0.13972131792377995, 0.017052451037274947, 0.990044022875379]], "trans": [12.505839026704564, 915.9848326061339, 0.5290943618491042]}], "rb_4XMM.renamed.noAb_Nup145c_149-550_Sec13_Nup84_7-436_3IKO_updated_1.pdb_26": [{"rot": [[-0.7196889345600578, -0.6813858423910302, 0.13327104434525722], [0.6847532600929882, -0.7283141083528302, -0.025913941542091354], [0.11472057471889631, 0.07260780511273271, 0.9907407816239715]], "trans": [338.9202933836936, 777.5865189165219, -24.773547377848388]}], "rb_4XMM.renamed.noAb_Nup145c_149-550_Sec13_Nup84_7-436_3IKO_updated_1.pdb_27": [{"rot": [[-0.025205857059779513, -0.9950815747070987, 0.09579835305642151], [0.9980075079521316, -0.030592498302343563, -0.05518254360571945], [0.05784184334076833, 0.0942165522934369, 0.9938699927218249]], "trans": [472.2596297773999, 448.22255904441346, -33.75776864386546]}], "rb_4XMM.renamed.noAb_Nup145c_149-550_Sec13_Nup84_7-436_3IKO_updated_1.pdb_28": [{"rot": [[0.6868589429364098, -0.7251599676238057, 0.048660187670402456], [0.726786768001726, 0.6850924136194341, -0.04928872750136238], [0.0024054866208158762, 0.06921998379759575, 0.9975985201859403]], "trans": [334.4136982030111, 120.8391215099033, -21.136481039862986]}], "rb_4XMM.renamed.noAb_Seh1_Nup85_47_544_3F3F_1.pdb_28": [{"rot": [[0.6845856636773201, -0.6963081517827017, 0.21563262009362397], [0.21918447967729682, 0.4787662606784088, 0.8501417714149836], [-0.6951982688097517, -0.534731545167266, 0.480376458256389]], "trans": [453.20040450152936, -68.7964985303471, 768.7850688092976]}], "rb_4XMM.renamed.noAb_Seh1_Nup85_47_544_3F3F_1.pdb_29": [{"rot": [[0.6261109460801864, -0.16668796826964322, 0.7617087398951861], [-0.3675287771904788, 0.7984683155670449, 0.47683429718550785], [-0.6876828346959412, -0.5785010546832773, 0.438667127324228]], "trans": [-27.725786881563977, -185.08693670092964, 807.7249103647829]}], "rb_4XMM.renamed.noAb_Seh1_Nup85_47_544_3F3F_1.pdb_30": [{"rot": [[0.17117756425221242, 0.4333033922363758, 0.8848425915229942], [-0.7407498746439363, 0.6487513150411861, -0.17438851581260614], [-0.6496059303236629, -0.6255956373799135, 0.4320211033960578]], "trans": [-449.8883247500831, 73.86643291488657, 840.1551865514762]}], "rb_4XMM.renamed.noAb_Seh1_Nup85_47_544_3F3F_1.pdb_31": [{"rot": [[-0.41370809217109034, 0.7521825308727468, 0.5129006285061707], [-0.6818406313773666, 0.11732158901858813, -0.7220311614833993], [-0.6032735431585491, -0.6484266226798695, 0.46433172099793857]], "trans": [-565.9765285896023, 556.3651919488245, 847.1017892135054]}], "rb_4XMM.renamed.noAb_Seh1_Nup85_47_544_3F3F_1.pdb_32": [{"rot": [[-0.785911758769196, 0.6031455520304285, -0.13622830283835055], [-0.22531091271665607, -0.484501835837574, -0.8452768562316174], [-0.5758278388885824, -0.633619297477538, 0.5166709647589797]], "trans": [-307.982378407993, 979.7548809214796, 824.5193054655424]}], "rb_4XMM.renamed.noAb_Seh1_Nup85_47_544_3F3F_1.pdb_33": [{"rot": [[-0.727391279577235, 0.0735004193366533, -0.682275321811017], [0.3613977350777175, -0.8041623115362702, -0.4719265343094586], [-0.5833468980595394, -0.58984800165973, 0.5583777677006263]], "trans": [172.95942824010376, 1096.0079670332361, 785.6608776013513]}], "rb_4XMM.renamed.noAb_Seh1_Nup85_47_544_3F3F_1.pdb_34": [{"rot": [[-0.27242877644461544, -0.5264792804801948, -0.8053583854346736], [0.7345831135358767, -0.6543982242004974, 0.17930592146153737], [-0.6214259497903393, -0.5427545774917888, 0.5650196965937407]], "trans": [595.1083130800239, 837.0218700664927, 753.3143254687948]}], "rb_4XMM.renamed.noAb_Seh1_Nup85_47_544_3F3F_1.pdb_35": [{"rot": [[0.31245230132228075, -0.8453169795536386, -0.43337369956738503], [0.6756279660431954, -0.1229434878651823, 0.726919356113095], [-0.6677577486624499, -0.5199270168685747, 0.5327058158415386]], "trans": [711.1654204125288, 354.51441412351375, 746.4527202946958]}], "rb_4XMM.renamed.noAb_Nup120_715-1036_Nup85_553-744_Nup145c_92-99_554-712_remaining_updated_1.pdb_35": [{"rot": [[0.996278915513655, -0.05700727120748568, 0.06464126802912348], [0.053566860648806794, 0.9971158950230922, 0.05376321542216882], [-0.06751973002884507, -0.0501005281586471, 0.9964592430877731]], "trans": [11.485951779801667, -44.51345451976783, 64.43186558706518]}], "rb_4XMM.renamed.noAb_Nup120_715-1036_Nup85_553-744_Nup145c_92-99_554-712_remaining_updated_1.pdb_36": [{"rot": [[0.742733270267288, 0.6615510918300904, 0.10342843968887871], [-0.6681533741374528, 0.7423514090675485, 0.04985432864017899], [-0.04379906239633052, -0.10613452950779656, 0.99338668391486]], "trans": [-337.680798256205, 102.81785842728651, 91.5870195050542]}], "rb_4XMM.renamed.noAb_Nup120_715-1036_Nup85_553-744_Nup145c_92-99_554-712_remaining_updated_1.pdb_37": [{"rot": [[0.05464775115027243, 0.9902532478713665, 0.12810982934353077], [-0.9984255287309053, 0.05256597691607501, 0.019577580271110673], [0.01265254411693538, -0.12897799483272085, 0.9915667350089455]], "trans": [-480.81589879854386, 454.64004039971417, 101.32523056325164]}], "rb_4XMM.renamed.noAb_Nup120_715-1036_Nup85_553-744_Nup145c_92-99_554-712_remaining_updated_1.pdb_38": [{"rot": [[-0.6648874427328242, 0.7365408392069631, 0.1242267309257904], [-0.7437715181333263, -0.6681543693024024, -0.019330483588283917], [0.06876494244782963, -0.10524890005321824, 0.9920655481003939]], "trans": [-334.0668764053317, 804.8508133004811, 87.96572231617631]}], "rb_4XMM.renamed.noAb_Nup120_715-1036_Nup85_553-744_Nup145c_92-99_554-712_remaining_updated_1.pdb_39": [{"rot": [[-0.9943584493590502, 0.04904217217744976, 0.0940539182404575], [-0.053371252374327105, -0.9976014886162172, -0.04407697052547103], [0.09166669846929787, -0.04884808347135771, 0.9945909114469698]], "trans": [16.60053578353586, 948.2918851875987, 59.358687965217655]}], "rb_4XMM.renamed.noAb_Nup120_715-1036_Nup85_553-744_Nup145c_92-99_554-712_remaining_updated_1.pdb_40": [{"rot": [[-0.7407565075055693, -0.6694963403400792, 0.05526705039525904], [0.6683290582207232, -0.7427806133269554, -0.040165039567180635], [0.06794164058920418, 0.007184061307692981, 0.9976634315926262]], "trans": [365.76233663657223, 800.9335704256602, 32.28653649353811]}], "rb_4XMM.renamed.noAb_Nup120_715-1036_Nup85_553-744_Nup145c_92-99_554-712_remaining_updated_1.pdb_41": [{"rot": [[-0.052645210497531014, -0.998144706319829, 0.030588021468748845], [0.9985471957308647, -0.05296940515340787, -0.009886355027005788], [0.011488242237023555, 0.030023113819124612, 0.9994831829135031]], "trans": [508.87653337194047, 449.10056434962667, 22.63252085176987]}], "rb_4XMM.renamed.noAb_Nup120_715-1036_Nup85_553-744_Nup145c_92-99_554-712_remaining_updated_1.pdb_42": [{"rot": [[0.6668701415084688, -0.7443760790289022, 0.03447415458038443], [0.7438367191269182, 0.6677310038183264, 0.0290214027619671], [-0.04462229983961988, 0.006289635071100103, 0.9989841294273374]], "trans": [362.10672497115183, 98.90171955940343, 36.07610442566795]}], "rb_4XMM.renamed.noAb_Nup120_2-711_3F7F_updated_1.pdb_42": [{"rot": [[0.9975114851751422, 0.06887011647733453, -0.015091189485360413], [-0.059356999733621914, 0.9358438053970589, 0.3473803657125388], [0.038047122444509335, -0.34562013679233555, 0.9376028676989755]], "trans": [-34.22067920552081, -29.84133681937476, 201.15516915768833]}], "rb_4XMM.renamed.noAb_Nup120_2-711_3F7F_updated_1.pdb_43": [{"rot": [[0.6660838913179864, 0.7017525408771669, 0.25273626787450104], [-0.7427899279738684, 0.5932904090258916, 0.3102734494900713], [0.06778917780344067, -0.3943981008198859, 0.9164359036192345]], "trans": [-357.03757337957256, 153.28003931601563, 226.0359408465211]}], "rb_4XMM.renamed.noAb_Nup120_2-711_3F7F_updated_1.pdb_44": [{"rot": [[-0.05010422224440442, 0.907968595920867, 0.41603196479931004], [-0.9907539216057573, -0.09777129743663954, 0.0940608325519749], [0.12608026703690722, -0.40747245577958663, 0.9044722019193605]], "trans": [-456.30549226884824, 511.7079395886233, 232.2455259609514]}], "rb_4XMM.renamed.noAb_Nup120_2-711_3F7F_updated_1.pdb_45": [{"rot": [[-0.7314997603347804, 0.56671400891746, 0.3791349795611868], [-0.6579881768674183, -0.7325076223747227, -0.17459708550151481], [0.1787726481675859, -0.3771840601876401, 0.9087202677433341]], "trans": [-273.8699759710904, 835.4703629805406, 216.1702668869824]}], "rb_4XMM.renamed.noAb_Nup120_2-711_3F7F_updated_1.pdb_46": [{"rot": [[-0.9789316090627124, -0.12209947137678198, 0.16366008636011592], [0.06056844097642902, -0.9390810768574472, -0.33831670819801885], [0.19499838136655145, -0.3212762832481866, 0.9266915242337427]], "trans": [83.3975910649583, 934.9028336137916, 187.2512819524846]}], "rb_4XMM.renamed.noAb_Nup120_2-711_3F7F_updated_1.pdb_47": [{"rot": [[-0.647450702654311, -0.7549551959354195, -0.10416448417072122], [0.7439753335445471, -0.5964780185631252, -0.3011887721152453], [0.16525220334301155, -0.2725006889920125, 0.9478581559437886]], "trans": [406.2067439361495, 751.7565249887617, 162.453725190961]}], "rb_4XMM.renamed.noAb_Nup120_2-711_3F7F_updated_1.pdb_48": [{"rot": [[0.06875677003560199, -0.9611173580462868, -0.2674433222879158], [0.9918831071333474, 0.09459985025630768, -0.08496334571438174], [0.10695984460426614, -0.2594307082702639, 0.9598204515682198]], "trans": [505.45324262074746, 393.3212438561245, 156.3283599000489]}], "rb_4XMM.renamed.noAb_Nup120_2-711_3F7F_updated_1.pdb_49": [{"rot": [[0.7501263729799106, -0.619813256258352, -0.23052538239079773], [0.6590638924749033, 0.7293093698484776, 0.1836916674404338], [0.054269790821730404, -0.28972292007646905, 0.9555707296618763]], "trans": [322.9990021529473, 69.57354863602222, 172.48751633600187]}]}
