{"rb_ScNup133N_56-480_renamed_1.pdb_0": [{"rot": [[-0.6822336284203555, -0.47611725777635744, 0.5548600121651555], [0.40472658191870076, -0.8779532958660493, -0.2557232960962788], [0.6088954509115667, 0.05010356399959491, 0.7916665729546354]], "trans": [949.2181594288076, 205.0040804884659, -292.9166205199195]}], "rb_ScNup133N_56-480_renamed_1.pdb_1": [{"rot": [[-0.18629877395076044, -0.9554970139334977, 0.22873177127065472], [0.8020675910127268, -0.28236445713794045, -0.5262678907098888], [0.5674331205274176, 0.08541527796222309, 0.8189773403575655]], "trans": [495.95981761416493, -402.211107409143, -253.79349717079145]}], "rb_ScNup133N_56-480_renamed_1.pdb_2": [{"rot": [[0.44459191069331855, -0.874767425333996, -0.1926654730889635], [0.7311221779989437, 0.47865978650627544, -0.48615344246425507], [0.5174924093976097, 0.07527788756531764, 0.8523701343076013]], "trans": [-252.6810603840093, -509.8792944712808, -193.55708871582038]}], "rb_ScNup133N_56-480_renamed_1.pdb_3": [{"rot": [[0.8408537668887264, -0.28122102326663967, -0.4624712734666895], [0.2334511661511489, 0.9593007026979814, -0.15887956075538978], [0.488329290266011, 0.025630019040590257, 0.8722829852704173]], "trans": [-858.138179058741, -54.92682180032989, -147.47072766010075]}], "rb_ScNup133N_56-480_renamed_1.pdb_4": [{"rot": [[0.7703510119840207, 0.47743434093324466, -0.4226295877394662], [-0.3994027486289522, 0.8779920656951579, 0.2638320999499214], [0.4970279295198921, -0.03444390619522762, 0.8670506643807969]], "trans": [-965.7243080057355, 696.1288540783809, -142.5084492265775]}], "rb_ScNup133N_56-480_renamed_1.pdb_5": [{"rot": [[0.27438515389122264, 0.9567676578767296, -0.09648023717406964], [-0.7967048198229779, 0.28236562150584066, 0.5343510885760914], [0.5384925416335157, -0.06975173569664792, 0.8397383389916043]], "trans": [-512.4120625841614, 1303.3088451452522, -181.55322118854804]}], "rb_ScNup133N_56-480_renamed_1.pdb_6": [{"rot": [[-0.3565000146003076, 0.875978711898553, 0.32491388996244774], [-0.7257098921662647, -0.47865226053100496, 0.49420356726817016], [0.5884325721796902, -0.05960964510134281, 0.806345954419617]], "trans": [236.24376547462623, 1410.9186681906172, -241.70806069821856]}], "rb_ScNup133N_56-480_renamed_1.pdb_7": [{"rot": [[-0.7527230663073562, 0.282394806676869, 0.5946941723363215], [-0.22800779530859458, -0.9592465747660585, 0.16690852008838852], [0.617592447110036, -0.009959014083519305, 0.7864352403797269]], "trans": [841.6719493858782, 955.9190883711752, -287.70940968640053]}], "rb_ScNup133C_490_881_renamed_relative_3CQC_1.pdb_7": [{"rot": [[0.8026090585022748, 0.34263583809810744, -0.48828207182006533], [-0.362459935507173, 0.9302555489248666, 0.05698604080498177], [0.47375256660225484, 0.13124517570295133, 0.8708232940685919]], "trans": [171.12559975193835, 209.96150501467434, -257.4521325859067]}], "rb_ScNup133C_490_881_renamed_relative_3CQC_1.pdb_8": [{"rot": [[0.32283840821045934, 0.9013240594918878, -0.2887737903016758], [-0.7946575102367072, 0.42386579006220176, 0.43457707422198255], [0.5140961034753423, 0.08917809033616339, 0.8530840899908172]], "trans": [-51.46666241790513, 151.70855781348737, -239.385484601261]}], "rb_ScNup133C_490_881_renamed_relative_3CQC_1.pdb_9": [{"rot": [[-0.32118842812075166, 0.9395704549656411, 0.1185130954661745], [-0.7598155583335461, -0.3303686453624104, 0.5599436359810539], [0.5652595076207014, 0.08979932247550504, 0.820010835737759]], "trans": [-249.98223506421016, 268.43352244544957, -224.08924802194286]}], "rb_ScNup133C_490_881_renamed_relative_3CQC_1.pdb_10": [{"rot": [[-0.7521914489901435, 0.43496974677666633, 0.4949841850555896], [-0.27834498649408335, -0.8906065903716934, 0.359644226535211], [0.5972705354859822, 0.13274494557437716, 0.7909783099837433]], "trans": [-308.12598332193284, 491.75738560233566, -220.50016901186552]}], "rb_ScNup133C_490_881_renamed_relative_3CQC_1.pdb_11": [{"rot": [[-0.7176830076298318, -0.31687585534794915, 0.6200974059427268], [0.36770195556306073, -0.9286527574241845, -0.048982935840497954], [0.5913766755922102, 0.1928568080881746, 0.7829941756740859]], "trans": [-191.83456629558526, 690.8539961755507, -230.6967757599602]}], "rb_ScNup133C_490_881_renamed_relative_3CQC_1.pdb_12": [{"rot": [[-0.23787863555771066, -0.8755245966606157, 0.4205596692354871], [0.7998618599189279, -0.42221916540957916, -0.42655829778339327], [0.5510306341685818, 0.23492053337905328, 0.8007356512636776]], "trans": [30.768777551081598, 749.0898692242758, -248.68174735985104]}], "rb_ScNup133C_490_881_renamed_relative_3CQC_1.pdb_13": [{"rot": [[0.40614550082472534, -0.9137121675531213, 0.013262994579058718], [0.7649693611472005, 0.33201824675631963, -0.5518928884547236], [0.49986769116024227, 0.23429459807308997, 0.83380953019733]], "trans": [229.2817840248065, 632.3497259859371, -263.8952289590361]}], "rb_ScNup133C_490_881_renamed_relative_3CQC_1.pdb_14": [{"rot": [[0.8371109816843222, -0.4090677505518864, -0.3631924831297097], [0.28346497701258866, 0.8922165682792166, -0.35156393742149517], [0.46785981997897336, 0.1913456838982058, 0.8628406678540165]], "trans": [287.41464823915334, 409.0217052007529, -267.4009436254355]}], "rb_ScNup84_506-726_ScNup133C_882_1155_renamed_relative_3CQC_new_1.pdb_14": [{"rot": [[-0.9341307065195583, 0.2727017997012132, -0.23029014650434368], [0.30850767948747226, 0.2923884506379609, -0.9051696004787111], [-0.17950719995177847, -0.916592997122089, -0.3572596293904758]], "trans": [1093.0445402309256, 302.1202124979848, 771.4650118162042]}], "rb_ScNup84_506-726_ScNup133C_882_1155_renamed_relative_3CQC_new_1.pdb_15": [{"rot": [[-0.4482984715178742, 0.3813404531157343, -0.8084602273780854], [0.8661478695851557, -0.03823752959879928, -0.4983229468359637], [-0.2209442202182157, -0.9236435189767039, -0.31315539497906986]], "trans": [687.4320271235354, -373.5964757891835, 807.1237597387615]}], "rb_ScNup84_506-726_ScNup133C_882_1155_renamed_relative_3CQC_new_1.pdb_16": [{"rot": [[0.2884398045955511, 0.22513168550105384, -0.9306547175555153], [0.9156714011494451, -0.3489938124288965, 0.19937202412414157], [-0.2799077781018122, -0.9096807368905863, -0.30681035296793335]], "trans": [-75.79205649894573, -563.4806679386163, 868.9225596693153]}], "rb_ScNup84_506-726_ScNup133C_882_1155_renamed_relative_3CQC_new_1.pdb_17": [{"rot": [[0.84449245166378, -0.1044152045305255, -0.5252903617483836], [0.4280666911081848, -0.45783498570687253, 0.7791957609140842], [-0.3218561900081915, -0.8828842454850111, -0.34194151843228193]], "trans": [-749.5183676516256, -156.29541002688666, 920.6828081466548]}], "rb_ScNup84_506-726_ScNup133C_882_1155_renamed_relative_3CQC_new_1.pdb_18": [{"rot": [[0.8941159886919202, -0.4142470021873548, 0.17016468477407504], [-0.31102054617004327, -0.30100035546594567, 0.9014793430076271], [-0.3222154847699883, -0.858951807255893, -0.39796855929366753]], "trans": [-939.0666203810132, 609.4245493443567, 932.1066266944372]}], "rb_ScNup84_506-726_ScNup133C_882_1155_renamed_relative_3CQC_new_1.pdb_19": [{"rot": [[0.4082402479970154, -0.5228598717737164, 0.7483030498428483], [-0.8686225859576074, 0.02963414053046306, 0.49458732381586573], [-0.28077518244968613, -0.8519033819652284, -0.4420700450342138]], "trans": [-533.3948622686062, 1285.1097781191913, 896.5257862327167]}], "rb_ScNup84_506-726_ScNup133C_882_1155_renamed_relative_3CQC_new_1.pdb_20": [{"rot": [[-0.3285019106739153, -0.36662686284445883, 0.8704431274497018], [-0.9180882911581918, 0.34037815258126347, -0.2031172146411957], [-0.2218115964547805, -0.8658680365310853, -0.4484107034761604]], "trans": [229.85058415082167, 1474.9344589147736, 834.8080496950063]}], "rb_ScNup84_506-726_ScNup133C_882_1155_renamed_relative_3CQC_new_1.pdb_21": [{"rot": [[-0.8845165427070034, -0.037071474915766955, 0.4650335379574462], [-0.43043995419885095, 0.44919345693652674, -0.7829091161014182], [-0.17986642684764978, -0.892665079407155, -0.4132760875009304]], "trans": [903.5516879432388, 1067.6967339882317, 783.1325422663682]}], "rb_4XMM.renamed.noAb_Nup145c_149-550_Sec13_Nup84_7-436_3IKO_updated_1.pdb_21": [{"rot": [[0.9935390726128528, -0.05358268937235493, 0.1000450228208213], [0.05499748736258726, 0.9984210056647078, -0.011435551201230564], [-0.09927430470869582, 0.01686389181356528, 0.9949171933269148]], "trans": [-5.035347527100271, -27.44254801160372, 46.90863408792916]}], "rb_4XMM.renamed.noAb_Nup145c_149-550_Sec13_Nup84_7-436_3IKO_updated_1.pdb_22": [{"rot": [[0.7411717008381726, 0.6662228319524496, 0.08253270904259115], [-0.6670398721793666, 0.7447178242353043, -0.02128781785832308], [-0.07564600980610382, -0.03927467952120031, 0.9963609691015212]], "trans": [-337.7050462952633, 125.52298588107374, 72.72145772410227]}], "rb_4XMM.renamed.noAb_Nup145c_149-550_Sec13_Nup84_7-436_3IKO_updated_1.pdb_23": [{"rot": [[0.05369611350968251, 0.9965552923636132, 0.06320028999956512], [-0.9983719908342903, 0.05479786506424733, -0.01582914722834189], [-0.019237861407424388, -0.062247435661835784, 0.9978753235960867]], "trans": [-465.1991631169249, 469.6252813158256, 81.25054642357998]}], "rb_4XMM.renamed.noAb_Nup145c_149-550_Sec13_Nup84_7-436_3IKO_updated_1.pdb_24": [{"rot": [[-0.6661547969098064, 0.743901278864584, 0.05337296935425636], [-0.7448998417112562, -0.6671740318946335, 0.0017426944664141845], [0.03690545180050369, -0.03859661214529532, 0.9985731265952964]], "trans": [-312.82793335164484, 803.2844785797877, 67.52344466724412]}], "rb_4XMM.renamed.noAb_Nup145c_149-550_Sec13_Nup84_7-436_3IKO_updated_1.pdb_25": [{"rot": [[-0.9966822171987206, 0.056269074984684635, 0.05880773010590785], [-0.055110983723841246, -0.9982565495990785, 0.021133874598189082], [0.05989438531975987, 0.017822805135820085, 0.9980455952631913]], "trans": [30.149341508999726, 931.0384321162294, 39.605687117277455]}], "rb_4XMM.renamed.noAb_Nup145c_149-550_Sec13_Nup84_7-436_3IKO_updated_1.pdb_26": [{"rot": [[-0.7442585241151887, -0.6635166786291655, 0.0763208127760755], [0.6669065440960298, -0.7444968809143249, 0.030984766430149233], [0.03626169775080129, 0.07395952602444937, 0.99660176489231]], "trans": [362.81365121133166, 778.0471914079376, 13.875894688018434]}], "rb_4XMM.renamed.noAb_Nup145c_149-550_Sec13_Nup84_7-436_3IKO_updated_1.pdb_27": [{"rot": [[-0.056757076241615745, -0.9937953385308473, 0.09565280660210945], [0.9981846935043341, -0.05455101776722937, 0.025524578629557558], [-0.020148249307581377, 0.09692786789626895, 0.9950874516719229]], "trans": [490.2874659042219, 433.9352992335033, 5.430947475786866]}], "rb_4XMM.renamed.noAb_Nup145c_149-550_Sec13_Nup84_7-436_3IKO_updated_1.pdb_28": [{"rot": [[0.663074084487244, -0.741085008820851, 0.10547875701960611], [0.7446560535557808, 0.667401024973969, 0.007951966198648637], [-0.07628971348833403, 0.07327265222914658, 0.9943897616383495]], "trans": [337.896740899052, 100.28847080156925, 19.242019532450286]}], "rb_4XMM.renamed.noAb_Seh1_Nup85_47_544_3F3F_1.pdb_28": [{"rot": [[0.7160725923368256, -0.6709571675049357, 0.19250070617473383], [0.28075125141714385, 0.5293299569448973, 0.8006175938039459], [-0.6390765035046472, -0.519255501708423, 0.567410738895386]], "trans": [432.26843806529877, -109.68586098983656, 708.338782793129]}], "rb_4XMM.renamed.noAb_Seh1_Nup85_47_544_3F3F_1.pdb_29": [{"rot": [[0.692946761446316, -0.11276276188465664, 0.7121161038294285], [-0.34295320772638416, 0.8172468454177796, 0.46313139708388407], [-0.6341986148764792, -0.565147903815303, 0.5276362039340393]], "trans": [-72.58687811648724, -202.7293584055098, 749.0728164210104]}], "rb_4XMM.renamed.noAb_Seh1_Nup85_47_544_3F3F_1.pdb_30": [{"rot": [[0.23694313455929283, 0.4850358847057003, 0.8417827163425096], [-0.7673953180120909, 0.6247942017944305, -0.14400219198741668], [-0.5957871909317429, -0.6118597845518348, 0.520254963618651]], "trans": [-495.28945615598747, 89.62964654515483, 781.3836029630634]}], "rb_4XMM.renamed.noAb_Seh1_Nup85_47_544_3F3F_1.pdb_31": [{"rot": [[-0.3848049340426869, 0.7722398961325873, 0.5055400138045778], [-0.7439309066008549, 0.06471349829168255, -0.6651157563483827], [-0.5463441854183424, -0.63202666554504, 0.5495910526014636]], "trans": [-588.2122523920486, 596.123243295268, 786.3670329820497]}], "rb_4XMM.renamed.noAb_Seh1_Nup85_47_544_3F3F_1.pdb_32": [{"rot": [[-0.8080686591248158, 0.5806011129255726, -0.09963628761554061], [-0.2863057565455786, -0.5348920918406345, -0.7949336222951022], [-0.5148340081124052, -0.6138345035560764, 0.5984589763174909]], "trans": [-296.91786923889543, 1020.0404581040779, 761.1277478076702]}], "rb_4XMM.renamed.noAb_Seh1_Nup85_47_544_3F3F_1.pdb_33": [{"rot": [[-0.7848941825154594, 0.022384236394169144, -0.6192253775600902], [0.3373968667367409, -0.8227651594641888, -0.45740665352407756], [-0.5197157651732496, -0.5679405235875633, 0.6382312160161596]], "trans": [207.9512497408162, 1113.044726099035, 720.4752814701837]}], "rb_4XMM.renamed.noAb_Seh1_Nup85_47_544_3F3F_1.pdb_34": [{"rot": [[-0.3288574393724991, -0.5753994163315682, -0.7488446409333858], [0.7618031723203328, -0.630265602554849, 0.1497370925283653], [-0.5581296544818579, -0.5212300662101732, 0.6456086328934102]], "trans": [630.6375693334575, 820.652952523694, 688.248426851052]}], "rb_4XMM.renamed.noAb_Seh1_Nup85_47_544_3F3F_1.pdb_35": [{"rot": [[0.29288881605284073, -0.8625597527353988, -0.41256128561973726], [0.7382899622654202, -0.0701623757938587, 0.6708242486978861], [-0.6075722780454086, -0.5010667759730301, 0.6162694321209707]], "trans": [723.5273969838167, 314.15247785767696, 683.3501346859991]}], "rb_4XMM.renamed.noAb_Nup120_715-1036_Nup85_553-744_Nup145c_92-99_554-712_remaining_updated_1.pdb_35": [{"rot": [[0.993144067908344, -0.07376867966099758, 0.09068099183146879], [0.06929097861885782, 0.9962623142537713, 0.05157675328827798], [-0.09414680377212374, -0.04493977190409435, 0.9945435114869033]], "trans": [12.166135018903105, -53.611285095091716, 77.53790321599578]}], "rb_4XMM.renamed.noAb_Nup120_715-1036_Nup85_553-744_Nup145c_92-99_554-712_remaining_updated_1.pdb_36": [{"rot": [[0.7510697943654943, 0.6491684825318071, 0.12030978879178321], [-0.656359222076333, 0.7538579329789525, 0.029846079810432823], [-0.0713213543556462, -0.10138292840538074, 0.9922876428943497]], "trans": [-343.3533706520926, 96.66031184398824, 105.18510522455611]}], "rb_4XMM.renamed.noAb_Nup120_715-1036_Nup85_553-744_Nup145c_92-99_554-712_remaining_updated_1.pdb_37": [{"rot": [[0.06832852982566467, 0.9896806104966928, 0.12595039189599858], [-0.9975464273993723, 0.06970274231267043, -0.00653091852967979], [-0.0152426111480643, -0.12519511540386008, 0.9920150431744481]], "trans": [-488.90960953531913, 455.0671025432357, 115.08425876955957]}], "rb_4XMM.renamed.noAb_Nup120_715-1036_Nup85_553-744_Nup145c_92-99_554-712_remaining_updated_1.pdb_38": [{"rot": [[-0.6551202662918828, 0.7482908984508245, 0.1042984563131617], [-0.7543983617324279, -0.6554155004645787, -0.03624408318874528], [0.04123770736934129, -0.10242681800398645, 0.993885405086772]], "trans": [-339.23177121074997, 811.6494522704619, 101.46030502746515]}], "rb_4XMM.renamed.noAb_Nup120_715-1036_Nup85_553-744_Nup145c_92-99_554-712_remaining_updated_1.pdb_39": [{"rot": [[-0.9954700885934638, 0.06640884330561252, 0.0680379911999902], [-0.06935459033092271, -0.9967123045666593, -0.04188702335386143], [0.06503263423658327, -0.04641602585559921, 0.99680304425098]], "trans": [17.998669512825472, 957.5165095395065, 72.31835309932552]}], "rb_4XMM.renamed.noAb_Nup120_715-1036_Nup85_553-744_Nup145c_92-99_554-712_remaining_updated_1.pdb_40": [{"rot": [[-0.7533392122423177, -0.6565094324979006, 0.038410888292338005], [0.6562765864009652, -0.7542511898656347, -0.020154025110846865], [0.04220276578636248, 0.010025349248607127, 0.9990587665059661]], "trans": [373.51299684958616, 807.2174122718345, 44.754174227353985]}], "rb_4XMM.renamed.noAb_Nup120_715-1036_Nup85_553-744_Nup145c_92-99_554-712_remaining_updated_1.pdb_41": [{"rot": [[-0.07057131865030264, -0.9969682098463284, 0.032773122215658736], [0.997410193734104, -0.07006929605508261, 0.016223414734265244], [-0.013877839142036589, 0.03383315394919953, 0.999331137949076]], "trans": [519.0478184329063, 448.7996076592997, 34.93925795085994]}], "rb_4XMM.renamed.noAb_Nup120_715-1036_Nup85_553-744_Nup145c_92-99_554-712_remaining_updated_1.pdb_42": [{"rot": [[0.6528585330890795, -0.755521936500201, 0.0544273758301728], [0.7542053545088778, 0.655029976506073, 0.045934878998306436], [-0.07035637144502827, 0.011060440562524709, 0.9974605995484982]], "trans": [369.3486970775565, 92.22941613014939, 48.64732551611979]}], "rb_4XMM.renamed.noAb_Nup120_2-711_3F7F_updated_1.pdb_42": [{"rot": [[0.9787930631023267, 0.20309307303268745, 0.026783265463825735], [-0.19905649407715773, 0.9120616015294849, 0.35849706718630664], [0.04838028305494655, -0.3562258254276524, 0.9331465637883005]], "trans": [-115.5685355577915, 64.29897379965689, 202.3311202292881]}], "rb_4XMM.renamed.noAb_Nup120_2-711_3F7F_updated_1.pdb_43": [{"rot": [[0.5545311949782082, 0.7799329633618005, 0.2901718912260839], [-0.8277841687194966, 0.48126764354474505, 0.2883657838479833], [0.08525563801540645, -0.4001075204723976, 0.9124940812125949]], "trans": [-348.317295510137, 277.2454041729931, 219.88779094297507]}], "rb_4XMM.renamed.noAb_Nup120_2-711_3F7F_updated_1.pdb_44": [{"rot": [[-0.1887633809315437, 0.8843062233864394, 0.4270490478847915], [-0.9712289691391354, -0.2324101741308418, 0.051959604169061396], [0.14519874491271145, -0.4049543359941783, 0.9027343519747595]], "trans": [-362.85056528140416, 592.8639640298089, 219.5517874984887]}], "rb_4XMM.renamed.noAb_Nup120_2-711_3F7F_updated_1.pdb_45": [{"rot": [[-0.8156582216054757, 0.4550695257212041, 0.3572301671013687], [-0.5453589086785637, -0.8108893230456873, -0.212231398467413], [0.19309408652861293, -0.36792693912023644, 0.9095847630745005]], "trans": [-150.6526371812172, 826.2609675794668, 201.54395035244428]}], "rb_4XMM.renamed.noAb_Nup120_2-711_3F7F_updated_1.pdb_46": [{"rot": [[-0.9589094901595451, -0.2563242199041728, 0.12161613368496363], [0.20034532647656253, -0.9152885612094753, -0.34944040962385614], [0.20088389642019908, -0.3107165010256231, 0.9290322470987932]], "trans": [163.96986385781167, 840.7092760400067, 176.4375293166848]}], "rb_4XMM.renamed.noAb_Nup120_2-711_3F7F_updated_1.pdb_47": [{"rot": [[-0.5345985736318918, -0.8331305266505327, -0.1417670294312223], [0.829039680942655, -0.48444934287660135, -0.27928845591776624], [0.16400479411665922, -0.2668377030133398, 0.9496841936966821]], "trans": [396.7085538890187, 627.7449833892742, 158.9642247356813]}], "rb_4XMM.renamed.noAb_Nup120_2-711_3F7F_updated_1.pdb_48": [{"rot": [[0.208707210291662, -0.9374481270569329, -0.2786257515911276], [0.972426137283079, 0.22923664302055896, -0.04287154097271832], [0.10406107774274959, -0.2619953636500342, 0.9594424013586766]], "trans": [411.2237400158574, 312.1256918537748, 159.38414970776685]}], "rb_4XMM.renamed.noAb_Nup120_2-711_3F7F_updated_1.pdb_49": [{"rot": [[0.8355688527771452, -0.5081662999271386, -0.20878626364549735], [0.5465068876245798, 0.8076820829710478, 0.22131397295797808], [0.05616862155670711, -0.29902619361171556, 0.9525903744456525]], "trans": [199.01413488036496, 78.74574944219387, 177.47531116453825]}]}
