{"rb_ScNup133N_56-480_renamed_1.pdb_0": [{"rot": [[-0.7114014534184231, -0.3710217124284914, 0.5968675405655679], [0.33261570174575966, -0.925897654298947, -0.17910982305805695], [0.6190918890006039, 0.07110852740946355, 0.7820925842272937]], "trans": [937.9660509389663, 233.46058390797484, -300.32993921079975]}], "rb_ScNup133N_56-480_renamed_1.pdb_1": [{"rot": [[-0.2576129209281541, -0.914375394457985, 0.31233511006717446], [0.7722217353917101, -0.38912358381467244, -0.5022513592891972], [0.5807832421476065, 0.11180552101320815, 0.8063438169363519]], "trans": [507.8977112965035, -374.586439344303, -263.05115535636025]}], "rb_ScNup133N_56-480_renamed_1.pdb_2": [{"rot": [[0.3732572149126177, -0.920356950948169, -0.11671389958813705], [0.7610467702008974, 0.3757094476147041, -0.528819652187625], [0.5305533574320896, 0.10856101424750828, 0.8406709469840705]], "trans": [-224.92569580504454, -499.29252580291967, -203.99259984827557]}], "rb_ScNup133N_56-480_renamed_1.pdb_3": [{"rot": [[0.811636333259453, -0.3854623017671476, -0.43893652895324897], [0.30563725834910893, 0.920551466032111, -0.24325062116051172], [0.49782760956177785, 0.0632756849232566, 0.8649646575759629]], "trans": [-831.2039723362868, -67.60297486941914, -157.7276023276279]}], "rb_ScNup133N_56-480_renamed_1.pdb_4": [{"rot": [[0.800715765439207, 0.37695972558028334, -0.46557021840700463], [-0.32722148684676, 0.9262263347761717, 0.18716536889312213], [0.5017772030721446, 0.002478317481743056, 0.8649933505059788]], "trans": [-955.7688420422592, 667.5925044918649, -151.33484577729132]}], "rb_ScNup133N_56-480_renamed_1.pdb_5": [{"rot": [[0.3468929340609862, 0.9202715573234135, -0.18101257713237295], [-0.7667918891426628, 0.3894096357209663, 0.5102845621343983], [0.5400884103955484, -0.03821513298691276, 0.8407402170511448]], "trans": [-525.6465345452764, 1275.606151010013, -188.53529222113355]}], "rb_ScNup133N_56-480_renamed_1.pdb_6": [{"rot": [[-0.2839763473519252, 0.9261934617302895, 0.24803851634922502], [-0.7555674089309868, -0.37542383971150944, 0.5368191791819523], [0.5903179860939161, -0.03496586942052066, 0.8064130847584836]], "trans": [207.1931510376574, 1400.2551143574574, -247.5123907048703]}], "rb_ScNup133N_56-480_renamed_1.pdb_7": [{"rot": [[-0.722319958490976, 0.3912563037005117, 0.570238881855851], [-0.3001235049849035, -0.9202238574609075, 0.25122486723122694], [0.6230407364861266, 0.01032264376911049, 0.7821212717376025]], "trans": [813.4443071917563, 968.5183910500624, -293.69252045845377]}], "rb_ScNup133C_490_881_renamed_relative_3CQC_1.pdb_7": [{"rot": [[0.8648996525077476, 0.24376522211181825, -0.4387791102374305], [-0.26116225182943176, 0.9650587489955881, 0.021351562154764102], [0.42865238750222273, 0.0961255817971689, 0.8983412509802707]], "trans": [146.34207055584807, 154.79287022794364, -231.4504499401104]}], "rb_ScNup133C_490_881_renamed_relative_3CQC_1.pdb_8": [{"rot": [[0.4375210595663013, 0.8550721411031579, -0.2782569962197531], [-0.7695278280108826, 0.5161327096297517, 0.3760770505722213], [0.4651905462848872, 0.04958487228489131, 0.8838207375297642]], "trans": [-107.4160361997491, 131.66303634850837, -211.07058169352655]}], "rb_ScNup133C_490_881_renamed_relative_3CQC_1.pdb_9": [{"rot": [[-0.22313572661009207, 0.9710450303524163, 0.08533461512222648], [-0.8256874749403758, -0.23481057439124076, 0.5129368264032516], [0.5181222261559236, 0.043994808579284284, 0.8541743472976108]], "trans": [-303.2192244133759, 295.32135047760113, -196.21889185615134]}], "rb_ScNup133C_490_881_renamed_relative_3CQC_1.pdb_10": [{"rot": [[-0.7300486454186165, 0.5237453361196396, 0.43899863122265675], [-0.3967420795955922, -0.8478579389875877, 0.35175650324319796], [0.5564393027101924, 0.08263012881899062, 0.8267693536959078]], "trans": [-326.361312265272, 549.8945814113498, -195.57170484235849]}], "rb_ScNup133C_490_881_renamed_relative_3CQC_1.pdb_11": [{"rot": [[-0.786260961549083, -0.22479247378792305, 0.5755536847872785], [0.26602609730041926, -0.963877594010908, -0.013042212958223318], [0.5576950922314236, 0.14285771764957506, 0.8176599883869424]], "trans": [-163.28342504909432, 746.2502577813873, -209.48414702897855]}], "rb_ScNup133C_490_881_renamed_relative_3CQC_1.pdb_12": [{"rot": [[-0.35884270761860715, -0.8360643959433013, 0.4150039000116814], [0.7743581126906808, -0.5149035896714051, -0.36775509058832123], [0.5211539355114475, 0.18939540432507862, 0.8321826460107578]], "trans": [90.48302484497412, 769.3605725502885, -229.78210871646814]}], "rb_ScNup133C_490_881_renamed_relative_3CQC_1.pdb_13": [{"rot": [[0.3018184766229577, -0.9519787194137729, 0.05140160456937551], [0.8304659044781605, 0.23604877175537853, -0.5045863244798101], [0.46822215738713624, 0.19498075580960922, 0.86182974896185]], "trans": [286.27998630130884, 605.6872942661724, -244.5507528458495]}], "rb_ScNup133C_490_881_renamed_relative_3CQC_1.pdb_14": [{"rot": [[0.8086979541242055, -0.5046311991183744, -0.3022498500771709], [0.4014807371138886, 0.8490610085173379, -0.3433782484986577], [0.4299079398217825, 0.15634179445007299, 0.889233606307318]], "trans": [309.4087519008958, 351.1126539362777, -245.11439454706203]}], "rb_ScNup84_506-726_ScNup133C_882_1155_renamed_relative_3CQC_new_1.pdb_14": [{"rot": [[-0.940887548297479, 0.24710503560879318, -0.2316672675099734], [0.2840722531017685, 0.20315260285891362, -0.9370336039701749], [-0.18448191368382244, -0.9474534929633364, -0.26133943865235704]], "trans": [1103.6435554650793, 351.75261148255913, 756.4254736867993]}], "rb_ScNup84_506-726_ScNup133C_882_1155_renamed_relative_3CQC_new_1.pdb_15": [{"rot": [[-0.47041374832196575, 0.2996734012797158, -0.8300040710473205], [0.8533450224067194, -0.08507404614926684, -0.5143585125235792], [-0.22475136956947528, -0.9502411584630712, -0.21570480439574424]], "trans": [729.6391248240168, -346.8374822493375, 789.6761516367867]}], "rb_ScNup84_506-726_ScNup133C_882_1155_renamed_relative_3CQC_new_1.pdb_16": [{"rot": [[0.26366021731393163, 0.1336894125175695, -0.95530645909398], [0.9219852701445804, -0.32608791710476426, 0.20882967211271042], [-0.2835955772616986, -0.9358385604894598, -0.20923608020277096]], "trans": [-27.349780103575114, -575.3103939716566, 851.1657215594112]}], "rb_ScNup84_506-726_ScNup133C_882_1155_renamed_relative_3CQC_new_1.pdb_17": [{"rot": [[0.8313034690977894, -0.15361116968653898, -0.5341705259685473], [0.4497825713630198, -0.3786996861062679, 0.8088771144253523], [-0.32654277019105965, -0.9126829440120746, -0.24572273591469174]], "trans": [-723.8664719282899, -199.82335373422904, 904.8967312922503]}], "rb_ScNup84_506-726_ScNup133C_882_1155_renamed_relative_3CQC_new_1.pdb_18": [{"rot": [[0.8999825863647736, -0.39392361333923354, 0.18669636068744183], [-0.2866400749336715, -0.21208863704675443, 0.9342675620386643], [-0.3284338771841184, -0.8943391956575605, -0.30379037415361826]], "trans": [-951.8797383545912, 559.658152719772, 919.4168026277555]}], "rb_ScNup84_506-726_ScNup133C_882_1155_renamed_relative_3CQC_new_1.pdb_19": [{"rot": [[0.4294643738443312, -0.44646950054331047, 0.785000214447807], [-0.8558758989855787, 0.07614212831892173, 0.5115455227354571], [-0.2881610610997322, -0.8915533418588433, -0.3494221536854879]], "trans": [-577.8142795836311, 1258.219267015531, 886.2438779457691]}], "rb_ScNup84_506-726_ScNup133C_882_1155_renamed_relative_3CQC_new_1.pdb_20": [{"rot": [[-0.3046149652622655, -0.28046670967761206, 0.910246201695389], [-0.9244585288379761, 0.317142963585756, -0.21165247247969632], [-0.22931670544684163, -0.9059573750517503, -0.3558863346524399]], "trans": [179.19899765285646, 1486.6331554820606, 824.8351291644229]}], "rb_ScNup84_506-726_ScNup133C_882_1155_renamed_relative_3CQC_new_1.pdb_21": [{"rot": [[-0.8722214035876912, 0.006837983729384656, 0.4890634571321335], [-0.45221129290824796, 0.3697321813426592, -0.8116668409180268], [-0.1863726634723244, -0.9291132094950083, -0.3193961086990826]], "trans": [875.6929550017924, 1111.0918584150202, 771.188672084374]}], "rb_4XMM.renamed.noAb_Nup145c_149-550_Sec13_Nup84_7-436_3IKO_updated_1.pdb_21": [{"rot": [[0.9993025800401125, -0.032578758803859215, 0.01824768478403966], [0.03302593164659452, 0.9991476206395336, -0.02476529848873662], [-0.017425308147983293, 0.025350673465644256, 0.9995267390074112]], "trans": [9.39407071804635, -10.430062063852347, -1.3764763738230386]}], "rb_4XMM.renamed.noAb_Nup145c_149-550_Sec13_Nup84_7-436_3IKO_updated_1.pdb_22": [{"rot": [[0.7313860482917494, 0.6817934322700964, 0.015236931369007015], [-0.6819234355156206, 0.7309176329049083, 0.02720003682464565], [0.007407864655579007, -0.03028414803243659, 0.9995138788026894]], "trans": [-316.43634807170156, 124.60199784721493, 23.978469118191526]}], "rb_4XMM.renamed.noAb_Nup145c_149-550_Sec13_Nup84_7-436_3IKO_updated_1.pdb_23": [{"rot": [[0.03790778855760074, 0.9980426871892393, 0.049737250776024734], [-0.9972157493308996, 0.034584001897234595, 0.06606584669242511], [0.06421642198913892, -0.05210317994956763, 0.9965748892010367]], "trans": [-451.73377717021657, 451.1770856783458, 33.21480826596576]}], "rb_4XMM.renamed.noAb_Nup145c_149-550_Sec13_Nup84_7-436_3IKO_updated_1.pdb_24": [{"rot": [[-0.6748828565666056, 0.7309057333074415, 0.1015378694419582], [-0.7281483267446273, -0.6819312130349945, 0.06906399168613743], [0.11972110996603863, -0.027324525740343508, 0.9924314717508547]], "trans": [-317.2371615785754, 777.9830270645047, 20.945768265538163]}], "rb_4XMM.renamed.noAb_Nup145c_149-550_Sec13_Nup84_7-436_3IKO_updated_1.pdb_25": [{"rot": [[-0.9894230768190141, 0.03687516483970987, 0.14029325456358036], [-0.03234465775850058, -0.9988832961199487, 0.03443811619462154], [0.1414064997533098, 0.029536129580447927, 0.9895108988166458]], "trans": [8.265398226622665, 913.5724103730859, -5.6172693561902065]}], "rb_4XMM.renamed.noAb_Nup145c_149-550_Sec13_Nup84_7-436_3IKO_updated_1.pdb_26": [{"rot": [[-0.7214507761586584, -0.6774761253745428, 0.1432999550857148], [0.6825836575036747, -0.7305972480620909, -0.017527453694348126], [0.11656898424957303, 0.08516901239064703, 0.9895240832033481]], "trans": [334.09182646466337, 778.5151798467969, -30.889297720393984]}], "rb_4XMM.renamed.noAb_Nup145c_149-550_Sec13_Nup84_7-436_3IKO_updated_1.pdb_27": [{"rot": [[-0.027947906721814242, -0.9936710791746156, 0.10879660344801775], [0.9978215314720714, -0.03423881864699152, -0.056390554425277725], [0.059758730245885905, 0.10698359551639157, 0.9924633013113312]], "trans": [469.37032066032816, 451.92988223006824, -40.041601374536015]}], "rb_4XMM.renamed.noAb_Nup145c_149-550_Sec13_Nup84_7-436_3IKO_updated_1.pdb_28": [{"rot": [[0.6848217721849563, -0.7264782342755775, 0.05699574953711026], [0.7286981727219798, 0.6822554055201293, -0.05938463362026838], [0.004255985562189778, 0.08220058857699832, 0.9966067177299636]], "trans": [334.85474482629206, 125.13490651465531, -27.688626889351838]}], "rb_4XMM.renamed.noAb_Seh1_Nup85_47_544_3F3F_1.pdb_28": [{"rot": [[0.6463286438283609, -0.7392220357148268, 0.1892354778592381], [0.2530482081546319, 0.4416041727812898, 0.860785896104181], [-0.7198790790936468, -0.5084648822640312, 0.4724802376687336]], "trans": [502.8684982376262, -67.82063437805641, 769.0086657685781]}], "rb_4XMM.renamed.noAb_Seh1_Nup85_47_544_3F3F_1.pdb_29": [{"rot": [[0.6223745997098704, -0.22279104487922238, 0.7503425937247584], [-0.31804316724268356, 0.8039481026761879, 0.5025096934125698], [-0.7151911642394752, -0.5513906043132916, 0.4294997090439086]], "trans": [8.178406234477393, -219.38830377196274, 809.2172158180615]}], "rb_4XMM.renamed.noAb_Seh1_Nup85_47_544_3F3F_1.pdb_30": [{"rot": [[0.20287174125499807, 0.39792870386021395, 0.8947043105095058], [-0.704709821971726, 0.6937270334507952, -0.14875103319349495], [-0.6798728729819554, -0.600329534259047, 0.42116187728659926]], "trans": [-448.5869407096729, 24.39391809505036, 844.479364947666]}], "rb_4XMM.renamed.noAb_Seh1_Nup85_47_544_3F3F_1.pdb_31": [{"rot": [[-0.3664292420630878, 0.7593108295434631, 0.5377514990207682], [-0.6804369776923905, 0.17551002157442286, -0.7114785672919356], [-0.6346141583276493, -0.6266125569001614, 0.4523511618036652]], "trans": [-599.8460486242855, 520.7150851191378, 854.1620539021527]}], "rb_4XMM.renamed.noAb_Seh1_Nup85_47_544_3F3F_1.pdb_32": [{"rot": [[-0.7520238070727874, 0.6496525874573056, -0.11140785073670925], [-0.25944400883061625, -0.4471241005358826, -0.8560191849496545], [-0.6059282134689258, -0.6148427069828507, 0.5047964399560976]], "trans": [-356.9872860002953, 978.8233763243132, 832.6170318672556]}], "rb_4XMM.renamed.noAb_Seh1_Nup85_47_544_3F3F_1.pdb_33": [{"rot": [[-0.7280252207080524, 0.13319332199702627, -0.672487038528165], [0.31164546745350824, -0.8094274850067826, -0.4976989543200516], [-0.6106196693758478, -0.5719149285435596, 0.5477745283237794]], "trans": [137.72117304787497, 1130.3526121908587, 792.4896814370147]}], "rb_4XMM.renamed.noAb_Seh1_Nup85_47_544_3F3F_1.pdb_34": [{"rot": [[-0.30849219324141247, -0.4875178470551005, -0.8167979649288167], [0.6982791835911275, -0.6991577007375032, 0.15357308117880009], [-0.6459402050286119, -0.5229769194737006, 0.5561082567498769]], "trans": [594.4740511597986, 886.5349465811057, 757.3111751902927]}], "rb_4XMM.renamed.noAb_Seh1_Nup85_47_544_3F3F_1.pdb_35": [{"rot": [[0.2608069124214878, -0.8488595648408551, -0.45980125446910003], [0.6739616571334265, -0.18091234215694602, 0.716272580215973], [-0.6911985526222763, -0.4966972555123249, 0.5249156096168108]], "trans": [745.7009854611931, 390.2023226335119, 747.7135830045439]}], "rb_4XMM.renamed.noAb_Nup120_715-1036_Nup85_553-744_Nup145c_92-99_554-712_remaining_updated_1.pdb_35": [{"rot": [[0.9941983077679755, -0.019153171237175613, 0.1058436623650815], [0.02714097777341388, 0.996847813364304, -0.07455068286950098], [-0.10408214139225325, 0.07699086323951226, 0.9915842449438361]], "trans": [-19.914699906204532, 8.357908456576638, 18.741544406018875]}], "rb_4XMM.renamed.noAb_Nup120_715-1036_Nup85_553-744_Nup145c_92-99_554-712_remaining_updated_1.pdb_36": [{"rot": [[0.7219054633603962, 0.6907109308507536, 0.0420822049528808], [-0.6874787380709525, 0.7228040008392452, -0.07019516415787079], [-0.07890175328078376, 0.02174365135079712, 0.9966452362576929]], "trans": [-323.57152900187475, 159.70151307043383, 42.24975413234256]}], "rb_4XMM.renamed.noAb_Nup120_715-1036_Nup85_553-744_Nup145c_92-99_554-712_remaining_updated_1.pdb_37": [{"rot": [[0.025563916559605104, 0.9996731884483717, 4.967494022755509e-05], [-0.9994336890098491, 0.02555887960996528, -0.021887095404537857], [-0.021881212084744976, 0.000509873071890753, 0.9997604476009003]], "trans": [-431.6862066855967, 482.07697559976214, 49.339892835919386]}], "rb_4XMM.renamed.noAb_Nup120_715-1036_Nup85_553-744_Nup145c_92-99_554-712_remaining_updated_1.pdb_38": [{"rot": [[-0.6868996361026851, 0.7267391546871611, 0.004369321067207246], [-0.7259762662184617, -0.6864315271512149, 0.04207397557102592], [0.03357604517359271, 0.0257285751148502, 0.9991049442441267]], "trans": [-280.92171701402646, 786.6323213960391, 35.88246219442556]}], "rb_4XMM.renamed.noAb_Nup120_715-1036_Nup85_553-744_Nup145c_92-99_554-712_remaining_updated_1.pdb_39": [{"rot": [[-0.9981139997408123, 0.03179743491431583, 0.05251063372562472], [-0.027301683717646904, -0.9960732000988606, 0.08421875154023457], [0.05498237524496775, 0.08262628623921105, 0.9950627292963677]], "trans": [40.40388952318932, 894.954851456609, 9.7850197286063]}], "rb_4XMM.renamed.noAb_Nup120_715-1036_Nup85_553-744_Nup145c_92-99_554-712_remaining_updated_1.pdb_40": [{"rot": [[-0.7257654120130341, -0.6780453127489827, 0.11627175316767055], [0.6872966367520048, -0.7219736812726524, 0.07985822849898447], [0.02979764814431466, 0.1378715250105958, 0.9900017892692512]], "trans": [344.05545526476095, 743.5878171194959, -13.640179889936064]}], "rb_4XMM.renamed.noAb_Nup120_715-1036_Nup85_553-744_Nup145c_92-99_554-712_remaining_updated_1.pdb_41": [{"rot": [[-0.029399515725370473, -0.9869531979388325, 0.15830051659241018], [0.999196923223053, -0.02470433360419888, 0.03154686232821485], [-0.02722456788815182, 0.15910085159886064, 0.9868868941899164]], "trans": [452.1515248514633, 421.2042781697446, -20.646319528158187]}], "rb_4XMM.renamed.noAb_Nup120_715-1036_Nup85_553-744_Nup145c_92-99_554-712_remaining_updated_1.pdb_42": [{"rot": [[0.6830427283177285, -0.7139636259098384, 0.1539758817800668], [0.7256835900867186, 0.6872646275445184, -0.03241386747897445], [-0.08267985468736688, 0.1338778271550951, 0.9875427935158585]], "trans": [301.36980990408824, 116.66117412719734, -7.105098898234246]}], "rb_4XMM.renamed.noAb_Nup120_2-711_3F7F_updated_1.pdb_42": [{"rot": [[0.9924366878423454, 0.10201708060474925, 0.06827837058247868], [-0.11965810872427933, 0.928132306281624, 0.35249448088286617], [-0.027410903688910738, -0.3579985157807737, 0.9333197228483494]], "trans": [-73.48928837908704, 10.498366059921977, 251.25897561008668]}], "rb_4XMM.renamed.noAb_Nup120_2-711_3F7F_updated_1.pdb_43": [{"rot": [[0.6186804561310563, 0.7195705811966869, 0.31536117687142345], [-0.7856226248286152, 0.5637638414831351, 0.2548870777296769], [0.00562001413379265, -0.4054485290544776, 0.9141005993481764]], "trans": [-355.4471647756195, 212.365271299325, 272.79182473065504]}], "rb_4XMM.renamed.noAb_Nup120_2-711_3F7F_updated_1.pdb_44": [{"rot": [[-0.11513614022693719, 0.899566172984228, 0.42133640910340436], [-0.9912135754716122, -0.13184353542005378, 0.010626851307991764], [0.06511003773938567, -0.4164108339013879, 0.9068421584791506]], "trans": [-412.5991903087991, 555.0593340048925, 275.72106491077597]}], "rb_4XMM.renamed.noAb_Nup120_2-711_3F7F_updated_1.pdb_45": [{"rot": [[-0.7791329922711132, 0.5365599003603867, 0.32412228198615284], [-0.6159928829341985, -0.7511932149740401, -0.23719511367517332], [0.11620907249037905, -0.38446355757368655, 0.9157964972463634]], "trans": [-211.46298923846612, 837.8256570525982, 258.3547108518352]}], "rb_4XMM.renamed.noAb_Nup120_2-711_3F7F_updated_1.pdb_46": [{"rot": [[-0.9843313817183804, -0.15679404378334644, 0.08066820190414703], [0.12022988048344374, -0.9314614220656173, -0.34340121584297423], [0.12898258333325094, -0.328321865000737, 0.935718037743805]], "trans": [130.1349291672076, 895.0158581911211, 230.8902225283386]}], "rb_4XMM.renamed.noAb_Nup120_2-711_3F7F_updated_1.pdb_47": [{"rot": [[-0.6105231987332381, -0.7743191426769603, -0.1664069983280449], [0.7861650392302958, -0.5670444991988193, -0.24577442303947253], [0.09594766750974404, -0.28087435128963834, 0.9549364606543529]], "trans": [412.08360111479266, 693.127228006857, 209.44068935066247]}], "rb_4XMM.renamed.noAb_Nup120_2-711_3F7F_updated_1.pdb_48": [{"rot": [[0.12330945239623686, -0.9542604862846817, -0.27236318265408166], [0.9916983876267134, 0.12857698193237083, -0.0015058870267381508], [0.03645664450158187, -0.26991643898229545, 0.9621933428572451]], "trans": [469.2154324403831, 350.42908948661386, 206.5955551938939]}], "rb_4XMM.renamed.noAb_Nup120_2-711_3F7F_updated_1.pdb_49": [{"rot": [[0.7872770575980177, -0.5912058983481626, -0.175129724313572], [0.616425592161863, 0.7478981494184187, 0.24630843961261137], [-0.014639805589629781, -0.3018674276149134, 0.9532375004359885]], "trans": [268.06370413388987, 67.67896101448196, 224.04554466464594]}]}
