{"rb_ScNup133N_56-480_renamed_1.pdb_0": [{"rot": [[0.6760940393381281, 0.08796765572701176, 0.7315453106386163], [0.4712641682319902, 0.7115860004448902, -0.5211098230809482], [-0.566398211254296, 0.6970703375676953, 0.4396430492697401]], "trans": [-23.494927943265225, -77.20255109969355, 395.83010599834313]}], "rb_ScNup133N_56-480_renamed_1.pdb_1": [{"rot": [[0.8003506970521604, 0.5778051232175996, 0.15993749188860443], [-0.17587990635188538, 0.4813165739245019, -0.8587203352705894], [-0.5731535747683818, 0.6591476278111572, 0.4868463664043833]], "trans": [-378.97427132499115, 123.44491977334289, 423.2290044093271]}], "rb_ScNup133N_56-480_renamed_1.pdb_2": [{"rot": [[0.4320780452572304, 0.7619842311954858, -0.48237806149960494], [-0.7214360878055109, -0.028910980347535586, -0.6918772480919032], [-0.5411455756250543, 0.6469499104449822, 0.5372311228481275]], "trans": [-488.9924767552785, 517.4298758647706, 430.1224520604703]}], "rb_ScNup133N_56-480_renamed_1.pdb_3": [{"rot": [[-0.2129846039808012, 0.532610261281802, -0.819123841701896], [-0.8458098726911942, -0.5201981668701475, -0.11831959450169366], [-0.4891249510352628, 0.66762278029009, 0.5612812178511615]], "trans": [-289.09741489710495, 873.9504915035299, 412.496175021308]}], "rb_ScNup133N_56-480_renamed_1.pdb_4": [{"rot": [[-0.7569504553549412, 0.024053719224960246, -0.6530294225602661], [-0.4761413441525353, -0.7047420246290574, 0.525954464863979], [-0.44756611637451366, 0.7090557787037522, 0.5449077666543682]], "trans": [103.61148183190289, 984.1520799029345, 380.6998998130739]}], "rb_ScNup133N_56-480_renamed_1.pdb_5": [{"rot": [[-0.8811566432117146, -0.4657658019908988, -0.08139525673919196], [0.17101246146626703, -0.4744341596807025, 0.8635201017644668], [-0.4408148229666428, 0.7469768710099675, 0.49770256783449174]], "trans": [459.08171787171267, 783.4771135313961, 353.3843376814187]}], "rb_ScNup133N_56-480_renamed_1.pdb_6": [{"rot": [[-0.5128414313973745, -0.6499051203822755, 0.5609073013816033], [0.7165397199650593, 0.035807833347275775, 0.6966266064279838], [-0.47282607368321744, 0.7591713466483534, 0.4473190924535181]], "trans": [569.0757301591391, 389.4839340015675, 346.57533497367854]}], "rb_ScNup133N_56-480_renamed_1.pdb_7": [{"rot": [[0.13223093576275222, -0.42049282687111267, 0.8976083567888882], [0.840862871380904, 0.5270770005269863, 0.12304254162092582], [-0.5248472264958335, 0.738495509847837, 0.4232726907966251]], "trans": [369.1593887198983, 32.97941798103329, 364.2857063841724]}], "rb_ScNup133C_490_881_renamed_relative_3CQC_1.pdb_7": [{"rot": [[0.8332004247925271, 0.35669299232411317, -0.42254841302792806], [-0.25577503543520524, 0.9260821241653554, 0.2774004876518792], [0.4902613419123211, -0.12305286883389197, 0.8628451819985303]], "trans": [135.6302495169893, 77.00242336529865, -202.09713734186482]}], "rb_ScNup133C_490_881_renamed_relative_3CQC_1.pdb_8": [{"rot": [[0.4200640251947346, 0.9033203235259554, -0.0869402544403817], [-0.7398294337485182, 0.39636043747173344, 0.5436458521561262], [0.5255460243371097, -0.16404510572454445, 0.834799724240059]], "trans": [-169.27126959491574, 85.89745428002831, -177.7966385380857]}], "rb_ScNup133C_490_881_renamed_relative_3CQC_1.pdb_9": [{"rot": [[-0.21338152302418006, 0.9165887283426372, 0.3381322651080572], [-0.7889082335893424, -0.365810010026521, 0.4937679976865017], [0.5762743483852304, -0.16139436061901533, 0.8011614916816424]], "trans": [-378.6774668332097, 308.4704009016329, -162.14735215797032]}], "rb_ScNup133C_490_881_renamed_relative_3CQC_1.pdb_10": [{"rot": [[-0.696054886135347, 0.38872538814803925, 0.6036556701433876], [-0.3742603819998459, -0.913939023581621, 0.1569860746690602], [0.6127289465599252, -0.11665347737562962, 0.7816362352550802]], "trans": [-369.9133258890551, 614.3350096158088, -164.29284591674173]}], "rb_ScNup133C_490_881_renamed_relative_3CQC_1.pdb_11": [{"rot": [[-0.7451992023338246, -0.37103990949874677, 0.5540826061159019], [0.2612075630241373, -0.9269248984338976, -0.26940831776746677], [0.6135542012406232, -0.05603229624481623, 0.7876621254811674]], "trans": [-148.11109076266132, 824.3115967419881, -182.9522544178629]}], "rb_ScNup133C_490_881_renamed_relative_3CQC_1.pdb_12": [{"rot": [[-0.3320250382556869, -0.9176259405455364, 0.21845367291310427], [0.7452295191895325, -0.3971603259940524, -0.5356273323728283], [0.5782666665992809, -0.01504355989165973, 0.8157091109004105]], "trans": [156.79627513667867, 815.393033666956, -207.17062816253076]}], "rb_ScNup133C_490_881_renamed_relative_3CQC_1.pdb_13": [{"rot": [[0.30142435502638004, -0.9308349011420831, -0.20661496802684845], [0.7942585998650702, 0.36501113752218234, -0.4857161167030979], [0.5275382779830349, -0.017699048013021718, 0.8493468719917225]], "trans": [366.19165101053636, 592.8040571869851, -222.73649743086264]}], "rb_ScNup133C_490_881_renamed_relative_3CQC_1.pdb_14": [{"rot": [[0.7840653912912957, -0.4029287959245851, -0.47211211337349457], [0.37957287828098196, 0.9130987021693605, -0.14891336464574437], [0.49108644071356133, -0.062443138225025806, 0.8688699340153808]], "trans": [357.4101865364697, 286.9405450237906, -220.5071516255261]}], "rb_ScNup84_506-726_ScNup133C_882_1155_renamed_relative_3CQC_new_1.pdb_14": [{"rot": [[0.9904710153015821, 0.13112326104977862, 0.04211719671493986], [-0.1371634557923192, 0.9666968536935903, 0.21606336907033027], [-0.012383628004822803, -0.21978144478227654, 0.9754705337870813]], "trans": [-46.09339376505113, 29.631552173110947, 79.48976864953599]}], "rb_ScNup84_506-726_ScNup133C_882_1155_renamed_relative_3CQC_new_1.pdb_15": [{"rot": [[0.6052428943192878, 0.7701251975615778, 0.2014651805070839], [-0.795749759672204, 0.5784810265649438, 0.17928196196493928], [0.021525771940646546, -0.2688250025297296, 0.9629484717040937]], "trans": [-325.9320739939727, 196.69294725837574, 101.02304995564398]}], "rb_ScNup84_506-726_ScNup133C_882_1155_renamed_relative_3CQC_new_1.pdb_16": [{"rot": [[-0.1314876764545576, 0.9484828405482362, 0.2882556020724144], [-0.9879880043894007, -0.14919668657378027, 0.04024986829859328], [0.08118309013107651, -0.279500715385406, 0.9567071944831476]], "trans": [-406.1192279878889, 513.2825312402515, 105.91534312412466]}], "rb_ScNup84_506-726_ScNup133C_882_1155_renamed_relative_3CQC_new_1.pdb_17": [{"rot": [[-0.7881335407595877, 0.5617117679054032, 0.25164540871301655], [-0.601262315629325, -0.7900524211101623, -0.1195859511064417], [0.13164022840232661, -0.24555460023089914, 0.960402930322282]], "trans": [-239.67817695902858, 793.9377787042006, 91.32467873673488]}], "rb_ScNup84_506-726_ScNup133C_882_1155_renamed_relative_3CQC_new_1.pdb_18": [{"rot": [[-0.9800222925792291, -0.16361207254062535, 0.11308136790255216], [0.13787794530015932, -0.9686638516869326, -0.2065914195576424], [0.14333868370944905, -0.1868727699639429, 0.9718706650570564]], "trans": [75.88947792034605, 874.2470052420315, 65.82247862116196]}], "rb_ScNup84_506-726_ScNup133C_882_1155_renamed_relative_3CQC_new_1.pdb_19": [{"rot": [[-0.5947427954661353, -0.8025837479904154, -0.046263751499233376], [0.796433991668881, -0.5803978838510482, -0.16979750685919048], [0.10942533598531162, -0.13783186816872695, 0.9843924379847802]], "trans": [355.7216682572271, 707.1640503829686, 44.37229608731678]}], "rb_ScNup84_506-726_ScNup133C_882_1155_renamed_relative_3CQC_new_1.pdb_20": [{"rot": [[0.1420027887299335, -0.9808846414648564, -0.13304333178059058], [0.9886144058737893, 0.14729380388908292, -0.03075860586400806], [0.049767102504916935, -0.12716074659360407, 0.9906328179673942]], "trans": [435.8906646576507, 390.56858174829415, 39.56395541228608]}], "rb_ScNup84_506-726_ScNup133C_882_1155_renamed_relative_3CQC_new_1.pdb_21": [{"rot": [[0.7986185086741835, -0.594063575524023, -0.09642067122061843], [0.6018371915298087, 0.7881191604024953, 0.12907433477642294], [-0.0006873823778277208, -0.16111069872009542, 0.9869361024217258]], "trans": [269.4342519866624, 109.92680565548733, 54.23825526229285]}], "rb_4XMM.renamed.noAb_Nup145c_149-550_Sec13_Nup84_7-436_3IKO_updated_1.pdb_21": [{"rot": [[0.9995042049560369, -0.0129017222721777, 0.028720895487735747], [0.01325642475489045, 0.999837773448287, -0.01219401446182377], [-0.02855891240792922, 0.01256870511981379, 0.9995130895459513]], "trans": [-3.6704331842214515, -3.443375803399249, 9.925370796795562]}], "rb_4XMM.renamed.noAb_Nup145c_149-550_Sec13_Nup84_7-436_3IKO_updated_1.pdb_22": [{"rot": [[0.7173715906414693, 0.6959771739462173, 0.031524185736829746], [-0.6966858347165978, 0.7168017443978616, 0.02870726272957366], [-0.002616991740621499, -0.04255622838110102, 0.9990906459276905]], "trans": [-320.54935600375245, 139.40065003333194, 34.52881772890646]}], "rb_4XMM.renamed.noAb_Nup145c_149-550_Sec13_Nup84_7-436_3IKO_updated_1.pdb_23": [{"rot": [[0.017366830539189415, 0.9979039755000089, 0.06233818154474081], [-0.9983547787635715, 0.013899608963744203, 0.05562855912747881], [0.05464548395766552, -0.06320171320412914, 0.9965035948410321]], "trans": [-444.0081947762774, 465.1476008351219, 42.82557720040239]}], "rb_4XMM.renamed.noAb_Nup145c_149-550_Sec13_Nup84_7-436_3IKO_updated_1.pdb_24": [{"rot": [[-0.6904374168157696, 0.7160057048710847, 0.10311160968985374], [-0.7150284864312028, -0.6970986509966502, 0.05279899971171966], [0.10968334902196795, -0.03727333323860469, 0.993267467289961]], "trans": [-301.7211076399607, 782.9704365854561, 29.979295429759134]}], "rb_4XMM.renamed.noAb_Nup145c_149-550_Sec13_Nup84_7-436_3IKO_updated_1.pdb_25": [{"rot": [[-0.9913994432829852, 0.015422343759484126, 0.1299588210594245], [-0.01268349466851489, -0.9996802297230567, 0.02187618028483567], [0.13025464606372003, 0.020039700941510565, 0.9912780324232925]], "trans": [22.960036852078474, 906.6841755949831, 3.5395103119789724]}], "rb_4XMM.renamed.noAb_Nup145c_149-550_Sec13_Nup84_7-436_3IKO_updated_1.pdb_26": [{"rot": [[-0.7092114501933895, -0.6934344966702253, 0.12715234068747833], [0.6972365972855255, -0.7165885719972866, -0.019024875521150595], [0.10430841922057514, 0.07516260579972318, 0.9917007292369527]], "trans": [339.8343595915299, 763.815681983382, -20.980974328785692]}], "rb_4XMM.renamed.noAb_Nup145c_149-550_Sec13_Nup84_7-436_3IKO_updated_1.pdb_27": [{"rot": [[-0.00918314274957005, -0.9953064844128704, 0.09633624434727442], [0.9988505896909455, -0.013662762507470172, -0.04594375251020555], [0.04704433401904599, 0.09580360643713373, 0.994287935977475]], "trans": [463.27432772893644, 438.05945054926786, -29.19370794995507]}], "rb_4XMM.renamed.noAb_Nup145c_149-550_Sec13_Nup84_7-436_3IKO_updated_1.pdb_28": [{"rot": [[0.6985990261487482, -0.7133527526537818, 0.05556303578186267], [0.7154687530393568, 0.6973133482933445, -0.04311099298597519], [-0.007991501006210263, 0.0698709136422381, 0.9975240304566455]], "trans": [320.96898076511826, 120.24819162478786, -16.263550495517393]}], "rb_4XMM.renamed.noAb_Seh1_Nup85_47_544_3F3F_1.pdb_28": [{"rot": [[0.6880581845061963, -0.6880884567362409, 0.2304565261397044], [0.3074654284148518, 0.5641097156565641, 0.7663192800860141], [-0.6572982162334791, -0.4564148380675344, 0.5997037189546831]], "trans": [444.44419777118236, -130.81412202545027, 675.4620465456442]}], "rb_4XMM.renamed.noAb_Seh1_Nup85_47_544_3F3F_1.pdb_29": [{"rot": [[0.691559163378383, -0.09914618489332726, 0.7154830239554909], [-0.30536962918642263, 0.8575326899058683, 0.4139892212526278], [-0.654595533988693, -0.5047848252116031, 0.5627583558847916]], "trans": [-79.50011637963519, -228.1438561767012, 717.7384460771501]}], "rb_4XMM.renamed.noAb_Seh1_Nup85_47_544_3F3F_1.pdb_30": [{"rot": [[0.26205221462638173, 0.524283670121954, 0.8102192728224052], [-0.7410168917019582, 0.6471607057579567, -0.17910049451421395], [-0.6182415410030139, -0.5534524859157485, 0.5580929517669087]], "trans": [-518.726948654032, 74.72642707744399, 751.3151756681002]}], "rb_4XMM.renamed.noAb_Seh1_Nup85_47_544_3F3F_1.pdb_31": [{"rot": [[-0.3488514351229079, 0.8169871088806953, 0.4591674423731002], [-0.7442680501237526, 0.056232637771652605, -0.6655095491533032], [-0.5695329189587538, -0.5739076183254661, 0.5884405661154883]], "trans": [-615.9291142680675, 600.3711621308927, 756.546518593415]}], "rb_4XMM.renamed.noAb_Seh1_Nup85_47_544_3F3F_1.pdb_32": [{"rot": [[-0.7832758141048908, 0.6074943298395398, -0.1320213552844118], [-0.3132185300069854, -0.5690775197409086, -0.7602926600893913], [-0.5370038654410111, -0.5541673174577766, 0.6360231385437703]], "trans": [-314.16230071524114, 1040.86036839375, 730.3918853066965]}], "rb_4XMM.renamed.noAb_Seh1_Nup85_47_544_3F3F_1.pdb_33": [{"rot": [[-0.7867289957281773, 0.01852915680898093, -0.6170203867203136], [0.2996167819657078, -0.8624542596356475, -0.40792454449425347], [-0.5397103586601341, -0.5057957298992142, 0.6729661272089957]], "trans": [209.79615105239435, 1138.1493747346049, 688.1970336688199]}], "rb_4XMM.renamed.noAb_Seh1_Nup85_47_544_3F3F_1.pdb_34": [{"rot": [[-0.3571880575079862, -0.6048843074407402, -0.7117103808331104], [0.7352303190628244, -0.652033351070194, 0.18517258712604823], [-0.5760668967268059, -0.4571296136809698, 0.6776278084549353]], "trans": [649.0059055144518, 835.2450262591752, 654.7043076178484]}], "rb_4XMM.renamed.noAb_Seh1_Nup85_47_544_3F3F_1.pdb_35": [{"rot": [[0.25371586241906663, -0.8975416654222913, -0.36062060394260936], [0.7384335291020009, -0.061082329217001186, 0.671554072398786], [-0.6247753070143836, -0.4366782658759295, 0.647277303678012]], "trans": [746.1736089887843, 309.5930780508603, 649.5582232230645]}], "rb_4XMM.renamed.noAb_Nup120_715-1036_Nup85_553-744_Nup145c_92-99_554-712_remaining_updated_1.pdb_35": [{"rot": [[0.9959484075540358, -0.06605238914922117, 0.06102336747722424], [0.06277627714832686, 0.9965586618780676, 0.05412922004973122], [-0.06438872974346484, -0.050079090681397355, 0.9966675354191826]], "trans": [18.76370656015183, -50.18582030514813, 63.09056735744673]}], "rb_4XMM.renamed.noAb_Nup120_715-1036_Nup85_553-744_Nup145c_92-99_554-712_remaining_updated_1.pdb_36": [{"rot": [[0.7490533993410728, 0.6547462078465688, 0.10112570516995818], [-0.6612281241881338, 0.7483332969774199, 0.05267489361685426], [-0.04118704551464454, -0.10632346846036778, 0.9934782067747294]], "trans": [-336.5467673632277, 93.60057301492623, 90.75266181934245]}], "rb_4XMM.renamed.noAb_Nup120_715-1036_Nup85_553-744_Nup145c_92-99_554-712_remaining_updated_1.pdb_37": [{"rot": [[0.06406222272243173, 0.9896424135657542, 0.12846760249810144], [-0.9978324344773641, 0.06158072275379417, 0.0232001571136252], [0.015048731668752528, -0.12967539418435936, 0.991442296766833]], "trans": [-486.52652183922174, 447.27521703568806, 101.0274210757988]}], "rb_4XMM.renamed.noAb_Nup120_715-1036_Nup85_553-744_Nup145c_92-99_554-712_remaining_updated_1.pdb_38": [{"rot": [[-0.6577476326630973, 0.7424493086615357, 0.12703179048607535], [-0.7498491026311581, -0.661389719601313, -0.017028273222579687], [0.0713748906082341, -0.10645498050210513, 0.9917524701844499]], "trans": [-343.31338864199176, 803.6506352724738, 87.91975118146496]}], "rb_4XMM.renamed.noAb_Nup120_715-1036_Nup85_553-744_Nup145c_92-99_554-712_remaining_updated_1.pdb_39": [{"rot": [[-0.9935297760117106, 0.05797609940958385, 0.09765938805547424], [-0.06255026101000227, -0.9970517510730428, -0.04444401567994383], [0.09479477319821088, -0.05026507315650257, 0.9942270230660956]], "trans": [9.198272835610908, 953.9571996239564, 59.13231487977322]}], "rb_4XMM.renamed.noAb_Nup120_715-1036_Nup85_553-744_Nup145c_92-99_554-712_remaining_updated_1.pdb_40": [{"rot": [[-0.746578293221569, -0.6628031571380576, 0.05755716270101842], [0.6614347380507634, -0.748769820790612, -0.042986541764974684], [0.07158868199712988, 0.005977487851700793, 0.9974163274425057]], "trans": [364.50407422484335, 810.1433221656597, 31.553203160293492]}], "rb_4XMM.renamed.noAb_Nup120_715-1036_Nup85_553-744_Nup145c_92-99_554-712_remaining_updated_1.pdb_41": [{"rot": [[-0.061560844927045166, -0.9976458095082629, 0.030217563476725655], [0.9979852739128555, -0.06199098428868599, -0.013509660247443397], [0.015351072436470348, 0.029325017263789235, 0.9994520438407875]], "trans": [514.4627805993576, 456.45731688350565, 21.36265343495853]}], "rb_4XMM.renamed.noAb_Nup120_715-1036_Nup85_553-744_Nup145c_92-99_554-712_remaining_updated_1.pdb_42": [{"rot": [[0.6602296889149081, -0.7503963106611679, 0.03165651309653565], [0.7499452973057056, 0.6609600324283128, 0.02671865605565083], [-0.040973270852838584, 0.0061002031499966195, 0.9991416208912268]], "trans": [371.2283806864673, 100.09354943963365, 34.554438320807265]}], "rb_4XMM.renamed.noAb_Nup120_2-711_3F7F_updated_1.pdb_42": [{"rot": [[0.9885224951408409, 0.08731108079701563, 0.12328849001663611], [-0.12330384187450111, 0.9378147514468744, 0.3244990825065984], [-0.08728939900992103, -0.3359765871882937, 0.9378167697806394]], "trans": [-79.79785094022441, 14.590305275391529, 273.88296805812956]}], "rb_4XMM.renamed.noAb_Nup120_2-711_3F7F_updated_1.pdb_43": [{"rot": [[0.6121515774186381, 0.716406255410731, 0.3347125983171928], [-0.7888908905371844, 0.5822429989330329, 0.19658141575671773], [-0.05405191107925969, -0.38438934350712917, 0.9215873390551961]], "trans": [-356.587541027223, 221.00785062502925, 294.9817397152526]}], "rb_4XMM.renamed.noAb_Nup120_2-711_3F7F_updated_1.pdb_44": [{"rot": [[-0.12324848539653255, 0.9107667834738981, 0.39409856250444386], [-0.9923602994406063, -0.11533383249371099, -0.04380802639313125], [0.005554002305488054, -0.3964870403971874, 0.9180235181385432]], "trans": [-406.87604925082354, 563.2523165941691, 297.36610256706825]}], "rb_4XMM.renamed.noAb_Nup120_2-711_3F7F_updated_1.pdb_45": [{"rot": [[-0.7868699673666584, 0.556533527163668, 0.26665724741540264], [-0.6145168199304771, -0.7462653991502471, -0.2558457192404324], [0.056610356640158385, -0.36518267644274627, 0.9292130435735311]], "trans": [-201.20174508641125, 840.8321861662976, 279.6632681366534]}], "rb_4XMM.renamed.noAb_Nup120_2-711_3F7F_updated_1.pdb_46": [{"rot": [[-0.9899540472907438, -0.1387786772845123, 0.027045572351772434], [0.12329351010310827, -0.9409430931540869, -0.31531699258376783], [0.06920761966090516, -0.30881478943984914, 0.9486009335880347]], "trans": [139.95037741807596, 891.1373746650808, 252.26781134449703]}], "rb_4XMM.renamed.noAb_Nup120_2-711_3F7F_updated_1.pdb_47": [{"rot": [[-0.6135312076637329, -0.767846136602816, -0.18436856490955394], [0.7888509962008221, -0.5853219764022959, -0.18738273595365748], [0.035966137068766404, -0.2604044823819998, 0.9648294888423088]], "trans": [416.7305079938462, 684.6985101599531, 231.25238195657164]}], "rb_4XMM.renamed.noAb_Nup120_2-711_3F7F_updated_1.pdb_48": [{"rot": [[0.1218847444988323, -0.9621522632714047, -0.24373578182155617], [0.9922626786460699, 0.11227008665418042, 0.053011359242961506], [-0.0236407619288784, -0.2483111957290159, 0.9683917928457706]], "trans": [466.99885688903623, 342.4505070611873, 228.95211972706477]}], "rb_4XMM.renamed.noAb_Nup120_2-711_3F7F_updated_1.pdb_49": [{"rot": [[0.7854767750551959, -0.6078697885714333, -0.1162779256394249], [0.614367125757703, 0.7431738294287695, 0.26503904248316745], [-0.07469451544193312, -0.2796193473175572, 0.9572009976847053]], "trans": [261.3094298763879, 64.88718807606358, 246.73855560490566]}]}
