{"rb_ScNup133N_56-480_renamed_1.pdb_0": [{"rot": [[0.7038212762115051, 0.1816611544463588, 0.6867567517813198], [0.41555087745427655, 0.6787994138389685, -0.6054327576361048], [-0.5761536942509298, 0.7114988269400687, 0.4022640176102222]], "trans": [-48.48928513982753, -11.208678688927023, 409.7943297574]}], "rb_ScNup133N_56-480_renamed_1.pdb_1": [{"rot": [[0.7805375510360772, 0.6213994144711892, 0.06799925821265324], [-0.23537782841703894, 0.39293245685469746, -0.8889327096241959], [-0.5791013808585563, 0.6778398424738687, 0.4529621823538016]], "trans": [-349.89276582139667, 188.52862439357588, 432.8874754674988]}], "rb_ScNup133N_56-480_renamed_1.pdb_2": [{"rot": [[0.3759686723241759, 0.7309496955453797, -0.5695262066076655], [-0.7498860574606935, -0.12105440254028815, -0.6503973650405386], [-0.5443514106318253, 0.6716087955109991, 0.5026163223925495]], "trans": [-422.3010992753882, 543.5112774183685, 436.97294806190075]}], "rb_ScNup133N_56-480_renamed_1.pdb_3": [{"rot": [[-0.27288320635357716, 0.44613589835670664, -0.8523482362788402], [-0.826567634536885, -0.5620604148976882, -0.029564092090598015], [-0.49226080610413603, 0.6964559212200705, 0.5221383423683931]], "trans": [-223.29454946768834, 845.7855537832993, 419.68142499082825]}], "rb_ScNup133N_56-480_renamed_1.pdb_4": [{"rot": [[-0.7859115056562647, -0.06619403882716504, -0.6147856980288781], [-0.4205014105841436, -0.6717380399937634, 0.6098742241824019], [-0.4533449778853324, 0.7378254230162368, 0.5000919677190012]], "trans": [130.54795407126358, 918.2750371216745, 391.16652918097725]}], "rb_ScNup133N_56-480_renamed_1.pdb_5": [{"rot": [[-0.8625770141533524, -0.505910014951809, 0.003993923603603483], [0.23043329487225694, -0.3858365785927195, 0.8933256020254784], [-0.45040136685916765, 0.7714824634373282, 0.4493922755678706]], "trans": [431.9423969283136, 718.514482787338, 368.1566935589759]}], "rb_ScNup133N_56-480_renamed_1.pdb_6": [{"rot": [[-0.4579679959835767, -0.6154202112081454, 0.6415008014736315], [0.7449097531966101, 0.12815886200610632, 0.65474022763373], [-0.4851543818696843, 0.7777102736403994, 0.39973986044279236]], "trans": [504.3295781554215, 363.52655692834014, 364.15540917206135]}], "rb_ScNup133N_56-480_renamed_1.pdb_7": [{"rot": [[0.19088988102205176, -0.3305720105354455, 0.9242744176779659], [0.8215404009844476, 0.5691425053642095, 0.033884777379621756], [-0.5372452167062102, 0.7528605145963672, 0.3802218072230908]], "trans": [305.30597966975586, 61.26830863781606, 381.53068973338475]}], "rb_ScNup133C_490_881_renamed_relative_3CQC_1.pdb_7": [{"rot": [[0.8587311363965533, 0.2857727942472086, -0.42534074040847114], [-0.22565686618760172, 0.9561285666565622, 0.18680776955378048], [0.46006501075986495, -0.06443658969413353, 0.8855439637776967]], "trans": [138.41058210990707, 85.64118859728418, -206.5450344399061]}], "rb_ScNup133C_490_881_renamed_relative_3CQC_1.pdb_8": [{"rot": [[0.4587998651247651, 0.8753832319853398, -0.15233804817049965], [-0.7382652878108846, 0.4709645150635604, 0.4828631176269901], [0.4944360914971807, -0.1090716402638443, 0.8623435096961916]], "trans": [-161.2978655115109, 89.79025068469258, -182.63536421019649]}], "rb_ScNup133C_490_881_renamed_relative_3CQC_1.pdb_9": [{"rot": [[-0.18543236448154732, 0.9504648236465624, 0.24946233626199082], [-0.8168937533809822, -0.29020200053485423, 0.4984650384657867], [0.5461679539206894, -0.1113526735021502, 0.8302416203816874]], "trans": [-370.3760613280698, 305.32492279942034, -166.9779770454051]}], "rb_ScNup133C_490_881_renamed_relative_3CQC_1.pdb_10": [{"rot": [[-0.6965652286445679, 0.46703371418529005, 0.5446800823030269], [-0.41548059910556734, -0.8814689028532599, 0.22447370685571977], [0.5849553436034396, -0.06994342797548324, 0.8080440352312607]], "trans": [-366.34113688860486, 605.9820717729629, -168.72118621463932]}], "rb_ScNup133C_490_881_renamed_relative_3CQC_1.pdb_11": [{"rot": [[-0.7751698885642155, -0.29170933609742045, 0.5603724717515506], [0.23082068931534683, -0.9564637036502127, -0.178602891868258], [0.5880760607670816, -0.009102023583726582, 0.8087544126119817]], "trans": [-151.55489448292525, 815.6326172659976, -186.81979030612598]}], "rb_ScNup133C_490_881_renamed_relative_3CQC_1.pdb_12": [{"rot": [[-0.37519862613385546, -0.8812819500689486, 0.28734668160592536], [0.7433977042766222, -0.47125339119216625, -0.4746368027935983], [0.5537019452950418, 0.03552978711662666, 0.831956603437903]], "trans": [148.1597699409677, 811.4604304511929, -210.64736695156768]}], "rb_ScNup133C_490_881_renamed_relative_3CQC_1.pdb_13": [{"rot": [[0.2690397535200071, -0.956304177490916, -0.11445493060290018], [0.8219756030780327, 0.28991899201755, -0.49020718682209297], [0.5019698387058693, 0.03780606010877871, 0.864058437172309]], "trans": [357.22769332605304, 595.9097539876749, -226.22138088204764]}], "rb_ScNup133C_490_881_renamed_relative_3CQC_1.pdb_14": [{"rot": [[0.7801413238349865, -0.4728269397261277, -0.4096513150402641], [0.4205223446533389, 0.8811479313640814, -0.2161926934474349], [0.4631851384622043, -0.0036066774215222225, 0.8862542069777292]], "trans": [353.1758516348916, 295.2533302074904, -224.39435024230767]}], "rb_ScNup84_506-726_ScNup133C_882_1155_renamed_relative_3CQC_new_1.pdb_14": [{"rot": [[0.982200873355477, 0.17302939271134055, 0.07309085878331657], [-0.1875113182810348, 0.9260196386661013, 0.32760820246326505], [-0.010997722320849182, -0.3354824258625896, 0.9419822673708385]], "trans": [-64.35961847165129, 40.52194576393293, 122.84249346788891]}], "rb_ScNup84_506-726_ScNup133C_882_1155_renamed_relative_3CQC_new_1.pdb_15": [{"rot": [[0.5639125195162245, 0.7688699053317868, 0.3013996333905408], [-0.8254424007087012, 0.5135199680303071, 0.2343972814398834], [0.02544628548765454, -0.3809675985031288, 0.9242381594836038]], "trans": [-330.3471128346298, 219.76399844243699, 143.21248484245888]}], "rb_ScNup84_506-726_ScNup133C_882_1155_renamed_relative_3CQC_new_1.pdb_16": [{"rot": [[-0.18164401559767906, 0.8995790888583763, 0.39719379965740004], [-0.9796296917521976, -0.20070527359522794, 0.006562026254006897], [0.08562195182921095, -0.3879108867250278, 0.9177112973725223]], "trans": [-392.15033877668026, 535.1377031834202, 146.64538093788534]}], "rb_ScNup84_506-726_ScNup133C_882_1155_renamed_relative_3CQC_new_1.pdb_17": [{"rot": [[-0.8177112013693644, 0.48858566058174546, 0.3043557842870237], [-0.5597481022774403, -0.798252869090359, -0.22242845812938], [0.13427752288404088, -0.35224481438753436, 0.9262252088910214]], "trans": [-213.5621817762, 801.8928137755576, 131.15414771881927]}], "rb_ScNup84_506-726_ScNup133C_882_1155_renamed_relative_3CQC_new_1.pdb_18": [{"rot": [[-0.9716719118264585, -0.22334463420631656, 0.07727140569939507], [0.18822981227084612, -0.9290710115929417, -0.31842831719265946], [0.14290987908467312, -0.29486306955757197, 0.9447923246254117]], "trans": [100.79981104217961, 863.760541982095, 105.83777293256435]}], "rb_ScNup84_506-726_ScNup133C_882_1155_renamed_relative_3CQC_new_1.pdb_19": [{"rot": [[-0.5533337919371786, -0.8191529906018067, -0.15103010523911486], [0.8261280430616804, -0.516524588689154, -0.22519947989854944], [0.10646206445255484, -0.2493806874391346, 0.9625357663821554]], "trans": [366.7798651206169, 684.4980170798543, 85.55095079097981]}], "rb_ScNup84_506-726_ScNup133C_882_1155_renamed_relative_3CQC_new_1.pdb_20": [{"rot": [[0.19223478909984448, -0.9498064725304216, -0.24680650436942292], [0.980256812132738, 0.1977108881794022, 0.0026432863394542233], [0.04628572271336727, -0.24244188877879086, 0.9690611757976232]], "trans": [428.56502780046486, 369.1198705533494, 82.20199264998465]}], "rb_ScNup84_506-726_ScNup133C_882_1155_renamed_relative_3CQC_new_1.pdb_21": [{"rot": [[0.8282692439961306, -0.5387664280642838, -0.1539506266337669], [0.5603253133465492, 0.7952262059429032, 0.2316264764761253], [-0.002366996655654971, -0.27811151966883113, 0.9605458760279615]], "trans": [249.96259295233847, 102.37918426485203, 97.77677031007005]}], "rb_4XMM.renamed.noAb_Nup145c_149-550_Sec13_Nup84_7-436_3IKO_updated_1.pdb_21": [{"rot": [[0.9970121117373493, -0.056030904067574036, -0.05317317780987064], [0.055547954596458976, 0.9984006132580369, -0.010518563881250147], [0.0536774979780125, 0.00753347432095729, 0.9985299058994049]], "trans": [40.73003761612125, -27.14204810004469, -30.151454060762433]}], "rb_4XMM.renamed.noAb_Nup145c_149-550_Sec13_Nup84_7-436_3IKO_updated_1.pdb_22": [{"rot": [[0.7470456645031188, 0.6642883600753305, -0.025372225277262808], [-0.6602884165236912, 0.7458913940406436, 0.08755132952011843], [0.07708425359130522, -0.048651854687482204, 0.9958368414975106]], "trans": [-306.5715944747841, 89.04308285799236, -2.9934207091146163]}], "rb_4XMM.renamed.noAb_Nup145c_149-550_Sec13_Nup84_7-436_3IKO_updated_1.pdb_23": [{"rot": [[0.06563944647509462, 0.9958258409994519, 0.06342205818305993], [-0.9889406626741205, 0.0564509247645521, 0.13714830951526924], [0.13299559682979128, -0.07172299136928921, 0.9885180745605648]], "trans": [-470.34211336568404, 417.5275025852093, 8.503110200281526]}], "rb_4XMM.renamed.noAb_Nup145c_149-550_Sec13_Nup84_7-436_3IKO_updated_1.pdb_24": [{"rot": [[-0.6480291719982318, 0.7443622077009587, 0.16119272932064366], [-0.7378796640632369, -0.6660368465576858, 0.10921776590562499], [0.1886578744744259, -0.04816453855323402, 0.9808610419548445]], "trans": [-354.64052658671, 765.8805231702635, -2.372686339197344]}], "rb_4XMM.renamed.noAb_Nup145c_149-550_Sec13_Nup84_7-436_3IKO_updated_1.pdb_25": [{"rot": [[-0.9758830514876657, 0.05720840220333831, 0.2106643504166289], [-0.054180493637376675, -0.9983283964079276, 0.02012180495838025], [0.21146333944286733, 0.008222629926853523, 0.9773513413449402]], "trans": [-27.244541726094553, 930.0321501720193, -29.225610464807005]}], "rb_4XMM.renamed.noAb_Nup145c_149-550_Sec13_Nup84_7-436_3IKO_updated_1.pdb_26": [{"rot": [[-0.7258607666485964, -0.6630911873642461, 0.18285574828312995], [0.6616362344096883, -0.7457626495730494, -0.07794590315051969], [0.18805222879954647, 0.06440611571626256, 0.9800450048349125]], "trans": [320.0545703406912, 813.8201627500872, -56.300835696348486]}], "rb_4XMM.renamed.noAb_Nup145c_149-550_Sec13_Nup84_7-436_3IKO_updated_1.pdb_27": [{"rot": [[-0.04442889725396637, -0.9945749052088907, 0.09405759415124065], [0.9902349877721223, -0.05629618172595263, -0.12753591225619695], [0.13213910125598083, 0.08747284065240772, 0.9873640463716801]], "trans": [483.8060061867076, 485.32329852043694, -67.71330843132239]}], "rb_4XMM.renamed.noAb_Nup145c_149-550_Sec13_Nup84_7-436_3IKO_updated_1.pdb_28": [{"rot": [[0.6692201594154912, -0.7430549154967812, -0.0037109012346050116], [0.7391179834877888, 0.6661718287913363, -0.09959769580541739], [0.07647865530228948, 0.0639099920268735, 0.995020868224519]], "trans": [368.08377913737684, 136.979769149763, -56.753436324528934]}], "rb_4XMM.renamed.noAb_Seh1_Nup85_47_544_3F3F_1.pdb_28": [{"rot": [[0.5964944551341508, -0.7749296239234824, 0.208993882589941], [0.2395696275601859, 0.42042338835315796, 0.8751288865511864], [-0.7660292152032335, -0.47194094174107765, 0.4364298213500751]], "trans": [538.7516953808964, -54.80926050756602, 781.4194123811754]}], "rb_4XMM.renamed.noAb_Seh1_Nup85_47_544_3F3F_1.pdb_29": [{"rot": [[0.5766304468089413, -0.26231584591434376, 0.7737491355698943], [-0.29511074059490017, 0.8162403402463406, 0.49665013615226494], [-0.7618444582711396, -0.5147252703498985, 0.3932568085421707]], "trans": [43.03574458056147, -234.76229697004547, 821.8478379434557]}], "rb_4XMM.renamed.noAb_Seh1_Nup85_47_544_3F3F_1.pdb_30": [{"rot": [[0.18568662269156017, 0.379298649327968, 0.906450777908749], [-0.658942668971606, 0.7323864174604154, -0.1714779709702363], [-0.7289136006153083, -0.5654579295911164, 0.3859304246888932]], "trans": [-434.4639198764946, -10.315710727335379, 858.8567175642086]}], "rb_4XMM.renamed.noAb_Seh1_Nup85_47_544_3F3F_1.pdb_31": [{"rot": [[-0.3473166127421098, 0.7740470437261239, 0.5293603164312474], [-0.6387882838966684, 0.21798443030368908, -0.7378565690576459], [-0.6865280029756192, -0.5944190123507315, 0.41874256875350535]], "trans": [-614.0193484667963, 487.0466400978987, 870.7897326375814]}], "rb_4XMM.renamed.noAb_Seh1_Nup85_47_544_3F3F_1.pdb_32": [{"rot": [[-0.7101384488294055, 0.6906801618893228, -0.13661733955358324], [-0.24645430832381449, -0.4256216840794091, -0.8706930894121259], [-0.6595177460863282, -0.5846427079968934, 0.47247142409172543]], "trans": [-390.44252605133767, 965.9629943782663, 850.680359579266]}], "rb_4XMM.renamed.noAb_Seh1_Nup85_47_544_3F3F_1.pdb_33": [{"rot": [[-0.6902327382025004, 0.17803549867059748, -0.7013430888848796], [0.2882244829473217, -0.8213983890370475, -0.4921700254150857], [-0.6637058192778044, -0.5418561134659724, 0.515641869669564]], "trans": [105.29400570497302, 1145.8775158509131, 810.3329575701703]}], "rb_4XMM.renamed.noAb_Seh1_Nup85_47_544_3F3F_1.pdb_34": [{"rot": [[-0.2992605268171556, -0.4635724739267718, -0.8339926249713034], [0.6520257150191521, -0.7374941103535023, 0.17596847486880646], [-0.6966387902226492, -0.49112421912516463, 0.5229640497642407]], "trans": [582.7827099534553, 921.3938578375893, 773.4076085067775]}], "rb_4XMM.renamed.noAb_Seh1_Nup85_47_544_3F3F_1.pdb_35": [{"rot": [[0.23374115118891398, -0.8582807588828326, -0.45685797921496796], [0.6318294965466261, -0.22306115753192277, 0.7423174572203927], [-0.7390240601864814, -0.4621664839990255, 0.4901485280335546]], "trans": [762.305884493882, 424.0178292172572, 761.5597074190309]}], "rb_4XMM.renamed.noAb_Nup120_715-1036_Nup85_553-744_Nup145c_92-99_554-712_remaining_updated_1.pdb_35": [{"rot": [[0.9992891421596757, -0.012313821651033419, 0.03563116835194961], [0.013285690267047902, 0.9995425679639143, -0.027168828871166978], [-0.03528031740087528, 0.027622900362728534, 0.998995632913199]], "trans": [-5.338442174002353, -0.28107785464305834, 4.840396022605489]}], "rb_4XMM.renamed.noAb_Nup120_715-1036_Nup85_553-744_Nup145c_92-99_554-712_remaining_updated_1.pdb_36": [{"rot": [[0.7171068799101599, 0.6964834512133188, 0.02585584985064201], [-0.6969007197589167, 0.7170457822773149, 0.013218657943080064], [-0.009333251577993645, -0.02749815092505271, 0.9995782821323618]], "trans": [-319.603015307194, 142.51937273189827, 29.23567511073253]}], "rb_4XMM.renamed.noAb_Nup120_715-1036_Nup85_553-744_Nup145c_92-99_554-712_remaining_updated_1.pdb_37": [{"rot": [[0.01689490040274222, 0.9987326242762985, 0.04740999416323456], [-0.9987070161950736, 0.014582694544965968, 0.04869949509532645], [0.047946409074225066, -0.04817146692788925, 0.9976876523395991]], "trans": [-441.24326710560405, 466.3810219104653, 37.39665482227866]}], "rb_4XMM.renamed.noAb_Nup120_715-1036_Nup85_553-744_Nup145c_92-99_554-712_remaining_updated_1.pdb_38": [{"rot": [[-0.691152745778221, 0.717371870244272, 0.08766687963797576], [-0.7153308151203421, -0.6963339137099848, 0.058488507901982414], [0.10300343170249596, -0.02228632763756383, 0.9944313011253911]], "trans": [-298.9987095989101, 781.5812659381783, 24.566523073593373]}], "rb_4XMM.renamed.noAb_Nup120_715-1036_Nup85_553-744_Nup145c_92-99_554-712_remaining_updated_1.pdb_39": [{"rot": [[-0.9922517640281103, 0.01722628601583245, 0.12304345514167697], [-0.012777890728735544, -0.9992390694476115, 0.03685115463582831], [0.12358463614715881, 0.03499338736918694, 0.9917168449455732]], "trans": [23.80370311646965, 903.4714743353428, -1.7146431508996898]}], "rb_4XMM.renamed.noAb_Nup120_715-1036_Nup85_553-744_Nup145c_92-99_554-712_remaining_updated_1.pdb_40": [{"rot": [[-0.7100141039599833, -0.6915489731152624, 0.13281562393455543], [0.6973863478749092, -0.7166866614741163, -0.0035370980731417034], [0.09763326264954753, 0.09011241339742682, 0.9911344505041145]], "trans": [338.06367949710994, 760.6467611661401, -26.026961211262062]}], "rb_4XMM.renamed.noAb_Nup120_715-1036_Nup85_553-744_Nup145c_92-99_554-712_remaining_updated_1.pdb_41": [{"rot": [[-0.009778566392756427, -0.9937433666188641, 0.11125871175016304], [0.999137676400813, -0.014199874369325682, -0.03901624231364985], [0.040351991718929156, 0.11078124782154596, 0.9930252926765835]], "trans": [459.6852076528291, 436.7759740287248, -34.10392748286233]}], "rb_4XMM.renamed.noAb_Nup120_715-1036_Nup85_553-744_Nup145c_92-99_554-712_remaining_updated_1.pdb_42": [{"rot": [[0.69824699744561, -0.712327157839614, 0.0710010616985785], [0.7157059119047688, 0.6966946269170766, -0.04880209513367262], [-0.01470300046762004, 0.08489179600532992, 0.9962816894574726]], "trans": [317.4225948657232, 121.58730340147292, -21.189936337385916]}], "rb_4XMM.renamed.noAb_Nup120_2-711_3F7F_updated_1.pdb_42": [{"rot": [[0.9944792633939922, 0.0787854764690115, 0.06930976393620651], [-0.0989095385935825, 0.9243781927909848, 0.3684316216988933], [-0.03504137346832245, -0.3732530045291299, 0.9270675793896742]], "trans": [-60.68689656343918, -7.544091393891222, 266.97369410306976]}], "rb_4XMM.renamed.noAb_Nup120_2-711_3F7F_updated_1.pdb_43": [{"rot": [[0.6346052039636788, 0.7001525434711474, 0.32720429546859486], [-0.772830356251201, 0.5766034588707926, 0.26506922053470994], [-0.0030782395712809496, -0.42108771899584063, 0.9070146952238539]], "trans": [-358.78009240307324, 191.48994327315899, 289.8064113467866]}], "rb_4XMM.renamed.noAb_Nup120_2-711_3F7F_updated_1.pdb_44": [{"rot": [[-0.09499995637311504, 0.8945425359952685, 0.4367707174070377], [-0.9938923637681712, -0.10998031597932484, 0.009071898390260097], [0.056151380503257076, -0.43324125079710496, 0.8995271208114499]], "trans": [-429.3425711988164, 543.6273456015344, 293.758601383505]}], "rb_4XMM.renamed.noAb_Nup120_2-711_3F7F_updated_1.pdb_45": [{"rot": [[-0.7669232272583348, 0.5480790555218502, 0.333823474893446], [-0.6325943201667465, -0.7331626756209432, -0.24959350385999524], [0.10794994017798426, -0.40259388963894405, 0.9089911828180477]], "trans": [-231.03592460190768, 842.5811769650796, 276.5390204650224]}], "rb_4XMM.renamed.noAb_Nup120_2-711_3F7F_updated_1.pdb_46": [{"rot": [[-0.9875424824892992, -0.1362747059527041, 0.0786705141484012], [0.0994102863089439, -0.9278746069047314, -0.3593971463956848], [0.12197311283575393, -0.3470992918156007, 0.9298627002769078]], "trans": [119.97093102673011, 913.2201844971867, 248.2591467906634]}], "rb_4XMM.renamed.noAb_Nup120_2-711_3F7F_updated_1.pdb_47": [{"rot": [[-0.627615851620211, -0.7576146655685637, -0.1792159627669029], [0.7733028359204891, -0.5800511150464159, -0.256014507188042], [0.0900059262069102, -0.2992669752058188, 0.9499148439722339]], "trans": [418.0551438024408, 714.1631583707209, 225.5097340062727]}], "rb_4XMM.renamed.noAb_Nup120_2-711_3F7F_updated_1.pdb_48": [{"rot": [[0.10200657002032276, -0.9519511140893282, -0.2887624214761568], [0.994307571220497, 0.10654789411216714, -8.593980116766708e-06], [0.03077520895596117, -0.28711778531527277, 0.9574007853920778]], "trans": [488.5966922330771, 362.02062798981365, 221.64171378885322]}], "rb_4XMM.renamed.noAb_Nup120_2-711_3F7F_updated_1.pdb_49": [{"rot": [[0.7739016801591325, -0.6054390198276088, -0.18579500186241174], [0.6329568021034547, 0.7297030399598909, 0.2586487195875121], [-0.02102084959837397, -0.3177688888854219, 0.9479351545009207]], "trans": [290.2732559514024, 63.08276965645837, 238.94503182204105]}]}
