{"rb_ScNup133N_56-480_renamed_1.pdb_0": [{"rot": [[-0.6690301019643408, -0.33522824695824854, 0.6633405950994463], [0.3572548440778191, -0.9276836896792454, -0.10849860960417398], [0.651742049470894, 0.16439280502627038, 0.7404102285943095]], "trans": [889.2230286340236, 198.1821729331599, -326.2069980541758]}], "rb_ScNup133N_56-480_renamed_1.pdb_1": [{"rot": [[-0.20955828771852214, -0.8884149008402931, 0.4084168067225166], [0.7616628913963108, -0.4102393368963593, -0.5015708587354846], [0.6131516646950386, 0.2059675955770029, 0.7626417151283658]], "trans": [447.95925622169375, -366.6699720468075, -288.24603236507653]}], "rb_ScNup133N_56-480_renamed_1.pdb_2": [{"rot": [[0.40052117983461916, -0.9149773618795287, -0.048981749171156275], [0.7215778360265028, 0.34790613818426414, -0.5985705852854988], [0.5647195862188573, 0.20439605246113027, 0.799571161735535]], "trans": [-262.3356356787197, -452.9035370384208, -231.17032599979234]}], "rb_ScNup133N_56-480_renamed_1.pdb_3": [{"rot": [[0.8038151464819605, -0.39935496586847113, -0.44090454921942024], [0.2604820686033101, 0.9026204264091968, -0.3426739817450744], [0.5348180085060041, 0.16059880779468877, 0.8295647778881403]], "trans": [-825.5589708947151, -10.001566981147676, -188.39162761337985]}], "rb_ScNup133N_56-480_renamed_1.pdb_4": [{"rot": [[0.7640683201165595, 0.35639341733381846, -0.5377576910425218], [-0.3515080088664406, 0.9289440762648093, 0.11621111338969811], [0.5409636973929138, 0.10023290504442958, 0.8350518803339977]], "trans": [-911.7646648684721, 702.577835942863, -184.94629699906045]}], "rb_ScNup133N_56-480_renamed_1.pdb_5": [{"rot": [[0.3045649520535203, 0.9095397287952358, -0.2828032385311886], [-0.7558799799408771, 0.4114563225022214, 0.5092633411090276], [0.5795564216754213, 0.058661541200683315, 0.8128180470921795]], "trans": [-470.45029323061493, 1267.395726926324, -222.8286525086773]}], "rb_ScNup133N_56-480_renamed_1.pdb_6": [{"rot": [[-0.30551140569833934, 0.9360430598986913, 0.17460289517566016], [-0.7157470423198025, -0.3466912121471153, 0.6062271643785203], [0.6279880193114215, 0.060237807359346585, 0.7758881711727913]], "trans": [239.85787592002305, 1353.5739382940405, -279.82267124229753]}], "rb_ScNup133N_56-480_renamed_1.pdb_7": [{"rot": [[-0.7087694206913357, 0.4203773855868118, 0.5665057475260671], [-0.2546196367360627, -0.9013650120053806, 0.35029980833699903], [0.6578865775202185, 0.10403830457932181, 0.7458962946006612]], "trans": [803.0532150890772, 910.628175509204, -322.51644850891597]}], "rb_ScNup133C_490_881_renamed_relative_3CQC_1.pdb_7": [{"rot": [[0.8342174361388635, 0.3431079424313062, -0.4316922620136434], [-0.25011146437850656, 0.9331215558365551, 0.2583184418883118], [0.49145246426113254, -0.10752256448635118, 0.8642415018372689]], "trans": [139.39971348881818, 79.19326673387181, -207.4591292922051]}], "rb_ScNup133C_490_881_renamed_relative_3CQC_1.pdb_8": [{"rot": [[0.4248013335330446, 0.8989590560726614, -0.10684775399368826], [-0.736472868815253, 0.4118068034671091, 0.5366776221506091], [0.526451840653613, -0.14929089765672426, 0.8369950342440936]], "trans": [-165.16041760891818, 84.48117099711283, -183.16829085257933]}], "rb_ScNup133C_490_881_renamed_relative_3CQC_1.pdb_9": [{"rot": [[-0.20763879546672853, 0.9246780468217065, 0.31914987128795647], [-0.7898213167176581, -0.3509643934827452, 0.502997298368165], [0.577120800418344, -0.1476296184147405, 0.8032042563951011]], "trans": [-376.8677684490094, 304.2623645635782, -167.32200508467815]}], "rb_ScNup133C_490_881_renamed_relative_3CQC_1.pdb_10": [{"rot": [[-0.6926106058865702, 0.4051983672598812, 0.5967451983747866], [-0.37890453509137706, -0.9083499127659062, 0.17700787910530064], [0.6137767524928134, -0.10351192756439108, 0.7826642824041983]], "trans": [-371.6992744964192, 609.7860421223825, -169.17924472278037]}], "rb_ScNup133C_490_881_renamed_relative_3CQC_1.pdb_11": [{"rot": [[-0.7460107730800101, -0.3551614616620151, 0.5633189705652252], [0.2555566314602933, -0.9338254580504762, -0.2503214373829863], [0.6149461233028727, -0.0427825904652519, 0.7874077186488896]], "trans": [-152.6807990450759, 822.072242270904, -187.6280076986206]}], "rb_ScNup133C_490_881_renamed_relative_3CQC_1.pdb_12": [{"rot": [[-0.3365567261627739, -0.9109719310879476, 0.23845274341992573], [0.7418858856689359, -0.41246709570356604, -0.5286551121544949], [0.5799438789398608, -0.0010177090736517846, 0.8146557932945835]], "trans": [151.885460164383, 816.7608325218963, -211.83674363220683]}], "rb_ScNup133C_490_881_renamed_relative_3CQC_1.pdb_13": [{"rot": [[0.2958875808789596, -0.9366314311005869, -0.1875422665855927], [0.7951846931766443, 0.3503060944590952, -0.49494135402326134], [0.5292748276832755, -0.00268373979361744, 0.8484462000159803]], "trans": [363.5822074420663, 596.9634283923849, -227.59962876928142]}], "rb_ScNup133C_490_881_renamed_relative_3CQC_1.pdb_14": [{"rot": [[0.780827355515414, -0.41710826479357827, -0.4651121760604566], [0.38422986103221674, 0.9076508225382397, -0.16893015786655186], [0.49262161419284717, -0.04680469833836007, 0.8689840421109506]], "trans": [358.39641664783386, 291.4405651600158, -225.65853783867863]}], "rb_ScNup84_506-726_ScNup133C_882_1155_renamed_relative_3CQC_new_1.pdb_14": [{"rot": [[0.9805285612473672, 0.18521241316656795, 0.06526946136735945], [-0.1948879515850231, 0.9586210953914719, 0.20751935282630563], [-0.024133522435864963, -0.2161988840847046, 0.9760510312557263]], "trans": [-62.905926195857546, 67.56472600548653, 85.14903793851548]}], "rb_ScNup84_506-726_ScNup133C_882_1155_renamed_relative_3CQC_new_1.pdb_15": [{"rot": [[0.5572668152654635, 0.8028487680508355, 0.21186682666983056], [-0.8302364425811878, 0.5348569297950617, 0.156957045271421], [0.012694329995011466, -0.26336651322720717, 0.9646123230067721]], "trans": [-310.9968117933297, 235.69032340061287, 104.146645582203]}], "rb_ScNup84_506-726_ScNup133C_882_1155_renamed_relative_3CQC_new_1.pdb_16": [{"rot": [[-0.1899872780757631, 0.9410353272171798, 0.27992382374249275], [-0.9790704072718387, -0.20279126526889057, 0.017229054971139385], [0.07297925577805496, -0.27079183085886827, 0.9598676015816887]], "trans": [-367.97649629551347, 530.5116524691255, 107.29507256990647]}], "rb_ScNup84_506-726_ScNup133C_882_1155_renamed_relative_3CQC_new_1.pdb_17": [{"rot": [[-0.8234817346143056, 0.5188204558754725, 0.2295717040965217], [-0.5542008105822904, -0.822198776292371, -0.12980999119197106], [0.12140549537210496, -0.23412498121408215, 0.9645963916918615]], "trans": [-200.4635637682147, 779.3183384571291, 92.77393088059563]}], "rb_ScNup84_506-726_ScNup133C_882_1155_renamed_relative_3CQC_new_1.pdb_18": [{"rot": [[-0.9721065694380492, -0.21645642111262847, 0.09030744938541435], [0.1954777470854061, -0.9605079496719197, -0.1980225467250094], [0.1296042748129888, -0.1748459218173446, 0.976028501414811]], "trans": [93.41246132099047, 836.3560333337587, 69.11391496515279]}], "rb_ScNup84_506-726_ScNup133C_882_1155_renamed_relative_3CQC_new_1.pdb_19": [{"rot": [[-0.5487952586970738, -0.8340597418035278, -0.05628597635507118], [0.8307929961818512, -0.5366953214824524, -0.1474487347996887], [0.0927726335014466, -0.12768116149800188, 0.987466839682086]], "trans": [341.4967731621553, 668.2113680039657, 50.1994006542555]}], "rb_ScNup84_506-726_ScNup133C_882_1155_renamed_relative_3CQC_new_1.pdb_20": [{"rot": [[0.19847046308707567, -0.9721887727296754, -0.12433207735885562], [0.9795683058413354, 0.20096369492458338, -0.00771540753261013], [0.03248706624392231, -0.12026048187424546, 0.9922106666561472]], "trans": [398.45999722919277, 373.385975052904, 47.13478202706568]}], "rb_ScNup84_506-726_ScNup133C_882_1155_renamed_relative_3CQC_new_1.pdb_21": [{"rot": [[0.8319317996465674, -0.5499255799551976, -0.07396848820789788], [0.5546490019334664, 0.8203380467458148, 0.13931968172325737], [-0.015936291633628086, -0.1569310217012545, 0.9874809816076293]], "trans": [230.93418702143651, 124.59284350452583, 61.739360787700264]}], "rb_4XMM.renamed.noAb_Nup145c_149-550_Sec13_Nup84_7-436_3IKO_updated_1.pdb_21": [{"rot": [[0.9982854649022752, -0.042852115757854005, -0.03987263146474591], [0.042623857609392836, 0.9990696690986849, -0.006557671045308556], [0.04011654680231299, 0.004846902322076915, 0.9991832515662671]], "trans": [30.956706054174106, -19.768097197666975, -23.309457171966983]}], "rb_4XMM.renamed.noAb_Nup145c_149-550_Sec13_Nup84_7-436_3IKO_updated_1.pdb_22": [{"rot": [[0.7385689568756424, 0.674049923435656, -0.013137604652732577], [-0.6711055559623283, 0.736921804822793, 0.0810159634467873], [0.0642901912901129, -0.0510191561386835, 0.9966262173005367]], "trans": [-308.1665013280083, 101.53918679593305, 3.171783396058288]}], "rb_4XMM.renamed.noAb_Nup145c_149-550_Sec13_Nup84_7-436_3IKO_updated_1.pdb_23": [{"rot": [[0.05175105494476445, 0.9963759567163925, 0.06750393462308053], [-0.9913523097544189, 0.043092577661135556, 0.12395010163407283], [0.1205919825555661, -0.07333473002617624, 0.9899896924288178]], "trans": [-462.54130596708063, 427.8426389356632, 13.930029138145926]}], "rb_4XMM.renamed.noAb_Nup145c_149-550_Sec13_Nup84_7-436_3IKO_updated_1.pdb_24": [{"rot": [[-0.6598206298068331, 0.7353028489914306, 0.15481103560921833], [-0.7305113399162437, -0.6759630681228855, 0.09709331999508775], [0.17603953742011325, -0.04902704150751627, 0.9831614467959634]], "trans": [-341.73085728146503, 767.9892128745737, 2.686952908502917]}], "rb_4XMM.renamed.noAb_Nup145c_149-550_Sec13_Nup84_7-436_3IKO_updated_1.pdb_25": [{"rot": [[-0.979297371290909, 0.04377090789687244, 0.1976379675178774], [-0.04138696443668082, -0.999012196544385, 0.016178699894570662], [0.19815089643357905, 0.0076641227446572905, 0.980141562971963]], "trans": [-16.50570619925844, 922.7163663277379, -23.947087808984577]}], "rb_4XMM.renamed.noAb_Nup145c_149-550_Sec13_Nup84_7-436_3IKO_updated_1.pdb_26": [{"rot": [[-0.7195251897240376, -0.6731107048737206, 0.17089610977722536], [0.6723220408746478, -0.7368080731813385, -0.07139283331645213], [0.17397291371571316, 0.06352827936600522, 0.9826991314812783]], "trans": [322.6145814402168, 801.3828679446078, -50.345491520851965]}], "rb_4XMM.renamed.noAb_Nup145c_149-550_Sec13_Nup84_7-436_3IKO_updated_1.pdb_27": [{"rot": [[-0.03268229185585175, -0.995382632528595, 0.09025121971193027], [0.9925148774093908, -0.04295357057795751, -0.1143206407243452], [0.1176693924521977, 0.08583941772313353, 0.9893358926294358]], "trans": [476.97047288096365, 475.06770867552797, -61.01969621400798]}], "rb_4XMM.renamed.noAb_Nup145c_149-550_Sec13_Nup84_7-436_3IKO_updated_1.pdb_28": [{"rot": [[0.6788690682576053, -0.734253435813346, 0.0029462110151919733], [0.731618066806501, 0.6760815602922103, -0.08745700746748036], [0.062223729278849865, 0.06152735837938564, 0.9961639381575131]], "trans": [356.14002383818763, 134.93102665925028, -49.69259737172956]}], "rb_4XMM.renamed.noAb_Seh1_Nup85_47_544_3F3F_1.pdb_28": [{"rot": [[0.6663657664403628, -0.7173395786909038, 0.20342220665382205], [0.23813300699844206, 0.46327943834876867, 0.8536186695364244], [-0.7065757824141963, -0.5203807172127076, 0.4795357889239971]], "trans": [477.62151488471574, -69.70599219070857, 766.7426109773626]}], "rb_4XMM.renamed.noAb_Seh1_Nup85_47_544_3F3F_1.pdb_29": [{"rot": [[0.6263276886158647, -0.19223237816435135, 0.7554868226901061], [-0.34194488576627935, 0.8031663718383778, 0.4878498480539566], [-0.7005621468302439, -0.5638887230059315, 0.43731245865553076]], "trans": [-11.094196548805371, -203.0588003438413, 806.386342000771]}], "rb_4XMM.renamed.noAb_Seh1_Nup85_47_544_3F3F_1.pdb_30": [{"rot": [[0.18911298932907572, 0.4187948391194022, 0.8881706817915013], [-0.7235540987847832, 0.6709177456228841, -0.1622924666768383], [-0.6638567190281096, -0.6119479237118682, 0.42989998286342423]], "trans": [-450.7939314363294, 49.360086148776546, 840.2462347268715]}], "rb_4XMM.renamed.noAb_Seh1_Nup85_47_544_3F3F_1.pdb_31": [{"rot": [[-0.38915179585054316, 0.7577937137917702, 0.5237457084539969], [-0.6831425743809264, 0.14400666964495307, -0.7159457396800228], [-0.6179620561608155, -0.6364045619222503, 0.46164069438260225]], "trans": [-583.8934719752191, 539.6802412686495, 848.5106914734137]}], "rb_4XMM.renamed.noAb_Seh1_Nup85_47_544_3F3F_1.pdb_32": [{"rot": [[-0.7697110022313, 0.6261739251855466, -0.124302809549173], [-0.24438395335298232, -0.4688949183413715, -0.848772077119182], [-0.5897638988507687, -0.6229315941348366, 0.5139404368610978]], "trans": [-332.4193172750074, 980.6653214275476, 826.3622818506192]}], "rb_4XMM.renamed.noAb_Seh1_Nup85_47_544_3F3F_1.pdb_33": [{"rot": [[-0.7296276808305378, 0.10104020130527687, -0.6763389128876472], [0.3356907776043227, -0.8087406261813103, -0.48295993767109907], [-0.595781125244213, -0.5794216748483404, 0.5561612837286394]], "trans": [156.3133403946037, 1113.980165573938, 786.7998614092836]}], "rb_4XMM.renamed.noAb_Seh1_Nup85_47_544_3F3F_1.pdb_34": [{"rot": [[-0.2923832064996549, -0.5099767180144702, -0.808972068516691], [0.7172656620424928, -0.6764440463977469, 0.16719276942437292], [-0.6324887592769763, -0.5313635282706526, 0.56356966757628]], "trans": [595.9999323795471, 861.5271750627426, 753.0236587752559]}], "rb_4XMM.renamed.noAb_Seh1_Nup85_47_544_3F3F_1.pdb_35": [{"rot": [[0.28587844255122935, -0.8489345060976249, -0.44450390374131643], [0.676808752451778, -0.14950638080966788, 0.7208174211975366], [-0.678382951355026, -0.5069102942868499, 0.5318256526878598]], "trans": [729.0677668533601, 371.19698811776504, 744.8442545971931]}], "rb_4XMM.renamed.noAb_Nup120_715-1036_Nup85_553-744_Nup145c_92-99_554-712_remaining_updated_1.pdb_35": [{"rot": [[0.9965573133964196, -0.051368365960432996, 0.06507543387994529], [0.04853002127482432, 0.9978312036077068, 0.04447163300192553], [-0.06721873363262061, -0.04116041891608834, 0.9968888913833258]], "trans": [8.954001184319509, -38.89184095197538, 59.62942531703294]}], "rb_4XMM.renamed.noAb_Nup120_715-1036_Nup85_553-744_Nup145c_92-99_554-712_remaining_updated_1.pdb_36": [{"rot": [[0.739385669029472, 0.666229771011258, 0.09719426244446805], [-0.6718937900956558, 0.7393980494419843, 0.04300301515336981], [-0.04321535912996882, -0.0971000344988245, 0.9943359673850647]], "trans": [-335.6075645946911, 108.30071140773808, 86.41819267004661]}], "rb_4XMM.renamed.noAb_Nup120_715-1036_Nup85_553-744_Nup145c_92-99_554-712_remaining_updated_1.pdb_37": [{"rot": [[0.04964908069045665, 0.9916666752635962, 0.11887882047797668], [-0.9986774869435452, 0.047700671792606564, 0.019181318584925923], [0.013350874829573166, -0.11967393651993113, 0.9927234776407305]], "trans": [-475.5829243862541, 456.7581046209125, 95.92092411135826]}], "rb_4XMM.renamed.noAb_Nup120_715-1036_Nup85_553-744_Nup145c_92-99_554-712_remaining_updated_1.pdb_38": [{"rot": [[-0.6685950328857363, 0.7342968196252119, 0.11742598813217356], [-0.7403865720052244, -0.6720548525803965, -0.013038370967690081], [0.06934267080860687, -0.09565801488342546, 0.9929960413786596]], "trans": [-328.9706254326353, 802.3492012892057, 82.59479047532102]}], "rb_4XMM.renamed.noAb_Nup120_715-1036_Nup85_553-744_Nup145c_92-99_554-712_remaining_updated_1.pdb_39": [{"rot": [[-0.9945891427241709, 0.04489109444403521, 0.09368685508016622], [-0.04833150515346286, -0.9982255889464257, -0.034781305066933034], [0.09195924523829102, -0.03912113510846763, 0.9949939869180242]], "trans": [18.343693644983773, 942.6219809450472, 54.270433645596256]}], "rb_4XMM.renamed.noAb_Nup120_715-1036_Nup85_553-744_Nup145c_92-99_554-712_remaining_updated_1.pdb_40": [{"rot": [[-0.737361302764544, -0.6726869058480752, 0.06156814018559659], [0.6720720974735349, -0.7397361209348786, -0.03331016634209565], [0.0679514899240172, 0.01681660146276725, 0.9975468895908326]], "trans": [362.90032093829865, 795.402788215032, 27.564666127654334]}], "rb_4XMM.renamed.noAb_Nup120_715-1036_Nup85_553-744_Nup145c_92-99_554-712_remaining_updated_1.pdb_41": [{"rot": [[-0.04759920856774891, -0.9980698708301973, 0.03988543950758357], [0.9988016477660769, -0.048013223608418976, -0.009486768601243697], [0.01138348643823697, 0.03938608002476417, 0.9991592230154258]], "trans": [502.85503926970483, 446.9348187861999, 18.146107986014442]}], "rb_4XMM.renamed.noAb_Nup120_715-1036_Nup85_553-744_Nup145c_92-99_554-712_remaining_updated_1.pdb_42": [{"rot": [[0.6706247794402043, -0.7406438717159979, 0.04134078482938673], [0.740454368276133, 0.6717220764862615, 0.022732805849123627], [-0.04460643116823049, 0.015365781806257603, 0.9988864595377758]], "trans": [356.2223146183998, 101.35563934350921, 31.556288282905484]}], "rb_4XMM.renamed.noAb_Nup120_2-711_3F7F_updated_1.pdb_42": [{"rot": [[0.9954092710514366, 0.09350901771845066, -0.02040702600027681], [-0.07985182043590686, 0.9289293904408544, 0.36154373780810034], [0.05276428600784039, -0.3582544503289683, 0.9321317926889789]], "trans": [-45.533128979161916, -15.889164999515742, 201.3087446075688]}], "rb_4XMM.renamed.noAb_Nup120_2-711_3F7F_updated_1.pdb_43": [{"rot": [[0.6504358508757315, 0.7140957344114159, 0.25884452088267357], [-0.7549525517602075, 0.5703088935353999, 0.3237196480678557], [0.08354548752812235, -0.4059741962857314, 0.910057747323674]], "trans": [-355.21827169198605, 171.1270698138182, 225.12388406600394]}], "rb_4XMM.renamed.noAb_Nup120_2-711_3F7F_updated_1.pdb_44": [{"rot": [[-0.0694608127243051, 0.9002886260383002, 0.4297157029033805], [-0.9874183869703005, -0.12338733377116179, 0.09889638485713947], [0.14205676530403805, -0.41743976294899277, 0.8975321274140775]], "trans": [-442.45177164132366, 522.9928601551928, 230.40617923682507]}], "rb_4XMM.renamed.noAb_Nup120_2-711_3F7F_updated_1.pdb_45": [{"rot": [[-0.7425551036688156, 0.5430132713643021, 0.3921077723504473], [-0.6410675620318367, -0.7457822604058426, -0.18122141422719956], [0.19402138780543948, -0.3859344597029238, 0.9018926177144707]], "trans": [-256.12910122523925, 833.5803815301668, 214.08519202979033]}], "rb_4XMM.renamed.noAb_Nup120_2-711_3F7F_updated_1.pdb_46": [{"rot": [[-0.9745388956930034, -0.14843338926004862, 0.16805198521360318], [0.0812027262595999, -0.9322681625775808, -0.35253679282058853], [0.20899774646982847, -0.3299145374138474, 0.9205847815239708]], "trans": [94.60120541613583, 920.9432014284083, 185.7459917778864]}], "rb_4XMM.renamed.noAb_Nup120_2-711_3F7F_updated_1.pdb_47": [{"rot": [[-0.629512812457632, -0.7689921526430927, -0.11119661921578998], [0.7562763590118207, -0.573598969342952, -0.3146907865961821], [0.17821247922494865, -0.282197256439609, 0.9426584857234626]], "trans": [404.2783026942239, 733.9030649329468, 162.01408647258893]}], "rb_4XMM.renamed.noAb_Nup120_2-711_3F7F_updated_1.pdb_48": [{"rot": [[0.09040200161024486, -0.9551309453164797, -0.28205027105767133], [0.9886856836203534, 0.1201118486655745, -0.08985411962892526], [0.1197000296951189, -0.270736072788579, 0.9551826431536543]], "trans": [491.4908939157134, 382.0308380639269, 156.81596576279236]}], "rb_4XMM.renamed.noAb_Nup120_2-711_3F7F_updated_1.pdb_49": [{"rot": [[0.7634692976307859, -0.5978070379751623, -0.24442049202657568], [0.6422820407580423, 0.7424787129360689, 0.1902607183747586], [0.06773781584045173, -0.3022451094462202, 0.9508204258013201]], "trans": [305.1505267847835, 71.45834951479992, 173.22076695498427]}]}
