{"rb_ScNup133N_56-480_renamed_1.pdb_0": [{"rot": [[-0.7026976195602046, -0.16029059606212792, 0.6931976487831372], [0.15929154911319826, -0.9850033823909369, -0.0662913196393857], [0.693427903855577, 0.06383777480819167, 0.7176924694198756]], "trans": [866.466186059358, 318.74951546176743, -325.39493884431107]}], "rb_ScNup133N_56-480_renamed_1.pdb_1": [{"rot": [[-0.372164590203262, -0.8067919129790442, 0.4588903212647354], [0.6478117977514544, -0.579851707256741, -0.4940767878432169], [0.6647054930515216, 0.11339667871263587, 0.7384495925681566]], "trans": [516.8407557892193, -265.3318483937471, -294.6445572220297]}], "rb_ScNup133N_56-480_renamed_1.pdb_2": [{"rot": [[0.20599806574039747, -0.9785163965145208, -0.008393965895284128], [0.758642254242739, 0.16511631737707866, -0.630236885475078], [0.6180831068624264, 0.12345956215728349, 0.776357526867114]], "trans": [-142.1868110447854, -430.16110985219404, -241.27276893713474]}], "rb_ScNup133N_56-480_renamed_1.pdb_3": [{"rot": [[0.693094512325529, -0.574865422898258, -0.4349134885701327], [0.4268568744650211, 0.8134879186308828, -0.39500710748484846], [0.5808727964935088, 0.08813144613360344, 0.8092092699025446]], "trans": [-724.54696016334, -79.1788466634489, -196.52151520794604]}], "rb_ScNup133N_56-480_renamed_1.pdb_4": [{"rot": [[0.8037767830826663, 0.16769657604660954, -0.5708070964516145], [-0.1531797879340574, 0.9854378704506157, 0.07381162544092572], [0.5748728864242567, 0.028108039134703427, 0.8177598073947168]], "trans": [-889.0829915954292, 582.0046993417895, -186.58270656051343]}], "rb_ScNup133N_56-480_renamed_1.pdb_5": [{"rot": [[0.4732056431822603, 0.814166311213993, -0.3364663979428867], [-0.641674077604176, 0.5802354665659574, 0.5015786892101916], [0.60359820857197, -0.02144810068942235, 0.797000113918137]], "trans": [-539.4054648308279, 1166.0590010208334, -217.25463233651828]}], "rb_ScNup133N_56-480_renamed_1.pdb_6": [{"rot": [[-0.10496567256895828, 0.9858326965195738, 0.1308285215657891], [-0.7524591518870956, -0.1647460114735647, 0.6377021063513142], [0.6502210641954758, -0.031506287888229234, 0.7590915106230638]], "trans": [119.64150783789671, 1330.8369300796244, -270.5452410410367]}], "rb_ScNup133N_56-480_renamed_1.pdb_7": [{"rot": [[-0.5920362551883739, 0.58213114295531, 0.5573297093678659], [-0.4206355521983343, -0.8130859095935584, 0.4024388597628425], [0.6874291270882603, 0.0038257054197829987, 0.7262413918310577]], "trans": [701.9808305983549, 979.8093691019037, -315.2121377961929]}], "rb_ScNup133C_490_881_renamed_relative_3CQC_1.pdb_7": [{"rot": [[0.7566653793211877, 0.32477819873617403, -0.5674298417975641], [-0.283022812852567, 0.9450713916533766, 0.16351804818848026], [0.5893688074047889, 0.03686714396363701, 0.8070224424105072]], "trans": [228.8036334682003, 124.58239685250494, -279.8569756868761]}], "rb_ScNup133C_490_881_renamed_relative_3CQC_1.pdb_8": [{"rot": [[0.3485549715976153, 0.8972432834685109, -0.27104228829691945], [-0.6994486904514332, 0.4414913957743811, 0.5620114561848035], [0.6239238424682616, -0.006311713541788444, 0.7814596605531252]], "trans": [-71.21058945840986, 49.39710831055575, -255.53693419407097]}], "rb_ScNup133C_490_881_renamed_relative_3CQC_1.pdb_9": [{"rot": [[-0.23366445744981923, 0.9472155514317439, 0.21950767742960092], [-0.7042915388143199, -0.32052972975515415, 0.633430438720499], [0.6703538988319808, -0.006587220122624693, 0.7420123037064932]], "trans": [-336.4273452170405, 209.0736102190126, -235.13317981525984]}], "rb_ScNup133C_490_881_renamed_relative_3CQC_1.pdb_10": [{"rot": [[-0.6489205569911783, 0.44542054344403326, 0.6168489687048843], [-0.2947143490860865, -0.8945892651021567, 0.33593674881850283], [0.7014595948142855, 0.036202019860824775, 0.7117891897191002]], "trans": [-411.4770053887662, 510.0712731164038, -230.57451465730088]}], "rb_ScNup133C_490_881_renamed_relative_3CQC_1.pdb_11": [{"rot": [[-0.653950448804131, -0.3141831495058075, 0.6882134545876629], [0.28934678595209296, -0.9443950402209047, -0.156193615315568], [0.6990187751184281, 0.09698946629797153, 0.708495444910668]], "trans": [-252.39250750551787, 776.0615388055702, -244.50746414571842]}], "rb_ScNup133C_490_881_renamed_relative_3CQC_1.pdb_12": [{"rot": [[-0.245807551343175, -0.886608973675691, 0.39179481300855434], [0.7057406181328487, -0.4407701297854064, -0.5546637473338405], [0.6644613063377994, 0.14016497596294028, 0.7340605914317777]], "trans": [47.6341198205414, 851.2236759782312, -268.7459051144231]}], "rb_ScNup133C_490_881_renamed_relative_3CQC_1.pdb_13": [{"rot": [[0.33641227124420753, -0.936521810062779, -0.09876073629255355], [0.7105377694116604, 0.3212548925599861, -0.6260442254711494], [0.6180314409444015, 0.14043572651930608, 0.7735082059817975]], "trans": [312.84496126562465, 691.5267616876879, -289.0666121807434]}], "rb_ScNup133C_490_881_renamed_relative_3CQC_1.pdb_14": [{"rot": [[0.7516364375868293, -0.43468201534052253, -0.49607883570182654], [0.3009280009295675, 0.8952750241725268, -0.3285193591699174], [0.5869284487467891, 0.09764310847356689, 0.8037293197459606]], "trans": [387.87767977760143, 390.52361684701106, -293.54142372207286]}], "rb_ScNup84_506-726_ScNup133C_882_1155_renamed_relative_3CQC_new_1.pdb_14": [{"rot": [[0.9844393296465962, 0.1717813779781369, 0.03701843358236245], [-0.1756574736870293, 0.9561478972372682, 0.23436222081777616], [0.0048639678093006615, -0.23721795207926813, 0.9714442778813756]], "trans": [-53.965938550848136, 50.99760946011355, 78.24627955153633]}], "rb_ScNup84_506-726_ScNup133C_882_1155_renamed_relative_3CQC_new_1.pdb_15": [{"rot": [[0.5741698629242186, 0.791167837461318, 0.210671358937005], [-0.81772451249936, 0.5413631601858492, 0.1955825924034998], [0.04068894404217098, -0.28456876455502106, 0.9577917456693604]], "trans": [-316.4749852298014, 217.2775444061131, 98.40208393055818]}], "rb_ScNup84_506-726_ScNup133C_882_1155_renamed_relative_3CQC_new_1.pdb_16": [{"rot": [[-0.1686297902235107, 0.9369219020972313, 0.30617208105847815], [-0.9805234154884928, -0.19117964413656402, 0.044990836251348504], [0.10068676937886967, -0.2926220993676337, 0.9509124467761074]], "trans": [-384.9545864774449, 521.021916428723, 102.42371067331217]}], "rb_ScNup84_506-726_ScNup133C_882_1155_renamed_relative_3CQC_new_1.pdb_17": [{"rot": [[-0.808817119507542, 0.5236587856898477, 0.2675749303678411], [-0.5686842898188619, -0.8123466121043603, -0.12919427354098556], [0.14970987176782138, -0.25666019943185675, 0.9548363714913988]], "trans": [-219.28651298126817, 784.2931063966325, 87.9792390301426]}], "rb_ScNup84_506-726_ScNup133C_882_1155_renamed_relative_3CQC_new_1.pdb_18": [{"rot": [[-0.9713613607919472, -0.2065261511594462, 0.11749066195949368], [0.17653169776059105, -0.9582493754277566, -0.2249326436471052], [0.15903982660383456, -0.19775005279285734, 0.9672648293896776]], "trans": [83.4804552240962, 852.863255898041, 63.554449057854924]}], "rb_ScNup84_506-726_ScNup133C_882_1155_renamed_relative_3CQC_new_1.pdb_19": [{"rot": [[-0.5610418056585201, -0.8258802768367244, -0.05615924354476954], [0.8185665141803975, -0.5434160381229449, -0.186139386947827], [0.12321101479160942, -0.15040205398482898, 0.9809170545928765]], "trans": [345.98307248895793, 686.5631213110948, 43.48173201294031]}], "rb_ScNup84_506-726_ScNup133C_882_1155_renamed_relative_3CQC_new_1.pdb_20": [{"rot": [[0.1817705649898506, -0.9715772116270655, -0.1516482230368836], [0.9813071112909236, 0.1891381816668602, -0.03554014020250767], [0.06321245947699408, -0.14235332831629782, 0.9877953810805853]], "trans": [414.4455176719214, 382.8137831039045, 39.54397346680679]}], "rb_ScNup84_506-726_ScNup133C_882_1155_renamed_relative_3CQC_new_1.pdb_21": [{"rot": [[0.8219257907729237, -0.5582656368035072, -0.11303748593575735], [0.5694177526624041, 0.8102726929742926, 0.13864193439606573], [0.014192160342920118, -0.1783189327709214, 0.9838703882119019]], "trans": [248.7634384035931, 119.55600325909006, 54.07197279936116]}], "rb_4XMM.renamed.noAb_Nup145c_149-550_Sec13_Nup84_7-436_3IKO_updated_1.pdb_21": [{"rot": [[0.9959046323435953, -0.01752798767028084, 0.08869460482351152], [0.01855174496515019, 0.9997703097612213, -0.010731285044185643], [-0.08848613470661046, 0.012332776174974592, 0.9960010575278028]], "trans": [-19.789624602953495, -6.0348794215984185, 43.06953295837195]}], "rb_4XMM.renamed.noAb_Nup145c_149-550_Sec13_Nup84_7-436_3IKO_updated_1.pdb_22": [{"rot": [[0.7173681460726662, 0.6926451947260737, 0.07500384805558045], [-0.6938564225377677, 0.7200008763749097, -0.012728036865586122], [-0.06281884990475307, -0.042911213479001314, 0.9971020107563733]], "trans": [-333.1486838792888, 150.8374978304109, 67.32417041706822]}], "rb_4XMM.renamed.noAb_Nup145c_149-550_Sec13_Nup84_7-436_3IKO_updated_1.pdb_23": [{"rot": [[0.018168963343604905, 0.9977901326290427, 0.06391197070295267], [-0.9998192497752646, 0.01848952650510044, -0.004427774660403814], [-0.005599691941961287, -0.06381997052438625, 0.9979457173676436]], "trans": [-444.229196629705, 484.0031297877809, 74.59820527058184]}], "rb_4XMM.renamed.noAb_Nup145c_149-550_Sec13_Nup84_7-436_3IKO_updated_1.pdb_24": [{"rot": [[-0.6920921758924283, 0.7191486188714425, 0.06191675091426818], [-0.7200993984757506, -0.69380849978444, 0.009307090937868403], [0.049651549657034263, -0.03814485027051937, 0.9980379221324677]], "trans": [-287.9567189105146, 798.2890084096534, 60.654410239020024]}], "rb_4XMM.renamed.noAb_Nup145c_149-550_Sec13_Nup84_7-436_3IKO_updated_1.pdb_25": [{"rot": [[-0.9973342815889018, 0.019952781057819585, 0.07018701657433732], [-0.018560701580384795, -0.9996189752911274, 0.02043048200015772], [0.07056791852103536, 0.019073299818688508, 0.9973246101995245]], "trans": [44.124041727708345, 909.582151363626, 33.685261960567914]}], "rb_4XMM.renamed.noAb_Nup145c_149-550_Sec13_Nup84_7-436_3IKO_updated_1.pdb_26": [{"rot": [[-0.7187422243151316, -0.6901986003592927, 0.08387792944874584], [0.6938255805739014, -0.7197938115354405, 0.02242615920236107], [0.04489631084870929, 0.07431528064506314, 0.9962236497568304]], "trans": [357.47740670363197, 752.6855830691256, 9.5136726629201]}], "rb_4XMM.renamed.noAb_Nup145c_149-550_Sec13_Nup84_7-436_3IKO_updated_1.pdb_27": [{"rot": [[-0.019519159370099792, -0.9952888330112721, 0.09496915973379363], [0.9997335192545491, -0.01825853498026947, 0.014125026700379198], [-0.012324483615827213, 0.09521956092858465, 0.9953799989552576]], "trans": [468.53846987117765, 419.51164226986316, 2.323705077234365]}], "rb_4XMM.renamed.noAb_Nup145c_149-550_Sec13_Nup84_7-436_3IKO_updated_1.pdb_28": [{"rot": [[0.6907201827561785, -0.7165917568383088, 0.09696330834215272], [0.7199579306804994, 0.6940175977209674, 0.00039000495984133077], [-0.0675737166620467, 0.06954011852881413, 0.995287880329844]], "trans": [312.24800780507053, 105.238438033791, 16.351348494934882]}], "rb_4XMM.renamed.noAb_Seh1_Nup85_47_544_3F3F_1.pdb_28": [{"rot": [[0.6603069940451531, -0.7219184413995955, 0.20695032636416205], [0.2799265238586731, 0.4923029155506829, 0.8241838269346817], [-0.6968757528106815, -0.4862834598333326, 0.5271551781373962]], "trans": [480.26061645019524, -95.95305247457645, 731.0174423393196]}], "rb_4XMM.renamed.noAb_Seh1_Nup85_47_544_3F3F_1.pdb_29": [{"rot": [[0.6516881268902879, -0.1743432062616146, 0.7381781842486596], [-0.3075639792131786, 0.8288798579142065, 0.4672928202259053], [-0.6933303570166124, -0.531566202438177, 0.4865494717545911]], "trans": [-28.433383663066593, -225.53577512822366, 772.2352234306071]}], "rb_4XMM.renamed.noAb_Seh1_Nup85_47_544_3F3F_1.pdb_30": [{"rot": [[0.23147321810888996, 0.45024395059908007, 0.8623807362454515], [-0.7166999417424416, 0.6783538544815985, -0.16179382440729626], [-0.6578459871464558, -0.5806172862212174, 0.47971056287767266]], "trans": [-479.60757822827014, 43.71957880160244, 806.9277842789547]}], "rb_4XMM.renamed.noAb_Seh1_Nup85_47_544_3F3F_1.pdb_31": [{"rot": [[-0.35416991370468376, 0.7859510660145815, 0.5067983761388338], [-0.7078037480624019, 0.12890516048032868, -0.6945482804171039], [-0.6112098873997639, -0.6047018946820679, 0.5106447807553548]], "trans": [-608.9558491737118, 554.0795432774988, 814.7957384754793]}], "rb_4XMM.renamed.noAb_Seh1_Nup85_47_544_3F3F_1.pdb_32": [{"rot": [[-0.7621632643658831, 0.6361161783041623, -0.12026373580945901], [-0.286086913867158, -0.497591431917073, -0.8188754756351428], [-0.5807421425771557, -0.5897109245913825, 0.5612304243824193]], "trans": [-340.70224222966857, 1006.5681718291656, 791.2539324148886]}], "rb_4XMM.renamed.noAb_Seh1_Nup85_47_544_3F3F_1.pdb_33": [{"rot": [[-0.7534985763511335, 0.08851467736050253, -0.6514637728443389], [0.3014028931643541, -0.8341253852822565, -0.46194278608923345], [-0.5842911871909169, -0.5444262976009632, 0.6018337104645565]], "trans": [168.00841061944556, 1136.111362556553, 750.117492928129]}], "rb_4XMM.renamed.noAb_Seh1_Nup85_47_544_3F3F_1.pdb_34": [{"rot": [[-0.3332517460715765, -0.5360607563824387, -0.7756172633502508], [0.7105058604667955, -0.6835503646051547, 0.1671535859337078], [-0.6197779408647769, -0.4953763867150379, 0.6086686615085166]], "trans": [619.1681494536781, 866.8210045677489, 715.5087311915272]}], "rb_4XMM.renamed.noAb_Seh1_Nup85_47_544_3F3F_1.pdb_35": [{"rot": [[0.25239070781471706, -0.8717250273244304, -0.41999334202461563], [0.7015637014425571, -0.13407534010620548, 0.6998801154437968], [-0.666413762933362, -0.4712953213343254, 0.5777312668199379]], "trans": [748.4831512508814, 356.4513033618208, 707.7259527151119]}], "rb_4XMM.renamed.noAb_Nup120_715-1036_Nup85_553-744_Nup145c_92-99_554-712_remaining_updated_1.pdb_35": [{"rot": [[0.9990492048579124, -0.012612072606459596, 0.041732743707339724], [0.009458754403865982, 0.9971452444667334, 0.07491257172535054], [-0.04255840972005954, -0.07444660544274556, 0.9963164581096468]], "trans": [-4.972833347368464, -27.68363337745484, 63.50250828283819]}], "rb_4XMM.renamed.noAb_Nup120_715-1036_Nup85_553-744_Nup145c_92-99_554-712_remaining_updated_1.pdb_36": [{"rot": [[0.7140949474010374, 0.6925641066736464, 0.10209487863572722], [-0.6998568582369668, 0.7096817155242121, 0.08094591175157353], [-0.016394635555326775, -0.12925486759865337, 0.9914758671430497]], "trans": [-337.50264549270173, 126.26424967537261, 89.29940249645426]}], "rb_4XMM.renamed.noAb_Nup120_715-1036_Nup85_553-744_Nup145c_92-99_554-712_remaining_updated_1.pdb_37": [{"rot": [[0.012535971261134538, 0.9887508153093156, 0.14904588102226324], [-0.9990813296130456, 0.00627667685359018, 0.042392217992264405], [0.0409798272710863, -0.14944038461151743, 0.9879211634558664]], "trans": [-464.2053597336067, 470.961659481108, 97.76251599742034]}], "rb_4XMM.renamed.noAb_Nup120_715-1036_Nup85_553-744_Nup145c_92-99_554-712_remaining_updated_1.pdb_38": [{"rot": [[-0.6946445833574773, 0.702437703149182, 0.15508119165978157], [-0.7129247453272178, -0.7010052818808368, -0.018163212141291518], [0.09595420945554113, -0.12317819599941218, 0.9877347425893714]], "trans": [-310.8548262202277, 804.4801099372529, 83.95804246815675]}], "rb_4XMM.renamed.noAb_Nup120_715-1036_Nup85_553-744_Nup145c_92-99_554-712_remaining_updated_1.pdb_39": [{"rot": [[-0.9931703763133951, 0.0013510283115326957, 0.11666524047894374], [-0.009021667261959266, -0.9978284165768231, -0.06524615384529235], [0.11632374277559517, -0.0658530621481682, 0.9910258125156911]], "trans": [32.715963612039616, 931.4399069516251, 55.996842046369295]}], "rb_4XMM.renamed.noAb_Nup120_715-1036_Nup85_553-744_Nup145c_92-99_554-712_remaining_updated_1.pdb_40": [{"rot": [[-0.708160788879362, -0.7038027497616215, 0.05630263334639634], [0.7002715564187003, -0.7103095497232612, -0.07127475600005635], [0.090155667401941, -0.011046854752231567, 0.9958664180679015]], "trans": [365.24031007057994, 777.4663280952473, 30.28298509325373]}], "rb_4XMM.renamed.noAb_Nup120_715-1036_Nup85_553-744_Nup145c_92-99_554-712_remaining_updated_1.pdb_41": [{"rot": [[-0.006578456009417311, -0.9999346052067567, 0.009354636633146144], [0.9994409542481774, -0.0068812875389903105, -0.03271737846003242], [0.03277961085832804, 0.009134177128333764, 0.9994208642609795]], "trans": [491.9226757459594, 432.75938368482684, 21.90401647851462]}], "rb_4XMM.renamed.noAb_Nup120_715-1036_Nup85_553-744_Nup145c_92-99_554-712_remaining_updated_1.pdb_42": [{"rot": [[0.7005797993903319, -0.7135663216449507, 0.0033240487805687915], [0.7132288746894545, 0.7003781756499471, 0.027838523352810098], [-0.02219272392959798, -0.01713229953465685, 0.9996069063973289]], "trans": [338.5526579434486, 99.25337891908396, 35.79245906131001]}], "rb_4XMM.renamed.noAb_Nup120_2-711_3F7F_updated_1.pdb_42": [{"rot": [[0.9946729370442984, 0.0771107423308158, 0.06840819928094274], [-0.09643314483222815, 0.9305535177593605, 0.3532291029395049], [-0.03641973214395122, -0.357944247059331, 0.9330324319699144]], "trans": [-59.49302360234333, -8.506313337074062, 256.9887165138307]}], "rb_4XMM.renamed.noAb_Nup120_2-711_3F7F_updated_1.pdb_43": [{"rot": [[0.636461090514689, 0.7036214332871618, 0.31596543937553323], [-0.7712951850962211, 0.583032093661978, 0.2552984825797392], [-0.004584507415150291, -0.40619017267660673, 0.9137770657620543]], "trans": [-358.8094553787065, 189.3930315613706, 279.92445403755835]}], "rb_4XMM.renamed.noAb_Nup120_2-711_3F7F_updated_1.pdb_44": [{"rot": [[-0.09263173807925962, 0.9018284085296282, 0.4220484364019539], [-0.9942015660728558, -0.10702129174184316, 0.01047325795485518], [0.05461325039490958, -0.4186310603417118, 0.9065127843546817]], "trans": [-431.0370454569741, 541.5961213453703, 284.00904415343587]}], "rb_4XMM.renamed.noAb_Nup120_2-711_3F7F_updated_1.pdb_45": [{"rot": [[-0.76549268953833, 0.5556192272428278, 0.32451227493186935], [-0.634570586806048, -0.7353636355298108, -0.23782450231422309], [0.10649466007271013, -0.3879788626439113, 0.9154951062226031]], "trans": [-233.86193982101338, 841.7775367510712, 266.87368128004823]}], "rb_4XMM.renamed.noAb_Nup120_2-711_3F7F_updated_1.pdb_46": [{"rot": [[-0.9879503311583832, -0.1321918906259759, 0.08049501361433198], [0.09692085425289854, -0.933903133083886, -0.34413846926344976], [0.1206668603011194, -0.33219006919056443, 0.9354620605648518]], "trans": [117.20981781790465, 914.0868888710365, 238.58050749842891]}], "rb_4XMM.renamed.noAb_Nup120_2-711_3F7F_updated_1.pdb_47": [{"rot": [[-0.6296858398256449, -0.7586754940924756, -0.16705459522746022], [0.771754756902334, -0.5863325473299759, -0.24618842202703384], [0.08882757635831204, -0.28394654180862944, 0.954716723993682]], "trans": [416.5173550623827, 716.1644564667045, 215.72806784478738]}], "rb_4XMM.renamed.noAb_Nup120_2-711_3F7F_updated_1.pdb_48": [{"rot": [[0.09942439390783847, -0.9568286548271866, -0.2731185002845008], [0.9946039058121917, 0.1037363718520194, -0.0013548793717339802], [0.029628709711888176, -0.27151001907217986, 0.9619794431817306]], "trans": [488.72400969759406, 363.9561079420099, 211.72764858881246]}], "rb_4XMM.renamed.noAb_Nup120_2-711_3F7F_updated_1.pdb_49": [{"rot": [[0.7722573146666969, -0.6105704573121498, -0.17556297047331415], [0.6349201273780778, 0.7320515216335266, 0.24693521726202383], [-0.022250208852657424, -0.3021659913551984, 0.9529956148242984]], "trans": [291.5320186636658, 63.790576795612196, 228.94675663775237]}]}
