{"rb_ScNup133N_56-480_renamed_1.pdb_0": [{"rot": [[-0.5471227785985903, -0.07983129247631386, 0.8332368390080485], [0.23886304114906615, -0.9689412541237437, 0.06401010568755275], [0.8022475383019774, 0.23405087224505997, 0.5491985765547368]], "trans": [710.8334538607338, 225.95442597302988, -375.07204456551386]}], "rb_ScNup133N_56-480_renamed_1.pdb_1": [{"rot": [[-0.20362271327441706, -0.7350623522758477, 0.6467001847111741], [0.6007011732019576, -0.6153948627519389, -0.5103403407651785], [0.7731079427560946, 0.28455667478592817, 0.5668611890773784]], "trans": [340.1045276484391, -224.12426878430728, -343.29156990491555]}], "rb_ScNup133N_56-480_renamed_1.pdb_2": [{"rot": [[0.29441499172354596, -0.94933818874416, 0.10989456783839036], [0.6127919970000874, 0.09929002218214605, -0.783981798199243], [0.733352426232486, 0.2981585063133889, 0.6109793155679655]], "trans": [-239.39333630572747, -279.26794978094136, -296.79246353348725]}], "rb_ScNup133N_56-480_renamed_1.pdb_3": [{"rot": [[0.6552328264758519, -0.5971329955888192, -0.4627117122870283], [0.2680525374818952, 0.756440918027247, -0.5966112425052157], [0.7062703308634644, 0.26688822213283125, 0.6557079354627281]], "trans": [-688.18020503827, 92.82744563203738, -262.7905526998248]}], "rb_ScNup133N_56-480_renamed_1.pdb_4": [{"rot": [[0.66745861585313, 0.1152264589465526, -0.7356778230190618], [-0.23156396914048244, 0.9710895641696721, -0.05799298713349342], [0.7077267299737472, 0.2090643956282328, 0.674844392553774]], "trans": [-743.348489611552, 674.18330507181, -261.1806312960438]}], "rb_ScNup133N_56-480_renamed_1.pdb_5": [{"rot": [[0.3239303200545409, 0.7704299621268255, -0.549096367868724], [-0.5933751286949135, 0.617491757153279, 0.5163427994017682], [0.7368684444293034, 0.15856103968194105, 0.6571782804531237]], "trans": [-372.57791771046925, 1124.233285756119, -292.88180907918473]}], "rb_ScNup133N_56-480_renamed_1.pdb_6": [{"rot": [[-0.174108341492132, 0.984650063419601, -0.012269394061599992], [-0.6054268623770628, -0.09720992194265105, 0.789942115213623], [0.7766238470038943, 0.1449637323046125, 0.6130586567215184]], "trans": [206.93079511952487, 1179.331880090548, -339.2990842160901]}], "rb_ScNup133N_56-480_renamed_1.pdb_7": [{"rot": [[-0.5348992985077188, 0.6323936069841428, 0.5603222878857658], [-0.26065909466648185, -0.7543331522100463, 0.6025266233491332], [0.8037036623181478, 0.17623796787992005, 0.5683314190276267]], "trans": [655.695187169032, 807.2016714189883, -373.21655754679426]}], "rb_ScNup133C_490_881_renamed_relative_3CQC_1.pdb_7": [{"rot": [[0.8375590313560255, 0.392817180727665, -0.37972296680491846], [-0.2835970600919818, 0.9066403655369486, 0.31237150171905415], [0.46697706207173073, -0.15394125536775763, 0.8707666239553842]], "trans": [110.57444554425797, 86.36873238908834, -183.49911165692038]}], "rb_ScNup133C_490_881_renamed_relative_3CQC_1.pdb_8": [{"rot": [[0.4030794779807611, 0.9146134071281617, -0.03176869421578227], [-0.7639153260879292, 0.35537500451547926, 0.5386482903839934], [0.5039447479622474, -0.19284947930197216, 0.8419315704582102]], "trans": [-180.06356634850255, 111.25002638536662, -160.4132834173659]}], "rb_ScNup133C_490_881_renamed_relative_3CQC_1.pdb_9": [{"rot": [[-0.24282992287558897, 0.8951311299359583, 0.37386346274517535], [-0.7952134835093532, -0.40440886802705545, 0.45176208683996333], [0.5555800070207336, -0.18759991386099648, 0.8100229182672497]], "trans": [-368.11162688763113, 335.0044881125225, -146.47212141146338]}], "rb_ScNup133C_490_881_renamed_relative_3CQC_1.pdb_10": [{"rot": [[-0.7217863368688234, 0.34578334183035603, 0.5995484671168125], [-0.3591566304347637, -0.9276191466026367, 0.10261205421852646], [0.5916341764335755, -0.14126782849902655, 0.7937332057479627]], "trans": [-343.4066173923886, 626.5537157480574, -149.8185500114683]}], "rb_ScNup133C_490_881_renamed_relative_3CQC_1.pdb_11": [{"rot": [[-0.753210343396268, -0.4116142771125709, 0.5130768611796623], [0.2888069802031161, -0.9077518727567607, -0.3042647953552194], [0.5909862153949412, -0.08099521210350823, 0.8026051761790942]], "trans": [-120.41916742645833, 815.1041776941445, -168.46817925766783]}], "rb_ScNup133C_490_881_renamed_relative_3CQC_1.pdb_12": [{"rot": [[-0.3186933163556539, -0.9333675224096291, 0.16510493094135148], [0.7690911290057064, -0.35644557563690327, -0.530514266437395], [0.5540157086175136, -0.042090613202827115, 0.8314415041873042]], "trans": [170.22344403633707, 790.2004715764319, -191.47178847667948]}], "rb_ScNup133C_490_881_renamed_relative_3CQC_1.pdb_13": [{"rot": [[0.3272185431225459, -0.9138259862450429, -0.24052046046030143], [0.8003385895979516, 0.40333674248533385, -0.4435962287505197], [0.5023805002556553, -0.04734489438784678, 0.8633494622331583]], "trans": [358.2605904795343, 566.431656376112, -205.32953413592958]}], "rb_ScNup133C_490_881_renamed_relative_3CQC_1.pdb_14": [{"rot": [[0.8061409603987834, -0.36443737603968734, -0.4661782394241893], [0.36424415897572043, 0.9265038867232586, -0.09442849431589638], [0.46632922342418054, -0.093680023655018, 0.8796369185911866]], "trans": [333.5393735322074, 274.8847759730056, -201.89934853282898]}], "rb_ScNup84_506-726_ScNup133C_882_1155_renamed_relative_3CQC_new_1.pdb_14": [{"rot": [[0.9859421759745577, 0.13101080251996078, 0.10370243612195847], [-0.1483759384620284, 0.9718766567494086, 0.1828670143877881], [-0.07682842260560481, -0.1956832483598608, 0.9776530365069533]], "trans": [-60.66725767604612, 44.429956364565385, 108.18956820174057]}], "rb_ScNup84_506-726_ScNup133C_882_1155_renamed_relative_3CQC_new_1.pdb_15": [{"rot": [[0.5928535154935237, 0.7741735761212687, 0.22176560419184713], [-0.8041983069337058, 0.5836109566832632, 0.11253148165827259], [-0.04230593684023601, -0.24505820793201583, 0.9685848865397486]], "trans": [-325.26401002119746, 219.08111356056722, 128.47104570032963]}], "rb_ScNup84_506-726_ScNup133C_882_1155_renamed_relative_3CQC_new_1.pdb_16": [{"rot": [[-0.14748905608786878, 0.955439299966711, 0.2557004544646512], [-0.9889070356735616, -0.147053517837884, -0.020931738743607736], [0.01760264552949399, -0.25595118083459345, 0.9665294304364138]], "trans": [-389.31956411237, 530.2233537484216, 132.10405436891182]}], "rb_ScNup84_506-726_ScNup133C_882_1155_renamed_relative_3CQC_new_1.pdb_17": [{"rot": [[-0.801382421506981, 0.5686199571809214, 0.18562747316917305], [-0.5942971469927132, -0.7920832152704544, -0.13933801047502364], [0.067802032240386, -0.22198090995034575, 0.9726907833642138]], "trans": [-215.3073598403784, 795.5852823156761, 116.98433140519586]}], "rb_ScNup84_506-726_ScNup133C_882_1155_renamed_relative_3CQC_new_1.pdb_18": [{"rot": [[-0.9857666274048448, -0.15968022707945073, 0.05259640077734026], [0.14846332232016746, -0.9736106439397147, -0.17332327002728035], [0.07888471474584674, -0.1630476589440846, 0.983459537902967]], "trans": [94.83571329942822, 859.7142566996199, 91.99322861060705]}], "rb_ScNup84_506-726_ScNup133C_882_1155_renamed_relative_3CQC_new_1.pdb_19": [{"rot": [[-0.5926268061491882, -0.8028127358420815, -0.06546128476559085], [0.8042548164189779, -0.585294476594468, -0.10297847316250622], [0.044358301368354135, -0.11367535721411684, 0.9925272058044325]], "trans": [359.42538338368325, 685.0427362827793, 71.7948912779512]}], "rb_ScNup84_506-726_ScNup133C_882_1155_renamed_relative_3CQC_new_1.pdb_20": [{"rot": [[0.14773019169694507, -0.9840214773054491, -0.0993857266552052], [0.9889054314005689, 0.14538420067648067, 0.03048740625427826], [-0.015551148113128084, -0.102786995263312, 0.9945818193578149]], "trans": [423.4632043019466, 373.8958773889566, 68.24579511444125]}], "rb_ScNup84_506-726_ScNup133C_882_1155_renamed_relative_3CQC_new_1.pdb_21": [{"rot": [[0.8015927977616207, -0.5971518156770571, -0.029303508497936056], [0.5942442334350523, 0.7903835161584599, 0.148888174191821], [-0.06574783346910995, -0.13676112904835508, 0.9884197569734908]], "trans": [249.4368309662877, 108.54801392404363, 83.44905559610373]}], "rb_4XMM.renamed.noAb_Nup145c_149-550_Sec13_Nup84_7-436_3IKO_updated_1.pdb_21": [{"rot": [[0.9990131582532021, -0.033114966989028854, -0.02959913171495145], [0.032581372010820925, 0.9993009593103176, -0.018331582565959115], [0.030185490469031805, 0.017349111873396026, 0.99939373846465]], "trans": [22.612313644519872, -11.98925238247233, -22.900731043852545]}], "rb_4XMM.renamed.noAb_Nup145c_149-550_Sec13_Nup84_7-436_3IKO_updated_1.pdb_22": [{"rot": [[0.7318086737128568, 0.6813632109341266, -0.014150613561506882], [-0.6792914682735989, 0.7309430757251578, 0.06546236460856711], [0.05494693994507976, -0.03829353515913464, 0.9977546987890804]], "trans": [-308.59010658751265, 112.94397553373958, 2.9315318131218078]}], "rb_4XMM.renamed.noAb_Nup145c_149-550_Sec13_Nup84_7-436_3IKO_updated_1.pdb_23": [{"rot": [[0.041002715853763694, 0.9975972844309703, 0.055842952899803726], [-0.9929143267954846, 0.03444386313274872, 0.11373108606164903], [0.11153437558387663, -0.060110551390306306, 0.9919409280167185]], "trans": [-454.8061091193986, 436.19166663657325, 13.054338228048664]}], "rb_4XMM.renamed.noAb_Nup145c_149-550_Sec13_Nup84_7-436_3IKO_updated_1.pdb_24": [{"rot": [[-0.6687208448462152, 0.7303328743466154, 0.13937834952665756], [-0.7245625109504109, -0.6821776190913795, 0.09819808417709877], [0.1667980797053728, -0.03532122109196977, 0.9853582150401815]], "trans": [-330.3783846830599, 768.3908824807241, 1.5616103726802635]}], "rb_4XMM.renamed.noAb_Nup145c_149-550_Sec13_Nup84_7-436_3IKO_updated_1.pdb_25": [{"rot": [[-0.981595939426826, 0.0361372405366594, 0.1875193631259511], [-0.03144029822102541, -0.9991144022974325, 0.027962810474212476], [0.18836379521696753, 0.021552516517552227, 0.9818628059373777]], "trans": [-8.196535344954555, 914.9347552109242, -24.79004482665937]}], "rb_4XMM.renamed.noAb_Nup145c_149-550_Sec13_Nup84_7-436_3IKO_updated_1.pdb_26": [{"rot": [[-0.7143359259439137, -0.6783200265545889, 0.17206430914292659], [0.6804115461525985, -0.7307004500746622, -0.05582992139449987], [0.16359802189538009, 0.07719322402690139, 0.983502360645998]], "trans": [323.00268212784346, 789.9759347083965, -50.5394512946724]}], "rb_4XMM.renamed.noAb_Nup145c_149-550_Sec13_Nup84_7-436_3IKO_updated_1.pdb_27": [{"rot": [[-0.02350548866195873, -0.9944997860176106, 0.10206697611710085], [0.9939801746253862, -0.03417644027189343, -0.10409314762282725], [0.10700889894980013, 0.09900579044312512, 0.9893164049000112]], "trans": [469.20000957006687, 466.71717673807046, -60.57823875457893]}], "rb_4XMM.renamed.noAb_Nup145c_149-550_Sec13_Nup84_7-436_3IKO_updated_1.pdb_28": [{"rot": [[0.6861971615501047, -0.727179476624359, 0.018532788697398286], [0.7255726633203176, 0.6824240411798738, -0.08855358977472563], [0.05174713250838196, 0.07421210680241308, 0.9958989895973921]], "trans": [344.7529045230076, 134.52813646262996, -49.00153906427579]}], "rb_4XMM.renamed.noAb_Seh1_Nup85_47_544_3F3F_1.pdb_28": [{"rot": [[0.6955537254701846, -0.6879487891050835, 0.2071991277814586], [0.24073663340576876, 0.49487241259166137, 0.8349533930658439], [-0.6769423079709262, -0.5308745226741989, 0.5098248256552812]], "trans": [447.7737460121883, -82.33713148179777, 750.1501081285999]}], "rb_4XMM.renamed.noAb_Seh1_Nup85_47_544_3F3F_1.pdb_29": [{"rot": [[0.64944161352682, -0.1493307449634989, 0.7456043986111722], [-0.35896761901921587, 0.8041877571604701, 0.4737344189827128], [-0.6703490427496384, -0.5753106811470302, 0.468668092622897]], "trans": [-41.487373949065955, -191.91036088325785, 789.7216127093925]}], "rb_4XMM.renamed.noAb_Seh1_Nup85_47_544_3F3F_1.pdb_30": [{"rot": [[0.1940958546177038, 0.4497038748266752, 0.8718332548062718], [-0.7501404816673524, 0.6407465496709923, -0.1635026508916345], [-0.6321519255559508, -0.6222622309369202, 0.461707330421893]], "trans": [-464.8108429445361, 77.7032859997778, 822.19255501269]}], "rb_4XMM.renamed.noAb_Seh1_Nup85_47_544_3F3F_1.pdb_31": [{"rot": [[-0.40373558531300346, 0.7582321436042154, 0.5119390525807959], [-0.7036273760619989, 0.10029495399158966, -0.7034553559821201], [-0.5847273662212782, -0.6442242921600995, 0.49302025169636365]], "trans": [-574.2058906364991, 568.5604500659855, 828.5650040981216]}], "rb_4XMM.renamed.noAb_Seh1_Nup85_47_544_3F3F_1.pdb_32": [{"rot": [[-0.7938346193305897, 0.5955138512706495, -0.1232471098933201], [-0.24667633530156113, -0.5005628647612445, -0.8298117883135956], [-0.5558573402901585, -0.6283311796869662, 0.5442633056515348]], "trans": [-305.5854422775674, 993.1102003145463, 805.129894341095]}], "rb_4XMM.renamed.noAb_Seh1_Nup85_47_544_3F3F_1.pdb_33": [{"rot": [[-0.747675732911174, 0.05687166780290212, -0.6616242225138483], [0.3530242779268221, -0.8098359242668552, -0.4685505682005873], [-0.5624543160204071, -0.5838933028971678, 0.5854175887534057]], "trans": [183.69076927453904, 1102.6454236935547, 765.6398483735109]}], "rb_4XMM.renamed.noAb_Seh1_Nup85_47_544_3F3F_1.pdb_34": [{"rot": [[-0.2922994525595487, -0.5421502208688335, -0.7878033815903958], [0.7441613886153174, -0.6463477055167178, 0.16869638783150112], [-0.6006536920118866, -0.5369429965882307, 0.5923743416855093]], "trans": [606.9997538372776, 832.9989586961175, 733.2526968340146]}], "rb_4XMM.renamed.noAb_Seh1_Nup85_47_544_3F3F_1.pdb_35": [{"rot": [[0.3055283758887515, -0.8506363461520242, -0.42786705660977753], [0.6976013622893434, -0.10587191223854622, 0.7086208277569922], [-0.6480777351975864, -0.5149844121952493, 0.5610582004900023]], "trans": [716.3630529363769, 342.13362332806935, 726.9652946544662]}], "rb_4XMM.renamed.noAb_Nup120_715-1036_Nup85_553-744_Nup145c_92-99_554-712_remaining_updated_1.pdb_35": [{"rot": [[0.9945700310153749, -0.07102889055185067, 0.07606148902731108], [0.06443850931521615, 0.9942220365095722, 0.0858499891438198], [-0.08171983800345756, -0.08048253739622277, 0.9934004375129681]], "trans": [16.783125947699546, -59.477976174391756, 89.8473692696299]}], "rb_4XMM.renamed.noAb_Nup120_715-1036_Nup85_553-744_Nup145c_92-99_554-712_remaining_updated_1.pdb_36": [{"rot": [[0.7489054478053857, 0.6489698139863732, 0.1340850878431649], [-0.6600795870701003, 0.7484371155744521, 0.06431813713069226], [-0.0586137268972299, -0.13667503270564355, 0.9888803600305399]], "trans": [-343.97280220474295, 89.96710169898108, 117.91596797962706]}], "rb_4XMM.renamed.noAb_Nup120_715-1036_Nup85_553-744_Nup145c_92-99_554-712_remaining_updated_1.pdb_37": [{"rot": [[0.06442253209757554, 0.985020455718981, 0.1599513650248387], [-0.9979197951001089, 0.06397690260226341, 0.007939677624353672], [-0.0024124480294905326, -0.16013012754816897, 0.9870929654018985]], "trans": [-493.81571780349867, 451.5041745189841, 128.14156590146854]}], "rb_4XMM.renamed.noAb_Nup120_715-1036_Nup85_553-744_Nup145c_92-99_554-712_remaining_updated_1.pdb_38": [{"rot": [[-0.6578989728773078, 0.7402598304049632, 0.13850749068479973], [-0.751170557363898, -0.658192158758882, -0.05025809286010373], [0.05396049700100675, -0.13710749664821043, 0.9890853346027666]], "trans": [-344.9636147664438, 813.3398441501123, 114.55786849279554]}], "rb_4XMM.renamed.noAb_Nup120_715-1036_Nup85_553-744_Nup145c_92-99_554-712_remaining_updated_1.pdb_39": [{"rot": [[-0.9949129447717583, 0.05807216347808824, 0.082315588770071], [-0.06438105649159187, -0.9950132497798606, -0.076182099784321], [0.07748104213687179, -0.0810941218060593, 0.9936903096628694]], "trans": [15.385759471926292, 963.5057902346881, 85.14640212692865]}], "rb_4XMM.renamed.noAb_Nup120_715-1036_Nup85_553-744_Nup145c_92-99_554-712_remaining_updated_1.pdb_40": [{"rot": [[-0.7491918469530034, -0.6619073909297767, 0.024293667728117585], [0.6601177341738501, -0.7491718261631999, -0.05464569436359406], [0.05437052039782837, -0.02490342779283298, 0.9982102312618506]], "trans": [376.13657389586143, 814.0328010117071, 57.16082340385498]}], "rb_4XMM.renamed.noAb_Nup120_715-1036_Nup85_553-744_Nup145c_92-99_554-712_remaining_updated_1.pdb_41": [{"rot": [[-0.06468256319074889, -0.9979046581347876, -0.0015682129855975038], [0.997904207627664, -0.06468526022761273, 0.0017347934432988311], [-0.0018325987230352863, -0.0014527154502650163, 0.9999972655961324]], "trans": [525.9578281686012, 452.48437793231903, 47.01948383739767]}], "rb_4XMM.renamed.noAb_Nup120_715-1036_Nup85_553-744_Nup145c_92-99_554-712_remaining_updated_1.pdb_42": [{"rot": [[0.6576197165061758, -0.7530877014467812, 0.019880201003538062], [0.7510982849313297, 0.6574645664412545, 0.059930878914201735], [-0.05820373558073769, -0.024479742723675757, 0.9980045427555081]], "trans": [377.08403239675255, 90.6608018643742, 60.68732803966188]}], "rb_4XMM.renamed.noAb_Nup120_2-711_3F7F_updated_1.pdb_42": [{"rot": [[0.9957568245076355, 0.09107030428709773, -0.013211590499562456], [-0.08242471485634598, 0.946491946379662, 0.3120242968412739], [0.04092081166500439, -0.3096113614121691, 0.9499822588118069]], "trans": [-46.98963600164507, -12.289642521669748, 173.28737049696468]}], "rb_4XMM.renamed.noAb_Nup120_2-711_3F7F_updated_1.pdb_43": [{"rot": [[0.648634248372665, 0.7257098740360007, 0.22938786054340782], [-0.7576989621107589, 0.5872478915187818, 0.2846615476720134], [0.0718741584598292, -0.3584481728693832, 0.9307787130743237]], "trans": [-354.26717963760314, 173.08477797941336, 196.91859760293198]}], "rb_4XMM.renamed.noAb_Nup120_2-711_3F7F_updated_1.pdb_44": [{"rot": [[-0.07290496598560475, 0.9214037385086004, 0.3817067154203798], [-0.9887629274510433, -0.11685753906211743, 0.09323190903757542], [0.13050953694302522, -0.3706203802096193, 0.9195693527625834]], "trans": [-440.9549292879058, 522.0822595739305, 202.17134877209742]}], "rb_4XMM.renamed.noAb_Nup120_2-711_3F7F_updated_1.pdb_45": [{"rot": [[-0.7461729730931774, 0.5635116726133584, 0.3545144412485697], [-0.6402560819789489, -0.7533494562421739, -0.15012243759208138], [0.18247751564029957, -0.3389973327448435, 0.9229207791991835]], "trans": [-256.2680655708718, 830.2552734745032, 185.99249320695913]}], "rb_4XMM.renamed.noAb_Nup120_2-711_3F7F_updated_1.pdb_46": [{"rot": [[-0.9767598813075363, -0.13830810517016304, 0.16374065564888962], [0.08366135028144989, -0.9493619204012779, -0.3028410846650166], [0.1973345198822894, -0.2821042575648909, 0.9388696795224508]], "trans": [91.60315600254557, 917.0718396938586, 157.883837520625]}], "rb_4XMM.renamed.noAb_Nup120_2-711_3F7F_updated_1.pdb_47": [{"rot": [[-0.6295846285213046, -0.7729196733575101, -0.07885666786399079], [0.7589083302762165, -0.5900680662592822, -0.2754592953929811], [0.1663771071002772, -0.2332699203025376, 0.9580729630435209]], "trans": [398.87278218967793, 731.6737064222945, 134.33583344738128]}], "rb_4XMM.renamed.noAb_Nup120_2-711_3F7F_updated_1.pdb_48": [{"rot": [[0.0919726270122786, -0.9685586272814241, -0.23116059655396476], [0.9899156561419992, 0.11405270038408866, -0.08401770801476212], [0.10774056620148596, -0.2211021642902256, 0.9692810755094533]], "trans": [485.53984680763836, 382.66983103915186, 129.16723870137812]}], "rb_4XMM.renamed.noAb_Nup120_2-711_3F7F_updated_1.pdb_49": [{"rot": [[0.7652134710443377, -0.6106169092240255, -0.20394934150905103], [0.6413559791833274, 0.7505165063263386, 0.15933449625709772], [0.0557750096196542, -0.25272903256532697, 0.9659281466033187]], "trans": [300.8354747368776, 74.51172149369802, 145.4298938631967]}]}
