{"rb_ScNup133N_56-480_renamed_1.pdb_0": [{"rot": [[0.5396728642630013, -0.02708980429202046, 0.841438852253442], [0.5943743835035905, 0.7200926588231102, -0.3580302430574713], [-0.5962149711411955, 0.6933489058277118, 0.40471595344713035]], "trans": [43.74543324101933, -202.4983959067156, 424.4758267484051]}], "rb_ScNup133N_56-480_renamed_1.pdb_1": [{"rot": [[0.7898379724784403, 0.5021595921156182, 0.35212458204082203], [0.005598606710460197, 0.5682056236739104, -0.8228675621436571], [-0.613290007120652, 0.6519034539497545, 0.44597898369130834]], "trans": [-419.0707291757276, -10.890362228324676, 460.47411540050916]}], "rb_ScNup133N_56-480_renamed_1.pdb_2": [{"rot": [[0.5517721476362724, 0.7694686056445238, -0.32166063175391707], [-0.5880154956453986, 0.08542323413442995, -0.8043262074251414], [-0.5914264738526278, 0.6329462346814994, 0.4995936248880287]], "trans": [-611.3872240428991, 452.84524199314774, 473.587876474099]}], "rb_ScNup133N_56-480_renamed_1.pdb_3": [{"rot": [[-0.03506229334283095, 0.6182438471123731, -0.7852039105183027], [-0.8387204124450808, -0.445433778771411, -0.31326796592913253], [-0.5434323374013509, 0.6475826543670817, 0.5341516642578117]], "trans": [-420.54042366546446, 917.0456779279235, 456.15888872942145]}], "rb_ScNup133N_56-480_renamed_1.pdb_4": [{"rot": [[-0.6268894605676925, 0.137074912336395, -0.7669550655919273], [-0.5996496684880056, -0.7133818917994887, 0.3626383205548026], [-0.49742323961730284, 0.6872384919811699, 0.529408515069483]], "trans": [41.67083869485327, 1109.7759017744431, 418.42130383722224]}], "rb_ScNup133N_56-480_renamed_1.pdb_5": [{"rot": [[-0.8770086547149307, -0.39216265220966184, -0.2776045276413752], [-0.010854276481717967, -0.5614533222695619, 0.8274372191257351], [-0.48035195871065794, 0.7286827987021205, 0.4881427809959695]], "trans": [504.4786017078446, 918.1319477024391, 382.5063360284851]}], "rb_ScNup133N_56-480_renamed_1.pdb_6": [{"rot": [[-0.6388965251724564, -0.6594340189650575, 0.39617925835933493], [0.582741120921472, -0.07864996840509225, 0.8088429813363432], [-0.5022190917415893, 0.7476369152880761, 0.43452851090438577]], "trans": [696.7654655503047, 454.38166298222336, 369.47748474780076]}], "rb_ScNup133N_56-480_renamed_1.pdb_7": [{"rot": [[-0.052042514807277285, -0.5081678527582101, 0.8596842502196048], [0.833399970227672, 0.45219515757282497, 0.3177483738624058], [-0.5502145638540018, 0.7329972529899398, 0.39997370017558953]], "trans": [505.888987477804, -9.803379922907425, 386.99123968338404]}], "rb_ScNup133C_490_881_renamed_relative_3CQC_1.pdb_7": [{"rot": [[0.7499458666649725, 0.371922506236469, -0.5470419055492078], [-0.27809744448676016, 0.9276068808287281, 0.249413884956577], [0.6002024728723284, -0.034915956151635535, 0.7990856446989649]], "trans": [214.52512565299287, 96.22530019470392, -266.19829108440376]}], "rb_ScNup133C_490_881_renamed_relative_3CQC_1.pdb_8": [{"rot": [[0.34747773131603626, 0.9169344835532328, -0.19618965087493256], [-0.6906062834607866, 0.39178199179932044, 0.6079225543983691], [0.6342887256478247, -0.07574974437398846, 0.7693762335446392]], "trans": [-101.05466436139295, 40.19551520200545, -240.730778082222]}], "rb_ScNup133C_490_881_renamed_relative_3CQC_1.pdb_9": [{"rot": [[-0.22798944945508637, 0.924758134055222, 0.3047018287373282], [-0.6966828657814563, -0.3735564594822973, 0.6124447371849883], [0.6801865887120278, -0.07264960480110172, 0.729430078526064]], "trans": [-363.779388681519, 224.45301374994796, -220.64525219573602]}], "rb_ScNup133C_490_881_renamed_relative_3CQC_1.pdb_10": [{"rot": [[-0.6393388870654226, 0.3908102529648986, 0.6622032419608495], [-0.2927674438455098, -0.9200624169831901, 0.26033127487725555], [0.7110084467220581, -0.027431642906740328, 0.7026482004939059]], "trans": [-419.739286042779, 541.0572719535963, -217.6840927939777]}], "rb_ScNup133C_490_881_renamed_relative_3CQC_1.pdb_11": [{"rot": [[-0.6455962809357675, -0.37211496230990176, 0.6668852201593661], [0.2845206329695255, -0.9275849850653346, -0.24214480150514045], [0.7086984206674419, 0.033414821658115934, 0.7047198012238838]], "trans": [-236.1503461971301, 804.5371680323925, -233.55798390565798]}], "rb_ScNup133C_490_881_renamed_relative_3CQC_1.pdb_12": [{"rot": [[-0.24309596150761947, -0.9170851634156659, 0.3160049944882947], [0.6969978695035192, -0.3917173372780006, -0.6006259215047152], [0.6746097563823408, 0.07424507201622405, 0.7344313077988058]], "trans": [79.4403546290581, 860.5425805920221, -258.94377139450336]}], "rb_ScNup133C_490_881_renamed_relative_3CQC_1.pdb_13": [{"rot": [[0.3323717088435086, -0.9248491224648022, -0.18488685144306924], [0.7030292846658229, 0.37362170257115773, -0.6051087904419261], [0.6287120740551335, 0.07114017180127424, 0.7743773007348407]], "trans": [342.1572474021873, 676.2648660739167, -278.94609810875846]}], "rb_ScNup133C_490_881_renamed_relative_3CQC_1.pdb_14": [{"rot": [[0.7436896547317736, -0.3908586027745035, -0.5423608117131052], [0.299081590411405, 0.9200857336580418, -0.2529672804849029], [0.5978928831504186, 0.02591901533827709, 0.8011568541315578]], "trans": [398.098985366834, 359.6566247537368, -281.8233141252187]}], "rb_ScNup84_506-726_ScNup133C_882_1155_renamed_relative_3CQC_new_1.pdb_14": [{"rot": [[0.9796245082622482, 0.18810752535548297, 0.07036605514440106], [-0.19682677582325037, 0.9688777740624154, 0.15011688528238032], [-0.039937991073318975, -0.1609081036880856, 0.9861610107059254]], "trans": [-65.80916911171221, 81.83152002472957, 75.63922335428947]}], "rb_ScNup84_506-726_ScNup133C_882_1155_renamed_relative_3CQC_new_1.pdb_15": [{"rot": [[0.5549466043172239, 0.8132251312874638, 0.17521173533547796], [-0.8318805648525472, 0.5432537567259649, 0.11335820051382588], [-0.0029986959481071995, -0.20866298580633108, 0.977983009145352]], "trans": [-303.18510032660106, 247.27671478620755, 93.79582421079837]}], "rb_ScNup84_506-726_ScNup133C_882_1155_renamed_relative_3CQC_new_1.pdb_16": [{"rot": [[-0.19310149796389997, 0.9553926780540877, 0.22346508050417233], [-0.9795016698165365, -0.20101588014050376, 0.013003644026014116], [0.057343616128690406, -0.2163733963591109, 0.9746251910541346]], "trans": [-354.47478539974725, 532.6027772702545, 96.5369219669648]}], "rb_ScNup84_506-726_ScNup133C_882_1155_renamed_relative_3CQC_new_1.pdb_17": [{"rot": [[-0.8263026727865992, 0.5313264121970566, 0.18685860067849602], [-0.5532115659697326, -0.8279274890587338, -0.09215766999124844], [0.1057395679158855, -0.17952246812781772, 0.9780546136153432]], "trans": [-189.63009029147804, 770.661793771414, 82.2807478089349]}], "rb_ScNup84_506-726_ScNup133C_882_1155_renamed_relative_3CQC_new_1.pdb_18": [{"rot": [[-0.9737187438031711, -0.21054966841023176, 0.08683688789169589], [0.19726299316394175, -0.9702274100707401, -0.14052076101212171], [0.11383812847361902, -0.11969799446843124, 0.9862622727377635]], "trans": [94.78255163284484, 821.9955525863536, 59.40277447172468]}], "rb_ScNup84_506-726_ScNup133C_882_1155_renamed_relative_3CQC_new_1.pdb_19": [{"rot": [[-0.5489912980455074, -0.8356340952952912, -0.01800592819957033], [0.8322834291526966, -0.5445543430188036, -0.10375384839699475], [0.07689504683746679, -0.07194599557569861, 0.9944400059794882]], "trans": [332.15211785496587, 656.532130790462, 41.32924621688238]}], "rb_ScNup84_506-726_ScNup133C_882_1155_renamed_relative_3CQC_new_1.pdb_20": [{"rot": [[0.1990683381045677, -0.9777435974984352, -0.066251447645332], [0.9798458168061721, 0.1997264274278061, -0.0033955079692768834], [0.016552101127337897, -0.06424026570416697, 0.9977971819014759]], "trans": [383.4260829103467, 371.20245070119915, 38.67189563402974]}], "rb_ScNup84_506-726_ScNup133C_882_1155_renamed_relative_3CQC_new_1.pdb_21": [{"rot": [[0.8322362821494709, -0.5536284248850809, -0.02963676489243778], [0.5535060288072964, 0.826604731582602, 0.10176292939587481], [-0.03184096022423967, -0.10109493006337072, 0.9943671195124462]], "trans": [218.56934844590165, 133.15677885852426, 53.01144106443144]}], "rb_4XMM.renamed.noAb_Nup145c_149-550_Sec13_Nup84_7-436_3IKO_updated_1.pdb_21": [{"rot": [[0.9960394791825821, -0.01641274183723054, 0.08738408216073587], [0.018498809747050548, 0.9995616189057784, -0.02311631563205663], [-0.08696637251048386, 0.024641264493585963, 0.9959064504944849]], "trans": [-18.704631955783952, -2.6450672916271287, 36.880118235796374]}], "rb_4XMM.renamed.noAb_Nup145c_149-550_Sec13_Nup84_7-436_3IKO_updated_1.pdb_22": [{"rot": [[0.7174564700852801, 0.6935320411670252, 0.06534157487747311], [-0.6939013512040646, 0.719776284496942, -0.020567330233884788], [-0.06129541850694873, -0.030584442948598925, 0.9976509727953864]], "trans": [-330.11206319023574, 152.11326480354495, 60.9894846829514]}], "rb_4XMM.renamed.noAb_Nup145c_149-550_Sec13_Nup84_7-436_3IKO_updated_1.pdb_23": [{"rot": [[0.018230022442325244, 0.9985042085087138, 0.05154621103570547], [-0.9998255180586283, 0.0184157117027543, -0.003129696674566085], [-0.0040742754627128425, -0.05148016271211864, 0.9986657063935789]], "trans": [-441.30223662200285, 482.40025129251455, 68.28626614130684]}], "rb_4XMM.renamed.noAb_Nup145c_149-550_Sec13_Nup84_7-436_3IKO_updated_1.pdb_24": [{"rot": [[-0.6920231516241273, 0.7198467644515156, 0.054079509288570665], [-0.7200590003424852, -0.6936531867498729, 0.0189813734362174], [0.05117610420879348, -0.025804887529854707, 0.9983562060394979]], "trans": [-287.13646753404794, 794.7292352387136, 54.519910049126054]}], "rb_4XMM.renamed.noAb_Nup145c_149-550_Sec13_Nup84_7-436_3IKO_updated_1.pdb_25": [{"rot": [[-0.9972267281761957, 0.02080116879409801, 0.07145742780003482], [-0.01849296884165138, -0.9992904099759224, 0.03281290346148011], [0.07208926906564843, 0.03140044437504261, 0.9969037814045186]], "trans": [42.07467614382534, 906.1336108029641, 27.77894681201616]}], "rb_4XMM.renamed.noAb_Nup145c_149-550_Sec13_Nup84_7-436_3IKO_updated_1.pdb_26": [{"rot": [[-0.7185881486992491, -0.6891218119845247, 0.09349973687743124], [0.6938853031096403, -0.7194493631247274, 0.030262188087849817], [0.046413992259081986, 0.08662414297750456, 0.9951592833189993]], "trans": [353.4765779072564, 751.3512407732123, 3.752614643044069]}], "rb_4XMM.renamed.noAb_Nup145c_149-550_Sec13_Nup84_7-436_3IKO_updated_1.pdb_27": [{"rot": [[-0.01933782185485372, -0.9940392858302066, 0.10729374106666313], [0.9997545792686889, -0.018064877200478724, 0.012823472346285919], [-0.010808787036216239, 0.1075153869820587, 0.9941446633588602]], "trans": [464.64752627567685, 421.0559367394841, -3.4601174007361237]}], "rb_4XMM.renamed.noAb_Nup145c_149-550_Sec13_Nup84_7-436_3IKO_updated_1.pdb_28": [{"rot": [[0.6908935514619359, -0.7153262972277662, 0.10475871821821936], [0.7199323249047299, 0.6939821264211481, -0.009287398195911512], [-0.06605715786787258, 0.08183579108429674, 0.994454300202892]], "trans": [310.4639255237572, 108.73946176370339, 10.390075712630448]}], "rb_4XMM.renamed.noAb_Seh1_Nup85_47_544_3F3F_1.pdb_28": [{"rot": [[0.6819455987753205, -0.7036359310719681, 0.19961632402051135], [0.3099932579744694, 0.525255634943681, 0.7924712600279534], [-0.6624608519160595, -0.478542573303988, 0.5763181631826761]], "trans": [464.1586527092817, -118.27074911795489, 696.5745562890861]}], "rb_4XMM.renamed.noAb_Seh1_Nup85_47_544_3F3F_1.pdb_29": [{"rot": [[0.6889057279384908, -0.13799761083455148, 0.71159367437991], [-0.29957163494795747, 0.839741735683566, 0.4528693552071803], [-0.6600497962640041, -0.5251575732626497, 0.5371627218047982]], "trans": [-56.26338933347779, -231.9524128544378, 738.6497687824362]}], "rb_4XMM.renamed.noAb_Seh1_Nup85_47_544_3F3F_1.pdb_30": [{"rot": [[0.2641507832436695, 0.48379507407315464, 0.8343660407844472], [-0.7353612462345196, 0.6607883544878054, -0.15034157146218635], [-0.6240738748322808, -0.5738476077111905, 0.5303119099888042]], "trans": [-504.525053193044, 56.861465177062996, 773.0150214436553]}], "rb_4XMM.renamed.noAb_Seh1_Nup85_47_544_3F3F_1.pdb_31": [{"rot": [[-0.34349179966219656, 0.7974872015553589, 0.49601163990397906], [-0.7420838769600298, 0.09322890530355105, -0.6637920538631654], [-0.575608289656085, -0.5960893679401693, 0.5597790298929503]], "trans": [-618.026422351759, 578.9797597451935, 779.5626696149247]}], "rb_4XMM.renamed.noAb_Seh1_Nup85_47_544_3F3F_1.pdb_32": [{"rot": [[-0.7780564279524321, 0.6193135002739887, -0.10525674942866373], [-0.3158013152563911, -0.5304522839488274, -0.7866955597534618], [-0.5430448638963836, -0.5788533171986313, 0.6083018271909968]], "trans": [-330.2748810478787, 1028.5383288191688, 754.4810135768628]}], "rb_4XMM.renamed.noAb_Seh1_Nup85_47_544_3F3F_1.pdb_33": [{"rot": [[-0.7849690150133587, 0.05365063668885889, -0.6172076268581295], [0.29376410364628486, -0.8448939787005183, -0.4470534824431069], [-0.5454597115075124, -0.5322365770392847, 0.6474549630543063]], "trans": [190.1625738653151, 1142.1795406548097, 712.4872459891021]}], "rb_4XMM.renamed.noAb_Seh1_Nup85_47_544_3F3F_1.pdb_34": [{"rot": [[-0.3601800698772078, -0.5681281078654851, -0.7399329498788656], [0.7295203624824041, -0.6658918005380854, 0.1561670602262034], [-0.581438180709521, -0.48354789114351104, 0.6543019784349363]], "trans": [638.4082564708233, 853.3308878128906, 678.2059129178631]}], "rb_4XMM.renamed.noAb_Seh1_Nup85_47_544_3F3F_1.pdb_35": [{"rot": [[0.24746305387113682, -0.8817759777488101, -0.4015384938382703], [0.7361953006625184, -0.0983077493597938, 0.6695909689491353], [-0.629903576947457, -0.4613097782195254, 0.6248317951799968]], "trans": [751.8754389734781, 331.2041006893925, 671.7435075442597]}], "rb_4XMM.renamed.noAb_Nup120_715-1036_Nup85_553-744_Nup145c_92-99_554-712_remaining_updated_1.pdb_35": [{"rot": [[0.9940096524130351, -0.07786758689611817, 0.07669061103350959], [0.07377022298784594, 0.9957636540160624, 0.05488806373796881], [-0.080639724144128, -0.048901781680786724, 0.9955429928628918]], "trans": [19.91477965841443, -55.61804725024854, 71.2659920109499]}], "rb_4XMM.renamed.noAb_Nup120_715-1036_Nup85_553-744_Nup145c_92-99_554-712_remaining_updated_1.pdb_36": [{"rot": [[0.7551082861559106, 0.6458327196196401, 0.11274561830680115], [-0.6530239855818616, 0.7561658838806709, 0.04210499150628723], [-0.058061608946567714, -0.1054194209985203, 0.9927313812118927]], "trans": [-339.3987669179303, 89.41910890992325, 99.2410705986293]}], "rb_4XMM.renamed.noAb_Nup120_715-1036_Nup85_553-744_Nup145c_92-99_554-712_remaining_updated_1.pdb_37": [{"rot": [[0.07380502565812236, 0.9888630319987478, 0.1292390116561063], [-0.9972705154425568, 0.07345312078616256, 0.007493869208230877], [-0.002082598506807004, -0.12943934097876386, 0.9915851550877728]], "trans": [-491.3285055691187, 446.8174158478044, 109.6531382897993]}], "rb_4XMM.renamed.noAb_Nup120_715-1036_Nup85_553-744_Nup145c_92-99_554-712_remaining_updated_1.pdb_38": [{"rot": [[-0.6507830727047522, 0.7502713565221191, 0.11650872870055579], [-0.7573048955257735, -0.6524318723967398, -0.028669619697174395], [0.05450401355549511, -0.10689033381621897, 0.9927757899158293]], "trans": [-346.86993984470604, 807.2080228382357, 96.4266639220047]}], "rb_4XMM.renamed.noAb_Nup120_715-1036_Nup85_553-744_Nup145c_92-99_554-712_remaining_updated_1.pdb_39": [{"rot": [[-0.9941820842195543, 0.06982806082658764, 0.08201234869250082], [-0.07370236949400451, -0.9962554316830883, -0.045200393503948604], [0.07854899202301197, -0.05098192584770548, 0.995605795025836]], "trans": [9.352978927433867, 959.4691475938434, 67.33390757437456]}], "rb_4XMM.renamed.noAb_Nup120_715-1036_Nup85_553-744_Nup145c_92-99_554-712_remaining_updated_1.pdb_40": [{"rot": [[-0.7552240260148507, -0.6538535782189351, 0.04595833743961812], [0.653073064107723, -0.756600868130754, -0.032414491832172786], [0.05596644947527586, 0.00553394923026908, 0.9984173135212785]], "trans": [368.66175552669046, 814.4041931461129, 39.44182102440186]}], "rb_4XMM.renamed.noAb_Nup120_715-1036_Nup85_553-744_Nup145c_92-99_554-712_remaining_updated_1.pdb_41": [{"rot": [[-0.07389389789557776, -0.9968306525504714, 0.029467643095404998], [0.9972661087419036, -0.07386120419804099, 0.0021979238376132124], [-1.444224939951659e-05, 0.029549494923188632, 0.9995633182251161]], "trans": [520.5701557067334, 456.99437202156196, 29.113986752667245]}], "rb_4XMM.renamed.noAb_Nup120_715-1036_Nup85_553-744_Nup145c_92-99_554-712_remaining_updated_1.pdb_42": [{"rot": [[0.6506755043311885, -0.7581823560478593, 0.04220074692549175], [0.7572436257399047, 0.6520050383540066, 0.03836041237098782], [-0.05659928744812601, 0.0069960659449466445, 0.9983724634231741]], "trans": [376.09001007291437, 96.61551370861002, 42.42460059920296]}], "rb_4XMM.renamed.noAb_Nup120_2-711_3F7F_updated_1.pdb_42": [{"rot": [[0.9966340566868748, 0.0813627437415702, 0.010032994702827699], [-0.0797769408383905, 0.9343970105658703, 0.3471856367363618], [0.01887317573518907, -0.34681743118881525, 0.9377427539902723]], "trans": [-49.65021872091063, -16.764603591715172, 213.00525598391107]}], "rb_4XMM.renamed.noAb_Nup120_2-711_3F7F_updated_1.pdb_43": [{"rot": [[0.6506869483269158, 0.7095654445800914, 0.27041334126640826], [-0.7577148880626563, 0.583394064786608, 0.2924371959583038], [0.049745790627971076, -0.3951812812237144, 0.9172552051011658]], "trans": [-358.522996234193, 174.08333259580607, 236.7370018692124]}], "rb_4XMM.renamed.noAb_Nup120_2-711_3F7F_updated_1.pdb_44": [{"rot": [[-0.07189840441648337, 0.9065151887451677, 0.41600580767181194], [-0.9914954325674346, -0.11032036387049965, 0.06903784841227356], [0.10847777025860786, -0.40750414708293864, 0.9067375273307745]], "trans": [-442.4809151787429, 528.0811893010293, 241.74783944179882]}], "rb_4XMM.renamed.noAb_Nup120_2-711_3F7F_updated_1.pdb_45": [{"rot": [[-0.7478213134527656, 0.5568360391135045, 0.3615202742449769], [-0.6441666350761486, -0.7403585817246745, -0.19214191817846382], [0.1606630928385597, -0.37656712019374605, 0.9123511246162501]], "trans": [-252.33832949092198, 837.8521474914347, 225.12635430002632]}], "rb_4XMM.renamed.noAb_Nup120_2-711_3F7F_updated_1.pdb_46": [{"rot": [[-0.9811166081554596, -0.13462502798465967, 0.1388751347133646], [0.08080139750476137, -0.9376353172180698, -0.33809931391034564], [0.17573086058744236, -0.32049354711990463, 0.9308074725160396]], "trans": [100.5184664621496, 921.9281288837516, 196.63365170407192]}], "rb_4XMM.renamed.noAb_Nup120_2-711_3F7F_updated_1.pdb_47": [{"rot": [[-0.6351166154240717, -0.7628003698421743, -0.12150094888893917], [0.758712169640139, -0.5865830770966836, -0.2833304383643557], [0.14485416270243515, -0.272132117605451, 0.9512945821959401]], "trans": [409.3828996696031, 731.0563549022024, 172.98516348293907]}], "rb_4XMM.renamed.noAb_Nup120_2-711_3F7F_updated_1.pdb_48": [{"rot": [[0.0874869903994529, -0.9596960139265873, -0.26707599548492605], [0.992435992471193, 0.10714678653978954, -0.059919671076480135], [0.08612100416601544, -0.2598136389561082, 0.9618108159372201]], "trans": [493.31974350926873, 377.05231883237207, 168.05851238143774]}], "rb_4XMM.renamed.noAb_Nup120_2-711_3F7F_updated_1.pdb_49": [{"rot": [[0.763382828312852, -0.609967715704668, -0.2125700901705101], [0.6450541550775902, 0.7371575379820271, 0.20125581038422488], [0.0339380973863533, -0.29075444965521036, 0.9561956157353414]], "trans": [303.1595246896353, 67.29669325605448, 184.76380498179466]}]}
