{"rb_ScNup133N_56-480_renamed_1.pdb_0": [{"rot": [[-0.6878336840037341, -0.0992728090661673, 0.7190477957201216], [0.1887771419253999, -0.9809816443027185, 0.04514647525127873], [0.7008908715601387, 0.16679305417567364, 0.6934926555071959]], "trans": [838.2036563481436, 265.78715363004426, -342.8351718445321]}], "rb_ScNup133N_56-480_renamed_1.pdb_1": [{"rot": [[-0.3406923485958655, -0.7586632315694377, 0.5553006615094681], [0.65861535107217, -0.6140809344373556, -0.43489127985351506], [0.6709355728684517, 0.2175654086135105, 0.7088799263870579]], "trans": [459.1215680262204, -283.8676578038834, -309.90441361271786]}], "rb_ScNup133N_56-480_renamed_1.pdb_2": [{"rot": [[0.23604961603601232, -0.966467889324166, 0.10109598248468815], [0.744459792594734, 0.11299350880891573, -0.658036537113903], [0.6245479933352269, 0.23059116607611557, 0.7461685588046447]], "trans": [-196.47559463051581, -403.46833251459475, -257.0261082136414]}], "rb_ScNup133N_56-480_renamed_1.pdb_3": [{"rot": [[0.7045286349488439, -0.6009518837719584, -0.3774867360955277], [0.39602158224254863, 0.7743112248327798, -0.4935676584786224], [0.5889026311158987, 0.1982396541787146, 0.7835143461200164]], "trans": [-744.527856478492, -22.950992091862645, -215.15310763300073]}], "rb_ScNup133N_56-480_renamed_1.pdb_4": [{"rot": [[0.7903030933093262, 0.12376035525902379, -0.6000869896705572], [-0.18257926338130986, 0.9824629710076613, -0.03783283206340962], [0.5848810419981567, 0.13946284474712287, 0.7990395995482271]], "trans": [-863.976561651008, 634.772056945356, -208.791201119057]}], "rb_ScNup133N_56-480_renamed_1.pdb_5": [{"rot": [[0.4431251039900258, 0.7831221797018606, -0.43630241103257306], [-0.6523902106384618, 0.6155105194846943, 0.44219205495665115], [0.6148391295915809, 0.08869302149937972, 0.7836494067249579]], "trans": [-484.845061091997, 1184.3974953712461, -241.64327830937356]}], "rb_ScNup133N_56-480_renamed_1.pdb_6": [{"rot": [[-0.13362357165616157, 0.9908701357962142, 0.01791968428973517], [-0.7381893822913119, -0.1115802096044014, 0.6653016554143016], [0.661227023774908, 0.07567186274852089, 0.7463595596077985]], "trans": [170.7679797561777, 1303.94710843242, -294.44012427038837]}], "rb_ScNup133N_56-480_renamed_1.pdb_7": [{"rot": [[-0.6020754272793734, 0.6253025416158307, 0.4964895883250151], [-0.3897144138172996, -0.7728692151799532, 0.5007952195160836], [0.6968700420662373, 0.10802734688913795, 0.7090149764248251]], "trans": [718.797110760044, 923.3871639432765, -336.22859730142386]}], "rb_ScNup133C_490_881_renamed_relative_3CQC_1.pdb_7": [{"rot": [[0.7711840794624562, 0.33462676083690035, -0.5415718295068955], [-0.2787281573188545, 0.9423166029202553, 0.18533762213448216], [0.5723510547743212, 0.008021894578716632, 0.8199694624228929]], "trans": [211.3569524854767, 115.0411332651882, -266.8748729730745]}], "rb_ScNup133C_490_881_renamed_relative_3CQC_1.pdb_8": [{"rot": [[0.36153915166037165, 0.901713003260932, -0.2370719333173952], [-0.7076244039364346, 0.43094111238270316, 0.5599620171154132], [0.6070890748237054, -0.034690307126157116, 0.7938762106406694]], "trans": [-90.04912334457987, 55.6940312953802, -242.52095244200575]}], "rb_ScNup133C_490_881_renamed_relative_3CQC_1.pdb_9": [{"rot": [[-0.23055602673455056, 0.9423854662137561, 0.24239131916274556], [-0.7201930341033094, -0.3327745133147365, 0.6087553834810885], [0.6543438791380599, -0.03421631711945394, 0.7554226177957172]], "trans": [-345.0861948421189, 227.5525914790606, -222.9878533977298]}], "rb_ScNup133C_490_881_renamed_relative_3CQC_1.pdb_10": [{"rot": [[-0.65824375167655, 0.43281764741588147, 0.6159415941988002], [-0.30907116705003856, -0.9014348922481815, 0.3031338792280301], [0.6864329370572955, 0.009166194569640296, 0.7271353407722692]], "trans": [-404.3480361619103, 529.9397628501102, -219.69433577589376]}], "rb_ScNup133C_490_881_renamed_relative_3CQC_1.pdb_11": [{"rot": [[-0.6709785234976811, -0.3284784399746521, 0.6647478736157699], [0.2849002106852463, -0.9419107563270763, -0.17786510918911036], [0.6845580259966069, 0.07004314090023933, 0.7255854653012662]], "trans": [-233.11631172759388, 785.7129935554314, -234.54578373678078]}], "rb_ScNup133C_490_881_renamed_relative_3CQC_1.pdb_12": [{"rot": [[-0.2613001333048434, -0.8955248136896379, 0.3602187507626542], [0.7137642910287896, -0.43049077366432176, -0.5524655922698355], [0.6498174952915914, 0.11275194834693505, 0.7516809302868669]], "trans": [68.30093325915692, 845.0368354404732, -258.81800475830056]}], "rb_ScNup133C_490_881_renamed_relative_3CQC_1.pdb_13": [{"rot": [[0.3307960414616973, -0.936137712652968, -0.11924832033255936], [0.7262864487318106, 0.3332280188744854, -0.6012213251586451], [0.6025628376707302, 0.11227319531326807, 0.790134644394449]], "trans": [323.33114004121336, 673.1586622579874, -278.2679846265438]}], "rb_ScNup133C_490_881_renamed_relative_3CQC_1.pdb_14": [{"rot": [[0.7584517130676374, -0.4265255280100483, -0.49277476893659244], [0.3151310272494562, 0.9018483841851372, -0.29557051207344087], [0.570476497858996, 0.06888734207677832, 0.8184198797024229]], "trans": [382.57593089899456, 370.76724813569575, -281.477645988791]}], "rb_ScNup84_506-726_ScNup133C_882_1155_renamed_relative_3CQC_new_1.pdb_14": [{"rot": [[0.9761311070373174, 0.18078417998187024, 0.12035423607996398], [-0.2039712624702557, 0.9534403805980111, 0.22214221735504897], [-0.07459079005077654, -0.24138873402338085, 0.967557591632766]], "trans": [-76.58111532274745, 70.72425168521227, 124.74502775591623]}], "rb_ScNup84_506-726_ScNup133C_882_1155_renamed_relative_3CQC_new_1.pdb_15": [{"rot": [[0.5467481445695044, 0.7955590786537282, 0.26105979924423994], [-0.8364663787160803, 0.5328635922804796, 0.1279858949242343], [-0.03728892177870971, -0.2883437954830679, 0.956800601964175]], "trans": [-317.68152136680817, 249.84289825956304, 143.13196451865406]}], "rb_ScNup84_506-726_ScNup133C_882_1155_renamed_relative_3CQC_new_1.pdb_16": [{"rot": [[-0.2028245658757386, 0.9339683015000363, 0.2942199980804547], [-0.9789414072666615, -0.20050191406277307, -0.038375820459503024], [0.023149872917444136, -0.2958076980916977, 0.9549669570899322]], "trans": [-361.9674477073879, 547.4755988901721, 145.25494173045755]}], "rb_ScNup84_506-726_ScNup133C_882_1155_renamed_relative_3CQC_new_1.pdb_17": [{"rot": [[-0.8334767615443713, 0.5149297742073848, 0.20040912055155014], [-0.5479324674991661, -0.8170402843622306, -0.17948589022418274], [0.07131969591767295, -0.2594079824601082, 0.9631308320317618]], "trans": [-183.49366092334992, 789.2650377217296, 129.8942943078603]}], "rb_ScNup84_506-726_ScNup133C_882_1155_renamed_relative_3CQC_new_1.pdb_18": [{"rot": [[-0.9757634940177494, -0.2160778254929556, 0.034582901447331664], [0.20406932644455586, -0.9555746481054493, -0.21268004584967182], [0.07900198571393832, -0.20046811524127484, 0.9765097137381031]], "trans": [113.18929154608622, 833.5676690508005, 106.07251099733469]}], "rb_ScNup84_506-726_ScNup133C_882_1155_renamed_relative_3CQC_new_1.pdb_19": [{"rot": [[-0.5463311891700406, -0.8308199384893701, -0.10611532193126016], [0.8365307204469777, -0.5349496216771232, -0.11851268293296452], [0.04169634862330191, -0.15351590170411805, 0.9872660646631494]], "trans": [354.2822662539589, 654.4305035728934, 87.7687332505181]}], "rb_ScNup84_506-726_ScNup133C_882_1155_renamed_relative_3CQC_new_1.pdb_20": [{"rot": [[0.2032526538234687, -0.9691719671247658, -0.13926254648409664], [0.9789469121958256, 0.19842672362816138, 0.04785162956951488], [-0.01874304713705848, -0.14605661056491503, 0.9890986627704605]], "trans": [398.5515125447172, 356.7947354541785, 85.72957705594823]}], "rb_ScNup84_506-726_ScNup133C_882_1155_renamed_relative_3CQC_new_1.pdb_21": [{"rot": [[0.8338712506049952, -0.5500853422609243, -0.04544066069226001], [0.5478884884963205, 0.8149321841241004, 0.18895433165700776], [-0.06690995133524352, -0.18245999974901606, 0.98093394624914]], "trans": [220.06539508412538, 115.01971111810963, 101.17361376569323]}], "rb_4XMM.renamed.noAb_Nup145c_149-550_Sec13_Nup84_7-436_3IKO_updated_1.pdb_21": [{"rot": [[0.9985715153206405, -0.02175974074469679, 0.04880002533774972], [0.021245060342491087, 0.9997133330910213, 0.011040790328868389], [-0.04902628072050077, -0.009988259246019985, 0.9987475449161065]], "trans": [-5.2269717556134765, -13.871480658494136, 30.480801891956162]}], "rb_4XMM.renamed.noAb_Nup145c_149-550_Sec13_Nup84_7-436_3IKO_updated_1.pdb_22": [{"rot": [[0.7219376534009906, 0.6891636942905704, 0.06212428730895281], [-0.6915586486876385, 0.7216573024401892, 0.030941448900749017], [-0.023508722364255052, -0.06530038519429539, 0.9975886926315264]], "trans": [-328.59819689259734, 134.30790619574995, 55.5757664686123]}], "rb_4XMM.renamed.noAb_Nup145c_149-550_Sec13_Nup84_7-436_3IKO_updated_1.pdb_23": [{"rot": [[0.02380550839787049, 0.996047102012101, 0.08557726534083127], [-0.9991506883490698, 0.02082482380240397, 0.03555599366041898], [0.03363331297240655, -0.08635101207800024, 0.9956968931213988]], "trans": [-452.88861049955324, 468.4313412168072, 63.89805205240924]}], "rb_4XMM.renamed.noAb_Nup145c_149-550_Sec13_Nup84_7-436_3IKO_updated_1.pdb_24": [{"rot": [[-0.6868492654826484, 0.7191138551205735, 0.10541987421532047], [-0.7213393047603772, -0.6922265550983715, 0.022181159222582496], [0.08892521528656945, -0.06080838585482119, 0.9941803892131293]], "trans": [-305.2852224514306, 792.7647218240883, 50.596351305318706]}], "rb_4XMM.renamed.noAb_Nup145c_149-550_Sec13_Nup84_7-436_3IKO_updated_1.pdb_25": [{"rot": [[-0.9937150814690455, 0.02059535440382594, 0.11002803387295945], [-0.020870323568325647, -0.99978128247762, -0.0013478878139102368], [0.10997620858677434, -0.003635737117326303, 0.9939275702788871]], "trans": [27.745734664672398, 917.3090973523605, 23.486992980153445]}], "rb_4XMM.renamed.noAb_Nup145c_149-550_Sec13_Nup84_7-436_3IKO_updated_1.pdb_26": [{"rot": [[-0.7170256177484851, -0.6903064133074106, 0.09670221941125222], [0.6919116494321462, -0.7216694625149225, -0.02124749993551857], [0.08445432417875574, 0.05167439036971273, 0.9950865412150987]], "trans": [351.1119437729114, 769.1047333366466, -1.5249736730660857]}], "rb_4XMM.renamed.noAb_Nup145c_149-550_Sec13_Nup84_7-436_3IKO_updated_1.pdb_27": [{"rot": [[-0.018869463489909255, -0.9971351687729696, 0.07324888083585071], [0.9994488842315431, -0.0208129207210882, -0.025860203776873456], [0.027310641807301087, 0.07272054405159092, 0.9969783605058408]], "trans": [475.38283345339505, 434.97195269406393, -9.763181018967373]}], "rb_4XMM.renamed.noAb_Nup145c_149-550_Sec13_Nup84_7-436_3IKO_updated_1.pdb_28": [{"rot": [[0.6917636621402329, -0.7201463007556741, 0.05340731457629901], [0.7215817324093674, 0.6922166986438153, -0.012483812388584991], [-0.027979263668470082, 0.04717359035069707, 0.9984947737359443]], "trans": [327.7606776510157, 110.65056639242425, 3.622433865588846]}], "rb_4XMM.renamed.noAb_Seh1_Nup85_47_544_3F3F_1.pdb_28": [{"rot": [[0.687183120467792, -0.6917973030532888, 0.22180137608306952], [0.25869979423466494, 0.5183154898157171, 0.8151217513230979], [-0.6788621181116893, -0.5027579382817227, 0.5351454756303388]], "trans": [450.0203560006107, -97.62326875957797, 728.2784714827671]}], "rb_4XMM.renamed.noAb_Seh1_Nup85_47_544_3F3F_1.pdb_29": [{"rot": [[0.6561332295106969, -0.13497615434790466, 0.742476008292061], [-0.3404771500651917, 0.8250961382172998, 0.45087877858952524], [-0.6734719707718704, -0.5486326644088445, 0.49541669746618744]], "trans": [-51.10360693380915, -205.56230328025055, 768.7875669739192]}], "rb_4XMM.renamed.noAb_Seh1_Nup85_47_544_3F3F_1.pdb_30": [{"rot": [[0.211813674284417, 0.4751480375465676, 0.8540312112573986], [-0.7419617613889467, 0.6469508962417827, -0.1759183972430538], [-0.6361035387598041, -0.5963965796913985, 0.4895747212731215]], "trans": [-481.6665180727587, 73.62139045539428, 801.7889748459864]}], "rb_4XMM.renamed.noAb_Seh1_Nup85_47_544_3F3F_1.pdb_31": [{"rot": [[-0.38548688485376414, 0.7811559182672405, 0.4911163741536252], [-0.7105586934901242, 0.08823975848633514, -0.6980831527317354], [-0.5886477764430499, -0.6180689090856585, 0.5210418590769031]], "trans": [-589.4366397947304, 576.3781849621137, 807.974009948847]}], "rb_4XMM.renamed.noAb_Seh1_Nup85_47_544_3F3F_1.pdb_32": [{"rot": [[-0.7858613584228158, 0.6037837565768256, -0.13366787434466482], [-0.2646643063271124, -0.5237364127248585, -0.8097240115881972], [-0.5589049385130114, -0.6009536964526228, 0.571384217865434]], "trans": [-311.2788018970134, 1008.1861779422478, 783.7433964114372]}], "rb_4XMM.renamed.noAb_Seh1_Nup85_47_544_3F3F_1.pdb_33": [{"rot": [[-0.7547647345259106, 0.0469386657410483, -0.6543141120092698], [0.33451018098913743, -0.8304733474322675, -0.4454401845582144], [-0.5642987988031195, -0.5550772746772216, 0.6111105340331339]], "trans": [189.86012549365904, 1116.0862754105128, 743.3157741968087]}], "rb_4XMM.renamed.noAb_Seh1_Nup85_47_544_3F3F_1.pdb_34": [{"rot": [[-0.310413853904253, -0.5631716485127127, -0.765820431704313], [0.7359599054284953, -0.6522802242935126, 0.1813657260820878], [-0.6016695579019992, -0.5073146984930323, 0.6169485714279063]], "trans": [620.407805992219, 836.8691956738045, 710.3982193289507]}], "rb_4XMM.renamed.noAb_Seh1_Nup85_47_544_3F3F_1.pdb_35": [{"rot": [[0.2868842722265739, -0.8691359615391729, -0.4028648591133306], [0.7045099579732705, -0.09354508736631212, 0.7035019799162806], [-0.649124898201823, -0.48564595848107667, 0.5854783254275658]], "trans": [728.1452509795783, 334.10435779789043, 704.2983044881646]}], "rb_4XMM.renamed.noAb_Nup120_715-1036_Nup85_553-744_Nup145c_92-99_554-712_remaining_updated_1.pdb_35": [{"rot": [[0.9859239180103743, -0.10058622801169544, 0.13355313036186206], [0.09046225710045082, 0.992694618665573, 0.0798371724994393], [-0.14060799385299982, -0.06663186029815248, 0.9878206250417343]], "trans": [20.300561437172405, -69.45293972379409, 115.06168755664234]}], "rb_4XMM.renamed.noAb_Nup120_715-1036_Nup85_553-744_Nup145c_92-99_554-712_remaining_updated_1.pdb_36": [{"rot": [[0.7599581667965868, 0.627212375952946, 0.17049404731729387], [-0.6389766382422406, 0.7689858102347252, 0.019227049651153398], [-0.11904805962222162, -0.12355346660091543, 0.9851711020889115]], "trans": [-348.01292813144266, 81.88716817402248, 143.7234504923003]}], "rb_4XMM.renamed.noAb_Nup120_715-1036_Nup85_553-744_Nup145c_92-99_554-712_remaining_updated_1.pdb_37": [{"rot": [[0.08594090213516109, 0.9843417110316304, 0.15390112820742163], [-0.9942684265571919, 0.09459652917286049, -0.04981759347794766], [-0.0635960477677707, -0.1487376636624722, 0.9868295952780037]], "trans": [-501.86601377144615, 450.124678631644, 154.23608300446432]}], "rb_4XMM.renamed.noAb_Nup120_715-1036_Nup85_553-744_Nup145c_92-99_554-712_remaining_updated_1.pdb_38": [{"rot": [[-0.6412790586918081, 0.7615903772116394, 0.09349473900696786], [-0.7672781686352891, -0.6354064747851181, -0.0868494314133684], [-0.006736528707351509, -0.1274311937469843, 0.9918245359140865]], "trans": [-351.1274752471524, 819.5409826692775, 140.46514164057712]}], "rb_4XMM.renamed.noAb_Nup120_715-1036_Nup85_553-744_Nup145c_92-99_554-712_remaining_updated_1.pdb_39": [{"rot": [[-0.9956860088304343, 0.08944924663853121, 0.02466179423964615], [-0.09097995812982004, -0.993377148878271, -0.07017469134362442], [0.018221389574223604, -0.0721156873521703, 0.9972298173438797]], "trans": [15.899839499777329, 973.7269174069698, 110.50184292306324]}], "rb_4XMM.renamed.noAb_Nup120_715-1036_Nup85_553-744_Nup145c_92-99_554-712_remaining_updated_1.pdb_40": [{"rot": [[-0.769663359751514, -0.6383319292080264, -0.012274396505325195], [0.6384411774403435, -0.7696112248363247, -0.009561671115406808], [-0.003342993359039737, -0.015195748072752471, 0.9998789494913423]], "trans": [384.20806774471777, 822.3583050488808, 81.92311462434105]}], "rb_4XMM.renamed.noAb_Nup120_715-1036_Nup85_553-744_Nup145c_92-99_554-712_remaining_updated_1.pdb_41": [{"rot": [[-0.09561836620483033, -0.9954086758025406, 0.004323908110747437], [0.9936800520201882, -0.0951939360625802, 0.05948166737800939], [-0.05879695792703657, 0.009984121090242454, 0.9982200333917268]], "trans": [538.0389695750284, 454.10912980699254, 71.49478364305742]}], "rb_4XMM.renamed.noAb_Nup120_715-1036_Nup85_553-744_Nup145c_92-99_554-712_remaining_updated_1.pdb_42": [{"rot": [[0.63158391055556, -0.7726004002078184, 0.06473318720767367], [0.7666327240127098, 0.6347915603955309, 0.09650876293610822], [-0.11565478978493395, -0.011326802255023145, 0.9932248854869058]], "trans": [387.27814702206155, 84.70506764655386, 85.34991820870172]}], "rb_4XMM.renamed.noAb_Nup120_2-711_3F7F_updated_1.pdb_42": [{"rot": [[0.9937292894220054, 0.11181261735388759, 0.0001947955586177972], [-0.11144909315228485, 0.9903550778032292, 0.08231597357070834], [0.009011047684363682, -0.08182150371285861, 0.9966062625479518]], "trans": [-62.62598273716162, 49.7413796981308, 44.750423155695216]}], "rb_4XMM.renamed.noAb_Nup120_2-711_3F7F_updated_1.pdb_43": [{"rot": [[0.6261041328021509, 0.7758412060525843, 0.07787193254914206], [-0.7786311369270531, 0.6167655721713644, 0.11547199483777076], [0.04155920470547236, -0.13293100456628218, 0.9902535940501543]], "trans": [-324.16226353331683, 220.56321839035388, 64.80659356401958]}], "rb_4XMM.renamed.noAb_Nup120_2-711_3F7F_updated_1.pdb_44": [{"rot": [[-0.10423377490069607, 0.9822118579192833, 0.15618958458456964], [-0.9894317681931686, -0.11832674893331441, 0.08380666188920777], [0.100797302841349, -0.14580345211832882, 0.9841652590344202]], "trans": [-388.75220473094663, 526.8278607163379, 68.50592801075612]}], "rb_4XMM.renamed.noAb_Nup120_2-711_3F7F_updated_1.pdb_45": [{"rot": [[-0.7694421895897083, 0.6100297352642811, 0.1892681668236534], [-0.6203610048660401, -0.7842944390059581, 0.0058699732474822505], [0.15202282894681338, -0.1128979850914992, 0.9819078899984902]], "trans": [-218.5561947190452, 789.1212776652437, 53.70530911757754]}], "rb_4XMM.renamed.noAb_Nup120_2-711_3F7F_updated_1.pdb_46": [{"rot": [[-0.9798326425014158, -0.12267562669319265, 0.15772977938272845], [0.1123742959995376, -0.9910042350575824, -0.07268165997377321], [0.16522714754936627, -0.05349109003719513, 0.9848038855525153]], "trans": [86.72445741293848, 853.7884040464028, 29.0991530220208]}], "rb_4XMM.renamed.noAb_Nup120_2-711_3F7F_updated_1.pdb_47": [{"rot": [[-0.6121554398147547, -0.7866750957728459, 0.08005005431595161], [0.7795274635887666, -0.6173626239530221, -0.10583158345551874], [0.13267498263074004, -0.002384163715448244, 0.9911567306674105]], "trans": [348.25395452815695, 682.94644221443, 9.12609781285039]}], "rb_4XMM.renamed.noAb_Nup120_2-711_3F7F_updated_1.pdb_48": [{"rot": [[0.11819892888787137, -0.9929884205953043, 0.0017348698515641664], [0.9902707654682141, 0.11774587017595534, -0.07416010460822675], [0.07343585138579123, 0.01048363582680107, 0.9972448390997539]], "trans": [412.82654298987006, 376.67713907733594, 5.510645752863354]}], "rb_4XMM.renamed.noAb_Nup120_2-711_3F7F_updated_1.pdb_49": [{"rot": [[0.7833785764238652, -0.6207543464616915, -0.03133763470709481], [0.621147803916343, 0.7836843264388276, 0.0037791776915073877], [0.022212872169561367, -0.022425829818270415, 0.9995017110875497]], "trans": [242.6166033429725, 114.39748760518421, 20.394784537860914]}]}
