{"rb_ScNup133N_56-480_renamed_1.pdb_0": [{"rot": [[0.660208705061791, 0.1189419585051203, 0.7416045282140609], [0.4716437845420525, 0.7027781827217568, -0.5325926833830479], [-0.5845310994835806, 0.7013954921421093, 0.407882038510211]], "trans": [-28.82498949683952, -71.9266802850724, 415.122931320735]}], "rb_ScNup133N_56-480_renamed_1.pdb_1": [{"rot": [[0.7889980722966178, 0.5936401917640441, 0.1583457123971803], [-0.16546050842782103, 0.4535081221965215, -0.8757586444064327], [-0.5916965962915695, 0.6647719201531714, 0.45604104213638225]], "trans": [-378.6521414742949, 132.0431723809493, 442.0551501219487]}], "rb_ScNup133N_56-480_renamed_1.pdb_2": [{"rot": [[0.43100868288084276, 0.7537168929145956, -0.49612736330149043], [-0.707135675275109, -0.05941036235525246, -0.7045775653524834], [-0.5605271198029018, 0.6545084065006236, 0.5073737220092086]], "trans": [-482.3302519517408, 524.3670433023906, 448.45133491096993]}], "rb_ScNup133N_56-480_renamed_1.pdb_3": [{"rot": [[-0.204044231215382, 0.5053968733412959, -0.8384151430673028], [-0.8360607656408183, -0.5355023905325029, -0.1193297359842187], [-0.5092821888342576, 0.6766174621976709, 0.5318086704684033]], "trans": [-279.12130861086774, 875.2161939220714, 430.5885153533707]}], "rb_ScNup133N_56-480_renamed_1.pdb_4": [{"rot": [[-0.7441377186683991, -0.005850498177540409, -0.668000619255749], [-0.47670964374494185, -0.6958665393313994, 0.5371384132600383], [-0.46798180650059495, 0.7181472906792976, 0.5150315501737959]], "trans": [111.93393763240306, 979.0583616291374, 398.95498791293505]}], "rb_ScNup133N_56-480_renamed_1.pdb_5": [{"rot": [[-0.8728773992100585, -0.48052930281824013, -0.0847150227604237], [0.16040473635509658, -0.4465592292510508, 0.8802585843520971], [-0.4608203191083646, 0.7547691328503852, 0.4668706347513639]], "trans": [461.75172298905574, 775.061457201405, 372.1061238981936]}], "rb_ScNup133N_56-480_renamed_1.pdb_6": [{"rot": [[-0.5148457527495605, -0.6405660038511367, 0.5697447196648014], [0.7020517874839358, 0.06637180223040262, 0.709026143071818], [-0.49199302694890734, 0.7650293971991359, 0.4155392675244758]], "trans": [565.4057697056537, 382.7298604041712, 365.79437131915097]}], "rb_ScNup133N_56-480_renamed_1.pdb_7": [{"rot": [[0.12021723397032011, -0.39220884529367406, 0.9119868630248615], [0.8309270298668805, 0.5424443245435819, 0.12375146789861025], [-0.5432385182340524, 0.7429174762003242, 0.3911080871869196]], "trans": [362.1759890328183, 31.897069311950418, 383.7412487335085]}], "rb_ScNup133C_490_881_renamed_relative_3CQC_1.pdb_7": [{"rot": [[0.7536968791192195, 0.33616250641920997, -0.5647439983602331], [-0.2888225402207151, 0.9412825686242524, 0.17483897238482854], [0.5903579885682939, 0.03133520834594926, 0.8065330433723802]], "trans": [226.3880837037973, 124.05825595798922, -280.1001654156164]}], "rb_ScNup133C_490_881_renamed_relative_3CQC_1.pdb_8": [{"rot": [[0.34238128447286476, 0.902533655632503, -0.26116672164221283], [-0.7014006089771729, 0.4304704357762371, 0.568095405410981], [0.6251497754691762, -0.011322737003324701, 0.7804226764116938]], "trans": [-73.29739571205425, 50.71487312039147, -255.81528855721967]}], "rb_ScNup133C_490_881_renamed_relative_3CQC_1.pdb_9": [{"rot": [[-0.2393930905288924, 0.9430973928918158, 0.23077750264634617], [-0.7012501355838301, -0.3323397427892965, 0.630712725974673], [0.6715200634014475, -0.010844486313468571, 0.7409070127660498]], "trans": [-336.9832621053312, 211.46007424607205, -235.53875526648875]}], "rb_ScNup133C_490_881_renamed_relative_3CQC_1.pdb_10": [{"rot": [[-0.6508146139913353, 0.4340909089619483, 0.6229008115036434], [-0.28845926947618233, -0.900283008845141, 0.32600882478547394], [0.7023044838733234, 0.03248979441806499, 0.7111348853699244]], "trans": [-410.19670363287173, 512.1271708034511, -231.12483974306696]}], "rb_ScNup133C_490_881_renamed_relative_3CQC_1.pdb_11": [{"rot": [[-0.6508667564266841, -0.3263026208795603, 0.6854918416624197], [0.29515327962869886, -0.9406501891357316, -0.16751645651497662], [0.6994690893120504, 0.09329427252538544, 0.7085472262389633]], "trans": [-250.04634059905374, 776.5812550183334, -245.13527103559676]}], "rb_ScNup133C_490_881_renamed_relative_3CQC_1.pdb_12": [{"rot": [[-0.2395189720611035, -0.8926339453027833, 0.38188388512213844], [0.7076990515282314, -0.42979362026959844, -0.5607490494344085], [0.6646748938306852, 0.13594882739008313, 0.7346599225780779]], "trans": [49.65139955005782, 849.9015123502332, -269.33853604464656]}], "rb_ScNup133C_490_881_renamed_relative_3CQC_1.pdb_13": [{"rot": [[0.3422554070202899, -0.9331381891889222, -0.11006523630371612], [0.7075029161482852, 0.33301971663385666, -0.6233277564610582], [0.618304827740368, 0.1354658193431945, 0.7741757886827958]], "trans": [313.3312682362407, 689.1360190336752, -289.53201596069164]}], "rb_ScNup133C_490_881_renamed_relative_3CQC_1.pdb_14": [{"rot": [[0.7536447465328711, -0.4240873953596386, -0.5021647908012667], [0.29467977235994214, 0.9009230131485395, -0.31859308865894553], [0.5875231295747385, 0.0921282013090004, 0.8039458730152615]], "trans": [386.5277938362444, 388.46358464213375, -293.86208061965965]}], "rb_ScNup84_506-726_ScNup133C_882_1155_renamed_relative_3CQC_new_1.pdb_14": [{"rot": [[0.9801478193532162, 0.1847049146363782, 0.07207181644929456], [-0.19322743399387318, 0.9713289007101108, 0.1385038822467743], [-0.0444230904966768, -0.14968053031190526, 0.9877359606070178]], "trans": [-64.83474156776083, 84.02941792635295, 74.79952774279226]}], "rb_ScNup84_506-726_ScNup133C_882_1155_renamed_relative_3CQC_new_1.pdb_15": [{"rot": [[0.557766434253399, 0.8127628545486827, 0.16826510953291207], [-0.8299626194754088, 0.548031683806754, 0.10403520470229657], [-0.0076586613558546485, -0.19768109623787497, 0.9802364659083163]], "trans": [-300.9613923915557, 248.09574093583592, 92.86326207872366]}], "rb_ScNup84_506-726_ScNup133C_882_1155_renamed_relative_3CQC_new_1.pdb_16": [{"rot": [[-0.18984239333349495, 0.9586504409089623, 0.21201225869854695], [-0.9804012153107619, -0.19667906526634937, 0.011436883453677674], [0.05266234623133027, -0.20568587076171296, 0.9772000817941042]], "trans": [-352.3393362861045, 531.5610066718339, 95.620448264315]}], "rb_ScNup84_506-726_ScNup133C_882_1155_renamed_relative_3CQC_new_1.pdb_17": [{"rot": [[-0.8247188709225943, 0.5369046686123978, 0.1776855671301672], [-0.5564141708753815, -0.8265412892806138, -0.08504567927531169], [0.10120303549409809, -0.16900554410003432, 0.9804055648915037]], "trans": [-188.86873594970814, 768.367382401132, 81.47989265690819]}], "rb_ScNup84_506-726_ScNup133C_882_1155_renamed_relative_3CQC_new_1.pdb_18": [{"rot": [[-0.9749434061838707, -0.20540984231429393, 0.08539409475488068], [0.19362092498316008, -0.9725728163511244, -0.12889163783389523], [0.10952758623860077, -0.10912796880385624, 0.9879750980047457]], "trans": [93.68893934437176, 819.7904710467888, 58.749337014342814]}], "rb_ScNup84_506-726_ScNup133C_882_1155_renamed_relative_3CQC_new_1.pdb_19": [{"rot": [[-0.5525123481953216, -0.8334347847356527, -0.010796512600109203], [0.8303229376160772, -0.5492263188754447, -0.09441541147043897], [0.07275935926254318, -0.061130272755491516, 0.9954743419056764]], "trans": [329.8093326849051, 655.706019009808, 40.768666234054706]}], "rb_ScNup84_506-726_ScNup133C_882_1155_renamed_relative_3CQC_new_1.pdb_20": [{"rot": [[0.1951082329954436, -0.9792642922295588, -0.05453644085868573], [0.9807028505246297, 0.1954958557395578, -0.0018136597034473685], [0.01243770036050023, -0.053130183067586434, 0.9985101337777915]], "trans": [381.17170169472536, 372.2371286794064, 38.095215687781206]}], "rb_ScNup84_506-726_ScNup133C_882_1155_renamed_relative_3CQC_new_1.pdb_21": [{"rot": [[0.8299516594766799, -0.5574693831100263, -0.02020222331398635], [0.556665990370215, 0.8253249570217528, 0.09466620559727601], [-0.03610011214732081, -0.08981426508058041, 0.9953040639377407]], "trans": [217.68915973774034, 135.44398971766657, 52.31913530236858]}], "rb_4XMM.renamed.noAb_Nup145c_149-550_Sec13_Nup84_7-436_3IKO_updated_1.pdb_21": [{"rot": [[0.9778952265749171, -0.03453100884418597, 0.20622447786379092], [0.034153447193694286, 0.9994020578823967, 0.005391543862106124], [-0.20628734301158172, 0.0017709118081452888, 0.9784898548194502]], "trans": [-39.76720679243215, -21.110381915222774, 114.77428516391146]}], "rb_4XMM.renamed.noAb_Nup145c_149-550_Sec13_Nup84_7-436_3IKO_updated_1.pdb_22": [{"rot": [[0.7132707461296048, 0.6801226271251473, 0.1693459618299273], [-0.676917331142217, 0.7311152466955706, -0.08516702911674], [-0.18173543824750724, -0.053886066117887224, 0.9818699111202684]], "trans": [-356.52217211485913, 158.38722353976928, 139.18951494310224]}], "rb_4XMM.renamed.noAb_Nup145c_149-550_Sec13_Nup84_7-436_3IKO_updated_1.pdb_23": [{"rot": [[0.02485516446017494, 0.9965309122008217, 0.07942519642943524], [-0.9918034151329675, 0.034541807440525096, -0.12301564644110322], [-0.12533238420391787, -0.07571660694285234, 0.9892213043110332]], "trans": [-454.0564590265952, 509.9537127089971, 145.29430285921984]}], "rb_4XMM.renamed.noAb_Nup145c_149-550_Sec13_Nup84_7-436_3IKO_updated_1.pdb_24": [{"rot": [[-0.6840679640317195, 0.7293374116286876, -0.010860966083284861], [-0.7260400968829918, -0.682255717481641, -0.08598205441686728], [-0.0701198852226103, -0.050932072040859935, 0.9962374846059501]], "trans": [-275.2311936820356, 827.6365959448098, 129.5363829746796]}], "rb_4XMM.renamed.noAb_Nup145c_149-550_Sec13_Nup84_7-436_3IKO_updated_1.pdb_25": [{"rot": [[-0.9982014748594149, 0.03506784547225976, -0.04862161867339012], [-0.03531527548591287, -0.9993672311264215, 0.004238946574522824], [-0.04844220170307011, 0.005948408580560732, 0.998808274660115]], "trans": [75.19717538299852, 925.3328777141937, 101.17097184570196]}], "rb_4XMM.renamed.noAb_Nup145c_149-550_Sec13_Nup84_7-436_3IKO_updated_1.pdb_26": [{"rot": [[-0.7335215280975445, -0.679564885213144, -0.011736038628395382], [0.6757347094638786, -0.7310243375283614, 0.09479462203619676], [-0.07299842630638151, 0.06160344735860468, 0.995427669411658]], "trans": [391.9446818694701, 745.8108154342501, 76.83893216512564]}], "rb_4XMM.renamed.noAb_Nup145c_149-550_Sec13_Nup84_7-436_3IKO_updated_1.pdb_27": [{"rot": [[-0.04508136854646194, -0.9959188504705114, 0.07818768117466271], [0.9905667509780074, -0.03442608739200448, 0.13263618044768202], [-0.12940317641715784, 0.08342953784104704, 0.9880760750816594]], "trans": [489.4580836770272, 394.2370812448281, 70.81832076077814]}], "rb_4XMM.renamed.noAb_Nup145c_149-550_Sec13_Nup84_7-436_3IKO_updated_1.pdb_28": [{"rot": [[0.6638210513225593, -0.7286694368611666, 0.16847095775070356], [0.724747800005711, 0.6823504423174445, 0.09559550332555689], [-0.18461375411352968, 0.05864064847539721, 0.9810601592861117]], "trans": [310.6145684271006, 76.5686426189227, 86.66010158513379]}], "rb_4XMM.renamed.noAb_Seh1_Nup85_47_544_3F3F_1.pdb_28": [{"rot": [[0.7025952695512065, -0.6726889825991115, 0.23205477778757064], [0.2739615892106815, 0.5566814553465189, 0.7842517484267654], [-0.6567381021696733, -0.48743747287529404, 0.5754126998907146]], "trans": [428.8916665363262, -115.81444970039843, 697.2927560609614]}], "rb_4XMM.renamed.noAb_Seh1_Nup85_47_544_3F3F_1.pdb_29": [{"rot": [[0.6782563270421404, -0.0940789841394006, 0.728778086642705], [-0.3392731391882412, 0.8396402975569097, 0.42414373476912165], [-0.6518144612178071, -0.5349330009093112, 0.5375728719769046]], "trans": [-79.51977399545893, -205.31929751798071, 738.29301761793]}], "rb_4XMM.renamed.noAb_Seh1_Nup85_47_544_3F3F_1.pdb_30": [{"rot": [[0.2287746305836944, 0.5146660705863201, 0.8263056360624255], [-0.7554545119693831, 0.6292013087011892, -0.1827407821856158], [-0.6139630679009884, -0.5824298660920011, 0.5327521021428806]], "trans": [-502.2434636301303, 92.0634485642675, 770.5810440120001]}], "rb_4XMM.renamed.noAb_Seh1_Nup85_47_544_3F3F_1.pdb_31": [{"rot": [[-0.38253710434685395, 0.796934745214452, 0.4675044124582128], [-0.730777612800195, 0.048642615640780595, -0.6808802953336728], [-0.5653578021288557, -0.602103735093545, 0.5637744653302683]], "trans": [-591.6399912364097, 602.1228995898255, 775.2660590215405]}], "rb_4XMM.renamed.noAb_Seh1_Nup85_47_544_3F3F_1.pdb_32": [{"rot": [[-0.7975638439317267, 0.5873700701595232, -0.13743476828533222], [-0.2796985171582661, -0.5619363133519558, -0.7784576541057822], [-0.5344723139249716, -0.5824293780512855, 0.6124666237685752]], "trans": [-295.3376971122359, 1026.0591541048404, 749.6275196964368]}], "rb_4XMM.renamed.noAb_Seh1_Nup85_47_544_3F3F_1.pdb_33": [{"rot": [[-0.7731770722450777, 0.008737986930629438, -0.6341300044461924], [0.3335342805141135, -0.8448497325101769, -0.4183106658924837], [-0.5393997577645548, -0.5349323107290124, 0.650304024485207]], "trans": [213.08727032136704, 1115.524493508408, 708.7088487779258]}], "rb_4XMM.renamed.noAb_Seh1_Nup85_47_544_3F3F_1.pdb_34": [{"rot": [[-0.32366290399442643, -0.5999906714043697, -0.7316102232785062], [0.7496803607580165, -0.6343629718117864, 0.18858148553833837], [-0.5772535675694195, -0.4874369848727626, 0.6551209846330105]], "trans": [635.794309689017, 818.1089773118124, 676.5047855445179]}], "rb_4XMM.renamed.noAb_Seh1_Nup85_47_544_3F3F_1.pdb_35": [{"rot": [[0.2876469229092232, -0.8822140737187497, -0.37277013811921866], [0.7249554821068332, -0.05378214353722738, 0.6866928206991738], [-0.6258584478171577, -0.46776683205322184, 0.6240956610382646]], "trans": [725.157590499154, 308.04292525697673, 671.9049292168213]}], "rb_4XMM.renamed.noAb_Nup120_715-1036_Nup85_553-744_Nup145c_92-99_554-712_remaining_updated_1.pdb_35": [{"rot": [[0.9991369080276563, 0.02654976417380764, 0.031946033231806406], [-0.02810455005557523, 0.9983911432107487, 0.04924692299530874], [-0.030587142447540686, -0.05010224726144928, 0.998275609005972]], "trans": [-24.4559335995026, -1.9057213196784915, 42.943869604415255]}], "rb_4XMM.renamed.noAb_Nup120_715-1036_Nup85_553-744_Nup145c_92-99_554-712_remaining_updated_1.pdb_36": [{"rot": [[0.6879120433920975, 0.7216871880595073, 0.07710138226301555], [-0.7257901400864144, 0.6843650557045113, 0.06980790129993719], [-0.0023860237738361698, -0.10398111906168403, 0.9945764092161185]], "trans": [-333.54829694534146, 157.03863288929105, 66.84834383161598]}], "rb_4XMM.renamed.noAb_Nup120_715-1036_Nup85_553-744_Nup145c_92-99_554-712_remaining_updated_1.pdb_37": [{"rot": [[-0.02403194827128946, 0.9920490455917864, 0.12353605385760558], [-0.998159099462847, -0.030693879383638822, 0.052309635134443304], [0.055685524347015174, -0.12205153382406053, 0.9909604156924683]], "trans": [-440.1501697490158, 488.64217705450426, 73.77300364420256]}], "rb_4XMM.renamed.noAb_Nup120_715-1036_Nup85_553-744_Nup145c_92-99_554-712_remaining_updated_1.pdb_38": [{"rot": [[-0.7196282382358102, 0.6792535485260448, 0.14404796266659617], [-0.6856538513798317, -0.7278940555480784, 0.0070028555441263435], [0.10960837021699013, -0.09372758778793049, 0.9895459284266841]], "trans": [-281.810758496463, 798.6469961891858, 59.685290587445195]}], "rb_4XMM.renamed.noAb_Nup120_715-1036_Nup85_553-744_Nup145c_92-99_554-712_remaining_updated_1.pdb_39": [{"rot": [[-0.9913867119325603, -0.0334592905400974, 0.1266209432917664], [0.02865562351160314, -0.9988057790691951, -0.039571087161413825], [0.1277937504133306, -0.035601847908897956, 0.9911615740033326]], "trans": [48.71439045413666, 905.4480129714689, 32.861990507932944]}], "rb_4XMM.renamed.noAb_Nup120_715-1036_Nup85_553-744_Nup145c_92-99_554-712_remaining_updated_1.pdb_40": [{"rot": [[-0.6801074236755045, -0.7285722412306631, 0.08146398940386479], [0.7263167630564588, -0.6847251424530173, -0.06012852065267961], [0.09958841280315958, 0.01827480781896747, 0.9948608844630107]], "trans": [357.8008977821855, 746.4798026711351, 9.040575701961586]}], "rb_4XMM.renamed.noAb_Nup120_715-1036_Nup85_553-744_Nup145c_92-99_554-712_remaining_updated_1.pdb_41": [{"rot": [[0.03185783043640977, -0.9988783359385146, 0.03503068130347387], [0.9986298346872916, 0.030354988833721896, -0.04262661053067531], [0.04151544185377557, 0.0363406748094365, 0.9984767515781613]], "trans": [464.3834427144232, 414.86830112906466, 2.1999717460046213]}], "rb_4XMM.renamed.noAb_Nup120_715-1036_Nup85_553-744_Nup145c_92-99_554-712_remaining_updated_1.pdb_42": [{"rot": [[0.7274297658343398, -0.686028453067857, 0.014522305585446853], [0.6860700014284496, 0.7275305912533994, 0.0026817774781962432], [-0.012405197223781902, 0.008012513450767821, 0.9998909494090027]], "trans": [306.02638095492495, 104.87631846595355, 16.37150579116394]}], "rb_4XMM.renamed.noAb_Nup120_2-711_3F7F_updated_1.pdb_42": [{"rot": [[0.9974417577939085, 0.014520457757460163, -0.06999354338445261], [0.015435452839337718, 0.9123034417508731, 0.40922387145076905], [0.06979746846872038, -0.40925735970905247, 0.909745418740503]], "trans": [16.362218997058108, -83.40004797808047, 227.79396130427313]}], "rb_4XMM.renamed.noAb_Nup120_2-711_3F7F_updated_1.pdb_43": [{"rot": [[0.7193900362586156, 0.6453680261881298, 0.2568619989524817], [-0.6880262626214508, 0.6112832495163931, 0.39109161433587036], [0.09538258580572055, -0.4580752117662734, 0.8837812301074841]], "trans": [-358.4089453679204, 81.29405424506932, 256.9054674191483]}], "rb_4XMM.renamed.noAb_Nup120_2-711_3F7F_updated_1.pdb_44": [{"rot": [[0.02684005529173944, 0.8794211765864233, 0.47528728744127613], [-0.9880094325127624, -0.048978539433869483, 0.14641879640515115], [0.1520426673593455, -0.4735182117366498, 0.8675618309123447]], "trans": [-507.41682933577835, 463.5512128506649, 266.96369514798215]}], "rb_4XMM.renamed.noAb_Nup120_2-711_3F7F_updated_1.pdb_45": [{"rot": [[-0.6745026413015922, 0.5795682732996001, 0.45732570828862706], [-0.7087796861495714, -0.6816912594416265, -0.18146179571084045], [0.20658543844833163, -0.44653963249123574, 0.8705887738971261]], "trans": [-343.3686001277173, 839.4399112967913, 252.10039776739967]}], "rb_4XMM.renamed.noAb_Nup120_2-711_3F7F_updated_1.pdb_46": [{"rot": [[-0.9737816129249834, -0.07853262500098238, 0.21349940782042276], [-0.013913746090859151, -0.9162028778769816, -0.4004730880342076], [0.2270589747156787, -0.39294390614996205, 0.8910888331814472]], "trans": [37.63588984541252, 988.7593667982392, 221.04670935662543]}], "rb_4XMM.renamed.noAb_Nup120_2-711_3F7F_updated_1.pdb_47": [{"rot": [[-0.6956750181679524, -0.7093567328681769, -0.1133547291982263], [0.689526122367226, -0.6151331820466844, -0.38231517746270033], [0.20146958993911335, -0.3441281649032883, 0.9170527849857166]], "trans": [412.40075153330696, 824.0362537131174, 192.0183233448842]}], "rb_4XMM.renamed.noAb_Nup120_2-711_3F7F_updated_1.pdb_48": [{"rot": [[-0.0031016215421538207, -0.9433583932934602, -0.3317609406584635], [0.9894549257797929, 0.045146955149165946, -0.13762522403564653], [0.1448079065310729, -0.3286893582754673, 0.9332705802512729]], "trans": [561.3853581139114, 441.767811077764, 182.04448245928322]}], "rb_4XMM.renamed.noAb_Nup120_2-711_3F7F_updated_1.pdb_49": [{"rot": [[0.6982193159241271, -0.6434561341762893, -0.3137737883593005], [0.7101701421116314, 0.6778361193913057, 0.19025394740104223], [0.0902671375617235, -0.35567175687625036, 0.9302416058406399]], "trans": [397.3143397086191, 65.89239936819035, 196.9920082229508]}]}
