{"rb_ScNup133N_56-480_renamed_1.pdb_0": [{"rot": [[0.6323499430397606, 0.10147199624698097, 0.7680084527628972], [0.5273151559403916, 0.6698842890956793, -0.5226794099047061], [-0.5675141195187721, 0.7354987921135043, 0.37009357052832464]], "trans": [-14.228651107554356, -103.03446975601696, 409.41025603554135]}], "rb_ScNup133N_56-480_renamed_1.pdb_1": [{"rot": [[0.8088319745275716, 0.558739335744323, 0.18330627832623997], [-0.10548127736034493, 0.44452537490945054, -0.8895340865801811], [-0.578501976753973, 0.7001482312722069, 0.41848287556140296]], "trans": [-390.34778724757973, 99.43084184494884, 438.44542907819726]}], "rb_ScNup133N_56-480_renamed_1.pdb_2": [{"rot": [[0.4876153509980789, 0.723340820586216, -0.48888580133265713], [-0.6779425900785196, -0.03912755286982081, -0.7340728023595766], [-0.5501137282677491, 0.6893816735887845, 0.4713043539914289]], "trans": [-513.6845026215633, 509.3416216839264, 446.32295778777836]}], "rb_ScNup133N_56-480_renamed_1.pdb_3": [{"rot": [[-0.14312670033074915, 0.49885058007134286, -0.8547881880412894], [-0.8547128735193167, -0.4977437896427563, -0.14736696954343037], [-0.49897961029763394, 0.7095063203626495, 0.4976144389712471]], "trans": [-311.98449697647493, 886.5664719844264, 428.45207967424403]}], "rb_ScNup133N_56-480_renamed_1.pdb_4": [{"rot": [[-0.7138965923275611, 0.01677816240570773, -0.7000501044420873], [-0.5322376031821205, -0.6626594774188315, 0.5268828624523164], [-0.4550547101415843, 0.7487328697561518, 0.4820003117474819]], "trans": [96.59543574997667, 1010.1218733652059, 395.32581201707023]}], "rb_ScNup133N_56-480_renamed_1.pdb_5": [{"rot": [[-0.8903292744051476, -0.4404716129210714, -0.11531930171444252], [0.10057266066822734, -0.4372646809876243, 0.893691635121924], [-0.4440708536521063, 0.7840818560402316, 0.433608948207009]], "trans": [472.70532332884846, 807.6274463614246, 366.37399439139]}], "rb_ScNup133N_56-480_renamed_1.pdb_6": [{"rot": [[-0.5690679937016415, -0.6050353803007353, 0.5568606711994721], [0.6730087428434728, 0.04640114983483429, 0.7381775974318423], [-0.4724625388331125, 0.7948453446289683, 0.3807886914300631]], "trans": [596.0166038062869, 397.70739827849775, 358.5810146841419]}], "rb_ScNup133N_56-480_renamed_1.pdb_7": [{"rot": [[0.06168786176278607, -0.3805093644531568, 0.922717308429068], [0.8497295150565989, 0.5049997516645341, 0.15144306540885205], [-0.5235975161828085, 0.7747179321418907, 0.3544823926021998]], "trans": [394.2937037288167, 20.498789951261074, 376.5361151900323]}], "rb_ScNup133C_490_881_renamed_relative_3CQC_1.pdb_7": [{"rot": [[0.8159022006847734, 0.3143871880596492, -0.48524663306579535], [-0.2795629215052297, 0.9491343736745257, 0.1448741302956696], [0.5061108295988188, 0.017453844659920545, 0.862291825004379]], "trans": [173.60721259183924, 128.5283830119031, -246.62633118981023]}], "rb_ScNup133C_490_881_renamed_relative_3CQC_1.pdb_8": [{"rot": [[0.391343702690233, 0.8923572377994498, -0.22483030603464954], [-0.7435457633670106, 0.45056934949266336, 0.49409205526574396], [0.542208266391861, -0.026188192848951353, 0.8398359211248577]], "trans": [-106.90283505934138, 93.00181602840462, -224.05385164447523]}], "rb_ScNup133C_490_881_renamed_relative_3CQC_1.pdb_9": [{"rot": [[-0.23603314424541982, 0.9497585532742893, 0.20554086041454014], [-0.7703352722831504, -0.31181206973251235, 0.5561985270077321], [0.5923444294446137, -0.027054087518441683, 0.8052304969724378]], "trans": [-330.3678209822492, 266.87449689781016, -207.04704296424956]}], "rb_ScNup133C_490_881_renamed_relative_3CQC_1.pdb_10": [{"rot": [[-0.6987021371737385, 0.4529646345204583, 0.5537493687423914], [-0.34423777619849827, -0.8913960990408828, 0.29481069867392595], [0.6271488475208752, 0.015363413957952016, 0.7787478979520868]], "trans": [-365.87689222767904, 548.2894743572009, -205.54472856882495]}], "rb_ScNup133C_490_881_renamed_relative_3CQC_1.pdb_11": [{"rot": [[-0.7256252564045137, -0.3069956360617942, 0.6158097650304819], [0.2851328037058613, -0.9486542419287916, -0.13694675432935144], [0.6262326017692768, 0.07621554112858743, 0.7759020039745729]], "trans": [-192.62642084289, 772.3900034548635, -220.40298051248794]}], "rb_ScNup133C_490_881_renamed_relative_3CQC_1.pdb_12": [{"rot": [[-0.3010305590763761, -0.8849268165255694, 0.35536619408166037], [0.749082307596778, -0.45004387095268694, -0.48614422825269266], [0.5901324418701698, 0.1198542598819132, 0.7983599798590284]], "trans": [87.89293754252577, 807.8949512231059, -242.89362040410163]}], "rb_ScNup133C_490_881_renamed_relative_3CQC_1.pdb_13": [{"rot": [[0.3263483943306188, -0.9422686725255438, -0.07500982798790318], [0.775822574406948, 0.3123420281633983, -0.5482169191874224], [0.5399963505047056, 0.12071539346629662, 0.8329656266748796]], "trans": [311.3509008027024, 634.0051354347079, -259.81730937594966]}], "rb_ScNup133C_490_881_renamed_relative_3CQC_1.pdb_14": [{"rot": [[0.7889841668674105, -0.44542953629676263, -0.42319795914794706], [0.34968877880121196, 0.8918870460760837, -0.2868017695590337], [0.5051947569136614, 0.07829447768602249, 0.8594464685777803]], "trans": [346.8445566418103, 352.5877788200954, -261.2359069031223]}], "rb_ScNup84_506-726_ScNup133C_882_1155_renamed_relative_3CQC_new_1.pdb_14": [{"rot": [[0.9824610733595278, 0.1704670645480618, 0.07557260904329953], [-0.18499534918117863, 0.941895828925984, 0.280372909235481], [-0.023387178422765317, -0.28943605054692206, 0.9569116012094436]], "trans": [-64.11453110597313, 47.67140651113971, 112.58094799737427]}], "rb_ScNup84_506-726_ScNup133C_882_1155_renamed_relative_3CQC_new_1.pdb_15": [{"rot": [[0.5656257910404271, 0.7791562044667759, 0.2701537961066225], [-0.8245603610008019, 0.529204087830977, 0.20010808201871932], [0.012948960426150707, -0.3359444038288345, 0.9417928020323635]], "trans": [-325.3359249686299, 224.0555960263955, 132.5849565039823]}], "rb_ScNup84_506-726_ScNup133C_882_1155_renamed_relative_3CQC_new_1.pdb_16": [{"rot": [[-0.18005463637846308, 0.9188186848255495, 0.3512158201648475], [-0.9809332887673197, -0.19427114980027027, 0.005348209364886614], [0.07314513590628668, -0.3435563196489449, 0.9362792555229035]], "trans": [-385.782261049892, 534.0284503051296, 135.93597776339928]}], "rb_ScNup84_506-726_ScNup133C_882_1155_renamed_relative_3CQC_new_1.pdb_17": [{"rot": [[-0.8177501004211306, 0.50763825538924, 0.2712714045501272], [-0.5625086665368244, -0.804707888762523, -0.1898136292111975], [0.1219375796553048, -0.3078126303918196, 0.9436008749673108]], "trans": [-210.04131004075367, 796.0036174887937, 120.69494117364542]}], "rb_ScNup84_506-726_ScNup133C_882_1155_renamed_relative_3CQC_new_1.pdb_18": [{"rot": [[-0.9738896067453374, -0.2135097906343072, 0.07715311514582487], [0.18559446220088632, -0.9445036802136737, -0.27104887688973894], [0.13074299015157329, -0.24965249321030097, 0.9594685524602173]], "trans": [98.9373143494862, 856.5124675865194, 95.81426576880114]}], "rb_ScNup84_506-726_ScNup133C_882_1155_renamed_relative_3CQC_new_1.pdb_19": [{"rot": [[-0.5570044309793248, -0.8221667596970492, -0.11742181704713847], [0.8251267363771462, -0.5317641784009797, -0.19076878016365606], [0.09440303377009016, -0.203146936523257, 0.9745867787920262]], "trans": [360.1514906936854, 680.1081798314522, 75.89340691973365]}], "rb_ScNup84_506-726_ScNup133C_882_1155_renamed_relative_3CQC_new_1.pdb_20": [{"rot": [[0.1886882128321989, -0.9617728172587682, -0.19846865324358115], [0.9814411323744364, 0.1917219968867076, 0.003997448355548008], [0.0342061693525131, -0.1955395711663072, 0.9800990838105716]], "trans": [420.58018470878915, 370.13099008614756, 72.62628952552348]}], "rb_ScNup84_506-726_ScNup133C_882_1155_renamed_relative_3CQC_new_1.pdb_21": [{"rot": [[0.8263510596781659, -0.5505447663543978, -0.11850901403923667], [0.5629664729845613, 0.8021264430107898, 0.19915300579750145], [-0.01458343114955283, -0.23128689902940436, 0.9727762815124897]], "trans": [244.82532873542783, 108.17002357695947, 87.95084192324029]}], "rb_4XMM.renamed.noAb_Nup145c_149-550_Sec13_Nup84_7-436_3IKO_updated_1.pdb_21": [{"rot": [[0.9991731526481755, -0.025375583229218058, 0.03176618961858393], [0.02551204741601037, 0.999666915383884, -0.003897912712607854], [-0.03165669698105033, 0.004705110269579078, 0.9994877265247444]], "trans": [0.13207421610013625, -10.87457545482755, 14.494440244558461]}], "rb_4XMM.renamed.noAb_Nup145c_149-550_Sec13_Nup84_7-436_3IKO_updated_1.pdb_22": [{"rot": [[0.7257157406558044, 0.6868580210658323, 0.03953128712712145], [-0.6879650019189886, 0.7250191212500103, 0.032425760692230375], [-0.00638904523416783, -0.05072802696136001, 0.9986920683481992]], "trans": [-323.00219151805527, 131.72935449395726, 39.59764492015216]}], "rb_4XMM.renamed.noAb_Nup145c_149-550_Sec13_Nup84_7-436_3IKO_updated_1.pdb_23": [{"rot": [[0.02935587613097468, 0.997070642004101, 0.07062837524757937], [-0.9982862020482516, 0.025666275964433494, 0.05259183471029796], [0.05062500702874642, -0.07205121186800094, 0.9961153203980411]], "trans": [-451.05509112816884, 461.74385901898967, 48.23981582297648]}], "rb_4XMM.renamed.noAb_Nup145c_149-550_Sec13_Nup84_7-436_3IKO_updated_1.pdb_24": [{"rot": [[-0.6819690136135782, 0.7235353522419959, 0.10684034129005096], [-0.7236610184071351, -0.6887008628294371, 0.0447867388401673], [0.10598582409394033, -0.04677302207512632, 0.9932669779556192]], "trans": [-309.0095171374887, 785.8419049601716, 35.382252284733966]}], "rb_4XMM.renamed.noAb_Nup145c_149-550_Sec13_Nup84_7-436_3IKO_updated_1.pdb_25": [{"rot": [[-0.9915547784845501, 0.02649298136974312, 0.12695370495813518], [-0.024968755787694173, -0.9995959526494952, 0.013582808294412685], [0.12726225873710273, 0.010298222414121825, 0.991815640185332]], "trans": [19.924143706915913, 914.16240401789, 8.581101218959418]}], "rb_4XMM.renamed.noAb_Nup145c_149-550_Sec13_Nup84_7-436_3IKO_updated_1.pdb_26": [{"rot": [[-0.7180417122612411, -0.6857192214582618, 0.11918577421664052], [0.6884868068066995, -0.7248922662583844, -0.022740254437842132], [0.10199027554654057, 0.06572938187339464, 0.9926115212168767]], "trans": [343.05382825703833, 771.5335153202765, -16.43914028259985]}], "rb_4XMM.renamed.noAb_Nup145c_149-550_Sec13_Nup84_7-436_3IKO_updated_1.pdb_27": [{"rot": [[-0.021657625671499536, -0.9958773056333141, 0.08808711242175807], [0.9987533410848177, -0.0255150964659957, -0.042903887052857775], [0.04497455861024821, 0.08704810151210174, 0.9951883827200516]], "trans": [471.0875245141287, 441.50936972890327, -24.997257061738765]}], "rb_4XMM.renamed.noAb_Nup145c_149-550_Sec13_Nup84_7-436_3IKO_updated_1.pdb_28": [{"rot": [[0.6896458643447836, -0.7222862922166814, 0.05187575414406121], [0.7240723365084057, 0.6888305494451958, -0.0350959492575382], [-0.010384281168885519, 0.06176557477194161, 0.9980366628925499]], "trans": [329.02320127493, 117.42288186682879, -12.055778738604545]}], "rb_4XMM.renamed.noAb_Seh1_Nup85_47_544_3F3F_1.pdb_28": [{"rot": [[0.7163282459619291, -0.6661429226507998, 0.20767149693530743], [0.2528282754152508, 0.5251924120756486, 0.8125581785009042], [-0.6503473742452189, -0.5295531483245168, 0.544629925648542]], "trans": [426.2770482854508, -98.14637327132493, 726.2723625159829]}], "rb_4XMM.renamed.noAb_Seh1_Nup85_47_544_3F3F_1.pdb_29": [{"rot": [[0.6732197821088314, -0.112470242035763, 0.7308389491767316], [-0.3635269075462495, 0.8103351464895668, 0.45957060159847846], [-0.6439125037357117, -0.5750716433803216, 0.5046476914765964]], "trans": [-68.34467753016224, -189.31431441085732, 766.1815901579744]}], "rb_4XMM.renamed.noAb_Seh1_Nup85_47_544_3F3F_1.pdb_30": [{"rot": [[0.20826157064369252, 0.4801744055871453, 0.8520913439368154], [-0.7685996266550104, 0.6191291842509365, -0.16103933406016932], [-0.6048815851873779, -0.6213787841790189, 0.49800268520702096]], "trans": [-482.4862911945084, 97.11112290535064, 797.8388844379177]}], "rb_4XMM.renamed.noAb_Seh1_Nup85_47_544_3F3F_1.pdb_31": [{"rot": [[-0.406167312246427, 0.764611429350894, 0.5003973187063355], [-0.7250925715317803, 0.06358567404321469, -0.6857095775661106], [-0.5561194810217831, -0.6413471947100466, 0.5285876452071216]], "trans": [-573.5358826869975, 593.3379956939777, 802.7229608999597]}], "rb_4XMM.renamed.noAb_Seh1_Nup85_47_544_3F3F_1.pdb_32": [{"rot": [[-0.8101257635172465, 0.5742136101726445, -0.11821580764893666], [-0.258492788517225, -0.5308501626904208, -0.8070809024231316], [-0.5261917194048014, -0.6232790985297403, 0.5784854706609033]], "trans": [-288.153404172826, 1008.6697218717193, 777.9966635883443]}], "rb_4XMM.renamed.noAb_Seh1_Nup85_47_544_3F3F_1.pdb_33": [{"rot": [[-0.7669692266001574, 0.020518675136265374, -0.6413557432650014], [0.35785899044178865, -0.815949431246109, -0.45405227519430924], [-0.5326304050730992, -0.5777590411406794, 0.6184653118582015]], "trans": [206.48197788072156, 1099.7992368614946, 738.1690110101943]}], "rb_4XMM.renamed.noAb_Seh1_Nup85_47_544_3F3F_1.pdb_34": [{"rot": [[-0.301979409328361, -0.572111075715348, -0.7625597375848759], [0.7628952026709872, -0.6246969602042409, 0.1665671565860685], [-0.5716636651767201, -0.5314533139941849, 0.6251064141098783]], "trans": [620.6077956470538, 813.3417026513116, 706.595608516878]}], "rb_4XMM.renamed.noAb_Seh1_Nup85_47_544_3F3F_1.pdb_35": [{"rot": [[0.3124460969839013, -0.8565047782538343, -0.4108247817596579], [0.7193399240359141, -0.06913114376098445, 0.6912097790470687], [-0.6204252655779952, -0.5114884649634263, 0.5945183260773599]], "trans": [711.6252192438867, 317.1080986279071, 701.7966053751416]}], "rb_4XMM.renamed.noAb_Nup120_715-1036_Nup85_553-744_Nup145c_92-99_554-712_remaining_updated_1.pdb_35": [{"rot": [[0.9914021741700254, -0.10073552202850063, 0.08351097923382537], [0.09588677794537796, 0.9935714635179829, 0.06017867311587753], [-0.08903625590848217, -0.05165366864395335, 0.9946881137569807]], "trans": [31.33629113788595, -68.25113859520354, 77.48136571888409]}], "rb_4XMM.renamed.noAb_Nup120_715-1036_Nup85_553-744_Nup145c_92-99_554-712_remaining_updated_1.pdb_36": [{"rot": [[0.7686856863030221, 0.6280208057979473, 0.12129378861981596], [-0.6360313496192604, 0.7705737751462641, 0.0409899909531174], [-0.0677232454505372, -0.10865507140364658, 0.9917699518960609]], "trans": [-340.0849042488496, 72.79478327360619, 106.44091812727592]}], "rb_4XMM.renamed.noAb_Nup120_715-1036_Nup85_553-744_Nup145c_92-99_554-712_remaining_updated_1.pdb_37": [{"rot": [[0.0952192464804244, 0.9863288663458121, 0.1344940984306953], [-0.995380388748343, 0.09600776155275187, 0.0006256331412759081], [-0.0122953973054035, -0.13393236029658884, 0.990914197128332]], "trans": [-503.39258066928784, 435.9606277286616, 117.7318161177904]}], "rb_4XMM.renamed.noAb_Nup120_715-1036_Nup85_553-744_Nup145c_92-99_554-712_remaining_updated_1.pdb_38": [{"rot": [[-0.634471008972889, 0.7642867456025003, 0.1153789810548819], [-0.7716486054986013, -0.6349562951186829, -0.03726839037602498], [0.04477687355084084, -0.11267774307952125, 0.992622162662872]], "trans": [-362.91688529883425, 808.4988392449642, 104.76369734710931]}], "rb_4XMM.renamed.noAb_Nup120_715-1036_Nup85_553-744_Nup145c_92-99_554-712_remaining_updated_1.pdb_39": [{"rot": [[-0.9929222397797648, 0.09196984869334719, 0.0751463417742823], [-0.09590123311587799, -0.9941093438767146, -0.05049322631661888], [0.07005982613158877, -0.05734247420830469, 0.9958932982072329]], "trans": [-0.9485478535419247, 972.1713975226608, 75.15747354275868]}], "rb_4XMM.renamed.noAb_Nup120_715-1036_Nup85_553-744_Nup145c_92-99_554-712_remaining_updated_1.pdb_40": [{"rot": [[-0.7701486607711812, -0.636769106504019, 0.03736502795968553], [0.6359993896200767, -0.7710544647009008, -0.031301579316319106], [0.048742350325406754, -0.0003427344149889693, 0.998811326436517]], "trans": [370.4681891768426, 831.0967269347843, 46.28089295826942]}], "rb_4XMM.renamed.noAb_Nup120_715-1036_Nup85_553-744_Nup145c_92-99_554-712_remaining_updated_1.pdb_41": [{"rot": [[-0.0966541756378308, -0.9950245648157132, 0.024167865960207237], [0.9952955581117604, -0.09646035088623023, 0.009063813209876006], [-0.0066874759640348225, 0.02493022503317054, 0.999666825269812]], "trans": [533.7540776031924, 467.9184754597481, 35.0742685610079]}], "rb_4XMM.renamed.noAb_Nup120_715-1036_Nup85_553-744_Nup145c_92-99_554-712_remaining_updated_1.pdb_42": [{"rot": [[0.6330186499569299, -0.7729254273607827, 0.0432859393551259], [0.7715065107807689, 0.634486253917659, 0.04695633516808677], [-0.06375807893583046, 0.00367114814271376, 0.9979586314280393]], "trans": [393.25585499358823, 95.39170042015337, 48.12660383748073]}], "rb_4XMM.renamed.noAb_Nup120_2-711_3F7F_updated_1.pdb_42": [{"rot": [[0.9760521950244644, 0.21753265511296574, -0.0012870693175500575], [-0.20378853871222505, 0.9164213737527532, 0.34444462141054316], [0.07610745086692, -0.3359336388166864, 0.9388057553263717]], "trans": [-112.66261224420919, 69.54418896750224, 170.8210319270357]}], "rb_4XMM.renamed.noAb_Nup120_2-711_3F7F_updated_1.pdb_43": [{"rot": [[0.5498001747799823, 0.7936445406741105, 0.26047669928437084], [-0.8276014707065446, 0.47534275418970173, 0.2985382248954272], [0.11311752073072011, -0.3797072676385433, 0.9181649184140104]], "trans": [-343.18226542309617, 277.0913510066339, 188.22629901817353]}], "rb_4XMM.renamed.noAb_Nup120_2-711_3F7F_updated_1.pdb_44": [{"rot": [[-0.191437797742749, 0.8902532439850014, 0.41328045098889804], [-0.9661607105528837, -0.24508805004084872, 0.08040727026283406], [0.17287293304433843, -0.38390234344342716, 0.9070468233334439]], "trans": [-359.94464909754623, 587.3123743857702, 188.0942313182361]}], "rb_4XMM.renamed.noAb_Nup120_2-711_3F7F_updated_1.pdb_45": [{"rot": [[-0.8134340667845009, 0.450764024463402, 0.3676095935146204], [-0.5382963018639753, -0.8228325157463021, -0.18216405361700294], [0.22036812472314352, -0.3460613316742681, 0.9119646069480087]], "trans": [-153.1282092221935, 818.4755262881633, 170.52620084918797]}], "rb_4XMM.renamed.noAb_Nup120_2-711_3F7F_updated_1.pdb_46": [{"rot": [[-0.9518144477932217, -0.26736413629693934, 0.15021875912906033], [0.20534275186205547, -0.9194397887194375, -0.3353577629596085], [0.2277797427994889, -0.2883520305837056, 0.9300373622755437]], "trans": [156.11298095144207, 835.1622897241285, 145.83781247021363]}], "rb_4XMM.renamed.noAb_Nup120_2-711_3F7F_updated_1.pdb_47": [{"rot": [[-0.525513762410631, -0.8434416361155482, -0.11154143617395633], [0.8291222076418424, -0.47831596629004364, -0.2894308228007827], [0.19076595690043646, -0.24458136245173642, 0.9506778144193289]], "trans": [386.62298525812724, 627.5974401846927, 128.51587710117883]}], "rb_4XMM.renamed.noAb_Nup120_2-711_3F7F_updated_1.pdb_48": [{"rot": [[0.2157350370264861, -0.9399941529059359, -0.26432817916716866], [0.9676232649892598, 0.24212239651684464, -0.07128788225542193], [0.13100996470003234, -0.24039080183648875, 0.9617944954831592]], "trans": [403.3677063232087, 317.37550998961524, 128.73183362173958]}], "rb_4XMM.renamed.noAb_Nup120_2-711_3F7F_updated_1.pdb_49": [{"rot": [[0.8376979521997941, -0.5004598609418069, -0.21863684151207674], [0.5397100516452822, 0.8198323485880367, 0.1912798482895398], [0.08351766898876327, -0.27823523823327934, 0.9568750969546401]], "trans": [196.5397637854589, 86.22899677156784, 146.38317655835098]}]}
