{"rb_ScNup133N_56-480_renamed_1.pdb_0": [{"rot": [[-0.7528472643523025, -0.013226405145377637, 0.6580623517298274], [0.04732193363402636, -0.9982983780944166, 0.03407319901624378], [0.656491912482094, 0.056792697602720724, 0.752192102022226]], "trans": [880.8870872800853, 358.0743882708579, -312.2236179450727]}], "rb_ScNup133N_56-480_renamed_1.pdb_1": [{"rot": [[-0.48738538824614963, -0.7120440369323238, 0.5054194028658534], [0.6018542783133558, -0.6933039197615531, -0.39635981446052493], [0.6326348954966567, 0.1110088479013803, 0.7664529500807917]], "trans": [555.0483507670572, -246.9299108955464, -283.2673831431275]}], "rb_ScNup133N_56-480_renamed_1.pdb_2": [{"rot": [[0.09127962100972276, -0.9913754858608175, 0.09403550830699609], [0.8055019196213176, 0.017981856409633235, -0.5923202768152054], [0.5855208692051033, 0.12981255283791737, 0.8001962339645251]], "trans": [-101.9017505808302, -443.4211209483798, -229.90713139037393]}], "rb_ScNup133N_56-480_renamed_1.pdb_3": [{"rot": [[0.6441576418165942, -0.6875844505751179, -0.3350948460012527], [0.5389651978479655, 0.7188777136086175, -0.43901178615790665], [0.5427498945167962, 0.10218833692826906, 0.8336546621940326]], "trans": [-705.1106710582919, -116.29180371745127, -183.37804564193806]}], "rb_ScNup133N_56-480_renamed_1.pdb_4": [{"rot": [[0.8473649340057059, 0.021363997000814806, -0.5305810477671252], [-0.04161491722409366, 0.9987889760566482, -0.02624461796539257], [0.5293778114748889, 0.04431885535375152, 0.8472278157486306]], "trans": [-901.2082064645884, 542.8211910351673, -170.9135154881762]}], "rb_ScNup133N_56-480_renamed_1.pdb_5": [{"rot": [[0.5818598005898565, 0.7201578601038884, -0.37790452364072835], [-0.5961264080060252, 0.6937396794628687, 0.40417640061809035], [0.5532381748717015, -0.009895133619592517, 0.8329643498945702]], "trans": [-575.3157422441982, 1147.8002942853457, -199.79143354185038]}], "rb_ScNup133N_56-480_renamed_1.pdb_6": [{"rot": [[0.003178892346432094, 0.9994338407348525, 0.033494665805704094], [-0.7997286245857537, -0.017567997033002825, 0.6001045679699761], [0.6003532473982574, -0.02869431083393381, 0.7992200040440286]], "trans": [81.6562343180924, 1344.240333938953, -253.07070332728756]}], "rb_ScNup133N_56-480_renamed_1.pdb_7": [{"rot": [[-0.5496783552747637, 0.6955881316487623, 0.46261307466588125], [-0.5331485176996208, -0.7184399871014469, 0.44676240106837045], [0.6431223552459775, -0.0010658532087123307, 0.76576269179153]], "trans": [684.8461893864878, 1017.0640817575269, -299.515572465288]}], "rb_ScNup133C_490_881_renamed_relative_3CQC_1.pdb_7": [{"rot": [[0.8506319132551151, 0.34003687888842954, -0.40099908871187945], [-0.25071097338149545, 0.9327407074055153, 0.259111521501384], [0.46213564672944824, -0.11987365742511824, 0.8786699894030069]], "trans": [123.42180822135407, 78.11653317020969, -191.99970355132297]}], "rb_ScNup133C_490_881_renamed_relative_3CQC_1.pdb_8": [{"rot": [[0.4354360338315028, 0.8962691869305848, -0.08424372380111708], [-0.7501537360502266, 0.4129904679372695, 0.516438036634447], [0.4976593541077847, -0.16167998624364055, 0.8521706104514981]], "trans": [-176.9412944258027, 95.87091339255599, -168.10404955964094]}], "rb_ScNup133C_490_881_renamed_relative_3CQC_1.pdb_9": [{"rot": [[-0.21031347839749714, 0.9233606366649947, 0.3212061261276956], [-0.8086484311976656, -0.34894530275988356, 0.47362948641672165], [0.5494141930510167, -0.16013216522431972, 0.8200620306627245]], "trans": [-376.8922713960558, 321.4864736894705, -153.22320653423526]}], "rb_ScNup133C_490_881_renamed_relative_3CQC_1.pdb_10": [{"rot": [[-0.708327454100014, 0.4054406748478004, 0.5778322221433762], [-0.3919280416312409, -0.9067138869171846, 0.1557637231663095], [0.5870814491629693, -0.11613692974455025, 0.8011539088079247]], "trans": [-359.29510773219175, 622.7945544547998, -156.05057723808812]}], "rb_ScNup133C_490_881_renamed_relative_3CQC_1.pdb_11": [{"rot": [[-0.7668622843124558, -0.3540858822170234, 0.5352993787719853], [0.25588675268354233, -0.93356658339825, -0.2509490070974359], [0.58859511270495, -0.05546730908120155, 0.8065228892741586]], "trans": [-134.4565566892466, 823.2847503274547, -174.90584314576944]}], "rb_ScNup133C_490_881_renamed_relative_3CQC_1.pdb_12": [{"rot": [[-0.3516274401552687, -0.9102776680764487, 0.21852393537357523], [0.7552969110484847, -0.41377270398145183, -0.508250652336516], [0.5530684582314103, -0.013664422460514442, 0.8330237476016817]], "trans": [165.91170164751696, 805.5071944486516, -198.7193187281236]}], "rb_ScNup133C_490_881_renamed_relative_3CQC_1.pdb_13": [{"rot": [[0.2941266518529646, -0.9373096922698437, -0.1869225867753134], [0.8137409210101701, 0.34816516767715, -0.46541028081667984], [0.5013135008587777, -0.015216990285588872, 0.8651319073201285]], "trans": [365.85161969124397, 579.8763465109109, -213.51672931781513]}], "rb_ScNup133C_490_881_renamed_relative_3CQC_1.pdb_14": [{"rot": [[0.7921081394811239, -0.41934621387317644, -0.4435238982038995], [0.39698145747250274, 0.9058930830359561, -0.14752438622348596], [0.46364902436083943, -0.0592154964332898, 0.8840379557413808]], "trans": [348.2374876383385, 278.57005542629656, -210.60553824672684]}], "rb_ScNup84_506-726_ScNup133C_882_1155_renamed_relative_3CQC_new_1.pdb_14": [{"rot": [[0.9844597163718264, 0.1421473356724948, 0.10311741755064585], [-0.15936440991512865, 0.9698149386008831, 0.18455885164079347], [-0.07377026293504718, -0.19812400114013615, 0.9773969656586404]], "trans": [-63.453713742906984, 50.39878969640938, 108.36131600177495]}], "rb_ScNup84_506-726_ScNup133C_882_1155_renamed_relative_3CQC_new_1.pdb_15": [{"rot": [[0.5841162358158463, 0.7805669912063438, 0.222538525418415], [-0.8107473219484178, 0.5741639043007654, 0.11412533001735546], [-0.03869112313949409, -0.2470849716943087, 0.9682210562433702]], "trans": [-323.02808484257946, 225.2753608258819, 128.24138187109844]}], "rb_ScNup84_506-726_ScNup133C_882_1155_renamed_relative_3CQC_new_1.pdb_16": [{"rot": [[-0.15822880724741745, 0.9532717193501463, 0.2573648648208903], [-0.987171913664838, -0.1583561150746487, -0.02037041211575817], [0.021336762368288464, -0.2572865521275455, 0.9660995666420509]], "trans": [-383.37208285245134, 533.0142772094462, 131.59511531528142]}], "rb_ScNup84_506-726_ScNup133C_882_1155_renamed_relative_3CQC_new_1.pdb_17": [{"rot": [[-0.8076992195263979, 0.5590886552205963, 0.18719467508471618], [-0.5852861716501674, -0.7986245636429687, -0.14013887262700542], [0.07114821186465589, -0.22275251277977215, 0.9722752953761393]], "trans": [-209.1334295487037, 793.3378593060692, 116.48185689626632]}], "rb_ScNup84_506-726_ScNup133C_882_1155_renamed_relative_3CQC_new_1.pdb_18": [{"rot": [[-0.9838260759752545, -0.17106420423401153, 0.05313464275701869], [0.1594795698344374, -0.9715631564477474, -0.17501799861360443], [0.08156297589319814, -0.1637133808308692, 0.9831304134754306]], "trans": [97.61832853757971, 853.7449989562203, 91.77917139404263]}], "rb_ScNup84_506-726_ScNup133C_882_1155_renamed_relative_3CQC_new_1.pdb_19": [{"rot": [[-0.5834317806975722, -0.8094530187898495, -0.0662809749781811], [0.81083103823034, -0.5758620273897876, -0.1045751062769291], [0.04647993883782247, -0.11475511222826444, 0.9923058397001951]], "trans": [357.18559965892945, 678.8484588073522, 71.98224518486495]}], "rb_ScNup84_506-726_ScNup133C_882_1155_renamed_relative_3CQC_new_1.pdb_20": [{"rot": [[0.15892704257341955, -0.9821006195978229, -0.1010968254913932], [0.9871973592955167, 0.15667152274283797, 0.02992336480741413], [-0.013548761523609593, -0.104558151030951, 0.9944264799944558]], "trans": [417.51212983319977, 371.105214915067, 68.71240167991567]}], "rb_ScNup84_506-726_ScNup133C_882_1155_renamed_relative_3CQC_new_1.pdb_21": [{"rot": [[0.8083661279061661, -0.5878676077734496, -0.03091729264848569], [0.5852606553848597, 0.7969090115593812, 0.14968631384977482], [-0.06335746611469609, -0.13909602088546796, 0.9882500333728067]], "trans": [243.2597004194912, 110.79571552638367, 83.9091662103742]}], "rb_4XMM.renamed.noAb_Nup145c_149-550_Sec13_Nup84_7-436_3IKO_updated_1.pdb_21": [{"rot": [[0.9950215056782807, -0.008043737748717356, 0.09933529846312561], [0.009121592964326635, 0.9999043004893058, -0.010401269383426578], [-0.0992421270404939, 0.011255582882433042, 0.9949996543087121]], "trans": [-25.63390710710064, -2.8423624126990603, 49.71248332821693]}], "rb_4XMM.renamed.noAb_Nup145c_149-550_Sec13_Nup84_7-436_3IKO_updated_1.pdb_22": [{"rot": [[0.7098812655860886, 0.6994421450482133, 0.08276034376588737], [-0.7005216216708623, 0.7133494188213895, -0.020051539562140848], [-0.07306193496971702, -0.04374119794359536, 0.9963677339521492]], "trans": [-334.90992530297353, 157.5963936845826, 73.62432501331219]}], "rb_4XMM.renamed.noAb_Nup145c_149-550_Sec13_Nup84_7-436_3IKO_updated_1.pdb_23": [{"rot": [[0.00795980709345323, 0.9979031596508877, 0.0642333669505997], [-0.9998457208599828, 0.008948230320641182, -0.015115014128689805], [-0.01565809531893159, -0.06410314448530695, 0.9978204301967761]], "trans": [-440.5883152442318, 490.38648685356435, 80.4696044023259]}], "rb_4XMM.renamed.noAb_Nup145c_149-550_Sec13_Nup84_7-436_3IKO_updated_1.pdb_24": [{"rot": [[-0.6995473823220753, 0.7124966354047533, 0.05460773226603122], [-0.7135024268282499, -0.7006511167324428, 0.0015164207130023248], [0.03934141325029325, -0.037901941355120844, 0.9985067330994734]], "trans": [-280.7592726987242, 800.5749049707229, 66.26226521192115]}], "rb_4XMM.renamed.noAb_Nup145c_149-550_Sec13_Nup84_7-436_3IKO_updated_1.pdb_25": [{"rot": [[-0.9981726152495094, 0.01041773844518765, 0.059522272231851185], [-0.009235678659898591, -0.9997553194833727, 0.020099835929441003], [0.05971710312503476, 0.0195133772163358, 0.9980245967429695]], "trans": [50.94900896015457, 906.4490158415103, 39.34917196450601]}], "rb_4XMM.renamed.noAb_Nup145c_149-550_Sec13_Nup84_7-436_3IKO_updated_1.pdb_26": [{"rot": [[-0.7129770196241743, -0.6970458140764485, 0.07609798004106871], [0.7003851324069018, -0.7131449185913952, 0.0297488048606819], [0.033532607879442136, 0.07450810805391181, 0.9966564634030274]], "trans": [360.21905458912585, 745.9863892880359, 15.520399060217699]}], "rb_4XMM.renamed.noAb_Nup145c_149-550_Sec13_Nup84_7-436_3IKO_updated_1.pdb_27": [{"rot": [[-0.011032196621289347, -0.9954518978568907, 0.09462457234156407], [0.9996541295957839, -0.008720328105683073, 0.024810825456342188], [-0.023872825970233505, 0.09486556240725036, 0.9952038048808651]], "trans": [465.87802409035885, 413.18841126353846, 8.759182553272808]}], "rb_4XMM.renamed.noAb_Nup145c_149-550_Sec13_Nup84_7-436_3IKO_updated_1.pdb_28": [{"rot": [[0.696452679022051, -0.7099900214917739, 0.10424891013875565], [0.7132553146606398, 0.7008565944805075, 0.008178635676993659], [-0.07887028585823486, 0.06866005647605937, 0.9945176090212503]], "trans": [306.0313166778249, 103.01294654143896, 23.050343307778974]}], "rb_4XMM.renamed.noAb_Seh1_Nup85_47_544_3F3F_1.pdb_28": [{"rot": [[0.6941961093195969, -0.6960160025281806, 0.183448864892166], [0.2713764487075798, 0.4891429465411462, 0.8289113347855162], [-0.6666682720006967, -0.5256433221051469, 0.5284434813997313]], "trans": [459.2279421803309, -91.77853116642052, 738.577467750484]}], "rb_4XMM.renamed.noAb_Seh1_Nup85_47_544_3F3F_1.pdb_29": [{"rot": [[0.6702830024544089, -0.15898573008897074, 0.7248753232444721], [-0.3357536359877088, 0.8061232461043149, 0.48727282708075725], [-0.6618082747607, -0.5699902189672358, 0.4869506727995625]], "trans": [-40.2518816933308, -207.32545123688237, 778.9925311336054]}], "rb_4XMM.renamed.noAb_Seh1_Nup85_47_544_3F3F_1.pdb_30": [{"rot": [[0.22540565119599423, 0.44432873013096463, 0.8670434083649516], [-0.7479221955952691, 0.6492260726347451, -0.13826747971672412], [-0.6243434004975625, -0.6173147383559435, 0.47866254508126194]], "trans": [-475.0145330137464, 65.31456181808613, 812.3605223995548]}], "rb_4XMM.renamed.noAb_Seh1_Nup85_47_544_3F3F_1.pdb_31": [{"rot": [[-0.3798205193178153, 0.7604972606008985, 0.5266690514200274], [-0.723675076320302, 0.11036400260105678, -0.6812592537666378], [-0.5762211008093572, -0.6398935095376419, 0.5084344003248105]], "trans": [-590.3680071447691, 566.4252609218802, 819.1580066772494]}], "rb_4XMM.renamed.noAb_Seh1_Nup85_47_544_3F3F_1.pdb_32": [{"rot": [[-0.7908454847110256, 0.6043038781952641, -0.09685165001353066], [-0.27721658251846526, -0.4947899654158276, -0.8236102576465304], [-0.5456320973778604, -0.6244995699934185, 0.5588254659453786]], "trans": [-318.73469911719695, 1002.4490496738189, 795.4269267334735]}], "rb_4XMM.renamed.noAb_Seh1_Nup85_47_544_3F3F_1.pdb_33": [{"rot": [[-0.7668850248042822, 0.067248868653974, -0.6382514773940541], [0.32991160507636264, -0.8117281042806685, -0.4819292661344059], [-0.5504958597181911, -0.5801509065628265, 0.6003159451884124]], "trans": [180.76068253603887, 1117.9571614827748, 755.0932887087044]}], "rb_4XMM.renamed.noAb_Seh1_Nup85_47_544_3F3F_1.pdb_34": [{"rot": [[-0.32197551485344034, -0.5360533709580493, -0.7803707781044665], [0.7420452336636865, -0.6547835834186844, 0.1436221782399523], [-0.5879631272723348, -0.5328275915996614, 0.608600130297585]], "trans": [615.5086136968554, 845.2834325818648, 721.8091113633352]}], "rb_4XMM.renamed.noAb_Seh1_Nup85_47_544_3F3F_1.pdb_35": [{"rot": [[0.2832487809882067, -0.8521798821145044, -0.43995406190646824], [0.7177506125328887, -0.11589671606856922, 0.6865872190866797], [-0.6360850464186011, -0.5102522902680859, 0.578825028828933]], "trans": [730.8295396846806, 344.164094855999, 715.0967399943696]}], "rb_4XMM.renamed.noAb_Nup120_715-1036_Nup85_553-744_Nup145c_92-99_554-712_remaining_updated_1.pdb_35": [{"rot": [[0.9878528517269366, -0.07384505156102504, 0.13672472963917778], [0.0663224194222868, 0.9960649531679854, 0.05878729244004103], [-0.14052786206632115, -0.049005279617671656, 0.9888631869741437]], "trans": [3.593970919274966, -53.1973982148412, 106.45757412697654]}], "rb_4XMM.renamed.noAb_Nup120_715-1036_Nup85_553-744_Nup145c_92-99_554-712_remaining_updated_1.pdb_36": [{"rot": [[0.7443089175151206, 0.6488948306751635, 0.15792319028729582], [-0.6574007409288104, 0.7535380333792502, 0.002167504828228299], [-0.11759464755556534, -0.10543211547711734, 0.9874490204017113]], "trans": [-348.56703859111224, 104.66007129297134, 133.80017434346726]}], "rb_4XMM.renamed.noAb_Nup120_715-1036_Nup85_553-744_Nup145c_92-99_554-712_remaining_updated_1.pdb_37": [{"rot": [[0.061886422668122165, 0.9891810328488099, 0.13300734920109158], [-0.9961833653708055, 0.06943617159601967, -0.05288970251931158], [-0.061553011687777714, -0.12922655426129218, 0.9897028465281459]], "trans": [-486.4003584972359, 466.0463396167182, 143.06926685982404]}], "rb_4XMM.renamed.noAb_Nup120_715-1036_Nup85_553-744_Nup145c_92-99_554-712_remaining_updated_1.pdb_38": [{"rot": [[-0.65964191317551, 0.7476690996911417, 0.07657325740222273], [-0.7515618156705732, -0.6554841157128386, -0.07413104123176606], [-0.005232934941373904, -0.10644947822883966, 0.9943043422296333]], "trans": [-329.15937320901423, 819.2563520211446, 128.85889148694724]}], "rb_4XMM.renamed.noAb_Nup120_715-1036_Nup85_553-744_Nup145c_92-99_554-712_remaining_updated_1.pdb_39": [{"rot": [[-0.997594617329041, 0.06584012696417856, 0.02168080158716116], [-0.06683884480636075, -0.9965543028657446, -0.049113035588503544], [0.01837248761252066, -0.05044401967634261, 0.9985578864431531]], "trans": [31.04384433308371, 957.374819773742, 99.51769138574718]}], "rb_4XMM.renamed.noAb_Nup120_715-1036_Nup85_553-744_Nup145c_92-99_554-712_remaining_updated_1.pdb_40": [{"rot": [[-0.7539942305662034, -0.6568808593201091, 0.0004867563559967504], [0.6568651762956873, -0.753970665138887, 0.007508413950773221], [-0.0045651333946235655, 0.005981034099180665, 0.9999716929934517]], "trans": [383.1990837667931, 799.490113789823, 72.25816018761492]}], "rb_4XMM.renamed.noAb_Nup120_715-1036_Nup85_553-744_Nup145c_92-99_554-712_remaining_updated_1.pdb_41": [{"rot": [[-0.07154529421812167, -0.9971137150304791, 0.02540689224118344], [0.9955942278472937, -0.06984211794195144, 0.0625636638835174], [-0.06060861615636518, 0.029771091002770405, 0.9977175340686919]], "trans": [521.0107537822354, 438.0934378043014, 63.07332052899278]}], "rb_4XMM.renamed.noAb_Nup120_715-1036_Nup85_553-744_Nup145c_92-99_554-712_remaining_updated_1.pdb_42": [{"rot": [[0.6499639822724963, -0.7555452360085312, 0.08184264226726287], [0.7509160553699005, 0.6550591895645823, 0.08380057252010342], [-0.11692689825776906, 0.006989600260501404, 0.9931159277506387]], "trans": [363.7487482790806, 84.89617709780646, 77.3677858893274]}], "rb_4XMM.renamed.noAb_Nup120_2-711_3F7F_updated_1.pdb_42": [{"rot": [[0.9875930149724736, 0.1566533218184529, 0.01094410986898856], [-0.15252012305725252, 0.9402743238642299, 0.3043383116603404], [0.03738514197085283, -0.302231587768238, 0.9525011383273565]], "trans": [-88.58114507529854, 36.92222500358275, 170.35935667225925]}], "rb_4XMM.renamed.noAb_Nup120_2-711_3F7F_updated_1.pdb_43": [{"rot": [[0.5933601471591569, 0.767966962339289, 0.24114410736866376], [-0.8017135073360008, 0.5370559370665257, 0.26234780848447126], [0.0719665750072403, -0.34899522234116864, 0.934357076745698]], "trans": [-349.11717507411095, 237.0260246862407, 190.19333033113406]}], "rb_4XMM.renamed.noAb_Nup120_2-711_3F7F_updated_1.pdb_44": [{"rot": [[-0.14311907054320416, 0.916163631471101, 0.3743809984715223], [-0.9809250910793128, -0.1815850505208546, 0.06937459995114048], [0.1315404779445911, -0.3573108867597282, 0.9246761772994292]], "trans": [-392.3589098046552, 563.278197947818, 192.09383175733262]}], "rb_4XMM.renamed.noAb_Nup120_2-711_3F7F_updated_1.pdb_45": [{"rot": [[-0.7904047280475968, 0.5144276308634392, 0.33260273372934523], [-0.5851702016470257, -0.794658615531299, -0.16153488745858663], [0.18120761845017377, -0.3223071475566563, 0.9291296473848566]], "trans": [-192.97281801405578, 824.5557383312193, 174.97152531950422]}], "rb_4XMM.renamed.noAb_Nup120_2-711_3F7F_updated_1.pdb_46": [{"rot": [[-0.9693077604601769, -0.2018984258501197, 0.14028360970163262], [0.15371236658748538, -0.9430176192444222, -0.2951106201963193], [0.19187228530913675, -0.264489688709835, 0.9451085814320086]], "trans": [132.2398297221239, 867.798695461708, 148.88090445463604]}], "rb_4XMM.renamed.noAb_Nup120_2-711_3F7F_updated_1.pdb_47": [{"rot": [[-0.5750242488608983, -0.813180634449373, -0.08991311905653257], [0.802874786908232, -0.5397512654231247, -0.25310205060646235], [0.1572869663036969, -0.2177287928379022, 0.9632522945730932]], "trans": [392.76679220096065, 667.6748521217279, 129.1302276443086]}], "rb_4XMM.renamed.noAb_Nup120_2-711_3F7F_updated_1.pdb_48": [{"rot": [[0.161468966257868, -0.9613212580577375, -0.22313496306474176], [0.9820285603011945, 0.17890132980848883, -0.0601183910755851], [0.09771222896023887, -0.20941765207126767, 0.972931943823708]], "trans": [435.9896147114448, 341.4196942812098, 127.31372474974125]}], "rb_4XMM.renamed.noAb_Nup120_2-711_3F7F_updated_1.pdb_49": [{"rot": [[0.8087237749252155, -0.5595374305826402, -0.18133868767498557], [0.5862228802445706, 0.7919433431621462, 0.17078780957352516], [0.04804779441835684, -0.24442504985811084, 0.9684770541697881]], "trans": [236.58967172440128, 80.15821039603418, 144.51953368044903]}]}
