{"rb_ScNup133N_56-480_renamed_1.pdb_0": [{"rot": [[0.6098807548454682, 0.02018518253063506, 0.792236090616507], [0.5739908228047255, 0.6780261639092239, -0.45914600770397185], [-0.5464247434048678, 0.7347605592713496, 0.4019289991207119]], "trans": [12.17224020252138, -152.56706816832047, 387.62189827258794]}], "rb_ScNup133N_56-480_renamed_1.pdb_1": [{"rot": [[0.8262254008405278, 0.5068370411193732, 0.24590201454088914], [-0.05542671806647356, 0.5075279835663975, -0.859850699145733], [-0.5606063377543002, 0.6968009469327555, 0.4474248254437007]], "trans": [-406.98178934604243, 44.54496354391904, 420.1132650280829]}], "rb_ScNup133N_56-480_renamed_1.pdb_2": [{"rot": [[0.5355880068944058, 0.7308951171301631, -0.42301041905154296], [-0.6537765046805261, 0.04180764449973026, -0.7555318674874656], [-0.5345294835634333, 0.6812080802637828, 0.5002337279559823]], "trans": [-564.5334303192337, 481.1989531483762, 430.5878168242332]}], "rb_ScNup133N_56-480_renamed_1.pdb_3": [{"rot": [[-0.0917719436320037, 0.5611030304170119, -0.8226428748970287], [-0.8705367953069285, -0.4463093120087428, -0.20730095521010952], [-0.4834703697009213, 0.6971164804185358, 0.5294195069603368]], "trans": [-368.18479661755623, 901.5969535086857, 412.93341842886025]}], "rb_ScNup133N_56-480_renamed_1.pdb_4": [{"rot": [[-0.6883381459450283, 0.09692737944490704, -0.7188850255436554], [-0.5787263553766371, -0.6708770903872716, 0.46368063921839686], [-0.4373401450009287, 0.7352067822779179, 0.5178847215965297]], "trans": [67.04222696007616, 1059.4640051971528, 377.5162702501771]}], "rb_ScNup133N_56-480_renamed_1.pdb_5": [{"rot": [[-0.9046337071462456, -0.38971119457001424, -0.17251968212830524], [0.05070814487198047, -0.5003407196560391, 0.8643424369413534], [-0.42316254552887966, 0.7731651499394471, 0.4723866117711523]], "trans": [486.18742664011774, 862.3194802044244, 345.10824197423244]}], "rb_ScNup133N_56-480_renamed_1.pdb_6": [{"rot": [[-0.6139496377165695, -0.6137329533659175, 0.4963846334249675], [0.6490351001668306, -0.034602810352228563, 0.7599711075213041], [-0.4492430089596531, 0.7887550364140149, 0.4195786117432594]], "trans": [643.7115478419487, 425.6535378042224, 334.71841841945997]}], "rb_ScNup133N_56-480_renamed_1.pdb_7": [{"rot": [[0.013427235826716705, -0.44390279193336357, 0.8959743415142067], [0.8657461436861207, 0.45350080334946674, 0.2117088473682589], [-0.5003032320809673, 0.7728436663874207, 0.3903963925219911]], "trans": [447.33665261469105, 5.271360839552699, 352.45730962194375]}], "rb_ScNup133C_490_881_renamed_relative_3CQC_1.pdb_7": [{"rot": [[0.8175649983590878, 0.32066910525985337, -0.47828735963848323], [-0.266088634959888, 0.9469812028643976, 0.18006509869123438], [0.5106704532311325, -0.019948091471254967, 0.8595450900583204]], "trans": [169.79282588014098, 107.02003281962934, -237.9925957318709]}], "rb_ScNup133C_490_881_renamed_relative_3CQC_1.pdb_8": [{"rot": [[0.40211190157979176, 0.8945533902820102, -0.19514161663481022], [-0.7349273468608954, 0.4424652547733003, 0.5139127291227621], [0.5460657592670416, -0.06323551417804713, 0.835352294725255]], "trans": [-124.59949777505915, 80.9788028789965, -214.3597634731804]}], "rb_ScNup133C_490_881_renamed_relative_3CQC_1.pdb_9": [{"rot": [[-0.22224696235017277, 0.9448698061214104, 0.24047315277637726], [-0.7716080409078249, -0.3212241368095991, 0.5490319527471219], [0.5960094956731066, -0.06353033457347704, 0.8004602286537867]], "trans": [-351.1981859749178, 271.4033664412005, -197.18371204266418]}], "rb_ScNup133C_490_881_renamed_relative_3CQC_1.pdb_10": [{"rot": [[-0.6897533674806506, 0.4421422869178699, 0.5733676745057567], [-0.3546426493301987, -0.8967069582746159, 0.264849433184111], [0.6312439174559713, -0.020659842712934404, 0.7753091561267135]], "trans": [-377.25661879119036, 566.7404459803352, -196.50240964945687]}], "rb_ScNup133C_490_881_renamed_relative_3CQC_1.pdb_11": [{"rot": [[-0.7265354698458963, -0.31912429812115595, 0.6085276439115014], [0.271704622273788, -0.9468572584997612, -0.17215670263273286], [0.6311282035298863, 0.040261822797739794, 0.7746329300605174]], "trans": [-187.5074855169379, 793.9775328447333, -212.69096794067707]}], "rb_ScNup133C_490_881_renamed_relative_3CQC_1.pdb_12": [{"rot": [[-0.3110457952527052, -0.892969249620957, 0.3253558551601575], [0.7405107107019903, -0.44229628449391184, -0.5059820985553877], [0.5957301407443186, 0.0835458913069089, 0.7988276932195633]], "trans": [106.8934094522669, 819.9960543014853, -236.24189630946904]}], "rb_ScNup133C_490_881_renamed_relative_3CQC_1.pdb_13": [{"rot": [[0.3133159465178191, -0.9432261037791342, -0.11026166517551608], [0.7771423991873211, 0.32139703086057186, -0.5410671307142799], [0.5457864133917391, 0.0838359451765355, 0.8337198121991221]], "trans": [333.48378413010914, 629.5541104152527, -253.33472394811827]}], "rb_ScNup133C_490_881_renamed_relative_3CQC_1.pdb_14": [{"rot": [[0.7807898436359452, -0.4404536868081831, -0.4431340314758454], [0.36014032810826513, 0.8968403753532875, -0.256858492571777], [0.5105547611618442, 0.04096206676003307, 0.8588689917220899]], "trans": [359.52571544528917, 334.2153939411793, -253.93222651584722]}], "rb_ScNup84_506-726_ScNup133C_882_1155_renamed_relative_3CQC_new_1.pdb_14": [{"rot": [[0.9831154047695829, 0.1528356387698372, 0.10062488969712913], [-0.17225485285885228, 0.9585201377323747, 0.22708459046815363], [-0.061744364692809944, -0.24058348464375054, 0.9686625936544446]], "trans": [-65.4783422073807, 47.80863264537075, 116.6500408970893]}], "rb_ScNup84_506-726_ScNup133C_882_1155_renamed_relative_3CQC_new_1.pdb_15": [{"rot": [[0.5743133082213034, 0.7793422785527638, 0.25057900323070337], [-0.8182220483549844, 0.5561989923185504, 0.145448824435288], [-0.02601737084488566, -0.2885624608365055, 0.9571075188349032]], "trans": [-326.1256030006871, 225.34816970403526, 136.6026661316568]}], "rb_ScNup84_506-726_ScNup133C_882_1155_renamed_relative_3CQC_new_1.pdb_16": [{"rot": [[-0.17019757163888927, 0.9389184230475996, 0.299106973288885], [-0.9848185447394863, -0.17258503608095643, -0.018623620972823746], [0.03413532694188792, -0.29773578922048927, 0.9540378290570175]], "trans": [-385.3514197672827, 535.7303821522398, 139.85441272339799]}], "rb_ScNup84_506-726_ScNup133C_882_1155_renamed_relative_3CQC_new_1.pdb_17": [{"rot": [[-0.8142722637854881, 0.5380821167856328, 0.2177804307672136], [-0.5744497654197182, -0.8008999877749142, -0.16901679381462953], [0.08347543015098004, -0.26272960468443396, 0.9612517918752994]], "trans": [-208.45856062201608, 797.1291103438103, 124.52436657043035]}], "rb_ScNup84_506-726_ScNup133C_882_1155_renamed_relative_3CQC_new_1.pdb_18": [{"rot": [[-0.9806027321058559, -0.18835108023295852, 0.05424161097913369], [0.17248447247901147, -0.9606701048201832, -0.21762825289566232], [0.0930988106270493, -0.20405102371676268, 0.974523366153923]], "trans": [100.92855669776543, 856.4134103772363, 99.61708976399962]}], "rb_ScNup84_506-726_ScNup133C_882_1155_renamed_relative_3CQC_new_1.pdb_19": [{"rot": [[-0.5717502429983188, -0.814826358486605, -0.09570613954613838], [0.8184195606228722, -0.5582997998929954, -0.13598072006468026], [0.05736795639754962, -0.15607478641632894, 0.9860778765512737]], "trans": [361.56850984704346, 678.8538201794863, 79.74762115110241]}], "rb_ScNup84_506-726_ScNup133C_882_1155_renamed_relative_3CQC_new_1.pdb_20": [{"rot": [[0.1727736505978319, -0.974345666672898, -0.14422131428761598], [0.9849576166924483, 0.17049672895900336, 0.02809552871571442], [-0.0027854943248334235, -0.14690604905867272, 0.9891465279579867]], "trans": [420.7766525868957, 368.4673680738032, 76.57978050586786]}], "rb_ScNup84_506-726_ScNup133C_882_1155_renamed_relative_3CQC_new_1.pdb_21": [{"rot": [[0.8168163540270715, -0.573460344834061, -0.06288303981777761], [0.5745382992555909, 0.7987801991032556, 0.17848231343485885], [-0.052122801943272706, -0.1819159872671057, 0.9819316611120242]], "trans": [243.86993340476755, 107.08293094785074, 91.99333844601426]}], "rb_4XMM.renamed.noAb_Nup145c_149-550_Sec13_Nup84_7-436_3IKO_updated_1.pdb_21": [{"rot": [[0.9916715815596588, -0.013916037807524305, 0.12803834667278668], [0.014868525503766982, 0.9998684191615985, -0.006486240253482367], [-0.12793123651518806, 0.008335961553511285, 0.9917480075445928]], "trans": [-30.08772337318453, -7.4954131261798125, 66.84637658538475]}], "rb_4XMM.renamed.noAb_Nup145c_149-550_Sec13_Nup84_7-436_3IKO_updated_1.pdb_22": [{"rot": [[0.7109907360837882, 0.6951960107780505, 0.10580491388075522], [-0.6957495291627865, 0.7172944645417727, -0.03769938736224434], [-0.1021017427509936, -0.04680980384505475, 0.9936720165080597]], "trans": [-341.0090551645492, 158.43200878240418, 90.86265500093589]}], "rb_4XMM.renamed.noAb_Nup145c_149-550_Sec13_Nup84_7-436_3IKO_updated_1.pdb_23": [{"rot": [[0.011536544731314158, 0.9976134497042646, 0.0680757894174954], [-0.9989259578462455, 0.014553544592515899, -0.04399005661226903], [-0.044875816166609926, -0.06749517989417055, 0.9967098684243224]], "trans": [-443.98235988143966, 496.26870976108177, 97.46776821755009]}], "rb_4XMM.renamed.noAb_Nup145c_149-550_Sec13_Nup84_7-436_3IKO_updated_1.pdb_24": [{"rot": [[-0.696940864899386, 0.7161758791622528, 0.03695322637423979], [-0.7170557338361949, -0.6966788011329261, -0.02167308525845557], [0.010222788559266152, -0.04160238164046179, 0.9990819468071224]], "trans": [-278.6825103578411, 808.1053036742392, 82.81635268202484]}], "rb_4XMM.renamed.noAb_Nup145c_149-550_Sec13_Nup84_7-436_3IKO_updated_1.pdb_25": [{"rot": [[-0.999405436715172, 0.015753396245270612, 0.030669261009866444], [-0.015262408727881451, -0.9997526361325145, 0.016177930210836036], [0.030916531887889828, 0.01570022461059354, 0.99939865469351]], "trans": [58.057424166707506, 911.263633706754, 55.51541910121648]}], "rb_4XMM.renamed.noAb_Nup145c_149-550_Sec13_Nup84_7-436_3IKO_updated_1.pdb_26": [{"rot": [[-0.7186691597958943, -0.6933366325969047, 0.05290512883873684], [0.695333592344361, -0.7171230345224171, 0.047389331234376636], [0.005082727195572397, 0.0708439641503791, 0.9974744601380581]], "trans": [368.97235535391286, 745.312212388305, 31.582244211112652]}], "rb_4XMM.renamed.noAb_Nup145c_149-550_Sec13_Nup84_7-436_3IKO_updated_1.pdb_27": [{"rot": [[-0.01919130354237042, -0.9956992702991204, 0.09063474496096235], [0.9984551125487978, -0.014358402003211812, 0.053677039011821706], [-0.052144818472280335, 0.09152485682976101, 0.9944365834424936]], "trans": [471.9258459530443, 407.46783903746007, 25.06122422128857]}], "rb_4XMM.renamed.noAb_Nup145c_149-550_Sec13_Nup84_7-436_3IKO_updated_1.pdb_28": [{"rot": [[0.6892641412143125, -0.7142062203822269, 0.12175556826455591], [0.716529291336235, 0.6968518307140324, 0.031357625670464295], [-0.10724140195504642, 0.06562774411657056, 0.9920646556091396]], "trans": [306.60820286617684, 95.64462796398777, 39.79646948935164]}], "rb_4XMM.renamed.noAb_Seh1_Nup85_47_544_3F3F_1.pdb_28": [{"rot": [[0.6921721436428813, -0.6953220395161307, 0.1934553822666833], [0.2501418797208833, 0.48254750169996286, 0.8393908199479128], [-0.6769983482804987, -0.5326116502351919, 0.507935100637103]], "trans": [455.2232707793071, -81.94332106776847, 751.1217262114272]}], "rb_4XMM.renamed.noAb_Seh1_Nup85_47_544_3F3F_1.pdb_29": [{"rot": [[0.6536737614660278, -0.16328122784911553, 0.7389518618982843], [-0.34993718193150075, 0.8005691582956852, 0.4864493719675041], [-0.6710101208422236, -0.5765659228725061, 0.46617288028099735]], "trans": [-35.90925261583055, -196.82608936084938, 790.8682266476001]}], "rb_4XMM.renamed.noAb_Seh1_Nup85_47_544_3F3F_1.pdb_30": [{"rot": [[0.20344949789203542, 0.43723790169051163, 0.8760315742784381], [-0.7467758036672898, 0.6479473348696745, -0.14996716404720348], [-0.6331936519458747, -0.6236884386940053, 0.45834324536844867]], "trans": [-464.29914857970147, 70.36216061565025, 823.7547952530203]}], "rb_4XMM.renamed.noAb_Seh1_Nup85_47_544_3F3F_1.pdb_31": [{"rot": [[-0.3947529253153353, 0.7544427756987104, 0.5243912910709057], [-0.7079003254490921, 0.1140900475525975, -0.6970370078256365], [-0.5857023622831443, -0.6463741635039817, 0.48903290642907976]], "trans": [-578.987662419873, 563.0989014663522, 830.5400213392022]}], "rb_4XMM.renamed.noAb_Seh1_Nup85_47_544_3F3F_1.pdb_32": [{"rot": [[-0.790498093987039, 0.6025103063927548, -0.10997315169334648], [-0.25608455056137114, -0.48826157735745024, -0.8342789311975916], [-0.5563573189656443, -0.6313334798400319, 0.5402634272893521]], "trans": [-312.7867322814642, 992.7321196080484, 807.273028694359]}], "rb_4XMM.renamed.noAb_Seh1_Nup85_47_544_3F3F_1.pdb_33": [{"rot": [[-0.7519529083083135, 0.07044467653989103, -0.6554421189043769], [0.3439914694642202, -0.8062414648302518, -0.48129468034065837], [-0.5623492621338768, -0.5873774322661369, 0.5820232464789739]], "trans": [178.36129686659393, 1107.5767348201368, 767.6079545756229]}], "rb_4XMM.renamed.noAb_Seh1_Nup85_47_544_3F3F_1.pdb_34": [{"rot": [[-0.3016976815368748, -0.5300625657666928, -0.7924721984575267], [0.7407947410248087, -0.6535725132678273, 0.15513259351523476], [-0.6001680269934926, -0.5402560932313554, 0.5898488731032144]], "trans": [606.7368977014223, 840.3552689974814, 734.8051635804808]}], "rb_4XMM.renamed.noAb_Seh1_Nup85_47_544_3F3F_1.pdb_35": [{"rot": [[0.29650172588587154, -0.8472258108316831, -0.4407892376264386], [0.7018723127140721, -0.11969034712766125, 0.7021748197207445], [-0.6476588478451442, -0.5175738075531424, 0.5591559447442578]], "trans": [721.39351649727, 347.6099414368414, 728.1049980944265]}], "rb_4XMM.renamed.noAb_Nup120_715-1036_Nup85_553-744_Nup145c_92-99_554-712_remaining_updated_1.pdb_35": [{"rot": [[0.9947487487836579, -0.06104963010311536, 0.08214541653447162], [0.059755601586953255, 0.9980485168294528, 0.018122531101169508], [-0.08309148495682551, -0.013118716355053074, 0.9964555707149554]], "trans": [9.18365266382807, -38.544348639193345, 53.824502101026866]}], "rb_4XMM.renamed.noAb_Nup120_715-1036_Nup85_553-744_Nup145c_92-99_554-712_remaining_updated_1.pdb_36": [{"rot": [[0.7457036307781206, 0.660073876483664, 0.09071148013432155], [-0.6635958298977376, 0.7479898951346811, 0.012316302965737567], [-0.05972160067064118, -0.069380071780301, 0.9958010524462699]], "trans": [-335.3145341473613, 108.05021448390752, 80.61112725786987]}], "rb_4XMM.renamed.noAb_Nup120_715-1036_Nup85_553-744_Nup145c_92-99_554-712_remaining_updated_1.pdb_37": [{"rot": [[0.059651813112899965, 0.9939076615784035, 0.09267805267750762], [-0.9982134173668789, 0.05971106287683664, 0.0021359678970529136], [-0.0034109501729630287, -0.09263989003593259, 0.9956938365748025]], "trans": [-475.6665804936594, 456.0399790063409, 90.14615818444852]}], "rb_4XMM.renamed.noAb_Nup120_715-1036_Nup85_553-744_Nup145c_92-99_554-712_remaining_updated_1.pdb_38": [{"rot": [[-0.661507876093088, 0.7448871868162354, 0.08689308823955853], [-0.7480734599730645, -0.6635845352759, -0.006454690278924528], [0.052852893494497, -0.06927224162436138, 0.9961967316698026]], "trans": [-329.6503653222884, 801.5677510103648, 76.86784422122344]}], "rb_4XMM.renamed.noAb_Nup120_715-1036_Nup85_553-744_Nup145c_92-99_554-712_remaining_updated_1.pdb_39": [{"rot": [[-0.9953099225513581, 0.05889215750153205, 0.07674550055622353], [-0.0597114717309906, -0.9981801394577219, -0.008423142874426883], [0.07610977739114519, -0.012966224468928502, 0.9970151346937982]], "trans": [17.19766702999283, 942.2186065096164, 48.5788138132653]}], "rb_4XMM.renamed.noAb_Nup120_715-1036_Nup85_553-744_Nup145c_92-99_554-712_remaining_updated_1.pdb_40": [{"rot": [[-0.7462083808378008, -0.6622118656632401, 0.06817988957338648], [0.663620388743102, -0.7480649269408992, -0.0026162426038273054], [0.052735491008262046, 0.04329330266587165, 0.99766961361585]], "trans": [361.69096199322536, 795.5974079707509, 21.87518475007124]}], "rb_4XMM.renamed.noAb_Nup120_715-1036_Nup85_553-744_Nup145c_92-99_554-712_remaining_updated_1.pdb_41": [{"rot": [[-0.06013044641995641, -0.9959919783414312, 0.06621411097990823], [0.9981841186042574, -0.059759915842283184, 0.007564246477063181], [-0.0035769791136214465, 0.06654871552514054, 0.9977767654552672]], "trans": [502.0224033617528, 447.5970376519149, 12.424324359216826]}], "rb_4XMM.renamed.noAb_Nup120_715-1036_Nup85_553-744_Nup145c_92-99_554-712_remaining_updated_1.pdb_42": [{"rot": [[0.6610097530213268, -0.7469150842265679, 0.07199974559332648], [0.7479875675512195, 0.6635161132359007, 0.01615445031976288], [-0.05983899397127723, 0.04317666535459713, 0.9972738191536781]], "trans": [355.98576744783213, 102.08113608628344, 25.78668481598254]}], "rb_4XMM.renamed.noAb_Nup120_2-711_3F7F_updated_1.pdb_42": [{"rot": [[0.9734407892472937, 0.1815702690375351, 0.13944628797943243], [-0.21979319821936438, 0.9116290229783365, 0.3473089035427488], [-0.06406231221325753, -0.3687339987920836, 0.9273247857620815]], "trans": [-131.18773013263524, 80.70195769678548, 282.39236868802715]}], "rb_4XMM.renamed.noAb_Nup120_2-711_3F7F_updated_1.pdb_43": [{"rot": [[0.5338947020321645, 0.7641223055466013, 0.3620408116609677], [-0.8451515967799172, 0.49540980252137357, 0.2007184745510225], [-0.025985103469913645, -0.41314190023753294, 0.9102958555688243]], "trans": [-346.2437330027874, 304.4632553533135, 298.48619767187944]}], "rb_4XMM.renamed.noAb_Nup120_2-711_3F7F_updated_1.pdb_44": [{"rot": [[-0.2178364348219623, 0.8828097824626109, 0.4161660433677564], [-0.9753729910155733, -0.2120182440382667, -0.0607930307869505], [0.034566111458914306, -0.4191600555673767, 0.9072541164168737]], "trans": [-340.63841333298143, 615.1755312194965, 296.5688953384256]}], "rb_4XMM.renamed.noAb_Nup120_2-711_3F7F_updated_1.pdb_45": [{"rot": [[-0.8413779219369096, 0.46810390231474164, 0.2701146592001947], [-0.5341718520614273, -0.7962337922904905, -0.2840284853319603], [0.0821195770957885, -0.3832629445334022, 0.9199814619899653]], "trans": [-117.65353308153323, 830.8192698450148, 277.7876493297522]}], "rb_4XMM.renamed.noAb_Nup120_2-711_3F7F_updated_1.pdb_46": [{"rot": [[-0.9714503642257728, -0.23705478295347504, 0.009445619328156997], [0.21998997194712328, -0.9149951366299146, -0.33821341219163115], [0.08881780276676254, -0.3264796009285773, 0.9410220337958085]], "trans": [192.08513415271113, 825.0674453615038, 253.16878327449535]}], "rb_4XMM.renamed.noAb_Nup120_2-711_3F7F_updated_1.pdb_47": [{"rot": [[-0.5318554909743003, -0.8195743727744553, -0.2131374772578548], [0.8453138508241507, -0.49873020700754983, -0.1916055172040992], [0.0507368734287979, -0.2820745080817532, 0.9580499681984784]], "trans": [407.1302231279871, 601.2896744473096, 237.15838093502248]}], "rb_4XMM.renamed.noAb_Nup120_2-711_3F7F_updated_1.pdb_48": [{"rot": [[0.2198858227790828, -0.9382066779048525, -0.26724231415609323], [0.9754762392568003, 0.20870713146831515, 0.06991022757561995], [-0.00981486557082209, -0.2760607954944086, 0.9610900611310154]], "trans": [401.50720192608736, 290.5782473657165, 239.1595666496564]}], "rb_4XMM.renamed.noAb_Nup120_2-711_3F7F_updated_1.pdb_49": [{"rot": [[0.8433929158851209, -0.5234552212837779, -0.12117351503336991], [0.5342261748115492, 0.7928901110520462, 0.29313421148356555], [-0.05736535174660014, -0.3119613807935574, 0.9483613832882293]], "trans": [178.51202899094758, 74.95241592742263, 258.0240225112324]}]}
