{"rb_ScNup133N_56-480_renamed_1.pdb_0": [{"rot": [[-0.5615265475812398, -0.043603370652069484, 0.8263090719756583], [0.17542352452920965, -0.9821844245719439, 0.06738206860902066], [0.8086498150641259, 0.1827908701113358, 0.5591716859790893]], "trans": [714.1015079955063, 268.23049893209105, -371.98187933569085]}], "rb_ScNup133N_56-480_renamed_1.pdb_1": [{"rot": [[-0.2584317858866045, -0.7197285140069477, 0.6443631570541666], [0.5663631232176803, -0.6532437701954052, -0.50249914364107], [0.7825891800316283, 0.2350817790179511, 0.5764466432126917]], "trans": [372.2866717028185, -196.35608006366022, -342.4354489712968]}], "rb_ScNup133N_56-480_renamed_1.pdb_2": [{"rot": [[0.23153800216269343, -0.9661285442484465, 0.11395520849389507], [0.6276851342781246, 0.058870618460342306, -0.7762381222848762], [0.7432371934724219, 0.25125661438154284, 0.6200553104109048]], "trans": [-196.98485194007003, -282.2645695026388, -296.60175992418743]}], "rb_ScNup133N_56-480_renamed_1.pdb_3": [{"rot": [[0.6213516061533638, -0.6384588494206695, -0.4541943186864743], [0.32346625899097853, 0.7369920917078817, -0.5934747139132577], [0.7136468039759003, 0.2218399295809405, 0.6644511154468077]], "trans": [-660.2238643154083, 60.831551833389625, -261.3068285919882]}], "rb_ScNup133N_56-480_renamed_1.pdb_4": [{"rot": [[0.6826507204958556, 0.07132704310357396, -0.727255420556348], [-0.16807779601440598, 0.9838675290060317, -0.061274300114366714], [0.7111524789336177, 0.16406443334759258, 0.683626369749518]], "trans": [-746.0565069643845, 631.9418552056475, -257.20291850644696]}], "rb_ScNup133N_56-480_renamed_1.pdb_5": [{"rot": [[0.3795254596908252, 0.7474265495024978, -0.5452650534788179], [-0.5589935925446993, 0.6548738182418704, 0.5085926126825718], [0.7372154291253261, 0.1117758260094911, 0.6663479389774215]], "trans": [-404.1988942437038, 1096.5019890385686, -286.67015315961896]}], "rb_ScNup133N_56-480_renamed_1.pdb_6": [{"rot": [[-0.11044912441596344, 0.9937710459245725, -0.014835740552077092], [-0.6202771450797249, -0.057259886007634764, 0.7822899518376412], [0.7765676108411252, 0.09560551101465953, 0.6227377715026869]], "trans": [165.08587746178375, 1182.3661934301203, -332.4222061024813]}], "rb_ScNup133N_56-480_renamed_1.pdb_7": [{"rot": [[-0.5002390118131175, 0.6660484529083468, 0.5532995476580778], [-0.3160276844463735, -0.7353556187078939, 0.5994819569413194], [0.8061559611661375, 0.12502628688851125, 0.5783433183353747]], "trans": [628.3046753109862, 839.2341235576291, -367.63287471597187]}], "rb_ScNup133C_490_881_renamed_relative_3CQC_1.pdb_7": [{"rot": [[0.6961453632428227, 0.37150792221820983, -0.6142991917336557], [-0.27709047138190146, 0.9284274958125449, 0.2474737474735417], [0.6622707179883992, -0.002061249221031569, 0.7492618016066046]], "trans": [265.7838096047924, 98.28935073067575, -293.0569845714]}], "rb_ScNup133C_490_881_renamed_relative_3CQC_1.pdb_8": [{"rot": [[0.31127322746774805, 0.9178685978053601, -0.2462239123737363], [-0.6484025225120783, 0.39454683537968366, 0.6510813800838158], [0.6947540188165745, -0.0430119966369214, 0.7179601809874416]], "trans": [-63.791065099314494, 3.9826972282559723, -266.2877416215245]}], "rb_ScNup133C_490_881_renamed_relative_3CQC_1.pdb_9": [{"rot": [[-0.22270778980351474, 0.9280167460417287, 0.2986405187293756], [-0.637842216685755, -0.3703741027749197, 0.6752631565597749], [0.7372642314490995, -0.04009916532535651, 0.6744134562462213]], "trans": [-363.39655501775593, 171.11283717617522, -243.17925766255348]}], "rb_ScNup133C_490_881_renamed_relative_3CQC_1.pdb_10": [{"rot": [[-0.5929840795211159, 0.3960074386015604, 0.7011048352469985], [-0.25159592995630364, -0.9182338476950702, 0.3058530512787535], [0.7648982739318427, 0.004970867060426654, 0.6441319127451688]], "trans": [-457.5176263796376, 501.7726948531484, -237.24480352608907]}], "rb_ScNup133C_490_881_renamed_relative_3CQC_1.pdb_11": [{"rot": [[-0.5826425702727999, -0.36650077088545846, 0.7253997658162462], [0.28406781683751964, -0.9280884359841409, -0.24074328740314094], [0.7614677345384148, 0.06579544006137987, 0.6448549056369647]], "trans": [-291.01491513479914, 802.257180123191, -251.9368612198894]}], "rb_ScNup133C_490_881_renamed_relative_3CQC_1.pdb_12": [{"rot": [[-0.1977414639915107, -0.912819821936079, 0.35729299755113225], [0.6553496479650638, -0.3941649108726989, -0.6443220172776797], [0.7289822716160903, 0.10674266118706544, 0.6761588954913943]], "trans": [38.57385612056808, 896.538361479049, -278.6246112877255]}], "rb_ScNup133C_490_881_renamed_relative_3CQC_1.pdb_13": [{"rot": [[0.3362387441575738, -0.922908311346228, -0.18757333439320684], [0.6447474316779946, 0.3707567983072686, -0.6684610279242666], [0.6864723273897948, 0.10382507094623877, 0.7197055636654766]], "trans": [338.1728513226593, 729.3851103129833, -301.6499885413972]}], "rb_ScNup133C_490_881_renamed_relative_3CQC_1.pdb_14": [{"rot": [[0.706484919119785, -0.39085625977173954, -0.590008850148497], [0.2584720957685269, 0.9185747689220373, -0.2990193465460813], [0.6588408265775054, 0.058751834839998573, 0.7499846579348121]], "trans": [432.27466807552105, 398.71827481409633, -307.5003974266971]}], "rb_ScNup84_506-726_ScNup133C_882_1155_renamed_relative_3CQC_new_1.pdb_14": [{"rot": [[0.9776250559327304, 0.17849213548980467, 0.11130951253516926], [-0.1989794345011203, 0.9563356764237683, 0.21407769301052865], [-0.06823807337654085, -0.23143602046221107, 0.9704539833369097]], "trans": [-73.595610051883, 69.15606881631876, 116.2624070783261]}], "rb_ScNup84_506-726_ScNup133C_882_1155_renamed_relative_3CQC_new_1.pdb_15": [{"rot": [[0.5514520416964487, 0.7961720609263162, 0.24901946732968994], [-0.8336236281631165, 0.5370994734960471, 0.12882469537488958], [-0.03118160157821183, -0.27862915312402836, 0.9598924433249835]], "trans": [-316.83821697359735, 246.14136837264923, 134.83047025622108]}], "rb_ScNup84_506-726_ScNup133C_882_1155_renamed_relative_3CQC_new_1.pdb_16": [{"rot": [[-0.1973649301349677, 0.9375811716988265, 0.28633656914316113], [-0.9798946592724112, -0.19737917582256725, -0.029119026099971884], [0.029215425415798302, -0.28632674940958813, 0.9576865100283675]], "trans": [-364.1432463956633, 543.785758239953, 137.1940318043624]}], "rb_ScNup84_506-726_ScNup133C_882_1155_renamed_relative_3CQC_new_1.pdb_17": [{"rot": [[-0.830158319143372, 0.5198800168483377, 0.20139993356211594], [-0.5521048953836412, -0.8168323226122749, -0.16722781236760914], [0.07757157759431771, -0.25001944887870176, 0.9651284502758792]], "trans": [-187.79683174245582, 787.7250748432459, 121.9924889428174]}], "rb_ScNup84_506-726_ScNup133C_882_1155_renamed_relative_3CQC_new_1.pdb_18": [{"rot": [[-0.9762288356608562, -0.21223617752745078, 0.043966639316492334], [0.19914038798148126, -0.9583755791942958, -0.20459558909855388], [0.08555913918942404, -0.19097658011529997, 0.9778586705391686]], "trans": [108.89672413699327, 835.0563437671344, 98.15512472282018]}], "rb_ScNup84_506-726_ScNup133C_882_1155_renamed_relative_3CQC_new_1.pdb_19": [{"rot": [[-0.5500063115171954, -0.8298834219248611, -0.09373667001517452], [0.8337511112691719, -0.5390909101029644, -0.11933178579816688], [0.048498883994085557, -0.14378628814543315, 0.9884196282918949]], "trans": [352.13206616862846, 658.052357100292, 79.67020811246704]}], "rb_ScNup84_506-726_ScNup133C_882_1155_renamed_relative_3CQC_new_1.pdb_20": [{"rot": [[0.19882208890666386, -0.9712352517497448, -0.13104145420973268], [0.9799633647663036, 0.19539881359418354, 0.03861485934055868], [-0.011898767948670189, -0.13609331138816594, 0.9906245655730068]], "trans": [399.4204147112592, 360.40466278354654, 77.3904688006136]}], "rb_ScNup84_506-726_ScNup133C_882_1155_renamed_relative_3CQC_new_1.pdb_21": [{"rot": [[0.8315821301619785, -0.553485772029884, -0.04609404468855281], [0.552123948781482, 0.8148191554502543, 0.17671697454766086], [-0.06025202052388455, -0.17240430409887778, 0.983181799033613]], "trans": [223.0615017621617, 116.47959377531731, 92.67541512165457]}], "rb_4XMM.renamed.noAb_Nup145c_149-550_Sec13_Nup84_7-436_3IKO_updated_1.pdb_21": [{"rot": [[0.9984785845963865, -0.04724201075624464, 0.028437800936508325], [0.04732489890885737, 0.9988770188038073, -0.002248388063855351], [-0.028299647447698677, 0.0035907833861321646, 0.9995930353043737]], "trans": [11.380250639888573, -22.739902229800293, 13.768554448411919]}], "rb_4XMM.renamed.noAb_Nup145c_149-550_Sec13_Nup84_7-436_3IKO_updated_1.pdb_22": [{"rot": [[0.7406675321540309, 0.6707770937100838, 0.03833663217749317], [-0.6718582684487565, 0.7398070699741658, 0.03594393319156797], [-0.004251344481159155, -0.05237928760583542, 0.9986182134830154]], "trans": [-323.407169150859, 115.3702647439652, 39.82245193793409]}], "rb_4XMM.renamed.noAb_Nup145c_149-550_Sec13_Nup84_7-436_3IKO_updated_1.pdb_23": [{"rot": [[0.05135316993503175, 0.9960629037914754, 0.07226024929460365], [-0.9973114865436128, 0.047360978020981104, 0.05591722962616988], [0.052274762034785136, -0.07493750363730209, 0.9958171116238244]], "trans": [-462.87074143648266, 450.47471158202814, 49.34935913545996]}], "rb_4XMM.renamed.noAb_Nup145c_149-550_Sec13_Nup84_7-436_3IKO_updated_1.pdb_24": [{"rot": [[-0.665654429340213, 0.7380584054123291, 0.11033571905763508], [-0.7383796713253699, -0.6728165728996733, 0.04597086256508089], [0.10816488188499214, -0.050868943686188654, 0.992830654691452]], "trans": [-325.30882579643196, 786.2646451491302, 36.792284376473845]}], "rb_4XMM.renamed.noAb_Nup145c_149-550_Sec13_Nup84_7-436_3IKO_updated_1.pdb_25": [{"rot": [[-0.9903221042091159, 0.047906271586576316, 0.13025789441528002], [-0.04674873108746902, -0.9988354189550108, 0.011931554076462481], [0.13067779481052072, 0.005726690461447319, 0.9914083512659242]], "trans": [8.694781303604827, 926.0297045187788, 9.531344010730322]}], "rb_4XMM.renamed.noAb_Nup145c_149-550_Sec13_Nup84_7-436_3IKO_updated_1.pdb_26": [{"rot": [[-0.7324549529192578, -0.6700926465455703, 0.12035608414035748], [0.6724141773824699, -0.7397091232600852, -0.026259988972802992], [0.10662511898752397, 0.06169487832347918, 0.9923834067483932]], "trans": [343.47797071283, 787.8936640200765, -16.439613815072107]}], "rb_4XMM.renamed.noAb_Nup145c_149-550_Sec13_Nup84_7-436_3IKO_updated_1.pdb_27": [{"rot": [[-0.043115188623070955, -0.9953244589575537, 0.08643090830744203], [0.9978132821057476, -0.04723752351375354, -0.04623062216369886], [0.05009725105584255, 0.08424866629887987, 0.9951846198889467]], "trans": [482.9219429716125, 452.7786806905136, -25.882430914886697]}], "rb_4XMM.renamed.noAb_Nup145c_149-550_Sec13_Nup84_7-436_3IKO_updated_1.pdb_28": [{"rot": [[0.6738722350640618, -0.737263784169879, 0.04835621326443468], [0.7388251994080914, 0.6729197533030267, -0.03628126698707028], [-0.00579098690720679, 0.06017572738324917, 0.9981710005327429]], "trans": [345.34036631001266, 116.99995368099258, -13.241366986734306]}], "rb_4XMM.renamed.noAb_Seh1_Nup85_47_544_3F3F_1.pdb_28": [{"rot": [[0.6605947905108598, -0.7157109414477841, 0.22665473972946823], [0.27422750645866145, 0.5110845615412436, 0.814611469140751], [-0.6988660797687718, -0.4759731287017307, 0.5338874256830812]], "trans": [472.18687171847927, -102.09322805606848, 723.1560251578942]}], "rb_4XMM.renamed.noAb_Seh1_Nup85_47_544_3F3F_1.pdb_29": [{"rot": [[0.6478350628445103, -0.15649775768571633, 0.7455321476560115], [-0.3119112231942396, 0.8383794011644626, 0.4470250200476288], [-0.6949972087675715, -0.522138326061641, 0.49431816501401693]], "trans": [-38.64137323998915, -224.64021937718047, 764.5096866234278]}], "rb_4XMM.renamed.noAb_Seh1_Nup85_47_544_3F3F_1.pdb_30": [{"rot": [[0.22564390509555757, 0.469778798411827, 0.853459260103234], [-0.7171543860563768, 0.6730371896693744, -0.1808605205180067], [-0.6593742599262735, -0.5712519775761682, 0.48877066550887516]], "trans": [-486.3658197075294, 51.10206436626748, 798.8957192107172]}], "rb_4XMM.renamed.noAb_Seh1_Nup85_47_544_3F3F_1.pdb_31": [{"rot": [[-0.3586531496313381, 0.7962370897834641, 0.48721085282726717], [-0.7041048233945142, 0.11191772587498344, -0.7012209497066842], [-0.6128656589596886, -0.5945426136856163, 0.5204947305975104]], "trans": [-608.7012606894972, 563.6000221863424, 806.1943050882558]}], "rb_4XMM.renamed.noAb_Seh1_Nup85_47_544_3F3F_1.pdb_32": [{"rot": [[-0.7627666480886892, 0.6316332462817816, -0.13865959308708484], [-0.28040715301480446, -0.5162672965435163, -0.8092217910176251], [-0.5827168000853157, -0.5783662513591012, 0.5709059556416828]], "trans": [-333.9799565896744, 1012.6252409660182, 782.1538346401068]}], "rb_4XMM.renamed.noAb_Seh1_Nup85_47_544_3F3F_1.pdb_33": [{"rot": [[-0.7499612048798514, 0.07239452034425886, -0.6575083456499071], [0.305730555637166, -0.8435182340445516, -0.44159462879901784], [-0.5865893099306727, -0.5321992317342044, 0.6104727342122427]], "trans": [176.8643924191387, 1135.1325330837553, 740.8815593266161]}], "rb_4XMM.renamed.noAb_Seh1_Nup85_47_544_3F3F_1.pdb_34": [{"rot": [[-0.32773842919331136, -0.5538691571088679, -0.7653864898424878], [0.7109405682913812, -0.6781268732017975, 0.18629936177849016], [-0.6222146176259606, -0.4830868458621669, 0.6160162895309783]], "trans": [624.5738771215223, 859.355516259345, 706.5793648666944]}], "rb_4XMM.renamed.noAb_Seh1_Nup85_47_544_3F3F_1.pdb_35": [{"rot": [[0.25655762363261875, -0.8802836935077046, -0.3990974877149795], [0.6978451460738232, -0.11698180521512702, 0.7066310277293276], [-0.6687229156064409, -0.4597998218714691, 0.5842891287280444]], "trans": [746.8758820143495, 346.84837219964254, 699.3659653370926]}], "rb_4XMM.renamed.noAb_Nup120_715-1036_Nup85_553-744_Nup145c_92-99_554-712_remaining_updated_1.pdb_35": [{"rot": [[0.9958751246494622, -0.061434091645453125, 0.06677266273045061], [0.05494989092479314, 0.9939642893806053, 0.09494999169805149], [-0.07220280875263634, -0.09088918428396625, 0.9932401072190067]], "trans": [12.996167114962418, -56.2311170716813, 89.04738070466374]}], "rb_4XMM.renamed.noAb_Nup120_715-1036_Nup85_553-744_Nup145c_92-99_554-712_remaining_updated_1.pdb_36": [{"rot": [[0.7433294481214701, 0.6553845318818324, 0.13391208655479936], [-0.6671605977537286, 0.7408933807668749, 0.07728994204109563], [-0.0485599460493543, -0.14679275767509714, 0.9879746038911232]], "trans": [-344.38434939252545, 94.88578847054607, 116.83880397482801]}], "rb_4XMM.renamed.noAb_Nup120_715-1036_Nup85_553-744_Nup145c_92-99_554-712_remaining_updated_1.pdb_37": [{"rot": [[0.055676185768110065, 0.9840498464002324, 0.1689557993618206], [-0.9984179241632191, 0.053539095023984906, 0.01718179308509897], [0.007862000249386367, -0.16964511517780162, 0.9854738575164674]], "trans": [-490.66115213373524, 455.21017702429435, 126.78606090200952]}], "rb_4XMM.renamed.noAb_Nup120_715-1036_Nup85_553-744_Nup145c_92-99_554-712_remaining_updated_1.pdb_38": [{"rot": [[-0.664247685413021, 0.7320250764839333, 0.15137470007281087], [-0.7447668757646961, -0.6654367355644513, -0.0501622539866153], [0.06401025845234071, -0.14605902354875475, 0.9872028405818363]], "trans": [-340.1413142206837, 813.6590579960783, 113.0859130231294]}], "rb_4XMM.renamed.noAb_Nup120_715-1036_Nup85_553-744_Nup145c_92-99_554-712_remaining_updated_1.pdb_39": [{"rot": [[-0.9947006107574322, 0.046949885899159174, 0.09146804454477185], [-0.05479981318979735, -0.994847931880516, -0.0852911068483733], [0.08699238721377721, -0.089851547828144, 0.9921486904288752]], "trans": [19.000434306712464, 960.2481395785848, 83.78810503890725]}], "rb_4XMM.renamed.noAb_Nup120_715-1036_Nup85_553-744_Nup145c_92-99_554-712_remaining_updated_1.pdb_40": [{"rot": [[-0.7420986072121207, -0.6698490191493418, 0.024329996269871913], [0.6672908297695193, -0.7417207704243909, -0.06762578817693182], [0.063345131457231, -0.033949819818510925, 0.9974140584807062]], "trans": [376.3757066017143, 809.1035876699106, 56.07971086677941]}], "rb_4XMM.renamed.noAb_Nup120_715-1036_Nup85_553-744_Nup145c_92-99_554-712_remaining_updated_1.pdb_41": [{"rot": [[-0.054419490142180116, -0.9984607332195972, -0.010709029425971978], [0.9984941729896206, -0.05434071147005087, -0.007514890731014625], [0.006921387031193001, -0.011101860002263432, 0.999914417890877]], "trans": [522.6309425018344, 448.76812871151867, 46.216703402322764]}], "rb_4XMM.renamed.noAb_Nup120_715-1036_Nup85_553-744_Nup145c_92-99_554-712_remaining_updated_1.pdb_42": [{"rot": [[0.665484617397268, -0.7463798807840827, 0.0068773227601278165], [0.7447866280450319, 0.6646153143882211, 0.05982777420190607], [-0.04922502100476736, -0.034692325395992714, 0.9981850228618417]], "trans": [372.08967595721975, 90.3314720863857, 60.000976387807896]}], "rb_4XMM.renamed.noAb_Nup120_2-711_3F7F_updated_1.pdb_42": [{"rot": [[0.9977417775862185, 0.0670526431694557, 0.0039100259695222855], [-0.06509365170958076, 0.95095878029623, 0.30239083101942454], [0.01655783096315715, -0.30196248313573004, 0.9531760052646623]], "trans": [-40.12369493381698, -21.889276496442676, 182.20319469285937]}], "rb_4XMM.renamed.noAb_Nup120_2-711_3F7F_updated_1.pdb_43": [{"rot": [[0.6617780529088864, 0.7119830272956629, 0.2347977374912849], [-0.7482463802479506, 0.6077737384302726, 0.26596698539542396], [0.04666008073248733, -0.35169767090129245, 0.9349500441994985]], "trans": [-355.99101097841924, 161.971554772013, 206.52644417432973]}], "rb_4XMM.renamed.noAb_Nup120_2-711_3F7F_updated_1.pdb_44": [{"rot": [[-0.057421255823075, 0.9262761603409521, 0.37244499481631343], [-0.9927945965775801, -0.09228070681347078, 0.07644056616984232], [0.1051745614968789, -0.36537206507070163, 0.9249008409985959]], "trans": [-449.82179536465134, 515.9923990624451, 212.32409841031438]}], "rb_4XMM.renamed.noAb_Nup120_2-711_3F7F_updated_1.pdb_45": [{"rot": [[-0.7385390528442302, 0.5843961034342163, 0.3362160937772777], [-0.6554785074427215, -0.7391027906435376, -0.1551611779524637], [0.15782266537037254, -0.3349750127305598, 0.9289153605908085]], "trans": [-266.64673824573384, 832.7829708907932, 196.22381470363547]}], "rb_4XMM.renamed.noAb_Nup120_2-711_3F7F_updated_1.pdb_46": [{"rot": [[-0.9825669288986474, -0.11337898557977517, 0.14733443543034982], [0.06609736598456735, -0.9537750161608922, -0.2931626796800549], [0.17376239076561115, -0.2783135357401602, 0.9446418407942917]], "trans": [86.22954248902818, 926.7630033281279, 167.68137116485218]}], "rb_4XMM.renamed.noAb_Nup120_2-711_3F7F_updated_1.pdb_47": [{"rot": [[-0.6465499134005979, -0.7582826209278716, -0.08355044153345736], [0.7492237028307657, -0.6105393667790893, -0.25672071347973413], [0.1436560217959357, -0.2285807262473043, 0.9628674877624745]], "trans": [402.0890593689174, 742.8777850493805, 143.44133856862413]}], "rb_4XMM.renamed.noAb_Nup120_2-711_3F7F_updated_1.pdb_48": [{"rot": [[0.07266848813124288, -0.9725211598818997, -0.22118292071198042], [0.9937154628900211, 0.08953187447135508, -0.06718349698337285], [0.0851402939035847, -0.214910765285521, 0.9729154605197725]], "trans": [495.89876712577075, 388.84998649899853, 137.7278746954681]}], "rb_4XMM.renamed.noAb_Nup120_2-711_3F7F_updated_1.pdb_49": [{"rot": [[0.7537599951000609, -0.6305906455591908, -0.1849359551844841], [0.6563459257858051, 0.7363271034614287, 0.16441539591070797], [0.032494545559660554, -0.24531170873267244, 0.9688995149485451]], "trans": [312.70552957800777, 72.07420065493511, 153.9120121433058]}]}
