{"rb_ScNup133N_56-480_renamed_1.pdb_0": [{"rot": [[-0.5960088480893138, 0.04251966857447008, 0.8018513146360535], [0.16906086202875303, -0.9695684666590993, 0.17707459837712086], [0.7849789028562137, 0.24109970187588564, 0.570682973134835]], "trans": [723.9841981537296, 236.1447958585628, -372.32366122095783]}], "rb_ScNup133N_56-480_renamed_1.pdb_1": [{"rot": [[-0.2878312994705758, -0.6486254447177954, 0.7045836895002058], [0.5848025418820028, -0.7016608985674582, -0.40703558865270745], [0.7583924643965212, 0.2948847501756406, 0.5812777770226744]], "trans": [356.66608094448964, -226.02852517648097, -340.7562030897746]}], "rb_ScNup133N_56-480_renamed_1.pdb_2": [{"rot": [[0.22321670556512468, -0.948671918900504, 0.22404439882819835], [0.6600496500023711, -0.022031401715874532, -0.7508988459640765], [0.7172926612536897, 0.31549359364029905, 0.6212527911273558]], "trans": [-228.94451458744203, -292.14039910415545, -293.7165087234887]}], "rb_ScNup133N_56-480_renamed_1.pdb_3": [{"rot": [[0.6377560398910038, -0.6818482987421386, -0.3582598653003086], [0.350721369468721, 0.6711834818640885, -0.6530752289520583], [0.6857563376160143, 0.2908532811835716, 0.667190088538657]], "trans": [-689.7867311307996, 76.53855879497343, -258.7370894403741]}], "rb_ScNup133N_56-480_renamed_1.pdb_4": [{"rot": [[0.7129437164543475, -0.004463623144514942, -0.7012070544687115], [-0.16197343145357856, 0.9718886990414302, -0.1708711917752932], [0.6822579165326084, 0.23539845527101466, 0.6921789527171454]], "trans": [-755.8907870199669, 664.0311334054682, -256.2853773651054]}], "rb_ScNup133N_56-480_renamed_1.pdb_5": [{"rot": [[0.40473373417810965, 0.6866606138033535, -0.6038938697067924], [-0.5776909093875522, 0.7039268936501015, 0.41323134151114554], [0.7088468224018682, 0.18161533483524933, 0.681580554684077]], "trans": [-388.5300809086182, 1126.1760076703786, -287.7736150993279]}], "rb_ScNup133N_56-480_renamed_1.pdb_6": [{"rot": [[-0.10632015355953989, 0.986654089245665, -0.12332774676398928], [-0.6528979041430394, 0.0242738695497991, 0.7570568710623432], [0.749946899262009, 0.16101083016954532, 0.6416035854446354]], "trans": [197.0922191165264, 1192.2423147977731, -334.73154409299593]}], "rb_ScNup133N_56-480_renamed_1.pdb_7": [{"rot": [[-0.5208353734620683, 0.7197763953603092, 0.4589689035574708], [-0.3435370977736495, -0.6689200486338802, 0.6591875537272412], [0.7814811425772762, 0.18565535063058747, 0.5956671172545517]], "trans": [657.9122257655702, 823.5275973326727, -369.62654253363314]}], "rb_ScNup133C_490_881_renamed_relative_3CQC_1.pdb_7": [{"rot": [[0.7825210085090835, 0.3629924357317954, -0.5058629882126447], [-0.26543862766217197, 0.9294301282784097, 0.2563239582895105], [0.5632079599817023, -0.06630330496949802, 0.8236508153115445]], "trans": [185.30394271900172, 91.03170808755445, -245.03495729228655]}], "rb_ScNup133C_490_881_renamed_relative_3CQC_1.pdb_8": [{"rot": [[0.37876460783749966, 0.911268454909082, -0.16163902665297072], [-0.7067438724089837, 0.3975569166608034, 0.5852021845717166], [0.597537003592296, -0.10741648431581485, 0.7946138862587105]], "trans": [-125.0138391900245, 58.33615182121025, -220.10039095994955]}], "rb_ScNup133C_490_881_renamed_relative_3CQC_1.pdb_9": [{"rot": [[-0.21791224647517943, 0.9241864902056744, 0.3136775161809624], [-0.7322604812066937, -0.3673037757164912, 0.5734828018409545], [0.6452199938773461, -0.10472472327834947, 0.7567852349479284]], "trans": [-367.5682510805212, 255.3541091413802, -201.6846495269171]}], "rb_ScNup133C_490_881_renamed_relative_3CQC_1.pdb_10": [{"rot": [[-0.6579678400289412, 0.39417897440053085, 0.6416395075337831], [-0.327040464837419, -0.917085770723093, 0.22803118974420084], [0.6783235627977071, -0.05980489342667959, 0.7323254187010368]], "trans": [-400.2655851105636, 566.6697994918902, -200.55192908542682]}], "rb_ScNup133C_490_881_renamed_relative_3CQC_1.pdb_11": [{"rot": [[-0.6836114013361225, -0.36826821664172243, 0.6301221886069305], [0.271532577507488, -0.9297190237580047, -0.24878222648453518], [0.6774551729195096, 0.0010283355424856033, 0.7355633427588744]], "trans": [-203.94936863367974, 809.9102187093565, -217.3417883402754]}], "rb_ScNup133C_490_881_renamed_relative_3CQC_1.pdb_12": [{"rot": [[-0.27982057060876286, -0.9165027679031398, 0.28587256722195226], [0.7128061177424839, -0.39780279706450805, -0.5776334245492913], [0.6431235392776993, 0.04213800035048065, 0.7646021855536305]], "trans": [106.37750401858369, 842.5818163214562, -242.19448610177074]}], "rb_ScNup133C_490_881_renamed_relative_3CQC_1.pdb_13": [{"rot": [[0.3168582900623378, -0.9293611491476106, -0.18944307449417008], [0.738275894040991, 0.36705888374155093, -0.565876735821841], [0.5954406169356826, 0.03944147970650835, 0.8024305835284535]], "trans": [348.92308857689, 645.5452265726746, -260.5269566970037]}], "rb_ScNup133C_490_881_renamed_relative_3CQC_1.pdb_14": [{"rot": [[0.7568822909241133, -0.399310739338948, -0.5173781316735839], [0.33302135232349794, 0.9167992614942835, -0.22039939432803538], [0.5623397341306182, -0.005481566575251284, 0.8268881277692808]], "trans": [381.60267505350475, 334.2273787489427, -261.57577546226497]}], "rb_ScNup84_506-726_ScNup133C_882_1155_renamed_relative_3CQC_new_1.pdb_14": [{"rot": [[0.9864993352434156, 0.16280871332978192, 0.017674400363256182], [-0.16177262494320344, 0.9520191402982944, 0.25978678627806057], [0.02546918497489506, -0.259138726109391, 0.9655042419622596]], "trans": [-46.431796107066475, 37.39321782410167, 71.90127374062979]}], "rb_ScNup84_506-726_ScNup133C_882_1155_renamed_relative_3CQC_new_1.pdb_15": [{"rot": [[0.5858263068898605, 0.7814626554491201, 0.21476418764355729], [-0.8081715128749257, 0.543504709118931, 0.22685113388079042], [0.06055034213975127, -0.30646166041440887, 0.9499552130299632]], "trans": [-320.85010480415747, 201.9826227390384, 93.01454527197228]}], "rb_ScNup84_506-726_ScNup133C_882_1155_renamed_relative_3CQC_new_1.pdb_16": [{"rot": [[-0.15323864119572234, 0.9311184595745919, 0.33096273669996135], [-0.9808395323567481, -0.18408650537160892, 0.06376496143074409], [0.12029850626954754, -0.3148500798467547, 0.9414869604034928]], "trans": [-398.9455603054022, 512.9799884827462, 97.76732590111436]}], "rb_ScNup84_506-726_ScNup133C_882_1155_renamed_relative_3CQC_new_1.pdb_17": [{"rot": [[-0.7977408416090307, 0.5241056455026579, 0.29819929909568516], [-0.5786253229571444, -0.8045213106886427, -0.13393355173580973], [0.16971236036793502, -0.2793899300262464, 0.9450603058737963]], "trans": [-234.96683029298484, 788.1987899348834, 83.39937462248434]}], "rb_ScNup84_506-726_ScNup133C_882_1155_renamed_relative_3CQC_new_1.pdb_18": [{"rot": [[-0.9701218178669225, -0.20114194140266473, 0.135667158543784], [0.16284836023724508, -0.954340249746697, -0.2504298290568682], [0.17984457196873552, -0.22085426670585012, 0.9585819332801986]], "trans": [75.02694643099073, 866.4120894148668, 58.35164478440339]}], "rb_ScNup84_506-726_ScNup133C_882_1155_renamed_relative_3CQC_new_1.pdb_19": [{"rot": [[-0.56939836350576, -0.8197640387412624, -0.06142006531725661], [0.8092157788322139, -0.5457772755985231, -0.21747870868024513], [0.14475954865201657, -0.1735341068115068, 0.9741306826330831]], "trans": [349.4389578886317, 701.8015500749791, 37.32145460019632]}], "rb_ScNup84_506-726_ScNup133C_882_1155_renamed_relative_3CQC_new_1.pdb_20": [{"rot": [[0.16968007170898153, -0.9693630993206122, -0.17760589781978275], [0.9818257852342269, 0.18182566076194312, -0.054383421533363605], [0.08501059177554084, -0.16515026722357723, 0.9825978773241639]], "trans": [427.5166918979546, 390.79846366431093, 32.65259090664]}], "rb_ScNup84_506-726_ScNup133C_882_1155_renamed_relative_3CQC_new_1.pdb_21": [{"rot": [[0.8141509194225698, -0.5623018841065771, -0.14482704006357636], [0.5795610038918954, 0.8022285000133378, 0.14331251352958443], [0.03559948273783981, -0.2006141193848088, 0.9790233153159604]], "trans": [263.5230243195122, 115.59294014092939, 47.1041447875844]}], "rb_4XMM.renamed.noAb_Nup145c_149-550_Sec13_Nup84_7-436_3IKO_updated_1.pdb_21": [{"rot": [[0.9928281651717443, -0.07746401200275996, -0.0910580105545008], [0.0757129549267723, 0.9968749809407611, -0.022534880310609736], [0.09251909477488346, 0.015478992822313058, 0.9955905874822455]], "trans": [63.299314960002505, -33.487534730268806, -53.462146958730784]}], "rb_4XMM.renamed.noAb_Nup145c_149-550_Sec13_Nup84_7-436_3IKO_updated_1.pdb_22": [{"rot": [[0.7590634655176138, 0.6481750493367235, -0.060759861205614434], [-0.6408438107766758, 0.7603755554793048, 0.10558515434835539], [0.1146379758440354, -0.04120825216960696, 0.9925522729043079]], "trans": [-295.50561722035593, 67.30750238932549, -25.312349287282643]}], "rb_4XMM.renamed.noAb_Nup145c_149-550_Sec13_Nup84_7-436_3IKO_updated_1.pdb_23": [{"rot": [[0.08861001641354121, 0.9947607744485996, 0.050983003144317744], [-0.9814980351059688, 0.07847749785544295, 0.17465076413652042], [0.1697347108705626, -0.06551552448672392, 0.9833096378948571]], "trans": [-478.2615594868089, 393.0738246367322, -12.289337748662604]}], "rb_4XMM.renamed.noAb_Nup145c_149-550_Sec13_Nup84_7-436_3IKO_updated_1.pdb_24": [{"rot": [[-0.625771098261676, 0.759258358703607, 0.17871003698471818], [-0.7466896702244439, -0.6493536950121546, 0.1442023410148803], [0.22553285561196154, -0.04320328127313102, 0.9732771483635828]], "trans": [-377.90559066161825, 752.9730439294567, -21.998171225470344]}], "rb_4XMM.renamed.noAb_Nup145c_149-550_Sec13_Nup84_7-436_3IKO_updated_1.pdb_25": [{"rot": [[-0.9655853487575782, 0.07962843782922491, 0.24759694294070303], [-0.0739727670776433, -0.9967442479218289, 0.032077000570857855], [0.2493450701248798, 0.012657650794019665, 0.9683319781360078]], "trans": [-53.22573896247775, 936.1712398220077, -48.72727327125341]}], "rb_4XMM.renamed.noAb_Nup145c_149-550_Sec13_Nup84_7-436_3IKO_updated_1.pdb_26": [{"rot": [[-0.7317647557527345, -0.6459921977444495, 0.2172888001978826], [0.6425656271627026, -0.7601878767722976, -0.09604065179613831], [0.22722182339542535, 0.0693431500706491, 0.9713710776583457]], "trans": [305.5778738386113, 835.3484428611467, -76.79435412606671]}], "rb_4XMM.renamed.noAb_Nup145c_149-550_Sec13_Nup84_7-436_3IKO_updated_1.pdb_27": [{"rot": [[-0.061284719499743345, -0.9925247484473965, 0.10554054611981362], [0.983167217959241, -0.07826263922778898, -0.16509748887062353], [0.1721232252954914, 0.09364605181496805, 0.9806140995791077]], "trans": [488.31494557109414, 509.56818590316266, -89.73331717813392]}], "rb_4XMM.renamed.noAb_Nup145c_149-550_Sec13_Nup84_7-436_3IKO_updated_1.pdb_28": [{"rot": [[0.6530781009958818, -0.7569655599688645, -0.02218411640418856], [0.748302790940929, 0.6495500454122743, -0.13463904179296157], [0.11632681148225248, 0.07132937351423982, 0.9906463513305023]], "trans": [387.93743636063465, 149.67725377084537, -79.94033053098843]}], "rb_4XMM.renamed.noAb_Seh1_Nup85_47_544_3F3F_1.pdb_28": [{"rot": [[0.6517096300387214, -0.7303871514272238, 0.2044729007590383], [0.2179452204598556, 0.43855172141755727, 0.8718785858824606], [-0.7264808593442051, -0.523647779210148, 0.44499276885673356]], "trans": [490.4084098098706, -53.37677214398866, 788.7119580583737]}], "rb_4XMM.renamed.noAb_Seh1_Nup85_47_544_3F3F_1.pdb_29": [{"rot": [[0.6013116534438535, -0.21897972169501773, 0.7684218743105824], [-0.3470370659466227, 0.7946886854252712, 0.4980312923062273], [-0.7197149229325284, -0.5661428925133865, 0.40186148728734594]], "trans": [9.917213966226313, -199.25873780498443, 827.7611045303681]}], "rb_4XMM.renamed.noAb_Seh1_Nup85_47_544_3F3F_1.pdb_30": [{"rot": [[0.16740950499674764, 0.39381127952747674, 0.9038178653654018], [-0.7106275635788007, 0.683643898824957, -0.16625127211984111], [-0.6833611955026401, -0.614445844412947, 0.3943016367767943]], "trans": [-432.7964968692431, 38.47019417377394, 861.9327033675539]}], "rb_4XMM.renamed.noAb_Seh1_Nup85_47_544_3F3F_1.pdb_31": [{"rot": [[-0.395810818721988, 0.7490042433710056, 0.5313439932801096], [-0.6598298322977323, 0.17046896333857042, -0.7318230147707954], [-0.6387162031705256, -0.6402600846144453, 0.42674188434805316]], "trans": [-578.3828752865334, 520.5451802563681, 871.2325550527504]}], "rb_4XMM.renamed.noAb_Seh1_Nup85_47_544_3F3F_1.pdb_32": [{"rot": [[-0.7584069106713536, 0.6385221233952391, -0.1307992957961334], [-0.22440189933587806, -0.44421100805937275, -0.8673640342401351], [-0.6119336119387296, -0.6284632672270566, 0.48017827556638726]], "trans": [-341.5534547015964, 964.5600131334899, 850.2366802420474]}], "rb_4XMM.renamed.noAb_Seh1_Nup85_47_544_3F3F_1.pdb_33": [{"rot": [[-0.7079648675825148, 0.12708690327987318, -0.6947191269020885], [0.34057641264385263, -0.8003078211363615, -0.4934724901943466], [-0.6187030413853742, -0.5859661342114384, 0.5233070190029807]], "trans": [138.95566435134532, 1110.4046598917575, 811.2687633425758]}], "rb_4XMM.renamed.noAb_Seh1_Nup85_47_544_3F3F_1.pdb_34": [{"rot": [[-0.274034349529721, -0.48569545379490714, -0.8300633117062685], [0.7041328422895351, -0.689214941826831, 0.17082067899377562], [-0.6550588642916598, -0.5376641052977156, 0.5308626886373947]], "trans": [581.6573780917638, 872.641386845838, 777.1807644228613]}], "rb_4XMM.renamed.noAb_Seh1_Nup85_47_544_3F3F_1.pdb_35": [{"rot": [[0.2891820275913971, -0.8408484028234607, -0.457545318397379], [0.6532909069690701, -0.17601214523990263, 0.7363631682801447], [-0.6997033269819815, -0.5118531900821542, 0.4984190666628473]], "trans": [727.2126938556218, 390.55538860336065, 767.9659187920433]}], "rb_4XMM.renamed.noAb_Nup120_715-1036_Nup85_553-744_Nup145c_92-99_554-712_remaining_updated_1.pdb_35": [{"rot": [[0.9992059786083638, 0.004775122719611077, 0.03955515789772142], [-0.00498477608086847, 0.9999740382434428, 0.005203349548557889], [-0.03952928434369411, -0.0053963915826717125, 0.9992038403835131]], "trans": [-15.217959940866422, 0.309848413819509, 24.83075720840469]}], "rb_4XMM.renamed.noAb_Nup120_715-1036_Nup85_553-744_Nup145c_92-99_554-712_remaining_updated_1.pdb_36": [{"rot": [[0.7040834343115236, 0.7082499451320682, 0.05146389752546386], [-0.7100058897817546, 0.7034053207971784, 0.03335552652014225], [-0.012575929520630042, -0.060024744019774916, 0.9981176664612501]], "trans": [-325.79523392504143, 151.05137177346876, 48.89349865360384]}], "rb_4XMM.renamed.noAb_Nup120_715-1036_Nup85_553-744_Nup145c_92-99_554-712_remaining_updated_1.pdb_37": [{"rot": [[-0.0016410811289060967, 0.9968149834285437, 0.0797320240874357], [-0.9989820009838363, -0.0052285776602907785, 0.0448065138788959], [0.04508068946963578, -0.07957732584097926, 0.9958088072762459]], "trans": [-439.22960429017195, 477.9103230266452, 56.38583551385784]}], "rb_4XMM.renamed.noAb_Nup120_715-1036_Nup85_553-744_Nup145c_92-99_554-712_remaining_updated_1.pdb_38": [{"rot": [[-0.704544195852254, 0.7014247694079221, 0.10779967046304927], [-0.7026268291817659, -0.7107999276746113, 0.03284816177113923], [0.0996645122642779, -0.05259995892401958, 0.99362982509399]], "trans": [-289.0677041124782, 789.4082366132051, 42.94265611566681]}], "rb_4XMM.renamed.noAb_Nup120_715-1036_Nup85_553-744_Nup145c_92-99_554-712_remaining_updated_1.pdb_39": [{"rot": [[-0.9928553543196659, -0.004876944554498226, 0.11922441365165633], [0.005450587374880966, -0.9999750838513597, 0.004485841474360766], [0.11919956583829362, 0.005103634810275619, 0.992857198400497]], "trans": [36.72542154041798, 903.0653594287393, 16.463169400506786]}], "rb_4XMM.renamed.noAb_Nup120_715-1036_Nup85_553-744_Nup145c_92-99_554-712_remaining_updated_1.pdb_40": [{"rot": [[-0.697677814713597, -0.7083286555653648, 0.10731347800449179], [0.710448514175647, -0.7033511623324942, -0.023665399872870446], [0.09224194036376901, 0.059729876531684545, 0.993943542806851]], "trans": [347.2974793172419, 752.2998631576558, -7.5165630519318825]}], "rb_4XMM.renamed.noAb_Nup120_715-1036_Nup85_553-744_Nup145c_92-99_554-712_remaining_updated_1.pdb_41": [{"rot": [[0.008069258261408752, -0.996838432645387, 0.07904445756785734], [0.999369225229876, 0.005305361258940378, -0.0351141681568434], [0.03458379294619991, 0.0792779436097976, 0.9962524624423539]], "trans": [460.7128920455797, 425.43241810423217, -14.924870955596703]}], "rb_4XMM.renamed.noAb_Nup120_715-1036_Nup85_553-744_Nup145c_92-99_554-712_remaining_updated_1.pdb_42": [{"rot": [[0.710949278222864, -0.7013931803932307, 0.050977743106721554], [0.7029588942199747, 0.7108535033460986, -0.02315361348917392], [-0.019997920677323172, 0.05229630272251035, 0.9984313596287612]], "trans": [310.533225131115, 113.94669920691899, -1.3978581821927492]}], "rb_4XMM.renamed.noAb_Nup120_2-711_3F7F_updated_1.pdb_42": [{"rot": [[0.984988346293116, 0.13174187376548221, 0.11154387640524555], [-0.16841773171797988, 0.8751510005234221, 0.4535925417440418], [-0.03786060366290386, -0.4655693342345579, 0.8842012043141919]], "trans": [-99.49171125430541, 38.50729729254101, 337.2308746992197]}], "rb_4XMM.renamed.noAb_Nup120_2-711_3F7F_updated_1.pdb_43": [{"rot": [[0.5788184042833132, 0.7011658950113809, 0.41633597314645343], [-0.8154531179838199, 0.4991558204020813, 0.29305234912757083], [-0.0023382115775959222, -0.5091265605246013, 0.8606884907648086]], "trans": [-352.4357886868248, 255.44785887476002, 356.3778039318592]}], "rb_4XMM.renamed.noAb_Nup120_2-711_3F7F_updated_1.pdb_44": [{"rot": [[-0.1645835388274557, 0.8389207191593367, 0.5187719014289507], [-0.9846717642752555, -0.1705286642739643, -0.036626374376799], [0.057738855081160445, -0.5168481417458277, 0.8541277556594199]], "trans": [-378.4391086418935, 588.2151965107852, 356.8725976083658]}], "rb_4XMM.renamed.noAb_Nup120_2-711_3F7F_updated_1.pdb_45": [{"rot": [[-0.8097221427975042, 0.46430762788045626, 0.3588432501182616], [-0.5769430016118509, -0.7415918398302533, -0.3423131840702064], [0.10717660357802616, -0.48421066674454716, 0.8683623701291271]], "trans": [-162.26664630375708, 841.869628589152, 338.4494035176378]}], "rb_4XMM.renamed.noAb_Nup120_2-711_3F7F_updated_1.pdb_46": [{"rot": [[-0.9786661169668622, -0.20321974790950445, 0.03023847814617147], [0.1688799118626174, -0.8794968460351366, -0.44493243665023685], [0.11701370377128317, -0.43033362856490764, 0.895053496309512]], "trans": [169.4466351974487, 867.8169290660403, 311.92479342624665]}], "rb_4XMM.renamed.noAb_Nup120_2-711_3F7F_updated_1.pdb_47": [{"rot": [[-0.5724456991570844, -0.7726144593367883, -0.27454110573878454], [0.8158833973317261, -0.5034569857932062, -0.28436832702404713], [0.08148744366460904, -0.3867789558387802, 0.918565096139226]], "trans": [422.38033174031233, 650.8569202603319, 292.8612628239182]}], "rb_4XMM.renamed.noAb_Nup120_2-711_3F7F_updated_1.pdb_48": [{"rot": [[0.1709694621709706, -0.9103170559818612, -0.3769513239046665], [0.9850436902585264, 0.16623828860378592, 0.04531842543539505], [0.02140960734876085, -0.3790615899700155, 0.9251237429244645]], "trans": [448.364230864167, 318.0879512617139, 292.4505016344645]}], "rb_4XMM.renamed.noAb_Nup120_2-711_3F7F_updated_1.pdb_49": [{"rot": [[0.8160762833575536, -0.535659415123427, -0.21699882656582473], [0.5772643058863686, 0.7372720427107126, 0.35099267255413885], [-0.028025361564945395, -0.4117024726993948, 0.9108872889015155]], "trans": [232.17851142854454, 64.45089294721981, 310.9571444555869]}]}
