{"rb_ScNup133N_56-480_renamed_1.pdb_0": [{"rot": [[0.5988860027029294, 0.012626627147932279, 0.8007347401314453], [0.580583914684852, 0.68184518050165, -0.44498254778798246], [-0.5515957521371231, 0.7313875293669825, 0.4010167179940781]], "trans": [18.289584267790246, -159.5467820803416, 391.78147635614016]}], "rb_ScNup133N_56-480_renamed_1.pdb_1": [{"rot": [[0.8229765947923531, 0.5041041492651679, 0.2618941219608091], [-0.04331388513103926, 0.5153611229219208, -0.8558778068950679], [-0.5664216025001492, 0.6930237511617456, 0.4459648512459977]], "trans": [-407.4833423496041, 35.53791383043105, 424.81027413847227]}], "rb_ScNup133N_56-480_renamed_1.pdb_2": [{"rot": [[0.5417092514920487, 0.7344052659424664, -0.40890095647222313], [-0.6432568355023652, 0.04905493636191588, -0.7640773892728476], [-0.5410838478714798, 0.6769361259192059, 0.49898472020502754]], "trans": [-571.1460238436794, 475.45408989372993, 435.75604162638547]}], "rb_ScNup133N_56-480_renamed_1.pdb_3": [{"rot": [[-0.08014565162312542, 0.5686163357845204, -0.818689280010975], [-0.8677898969060025, -0.4439046401742833, -0.22335927395030655], [-0.49042570217492953, 0.6925490113419583, 0.5290165380548153]], "trans": [-376.82064041213295, 902.4927641487711, 418.2305987913253]}], "rb_ScNup133N_56-480_renamed_1.pdb_4": [{"rot": [[-0.6782967441541661, 0.10385885170177098, -0.727411070711084], [-0.5853784360555352, -0.6747349360217422, 0.44951624299118437], [-0.444123421439392, 0.7307161590076707, 0.5184672424503242]], "trans": [61.65617168219205, 1066.4887767668242, 382.5246020560002]}], "rb_ScNup133N_56-480_renamed_1.pdb_5": [{"rot": [[-0.9023386821659847, -0.38760569904958214, -0.1885383906031777], [0.038536931281234865, -0.5082123091658478, 0.8603691961825107], [-0.42930153458190323, 0.7690787156569859, 0.47351675950173244]], "trans": [487.42042673065333, 871.3710680076357, 349.57913266370446]}], "rb_ScNup133N_56-480_renamed_1.pdb_6": [{"rot": [[-0.621024539379933, -0.6178704529892309, 0.4822495462007428], [0.6384577857117486, -0.04188806238782261, 0.7685161326175544], [-0.45464291191218487, 0.7851633546926869, 0.42049771592213536]], "trans": [651.0553341891306, 431.4424596172107, 338.71811601674943]}], "rb_ScNup133N_56-480_renamed_1.pdb_7": [{"rot": [[0.0008478928305075961, -0.45204307052629855, 0.8919957082110326], [0.8629420318265637, 0.45105848537788795, 0.22776587206086252], [-0.5053022172767379, 0.7695474677742493, 0.3904694150089747]], "trans": [456.7031713555159, 4.4194501792180745, 356.3280937084432]}], "rb_ScNup133C_490_881_renamed_relative_3CQC_1.pdb_7": [{"rot": [[0.8253103047633326, 0.3277539816392474, -0.45982630239153754], [-0.23462557110604465, 0.9397317565894832, 0.2487067892929457], [0.513628019323923, -0.09737326725987573, 0.8524697675510371]], "trans": [157.792266908579, 70.06603318930419, -218.86365962080424]}], "rb_ScNup133C_490_881_renamed_relative_3CQC_1.pdb_8": [{"rot": [[0.429842477106922, 0.892934752786523, -0.1338019885526922], [-0.7179680785163332, 0.42788638348718444, 0.5490310383373797], [0.5475009434751217, -0.13993130490468397, 0.8250223916970512]], "trans": [-158.781225102259, 64.40800674913123, -193.56202480762624]}], "rb_ScNup133C_490_881_renamed_relative_3CQC_1.pdb_9": [{"rot": [[-0.19060311138650637, 0.9319281324129887, 0.308513224914298], [-0.7790769881521977, -0.33480970901017887, 0.5300391544822116], [0.5972516224017156, -0.1393284420703703, 0.7898595348343653]], "trans": [-386.70213763666356, 284.97413856285766, -176.42723687293102]}], "rb_ScNup133C_490_881_renamed_relative_3CQC_1.pdb_10": [{"rot": [[-0.6725606866947044, 0.4218912489268084, 0.6080048493159602], [-0.3821538391133237, -0.9015583959027471, 0.20285685107536156], [0.6337354069039332, -0.09591784430564164, 0.7675800943094233]], "trans": [-392.44927310785056, 602.5537954267236, -177.47309128818614]}], "rb_ScNup133C_490_881_renamed_relative_3CQC_1.pdb_11": [{"rot": [[-0.7336927056003175, -0.3383890998057562, 0.589226468245897], [0.24027819127691524, -0.9403503052523686, -0.24084786527695967], [0.6355795815990135, -0.0351300518705045, 0.7712356805218465]], "trans": [-172.6539651829247, 831.104453271894, -196.06290688920114]}], "rb_ScNup133C_490_881_renamed_relative_3CQC_1.pdb_12": [{"rot": [[-0.33818716946697186, -0.9035299655442516, 0.2631787221101244], [0.7235896433242884, -0.42846058959611394, -0.5411465154990618], [0.6017038029477157, 0.00742458931866441, 0.7986847995246324]], "trans": [143.92650898111447, 836.7380309635719, -221.28250267931531]}], "rb_ScNup133C_490_881_renamed_relative_3CQC_1.pdb_13": [{"rot": [[0.28226320201035954, -0.9424638606528608, -0.1791350221318015], [0.7846498537279714, 0.3342385379895925, -0.5221199160798695], [0.551952979732449, 0.006816970432809211, 0.8338473703733713]], "trans": [371.83675717355135, 616.1544160517064, -238.3338789471925]}], "rb_ScNup133C_490_881_renamed_relative_3CQC_1.pdb_14": [{"rot": [[0.7641898328700183, -0.4323827604090393, -0.47860113647916663], [0.38768889028451964, 0.900947174507345, -0.19491411723419722], [0.5154718456793235, -0.0365969568173098, 0.8561246632726223]], "trans": [377.56565580802027, 298.5747171758184, -237.2040941495179]}], "rb_ScNup84_506-726_ScNup133C_882_1155_renamed_relative_3CQC_new_1.pdb_14": [{"rot": [[0.9929173555729341, 0.10984411821402414, 0.04527024073093082], [-0.11535178063290992, 0.9825391921384702, 0.14598185714910236], [-0.028444537381894026, -0.15016992244010577, 0.9882509310329358]], "trans": [-42.64147739131272, 33.815126883942696, 64.9133080711506]}], "rb_ScNup84_506-726_ScNup133C_882_1155_renamed_relative_3CQC_new_1.pdb_15": [{"rot": [[0.6220367044707276, 0.7675843548779231, 0.1545464216274215], [-0.7829759146049526, 0.6086894773632587, 0.12824132444645947], [0.004365253685169004, -0.20077693665828988, 0.9796272588420447]], "trans": [-320.8236508590836, 196.37877456383083, 86.33643919622955]}], "rb_ScNup84_506-726_ScNup133C_882_1155_renamed_relative_3CQC_new_1.pdb_16": [{"rot": [[-0.11091565682980548, 0.9693234186654365, 0.2193395247026055], [-0.9917797228936074, -0.12212609127975121, 0.038186373038170365], [0.06380202447488056, -0.2133010263816889, 0.9749010071886406]], "trans": [-403.00948050685844, 508.6142113533456, 91.40922417233878]}], "rb_ScNup84_506-726_ScNup133C_882_1155_renamed_relative_3CQC_new_1.pdb_17": [{"rot": [[-0.7765659004505183, 0.5968797214890397, 0.2016928365922867], [-0.6194429904696833, -0.7817854491799665, -0.0714275367659744], [0.1150468766001595, -0.18040540326067056, 0.9768408809314357]], "trans": [-241.05143516750906, 787.60963265671, 77.18395893539213]}], "rb_ScNup84_506-726_ScNup133C_882_1155_renamed_relative_3CQC_new_1.pdb_18": [{"rot": [[-0.9849667280099624, -0.1315639673892038, 0.11194403600979218], [0.11591417486495767, -0.9838508432824947, -0.13638703104657857], [0.12807985313360237, -0.12136078714781345, 0.9843104746796807]], "trans": [70.17509192999819, 869.9257036341521, 52.01800933861915]}], "rb_ScNup84_506-726_ScNup133C_882_1155_renamed_relative_3CQC_new_1.pdb_19": [{"rot": [[-0.614033996272147, -0.7892750639684055, 0.0026692357944355025], [0.7835091771212513, -0.6099495166000182, -0.11863792212519489], [0.09526605265694932, -0.07075634669111644, 0.9929339950943818]], "trans": [348.35112625717505, 707.3406260456651, 30.67794839688537]}], "rb_ScNup84_506-726_ScNup133C_882_1155_renamed_relative_3CQC_new_1.pdb_20": [{"rot": [[0.11893467035939798, -0.9909571341460078, -0.06211684531294442], [0.9922554508879294, 0.12088186168816206, -0.02857788827040575], [0.035828262164010395, -0.05823687663272302, 0.9976596623249693]], "trans": [430.5191379623417, 395.0991475873582, 25.689089605904314]}], "rb_ScNup84_506-726_ScNup133C_882_1155_renamed_relative_3CQC_new_1.pdb_21": [{"rot": [[0.7845558921137142, -0.6184619774947817, -0.04446160751590085], [0.619866485670012, 0.7805119654583962, 0.08103463283917606], [-0.015414022601604837, -0.09113645905736792, 0.9957191138758569]], "trans": [268.54586055890974, 116.1168457401335, 39.997981689528245]}], "rb_4XMM.renamed.noAb_Nup145c_149-550_Sec13_Nup84_7-436_3IKO_updated_1.pdb_21": [{"rot": [[0.9993325388134768, -0.006752359559914465, -0.03590100986018514], [0.0070504245551549615, 0.9999416690048524, 0.00818230416075071], [0.03584366585883128, -0.008429960151780203, 0.9993218537536526]], "trans": [13.931861666210693, -3.902168770205833, -14.771629569310619]}], "rb_4XMM.renamed.noAb_Nup145c_149-550_Sec13_Nup84_7-436_3IKO_updated_1.pdb_22": [{"rot": [[0.7141478990102534, 0.6999948379165537, 7.231469374031907e-05], [-0.6972435789627942, 0.7113318549291612, 0.08864752539235983], [0.06200137042349168, -0.06335786496728708, 0.9960630557411476]], "trans": [-308.88202921495065, 125.24824954189383, 10.371496933656033]}], "rb_4XMM.renamed.noAb_Nup145c_149-550_Sec13_Nup84_7-436_3IKO_updated_1.pdb_23": [{"rot": [[0.01596565758271573, 0.9964848230001131, 0.08223804051885522], [-0.9927552557743906, 0.006002189998310592, 0.12000406596255161], [0.11908862208570445, -0.08355819077537271, 0.9893613742430369]], "trans": [-446.1915987951025, 445.52628897340503, 19.798854251028786]}], "rb_4XMM.renamed.noAb_Nup145c_149-550_Sec13_Nup84_7-436_3IKO_updated_1.pdb_24": [{"rot": [[-0.6862091840712811, 0.7090295819200249, 0.16246232689007317], [-0.7063696988887581, -0.7028552629229318, 0.08388282227808569], [0.1736629038914969, -0.05719730189306665, 0.983142748774623]], "trans": [-317.557051809997, 769.3086749001719, 8.011768441739207]}], "rb_4XMM.renamed.noAb_Nup145c_149-550_Sec13_Nup84_7-436_3IKO_updated_1.pdb_25": [{"rot": [[-0.9810327030455579, 0.006024448019904507, 0.19374865568869684], [-0.005855605565852932, -0.9999818130232159, 0.0014441281988582045], [0.19375383206166244, 0.0002822212838429212, 0.9810501378179219]], "trans": [1.667593708641789, 906.9192371098325, -18.060714528034737]}], "rb_4XMM.renamed.noAb_Nup145c_149-550_Sec13_Nup84_7-436_3IKO_updated_1.pdb_26": [{"rot": [[-0.6957931249133662, -0.7007002588891698, 0.15776905436725644], [0.6984159910770518, -0.711316537769439, -0.07901826689793293], [0.1675918575920308, 0.05520806361704564, 0.9843094223771831]], "trans": [324.4779526877575, 777.7438847462197, -43.12096161140272]}], "rb_4XMM.renamed.noAb_Nup145c_149-550_Sec13_Nup84_7-436_3IKO_updated_1.pdb_27": [{"rot": [[0.0024121835774042477, -0.9971352406814951, 0.07560088069223037], [0.9938728594970296, -0.005963625585645005, -0.1103683574448166], [0.11050303401075223, 0.07540389221337443, 0.9910112676016793]], "trans": [461.76907855058687, 457.45547739158593, -52.464321816257495]}], "rb_4XMM.renamed.noAb_Nup145c_149-550_Sec13_Nup84_7-436_3IKO_updated_1.pdb_28": [{"rot": [[0.7045647080180105, -0.7096247052898839, -0.004620590626302271], [0.7074322002318132, 0.7028712420948379, -0.07424081836315163], [0.055930799124152275, 0.04903870591991671, 0.9972296380628828]], "trans": [333.1158073010731, 133.68359693599893, -40.59331809202956]}], "rb_4XMM.renamed.noAb_Seh1_Nup85_47_544_3F3F_1.pdb_28": [{"rot": [[0.6468944958972673, -0.7425648597401349, 0.1735653774718281], [0.27266738200013396, 0.4377886100916375, 0.8567342829998279], [-0.7121657180537528, -0.5068910750379709, 0.4856762585054335]], "trans": [509.0680361765371, -73.27081879832622, 761.6210403706787]}], "rb_4XMM.renamed.noAb_Seh1_Nup85_47_544_3F3F_1.pdb_29": [{"rot": [[0.636759555961324, -0.22781973285905993, 0.736637928165505], [-0.3041249616706014, 0.8036966705557388, 0.5114485990072505], [-0.7085515334686648, -0.5496997644693425, 0.4424758675470978]], "trans": [8.585149526506825, -228.0368597416458, 802.3068736105957]}], "rb_4XMM.renamed.noAb_Seh1_Nup85_47_544_3F3F_1.pdb_30": [{"rot": [[0.2230132909555057, 0.3942198248441974, 0.8915468589799462], [-0.7046238218575539, 0.697190674519802, -0.13202436530232076], [-0.6736247781428857, -0.5987619669471641, 0.4332594663818832]], "trans": [-454.5323363574859, 17.593837765540165, 838.0663338395387]}], "rb_4XMM.renamed.noAb_Seh1_Nup85_47_544_3F3F_1.pdb_31": [{"rot": [[-0.3519659032574425, 0.7591542697093057, 0.5475443340281284], [-0.6942113192292787, 0.18066333619622366, -0.6967290744675423], [-0.6278460378135077, -0.6253363524828732, 0.4634261527636291]], "trans": [-608.981754948784, 519.7274645258667, 847.9750299481907]}], "rb_4XMM.renamed.noAb_Seh1_Nup85_47_544_3F3F_1.pdb_32": [{"rot": [[-0.7513471075009374, 0.6531998583586115, -0.0938481171375724], [-0.278987244641706, -0.4432963465895743, -0.851853547523028], [-0.5980331440457181, -0.6138552713308152, 0.5153038564596305]], "trans": [-364.2825457605385, 984.2071786941765, 826.2523129446741]}], "rb_4XMM.renamed.noAb_Seh1_Nup85_47_544_3F3F_1.pdb_33": [{"rot": [[-0.7411671810541599, 0.13842617891855225, -0.6568937529907267], [0.2978042843523119, -0.8091639938301437, -0.5065236808978049], [-0.6016509103704907, -0.5710445027131097, 0.558501887169148]], "trans": [136.21895754519, 1138.9343313418833, 785.6476616411454]}], "rb_4XMM.renamed.noAb_Seh1_Nup85_47_544_3F3F_1.pdb_34": [{"rot": [[-0.327389668366595, -0.4836050888860056, -0.8117525011050916], [0.6982706573075209, -0.7026091790381331, 0.13696142038795234], [-0.6365799982642683, -0.5219831985178464, 0.5677142294103127]], "trans": [599.3238305999732, 893.2676915902879, 749.9718581979818]}], "rb_4XMM.renamed.noAb_Seh1_Nup85_47_544_3F3F_1.pdb_35": [{"rot": [[0.2475887293664527, -0.848499257734276, -0.4677059233269238], [0.6878130263709008, -0.18605321514159123, 0.7016391108611189], [-0.6823584555387369, -0.4954121625069993, 0.5375441632042249]], "trans": [753.7406223288729, 391.1223577006751, 740.1482962022035]}], "rb_4XMM.renamed.noAb_Nup120_715-1036_Nup85_553-744_Nup145c_92-99_554-712_remaining_updated_1.pdb_35": [{"rot": [[0.988583770345244, -0.11176557459618663, 0.10104744106194184], [0.09834880228771264, 0.9867282305353351, 0.12920879286325412], [-0.11414745769641467, -0.11779582080783316, 0.9864555248472455]], "trans": [34.18467920626904, -83.61429416120836, 128.10620575251565]}], "rb_4XMM.renamed.noAb_Nup120_715-1036_Nup85_553-744_Nup145c_92-99_554-712_remaining_updated_1.pdb_36": [{"rot": [[0.767926879324051, 0.614069164418422, 0.1822288926654754], [-0.6337505270657147, 0.7696987776947957, 0.0769679222732843], [-0.09299772822791483, -0.17459339313272593, 0.980239036979679]], "trans": [-347.8956245737803, 62.84000481566582, 157.8890407929591]}], "rb_4XMM.renamed.noAb_Nup120_715-1036_Nup85_553-744_Nup145c_92-99_554-712_remaining_updated_1.pdb_37": [{"rot": [[0.09578960096066946, 0.9745175616625447, 0.2028296683404177], [-0.9946886283015636, 0.10142367327453294, -0.017543409789843506], [-0.03766809094378552, -0.20007188835713258, 0.9790568698568339]], "trans": [-514.9308654900697, 437.3896870362005, 169.4216610087765]}], "rb_4XMM.renamed.noAb_Nup120_715-1036_Nup85_553-744_Nup145c_92-99_554-712_remaining_updated_1.pdb_38": [{"rot": [[-0.6340805699440071, 0.7584238637081733, 0.1507815432254504], [-0.7730228724886463, -0.6266121038770909, -0.09895913239376697], [0.019428572487044604, -0.17930564473181293, 0.9836015536478293]], "trans": [-369.06753087767595, 820.6183843002664, 155.9720997687835]}], "rb_4XMM.renamed.noAb_Nup120_715-1036_Nup85_553-744_Nup145c_92-99_554-712_remaining_updated_1.pdb_39": [{"rot": [[-0.9941153961046093, 0.0923788057381204, 0.05657504289148559], [-0.09860818486932735, -0.9879149302001967, -0.11958476727541899], [0.04484423156384088, -0.12445982057651446, 0.9912107485078587]], "trans": [4.247494513705874, 988.0254390211221, 125.44330458736783]}], "rb_4XMM.renamed.noAb_Nup120_715-1036_Nup85_553-744_Nup145c_92-99_554-712_remaining_updated_1.pdb_40": [{"rot": [[-0.773401399865208, -0.63343902605344, -0.024602336454185494], [0.6334738013019011, -0.7708285156648584, -0.06733752669967606], [0.02369003483862309, -0.06766387300753153, 0.9974268807982691]], "trans": [386.3229184072106, 841.5415548989981, 95.74347903900161]}], "rb_4XMM.renamed.noAb_Nup120_715-1036_Nup85_553-744_Nup145c_92-99_554-712_remaining_updated_1.pdb_41": [{"rot": [[-0.10123595229019117, -0.9938353117715838, -0.04519574138982], [0.9943591361699285, -0.10252514282432207, 0.02717541911809952], [-0.03164159097280233, -0.042189668933635065, 0.9986084525758725]], "trans": [553.33548356181, 466.97917347058035, 84.29520459864455]}], "rb_4XMM.renamed.noAb_Nup120_715-1036_Nup85_553-744_Nup145c_92-99_554-712_remaining_updated_1.pdb_42": [{"rot": [[0.6286169498981855, -0.7776848256549939, 0.006858735062886388], [0.7726361020858431, 0.6254936494338694, 0.1085870538853188], [-0.08873659929417846, -0.06296035628759102, 0.9940632824331874]], "trans": [407.4487877720349, 83.76233590139327, 97.82904675531378]}], "rb_4XMM.renamed.noAb_Nup120_2-711_3F7F_updated_1.pdb_42": [{"rot": [[0.9874348558029201, 0.15796103856738192, -0.004551465717829134], [-0.15764035891939776, 0.9866252711462383, 0.04147398673114563], [0.011041865115547557, -0.04023536541807308, 0.9991292171608456]], "trans": [-83.68306690036991, 91.66322849561283, 18.289638569848535]}], "rb_4XMM.renamed.noAb_Nup120_2-711_3F7F_updated_1.pdb_43": [{"rot": [[0.5891175275653018, 0.806750402961881, 0.04576380705522991], [-0.8067399106278934, 0.5839998111469573, 0.09008294611310579], [0.04594839839912146, -0.08998893210367952, 0.9948822728259836]], "trans": [-310.05914971802406, 263.5223051756233, 35.53827683342229]}], "rb_4XMM.renamed.noAb_Nup120_2-711_3F7F_updated_1.pdb_44": [{"rot": [[-0.15018475785866559, 0.981874086715285, 0.11561927323746085], [-0.9829878396214141, -0.16080567284263725, 0.0887493252822308], [0.10573289773461475, -0.10032354369065787, 0.9893208483186785]], "trans": [-349.04680924444375, 545.5790286129725, 37.3147338571722]}], "rb_4XMM.renamed.noAb_Nup120_2-711_3F7F_updated_1.pdb_45": [{"rot": [[-0.7973782975053971, 0.5807421666409087, 0.16409261577723958], [-0.5831356239997569, -0.8114736265441164, 0.03825437812530093], [0.1553727604498548, -0.06518503899333282, 0.9857029045313953]], "trans": [-177.80461146378963, 772.6007100134404, 22.602340969728004]}], "rb_4XMM.renamed.noAb_Nup120_2-711_3F7F_updated_1.pdb_46": [{"rot": [[-0.9733279904209285, -0.1616566225216048, 0.162787467140634], [0.1585776704096712, -0.9868335882610064, -0.031821243334399334], [0.16578825504418973, -0.0051580495163136356, 0.9861478839477317]], "trans": [103.35326298830591, 811.5949642021044, 0.043830270480782474]}], "rb_4XMM.renamed.noAb_Nup120_2-711_3F7F_updated_1.pdb_47": [{"rot": [[-0.574960025604672, -0.810414602257928, 0.11246840180156335], [0.807645937584376, -0.5841572198440934, -0.08042625197951506], [0.13087783792578433, 0.044592767924210214, 0.990395111351388]], "trans": [329.72248027103984, 639.7185240514405, -17.121699696763073]}], "rb_4XMM.renamed.noAb_Nup120_2-711_3F7F_updated_1.pdb_48": [{"rot": [[0.16435602616570577, -0.9854802005510088, 0.04261303773447658], [0.9838358347508485, 0.16066198435120027, -0.07908714841511555], [0.07109252367948193, 0.05492268298505399, 0.995956501043396]], "trans": [368.6946744334867, 357.6591484546934, -18.814434542032984]}], "rb_4XMM.renamed.noAb_Nup120_2-711_3F7F_updated_1.pdb_49": [{"rot": [[0.8115183974067874, -0.5842975214958244, -0.005856367829493623], [0.5839328358714189, 0.8112984325564927, -0.028588398390586297], [0.02145539236369725, 0.019780285771773033, 0.9995741125265827]], "trans": [197.44129796661105, 130.65131346881333, -4.0187414242219575]}]}
