{"rb_ScNup133N_56-480_renamed_1.pdb_0": [{"rot": [[-0.7087365118465431, -0.3460731565414399, 0.6147568032132982], [0.3266639479652861, -0.9333503719850552, -0.14882119544973027], [0.6252865118290356, 0.09534386942430025, 0.7745491105719987]], "trans": [926.3841922356035, 229.33209625307853, -307.046247629054]}], "rb_ScNup133N_56-480_renamed_1.pdb_1": [{"rot": [[-0.25979709505036624, -0.9014632947829767, 0.34622160181364475], [0.7664919016046329, -0.4105803058831443, -0.4938764796944802], [0.5873632897772039, 0.13706837921241583, 0.7976318857983153]], "trans": [496.64352914270376, -369.7300700127413, -269.8372971965348]}], "rb_ScNup133N_56-480_renamed_1.pdb_2": [{"rot": [[0.36779936968114346, -0.9258303659357257, -0.08695836459748196], [0.758913537832862, 0.3528925401641527, -0.5472815520282915], [0.5373768377555523, 0.13529592975328897, 0.8324188522829299]], "trans": [-229.61472369268859, -488.31792248219176, -211.33179323256292]}], "rb_ScNup133N_56-480_renamed_1.pdb_3": [{"rot": [[0.8063980241981148, -0.40489979614270305, -0.43102016385891745], [0.308368369002406, 0.9098150079752001, -0.27775096806649774], [0.5046099241673379, 0.09106484693161356, 0.8585313145629281]], "trans": [-826.936328178972, -56.96090829476975, -165.77907998565246]}], "rb_ScNup133N_56-480_renamed_1.pdb_4": [{"rot": [[0.7990615924434777, 0.35615994169030396, -0.48440754269194336], [-0.3212078922989733, 0.9339340632994902, 0.15682045572484826], [0.5082578690060183, 0.030286322722594947, 0.8606722240489687]], "trans": [-945.3999528341949, 671.6460682998122, -159.84057426791395]}], "rb_ScNup133N_56-480_renamed_1.pdb_5": [{"rot": [[0.350087859582786, 0.9115093221984167, -0.21584542181413152], [-0.7610005951756436, 0.41112042344937383, 0.5018546518317007], [0.5461836547490722, -0.011434726414932483, 0.8375874057773051]], "trans": [-515.6060226589559, 1270.6748838492572, -196.97113156054235]}], "rb_ScNup133N_56-480_renamed_1.pdb_6": [{"rot": [[-0.27750803114453326, 0.9358168478537175, 0.21733872163839135], [-0.753372973205341, -0.3523543096786285, 0.5552257231925004], [0.5961698213546394, -0.009657521629412413, 0.8028002717874154]], "trans": [210.6680312949377, 1389.2061286935814, -255.39514295947157]}], "rb_ScNup133N_56-480_renamed_1.pdb_7": [{"rot": [[-0.7160715578483581, 0.4148428273912199, 0.5613795085347149], [-0.3027933948877388, -0.9092358724243967, 0.2856681436719847], [0.6289337676202298, 0.03457682545721011, 0.7766896156691668]], "trans": [807.9625410963986, 957.8026451076065, -300.86299390746194]}], "rb_ScNup133C_490_881_renamed_relative_3CQC_1.pdb_7": [{"rot": [[0.7437986505291139, 0.38138679074454024, -0.5489150055488113], [-0.2781440352715185, 0.9233595151164986, 0.26465657272530185], [0.6077824142848719, -0.044173766982305435, 0.7928740222738082]], "trans": [217.2271561669735, 93.88846567610517, -266.0628097212799]}], "rb_ScNup133C_490_881_renamed_relative_3CQC_1.pdb_8": [{"rot": [[0.34323671345155254, 0.9204667458804575, -0.1868944308084647], [-0.6858702936391851, 0.3815753521401201, 0.6196629656050483], [0.6416934617418794, -0.08450574162378915, 0.7622914670848273]], "trans": [-100.78384719311043, 36.64664993524664, -240.3956168593649]}], "rb_ScNup133C_490_881_renamed_relative_3CQC_1.pdb_9": [{"rot": [[-0.22751087710365625, 0.919893630536446, 0.3194284102862537], [-0.6899186253827823, -0.38376732167555927, 0.6137873680387221], [0.6872052758451865, -0.08073630727526515, 0.7219629890362087]], "trans": [-366.0826824650886, 221.77205452357146, -220.1091411637409]}], "rb_ScNup133C_490_881_renamed_relative_3CQC_1.pdb_10": [{"rot": [[-0.6340921350482445, 0.3800031837619545, 0.6734424582699984], [-0.28791746068543345, -0.9243199766776136, 0.25047178792660296], [0.7176563941764974, -0.035073651727123095, 0.6955135792003732]], "trans": [-423.25163789379536, 540.815723960214, -217.06348123502517]}], "rb_ScNup133C_490_881_renamed_relative_3CQC_1.pdb_11": [{"rot": [[-0.6383260266825356, -0.38292915826722046, 0.6677612922358152], [0.28463524995673223, -0.9234192457734041, -0.25744838515195], [0.7152081222565612, 0.02573239755709239, 0.698437674795832]], "trans": [-238.79841996755866, 806.877494968629, -233.01882270207767]}], "rb_ScNup133C_490_881_renamed_relative_3CQC_1.pdb_12": [{"rot": [[-0.23773227858928997, -0.9219668722443657, 0.30571301935096984], [0.6923300556563141, -0.3815927898269229, -0.6124263521330803], [0.6812946922967109, 0.06606079954139277, 0.7290222993930177]], "trans": [79.22358880132276, 864.0947474162953, -258.6042966619982]}], "rb_ScNup133C_490_881_renamed_relative_3CQC_1.pdb_13": [{"rot": [[0.33301564322662114, -0.9213340648899024, -0.20060937724794753], [0.6963335907377366, 0.38374981351535276, -0.6065110147699073], [0.6357830697467892, 0.062286607712906894, 0.7693505486596917]], "trans": [344.51452490497866, 678.9489248512904, -278.8075668126956]}], "rb_ScNup133C_490_881_renamed_relative_3CQC_1.pdb_14": [{"rot": [[0.7395655586197394, -0.38140144367465917, -0.5545950984874991], [0.2943005279004583, 0.9242600758848105, -0.24316766109603466], [0.6053346048104177, 0.016620796860866704, 0.7957975655471217]], "trans": [401.665130710952, 359.9011774834716, -281.7692677325954]}], "rb_ScNup84_506-726_ScNup133C_882_1155_renamed_relative_3CQC_new_1.pdb_14": [{"rot": [[0.9800322252771646, 0.16439646329975027, 0.1118509734996562], [-0.18137615476817298, 0.9696322726974699, 0.16406080039134682], [-0.08148329828743248, -0.18107197076872897, 0.9800884722830526]], "trans": [-71.16690626419097, 69.72440383711148, 107.04371527781936]}], "rb_ScNup84_506-726_ScNup133C_882_1155_renamed_relative_3CQC_new_1.pdb_15": [{"rot": [[0.5653068700483806, 0.7965486569760449, 0.21433240479628882], [-0.8236357515573445, 0.5593365416687203, 0.09363109478502417], [-0.0453022232640887, -0.22946213243960983, 0.9722627414148891]], "trans": [-314.8979809635392, 244.30058646167646, 125.66243385367304]}], "rb_ScNup84_506-726_ScNup133C_882_1155_renamed_relative_3CQC_new_1.pdb_16": [{"rot": [[-0.18078046135494757, 0.9544970428453275, 0.23717887762575954], [-0.9834099519134042, -0.1790887814548226, -0.028845707387763084], [0.014942933780418305, -0.23845880893049326, 0.9710376435409094]], "trans": [-364.2467067995591, 540.5886622955906, 128.19548976888214]}], "rb_ScNup84_506-726_ScNup133C_882_1155_renamed_relative_3CQC_new_1.pdb_17": [{"rot": [[-0.821161290365377, 0.5457132293931316, 0.16700660606929754], [-0.5671007764515473, -0.8130637305903304, -0.13162096849128546], [0.06395971039270187, -0.20279162029988124, 0.9771308582695706]], "trans": [-190.30199102121298, 785.0190156486567, 113.18298805341544]}], "rb_ScNup84_506-726_ScNup133C_882_1155_renamed_relative_3CQC_new_1.pdb_18": [{"rot": [[-0.9806914979789099, -0.1903314616084767, 0.044923496233707214], [0.1814119898832962, -0.9711968414874408, -0.15448749143991808], [0.07303338769673613, -0.14335490855494587, 0.9869728944984955]], "trans": [105.03881258731587, 834.4010158538465, 89.44346878965388]}], "rb_ScNup84_506-726_ScNup133C_882_1155_renamed_relative_3CQC_new_1.pdb_19": [{"rot": [[-0.565916039199611, -0.822451671940612, -0.05755244476747393], [0.8236390145421698, -0.5608515081057626, -0.08404974467237836], [0.03684847758896783, -0.094967537493506, 0.994798148632069]], "trans": [348.76281030608396, 659.8061076999358, 70.90788199071721]}], "rb_ScNup84_506-726_ScNup133C_882_1155_renamed_relative_3CQC_new_1.pdb_20": [{"rot": [[0.18018377388563722, -0.9803424694957439, -0.08038936578498593], [0.9833546510788576, 0.17758618739051613, 0.038428846582679435], [-0.023397389382239828, -0.085975511345285, 0.9960224764627598]], "trans": [398.0949611023332, 363.51456696687035, 68.45864065638307]}], "rb_ScNup84_506-726_ScNup133C_882_1155_renamed_relative_3CQC_new_1.pdb_21": [{"rot": [[0.8205321507641322, -0.5715091988058311, -0.010209076486183927], [0.5669952276196931, 0.811529031008169, 0.1411985966199058], [-0.0724113348784291, -0.12164648581547938, 0.9899286494843275]], "trans": [224.13770879555818, 119.09827272198368, 83.5545497957936]}], "rb_4XMM.renamed.noAb_Nup145c_149-550_Sec13_Nup84_7-436_3IKO_updated_1.pdb_21": [{"rot": [[0.9976757951111039, -0.00793178479296912, 0.06767639647192795], [0.009803076482794547, 0.9995774818059033, -0.02736343469015417], [-0.06743076108794886, 0.027963273352164544, 0.9973320148288298]], "trans": [-17.456151070652595, 1.9154100015653626, 25.208527906461427]}], "rb_4XMM.renamed.noAb_Nup145c_149-550_Sec13_Nup84_7-436_3IKO_updated_1.pdb_22": [{"rot": [[0.7128723211153042, 0.6996214040112098, 0.0484039754262337], [-0.7000780846971925, 0.7140017736560081, -0.009599090727050478], [-0.04127625363802272, -0.02704363632093878, 0.9987817141999303]], "trans": [-326.2426092185327, 153.7858196939726, 49.12303767563441]}], "rb_4XMM.renamed.noAb_Nup145c_149-550_Sec13_Nup84_7-436_3IKO_updated_1.pdb_23": [{"rot": [[0.011021352649705274, 0.9988202416232703, 0.04729328397778784], [-0.9998092558497571, 0.010244940336093467, 0.016628082110263523], [0.01612394811845462, -0.04746752701734876, 0.9987426356053554]], "trans": [-437.6144722076005, 480.1723659216211, 56.45327840041432]}], "rb_4XMM.renamed.noAb_Nup145c_149-550_Sec13_Nup84_7-436_3IKO_updated_1.pdb_24": [{"rot": [[-0.6967229168598891, 0.7143898302664569, 0.0649949808378394], [-0.7138036907042136, -0.6994223422236844, 0.0359538361705523], [0.07114399664969397, -0.021343795590249612, 0.9972376718368144]], "trans": [-286.32661901632855, 789.8733246492317, 42.92909660901796]}], "rb_4XMM.renamed.noAb_Nup145c_149-550_Sec13_Nup84_7-436_3IKO_updated_1.pdb_25": [{"rot": [[-0.9957539151405588, 0.012953515382391496, 0.09113916239184439], [-0.009607482001290208, -0.9992669735911238, 0.03705687223216642], [0.09155237174341099, 0.036023907745750865, 0.9951484518899086]], "trans": [38.99630613636981, 901.4616242658317, 16.49715358699467]}], "rb_4XMM.renamed.noAb_Nup145c_149-550_Sec13_Nup84_7-436_3IKO_updated_1.pdb_26": [{"rot": [[-0.7108950670624119, -0.6945774195178006, 0.11041019845250681], [0.7002513020342976, -0.7136357409018768, 0.019291016217403888], [0.0653935595116175, 0.09102877349180652, 0.9936988702675362]], "trans": [347.77745998206314, 749.5673822561718, -7.334340851770946]}], "rb_4XMM.renamed.noAb_Nup145c_149-550_Sec13_Nup84_7-436_3IKO_updated_1.pdb_27": [{"rot": [[-0.009020702339384734, -0.9937213765834049, 0.11151884437388215], [0.9999273767056481, -0.009855447665684747, -0.006936242921717628], [0.007991760998950583, 0.11144817572527096, 0.9937381123231834]], "trans": [459.13040212293885, 423.1725040935023, -14.58055633979177]}], "rb_4XMM.renamed.noAb_Nup145c_149-550_Sec13_Nup84_7-436_3IKO_updated_1.pdb_28": [{"rot": [[0.6987012797452308, -0.7092356078355962, 0.09381563974332124], [0.7138662720376313, 0.6997894870375561, -0.02626060697714685], [-0.04702624086051049, 0.08532014070420924, 0.9952431895073397]], "trans": [307.82492231565175, 113.48382836847713, -0.9725527713604833]}], "rb_4XMM.renamed.noAb_Seh1_Nup85_47_544_3F3F_1.pdb_28": [{"rot": [[0.6584709139532281, -0.7352651981029582, 0.16062734492050224], [0.30010713389765076, 0.4522457637636245, 0.8398865859993154], [-0.6901824133237024, -0.5048354757903466, 0.5184490126542788]], "trans": [502.1213513160009, -88.48643724166516, 741.1356520250536]}], "rb_4XMM.renamed.noAb_Seh1_Nup85_47_544_3F3F_1.pdb_29": [{"rot": [[0.6647458943838408, -0.21241191519683694, 0.7162360464136325], [-0.29161473948981126, 0.8088931843572299, 0.510541536030813], [-0.6878035617907986, -0.5482453780770287, 0.47576597798188425]], "trans": [-7.471476666465264, -235.0799892338939, 782.5078409804256]}], "rb_4XMM.renamed.noAb_Seh1_Nup85_47_544_3F3F_1.pdb_30": [{"rot": [[0.25208372631053644, 0.40883531442441234, 0.8771017504308594], [-0.7143065413549048, 0.6900900263419405, -0.11636975775932898], [-0.6528552365624247, -0.5971845956007765, 0.46599420476026165]], "trans": [-471.2722941067396, 22.789365187798097, 818.2622201205733]}], "rb_4XMM.renamed.noAb_Seh1_Nup85_47_544_3F3F_1.pdb_31": [{"rot": [[-0.3377722736727731, 0.7645411040627242, 0.5489870593524651], [-0.720349454210652, 0.16543285480764108, -0.6735938200196028], [-0.605810659328748, -0.6229838446932117, 0.49485813552464025]], "trans": [-617.57812921752, 534.058239040466, 827.4773749096387]}], "rb_4XMM.renamed.noAb_Seh1_Nup85_47_544_3F3F_1.pdb_32": [{"rot": [[-0.7592761438062654, 0.6463279866963417, -0.07589381437068299], [-0.30620345450108477, -0.4577267614947571, -0.834700938218662], [-0.574229206761795, -0.610529561466573, 0.545448872651823]], "trans": [-360.67904753937233, 999.2182339252747, 804.7789426396912]}], "rb_4XMM.renamed.noAb_Seh1_Nup85_47_544_3F3F_1.pdb_33": [{"rot": [[-0.7655049737611721, 0.12344687328344671, -0.6314768440912449], [0.2855188916853361, -0.8143331327847194, -0.5053122909051316], [-0.5766117390737681, -0.5671176406404194, 0.5881296490033127]], "trans": [148.9317599428565, 1145.772182877955, 763.4879898835477]}], "rb_4XMM.renamed.noAb_Seh1_Nup85_47_544_3F3F_1.pdb_34": [{"rot": [[-0.3528098271234062, -0.4977911073149876, -0.7922936572781969], [0.7081782906675245, -0.6954812186107509, 0.12161160794479517], [-0.6115625352426077, -0.5181793975427949, 0.5978974639934599]], "trans": [612.7190100329551, 887.8668329865263, 727.8173438693773]}], "rb_4XMM.renamed.noAb_Seh1_Nup85_47_544_3F3F_1.pdb_35": [{"rot": [[0.237046660205061, -0.8534559866088722, -0.4641354972495565], [0.7141749070241885, -0.17079614610795232, 0.6788098987578577], [-0.6586069260663817, -0.4923835450095156, 0.5690301938748454]], "trans": [758.9915055671814, 376.58689147800055, 718.6873768895764]}], "rb_4XMM.renamed.noAb_Nup120_715-1036_Nup85_553-744_Nup145c_92-99_554-712_remaining_updated_1.pdb_35": [{"rot": [[0.999889083045782, -0.0017321062594418835, 0.014792613486824792], [0.003475014266553134, 0.9929331318299813, -0.1186242807782262], [-0.01448260617816561, 0.11866252787721235, 0.9928290178052198]], "trans": [-5.078832931359443, 36.943017084943335, -51.29004701267115]}], "rb_4XMM.renamed.noAb_Nup120_715-1036_Nup85_553-744_Nup145c_92-99_554-712_remaining_updated_1.pdb_36": [{"rot": [[0.7110269285121197, 0.7011254536986552, -0.05351453173181516], [-0.7030627334970488, 0.7101584446822541, -0.03711840802269299], [0.011979135957082561, 0.06401626060881956, 0.9978769556811026]], "trans": [-294.2860095739866, 165.42449559480946, -28.822329020535733]}], "rb_4XMM.renamed.noAb_Nup120_715-1036_Nup85_553-744_Nup145c_92-99_554-712_remaining_updated_1.pdb_37": [{"rot": [[0.00866173642931417, 0.9989771830562246, -0.04437974825388365], [-0.9975516695778412, 0.011712295257583383, 0.06894554853113748], [0.06939481857090869, 0.04367390379675473, 0.9966328056424096]], "trans": [-408.2948531023473, 461.39062756288774, -21.133894938442893]}], "rb_4XMM.renamed.noAb_Nup120_715-1036_Nup85_553-744_Nup145c_92-99_554-712_remaining_updated_1.pdb_38": [{"rot": [[-0.6957510603313184, 0.7173373390462189, 0.03684567895880001], [-0.7074760229256977, -0.6932457140203515, 0.1374338276322439], [0.1241295252270086, 0.06955229688875647, 0.9898254083243239]], "trans": [-280.3154621135706, 751.4603965549967, -32.70473295741675]}], "rb_4XMM.renamed.noAb_Nup120_715-1036_Nup85_553-744_Nup145c_92-99_554-712_remaining_updated_1.pdb_39": [{"rot": [[-0.9895565132069651, 0.021194513411499506, 0.14257874936652198], [-0.0027661974160614593, -0.9917412414086055, 0.1282250296984628], [0.14411889300687508, 0.12649151232618758, 0.9814426330600812]], "trans": [14.681944980968808, 865.7069587069955, -56.73247811593973]}], "rb_4XMM.renamed.noAb_Nup120_715-1036_Nup85_553-744_Nup145c_92-99_554-712_remaining_updated_1.pdb_40": [{"rot": [[-0.7006392452461873, -0.6816410109772731, 0.21087953948814603], [0.7037488547589826, -0.7089113981762039, 0.046713798403454104], [0.11765286841497669, 0.1811357548628632, 0.9763952277966066]], "trans": [303.8856409811139, 737.2031838288963, -79.11733360775594]}], "rb_4XMM.renamed.noAb_Nup120_715-1036_Nup85_553-744_Nup145c_92-99_554-712_remaining_updated_1.pdb_41": [{"rot": [[0.0017489342461139978, -0.9794382739522624, 0.20173648342928407], [0.9981826541730584, -0.010441894389476292, -0.05934943765180495], [0.06023562182819425, 0.20147365673697903, 0.9776400337056573]], "trans": [417.8779363371294, 441.2285119426948, -86.72193055811027]}], "rb_4XMM.renamed.noAb_Nup120_715-1036_Nup85_553-744_Nup145c_92-99_554-712_remaining_updated_1.pdb_42": [{"rot": [[0.7061391260500168, -0.6977434399213116, 0.12050571234630783], [0.7080517296128284, 0.6944939862133078, -0.12783133929451512], [0.005502985880241756, 0.17559098826626152, 0.9844478259339483]], "trans": [289.88245047736143, 151.16919587738153, -75.06738394748157]}], "rb_4XMM.renamed.noAb_Nup120_2-711_3F7F_updated_1.pdb_42": [{"rot": [[-0.672069897368001, 0.7356138166827996, 0.08481960715030273], [0.40841125094471475, 0.2726882920982141, 0.871115001279587], [0.6176749170506604, 0.6200914513665918, -0.4836985515675398]], "trans": [545.0760788892911, -70.75054271845818, -289.48810204611016]}], "rb_4XMM.renamed.noAb_Nup120_2-711_3F7F_updated_1.pdb_43": [{"rot": [[-0.1763220630182714, 0.7260085647928257, 0.6646969940810958], [0.7980156788931899, -0.28989947766261465, 0.5283268581963126], [0.5762651354486268, 0.6235943045750233, -0.5282505437460252]], "trans": [15.110139430136883, -312.17492876396085, -246.03065316769965]}], "rb_4XMM.renamed.noAb_Nup120_2-711_3F7F_updated_1.pdb_44": [{"rot": [[0.4489828644535574, 0.3226496944939601, 0.8332536000942536], [0.721734562383195, -0.6807340035157365, -0.12530138833619053], [0.5267956044697204, 0.6576460986734378, -0.5385053388881027]], "trans": [-529.947565227292, -106.88209924021699, -203.54378735011846]}], "rb_4XMM.renamed.noAb_Nup120_2-711_3F7F_updated_1.pdb_45": [{"rot": [[0.8375324417350112, -0.23816948063265095, 0.491746588739124], [0.22425445503002792, -0.6708589094495789, -0.7068650953409064], [0.4982462728817718, 0.7022988125486878, -0.5084555334069323]], "trans": [-770.7926330417748, 424.86462848404767, -186.8929047529271]}], "rb_4XMM.renamed.noAb_Nup120_2-711_3F7F_updated_1.pdb_46": [{"rot": [[0.761708847905574, -0.6279131802474692, -0.1597644174835983], [-0.40299378180931245, -0.2660591648069226, -0.8756760432062032], [0.5073417416745764, 0.7313942568093854, -0.45570472705564014]], "trans": [-566.3327140328668, 971.560640474277, -205.80832227781843]}], "rb_4XMM.renamed.noAb_Nup120_2-711_3F7F_updated_1.pdb_47": [{"rot": [[0.2659306133432041, -0.6182640497299697, -0.7396150848234546], [-0.792559286794201, 0.2965278323241641, -0.5328423984382259], [0.5487537569831991, 0.7278879099618506, -0.41115508598118317]], "trans": [-36.341398301581535, 1212.9438212880054, -249.18511673013734]}], "rb_4XMM.renamed.noAb_Nup120_2-711_3F7F_updated_1.pdb_48": [{"rot": [[-0.3593683816723555, -0.2148746857900441, -0.9081207164583479], [-0.71622909423087, 0.6873306865476317, 0.12079905590355366], [0.5982225763304331, 0.6938338394288593, -0.4009044180749174]], "trans": [508.7068418584071, 1007.6086168968808, -291.58854540572713]}], "rb_4XMM.renamed.noAb_Nup120_2-711_3F7F_updated_1.pdb_49": [{"rot": [[-0.7478791691451601, 0.34594373438626763, -0.5665683374471516], [-0.21871850717863378, 0.6774115755391281, 0.7023359395212144], [0.6267686678323158, 0.6491813998910324, -0.4309577091307506]], "trans": [749.5169755204546, 475.84340205478554, -308.15407699689626]}]}
