{"rb_ScNup133N_56-480_renamed_1.pdb_0": [{"rot": [[-0.6064078241947737, -0.43906618032866196, 0.6629407515358832], [0.46609091624419174, -0.8717527350919931, -0.1510179679848773], [0.644227295719463, 0.21741218491894718, 0.7332824376042013]], "trans": [864.0105392977468, 133.98513996659182, -330.31834917472196]}], "rb_ScNup133N_56-480_renamed_1.pdb_1": [{"rot": [[-0.08858297912231516, -0.921551090352542, 0.3780167240742909], [0.7940540965131463, -0.2944554700436336, -0.5317650495962254], [0.6013577534384242, 0.2530603960153107, 0.7578451611959184]], "trans": [384.7455423137306, -394.5316417774807, -289.5052392821395]}], "rb_ScNup133N_56-480_renamed_1.pdb_2": [{"rot": [[0.5088879696312439, -0.855911593609216, -0.09191506019104917], [0.6585433024866528, 0.4558425870747037, -0.5987722894047582], [0.5543949432620798, 0.24417796734016578, 0.7956276560999259]], "trans": [-326.8175756172839, -428.12630493638255, -232.58456056308938]}], "rb_ScNup133N_56-480_renamed_1.pdb_3": [{"rot": [[0.8359981159456913, -0.2806002328078285, -0.4715619359993428], [0.13894266800762745, 0.939606255200492, -0.31278590152855607], [0.5308503415673556, 0.19596835085365652, 0.8244964040682783]], "trans": [-853.8331936320818, 52.881494648300674, -192.87724429157413]}], "rb_ScNup133N_56-480_renamed_1.pdb_4": [{"rot": [[0.7011217238569607, 0.46735748500398017, -0.5385214104811429], [-0.46035842887717066, 0.8734399564779236, 0.1586592556064327], [0.544516708005905, 0.13667341964917248, 0.827539685491768]], "trans": [-887.5662184381166, 766.7107225650666, -193.6203913114207]}], "rb_ScNup133N_56-480_renamed_1.pdb_5": [{"rot": [[0.18327128560775913, 0.9497973825282313, -0.25356767935642055], [-0.7882809554671606, 0.29610484164349143, 0.5393839615738161], [0.5873880924222589, 0.10102898048483033, 0.8029747032022467]], "trans": [-408.25345512909996, 1295.1902689033395, -234.35465071884306]}], "rb_ScNup133N_56-480_renamed_1.pdb_6": [{"rot": [[-0.4141891103843518, 0.8840993653926641, 0.21636934383435272], [-0.652723271978302, -0.4541880386076751, 0.606354315399547], [0.6343498333387969, 0.10991604840969399, 0.7651919701911665]], "trans": [303.31883457784744, 1328.7294806517361, -291.1933140987291]}], "rb_ScNup133N_56-480_renamed_1.pdb_7": [{"rot": [[-0.7412587399556104, 0.30875025837733516, 0.5959939247939952], [-0.13309698076170504, -0.9379065358948311, 0.32033813953052315], [0.6578910807660641, 0.1581284537257206, 0.7363251441929534]], "trans": [830.3034835423749, 847.6807314603388, -330.8154861168014]}], "rb_ScNup133C_490_881_renamed_relative_3CQC_1.pdb_7": [{"rot": [[0.7171149125568187, 0.38715476670561255, -0.5795320429499564], [-0.3040121590974967, 0.9220049417440558, 0.23975715739143202], [0.6271545338347686, 0.004251354685771203, 0.7788832497068036]], "trans": [238.043599762673, 117.89026468382635, -285.3812485939453]}], "rb_ScNup133C_490_881_renamed_relative_3CQC_1.pdb_8": [{"rot": [[0.3064656986786786, 0.9245582632018239, -0.22643054890764402], [-0.6842400871055527, 0.37934171786436294, 0.6228285191651877], [0.6617358073515258, -0.03594271877504157, 0.7488750511506463]], "trans": [-69.48708240276972, 37.83491465002385, -260.4384036087815]}], "rb_ScNup133C_490_881_renamed_relative_3CQC_1.pdb_9": [{"rot": [[-0.2520338984246083, 0.9221796332205686, 0.2933660479981831], [-0.6616966008649757, -0.38543308925616315, 0.6431165851618104], [0.7061419987853943, -0.032032136669736366, 0.7073453327560308]], "trans": [-343.453602663301, 199.4009989329371, -239.34643253082163]}], "rb_ScNup133C_490_881_renamed_relative_3CQC_1.pdb_10": [{"rot": [[-0.6312069399256179, 0.3814123117435489, 0.6753535721680752], [-0.24958799247865188, -0.9243036142815382, 0.28873632025874824], [0.7343593350671143, 0.013692226865191393, 0.6786227891275523]], "trans": [-423.3605971831021, 507.94094407302674, -234.43730451313962]}], "rb_ScNup133C_490_881_renamed_relative_3CQC_1.pdb_11": [{"rot": [[-0.6089285117731733, -0.38095457948876393, 0.6957583459192187], [0.3106667045293318, -0.9215919055774943, -0.23271131960204977], [0.7298577027384126, 0.07444439495745513, 0.6795334913106382]], "trans": [-262.39550854458696, 782.7078165891809, -248.56285106601246]}], "rb_ScNup133C_490_881_renamed_relative_3CQC_1.pdb_12": [{"rot": [[-0.1982496313048141, -0.918315766219315, 0.34262696508088414], [0.6908623890604709, -0.3788865203379541, -0.6157549545784062], [0.6952742214904586, 0.11463489093303664, 0.7095439371255363]], "trans": [45.14795805931584, 862.7394251437138, -273.4241229473742]}], "rb_ScNup133C_490_881_renamed_relative_3CQC_1.pdb_13": [{"rot": [[0.36024822272888063, -0.9158774884686147, -0.17717122829936244], [0.6682750683572727, 0.3858880746178284, -0.6360022223859185], [0.6508683822653893, 0.11071955556344704, 0.7510735842665933]], "trans": [319.1084168684253, 701.1522417948787, -294.4330316440029]}], "rb_ScNup133C_490_881_renamed_relative_3CQC_1.pdb_14": [{"rot": [[0.7393891326152308, -0.3750681237227395, -0.559131123384846], [0.25613671336889204, 0.9247161382429673, -0.2815919880564698], [0.6226537518035832, 0.06499204751442075, 0.7797937798705531]], "trans": [398.9978816091592, 392.60643372288814, -299.25825731461435]}], "rb_ScNup84_506-726_ScNup133C_882_1155_renamed_relative_3CQC_new_1.pdb_14": [{"rot": [[0.9814754029651078, 0.18764264443662695, 0.038681667018182195], [-0.19158766343221825, 0.9617323826443105, 0.19586983278156245], [-0.00044787839755791245, -0.19965235325966924, 0.9798666936082754]], "trans": [-56.99467855680223, 69.48131404242298, 65.9221459272072]}], "rb_ScNup84_506-726_ScNup133C_882_1155_renamed_relative_3CQC_new_1.pdb_15": [{"rot": [[0.5607329819853085, 0.8070921950377363, 0.18488026293530835], [-0.8272058363882047, 0.5362972472632191, 0.16767756803812744], [0.03618048036097568, -0.246956375271137, 0.9683509289270017]], "trans": [-305.83500196392504, 231.7720560261816, 85.00787773169577]}], "rb_ScNup84_506-726_ScNup133C_882_1155_renamed_relative_3CQC_new_1.pdb_16": [{"rot": [[-0.18492912278231255, 0.9453834920916492, 0.26842368082484636], [-0.9780175131283538, -0.20381822126566596, 0.044044031313291196], [0.0963481373000564, -0.25437803671051207, 0.9622935367537864]], "trans": [-367.4577649326905, 523.000812356741, 88.54386638610333]}], "rb_ScNup84_506-726_ScNup133C_882_1155_renamed_relative_3CQC_new_1.pdb_17": [{"rot": [[-0.8186915365292053, 0.5215035438768951, 0.24037100852491264], [-0.5556750869736446, -0.8250439458500174, -0.10260450834666927], [0.1448080306208079, -0.21756962366118232, 0.965243022832929]], "trans": [-205.7615706957746, 772.5617880453749, 74.4826847804245]}], "rb_ScNup84_506-726_ScNup133C_882_1155_renamed_relative_3CQC_new_1.pdb_18": [{"rot": [[-0.9692873012324067, -0.2162327992350529, 0.1171558970114879], [0.19240729380628546, -0.9634571377456057, -0.18635926866453997], [0.1531716715314382, -0.15809402348606907, 0.9754715366315139]], "trans": [84.53158358576252, 834.2587615191034, 51.08557626311301]}], "rb_ScNup84_506-726_ScNup133C_882_1155_renamed_relative_3CQC_new_1.pdb_19": [{"rot": [[-0.548495294528499, -0.835649185366778, -0.02904050405779139], [0.8279924225889845, -0.5379733975139896, -0.1581555301039918], [0.11653952125916316, -0.11079288137371605, 0.9869870705442854]], "trans": [333.36578833958475, 671.94889258487, 32.082901804026676]}], "rb_ScNup84_506-726_ScNup133C_882_1155_renamed_relative_3CQC_new_1.pdb_20": [{"rot": [[0.1971785928880741, -0.9738827617512714, -0.11257428156728638], [0.9787455691832317, 0.2021529004964127, -0.034515440386507674], [0.056371209946800394, -0.10337587331964357, 0.9930436624361136]], "trans": [394.97237119788014, 380.71570782868025, 28.630700940194572]}], "rb_ScNup84_506-726_ScNup133C_882_1155_renamed_relative_3CQC_new_1.pdb_21": [{"rot": [[0.8309080837668713, -0.5499543502490697, -0.084510170825672], [0.5563534146947501, 0.8233453351303058, 0.11213089260614531], [0.007914182734321464, -0.14018798722174067, 0.99009327537882]], "trans": [233.26324060870456, 131.16783006379478, 42.775326514868425]}], "rb_4XMM.renamed.noAb_Nup145c_149-550_Sec13_Nup84_7-436_3IKO_updated_1.pdb_21": [{"rot": [[0.9985150472143661, -0.03140197635921587, 0.04451534979340719], [0.03134084908169885, 0.999506610177698, 0.0020706013444121004], [-0.044558407347349456, -0.0006723777394835686, 0.9990065546545953]], "trans": [-0.9239400649809113, -16.9407792770578, 24.064293959716338]}], "rb_4XMM.renamed.noAb_Nup145c_149-550_Sec13_Nup84_7-436_3IKO_updated_1.pdb_22": [{"rot": [[0.7291033727568688, 0.6823663365916433, 0.0527679308013892], [-0.6841227757193171, 0.7288432150819588, 0.027633233091551856], [-0.01960356030564161, -0.05624722673603837, 0.9982243985737123]], "trans": [-327.8382687007114, 128.73539887063907, 49.45384511663758]}], "rb_4XMM.renamed.noAb_Nup145c_149-550_Sec13_Nup84_7-436_3IKO_updated_1.pdb_23": [{"rot": [[0.034205002600490475, 0.9964731355422164, 0.07662446045334077], [-0.9987179900898536, 0.031217967984560058, 0.039847393212096086], [0.037314796903974407, -0.07788920732412244, 0.9962634577833498]], "trans": [-456.3994497875481, 463.60283479089946, 58.11291739763777]}], "rb_4XMM.renamed.noAb_Nup145c_149-550_Sec13_Nup84_7-436_3IKO_updated_1.pdb_24": [{"rot": [[-0.6790987999501432, 0.7269102287613926, 0.10210944730208059], [-0.7281504816591279, -0.6846904248488581, 0.03155785448777232], [0.09285308807926891, -0.052920142123309866, 0.9942724790477675]], "trans": [-311.2926173929051, 791.4915796859678, 44.99290906877451]}], "rb_4XMM.renamed.noAb_Nup145c_149-550_Sec13_Nup84_7-436_3IKO_updated_1.pdb_25": [{"rot": [[-0.9929446097772554, 0.0315913678783644, 0.11429342671330227], [-0.030922511867728226, -0.9994927325881405, 0.0076207455857854045], [0.11447619915984876, 0.004032738407944011, 0.9934178057830698]], "trans": [22.478513399362782, 920.3199003601896, 17.803710902399587]}], "rb_4XMM.renamed.noAb_Nup145c_149-550_Sec13_Nup84_7-436_3IKO_updated_1.pdb_26": [{"rot": [[-0.7234771262582051, -0.6821558544056519, 0.1060388517538025], [0.6845199436661695, -0.7287733246470764, -0.017941237585845204], [0.08951700678884413, 0.059605633818815174, 0.994200117638609]], "trans": [349.3880213374644, 774.6184668784637, -7.502856546743658]}], "rb_4XMM.renamed.noAb_Nup145c_149-550_Sec13_Nup84_7-436_3IKO_updated_1.pdb_27": [{"rot": [[-0.02855420072996978, -0.9962082514408457, 0.08218136882436312], [0.9990606067521852, -0.031123447341193378, -0.03015352486121559], [0.0325969577818019, 0.08124315839979004, 0.9961611252988136]], "trans": [477.9296205864622, 439.74135015977663, -16.077844343159597]}], "rb_4XMM.renamed.noAb_Nup145c_149-550_Sec13_Nup84_7-436_3IKO_updated_1.pdb_28": [{"rot": [[0.6847285186197603, -0.726589500905202, 0.05669702781555905], [0.7284371219311813, 0.6847637643404525, -0.021861986161163176], [-0.02293938058026157, 0.056269745162236914, 0.9981520428261275]], "trans": [332.80374320900745, 111.86440374046083, -2.8738988271932726]}], "rb_4XMM.renamed.noAb_Seh1_Nup85_47_544_3F3F_1.pdb_28": [{"rot": [[0.6833066055135472, -0.7008702931592918, 0.20462872483685357], [0.23768363110653765, 0.4785226418756259, 0.8452943704511333], [-0.6903611912365583, -0.5289583285847521, 0.4935630782942141]], "trans": [459.71628122102834, -75.24174580846159, 760.0784477801776]}], "rb_4XMM.renamed.noAb_Seh1_Nup85_47_544_3F3F_1.pdb_29": [{"rot": [[0.6383415024468401, -0.1699798799163298, 0.7507509351825916], [-0.35326798462545117, 0.8018438176350996, 0.4819213869076946], [-0.6839019354356133, -0.572846692007551, 0.4518017376719826]], "trans": [-27.82236199081501, -194.73801863069158, 799.5609405903558]}], "rb_4XMM.renamed.noAb_Seh1_Nup85_47_544_3F3F_1.pdb_30": [{"rot": [[0.18997677532053656, 0.43346109293022383, 0.8809201472066243], [-0.7390679485456668, 0.6537838389561852, -0.16231222798115635], [-0.646287391391248, -0.6202242923615966, 0.44456094620788145]], "trans": [-456.92209736489616, 66.63997940368498, 832.5323574114511]}], "rb_4XMM.renamed.noAb_Seh1_Nup85_47_544_3F3F_1.pdb_31": [{"rot": [[-0.399129196772122, 0.7559483949691405, 0.518881401119384], [-0.6937092020101557, 0.12107832899469029, -0.7100053389195609], [-0.5995526893697231, -0.6433366633353239, 0.4760824616367405]], "trans": [-576.2083362735457, 555.7734484115376, 839.7015822738757]}], "rb_4XMM.renamed.noAb_Seh1_Nup85_47_544_3F3F_1.pdb_32": [{"rot": [[-0.7838698289850499, 0.6085644175950645, -0.123277900874904], [-0.24376353829774677, -0.48420631336625103, -0.8403115990469374], [-0.571075676774546, -0.628644252127893, 0.5279005357669667]], "trans": [-315.7996046888446, 986.1212222613327, 816.8927870683372]}], "rb_4XMM.renamed.noAb_Seh1_Nup85_47_544_3F3F_1.pdb_33": [{"rot": [[-0.7388586341249995, 0.07764877286781044, -0.6693717852218276], [0.3471845285549726, -0.8074858101181417, -0.476895763862401], [-0.5775385891098487, -0.5847540803876146, 0.569659410138228]], "trans": [171.75490400303732, 1105.5796239234278, 777.4916905314385]}], "rb_4XMM.renamed.noAb_Seh1_Nup85_47_544_3F3F_1.pdb_34": [{"rot": [[-0.2904638047988368, -0.5257806686208054, -0.7994907545471902], [0.7329492886179371, -0.659378473822821, 0.1673480462196704], [-0.6151553612025477, -0.5373776295713655, 0.5768961473437113]], "trans": [600.8407974310876, 844.168354135885, 744.6040154711429]}], "rb_4XMM.renamed.noAb_Seh1_Nup85_47_544_3F3F_1.pdb_35": [{"rot": [[0.2986386456070796, -0.8482264316916273, -0.4374092819427265], [0.687544306163145, -0.12664767039552854, 0.7150127234154777], [-0.6618895575642527, -0.5142686925752606, 0.5453713646904496]], "trans": [720.0954224533207, 355.0259374343293, 737.5198305551764]}], "rb_4XMM.renamed.noAb_Nup120_715-1036_Nup85_553-744_Nup145c_92-99_554-712_remaining_updated_1.pdb_35": [{"rot": [[0.9991313886221735, -0.039091235690817704, 0.014434111059983792], [0.03800529279033001, 0.9968863132316996, 0.06908890078175092], [-0.01708993826344309, -0.06848031675944755, 0.9975060802955926]], "trans": [14.945987921310234, -40.180917143891975, 47.71494035157065]}], "rb_4XMM.renamed.noAb_Nup120_715-1036_Nup85_553-744_Nup145c_92-99_554-712_remaining_updated_1.pdb_36": [{"rot": [[0.7347817114752244, 0.6737273191243057, 0.07865962081726567], [-0.6782625634978287, 0.7285038366583687, 0.09613560699028804], [0.007465349214484107, -0.12399056189731918, 0.9922553144838746]], "trans": [-332.50391642001205, 102.48000575740322, 74.75597468987516]}], "rb_4XMM.renamed.noAb_Nup120_715-1036_Nup85_553-744_Nup145c_92-99_554-712_remaining_updated_1.pdb_37": [{"rot": [[0.04289713014822011, 0.9887700957156622, 0.14315562875236948], [-0.9970169770799635, 0.033164503058063566, 0.06969406826439747], [0.06416372526106526, -0.1457182677475658, 0.9872432338614787]], "trans": [-477.71670555549, 449.78321161798897, 84.68177734673935]}], "rb_4XMM.renamed.noAb_Nup120_715-1036_Nup85_553-744_Nup145c_92-99_554-712_remaining_updated_1.pdb_38": [{"rot": [[-0.6712066120448826, 0.7214805934528855, 0.17013946402319954], [-0.7315271180424291, -0.6817921016615522, 0.005254110815401954], [0.11979048174111076, -0.12093503786246046, 0.985405985927342]], "trans": [-335.6227667699709, 798.2737022647109, 71.70167807314147]}], "rb_4XMM.renamed.noAb_Nup120_715-1036_Nup85_553-744_Nup145c_92-99_554-712_remaining_updated_1.pdb_39": [{"rot": [[-0.9891974740645999, 0.028440771543492085, 0.1438036154560263], [-0.03732068921642538, -0.9975343175676018, -0.059434429679676916], [0.14175868037134368, -0.06415923775223924, 0.9878198564264768]], "trans": [10.539180410715403, 943.8009513559805, 43.44360694414132]}], "rb_4XMM.renamed.noAb_Nup120_715-1036_Nup85_553-744_Nup145c_92-99_554-712_remaining_updated_1.pdb_40": [{"rot": [[-0.724791925268627, -0.6843568704765063, 0.0795759944769646], [0.6789263950811281, -0.7290959026170774, -0.08647609409040097], [0.11719904064257285, -0.008650931660251326, 0.9930707659849165]], "trans": [357.9844997839311, 801.1131612350996, 16.48554536709662]}], "rb_4XMM.renamed.noAb_Nup120_715-1036_Nup85_553-744_Nup145c_92-99_554-712_remaining_updated_1.pdb_41": [{"rot": [[-0.032882464259883004, -0.9993454234650424, 0.015082047065004638], [0.9976264937848361, -0.03373186526964672, -0.06002949411749987], [0.06049894579883243, 0.013072332037700925, 0.9980826577455018]], "trans": [503.17673762110775, 453.7989680479002, 6.643910823695023]}], "rb_4XMM.renamed.noAb_Nup120_715-1036_Nup85_553-744_Nup145c_92-99_554-712_remaining_updated_1.pdb_42": [{"rot": [[0.6812005907793097, -0.7320001517428346, -0.011896763021268991], [0.7320805954026749, 0.6812037367636385, 0.004412579077841288], [0.004874110870922835, -0.011715240830661049, 0.9999194948472079]], "trans": [361.06214712593714, 105.32004008874765, 19.70807649769489]}], "rb_4XMM.renamed.noAb_Nup120_2-711_3F7F_updated_1.pdb_42": [{"rot": [[0.9872349430533128, 0.13741873437213756, 0.08051868514873085], [-0.1577691008185186, 0.9130121763712323, 0.3761883525905348], [-0.02181921266766206, -0.38408964740204116, 0.9230379541043464]], "trans": [-94.52955021363493, 33.10029646398175, 266.56904128576946]}], "rb_4XMM.renamed.noAb_Nup120_2-711_3F7F_updated_1.pdb_43": [{"rot": [[0.5882354081475403, 0.7334929701341056, 0.3405395239400897], [-0.8085828226777244, 0.5266197656082299, 0.2624222577093166], [0.013150036958836125, -0.4297204733714455, 0.9028662089664228]], "trans": [-354.1266987011229, 244.05735634356756, 286.2753740387789]}], "rb_4XMM.renamed.noAb_Nup120_2-711_3F7F_updated_1.pdb_44": [{"rot": [[-0.15275775461392088, 0.8827703182400954, 0.44427652834647013], [-0.9855584340707537, -0.1693181458782858, -0.0024369054847270255], [0.07307285020659257, -0.4382327357815916, 0.8958863922686093]], "trans": [-389.05390816795244, 577.3148263512848, 287.479072241]}], "rb_4XMM.renamed.noAb_Nup120_2-711_3F7F_updated_1.pdb_45": [{"rot": [[-0.8016603024818111, 0.49780200335900937, 0.3309590984948522], [-0.585021126487449, -0.7671113168149617, -0.26323090467832433], [0.12284559816340461, -0.4046398312897158, 0.9061873790479004]], "trans": [-178.84841349553773, 837.6458984214647, 269.4989974146136]}], "rb_4XMM.renamed.noAb_Nup120_2-711_3F7F_updated_1.pdb_46": [{"rot": [[-0.978335973389196, -0.1958921075985719, 0.06697018256807494], [0.15838869771385228, -0.9165640787833832, -0.3671829379484774], [0.13331070328042566, -0.34862095700711254, 0.9277347060050738]], "trans": [153.3503559788096, 872.5450766624597, 242.8921358131584]}], "rb_4XMM.renamed.noAb_Nup120_2-711_3F7F_updated_1.pdb_47": [{"rot": [[-0.5792856681915695, -0.7919362233467329, -0.19304179024024115], [0.8091710814375068, -0.5301248965385053, -0.2533964384818615], [0.09833755942212258, -0.3029927593546578, 0.9479056451913068]], "trans": [412.9375904336312, 661.5680471774606, 223.26916702070193]}], "rb_4XMM.renamed.noAb_Nup120_2-711_3F7F_updated_1.pdb_48": [{"rot": [[0.16172131771699488, -0.941159296658169, -0.296758140090168], [0.9860885282665874, 0.1658247081681527, 0.011470857944337165], [0.03841392738201782, -0.2944848798747467, 0.9548837760210618]], "trans": [447.8453410845507, 328.308245410076, 222.14950774091176]}], "rb_4XMM.renamed.noAb_Nup120_2-711_3F7F_updated_1.pdb_49": [{"rot": [[0.8105926437927599, -0.5561443471417077, -0.18342036683908555], [0.5855003033126188, 0.7635876440100048, 0.272255954454772], [-0.011356084267583583, -0.3280813543278117, 0.944581211062624]], "trans": [237.62606874023894, 67.99407899402297, 240.21307506827125]}]}
