{"rb_ScNup133N_56-480_renamed_1.pdb_0": [{"rot": [[-0.664094212019354, -0.45312441728911407, 0.5946907936220232], [0.41713183009753113, -0.8846640058249681, -0.20825617185860984], [0.6204674962331833, 0.10976274073709717, 0.7765128632959039]], "trans": [928.2220954862355, 182.2207115120072, -307.01423641377477]}], "rb_ScNup133N_56-480_renamed_1.pdb_1": [{"rot": [[-0.16446464000119732, -0.9427480009752242, 0.2901337430332652], [0.7987218740762428, -0.2998778054791098, -0.521648032348599], [0.578787309865557, 0.14594351112073953, 0.8023127454430345]], "trans": [464.7340904540845, -404.33596666958897, -267.176258968576]}], "rb_ScNup133N_56-480_renamed_1.pdb_2": [{"rot": [[0.4579368110757669, -0.8768792599550836, -0.14620752553264701], [0.7140225042821535, 0.46077743104064406, -0.527120500855567], [0.5295901627111258, 0.13699241768874215, 0.8371184725326479]], "trans": [-276.5808582751269, -490.14585248705123, -207.6301233959274]}], "rb_ScNup133N_56-480_renamed_1.pdb_3": [{"rot": [[0.8384985953101929, -0.2941050314675389, -0.45871814453791526], [0.2126518058017544, 0.9516991409421864, -0.2214677281663261], [0.5016964372527303, 0.08815313718398637, 0.8605403588748961]], "trans": [-861.448087855786, -24.940188113940224, -163.23479061361138]}], "rb_ScNup133N_56-480_renamed_1.pdb_4": [{"rot": [[0.7542822535763964, 0.46417732432278386, -0.4643249869695256], [-0.41168019686828744, 0.8852984645690847, 0.2162545817736713], [0.5114466711654276, 0.02803640876001344, 0.8588575332018931]], "trans": [-947.2422152323418, 718.7571056552864, -159.97366763851443]}], "rb_ScNup133N_56-480_renamed_1.pdb_5": [{"rot": [[0.2546229063124544, 0.9537553116126976, -0.1597434854745625], [-0.7932310134826244, 0.3004738543902388, 0.5296225279170046], [0.5531290399448613, -0.008140540426542608, 0.8330558185207257]], "trans": [-483.7019175511487, 1305.2777847939537, -199.73316139009586]}], "rb_ScNup133N_56-480_renamed_1.pdb_6": [{"rot": [[-0.3677719556576201, 0.8878272423981499, 0.2765982217720537], [-0.7084827958020636, -0.4601761869245798, 0.5350607489248689], [0.6023254242386393, 0.0008152565527861366, 0.7982502230957985]], "trans": [257.62627622721743, 1391.0298823162339, -259.19759491863044]}], "rb_ScNup133N_56-480_renamed_1.pdb_7": [{"rot": [[-0.7482946464242036, 0.305014709210799, 0.589085010247183], [-0.2070822446937469, -0.9510521400075682, 0.22938345825194073], [0.6302158884584481, 0.049657367550771644, 0.7748303554859297]], "trans": [842.463770799121, 925.77872718418, -303.5078597134035]}], "rb_ScNup133C_490_881_renamed_relative_3CQC_1.pdb_7": [{"rot": [[0.7706778032138644, 0.3292709559331114, -0.5455605935295761], [-0.26077841202941054, 0.9441462105140535, 0.2014511181189314], [0.5814209692235629, -0.012983479920409227, 0.8134992844473099]], "trans": [213.00259554529964, 99.5140906012106, -265.44928814645334]}], "rb_ScNup133C_490_881_renamed_relative_3CQC_1.pdb_8": [{"rot": [[0.3740139189788122, 0.8987906469412377, -0.2286677969917449], [-0.6940529173791763, 0.4347995139737034, 0.5737943277217731], [0.6151456220177144, -0.055899513586243565, 0.7864293408140725]], "trans": [-99.80067970237053, 43.63718455725194, -240.20382439173812]}], "rb_ScNup133C_490_881_renamed_relative_3CQC_1.pdb_9": [{"rot": [[-0.2119851125066024, 0.9426145330496439, 0.2579537829905977], [-0.7189243535731548, -0.3292082990742113, 0.6121843428740086], [0.6619743846365811, -0.05567528988933823, 0.7474558021587319]], "trans": [-360.4536276546241, 226.03320656313713, -220.27437494791258]}], "rb_ScNup133C_490_881_renamed_relative_3CQC_1.pdb_10": [{"rot": [[-0.6440327960118795, 0.4350699638592318, 0.6292343634995174], [-0.32082268260166313, -0.9003106792360581, 0.2941317514002449], [0.694474307652478, -0.01244216223289446, 0.719409916952482]], "trans": [-416.260162855201, 539.8521119390878, -217.31188740322028]}], "rb_ScNup133C_490_881_renamed_relative_3CQC_1.pdb_11": [{"rot": [[-0.6690295066672903, -0.32651629561982976, 0.6676725454167044], [0.26703852344663814, -0.9439477996694671, -0.19404375407264748], [0.6936064779137782, 0.048473293614842955, 0.7187213601961249]], "trans": [-234.52611677219338, 801.2544778644856, -233.02782383122974]}], "rb_ScNup133C_490_881_renamed_relative_3CQC_1.pdb_12": [{"rot": [[-0.2723318189172754, -0.8959962762184475, 0.35075069979670526], [0.7002818812256486, -0.43455641994114924, -0.5663620791640209], [0.6598792823178111, 0.09138594471034195, 0.7457934981461849]], "trans": [78.28805728818696, 857.1072294020524, -258.19156217652284]}], "rb_ScNup133C_490_881_renamed_relative_3CQC_1.pdb_13": [{"rot": [[0.31366916831680947, -0.9397605756342255, -0.1358738875982612], [0.7251073230170799, 0.3294548072855926, -0.6047138993469654], [0.6130505875981525, 0.09115695497347892, 0.7847670906743719]], "trans": [338.933318820779, 674.6911539724643, -278.03782480652967]}], "rb_ScNup133C_490_881_renamed_relative_3CQC_1.pdb_14": [{"rot": [[0.745685814099317, -0.43217145019277864, -0.5071296720655413], [0.32697175498078185, 0.9005173325430291, -0.28663217759764725], [0.5805533034061733, 0.04792046982086337, 0.8128108577500188]], "trans": [394.7219118608665, 360.86827742421764, -280.91638633910236]}], "rb_ScNup84_506-726_ScNup133C_882_1155_renamed_relative_3CQC_new_1.pdb_14": [{"rot": [[0.9852464873535949, 0.16878037525627074, 0.02832920905624279], [-0.17061564902127943, 0.9557056533505195, 0.23982703030080157], [0.013403710920766353, -0.24112214556569964, 0.970402211173977]], "trans": [-52.35550573380567, 45.859825257903424, 74.30495340450415]}], "rb_ScNup84_506-726_ScNup133C_882_1155_renamed_relative_3CQC_new_1.pdb_15": [{"rot": [[0.5784653474321217, 0.7886513411068814, 0.20834323600863447], [-0.814236412802289, 0.5429405697824872, 0.20551058792949375], [0.04895820551340378, -0.2885214027669058, 0.9562209442688032]], "trans": [-319.03328253021414, 212.28262609217222, 94.79233627681194]}], "rb_ScNup84_506-726_ScNup133C_882_1155_renamed_relative_3CQC_new_1.pdb_16": [{"rot": [[-0.1629619914354607, 0.9361717697515518, 0.3114896577217824], [-0.980607980780143, -0.1885183908568207, 0.0535612204775294], [0.10886403160675419, -0.29672080113972343, 0.9487388411956796]], "trans": [-390.3609977759862, 519.0850876949347, 99.02609629099248]}], "rb_ScNup84_506-726_ScNup133C_882_1155_renamed_relative_3CQC_new_1.pdb_17": [{"rot": [[-0.8046969400150442, 0.5249221140521904, 0.2773438459915783], [-0.5722675425943063, -0.8101722558535522, -0.1270069901156496], [0.15802751160318498, -0.2609170175058389, 0.9523390234324958]], "trans": [-224.55195682009986, 786.5381189397635, 84.55004203590909]}], "rb_ScNup84_506-726_ScNup133C_882_1155_renamed_relative_3CQC_new_1.pdb_18": [{"rot": [[-0.9708021169659339, -0.20418177906237156, 0.12590889878552122], [0.17157331546577925, -0.9578474257731258, -0.23041464007278956], [0.167647985715719, -0.20208441315133108, 0.9649124534623547]], "trans": [81.26247957727276, 857.9640798308768, 59.86845510774128]}], "rb_ScNup84_506-726_ScNup133C_882_1155_renamed_relative_3CQC_new_1.pdb_19": [{"rot": [[-0.5639707675473038, -0.8240205686407307, -0.054102456590324956], [0.8151621305924173, -0.5450337038567594, -0.1960840700011337], [0.13208964456054895, -0.15468795724679196, 0.9790934386884016]], "trans": [347.93381593026146, 691.520752167391, 39.464162040571864]}], "rb_ScNup84_506-726_ScNup133C_882_1155_renamed_relative_3CQC_new_1.pdb_20": [{"rot": [[0.17746956742938536, -0.9714839520209514, -0.15723702999667888], [0.9814755002821297, 0.1864368109234602, -0.04412661190969597], [0.0721830657589836, -0.14649316195112883, 0.9865745580133265]], "trans": [419.24413667670706, 384.7131009406763, 35.31429031486766]}], "rb_ScNup84_506-726_ScNup133C_882_1155_renamed_relative_3CQC_new_1.pdb_21": [{"rot": [[0.8191726854260667, -0.5601857999851948, -0.12307713413461333], [0.5730847075521709, 0.8080583772750224, 0.13643891265140035], [0.023022367855741133, -0.1823006538951547, 0.982973266252806]], "trans": [253.42076378708248, 117.27349102240328, 49.87389820192391]}], "rb_4XMM.renamed.noAb_Nup145c_149-550_Sec13_Nup84_7-436_3IKO_updated_1.pdb_21": [{"rot": [[0.9979549137116461, -0.0333600929288269, -0.05452608915519348], [0.033781669689824864, 0.9994059115024947, 0.006828092474093571], [0.05426591003335006, -0.00865611076911788, 0.998488999816525]], "trans": [30.580613946548624, -20.052619266331476, -24.12547859241465]}], "rb_4XMM.renamed.noAb_Nup145c_149-550_Sec13_Nup84_7-436_3IKO_updated_1.pdb_22": [{"rot": [[0.7323806833165966, 0.6807493234083504, -0.01410295656192597], [-0.6763099138640549, 0.7296921647440205, 0.10076827437432365], [0.07888875150431052, -0.0642627683052768, 0.9948099625033079]], "trans": [-308.6498458787187, 101.55605529167266, 2.362844252021489]}], "rb_4XMM.renamed.noAb_Nup145c_149-550_Sec13_Nup84_7-436_3IKO_updated_1.pdb_23": [{"rot": [[0.043983508529072624, 0.9957668083024421, 0.08070882517196737], [-0.9898301740088141, 0.03249618433642498, 0.1384926879847902], [0.13528369302747603, -0.08597942478720866, 0.9870693293351319]], "trans": [-462.8880690450718, 428.1486162344125, 13.108796954170657]}], "rb_4XMM.renamed.noAb_Nup145c_149-550_Sec13_Nup84_7-436_3IKO_updated_1.pdb_24": [{"rot": [[-0.6639638392602296, 0.7271506773559526, 0.17436717746064934], [-0.7231145217159849, -0.6837547939341985, 0.09790183989824996], [0.19041378268990072, -0.061084156642941374, 0.9798016723648425]], "trans": [-341.7772163234508, 768.402653201701, 1.8412538043673408]}], "rb_4XMM.renamed.noAb_Nup145c_149-550_Sec13_Nup84_7-436_3IKO_updated_1.pdb_25": [{"rot": [[-0.9767358216587327, 0.03226004756478204, 0.2120057169506428], [-0.0324087467894041, -0.999470847858125, 0.002774421254756321], [0.21198303663307205, -0.0041609629746675965, 0.9772644875195982]], "trans": [-16.26381956194109, 922.9926705513589, -24.815094646688692]}], "rb_4XMM.renamed.noAb_Nup145c_149-550_Sec13_Nup84_7-436_3IKO_updated_1.pdb_26": [{"rot": [[-0.7111062012924427, -0.681828352181522, 0.1715752565053028], [0.6776619688675107, -0.729701061450359, -0.09116258480772932], [0.18735588177059959, 0.0514437467497072, 0.9809440934560498]], "trans": [322.96369701693476, 801.3577731958915, -51.22057872066932]}], "rb_4XMM.renamed.noAb_Nup145c_149-550_Sec13_Nup84_7-436_3IKO_updated_1.pdb_27": [{"rot": [[-0.022684555149578622, -0.9967914686651382, 0.07676052992300175], [0.9911281880258485, -0.03248037934255715, -0.1288795556260174], [0.13095925266380326, 0.07315594954723716, 0.9886849251341794]], "trans": [477.18298443255105, 474.75351585336375, -61.88248862852436]}], "rb_4XMM.renamed.noAb_Nup145c_149-550_Sec13_Nup84_7-436_3IKO_updated_1.pdb_28": [{"rot": [[0.685242009714158, -0.7281194672700221, -0.01689465907670355], [0.7243569796289645, 0.6837494920749114, -0.08828135788546625], [0.07583108983591479, 0.04825633087706975, 0.9959522942112125]], "trans": [356.05212296415164, 134.5093943902367, -50.53092231211616]}], "rb_4XMM.renamed.noAb_Seh1_Nup85_47_544_3F3F_1.pdb_28": [{"rot": [[0.6678920169783092, -0.7139322263761201, 0.21028796874354183], [0.20625076062900016, 0.44902725902880014, 0.8693877986198357], [-0.715108996864539, -0.5372851168520507, 0.4471507864386167]], "trans": [473.4707384732615, -53.47261156425225, 788.9249555739243]}], "rb_4XMM.renamed.noAb_Seh1_Nup85_47_544_3F3F_1.pdb_29": [{"rot": [[0.6047643649833062, -0.20019858510033323, 0.7708311030116555], [-0.3660559692054331, 0.7897136002603623, 0.49229610700562143], [-0.7072927896249275, -0.5798904690436323, 0.40430675687767914]], "trans": [-2.1539680127930296, -187.37717805977584, 827.5279370079049]}], "rb_4XMM.renamed.noAb_Seh1_Nup85_47_544_3F3F_1.pdb_30": [{"rot": [[0.15669472079906055, 0.40334685686633615, 0.9015309631564262], [-0.7257936692309559, 0.6660979011816459, -0.17186371270769757], [-0.6698285707387913, -0.6273953291963972, 0.39712061986828917]], "trans": [-432.9824979214682, 55.36554620877075, 860.7278188647108]}], "rb_4XMM.renamed.noAb_Seh1_Nup85_47_544_3F3F_1.pdb_31": [{"rot": [[-0.41383140022931364, 0.7431386696290815, 0.5258217282370197], [-0.6622229224710466, 0.15059598129432034, -0.7340174734786009], [-0.6246634078751159, -0.6519706804143275, 0.42980211579507954]], "trans": [-566.6275104107265, 532.5535674876401, 869.0996471354779]}], "rb_4XMM.renamed.noAb_Seh1_Nup85_47_544_3F3F_1.pdb_32": [{"rot": [[-0.7725917519850878, 0.6201220182069267, -0.13620083443056372], [-0.21258436872518946, -0.4548038661545485, -0.8648475758794664], [-0.5982556902682384, -0.6392199354415072, 0.48320596353504364]], "trans": [-324.79595943042074, 964.6435313557492, 847.7630916775981]}], "rb_4XMM.renamed.noAb_Seh1_Nup85_47_544_3F3F_1.pdb_33": [{"rot": [[-0.7094194618887705, 0.10636179153775546, -0.6967145731175196], [0.3597173873186842, -0.7954498743915647, -0.48771190121942376], [-0.606075431241086, -0.5966126604685189, 0.5260474360878575]], "trans": [150.84573596958074, 1098.5111613058498, 809.2414124249162]}], "rb_4XMM.renamed.noAb_Seh1_Nup85_47_544_3F3F_1.pdb_34": [{"rot": [[-0.26132174820807447, -0.49717402557643614, -0.8273626364573142], [0.7194199075153136, -0.6717868086827677, 0.17645815467266154], [-0.6435417162734164, -0.549108797937116, 0.5332293947673197]], "trans": [581.6618774153162, 855.7350289747694, 776.1251571405171]}], "rb_4XMM.renamed.noAb_Seh1_Nup85_47_544_3F3F_1.pdb_35": [{"rot": [[0.30919943020508606, -0.8369256416151329, -0.45160954680780263], [0.6558043837279781, -0.1562582365695975, 0.7385824082574179], [-0.6887062673186718, -0.5245367803226562, 0.5005445469133837]], "trans": [715.2762080795426, 378.53693262070067, 767.838300010388]}], "rb_4XMM.renamed.noAb_Nup120_715-1036_Nup85_553-744_Nup145c_92-99_554-712_remaining_updated_1.pdb_35": [{"rot": [[0.9981855137000062, -0.03548122853295201, 0.048649385003795204], [0.03335570859544453, 0.9984821159898127, 0.04382762545019208], [-0.050130598874847374, -0.042125366114717254, 0.9978538853891139]], "trans": [4.397127735007302, -30.926974493523858, 50.38226446102641]}], "rb_4XMM.renamed.noAb_Nup120_715-1036_Nup85_553-744_Nup145c_92-99_554-712_remaining_updated_1.pdb_36": [{"rot": [[0.7301800509511028, 0.6779326407433706, 0.08511420450057336], [-0.6827867790188649, 0.7286060484158986, 0.05417970661431635], [-0.025284532625480895, -0.09767579447585675, 0.9948970457205216]], "trans": [-333.40578256125934, 116.61155855744562, 76.63064176278039]}], "rb_4XMM.renamed.noAb_Nup120_715-1036_Nup85_553-744_Nup145c_92-99_554-712_remaining_updated_1.pdb_37": [{"rot": [[0.035797861621627236, 0.9923437002006723, 0.11820530349927905], [-0.9988593301046966, 0.031788726197335304, 0.035630261710340186], [0.03159986971674581, -0.11934595744636135, 0.9923497320375996]], "trans": [-468.3564176574292, 460.5192122602333, 85.75500816371408]}], "rb_4XMM.renamed.noAb_Nup120_715-1036_Nup85_553-744_Nup145c_92-99_554-712_remaining_updated_1.pdb_38": [{"rot": [[-0.6781821769903432, 0.7235655180129281, 0.1285374496219746], [-0.7297021876130003, -0.6837644381859986, -0.0009541828898139218], [0.0871989231896833, -0.09444116800881167, 0.991704196612927]], "trans": [-321.39687937094834, 799.3301507730081, 72.43418607378078]}], "rb_4XMM.renamed.noAb_Nup120_715-1036_Nup85_553-744_Nup145c_92-99_554-712_remaining_updated_1.pdb_39": [{"rot": [[-0.9935004911473724, 0.029052143078086873, 0.11005792598672469], [-0.032991400731120654, -0.9988723117387288, -0.03414194369870691], [0.10894191832223084, -0.03755100297325532, 0.9933386032003257]], "trans": [21.38377597973738, 934.5642658759328, 44.49570579804151]}], "rb_4XMM.renamed.noAb_Nup120_715-1036_Nup85_553-744_Nup145c_92-99_554-712_remaining_updated_1.pdb_40": [{"rot": [[-0.7254391664280433, -0.6843406969284344, 0.0735922981003419], [0.6831300279634419, -0.728940259112649, -0.04449116248706186], [0.08409150198951071, 0.01799747683115175, 0.9962954933757651]], "trans": [359.1817206222193, 786.9996229358711, 18.330327915782732]}], "rb_4XMM.renamed.noAb_Nup120_715-1036_Nup85_553-744_Nup145c_92-99_554-712_remaining_updated_1.pdb_41": [{"rot": [[-0.031032306517617292, -0.9986974174917718, 0.04050264494402253], [0.9991480682292684, -0.032098282778058984, -0.025939120964675537], [0.027205398470100704, 0.03966318870142271, 0.9988426791823213]], "trans": [494.11206897317606, 443.081787243756, 9.290104623446155]}], "rb_4XMM.renamed.noAb_Nup120_715-1036_Nup85_553-744_Nup145c_92-99_554-712_remaining_updated_1.pdb_42": [{"rot": [[0.6829267589116534, -0.7298634192761623, 0.030173351900847866], [0.7299348962242699, 0.6834337620563724, 0.010646133360852714], [-0.02839171070026925, 0.014754053137415398, 0.9994879832591934]], "trans": [347.1326337899692, 104.28279298469113, 22.69493109401799]}], "rb_4XMM.renamed.noAb_Nup120_2-711_3F7F_updated_1.pdb_42": [{"rot": [[0.9888981483636445, 0.11610909329774755, 0.09273149743495819], [-0.1411671758528696, 0.9289160857816192, 0.3423254796796168], [-0.046392678567632836, -0.35161567659837023, 0.9349941900063283]], "trans": [-86.63758684284221, 25.286736635865736, 258.7296743923745]}], "rb_4XMM.renamed.noAb_Nup120_2-711_3F7F_updated_1.pdb_43": [{"rot": [[0.6006329162190056, 0.730239740020082, 0.3255610880459384], [-0.799431181861439, 0.554754156092232, 0.2305593454319677], [-0.012242770187953056, -0.39874521739300856, 0.9169800249647353]], "trans": [-354.1952095771104, 232.51887772957863, 279.0886297232263]}], "rb_4XMM.renamed.noAb_Nup120_2-711_3F7F_updated_1.pdb_44": [{"rot": [[-0.13801881900062363, 0.9009107709686314, 0.41147367881114616], [-0.989287230417656, -0.14534741548526298, -0.013597961035277911], [0.04755608619551968, -0.4089424306237487, 0.911320200095062]], "trans": [-397.379061199776, 568.790303638428, 280.9357691120409]}], "rb_4XMM.renamed.noAb_Nup120_2-711_3F7F_updated_1.pdb_45": [{"rot": [[-0.7943444558141174, 0.5281406897521991, 0.30014046269279304], [-0.5995149713070039, -0.7612592568886097, -0.24711564697558636], [0.09797287734947209, -0.3762336449993166, 0.9213303206094936]], "trans": [-190.8895191987103, 837.1085884330843, 263.2130171613719]}], "rb_4XMM.renamed.noAb_Nup120_2-711_3F7F_updated_1.pdb_46": [{"rot": [[-0.9838591819846519, -0.16969653399448342, 0.05678200749135746], [0.1415515102946434, -0.9321715270667639, -0.33319575936575313], [0.10947273613916347, -0.31978012833238173, 0.9411463167679766]], "trans": [144.31084455858365, 880.2892143882011, 236.32661675591015]}], "rb_4XMM.renamed.noAb_Nup120_2-711_3F7F_updated_1.pdb_47": [{"rot": [[-0.5955425987638899, -0.7837980150957546, -0.1760388723819411], [0.7997850204276504, -0.557961408286354, -0.22141135463803407], [0.07531888313758384, -0.2726531466810197, 0.9591596986153261]], "trans": [411.85884399721846, 673.0364787676251, 216.05100525260735]}], "rb_4XMM.renamed.noAb_Nup120_2-711_3F7F_updated_1.pdb_48": [{"rot": [[0.1431239641336231, -0.9544144470916069, -0.26193242272291833], [0.9895830877636094, 0.14215353550838145, 0.022752686757966434], [0.015519127002385724, -0.2624603503870395, 0.9648179730766806]], "trans": [455.02300195851365, 336.762073156641, 214.28792665740718]}], "rb_4XMM.renamed.noAb_Nup120_2-711_3F7F_updated_1.pdb_49": [{"rot": [[0.7994192189639873, -0.5815963184271784, -0.15058099064276992], [0.5997593283043654, 0.7580360986217789, 0.25626162665948754], [-0.03489499194587019, -0.29517282323788246, 0.954806443190908]], "trans": [248.51905943337871, 68.46040262646272, 232.09422217197258]}]}
