{"rb_ScNup133N_56-480_renamed_1.pdb_0": [{"rot": [[0.6926849971047923, 0.14444655684528945, 0.7066276862687122], [0.41496714682746655, 0.7215174938484238, -0.5542695852422003], [-0.5899065704328141, 0.6771615008889899, 0.4398437675743114]], "trans": [-42.7801440266345, -35.31006386827357, 413.1986488363061]}], "rb_ScNup133N_56-480_renamed_1.pdb_1": [{"rot": [[0.7719591699584651, 0.624453411358301, 0.11889902001285382], [-0.22873429065473347, 0.4473881087396481, -0.8645949944552281], [-0.593093301425427, 0.6402357512677189, 0.488199261165916]], "trans": [-362.7692427107521, 167.65902809852636, 437.75745920506216]}], "rb_ScNup133N_56-480_renamed_1.pdb_2": [{"rot": [[0.37429411633955617, 0.7707620770389311, -0.5155867871389087], [-0.7399486023198149, -0.086867130039746, -0.6670308595886766], [-0.5589096352708028, 0.6311734486789581, 0.5378104659488949]], "trans": [-446.0463492913637, 538.1097721852524, 442.6339807503782]}], "rb_ScNup133N_56-480_renamed_1.pdb_3": [{"rot": [[-0.2673523682647215, 0.4976628745792804, -0.8251390031071918], [-0.8191992362725788, -0.5682739706139217, -0.07731303650167343], [-0.5073808455920131, 0.65528341775767, 0.559614438643392]], "trans": [-243.82464718708104, 859.0270159455882, 424.99548329324085]}], "rb_ScNup133N_56-480_renamed_1.pdb_4": [{"rot": [[-0.7770947259577492, -0.03485883252103236, -0.6284175750915303], [-0.4200600537095577, -0.7148174979380757, 0.5590934590201092], [-0.4686932239388276, 0.6984416986669809, 0.5408381046089561]], "trans": [125.43345252267125, 942.4130298467718, 395.1988522480417]}], "rb_ScNup133N_56-480_renamed_1.pdb_5": [{"rot": [[-0.8563186962357079, -0.5148443196865744, -0.04066468939563406], [0.22364758436135662, -0.44065044744198295, 0.8693727285684245], [-0.4655105245711474, 0.7353655619184558, 0.49248090506926917]], "trans": [445.41326182797826, 739.4192279978728, 370.72337911474284]}], "rb_ScNup133N_56-480_renamed_1.pdb_6": [{"rot": [[-0.4586137602517886, -0.6611113207404022, 0.5938057262241528], [0.734830667280526, 0.09361625693833314, 0.671758801104169], [-0.4996972176546207, 0.7444244877929088, 0.4428711693511936]], "trans": [528.668010061744, 368.96235852976224, 365.9311460601883]}], "rb_ScNup133N_56-480_renamed_1.pdb_7": [{"rot": [[0.18303892285503098, -0.38797456410046827, 0.903311956264899], [0.8140309373924316, 0.5750016466163516, 0.08201670169228065], [-0.5512262563485761, 0.7203116297822305, 0.42107098013565103]], "trans": [326.4278051559422, 48.06139581389823, 383.6535156794089]}], "rb_ScNup133C_490_881_renamed_relative_3CQC_1.pdb_7": [{"rot": [[0.7660244895194028, 0.367426642857378, -0.5274506077113706], [-0.27660474415509917, 0.9290963004924153, 0.24549924627623387], [0.5802553722004041, -0.04216309440569503, 0.8133424718424005]], "trans": [200.31110213044713, 97.01654304336537, -257.93473335611236]}], "rb_ScNup133C_490_881_renamed_relative_3CQC_1.pdb_8": [{"rot": [[0.3595345464099037, 0.9146539337361029, -0.1847784929013566], [-0.7020313641766661, 0.3955862534520366, 0.5921684555867779], [0.6147250390622406, -0.08318471963559765, 0.7843426730511817]], "trans": [-110.41040249280223, 51.24850740155216, -232.9043840385322]}], "rb_ScNup133C_490_881_renamed_relative_3CQC_1.pdb_9": [{"rot": [[-0.22788318502327287, 0.9256763393868898, 0.30198107338529556], [-0.7143855981632347, -0.36968746570623157, 0.5941248983476959], [0.661605978752161, -0.0803398556072289, 0.7455354025667752]], "trans": [-362.4650994269807, 239.31296285954056, -213.68784804694792]}], "rb_ScNup133C_490_881_renamed_relative_3CQC_1.pdb_10": [{"rot": [[-0.6521111151165587, 0.3940367791635885, 0.6476774739079801], [-0.3064301616507743, -0.9184167219400352, 0.2502224628037999], [0.6934346757785604, -0.03529506378098994, 0.7196545066214601]], "trans": [-408.1938798975563, 551.0392164963985, -211.5184382172003]}], "rb_ScNup133C_490_881_renamed_relative_3CQC_1.pdb_11": [{"rot": [[-0.6646305408074926, -0.368822796437192, 0.6497968829212613], [0.28284889848006095, -0.9291481798650993, -0.23807595527895492], [0.6915654306387458, 0.02556178165974371, 0.7218613789806347]], "trans": [-220.80626618979744, 803.8137503866575, -227.6430205150474]}], "rb_ScNup133C_490_881_renamed_relative_3CQC_1.pdb_12": [{"rot": [[-0.25810740600242404, -0.9160084917084985, 0.3070977207414921], [0.7082435999698802, -0.39559520011536564, -0.5847182575799958], [0.6570932734919772, 0.0665798825742695, 0.7508632026993947]], "trans": [89.92534876020142, 849.5577952516555, -252.5915823726139]}], "rb_ScNup133C_490_881_renamed_relative_3CQC_1.pdb_13": [{"rot": [[0.32931130495363786, -0.9269712110420966, -0.179662011368232], [0.7205517286206561, 0.3696793586747585, -0.5866364957549106], [0.6102124800522472, 0.06373025709163543, 0.7896703005175754]], "trans": [341.9719169382238, 661.4739614136239, -271.7248995778281]}], "rb_ScNup133C_490_881_renamed_relative_3CQC_1.pdb_14": [{"rot": [[0.7535074285788071, -0.3952888388780218, -0.5253315990258122], [0.31256300912415047, 0.9183668695947388, -0.24270693883367622], [0.5783864801357373, 0.018682255999287745, 0.8155489273532074]], "trans": [387.68291818823684, 349.7445275121182, -273.8104002309166]}], "rb_ScNup84_506-726_ScNup133C_882_1155_renamed_relative_3CQC_new_1.pdb_14": [{"rot": [[0.9874817464652799, 0.15091905652867244, 0.0458610812604599], [-0.15634524674199413, 0.9749946050211091, 0.1579293639603426], [-0.020879756202314845, -0.16312252620723097, 0.9863848524915138]], "trans": [-52.043348666770726, 54.913596295952686, 65.0384281750932]}], "rb_ScNup84_506-726_ScNup133C_882_1155_renamed_relative_3CQC_new_1.pdb_15": [{"rot": [[0.5894327519652698, 0.7911291886036852, 0.16335127134468486], [-0.8076958419346433, 0.5736605084038664, 0.13616551699790472], [0.014016341610343777, -0.21219855804668816, 0.9771260482306108]], "trans": [-312.6123565296489, 217.93080518828728, 85.05547415060795]}], "rb_ScNup84_506-726_ScNup133C_882_1155_renamed_relative_3CQC_new_1.pdb_16": [{"rot": [[-0.1512664690404697, 0.9610944860746078, 0.23111867986170154], [-0.9857251964212754, -0.16414649408841153, 0.037440160506102965], [0.07392085283780407, -0.2221560652232348, 0.9722049116314231]], "trans": [-382.0195139365934, 517.9928424527691, 89.16894916013632]}], "rb_ScNup84_506-726_ScNup133C_882_1155_renamed_relative_3CQC_new_1.pdb_17": [{"rot": [[-0.8007038690277614, 0.5612468811722794, 0.20946420338178154], [-0.5861412041297228, -0.806208657317014, -0.08041199965463866], [0.12374087014941157, -0.18716179963199867, 0.9745043139017803]], "trans": [-219.60321609843243, 779.3192525803184, 74.99312644428585]}], "rb_ScNup84_506-726_ScNup133C_882_1155_renamed_relative_3CQC_new_1.pdb_18": [{"rot": [[-0.9784298620167093, -0.17417726130028668, 0.11107333955498033], [0.15697419812133104, -0.9763969129861234, -0.1483515063466995], [0.1342911249417824, -0.12771589547547071, 0.9826772327701352]], "trans": [79.49269298070317, 848.8214566110139, 50.856407730288424]}], "rb_ScNup84_506-726_ScNup133C_882_1155_renamed_relative_3CQC_new_1.pdb_19": [{"rot": [[-0.5803300553778871, -0.8143561092022525, -0.0064151562777819485], [0.8082935297660475, -0.575012581270371, -0.12657843860282592], [0.09939112919895327, -0.07864260159579362, 0.9919358571252493]], "trans": [340.0555258492015, 685.7842002377763, 30.922428069724162]}], "rb_ScNup84_506-726_ScNup133C_882_1155_renamed_relative_3CQC_new_1.pdb_20": [{"rot": [[0.16038307095240922, -0.9842638669108912, -0.07417486666988196], [0.9862647427243756, 0.16280773679207772, -0.027847766507634365], [0.03948579251701338, -0.06868974548112591, 0.9968563542732938]], "trans": [409.44581441601724, 385.71712386454317, 26.892798718051324]}], "rb_ScNup84_506-726_ScNup133C_882_1155_renamed_relative_3CQC_new_1.pdb_21": [{"rot": [[0.8097893235148116, -0.5843661742610984, -0.052511197861711004], [0.5866297910512237, 0.8048384956137565, 0.09000269012303551], [-0.01033149421050961, -0.10368785057871112, 0.9945562276059335]], "trans": [247.01566257490407, 124.40386857171052, 41.15213826844041]}], "rb_4XMM.renamed.noAb_Nup145c_149-550_Sec13_Nup84_7-436_3IKO_updated_1.pdb_21": [{"rot": [[0.9981964970438085, -0.006857335219552883, 0.05963832864154001], [0.00709014393215653, 0.9999680455178842, -0.0036929395017353036], [-0.059611099205525105, 0.00410912360836866, 0.9982132196853936]], "trans": [-15.788364342282875, -3.034715388971051, 29.89236244720587]}], "rb_4XMM.renamed.noAb_Nup145c_149-550_Sec13_Nup84_7-436_3IKO_updated_1.pdb_22": [{"rot": [[0.7114834662606923, 0.7001868967729835, 0.059410325913006226], [-0.7019129649610324, 0.7121467293080909, 0.012854009312308654], [-0.03330866039459868, -0.05084629311176804, 0.9981508841951247]], "trans": [-328.45743746503183, 149.37997580498467, 54.11369248465576]}], "rb_4XMM.renamed.noAb_Nup145c_149-550_Sec13_Nup84_7-436_3IKO_updated_1.pdb_23": [{"rot": [[0.008900674975566736, 0.9974428010529554, 0.07091288044222407], [-0.9996689580734396, 0.007163687225891169, 0.02471145179249353], [0.02414026199821472, -0.07110935390624393, 0.9971763673180856]], "trans": [-442.1920710004862, 478.90538285237466, 61.61698861227234]}], "rb_4XMM.renamed.noAb_Nup145c_149-550_Sec13_Nup84_7-436_3IKO_updated_1.pdb_24": [{"rot": [[-0.6979689712593846, 0.710773677584905, 0.0874076335999589], [-0.711748176280314, -0.7019920744160691, 0.024933130943988017], [0.07908127920539926, -0.04480967205249781, 0.9958605547815338]], "trans": [-290.36299962598, 792.5009927917777, 48.030719063209176]}], "rb_4XMM.renamed.noAb_Nup145c_149-550_Sec13_Nup84_7-436_3IKO_updated_1.pdb_25": [{"rot": [[-0.9950312668177147, 0.008114340931057456, 0.09923172641039006], [-0.006818673239092145, -0.99988711135169, 0.01338918399417064], [0.09932916867864357, 0.012646027994031653, 0.9949742681223379]], "trans": [38.08807919665787, 906.4581924177706, 21.337917006894656]}], "rb_4XMM.renamed.noAb_Nup145c_149-550_Sec13_Nup84_7-436_3IKO_updated_1.pdb_26": [{"rot": [[-0.7082629303829876, -0.6989074620001167, 0.09945843858545844], [0.7021619086626852, -0.712010310624065, -0.0031577821641035897], [0.07302243126927968, 0.06759938702071687, 0.9950367065620973]], "trans": [350.7518056721793, 754.0193641881119, -2.8003928423870548]}], "rb_4XMM.renamed.noAb_Nup145c_149-550_Sec13_Nup84_7-436_3IKO_updated_1.pdb_27": [{"rot": [[-0.005656896872209161, -0.9961083900441142, 0.0879549589363672], [0.9998627479207524, -0.0070039611623261555, -0.015014321443094822], [0.015571924676710334, 0.08785795246736336, 0.9960112927824178]], "trans": [464.46727361194354, 424.4854398623929, -10.219643323570722]}], "rb_4XMM.renamed.noAb_Nup145c_149-550_Sec13_Nup84_7-436_3IKO_updated_1.pdb_28": [{"rot": [[0.7011903125389332, -0.7093839490196764, 0.07146018804061713], [0.7118864953159002, 0.7021292769293115, -0.015234705955966137], [-0.039367034284994336, 0.06155397104955283, 0.9973271004337707]], "trans": [312.6202718480034, 110.9021555341327, 3.450472007839153]}], "rb_4XMM.renamed.noAb_Seh1_Nup85_47_544_3F3F_1.pdb_28": [{"rot": [[0.6961000505395327, -0.6884216311486376, 0.20376549611136152], [0.3058675639197861, 0.5411381132600295, 0.7833355447821523], [-0.6495304095888319, -0.4829546564057797, 0.5872521152582932]], "trans": [446.95199556826407, -122.2046398421121, 688.7258491407912]}], "rb_4XMM.renamed.noAb_Seh1_Nup85_47_544_3F3F_1.pdb_29": [{"rot": [[0.6962874640986645, -0.11610179411851042, 0.708310765654112], [-0.3117196767685348, 0.8399956119975995, 0.44411509199766974], [-0.6465404940561509, -0.5300261740963756, 0.5486872007969452]], "trans": [-71.39042504112194, -223.05951437816512, 730.5728945424718]}], "rb_4XMM.renamed.noAb_Seh1_Nup85_47_544_3F3F_1.pdb_30": [{"rot": [[0.261086828116351, 0.49940067133118854, 0.8260948115429009], [-0.748375381579794, 0.6452560619626229, -0.15355423389078277], [-0.6097277723947306, -0.5781380319391258, 0.5422070265093524]], "trans": [-509.1395149662795, 73.34539990337097, 764.0632959909835]}], "rb_4XMM.renamed.noAb_Seh1_Nup85_47_544_3F3F_1.pdb_31": [{"rot": [[-0.35455518852000056, 0.7975157423552628, 0.48811807894102865], [-0.748300481790118, 0.07100063739324508, -0.6595493146402546], [-0.560657656013207, -0.5991056252325514, 0.5716077698636447]], "trans": [-609.8537717276193, 593.3720417022599, 769.6019090043146]}], "rb_4XMM.renamed.noAb_Seh1_Nup85_47_544_3F3F_1.pdb_32": [{"rot": [[-0.7899868119123811, 0.6036034069253083, -0.10762789672139808], [-0.3115388547523862, -0.5463637369963064, -0.7774510974170669], [-0.5280761109765172, -0.5806458421822985, 0.6196660608523961]], "trans": [-314.5314503040649, 1032.381588672243, 743.9681408859983]}], "rb_4XMM.renamed.noAb_Seh1_Nup85_47_544_3F3F_1.pdb_33": [{"rot": [[-0.7901260574916442, 0.0312602453001222, -0.6121467228830728], [0.30604838007575663, -0.8451763058509529, -0.4381910554554258], [-0.531069865766939, -0.533572683982146, 0.6582286749924928]], "trans": [203.82538270899744, 1133.1961749588709, 702.2026193370616]}], "rb_4XMM.renamed.noAb_Seh1_Nup85_47_544_3F3F_1.pdb_34": [{"rot": [[-0.35489135323409543, -0.5842270484016826, -0.7298841574630381], [0.7426699125519737, -0.6503884530784226, 0.1594874950969474], [-0.5678851366163009, -0.4854622704372741, 0.6647050891878072]], "trans": [641.5578990404342, 836.7573112249507, 668.7961806759117]}], "rb_4XMM.renamed.noAb_Seh1_Nup85_47_544_3F3F_1.pdb_35": [{"rot": [[0.26075067429686355, -0.8822973391587481, -0.39186795118652246], [0.7425466925880893, -0.07610964934158726, 0.6654560320589101], [-0.6169550187657278, -0.4644983601590994, 0.6353013286852837]], "trans": [742.2381319340734, 316.7231804289703, 663.3427926022222]}], "rb_4XMM.renamed.noAb_Nup120_715-1036_Nup85_553-744_Nup145c_92-99_554-712_remaining_updated_1.pdb_35": [{"rot": [[0.99313633737234, -0.08857651226155103, 0.07638335464112603], [0.0854490795616058, 0.9954016513095408, 0.04328980679458781], [-0.07986657744468015, -0.03646579281762127, 0.9961383316394637]], "trans": [26.298609792676302, -57.768577049419946, 64.13111894378594]}], "rb_4XMM.renamed.noAb_Nup120_715-1036_Nup85_553-744_Nup145c_92-99_554-712_remaining_updated_1.pdb_36": [{"rot": [[0.7627379137156157, 0.6382313515392545, 0.10436290956621196], [-0.6441058544647594, 0.764173478148548, 0.034154700094888815], [-0.05795276718993579, -0.09327184573453147, 0.9939526344692194]], "trans": [-336.5301521428589, 82.98841402650835, 92.40720698618884]}], "rb_4XMM.renamed.noAb_Nup120_715-1036_Nup85_553-744_Nup145c_92-99_554-712_remaining_updated_1.pdb_37": [{"rot": [[0.08550333100887447, 0.9893595193965947, 0.11771542705068186], [-0.996335323239566, 0.08517214916706856, 0.007850393071102954], [-0.002259214796125071, -0.11795527281813305, 0.9930163390211177]], "trans": [-493.9634960703332, 439.8549516913102, 103.26053340502673]}], "rb_4XMM.renamed.noAb_Nup120_715-1036_Nup85_553-744_Nup145c_92-99_554-712_remaining_updated_1.pdb_38": [{"rot": [[-0.6418338431906585, 0.759112159672473, 0.10861881408163676], [-0.7648983375190224, -0.643833783198808, -0.020213680331506924], [0.054588011465368985, -0.09605617444653033, 0.9938779403704223]], "trans": [-353.7728359676193, 803.7737031579431, 90.35707145342855]}], "rb_4XMM.renamed.noAb_Nup120_715-1036_Nup85_553-744_Nup145c_92-99_554-712_remaining_updated_1.pdb_39": [{"rot": [[-0.9931892367827405, 0.08237142218105235, 0.0824019947985861], [-0.085373946799722, -0.9957823647855047, -0.03359719021025703], [0.07928700490467282, -0.04040335122309524, 0.9960327002981316]], "trans": [1.9180761280690604, 961.556049358037, 61.27985598264041]}], "rb_4XMM.renamed.noAb_Nup120_715-1036_Nup85_553-744_Nup145c_92-99_554-712_remaining_updated_1.pdb_40": [{"rot": [[-0.7627339060900806, -0.6444184270107945, 0.05442315159469293], [0.6441628795410598, -0.7644971540245348, -0.024459887770686268], [0.057368746909234845, 0.016400988303076503, 0.9982183300564782]], "trans": [364.74240200848095, 820.770983951675, 33.086734705374795]}], "rb_4XMM.renamed.noAb_Nup120_715-1036_Nup85_553-744_Nup145c_92-99_554-712_remaining_updated_1.pdb_41": [{"rot": [[-0.08547183325260199, -0.9954936465096104, 0.0410726853204869], [0.9963391821636419, -0.08546828850114618, 0.0018454663821404448], [0.001673262060220282, 0.04108006109636618, 0.9991544569156434]], "trans": [522.1544490891406, 463.8925001185061, 22.31764049005028]}], "rb_4XMM.renamed.noAb_Nup120_715-1036_Nup85_553-744_Nup145c_92-99_554-712_remaining_updated_1.pdb_42": [{"rot": [[0.6418473100662739, -0.7651894225723939, 0.05017148736097245], [0.7648451173058488, 0.6435195480540566, 0.029908824880003626], [-0.055172249311481694, 0.01917651833953833, 0.998292684562139]], "trans": [381.94193401959694, 99.98516246980171, 35.3052654734193]}], "rb_4XMM.renamed.noAb_Nup120_2-711_3F7F_updated_1.pdb_42": [{"rot": [[0.9711231488030547, 0.20852436207043615, 0.11591988734448178], [-0.2348328041746561, 0.9212233534181224, 0.3101630010180711], [-0.04211156542218918, -0.32842826239558925, 0.9435896844060485]], "trans": [-138.61437552581685, 96.29956961937285, 238.94950985039526]}], "rb_4XMM.renamed.noAb_Nup120_2-711_3F7F_updated_1.pdb_43": [{"rot": [[0.5220828075426799, 0.7907919030476017, 0.3194960221077955], [-0.8528883661931709, 0.4855192562402587, 0.1919700149300641], [-0.003313137590876203, -0.3727186846594331, 0.9279384706030057]], "trans": [-341.37146167116043, 318.2240843228401, 254.07197583233184]}], "rb_4XMM.renamed.noAb_Nup120_2-711_3F7F_updated_1.pdb_44": [{"rot": [[-0.23121652302645307, 0.8955433752694346, 0.3801854580209309], [-0.9712131767668655, -0.2354792746501964, -0.035978833841988855], [0.057305189590208694, -0.37756002730856547, 0.924210225557359]], "trans": [-328.36103898549726, 618.9137890614213, 251.61320547708388]}], "rb_4XMM.renamed.noAb_Nup120_2-711_3F7F_updated_1.pdb_45": [{"rot": [[-0.8474814735363849, 0.4614138893126273, 0.2624354678049272], [-0.520490893481841, -0.8194011337783283, -0.24014789560865135], [0.10423234533997278, -0.34011616355619345, 0.9345890077851035]], "trans": [-107.20288318578508, 822.2205318695984, 233.0375860286043]}], "rb_4XMM.renamed.noAb_Nup120_2-711_3F7F_updated_1.pdb_46": [{"rot": [[-0.9656953466425955, -0.2572773807235707, 0.03522565600318118], [0.23523901492934116, -0.9241766627686638, -0.30093205520324173], [0.10997774014730805, -0.28232223674693524, 0.9529947803163966]], "trans": [192.54735306977182, 809.0444729804464, 209.25098217723308]}], "rb_4XMM.renamed.noAb_Nup120_2-711_3F7F_updated_1.pdb_47": [{"rot": [[-0.5166067886638562, -0.839510955305047, -0.16834126597249788], [0.8532593123277017, -0.48842687940370594, -0.1827230948785987], [0.07117564072401081, -0.23803474410002248, 0.9686451820810144]], "trans": [395.29366824360085, 587.104450268841, 194.21192675140438]}], "rb_4XMM.renamed.noAb_Nup120_2-711_3F7F_updated_1.pdb_48": [{"rot": [[0.23670179098721994, -0.9442061969485716, -0.22901292493515732], [0.9715249944110882, 0.2325798491494077, 0.04523050966076127], [0.010556864021850465, -0.23319792326166283, 0.9723719870545788]], "trans": [382.26632552309286, 286.41617518874, 196.7545153714367]}], "rb_4XMM.renamed.noAb_Nup120_2-711_3F7F_updated_1.pdb_49": [{"rot": [[0.8529316047000599, -0.5100311568964602, -0.11124700759407993], [0.520754357068935, 0.8164676151093906, 0.24939032272985717], [-0.03636725584229594, -0.27064525207814116, 0.9619919803356254]], "trans": [161.0988392987176, 83.12719578192491, 215.41326867440205]}]}
