{"rb_ScNup133N_56-480_renamed_1.pdb_0": [{"rot": [[0.794714443872269, 0.2289608514766065, 0.5621440039633064], [0.2829820563336054, 0.6795623709915518, -0.676842773268316], [-0.5369824098552901, 0.6969733943440368, 0.47526621916832823]], "trans": [-77.20858089883257, 87.80843834446759, 368.0366438147301]}], "rb_ScNup133N_56-480_renamed_1.pdb_1": [{"rot": [[0.7522902686377734, 0.6551828806151975, -0.06924409477839069], [-0.390919211486625, 0.35930017229522304, -0.847399289756192], [-0.5303220925094317, 0.6645590862650176, 0.5264215982072001]], "trans": [-301.272547622313, 276.3787279113137, 385.0196841670738]}], "rb_ScNup133N_56-480_renamed_1.pdb_2": [{"rot": [[0.2472522411060269, 0.7309272544756962, -0.6360909352700038], [-0.8371520343623708, -0.16941011312259108, -0.5200737302870957], [-0.4878963011040266, 0.6610942158546027, 0.5700102079196452]], "trans": [-326.84506947808546, 568.607153138778, 385.67738151909856]}], "rb_ScNup133N_56-480_renamed_1.pdb_3": [{"rot": [[-0.42454124115868513, 0.4118218508549506, -0.8063296458110949], [-0.7943069327702174, -0.5968425452491105, 0.11338197711158765], [-0.43455866244802, 0.6886085530538857, 0.5804972261367158]], "trans": [-138.94348925121653, 793.3022989029953, 369.6484523896427]}], "rb_ScNup133N_56-480_renamed_1.pdb_4": [{"rot": [[-0.8695440839575943, -0.115196885419815, -0.48023198940087414], [-0.2874831713387808, -0.6726011785473271, 0.6818805473202348], [-0.40155511732680543, 0.730983811179372, 0.5517392097198955]], "trans": [152.35871128837653, 818.8346974089114, 346.34687437182845]}], "rb_ScNup133N_56-480_renamed_1.pdb_5": [{"rot": [[-0.8270673474390166, -0.5413939476746614, 0.15116942885859516], [0.38641474427036676, -0.3523055374344165, 0.8523875020807807], [-0.40821960782237665, 0.7633959665300123, 0.5005830101741889]], "trans": [376.4145090428362, 630.2472264001213, 329.4470453219278]}], "rb_ScNup133N_56-480_renamed_1.pdb_6": [{"rot": [[-0.3219945027775198, -0.6170970874621226, 0.717990755390919], [0.8326079131327774, 0.1764106753571386, 0.5250174631464356], [-0.4506479814331121, 0.7668575214900112, 0.4569966504958846]], "trans": [401.97077184011584, 338.01720227209466, 328.873128286149]}], "rb_ScNup133N_56-480_renamed_1.pdb_7": [{"rot": [[0.3497956560970819, -0.29795833808043193, 0.8881800649327579], [0.7897100856051694, 0.6038180474754453, -0.10845158475751243], [-0.5039850986577749, 0.7393406483558758, 0.44651363475220446]], "trans": [214.05819392952696, 113.33721039754948, 344.9853368574679]}], "rb_ScNup133C_490_881_renamed_relative_3CQC_1.pdb_7": [{"rot": [[0.801522457324673, 0.32389199327121926, -0.5026487114267949], [-0.2698234080615784, 0.9460591405333906, 0.17935281172945297], [0.5336263476124993, -0.008128918010541941, 0.8456812885630883]], "trans": [184.7408398124527, 114.4475885309925, -249.25177141439633]}], "rb_ScNup133C_490_881_renamed_relative_3CQC_1.pdb_8": [{"rot": [[0.3885595092102597, 0.8964218400504982, -0.21318863122306497], [-0.7249397606629864, 0.44022266380042596, 0.5297795293198408], [0.5687564076229621, -0.05130195860724138, 0.8209045363688076]], "trans": [-108.98845554654389, 75.04748685147916, -225.6067893972716]}], "rb_ScNup133C_490_881_renamed_relative_3CQC_1.pdb_9": [{"rot": [[-0.22436510614906496, 0.9448493399105005, 0.238579177661029], [-0.7536876214736714, -0.32343932588372776, 0.5721380704945636], [0.6177501666370324, -0.0514463540260513, 0.7846897503327971]], "trans": [-344.53472117084806, 255.5594157523401, -207.66933099386773]}], "rb_ScNup133C_490_881_renamed_relative_3CQC_1.pdb_10": [{"rot": [[-0.6781915068387319, 0.44080498060548906, 0.5880027628550796], [-0.3392260882858969, -0.8975628673280385, 0.2816142045780382], [0.6519063898122656, -0.00847751539465788, 0.758252062743435]], "trans": [-383.9097201161336, 550.2370588604334, -205.9234073538753]}], "rb_ScNup133C_490_881_renamed_relative_3CQC_1.pdb_11": [{"rot": [[-0.7070617883824848, -0.3204349451581944, 0.6303848612798607], [0.2756474288513209, -0.9458182948124951, -0.17159909138932547], [0.651215880009863, 0.05243280575604423, 0.7570790437619646]], "trans": [-204.04510947350303, 786.4542146834492, -221.3678002619386]}], "rb_ScNup133C_490_881_renamed_relative_3CQC_1.pdb_12": [{"rot": [[-0.2940633327810237, -0.8929253553852305, 0.34089744209054806], [0.7307313538824081, -0.4399368985151757, -0.5220030783223725], [0.6160831476082606, 0.09560248446044528, 0.7818578644472987]], "trans": [89.69379909084404, 825.8316594735471, -244.93096168538779]}], "rb_ScNup133C_490_881_renamed_relative_3CQC_1.pdb_13": [{"rot": [[0.3188635413960919, -0.941293295649838, -0.11087368277914866], [0.7594311068408112, 0.32372886668526274, -0.5643261599795084], [0.5670894426198437, 0.09574211424103768, 0.8180727422605969]], "trans": [325.23252456056633, 645.3016476458962, -262.78525452060364]}], "rb_ScNup133C_490_881_renamed_relative_3CQC_1.pdb_14": [{"rot": [[0.7726576289869815, -0.43720414455705175, -0.46027461840770045], [0.3449339677769809, 0.8978128278471138, -0.2737748783705315], [0.5329359682380674, 0.05276989800357021, 0.8445084911490519]], "trans": [364.59107379873535, 350.6213223974805, -264.44737737800114]}], "rb_ScNup84_506-726_ScNup133C_882_1155_renamed_relative_3CQC_new_1.pdb_14": [{"rot": [[0.9792112970061678, 0.1901801795776002, 0.07054597870417437], [-0.2024395789787221, 0.9381779032301462, 0.2807853962612796], [-0.012784861298263072, -0.2892295302809134, 0.9571743969283059]], "trans": [-66.65956054220715, 59.88523229558126, 106.2271777081861]}], "rb_ScNup84_506-726_ScNup133C_882_1155_renamed_relative_3CQC_new_1.pdb_15": [{"rot": [[0.5512334840452753, 0.7905146436455787, 0.2668862009344254], [-0.8339941636479459, 0.5126939467261771, 0.2039574759392221], [0.024400431727119767, -0.3350097239965416, 0.9418986695814422]], "trans": [-318.6551903699675, 234.11966342359872, 125.50629528461693]}], "rb_ScNup84_506-726_ScNup133C_882_1155_renamed_relative_3CQC_new_1.pdb_16": [{"rot": [[-0.19668229642655766, 0.9152501588397264, 0.35161516039020635], [-0.976801155752338, -0.21389664906963812, 0.010379096187820958], [0.08470877400406449, -0.34141671057614464, 0.936087097094118]], "trans": [-374.0908824408189, 536.0286853509917, 128.49717154248088]}], "rb_ScNup84_506-726_ScNup133C_882_1155_renamed_relative_3CQC_new_1.pdb_17": [{"rot": [[-0.8263964345964265, 0.49131490158854757, 0.27509743794399255], [-0.5472022057385568, -0.8159468682127105, -0.1865487986793985], [0.1328106882791108, -0.30469718694288017, 0.94314418057258]], "trans": [-200.48971335713475, 788.749852910664, 113.47171389975256]}], "rb_ScNup84_506-726_ScNup133C_882_1155_renamed_relative_3CQC_new_1.pdb_18": [{"rot": [[-0.9690135093550739, -0.2329438769230899, 0.08215819430466252], [0.2031375641301292, -0.940767203420938, -0.27146307116590157], [0.1405273949329453, -0.24636196778639768, 0.9589357810102678]], "trans": [100.45221759464232, 844.2356595728761, 89.2560522036814]}], "rb_ScNup84_506-726_ScNup133C_882_1155_renamed_relative_3CQC_new_1.pdb_19": [{"rot": [[-0.5409864274081309, -0.8332451721942917, -0.11417604116052889], [0.8346585368738886, -0.5152361423626154, -0.19461974315785283], [0.10333833840218791, -0.2005846470151549, 0.974210956209218]], "trans": [352.44079732099914, 669.9818542402099, 70.06006741784239]}], "rb_ScNup84_506-726_ScNup133C_882_1155_renamed_relative_3CQC_new_1.pdb_20": [{"rot": [[0.20694051145802855, -0.9579240212069249, -0.19888990500335255], [0.9774068222137118, 0.2113642194063315, -0.0010347196932920522], [0.0430293923682534, -0.19418222459716847, 0.9800212931579149]], "trans": [407.8594761185253, 368.06888985037597, 67.15304299435218]}], "rb_ScNup84_506-726_ScNup133C_882_1155_renamed_relative_3CQC_new_1.pdb_21": [{"rot": [[0.83662116068577, -0.5339417962376177, -0.12235682131920221], [0.5477584618467072, 0.8133811448965528, 0.19588716293341024], [-0.005069612226040313, -0.23090532985905105, 0.9729630145460609]], "trans": [234.2451238835227, 115.36175471091644, 82.26195973072208]}], "rb_4XMM.renamed.noAb_Nup145c_149-550_Sec13_Nup84_7-436_3IKO_updated_1.pdb_21": [{"rot": [[0.9967412106732373, -0.035549125117247816, -0.07241007284243757], [0.03524291130987486, 0.9993636270510052, -0.005502556666053558], [0.0725596041062322, 0.002932683217992711, 0.9973597661932675]], "trans": [39.316474583388015, -15.540265315420925, -38.73553399474207]}], "rb_4XMM.renamed.noAb_Nup145c_149-550_Sec13_Nup84_7-436_3IKO_updated_1.pdb_22": [{"rot": [[0.7329120467684168, 0.679396715457058, -0.035496967868965314], [-0.6733675949358876, 0.7318725208953053, 0.10458821754197868], [0.09703614683192793, -0.0527514567051104, 0.9938819195576004]], "trans": [-299.56429080152986, 97.74849414545173, -12.234603646868663]}], "rb_4XMM.renamed.noAb_Nup145c_149-550_Sec13_Nup84_7-436_3IKO_updated_1.pdb_23": [{"rot": [[0.04679327492565605, 0.9965725834963942, 0.06821638545872732], [-0.9870788721011322, 0.035654224775647225, 0.1562180415547566], [0.15325041492044325, -0.07464490658423595, 0.9853641196267204]], "trans": [-459.4198056303368, 418.2123186179929, -1.0110988197931192]}], "rb_4XMM.renamed.noAb_Nup145c_149-550_Sec13_Nup84_7-436_3IKO_updated_1.pdb_24": [{"rot": [[-0.6596770540348733, 0.7301723833235779, 0.1779732424029961], [-0.7221144306934503, -0.6814367667630985, 0.1191414364850763], [0.2082712975043458, -0.04992217478254888, 0.9767962137011157]], "trans": [-346.60254201429444, 758.1190979814425, -11.615901991447458]}], "rb_4XMM.renamed.noAb_Nup145c_149-550_Sec13_Nup84_7-436_3IKO_updated_1.pdb_25": [{"rot": [[-0.9726386601764544, 0.03625710844266791, 0.2294764885942054], [-0.03369417648808645, -0.9993184398945535, 0.015078400362888048], [0.22986678577154104, 0.006933813820004087, 0.973197401879479]], "trans": [-27.20053036383399, 918.3467649942822, -37.812565034965644]}], "rb_4XMM.renamed.noAb_Nup145c_149-550_Sec13_Nup84_7-436_3IKO_updated_1.pdb_26": [{"rot": [[-0.7087542218627031, -0.6786678889157229, 0.19255479621777363], [0.6748955988758731, -0.731771228366721, -0.095009472962621], [0.2053859381987215, 0.06261601943060816, 0.976675918870172]], "trans": [311.67794066710445, 805.031809905465, -64.23070846531931]}], "rb_4XMM.renamed.noAb_Nup145c_149-550_Sec13_Nup84_7-436_3IKO_updated_1.pdb_27": [{"rot": [[-0.022610963828394892, -0.9957894648565868, 0.08883741326367696], [0.9885530138743883, -0.035528061108287545, -0.14663115505835372], [0.14916998047399554, 0.08450502088347231, 0.9851940003729567]], "trans": [471.5149979014196, 484.5558479420664, -75.37020646399793]}], "rb_4XMM.renamed.noAb_Nup145c_149-550_Sec13_Nup84_7-436_3IKO_updated_1.pdb_28": [{"rot": [[0.6838387187500344, -0.729333328779545, -0.020916554918475133], [0.7235331322317778, 0.6815419974720983, -0.10954593668691241], [0.09415101327751159, 0.05977793249258832, 0.993761634138553]], "trans": [358.6777528480062, 144.6583331284885, -64.6813791352676]}], "rb_4XMM.renamed.noAb_Seh1_Nup85_47_544_3F3F_1.pdb_28": [{"rot": [[0.6359819391881355, -0.7449425485337272, 0.2014635758904559], [0.3252822221622159, 0.4955156614158736, 0.8053916471113883], [-0.6997988632255019, -0.4466820218854345, 0.5574555788155954]], "trans": [506.8403434094806, -113.43785382225428, 702.329589767081]}], "rb_4XMM.renamed.noAb_Seh1_Nup85_47_544_3F3F_1.pdb_29": [{"rot": [[0.6663605839527247, -0.18761812926817373, 0.7216391132166337], [-0.2585179203279241, 0.8496591584816606, 0.45961701369461505], [-0.699379765952307, -0.4928273044162039, 0.5176767244123976]], "trans": [-22.4836328295994, -258.28410315955745, 745.2659719620137]}], "rb_4XMM.renamed.noAb_Seh1_Nup85_47_544_3F3F_1.pdb_30": [{"rot": [[0.2763325121949648, 0.4562478214636121, 0.8458594848517819], [-0.6927085401934896, 0.7046339084784231, -0.15377234265439355], [-0.6661795711720816, -0.5434417912087031, 0.5107600204801196]], "trans": [-499.00993753424024, 14.816665880254774, 781.9605432093563]}], "rb_4XMM.renamed.noAb_Seh1_Nup85_47_544_3F3F_1.pdb_31": [{"rot": [[-0.305618332253637, 0.8094695512130448, 0.5013546455847913], [-0.7229346502294922, 0.1453977477140826, -0.675444288196464], [-0.6196474211098288, -0.568874802235622, 0.5407573697078152]], "trans": [-643.5808290483034, 545.8782888679966, 790.9411111801478]}], "rb_4XMM.renamed.noAb_Seh1_Nup85_47_544_3F3F_1.pdb_32": [{"rot": [[-0.7385769392081829, 0.6651247902665174, -0.11005961222350183], [-0.3314893689886903, -0.5004408956057433, -0.7997960416586191], [-0.5870425053753316, -0.5542273210319363, 0.5900959019552762]], "trans": [-371.5027273340164, 1023.797495883744, 766.9707374322761]}], "rb_4XMM.renamed.noAb_Seh1_Nup85_47_544_3F3F_1.pdb_33": [{"rot": [[-0.7689100519983416, 0.10777273484763514, -0.6302081954079639], [0.2523131383995888, -0.8545406378994297, -0.4539805925030047], [-0.5874652433351704, -0.5080800486162497, 0.629872409358635]], "trans": [157.83909266242063, 1168.6025935920327, 724.1156097907013]}], "rb_4XMM.renamed.noAb_Seh1_Nup85_47_544_3F3F_1.pdb_34": [{"rot": [[-0.3788481054547487, -0.5360819223152393, -0.7543807298441144], [0.6864731314919372, -0.7094648573249692, 0.15941849315718679], [-0.6206679891318664, -0.4574667078462128, 0.63678525303225]], "trans": [634.3506424066971, 895.4648307986492, 687.504871186344]}], "rb_4XMM.renamed.noAb_Seh1_Nup85_47_544_3F3F_1.pdb_35": [{"rot": [[0.20310511226391353, -0.8892600447054283, -0.409835194026521], [0.7166535646789546, -0.15020099171138676, 0.6810633820151079], [-0.6672001061189992, -0.4320373073930178, 0.6067847916810213]], "trans": [778.8866505850283, 364.3922769855926, 678.6096134062375]}], "rb_4XMM.renamed.noAb_Nup120_715-1036_Nup85_553-744_Nup145c_92-99_554-712_remaining_updated_1.pdb_35": [{"rot": [[0.9995736948941718, -0.02798700471315021, -0.008316011231149896], [0.026880357474845733, 0.9933401737374641, -0.11203903614922157], [0.011396265073918225, 0.11176773598140109, 0.9936690084409163]], "trans": [17.353438120988017, 22.995375990449475, -62.57197773452788]}], "rb_4XMM.renamed.noAb_Nup120_715-1036_Nup85_553-744_Nup145c_92-99_554-712_remaining_updated_1.pdb_36": [{"rot": [[0.7278154609902516, 0.6826629100340394, -0.06523807176336138], [-0.6847999440347569, 0.7285526344664428, -0.016127475375784288], [0.03651973977917264, 0.056412853817720786, 0.9977393940957724]], "trans": [-288.43880521816106, 139.10283641806092, -38.72212179027963]}], "rb_4XMM.renamed.noAb_Nup120_715-1036_Nup85_553-744_Nup145c_92-99_554-712_remaining_updated_1.pdb_37": [{"rot": [[0.03392405358355716, 0.9987057114973986, -0.03789538772636529], [-0.9950564879149252, 0.03729260846391419, 0.09204263801287108], [0.09333672614180961, 0.03458559203525086, 0.99503371419098]], "trans": [-422.9017305292319, 438.0874684313998, -29.41805716573498]}], "rb_4XMM.renamed.noAb_Nup120_715-1036_Nup85_553-744_Nup145c_92-99_554-712_remaining_updated_1.pdb_38": [{"rot": [[-0.6756091569982257, 0.7349990703761906, 0.05769431103912118], [-0.7221366161433878, -0.6754900342714742, 0.14910372639507144], [0.1485630324310887, 0.05907266835055333, 0.987136994164853]], "trans": [-307.26314689848823, 744.7999757089206, -40.08623120407668]}], "rb_4XMM.renamed.noAb_Nup120_715-1036_Nup85_553-744_Nup145c_92-99_554-712_remaining_updated_1.pdb_39": [{"rot": [[-0.985129611578019, 0.04602605530285946, 0.16553323118152335], [-0.025920637774103757, -0.9922371713900692, 0.12162859963517765], [0.1698463097318315, 0.11552920819034791, 0.9786752439524493]], "trans": [-9.26385378158551, 879.5639636362782, -64.4530722312038]}], "rb_4XMM.renamed.noAb_Nup120_715-1036_Nup85_553-744_Nup145c_92-99_554-712_remaining_updated_1.pdb_40": [{"rot": [[-0.7133158636245708, -0.664603226973125, 0.22244781275264813], [0.6857383104189054, -0.7273938638331645, 0.025712574388422837], [0.144718514107053, 0.1708821744792712, 0.9746054761388724]], "trans": [296.52587446282536, 763.4329047085763, -88.22013629978005]}], "rb_4XMM.renamed.noAb_Nup120_715-1036_Nup85_553-744_Nup145c_92-99_554-712_remaining_updated_1.pdb_41": [{"rot": [[-0.01940023926285739, -0.9805921230216114, 0.19509669137253044], [0.9959403821930056, -0.036109055458232064, -0.08245538933968805], [0.08789986253566673, 0.19270501908844728, 0.9773118180930421]], "trans": [430.9720167332649, 464.4381274887735, -97.44033726164378]}], "rb_4XMM.renamed.noAb_Nup120_715-1036_Nup85_553-744_Nup145c_92-99_554-712_remaining_updated_1.pdb_42": [{"rot": [[0.6901117045457266, -0.7168298820939619, 0.09950253959645468], [0.7229648300537171, 0.6766528658728952, -0.13950897322893915], [0.03267552225117791, 0.16821361194371184, 0.9852088565387842]], "trans": [315.3160405363666, 157.73510509376786, -86.68834648731496]}], "rb_4XMM.renamed.noAb_Nup120_2-711_3F7F_updated_1.pdb_42": [{"rot": [[-0.6788540911317682, 0.7267181847063602, 0.10506094883806955], [0.3891349003052904, 0.23472691454338396, 0.8907734307630288], [0.6226806182290039, 0.6455880695970437, -0.4421367345922638]], "trans": [549.1179896388554, -40.34680557403715, -319.51420648037026]}], "rb_4XMM.renamed.noAb_Nup120_2-711_3F7F_updated_1.pdb_43": [{"rot": [[-0.19462233284082786, 0.693443742485004, 0.6937275571634637], [0.7894549534007864, -0.30900405797868036, 0.5303558887234797], [0.5821366026205169, 0.6508857566125573, -0.4873035067884723]], "trans": [38.81635309964224, -295.2545218008389, -277.5585215385502]}], "rb_4XMM.renamed.noAb_Nup120_2-711_3F7F_updated_1.pdb_44": [{"rot": [[0.4300898845077157, 0.286634117452926, 0.8560745142545265], [0.7289168357748829, -0.669720373740373, -0.14196783974192556], [0.5326377171850241, 0.6850660579163435, -0.49697239211337374]], "trans": [-501.8357974645822, -113.44094402674128, -235.30856801476853]}], "rb_4XMM.renamed.noAb_Nup120_2-711_3F7F_updated_1.pdb_45": [{"rot": [[0.829317335548821, -0.2553958760303699, 0.4969966835552179], [0.24298463032029244, -0.6361093288684421, -0.7323410347335813], [0.5031811069449212, 0.7281056710623957, -0.465479221212358]], "trans": [-756.1148957187079, 398.5850871119227, -217.49095950641407]}], "rb_4XMM.renamed.noAb_Nup120_2-711_3F7F_updated_1.pdb_46": [{"rot": [[0.7691869503555487, -0.6151174251594606, -0.17315307871339378], [-0.3836757253635885, -0.22786074736459705, -0.894914754363326], [0.5110228695170652, 0.7547913838112115, -0.41127313765294926]], "trans": [-575.0587472309193, 940.8716198022629, -234.51949740477505]}], "rb_4XMM.renamed.noAb_Nup120_2-711_3F7F_updated_1.pdb_47": [{"rot": [[0.28492395641254953, -0.5818005743806826, -0.7617915927027078], [-0.7839577590061279, 0.31586759542120946, -0.534451021382609], [0.5515691898178418, 0.7494903293659845, -0.3661088294900282]], "trans": [-64.73068333779275, 1195.7396737493477, -276.39461920542]}], "rb_4XMM.renamed.noAb_Nup120_2-711_3F7F_updated_1.pdb_48": [{"rot": [[-0.3397835563201531, -0.17496280464783937, -0.9240861171147371], [-0.7233706113228513, 0.6765519697154194, 0.1378854268898308], [0.6010674617119397, 0.7153079401655964, -0.3564441852621778]], "trans": [475.91383384564074, 1013.8840661065931, -318.56128321712754]}], "rb_4XMM.renamed.noAb_Nup120_2-711_3F7F_updated_1.pdb_49": [{"rot": [[-0.738973118507813, 0.36706458211701554, -0.5649622311961208], [-0.2374070877054051, 0.6428983834068074, 0.7282304191120778], [0.6305208995981627, 0.6722687417753225, -0.3879408898295577]], "trans": [730.1595364048981, 501.8384927903724, -336.2936582106901]}]}
