{"rb_ScNup133N_56-480_renamed_1.pdb_0": [{"rot": [[-0.7094253370027271, -0.3684877507714345, 0.6007765547605609], [0.37491739540766733, -0.9191242739405575, -0.12102692127773418], [0.596785252699236, 0.13938201671896272, 0.7902025155465255]], "trans": [931.4053470093395, 187.4187057195918, -302.5288582122177]}], "rb_ScNup133N_56-480_renamed_1.pdb_1": [{"rot": [[-0.22683069324882177, -0.9064540998699031, 0.3562145441012973], [0.7994557175354258, -0.3821874777812093, -0.4634687557183844], [0.5562538919415925, 0.17964881479228792, 0.8113617633605554]], "trans": [470.74403481772714, -402.64555260892814, -262.8991196556857]}], "rb_ScNup133N_56-480_renamed_1.pdb_2": [{"rot": [[0.4137947838527058, -0.908510134296005, -0.05816539123688336], [0.7571968422018754, 0.3789390402850749, -0.5320320910502737], [0.505397684022981, 0.17610945354884708, 0.8447240030654544]], "trans": [-271.0438769365088, -492.93979323947354, -203.29346749763675]}], "rb_ScNup133N_56-480_renamed_1.pdb_3": [{"rot": [[0.8371636569965538, -0.37345140009284433, -0.39961364237578645], [0.27289661442755203, 0.9183766340911615, -0.2865515586929534], [0.47400891261465605, 0.13083734071004133, 0.8707451642345126]], "trans": [-859.4066569989175, -30.56826006669837, -158.60572831076485]}], "rb_ScNup133N_56-480_renamed_1.pdb_4": [{"rot": [[0.7952604707939447, 0.3852771519152152, -0.4681050093779016], [-0.36973506372413406, 0.920115155115372, 0.12916688422315217], [0.48047556258929097, 0.07035351831363415, 0.8741816837565227]], "trans": [-949.6711795544775, 713.6054001333472, -154.99060490667523]}], "rb_ScNup133N_56-480_renamed_1.pdb_5": [{"rot": [[0.31263270255729286, 0.9232016378892688, -0.22351628372511517], [-0.7942354940852631, 0.383136153228578, 0.47158951220774314], [0.5210093792119801, 0.030090262341336632, 0.8530204000405666]], "trans": [-488.95730122110996, 1303.633881162047, -194.54188264753742]}], "rb_ScNup133N_56-480_renamed_1.pdb_6": [{"rot": [[-0.3279894960288391, 0.9251983092104639, 0.1908690103941388], [-0.7519263390942177, -0.3779905008600099, 0.5401203216283915], [0.5718650811783373, 0.03363435585362984, 0.8196578914615511]], "trans": [252.8442053470776, 1393.8702962263858, -254.06586045855101]}], "rb_ScNup133N_56-480_renamed_1.pdb_7": [{"rot": [[-0.7513206082596955, 0.39009748766577906, 0.5322981248521546], [-0.2675928983038381, -0.917386081299475, 0.2946129980420691], [0.6032506812110736, 0.07890961889929385, 0.7936383859564351]], "trans": [841.1774715404622, 931.4529978434016, -298.6685479487514]}], "rb_ScNup133C_490_881_renamed_relative_3CQC_1.pdb_7": [{"rot": [[0.7368886406340734, 0.38833213928423077, -0.5533473420044573], [-0.294810948985699, 0.921207963484629, 0.25389445124037635], [0.6083433534301305, -0.02395908202400679, 0.7933122504575031]], "trans": [220.36667708059463, 109.05772997293923, -271.9783251950546]}], "rb_ScNup133C_490_881_renamed_relative_3CQC_1.pdb_8": [{"rot": [[0.3265990047254386, 0.9242733981094741, -0.1976152212242668], [-0.6927532305218241, 0.3763235079581447, 0.6152020635203119], [0.6429821550509209, -0.0640257987473743, 0.763200265579639]], "trans": [-87.98087857526457, 44.81948465935582, -247.04732801797547]}], "rb_ScNup133C_490_881_renamed_relative_3CQC_1.pdb_9": [{"rot": [[-0.24413297096111153, 0.9192946988092422, 0.30870106775151146], [-0.6829856648292484, -0.38898406374150596, 0.6182410369693125], [0.6884255036875435, -0.05990538286636832, 0.7228289361779751]], "trans": [-351.3758539702006, 218.14486168256144, -226.85518903718548]}], "rb_ScNup133C_490_881_renamed_relative_3CQC_1.pdb_10": [{"rot": [[-0.6409644477475387, 0.37631263363327055, 0.6689943037811916], [-0.27123022961335824, -0.9263867852759065, 0.2612310980914281], [0.718052044957449, -0.014011632101946031, 0.6958483562517498]], "trans": [-415.51584530944285, 527.4975280897255, -223.2067430756045]}], "rb_ScNup133C_490_881_renamed_relative_3CQC_1.pdb_11": [{"rot": [[-0.6314259512085314, -0.3865862475912371, 0.6721996290639591], [0.30130093542474073, -0.9210665649918314, -0.2466862970785384], [0.7145061332504947, 0.04677024724620821, 0.6980641299479233]], "trans": [-242.82482795332157, 791.6544468221143, -238.2152963194281]}], "rb_ScNup133C_490_881_renamed_relative_3CQC_1.pdb_12": [{"rot": [[-0.22110526710944167, -0.922485023368739, 0.3164393188540828], [0.6992110011163034, -0.3761400629467987, -0.6079659768147487], [0.6798650136419697, 0.08683337323144685, 0.728178225792868]], "trans": [65.53427852686622, 855.8688870689199, -263.0646217566372]}], "rb_ScNup133C_490_881_renamed_relative_3CQC_1.pdb_13": [{"rot": [[0.3496259622828384, -0.9174466346760366, -0.18987722090711842], [0.689398640447286, 0.38916709249753323, -0.6109652106842469], [0.6344219424383343, 0.08270820176154059, 0.7685493818318634]], "trans": [328.9222750308892, 682.5232411051356, -283.17362926943946]}], "rb_ScNup133C_490_881_renamed_relative_3CQC_1.pdb_14": [{"rot": [[0.7464253354799766, -0.3744226406505951, -0.5501426221643219], [0.27761207265188464, 0.926527178850983, -0.253927005197083], [0.6047981114979818, 0.03681131644847849, 0.7955276056239662]], "trans": [393.0446727752037, 373.1659493051342, -286.73817381864257]}], "rb_ScNup84_506-726_ScNup133C_882_1155_renamed_relative_3CQC_new_1.pdb_14": [{"rot": [[0.9815164344499991, 0.18710427363842339, 0.04021790261561013], [-0.19136347906626075, 0.9621034202155374, 0.19426020613914144], [-0.0023468668938594617, -0.19836582265048316, 0.9801252433337178]], "trans": [-56.168385538959456, 70.0313801471494, 66.62302554156338]}], "rb_ScNup84_506-726_ScNup133C_882_1155_renamed_relative_3CQC_new_1.pdb_15": [{"rot": [[0.5608825774520072, 0.8069975324456873, 0.18483970606275152], [-0.8271856132807358, 0.5370131352361593, 0.16547161014869827], [0.03427383101092592, -0.24570688881348374, 0.968738060208967]], "trans": [-304.8475615152173, 231.6190362570448, 85.69933374275823]}], "rb_ScNup84_506-726_ScNup133C_882_1155_renamed_relative_3CQC_new_1.pdb_16": [{"rot": [[-0.18484650376962308, 0.9458457765271213, 0.2668474040907142], [-0.9782184642279754, -0.20317333286614414, 0.042535080292898264], [0.094447902505069, -0.2531725969331381, 0.9627996831504064]], "trans": [-366.85193485417994, 522.2365269953401, 89.26871320236529]}], "rb_ScNup84_506-726_ScNup133C_882_1155_renamed_relative_3CQC_new_1.pdb_17": [{"rot": [[-0.8188121986552159, 0.5223097467395799, 0.23819973088617552], [-0.5559848582598885, -0.8248443144478437, -0.1025314308336599], [0.14292452805289274, -0.21638942992646826, 0.9657888971700571]], "trans": [-205.85655605295494, 771.6361453761026, 75.26417600588297]}], "rb_ScNup84_506-726_ScNup133C_882_1155_renamed_relative_3CQC_new_1.pdb_18": [{"rot": [[-0.9696284642244931, -0.21549717880937524, 0.1156788973445464], [0.1921648047535755, -0.9638161829375395, -0.18474591557523165], [0.1513054168880617, -0.15690548566863613, 0.97595457854729]], "trans": [83.82712529112257, 833.7161952124413, 51.91378240817153]}], "rb_ScNup84_506-726_ScNup133C_882_1155_renamed_relative_3CQC_new_1.pdb_19": [{"rot": [[-0.5489450055976277, -0.8353573000555158, -0.028940664701733912], [0.8279539033088809, -0.5386772582706221, -0.15594596954596943], [0.11468092616040139, -0.10956729742949387, 0.9873415277952144]], "trans": [332.50023744604886, 672.109424776706, 32.92052712050679]}], "rb_ScNup84_506-726_ScNup133C_882_1155_renamed_relative_3CQC_new_1.pdb_20": [{"rot": [[0.19679587552499567, -0.9741478179451432, -0.11093877667012951], [0.9789282188460403, 0.20152008302419033, -0.03300300720905404], [0.05450619894349447, -0.10210624334798508, 0.9932791094884119]], "trans": [394.4884783598509, 381.48747564079304, 29.43493179648857]}], "rb_ScNup84_506-726_ScNup133C_882_1155_renamed_relative_3CQC_new_1.pdb_21": [{"rot": [[0.8307286560353211, -0.5505632901522117, -0.08227978839617561], [0.5566448685855367, 0.8231578016338847, 0.11206125060278056], [0.006032438904658745, -0.13889311410592026, 0.9902890045511059]], "trans": [233.48017581028978, 132.10090017318282, 43.52291222500759]}], "rb_4XMM.renamed.noAb_Nup145c_149-550_Sec13_Nup84_7-436_3IKO_updated_1.pdb_21": [{"rot": [[0.9994407380871718, -0.03234604951412725, 0.008481988717190485], [0.03238461171296398, 0.9994655784508285, -0.004449091609657049], [-0.008333545222141336, 0.00472128931333304, 0.9999541296735818]], "trans": [10.50515065175864, -15.018805976663543, 2.277216220441744]}], "rb_4XMM.renamed.noAb_Nup145c_149-550_Sec13_Nup84_7-436_3IKO_updated_1.pdb_22": [{"rot": [[0.7312116056292339, 0.6817747440084574, 0.022644783622718524], [-0.6819506037770129, 0.7297902208401992, 0.048472750841897824], [0.016521555655718355, -0.05088646183628262, 0.9985677774695612]], "trans": [-318.8114438507288, 120.78469830043053, 27.90627806217168]}], "rb_4XMM.renamed.noAb_Nup145c_149-550_Sec13_Nup84_7-436_3IKO_updated_1.pdb_23": [{"rot": [[0.03794513418187012, 0.996827336999369, 0.06996732810866778], [-0.9965870783095552, 0.03261330417214342, 0.07583249789766483], [0.07331004118361935, -0.07260600940501652, 0.9946627595622217]], "trans": [-456.03109010162746, 450.37799397818424, 37.281144813044534]}], "rb_4XMM.renamed.noAb_Nup145c_149-550_Sec13_Nup84_7-436_3IKO_updated_1.pdb_24": [{"rot": [[-0.6742334022238061, 0.72824947824297, 0.12272740836729189], [-0.7272063287292085, -0.6836491035746661, 0.06160242395994216], [0.12876441582167125, -0.04771373618148361, 0.9905266905024348]], "trans": [-320.76667119088506, 780.6807979782798, 24.933892245964387]}], "rb_4XMM.renamed.noAb_Nup145c_149-550_Sec13_Nup84_7-436_3IKO_updated_1.pdb_25": [{"rot": [[-0.9881197752439868, 0.033377864346568135, 0.15001742546595723], [-0.03161539640870981, -0.9994003846421998, 0.01411870698549029], [0.15039872500022092, 0.009208113198918061, 0.9885825378639979]], "trans": [7.743922394542494, 918.197187243104, -1.8782800878256012]}], "rb_4XMM.renamed.noAb_Nup145c_149-550_Sec13_Nup84_7-436_3IKO_updated_1.pdb_26": [{"rot": [[-0.7198349217655903, -0.6807219155795687, 0.13585050259902456], [0.6826987426664475, -0.7296689864880331, -0.03880202210164753], [0.12553928535871453, 0.06481391677107293, 0.9899692136750587]], "trans": [337.056466272206, 782.3682387554139, -27.424418682374608]}], "rb_4XMM.renamed.noAb_Nup145c_149-550_Sec13_Nup84_7-436_3IKO_updated_1.pdb_27": [{"rot": [[-0.026543891772695616, -0.9957201416478129, 0.08852582293555544], [0.9972807939966754, -0.03246736536359124, -0.06615805401994586], [0.06874910715724544, 0.08652901076058232, 0.9938743836933694]], "trans": [474.2569422709655, 452.7645825226517, -36.71523044725524]}], "rb_4XMM.renamed.noAb_Nup145c_149-550_Sec13_Nup84_7-436_3IKO_updated_1.pdb_28": [{"rot": [[0.6856136539613366, -0.7270864115523992, 0.03576685110039334], [0.7278441563058027, 0.68377393853357, -0.051923839551615475], [0.013296677527746941, 0.061632386925566385, 0.9980103442593059]], "trans": [338.97329036329995, 122.47280457270176, -24.28402194896779]}], "rb_4XMM.renamed.noAb_Seh1_Nup85_47_544_3F3F_1.pdb_28": [{"rot": [[0.699195416637898, -0.6925049886079128, 0.17765868992456008], [0.2854002209999962, 0.49820214325627726, 0.8187437561948214], [-0.6554940756450127, -0.5217580523652765, 0.5459817319162646]], "trans": [457.58240916749816, -100.30063208368517, 725.0497821593956]}], "rb_4XMM.renamed.noAb_Seh1_Nup85_47_544_3F3F_1.pdb_29": [{"rot": [[0.6839347385842087, -0.15003317696140872, 0.7139491012450513], [-0.32871713601798286, 0.8102783550010386, 0.48517422840145336], [-0.6512897341781804, -0.5665148128934294, 0.5048590386696445]], "trans": [-47.69389111335067, -212.9708982831738, 765.9128643247161]}], "rb_4XMM.renamed.noAb_Seh1_Nup85_47_544_3F3F_1.pdb_30": [{"rot": [[0.2402525413879923, 0.45367358532903496, 0.8581718909002495], [-0.7519620794527482, 0.6460548936291444, -0.13101948512695963], [-0.6138662292565943, -0.6138349553361504, 0.496361662687356]], "trans": [-484.52904004769636, 65.81414908159685, 799.4161479898451]}], "rb_4XMM.renamed.noAb_Seh1_Nup85_47_544_3F3F_1.pdb_31": [{"rot": [[-0.3719358879142275, 0.7649553646483279, 0.5258393151688052], [-0.7363917536865118, 0.10173617836305499, -0.6688624186741126], [-0.5651467777347388, -0.6359976730364849, 0.5254674866328245]], "trans": [-597.0169346749356, 572.7384151903559, 805.9569420886369]}], "rb_4XMM.renamed.noAb_Seh1_Nup85_47_544_3F3F_1.pdb_32": [{"rot": [[-0.7940019355803568, 0.6014589055981403, -0.0883635171964833], [-0.2911274750947284, -0.5038082125004686, -0.8132785981827197], [-0.5336719212583834, -0.6200197334712574, 0.5751259084466772]], "trans": [-319.25866690385374, 1010.8386341196192, 781.727562114009]}], "rb_4XMM.renamed.noAb_Seh1_Nup85_47_544_3F3F_1.pdb_33": [{"rot": [[-0.7786933597563054, 0.05896273919014461, -0.6246279267360937], [0.32298866369720697, -0.8158418366176632, -0.479666989428509], [-0.5378800745468533, -0.5752612389267261, 0.6162463244466116]], "trans": [186.03296695293767, 1123.4696372027172, 740.9459253905425]}], "rb_4XMM.renamed.noAb_Seh1_Nup85_47_544_3F3F_1.pdb_34": [{"rot": [[-0.33497814001072174, -0.5447312310979089, -0.7688026610135481], [0.7461987695474219, -0.6515709973065766, 0.13653802325662012], [-0.5753060420688014, -0.5279423466018504, 0.6247398151420004]], "trans": [622.8529165093568, 844.650711531607, 707.5264946331084]}], "rb_4XMM.renamed.noAb_Seh1_Nup85_47_544_3F3F_1.pdb_35": [{"rot": [[0.27720909154483314, -0.8559705653862975, -0.43642812782536017], [0.7305803951863679, -0.10722786845447735, 0.67435485495104], [-0.6240251643437283, -0.5057831308169242, 0.595630773925266]], "trans": [735.3078094932282, 337.71803190645676, 701.0708484945717]}], "rb_4XMM.renamed.noAb_Nup120_715-1036_Nup85_553-744_Nup145c_92-99_554-712_remaining_updated_1.pdb_35": [{"rot": [[0.9794091423902902, -0.08618107575895187, 0.18256657411296753], [0.07455493692097812, 0.9947831625497736, 0.06962773074127321], [-0.1876147467099131, -0.054582796635021066, 0.9807249487641652]], "trans": [0.6638042617609017, -57.561087462129876, 136.45116170578314]}], "rb_4XMM.renamed.noAb_Nup120_715-1036_Nup85_553-744_Nup145c_92-99_554-712_remaining_updated_1.pdb_36": [{"rot": [[0.7431957953800189, 0.6391353936281179, 0.1979039118898144], [-0.6483408718649917, 0.76100440375551, -0.02294365563859911], [-0.16526985084643528, -0.11125756637888089, 0.9799528714814022]], "trans": [-353.12776888502515, 105.36718798625967, 163.89905607524446]}], "rb_4XMM.renamed.noAb_Nup120_715-1036_Nup85_553-744_Nup145c_92-99_554-712_remaining_updated_1.pdb_37": [{"rot": [[0.06654190563632606, 0.9874107081984214, 0.1435000631685474], [-0.9917386960243146, 0.08125819882284085, -0.09925454111554967], [-0.10966555339885437, -0.13570997921729433, 0.9846604835873953]], "trans": [-488.5401166321356, 471.49424962007674, 172.95211592169716]}], "rb_4XMM.renamed.noAb_Nup120_715-1036_Nup85_553-744_Nup145c_92-99_554-712_remaining_updated_1.pdb_38": [{"rot": [[-0.654159137409087, 0.75462027799474, 0.05122556962435181], [-0.7544712482551394, -0.6462505409771856, -0.11460093299369556], [-0.0533756358325573, -0.11361546693049779, 0.992089999533124]], "trans": [-326.24486301594754, 826.3378191378418, 158.33093604013183]}], "rb_4XMM.renamed.noAb_Nup120_715-1036_Nup85_553-744_Nup145c_92-99_554-712_remaining_updated_1.pdb_39": [{"rot": [[-0.9967105008555109, 0.0771360193754558, -0.02486386935422367], [-0.07553314493166186, -0.9953369379964837, -0.05999269852669353], [-0.029375525545718536, -0.05791730634871996, 0.9978891041214046]], "trans": [38.685057371364906, 962.0256470168968, 128.6248146649924]}], "rb_4XMM.renamed.noAb_Nup120_715-1036_Nup85_553-744_Nup145c_92-99_554-712_remaining_updated_1.pdb_40": [{"rot": [[-0.7604407660218062, -0.6481622364322074, -0.040193987552439976], [0.6473440999919674, -0.7615012587429506, 0.032579888558580655], [-0.0517248255459233, -0.0012442652848304418, 0.9986606001170482]], "trans": [392.4704649942997, 799.0700072824982, 101.2600214553334]}], "rb_4XMM.renamed.noAb_Nup120_715-1036_Nup85_553-744_Nup145c_92-99_554-712_remaining_updated_1.pdb_41": [{"rot": [[-0.0837600749768182, -0.9963845444707145, 0.014215814424884628], [0.9906888038703336, -0.08172774120638343, 0.10888650147409551], [-0.1073310007679216, 0.023203789716065265, 0.9939525342877129]], "trans": [527.860793032359, 432.93272816075637, 92.29124301814386]}], "rb_4XMM.renamed.noAb_Nup120_715-1036_Nup85_553-744_Nup145c_92-99_554-712_remaining_updated_1.pdb_42": [{"rot": [[0.6369224822675557, -0.763537366756564, 0.10649150740122548], [0.7533647980111647, 0.6457627032336997, 0.12422565045070029], [-0.16361916971959617, 0.0011048433168669575, 0.9865229579799513]], "trans": [365.544391656485, 78.10230709200289, 106.9965211228922]}], "rb_4XMM.renamed.noAb_Nup120_2-711_3F7F_updated_1.pdb_42": [{"rot": [[0.9943670567664192, 0.0931969795581889, 0.0504824664504245], [-0.09102740602201848, 0.9948891631870317, -0.043698562057689176], [-0.054297032797292956, 0.03885712256765341, 0.997768488305364]], "trans": [-67.20373487784968, 70.71627178493168, 11.364338729098108]}], "rb_4XMM.renamed.noAb_Nup120_2-711_3F7F_updated_1.pdb_43": [{"rot": [[0.6397018123747272, 0.7682259790923512, 0.024707008966823988], [-0.7682869318917224, 0.6400422383307766, -0.009006854996743375], [-0.022732829320000616, -0.013220370650129378, 0.9996541603329524]], "trans": [-313.28055270375955, 236.6977857850909, 30.211844678372586]}], "rb_4XMM.renamed.noAb_Nup120_2-711_3F7F_updated_1.pdb_44": [{"rot": [[-0.08857224128273217, 0.9955894735319053, 0.030928276166244155], [-0.9954037023034605, -0.08960565488098243, 0.033797870552927885], [0.03642015259050518, -0.027792567456286853, 0.9989500216124281]], "trans": [-370.3469038838619, 528.5749458412199, 33.3815043094466]}], "rb_4XMM.renamed.noAb_Nup120_2-711_3F7F_updated_1.pdb_45": [{"rot": [[-0.763821894909262, 0.6420947220088896, 0.06550176200339713], [-0.6393295108035745, -0.7666164925695023, 0.059640002817696956], [0.0885092620740052, 0.003677130506202962, 0.9960685665346306]], "trans": [-204.97060192203875, 775.362112919661, 19.040491219422904]}], "rb_4XMM.renamed.noAb_Nup120_2-711_3F7F_updated_1.pdb_46": [{"rot": [[-0.9904763803903256, -0.08517606575851758, 0.10817383098872844], [0.09134236058120276, -0.9943877801640371, 0.05338085634279716], [0.10301996433862141, 0.06275333044817226, 0.9926977921126499]], "trans": [85.97049702588117, 832.4880016419869, -4.386022014091566]}], "rb_4XMM.renamed.noAb_Nup120_2-711_3F7F_updated_1.pdb_47": [{"rot": [[-0.6357583043028706, -0.760177407778061, 0.13394658343445828], [0.7685740271202819, -0.6394878858165535, 0.018687127387190125], [0.07145168539683977, 0.11482836146919627, 0.9908123455308017]], "trans": [332.0409082659742, 666.4875777148077, -23.150448723881084]}], "rb_4XMM.renamed.noAb_Nup120_2-711_3F7F_updated_1.pdb_48": [{"rot": [[0.09253348285619928, -0.9874840003757701, 0.1277219775620686], [0.9956336295885724, 0.09017782827568271, -0.024117108445351323], [0.012297568165488978, 0.12939593613922173, 0.9915167479815294]], "trans": [389.0910286402599, 374.60634687582206, -26.236318263747535]}], "rb_4XMM.renamed.noAb_Nup120_2-711_3F7F_updated_1.pdb_49": [{"rot": [[0.7677553832549016, -0.6339364365849512, 0.0931464752585481], [0.6395064513197549, 0.7671608985108704, -0.0499565262643991], [-0.03978907140825269, 0.09792216381374484, 0.9943983505771221]], "trans": [223.70200656604786, 127.83256647104167, -11.811879845290093]}]}
