{"rb_ScNup133N_56-480_renamed_1.pdb_0": [{"rot": [[-0.6680780840859887, -0.5779323886317905, 0.46868521177262207], [0.47461904985137326, -0.8160818537434761, -0.32976835128433907], [0.5730693073984806, 0.0021359215726750036, 0.8195041224770386]], "trans": [987.0606172455757, 171.96095937957546, -270.3596427351518]}], "rb_ScNup133N_56-480_renamed_1.pdb_1": [{"rot": [[-0.12769809525731657, -0.9850075855841028, 0.1159881580568867], [0.839448672060794, -0.16962243676480426, -0.5162888299405084], [0.5282226078492122, 0.03143700506959943, 0.8485237717761542]], "trans": [499.93879715851153, -450.94662859806715, -228.46103954736338]}], "rb_ScNup133N_56-480_renamed_1.pdb_2": [{"rot": [[0.5117145160020573, -0.8172738501186584, -0.2649749196150541], [0.7139961995846061, 0.5760685343112146, -0.3979377724660822], [0.477867848982874, 0.01443944904603292, 0.8783130542236792]], "trans": [-283.71743457332894, -545.6852869649317, -165.49659884592825]}], "rb_ScNup133N_56-480_renamed_1.pdb_3": [{"rot": [[0.8755828262985729, -0.17299196951678447, -0.45103047876358215], [0.17175345967922245, 0.9841547743855564, -0.04404689707948976], [0.451503558545467, -0.03889933851387933, 0.8914209881329705]], "trans": [-904.8292945093025, -56.75565703944653, -118.32777289117405]}], "rb_ScNup133N_56-480_renamed_1.pdb_4": [{"rot": [[0.7507476489173559, 0.5704086461904243, -0.3331845494561058], [-0.4696261049961504, 0.8155736100066866, 0.33806953155646], [0.46457430961171925, -0.09733274378063615, 0.8801687609980973]], "trans": [-999.5387840824266, 729.4205068554362, -114.56272010665566]}], "rb_ScNup133N_56-480_renamed_1.pdb_5": [{"rot": [[0.2103391909443253, 0.9774334343730037, 0.01952706129145179], [-0.8344133020028172, 0.16908226426216544, 0.524562321705184], [0.5094230719094301, -0.1266296540379571, 0.8511480861310712]], "trans": [-512.3618355576991, 1352.2902396213628, -156.38305659960133]}], "rb_ScNup133N_56-480_renamed_1.pdb_6": [{"rot": [[-0.42906365318066086, 0.8096415350640859, 0.4004809186694601], [-0.7089106478347952, -0.5765955169828919, 0.40618136734921906], [0.5597768081170523, -0.10962752617066909, 0.8213596840605112]], "trans": [271.30833876338454, 1446.9677861360015, -219.26583468451264]}], "rb_ScNup133N_56-480_renamed_1.pdb_7": [{"rot": [[-0.7928896817890836, 0.16532780874461478, 0.5865088815764927], [-0.16663936689113507, -0.9846311754184154, 0.05227590072174528], [0.5861375895764798, -0.05628644641343215, 0.8082540207358206]], "trans": [892.3886143533394, 957.9898214928504, -266.3494314108905]}], "rb_ScNup133C_490_881_renamed_relative_3CQC_1.pdb_7": [{"rot": [[0.8073372139250672, 0.33942383013467736, -0.4826987534150214], [-0.2635325803236648, 0.939293996637691, 0.21972111184031468], [0.5279746226095163, -0.05018218226720077, 0.8477762360807477]], "trans": [171.12393006328784, 98.42143125338805, -236.1475846852794]}], "rb_ScNup133C_490_881_renamed_relative_3CQC_1.pdb_8": [{"rot": [[0.3970050738679462, 0.9018323038208681, -0.1705446191125705], [-0.724915082439953, 0.4220705216728508, 0.5443846048391554], [0.5629254787040489, -0.09249308363306216, 0.8213159775055301]], "trans": [-129.68127309221313, 74.06688996936441, -212.01181275840207]}], "rb_ScNup133C_490_881_renamed_relative_3CQC_1.pdb_9": [{"rot": [[-0.21847556431444687, 0.935073664808183, 0.27911587052634035], [-0.7599581571090408, -0.3424603757819852, 0.5524350554252427], [0.6121535977521602, -0.0914228221039706, 0.7854360829231308]], "trans": [-359.62728038108105, 270.2326456726455, -194.596892880553]}], "rb_ScNup133C_490_881_renamed_relative_3CQC_1.pdb_10": [{"rot": [[-0.6785474644978677, 0.4196746551270636, 0.6028652604583333], [-0.34813307708242425, -0.9064257161121202, 0.23915639613389347], [0.6468204534989881, -0.04759837197435565, 0.7611555004864334]], "trans": [-384.0065651555309, 572.0021495302735, -194.0807257653601]}], "rb_ScNup133C_490_881_renamed_relative_3CQC_1.pdb_11": [{"rot": [[-0.7136940205410757, -0.3424367182252539, 0.6110465931948489], [0.2693072190266764, -0.9394466510408622, -0.21192831719292377], [0.6466177130453749, 0.013307285945107522, 0.7626981377430672]], "trans": [-188.5354853075109, 802.5946880276248, -210.74168448567298]}], "rb_ScNup133C_490_881_renamed_relative_3CQC_1.pdb_12": [{"rot": [[-0.3033258843475198, -0.9048048669686175, 0.29886712866204485], [0.7306574998493747, -0.4221790512917722, -0.5365672991939017], [0.6116641446076874, 0.055614758475420745, 0.7891602960369108]], "trans": [112.27815778504686, 826.9260175533377, -234.79553960242794]}], "rb_ScNup133C_490_881_renamed_relative_3CQC_1.pdb_13": [{"rot": [[0.31215750370989465, -0.9379866001782682, -0.15079400108631238], [0.765652265840775, 0.3423544297289766, -0.5445824568032213], [0.5624360414220378, 0.054539731672963804, 0.8250400699229987]], "trans": [342.21540386541847, 630.742618994683, -252.12719872768605]}], "rb_ScNup133C_490_881_renamed_relative_3CQC_1.pdb_14": [{"rot": [[0.7721972965913628, -0.422543590677554, -0.47451896602170573], [0.3537910896569142, 0.9062792989173472, -0.23127839767962094], [0.5277719204508349, 0.010711971396493908, 0.849318581954049]], "trans": [366.5776854038161, 328.9716102084195, -252.55952666829114]}], "rb_ScNup84_506-726_ScNup133C_882_1155_renamed_relative_3CQC_new_1.pdb_14": [{"rot": [[0.9842205750736964, 0.1687646294161888, 0.05318232281145272], [-0.17688772189691243, 0.9461134297759534, 0.2712565424827681], [-0.0045379999697744144, -0.2763835701621963, 0.961036694773241]], "trans": [-58.40054565622529, 44.216880144309414, 96.17781378833203]}], "rb_ScNup84_506-726_ScNup133C_882_1155_renamed_relative_3CQC_new_1.pdb_15": [{"rot": [[0.5729615987188624, 0.7811806762777003, 0.2479349862440613], [-0.8189817957850307, 0.534137979242102, 0.20967936785457114], [0.03136597784629325, -0.32319246609641333, 0.9458133036134918]], "trans": [-324.044719713732, 216.64108381956683, 116.55361246352783]}], "rb_ScNup84_506-726_ScNup133C_882_1155_renamed_relative_3CQC_new_1.pdb_16": [{"rot": [[-0.1705570570514267, 0.9239843535682167, 0.34229111097293086], [-0.981097894180606, -0.1914746699197764, 0.028006656592593132], [0.0914177899773296, -0.3310443552459996, 0.9391764597430152]], "trans": [-390.4109496026576, 526.9522633592995, 120.37483980346627]}], "rb_ScNup84_506-726_ScNup133C_882_1155_renamed_relative_3CQC_new_1.pdb_17": [{"rot": [[-0.8107716800738892, 0.5135192535991041, 0.2809755487105311], [-0.5682661208065228, -0.8056503966923008, -0.1673351554606703], [0.1404382381464227, -0.2953394902354905, 0.945014119880635]], "trans": [-218.6190487509645, 793.3658711966804, 105.42697185429267]}], "rb_ScNup84_506-726_ScNup133C_882_1155_renamed_relative_3CQC_new_1.pdb_18": [{"rot": [[-0.9726355171557819, -0.20975838050982176, 0.09990782037960366], [0.1776708505666758, -0.9485964004543787, -0.2619120804848675], [0.14971045262779842, -0.23699428442663883, 0.9599065004067254]], "trans": [90.69477839588717, 859.8131762238805, 80.49068532675744]}], "rb_ScNup84_506-726_ScNup133C_882_1155_renamed_relative_3CQC_new_1.pdb_19": [{"rot": [[-0.5613264502544295, -0.8221423124829111, -0.09484004570862468], [0.8197326243972741, -0.5365728966635321, -0.2003196222661811], [0.11380263944004278, -0.19018818204967186, 0.9751294348265372]], "trans": [356.33204390957286, 687.3685270441443, 60.19801337151728]}], "rb_ScNup84_506-726_ScNup133C_882_1155_renamed_relative_3CQC_new_1.pdb_20": [{"rot": [[0.1822048697815124, -0.9648894003568881, -0.18918200365475804], [0.9817903605042969, 0.18905093662815764, -0.018639511282778423], [0.053750101848709014, -0.18234085784306026, 0.9817651135135697]], "trans": [422.68060550599574, 377.0525474116946, 56.46069424781297]}], "rb_ScNup84_506-726_ScNup133C_882_1155_renamed_relative_3CQC_new_1.pdb_21": [{"rot": [[0.8223873118833768, -0.5543763873212372, -0.12785120427234437], [0.5689083520621706, 0.8031944265823693, 0.17669748176169844], [0.004732463115580426, -0.2180493849743084, 0.9759262623298887]], "trans": [250.8744536265164, 110.65283044571288, 71.49210709569687]}], "rb_4XMM.renamed.noAb_Nup145c_149-550_Sec13_Nup84_7-436_3IKO_updated_1.pdb_21": [{"rot": [[0.9982155928314885, -0.057301183252102136, -0.01679894716907147], [0.0571977921905165, 0.9983412336650007, -0.006572193908823019], [0.017147676128581795, 0.005599603749703251, 0.9998372875829525]], "trans": [28.57885850828734, -28.565253278808882, -10.614126687464648]}], "rb_4XMM.renamed.noAb_Nup145c_149-550_Sec13_Nup84_7-436_3IKO_updated_1.pdb_22": [{"rot": [[0.7483398226165536, 0.6633077130683833, 0.003222990880606274], [-0.6620740731361661, 0.7466332643619915, 0.06478186651404118], [0.04056391952353393, -0.05061270919589054, 0.9978942439460909]], "trans": [-315.80318711718155, 97.72578042183007, 16.26202755579709]}], "rb_4XMM.renamed.noAb_Nup145c_149-550_Sec13_Nup84_7-436_3IKO_updated_1.pdb_23": [{"rot": [[0.06457608906387308, 0.9956148658596389, 0.0676828456886063], [-0.9932189160920157, 0.05755368221741247, 0.10101365442462731], [0.09667529900763502, -0.07374694937765278, 0.9925801096230338]], "trans": [-470.38490417637047, 431.28222722197, 27.00147625505332]}], "rb_4XMM.renamed.noAb_Nup145c_149-550_Sec13_Nup84_7-436_3IKO_updated_1.pdb_24": [{"rot": [[-0.6525171716427491, 0.7449500594856927, 0.1388191254244494], [-0.7422474185312101, -0.6652249775263337, 0.08089807759670449], [0.15261097730864792, -0.0502507527043206, 0.987007979429522]], "trans": [-344.6082298745331, 776.7021342353686, 15.336903837239902]}], "rb_4XMM.renamed.noAb_Nup145c_149-550_Sec13_Nup84_7-436_3IKO_updated_1.pdb_25": [{"rot": [[-0.9828566163663984, 0.058156271894172655, 0.17495919439733443], [-0.05618222242298502, -0.9982887848122582, 0.016219124565703222], [0.17560304538477522, 0.006111477516494888, 0.9844420857999504]], "trans": [-12.153000129529175, 931.6337663080674, -11.874413803630603]}], "rb_4XMM.renamed.noAb_Nup145c_149-550_Sec13_Nup84_7-436_3IKO_updated_1.pdb_26": [{"rot": [[-0.7329247406017906, -0.6624330123514041, 0.15493169062797282], [0.6630700068331964, -0.7465242651325843, -0.055133362009578246], [0.15218242556886172, 0.06232195211399387, 0.9863855654016224]], "trans": [332.22573719454243, 805.3161056310466, -38.6676982127712]}], "rb_4XMM.renamed.noAb_Nup145c_149-550_Sec13_Nup84_7-436_3IKO_updated_1.pdb_27": [{"rot": [[-0.049135161211280975, -0.9946864302310702, 0.09046900821225971], [0.9941611718826301, -0.05741862399539194, -0.0913600894232793], [0.0960692471798089, 0.08545178250126961, 0.9916999004808151]], "trans": [486.7879753723078, 471.74793570310055, -49.32306069680999]}], "rb_4XMM.renamed.noAb_Nup145c_149-550_Sec13_Nup84_7-436_3IKO_updated_1.pdb_28": [{"rot": [[0.6679385447651006, -0.7439652447777264, 0.019334295433141954], [0.7431333998539317, 0.6653403376316115, -0.0712389299595974], [0.04013540131373921, 0.061951187906847574, 0.9972718786160143]], "trans": [360.99088929093796, 126.338310574395, -37.57443477080011]}], "rb_4XMM.renamed.noAb_Seh1_Nup85_47_544_3F3F_1.pdb_28": [{"rot": [[0.6649665376146543, -0.7161874290979187, 0.2118845682320897], [0.23807970523462413, 0.4721573744194878, 0.8487552460731521], [-0.7079106990349701, -0.5139484217150746, 0.48447854648932687]], "trans": [475.7456204308846, -74.81710372777172, 763.0382762619165]}], "rb_4XMM.renamed.noAb_Seh1_Nup85_47_544_3F3F_1.pdb_29": [{"rot": [[0.6252717493265466, -0.18502955776280394, 0.758155196676926], [-0.34107333952578134, 0.8090024602897506, 0.47873165375799864], [-0.7019289255749888, -0.5579239034126773, 0.4427377343777129]], "trans": [-16.100608706964294, -205.56417031250461, 802.918850767468]}], "rb_4XMM.renamed.noAb_Seh1_Nup85_47_544_3F3F_1.pdb_30": [{"rot": [[0.18895180079971544, 0.42813352169723484, 0.8837414240453338], [-0.7222723659720067, 0.6703117235401331, -0.17030802282294952], [-0.6652968107001196, -0.6061220016496564, 0.43588561892825706]], "trans": [-456.1779961559802, 50.91715347466701, 836.7890790654164]}], "rb_4XMM.renamed.noAb_Seh1_Nup85_47_544_3F3F_1.pdb_31": [{"rot": [[-0.3883909300075476, 0.7641022317350865, 0.5150730675790943], [-0.6822056095055802, 0.13733215329794918, -0.7181471896691333], [-0.6194739638168806, -0.6303075908856045, 0.4679362659860779]], "trans": [-586.6810899181028, 544.3766085677322, 844.8313087497913]}], "rb_4XMM.renamed.noAb_Seh1_Nup85_47_544_3F3F_1.pdb_32": [{"rot": [[-0.7685409308558432, 0.6260613648517664, -0.13187875128004295], [-0.24434474100580117, -0.477709303176989, -0.8438539383098058], [-0.5913040547316144, -0.6163124119292951, 0.5201139545905811]], "trans": [-331.15742423459517, 985.7388051900359, 822.3582931772337]}], "rb_4XMM.renamed.noAb_Seh1_Nup85_47_544_3F3F_1.pdb_33": [{"rot": [[-0.7288009711332278, 0.09487720724374642, -0.6781205350237497], [0.3348051689219143, -0.8145126885971264, -0.47378748292610523], [-0.5972894133821877, -0.572335037945357, 0.5618522590518387]], "trans": [160.7055479927215, 1116.4476621484393, 782.5590466408539]}], "rb_4XMM.renamed.noAb_Seh1_Nup85_47_544_3F3F_1.pdb_34": [{"rot": [[-0.29245127957864236, -0.5182750718655731, -0.8036561447258121], [0.7159699370281807, -0.6757738308556128, 0.1752620289811754], [-0.633923732277538, -0.5241380346945549, 0.5687002921063535]], "trans": [600.7694757044412, 859.9322048370069, 748.772533832226]}], "rb_4XMM.renamed.noAb_Seh1_Nup85_47_544_3F3F_1.pdb_35": [{"rot": [[0.284888341964587, -0.8542022219268173, -0.43494505017066476], [0.6758578677331164, -0.14276790903532027, 0.7230722417386335], [-0.679746110864872, -0.49995588625895393, 0.5366463794335243]], "trans": [731.2406184849207, 366.46292181190313, 740.815375245661]}], "rb_4XMM.renamed.noAb_Nup120_715-1036_Nup85_553-744_Nup145c_92-99_554-712_remaining_updated_1.pdb_35": [{"rot": [[0.9898746101761681, -0.05309125427330613, 0.1316418430753102], [0.03616857271715426, 0.9911451839006306, 0.12776172657798412], [-0.13725920907604475, -0.12170679171792675, 0.983029687432453]], "trans": [-8.666313386543834, -53.386084895196745, 144.77555746161755]}], "rb_4XMM.renamed.noAb_Nup120_715-1036_Nup85_553-744_Nup145c_92-99_554-712_remaining_updated_1.pdb_36": [{"rot": [[0.7245486954294, 0.6587024459258405, 0.20283065765033576], [-0.6799591118636662, 0.7312451933099622, 0.054185546547472326], [-0.11262679141805815, -0.17717662089674593, 0.9777134809659127]], "trans": [-356.634382653015, 115.3743398080183, 171.73090635236804]}], "rb_4XMM.renamed.noAb_Nup120_715-1036_Nup85_553-744_Nup145c_92-99_554-712_remaining_updated_1.pdb_37": [{"rot": [[0.032072362636193064, 0.9789995237733142, 0.2013238585129793], [-0.9979219504033516, 0.04262843265162075, -0.04831767412484318], [-0.05588510050184069, -0.1993558355837316, 0.9783323087584347]], "trans": [-483.81633610752675, 481.492747741887, 180.12799491512692]}], "rb_4XMM.renamed.noAb_Nup120_715-1036_Nup85_553-744_Nup145c_92-99_554-712_remaining_updated_1.pdb_38": [{"rot": [[-0.6818919885368991, 0.7201654348772677, 0.12800414984377217], [-0.7314528288093312, -0.6713036901844116, -0.11970010347370841], [-0.0002742189239545306, -0.17525153908832047, 0.9845236527636876]], "trans": [-315.7052788116193, 830.4919300643767, 165.07169517206827]}], "rb_4XMM.renamed.noAb_Nup120_715-1036_Nup85_553-744_Nup145c_92-99_554-712_remaining_updated_1.pdb_39": [{"rot": [[-0.9990939742753282, 0.03382883807365826, 0.02582325078902805], [-0.03665311572599643, -0.9923196711978556, -0.11814490789430437], [0.02162821477384442, -0.11898436816810501, 0.9926605363654437]], "trans": [49.21887484412116, 957.9233616776813, 135.40620470768857]}], "rb_4XMM.renamed.noAb_Nup120_715-1036_Nup85_553-744_Nup145c_92-99_554-712_remaining_updated_1.pdb_40": [{"rot": [[-0.7337121987855235, -0.6779446108839444, -0.045359827234307204], [0.6794537202464803, -0.7323638223857035, -0.04456314288530365], [-0.0030085538929295608, -0.06351642491525736, 0.9979762584197354]], "trans": [397.1803235568587, 789.1360299547212, 108.53399102062349]}], "rb_4XMM.renamed.noAb_Nup120_715-1036_Nup85_553-744_Nup145c_92-99_554-712_remaining_updated_1.pdb_41": [{"rot": [[-0.041211048032447295, -0.9981879895905471, -0.04384503343876378], [0.9973621974890358, -0.04372194535958268, 0.0579399561081345], [-0.05975195846084211, -0.041341612585295534, 0.9973567939954779]], "trans": [524.3402577535094, 423.0080505153628, 100.22118068815536]}], "rb_4XMM.renamed.noAb_Nup120_715-1036_Nup85_553-744_Nup145c_92-99_554-712_remaining_updated_1.pdb_42": [{"rot": [[0.6727325396065233, -0.7392982113681816, 0.02948024461163648], [0.7308370475234511, 0.67018983846814, 0.1293166284019583], [-0.11536091245200564, -0.06545024890596501, 0.9911650340868492]], "trans": [356.2085083658661, 74.02247291487242, 115.3615401148563]}], "rb_4XMM.renamed.noAb_Nup120_2-711_3F7F_updated_1.pdb_42": [{"rot": [[0.9813084398113245, 0.19027567551584398, 0.02879085379166426], [-0.1910263986628766, 0.9450190893428567, 0.2654201118820675], [0.023295084652249387, -0.26595880899978996, 0.9637028852018954]], "trans": [-111.02512797517147, 67.16432110698463, 153.82378112712632]}], "rb_4XMM.renamed.noAb_Nup120_2-711_3F7F_updated_1.pdb_43": [{"rot": [[0.5614796756497862, 0.7958653493468416, 0.2265809337548954], [-0.8253237222002349, 0.5188044198761486, 0.22289622583283453], [0.0598441927488368, -0.3121543202103766, 0.948144689890861]], "trans": [-344.0351851321134, 273.2754799211557, 171.43453566976746]}], "rb_4XMM.renamed.noAb_Nup120_2-711_3F7F_updated_1.pdb_44": [{"rot": [[-0.1826050809535375, 0.9238031480762727, 0.336516163080348], [-0.9758499036406887, -0.212030466999321, 0.05253614592361805], [0.11988473620277866, -0.31879589813612286, 0.9402110536242234]], "trans": [-363.57142595121974, 584.2480883713887, 171.51990474381324]}], "rb_4XMM.renamed.noAb_Nup120_2-711_3F7F_updated_1.pdb_45": [{"rot": [[-0.8150504879853515, 0.4991413052854747, 0.2941949343424385], [-0.5544245834772619, -0.819352189779997, -0.1458607909576362], [0.1682441180870932, -0.28199281278187777, 0.9445496123912496]], "trans": [-158.18733176039876, 817.9101245089374, 154.05388284317058]}], "rb_4XMM.renamed.noAb_Nup120_2-711_3F7F_updated_1.pdb_46": [{"rot": [[-0.9653611085261801, -0.2293472837867195, 0.12440962006515947], [0.1920753436412955, -0.9473831200246683, -0.2560708617890795], [0.1765927306266643, -0.22330483047166166, 0.9586187772925374]], "trans": [151.80211248690227, 837.3791897248957, 129.29231676933097]}], "rb_4XMM.renamed.noAb_Nup120_2-711_3F7F_updated_1.pdb_47": [{"rot": [[-0.5454828616834565, -0.8349037319727125, -0.07337714867492764], [0.8263396947599603, -0.5211209335598903, -0.21353145311565366], [0.1400398388803745, -0.17711219874334963, 0.9741766331536872]], "trans": [384.80263283871426, 631.2501478971153, 111.76488596761783]}], "rb_4XMM.renamed.noAb_Nup120_2-711_3F7F_updated_1.pdb_48": [{"rot": [[0.19861365525907132, -0.9627845335792306, -0.18329909395644067], [0.9768074698660679, 0.2097239704864408, -0.0431627503439139], [0.07999864222897392, -0.17047521257949416, 0.9821091686454693]], "trans": [404.3211525048727, 320.2764149429794, 111.76341143963577]}], "rb_4XMM.renamed.noAb_Nup120_2-711_3F7F_updated_1.pdb_49": [{"rot": [[0.831026210915582, -0.5380753119058729, -0.14096239033404084], [0.555332524706832, 0.8170123424108379, 0.1552308582437457], [0.03164212025172582, -0.20728191205638682, 0.9777693926280481]], "trans": [198.92536079307865, 86.6309051518341, 129.312761885854]}]}
