{"rb_ScNup133N_56-480_renamed_1.pdb_0": [{"rot": [[0.61079463417255, 0.0534707811418445, 0.7899815127141286], [0.5633819814855581, 0.6717020914616957, -0.48105825350303627], [-0.5563547948956927, 0.7388891499339167, 0.38014755859600985]], "trans": [3.897755886741038, -137.1747713196823, 398.7613919293835]}], "rb_ScNup133N_56-480_renamed_1.pdb_1": [{"rot": [[0.8191978576866201, 0.526057813225385, 0.22842514552075768], [-0.06414425969378798, 0.4798355479467134, -0.8750104918656774], [-0.569912610765887, 0.7021545585348035, 0.42682384190530814]], "trans": [-401.7762922687276, 61.902037323379716, 430.1687611317523]}], "rb_ScNup133N_56-480_renamed_1.pdb_2": [{"rot": [[0.5242761338283759, 0.7251044854330061, -0.446495263919907], [-0.6555239516118639, 0.008988584839490998, -0.755120887147052], [-0.543528181754303, 0.688580199067269, 0.4800358581307678]], "trans": [-548.4076901790081, 490.3826787902483, 439.8126691354204]}], "rb_ScNup133N_56-480_renamed_1.pdb_3": [{"rot": [[-0.10120123316971674, 0.534006450627405, -0.8394018233797504], [-0.8643185322894048, -0.46501000792958025, -0.19162246023475765], [-0.4926578783963757, 0.7061181227058635, 0.5086112578780864]], "trans": [-350.095784106284, 897.2572685277668, 422.06758355392265]}], "rb_ScNup133N_56-480_renamed_1.pdb_4": [{"rot": [[-0.6908207824892999, 0.06471163207999409, -0.7201243303447087], [-0.5682131923619199, -0.6644851713362206, 0.485379465058164], [-0.44710224167045665, 0.7444943664983752, 0.4958101690621479]], "trans": [76.98742851343081, 1044.1730517311607, 387.3528306277937]}], "rb_ScNup133N_56-480_renamed_1.pdb_5": [{"rot": [[-0.8991750685033169, -0.407860448447212, -0.15853722204736065], [0.059329384955777054, -0.4725815420570163, 0.8792876151679729], [-0.4335484059050664, 0.7812275857261131, 0.4491316500066813]], "trans": [482.6524931934733, 845.0648078825185, 356.02880700036246]}], "rb_ScNup133N_56-480_renamed_1.pdb_6": [{"rot": [[-0.6042072126693242, -0.6068704029150406, 0.5163738550934799], [0.6506859095206391, -0.0017189719648982305, 0.7593450416554272], [-0.45993639920065527, 0.7947989426270773, 0.3959206353414978]], "trans": [629.257008506127, 416.57307044979257, 346.469572282498]}], "rb_ScNup133N_56-480_renamed_1.pdb_7": [{"rot": [[0.021286456018358768, -0.41573539395587983, 0.9092364758425211], [0.8594313911155738, 0.47226460621793287, 0.1958157952744618], [-0.5108077630139616, 0.7772581449725501, 0.3673488877327685]], "trans": [430.91989559683657, 9.71445774975109, 364.29906585832157]}], "rb_ScNup133C_490_881_renamed_relative_3CQC_1.pdb_7": [{"rot": [[0.8152569223936511, 0.3270824094968605, -0.4778841364671569], [-0.28918308676259863, 0.9449044181984386, 0.1533909475801149], [0.5017263126642727, 0.013142977851241008, 0.864926568740673]], "trans": [168.32332379257537, 132.0771342384167, -243.04879798516833]}], "rb_ScNup133C_490_881_renamed_relative_3CQC_1.pdb_8": [{"rot": [[0.3840174433297927, 0.8982901173300777, -0.21355436854713228], [-0.7501459562599946, 0.4383829126403933, 0.4950772325725584], [0.5383415714258256, -0.029921347096015127, 0.8421953843751058]], "trans": [-108.07624868375422, 99.44109438204163, -220.81801254288047]}], "rb_ScNup133C_490_881_renamed_relative_3CQC_1.pdb_9": [{"rot": [[-0.24595654574770914, 0.9452995083087268, 0.21427603037935347], [-0.7700617028234533, -0.32482540308792357, 0.5490841751074335], [0.5886512986892135, -0.029954917794020375, 0.8078318831610047]], "trans": [-326.5961092985137, 272.4410707172168, -204.20111485046084]}], "rb_ScNup133C_490_881_renamed_relative_3CQC_1.pdb_10": [{"rot": [[-0.705617399404008, 0.4405718183651025, 0.5549779802125403], [-0.3372634013040742, -0.8976223363956125, 0.2837737467499202], [0.6231833468563892, 0.013061931945463706, 0.7819666886349574]], "trans": [-359.2223292342788, 549.7313546023098, -202.9085129731996]}], "rb_ScNup133C_490_881_renamed_relative_3CQC_1.pdb_11": [{"rot": [[-0.7256893083492072, -0.3202163550713916, 0.6089634748426547], [0.29470960081203895, -0.9444553673142695, -0.1454314626911099], [0.621708355209142, 0.07392932500746585, 0.779751996449565]], "trans": [-186.84009548371358, 768.8715047396097, -217.6734264152965]}], "rb_ScNup133C_490_881_renamed_relative_3CQC_1.pdb_12": [{"rot": [[-0.29441386530929337, -0.891384572888412, 0.3446070503199014], [0.7556386080659372, -0.43788904598600964, -0.4870969897316484], [0.5850903946518116, 0.11699028430602307, 0.8024852045141903]], "trans": [89.56856217186896, 801.4862480977488, -239.82235579590474]}], "rb_ScNup133C_490_881_renamed_relative_3CQC_1.pdb_13": [{"rot": [[0.33556169419920506, -0.9383344396168768, -0.08322757244470463], [0.7755049089092848, 0.32532293396994133, -0.5410703511474166], [0.5347807827921258, 0.1170190927245145, 0.8368488790063415]], "trans": [308.08146805501934, 628.4695249448274, -256.35614108277343]}], "rb_ScNup133C_490_881_renamed_relative_3CQC_1.pdb_14": [{"rot": [[0.7951888047608209, -0.43356206133413117, -0.4239088389674767], [0.34267054419320714, 0.8980802334064708, -0.2757331907966618], [0.500251599623016, 0.07399887388518914, 0.8627122948807069]], "trans": [340.69259420667913, 351.17708803480286, -257.56505282729574]}], "rb_ScNup84_506-726_ScNup133C_882_1155_renamed_relative_3CQC_new_1.pdb_14": [{"rot": [[0.9781946453796619, 0.18043766527984817, 0.10284689931600637], [-0.2026726958190445, 0.9374978056859622, 0.28288096914329297], [-0.04537636080604447, -0.2975569076367831, 0.9536251216267513]], "trans": [-72.36599514038062, 57.814186677717146, 129.1852689144904]}], "rb_ScNup84_506-726_ScNup133C_882_1155_renamed_relative_3CQC_new_1.pdb_15": [{"rot": [[0.549704090162829, 0.7829636800998858, 0.29119287234185887], [-0.8353197436477791, 0.5185995724241192, 0.18247029718212052], [-0.008144883698806199, -0.34354382417090024, 0.9391013266647898]], "trans": [-323.7069284878785, 237.9992829108136, 148.38325033186834]}], "rb_ScNup84_506-726_ScNup133C_882_1155_renamed_relative_3CQC_new_1.pdb_16": [{"rot": [[-0.19934445703985082, 0.9138916576891211, 0.3536436418963569], [-0.978535193881842, -0.20489069243359048, -0.02210607357065464], [0.05225573444239798, -0.35045947292135715, 0.9351189742795145]], "trans": [-374.4849254209118, 543.6499393637725, 150.98467462783933]}], "rb_ScNup84_506-726_ScNup133C_882_1155_renamed_relative_3CQC_new_1.pdb_17": [{"rot": [[-0.8301477956925313, 0.4965221426912963, 0.25361466661862475], [-0.5484214164362711, -0.8091421905207852, -0.21100442060122912], [0.10044195986173483, -0.3142525693394888, 0.9440109826493887]], "trans": [-194.9516060270895, 795.7118086073738, 135.48959567092749]}], "rb_ScNup84_506-726_ScNup133C_882_1155_renamed_relative_3CQC_new_1.pdb_18": [{"rot": [[-0.9731724356853976, -0.22464391809770107, 0.04970433063490945], [0.2030548732570559, -0.9401758743118637, -0.27356542875239936], [0.1081856222827784, -0.2561336280608942, 0.9605682878940216]], "trans": [109.72179311214745, 846.5236103615391, 110.99925409589167]}], "rb_ScNup84_506-726_ScNup133C_882_1155_renamed_relative_3CQC_new_1.pdb_19": [{"rot": [[-0.5446325262632054, -0.8271372778262196, -0.13863381609979125], [0.8356682688801036, -0.5212303642670711, -0.17313997733899497], [0.0709503750736413, -0.2101495443636461, 0.9750913871431037]], "trans": [361.0552122253708, 666.319191507453, 91.88444221239047]}], "rb_ScNup84_506-726_ScNup133C_882_1155_renamed_relative_3CQC_new_1.pdb_20": [{"rot": [[0.20442721122180307, -0.9580088312089209, -0.2010686316604208], [0.9788249234280125, 0.2022701526976618, 0.031441288202146894], [0.010549151066421653, -0.20323844285317247, 0.9790724440808227]], "trans": [411.81590393410767, 360.66495828732445, 89.36689124181319]}], "rb_ScNup84_506-726_ScNup133C_882_1155_renamed_relative_3CQC_new_1.pdb_21": [{"rot": [[0.8351970208086101, -0.5405921769853159, -0.101024920760663], [0.5486616501577883, 0.8064888723871046, 0.22033177792118108], [-0.037634161058192755, -0.23944894424084, 0.9701792994201601]], "trans": [232.26945264889184, 108.61758704137321, 104.94542294137915]}], "rb_4XMM.renamed.noAb_Nup145c_149-550_Sec13_Nup84_7-436_3IKO_updated_1.pdb_21": [{"rot": [[0.9997425047983421, -0.01657495378113243, 0.015498225920751538], [0.016702180978002388, 0.9998275685055407, -0.008116058580199197], [-0.015361030242642782, 0.008372822908224779, 0.9998469555819194]], "trans": [2.3600689738472056, -3.5629811695229137, 4.568953238644212]}], "rb_4XMM.renamed.noAb_Nup145c_149-550_Sec13_Nup84_7-436_3IKO_updated_1.pdb_22": [{"rot": [[0.7202306630065669, 0.6932829229399359, 0.025031596532798794], [-0.6936570994488865, 0.7191416102234207, 0.04092887525236564], [0.010374027630544132, -0.04684157560464037, 0.9988484601507859]], "trans": [-316.4642912696552, 134.7574718096622, 29.349472897673195]}], "rb_4XMM.renamed.noAb_Nup145c_149-550_Sec13_Nup84_7-436_3IKO_updated_1.pdb_23": [{"rot": [[0.021785793741792348, 0.9975587718281742, 0.06634663472780505], [-0.9974798599309997, 0.017206106228265905, 0.06883225218235188], [0.06752264970417954, -0.06767899716401195, 0.9954196326774957]], "trans": [-444.48790384471465, 458.6870782714721, 38.01891534485509]}], "rb_4XMM.renamed.noAb_Nup145c_149-550_Sec13_Nup84_7-436_3IKO_updated_1.pdb_24": [{"rot": [[-0.686433250508019, 0.7180035103153833, 0.11524040858909708], [-0.7167824434769924, -0.6947752279489552, 0.0592478805665589], [0.12260636737195656, -0.04193258641276608, 0.9915691286423698]], "trans": [-306.7108180326607, 778.4634241383066, 25.5226038566787]}], "rb_4XMM.renamed.noAb_Nup145c_149-550_Sec13_Nup84_7-436_3IKO_updated_1.pdb_25": [{"rot": [[-0.9895417677328041, 0.01838455232494406, 0.14307025598651857], [-0.01600135447919453, -0.9997136878104149, 0.017790420437158005], [0.1433563621436723, 0.015315046206625757, 0.9895526276012916]], "trans": [16.15711998015911, 906.7571339500768, -0.7949411979038814]}], "rb_4XMM.renamed.noAb_Nup145c_149-550_Sec13_Nup84_7-436_3IKO_updated_1.pdb_26": [{"rot": [[-0.7099745147121914, -0.6914514519250371, 0.1335330599138117], [0.6943359641141292, -0.7189720239369863, -0.031253763511859926], [0.11761699450712941, 0.07052743031410391, 0.9905514242967894]], "trans": [334.9772330071731, 768.4120603529188, -25.492525947346167]}], "rb_4XMM.renamed.noAb_Nup145c_149-550_Sec13_Nup84_7-436_3IKO_updated_1.pdb_27": [{"rot": [[-0.011505930163923428, -0.9956725624572609, 0.09221584430483282], [0.9981038953148176, -0.01701266148318481, -0.059153896800166535], [0.060466748948898426, 0.09136037280489179, 0.9939804095416068]], "trans": [462.9821168128265, 444.47281492076564, -34.077952108293346]}], "rb_4XMM.renamed.noAb_Nup145c_149-550_Sec13_Nup84_7-436_3IKO_updated_1.pdb_28": [{"rot": [[0.6966912406765826, -0.716061763204293, 0.04332281663606177], [0.7173509018976779, 0.6949467073985427, -0.04956568795559243], [0.005385045135453369, 0.06560964222339671, 0.9978308354306384]], "trans": [325.18661893417, 124.70769196631181, -21.497751079967202]}], "rb_4XMM.renamed.noAb_Seh1_Nup85_47_544_3F3F_1.pdb_28": [{"rot": [[0.6574736719105252, -0.7279131666174693, 0.1946041947374746], [0.2153909978230023, 0.4290674130941488, 0.8772159785808212], [-0.7220353791894855, -0.5348304188110703, 0.4388864708703979]], "trans": [488.78295801960616, -49.17263797371106, 793.3590888325041]}], "rb_4XMM.renamed.noAb_Seh1_Nup85_47_544_3F3F_1.pdb_29": [{"rot": [[0.6036852071911987, -0.2241332188342129, 0.7650676250067937], [-0.3526493891410821, 0.7855946468714818, 0.5084087520345171], [-0.7149843207769963, -0.57671947342004, 0.3952114244567971]], "trans": [11.820603144468748, -194.87276470649874, 832.1260800963421]}], "rb_4XMM.renamed.noAb_Seh1_Nup85_47_544_3F3F_1.pdb_30": [{"rot": [[0.1652291066019282, 0.38353745725772864, 0.9086244335322518], [-0.7159963527712301, 0.6802363023510947, -0.15693245611411097], [-0.6782688000710528, -0.6246419709273361, 0.3870062570633555]], "trans": [-428.26874741599494, 40.48149392704503, 866.1000550766296]}], "rb_4XMM.renamed.noAb_Seh1_Nup85_47_544_3F3F_1.pdb_31": [{"rot": [[-0.40104086390107363, 0.739116811447163, 0.541177017728636], [-0.6617961185807141, 0.17471278330568824, -0.7290413848205615], [-0.6333972867900391, -0.6505242365859703, 0.41907767144201147]], "trans": [-573.6726335043587, 519.0164115195231, 875.4025850980547]}], "rb_4XMM.renamed.noAb_Seh1_Nup85_47_544_3F3F_1.pdb_32": [{"rot": [[-0.7633957711905633, 0.6343014443810255, -0.12201874521773312], [-0.2217999479816402, -0.43483310492631955, -0.8727685569127009], [-0.6066561461023098, -0.639204074233168, 0.4726377808428055]], "trans": [-339.20949511600185, 960.3996027981024, 854.6081218095787]}], "rb_4XMM.renamed.noAb_Seh1_Nup85_47_544_3F3F_1.pdb_33": [{"rot": [[-0.7095630013721661, 0.13049367598333567, -0.6924534263126148], [0.34623619834304803, -0.7913207864215949, -0.503916568425828], [-0.6137107152728205, -0.5973129945894906, 0.5163103179812101]], "trans": [137.7707686901889, 1106.0626876039744, 815.92235990871]}], "rb_4XMM.renamed.noAb_Seh1_Nup85_47_544_3F3F_1.pdb_34": [{"rot": [[-0.2710785500475533, -0.477168799329006, -0.8359583462416241], [0.7095487365666858, -0.6859147508838965, 0.16143588497140965], [-0.6504283282120608, -0.549391382774427, 0.524511294818774]], "trans": [577.8483072940913, 870.6742938035429, 782.0319690874069]}], "rb_4XMM.renamed.noAb_Seh1_Nup85_47_544_3F3F_1.pdb_35": [{"rot": [[0.29518720856655345, -0.8327087354771274, -0.4684662994909764], [0.6553040590910768, -0.1803633401563091, 0.7335159546093172], [-0.6952992895418809, -0.523512394683968, 0.4924364634902787]], "trans": [723.2214068275088, 392.1283782566327, 772.8144230444858]}], "rb_4XMM.renamed.noAb_Nup120_715-1036_Nup85_553-744_Nup145c_92-99_554-712_remaining_updated_1.pdb_35": [{"rot": [[0.9930049988781949, -0.10314497927568297, 0.05746464524499387], [0.09584730455643534, 0.9883968425960533, 0.11783452700892179], [-0.06895191376734947, -0.11150244300628269, 0.9913691738154101]], "trans": [39.904229984617245, -80.20987078656924, 99.47154494275816]}], "rb_4XMM.renamed.noAb_Nup120_715-1036_Nup85_553-744_Nup145c_92-99_554-712_remaining_updated_1.pdb_36": [{"rot": [[0.7701912154346229, 0.6214814347861289, 0.14340961572890004], [-0.636032033316614, 0.7651656618133698, 0.0999237838396819], [-0.04763133697966036, -0.16817353001551785, 0.9846059717164259]], "trans": [-342.00679052817645, 59.56700716464435, 129.2733758649954]}], "rb_4XMM.renamed.noAb_Nup120_715-1036_Nup85_553-744_Nup145c_92-99_554-712_remaining_updated_1.pdb_37": [{"rot": [[0.09668329459919539, 0.9767035462128257, 0.19157902641138355], [-0.9952846380368585, 0.09336418580973299, 0.0262986329668093], [0.007799348260112027, -0.19321830043599397, 0.9811247925434059]], "trans": [-513.6291565655597, 429.2768754572111, 141.19516633675912]}], "rb_4XMM.renamed.noAb_Nup120_715-1036_Nup85_553-744_Nup145c_92-99_554-712_remaining_updated_1.pdb_38": [{"rot": [[-0.6329683271410107, 0.7544272334988772, 0.1737545573259549], [-0.7714552682974526, -0.633456808371115, -0.0599102741137399], [0.06486806496584724, -0.17196517462413322, 0.9829649601405308]], "trans": [-374.42215288820813, 812.3385971313825, 128.2769683036313]}], "rb_4XMM.renamed.noAb_Nup120_715-1036_Nup85_553-744_Nup145c_92-99_554-712_remaining_updated_1.pdb_39": [{"rot": [[-0.9913234416827156, 0.08486509472812397, 0.10037803378787238], [-0.0956663248858537, -0.9895153341620151, -0.10820054408859014], [0.09014315422241995, -0.11686453334959757, 0.9890484783830421]], "trans": [-5.933291729803216, 984.3493312553321, 98.1104492211968]}], "rb_4XMM.renamed.noAb_Nup120_715-1036_Nup85_553-744_Nup145c_92-99_554-712_remaining_updated_1.pdb_40": [{"rot": [[-0.7684525701202741, -0.63974392838137, 0.014434457894726582], [0.6361955005233213, -0.7662272867294451, -0.09028305591366757], [0.06881811236457144, -0.06019510919005196, 0.9958115365068693]], "trans": [375.97336968938345, 844.542881223079, 68.39158621705138]}], "rb_4XMM.renamed.noAb_Nup120_715-1036_Nup85_553-744_Nup145c_92-99_554-712_remaining_updated_1.pdb_41": [{"rot": [[-0.09491661149425357, -0.9949136531048376, -0.03372921179085763], [0.9953952313536397, -0.09439795262087314, -0.01665412679842508], [0.013385449595719521, -0.03515464985703886, 0.9992922397039548]], "trans": [547.5734375653301, 474.8199535296421, 56.55411317617836]}], "rb_4XMM.renamed.noAb_Nup120_715-1036_Nup85_553-744_Nup145c_92-99_554-712_remaining_updated_1.pdb_42": [{"rot": [[0.634717572775207, -0.7725806468061529, -0.015898018459322455], [0.7715086005684966, 0.6324055714492889, 0.06955337841352775], [-0.043681598633597295, -0.056412209498313895, 0.9974515429635309]], "trans": [408.3430859146139, 91.76956910629644, 69.55659361547757]}], "rb_4XMM.renamed.noAb_Nup120_2-711_3F7F_updated_1.pdb_42": [{"rot": [[0.9710756162626057, 0.17665253910553153, 0.16064254706574058], [-0.21190022470961462, 0.9476629167945516, 0.23881643766804914], [-0.11004745461942698, -0.26594901120329634, 0.9576850636674739]], "trans": [-133.8034042515078, 90.699050491317, 238.56670512375348]}], "rb_4XMM.renamed.noAb_Nup120_2-711_3F7F_updated_1.pdb_43": [{"rot": [[0.5368733151007632, 0.7880714001684177, 0.3011818583004392], [-0.8405522927923108, 0.530275528936647, 0.11081383709874998], [-0.07238015345594079, -0.31265209362412494, 0.9471060034326386]], "trans": [-341.9166376373439, 310.85131004035964, 254.1247120644161]}], "rb_4XMM.renamed.noAb_Nup120_2-711_3F7F_updated_1.pdb_44": [{"rot": [[-0.2133994936479085, 0.9263548626055484, 0.31036643606851366], [-0.9768923580460049, -0.19845502492079475, -0.07935315919988355], [-0.011915406083369218, -0.32012852358192206, 0.9472991879480983]], "trans": [-333.9442241102901, 614.0877594479197, 252.0551111192503]}], "rb_4XMM.renamed.noAb_Nup120_2-711_3F7F_updated_1.pdb_45": [{"rot": [[-0.8402224197718337, 0.5104945243244324, 0.18281582521087925], [-0.5410504878501629, -0.8116281112272742, -0.22028204344146407], [0.035925685934497284, -0.2839985029897476, 0.9581514470007948]], "trans": [-114.55460258626181, 822.768327812291, 233.5943086044945]}], "rb_4XMM.renamed.noAb_Nup120_2-711_3F7F_updated_1.pdb_46": [{"rot": [[-0.9763937549443588, -0.21589276487908268, -0.006749027968448503], [0.2116510048641211, -0.950038290283939, -0.22941468814000593], [0.043117136334195116, -0.2254275073437878, 0.973305374220806]], "trans": [187.73260659156563, 814.6451125847902, 209.58090783179424]}], "rb_4XMM.renamed.noAb_Nup120_2-711_3F7F_updated_1.pdb_47": [{"rot": [[-0.5421424110055932, -0.8272790889288002, -0.14727835961258964], [0.8402689725737722, -0.5326029276158708, -0.1014010612608132], [0.0054460920721307315, -0.1787272517444845, 0.9838835853722756]], "trans": [395.83520737643545, 594.476924578202, 194.10630246393478]}], "rb_4XMM.renamed.noAb_Nup120_2-711_3F7F_updated_1.pdb_48": [{"rot": [[0.20814105182118486, -0.9655057186492264, -0.15644810578083024], [0.9765501462811323, 0.1961384554873627, 0.08876664957814413], [-0.055019217961254564, -0.17125540439551346, 0.9836892152098953]], "trans": [387.8456753211636, 291.24150949341583, 196.25973941853056]}], "rb_4XMM.renamed.noAb_Nup120_2-711_3F7F_updated_1.pdb_49": [{"rot": [[0.834930002015223, -0.5495975453546567, -0.028886499874393873], [0.5406590928638806, 0.8092788815503857, 0.229685518002682], [-0.10285736258753211, -0.20738907882694946, 0.9728361285154064]], "trans": [168.44630429539407, 82.57856590163146, 214.80370986530488]}]}
