{"rb_ScNup133N_56-480_renamed_1.pdb_0": [{"rot": [[-0.771422338930692, -0.26060206063340596, 0.580511964555704], [0.17943439955549326, -0.9643566433049968, -0.19447251931745643], [0.6105005088080271, -0.04585662991478387, 0.7906872316143713]], "trans": [962.6624851648736, 342.1971596549812, -274.5781490811169]}], "rb_ScNup133N_56-480_renamed_1.pdb_1": [{"rot": [[-0.4083253235902449, -0.8655197384736575, 0.29007932092345523], [0.7057129583334292, -0.5008748062112731, -0.5010924554841139], [0.5789988346751666, 0.00010399668606259072, 0.8153283624586403]], "trans": [602.5732986446416, -313.6206982574438, -242.64470937580404]}], "rb_ScNup133N_56-480_renamed_1.pdb_2": [{"rot": [[0.21948758468273005, -0.966712807203348, -0.13149733289752832], [0.8201323049299245, 0.2558245612627013, -0.5117976126019691], [0.5284015542941468, 0.004488011115006296, 0.8489827178310292]], "trans": [-114.42256220276678, -521.7322023881954, -184.44190056749284]}], "rb_ScNup133N_56-480_renamed_1.pdb_3": [{"rot": [[0.7442347320599174, -0.5049009403383556, -0.4372524488680955], [0.455663972795965, 0.8624563001895904, -0.22031675868866687], [0.48834926793382244, -0.0352728040950315, 0.8719351018279815]], "trans": [-768.2968991120379, -160.2225824500913, -134.0417438145094]}], "rb_ScNup133N_56-480_renamed_1.pdb_4": [{"rot": [[0.8585118406729828, 0.24937995896448392, -0.4480703689055528], [-0.17418135010089233, 0.963646984398504, 0.20259651215333985], [0.48230516968130893, -0.0958860027665161, 0.8707396842754682]], "trans": [-975.9989925543064, 559.1308457066647, -120.945356683775]}], "rb_ScNup133N_56-480_renamed_1.pdb_5": [{"rot": [[0.4953737689891614, 0.8542615045328872, -0.15761380291928567], [-0.7004313927886159, 0.5001176842912135, 0.5091936427876849], [0.5138099775147145, -0.14184351847159055, 0.8460967576311392]], "trans": [-615.8521142523105, 1214.9208177796877, -152.8007825143464]}], "rb_ScNup133N_56-480_renamed_1.pdb_6": [{"rot": [[-0.13244808035235361, 0.9553955581430913, 0.26396369729837055], [-0.8148014601351352, -0.256589600366299, 0.5198657110692269], [0.5644077307874391, -0.14622279050925097, 0.8124424957885079]], "trans": [101.16652975292044, 1422.976438285174, -210.92265879198328]}], "rb_ScNup133N_56-480_renamed_1.pdb_7": [{"rot": [[-0.657166815719227, 0.4935363652000828, 0.5696960878771595], [-0.45029195407091005, -0.863185072648949, 0.22836086892247592], [0.6044575522039999, -0.10645837957209993, 0.7894920398600797]], "trans": [755.0192211795054, 1061.4159079419408, -261.23836597360446]}], "rb_ScNup133C_490_881_renamed_relative_3CQC_1.pdb_7": [{"rot": [[0.8430298861243817, 0.3101066264847778, -0.4394706944852441], [-0.2514228821399067, 0.9495020755950494, 0.18770280439342382], [0.4754862200291139, -0.04774608518950871, 0.8784265284652448]], "trans": [146.11223362446287, 98.92997089634272, -216.6474869612358]}], "rb_ScNup133C_490_881_renamed_relative_3CQC_1.pdb_8": [{"rot": [[0.4298086767526786, 0.8882928554371493, -0.161865080753779], [-0.7445305107316883, 0.4500906765609896, 0.49304431997791265], [0.510821710558315, -0.09140123550689386, 0.8548140114493272]], "trans": [-146.66910276864456, 93.17700794273091, -193.24177236174336]}], "rb_ScNup133C_490_881_renamed_relative_3CQC_1.pdb_9": [{"rot": [[-0.21007842584447162, 0.9452504847064821, 0.24973701399045511], [-0.7999481508835352, -0.31304232477827126, 0.5119447810022361], [0.5620943078280733, -0.09222810883659771, 0.8219148161748291]], "trans": [-357.8271661746095, 296.79895439670236, -177.36064583586835]}], "rb_ScNup133C_490_881_renamed_relative_3CQC_1.pdb_10": [{"rot": [[-0.7017765345575117, 0.4476129319642292, 0.5542132790567499], [-0.3852113676057702, -0.892842856062875, 0.23333203090184534], [0.5992678014141432, -0.049742311123165725, 0.7990017551122053]], "trans": [-363.6606723822599, 590.5113197512551, -178.28349032516604]}], "rb_ScNup133C_490_881_renamed_relative_3CQC_1.pdb_11": [{"rot": [[-0.7572419643590103, -0.3130967077037043, 0.5731972252539326], [0.2567211836688483, -0.94965559087881, -0.17957865287467428], [0.6005654346275449, 0.01116737828312582, 0.7994976225061015]], "trans": [-160.75035786345296, 802.2533758325199, -195.44568561451183]}], "rb_ScNup133C_490_881_renamed_relative_3CQC_1.pdb_12": [{"rot": [[-0.3439822844086893, -0.8912440013739237, 0.2955677892260523], [0.7497963631546755, -0.4501988281113408, -0.48489836973039646], [0.5652270356352396, 0.054819204501450725, 0.8231119322454428]], "trans": [132.03796744052335, 807.9837574202807, -218.76937081526688]}], "rb_ScNup133C_490_881_renamed_relative_3CQC_1.pdb_13": [{"rot": [[0.29590915781706606, -0.9481421125375737, -0.11603579082671078], [0.8051637783488834, 0.31293861826999403, -0.5037665245232315], [0.5139543368383455, 0.05564131224236463, 0.856011088723156]], "trans": [343.1866875904769, 604.3456429772264, -234.567197371681]}], "rb_ScNup133C_490_881_renamed_relative_3CQC_1.pdb_14": [{"rot": [[0.7875749329930728, -0.4504593254116211, -0.42049033409896935], [0.39038841675015085, 0.8927000719370153, -0.22512988613455415], [0.4767836081371361, 0.013152099199520997, 0.8789223021964903]], "trans": [349.00381846487437, 310.6332280366912, -233.56057083646562]}], "rb_ScNup84_506-726_ScNup133C_882_1155_renamed_relative_3CQC_new_1.pdb_14": [{"rot": [[0.981907042589456, 0.1742307743462294, 0.0741767954548055], [-0.1883573869705576, 0.9389657826067099, 0.2878623870313647], [-0.019494986197850603, -0.296625852488425, 0.95479476807776]], "trans": [-64.66770712771029, 47.52722106606785, 112.91788963696652]}], "rb_ScNup84_506-726_ScNup133C_882_1155_renamed_relative_3CQC_new_1.pdb_15": [{"rot": [[0.562939758331865, 0.7796166688742716, 0.2744024017800277], [-0.8263230095556799, 0.5240655993114774, 0.2062656818211591], [0.017003304623133375, -0.3428601715447397, 0.9392325539504082]], "trans": [-325.82308293592894, 224.36290856189538, 132.91443934497454]}], "rb_ScNup84_506-726_ScNup133C_882_1155_renamed_relative_3CQC_new_1.pdb_16": [{"rot": [[-0.18312137641583942, 0.9153858282793795, 0.3585182657617945], [-0.9800531116344112, -0.19862743520486242, 0.006560515196887745], [0.07721696623980295, -0.350165571364768, 0.9334996586799102]], "trans": [-385.90446209679084, 534.6080602285139, 136.2350464226363]}], "rb_ScNup84_506-726_ScNup133C_882_1155_renamed_relative_3CQC_new_1.pdb_17": [{"rot": [[-0.8192232294564529, 0.5020027646368934, 0.27724812824590483], [-0.5594904318145912, -0.805749551350852, -0.1942630103901019], [0.12587198666448446, -0.3142624457277999, 0.9409544931495463]], "trans": [-209.713412211153, 796.5168085581595, 120.95845732448447]}], "rb_ScNup84_506-726_ScNup133C_882_1155_renamed_relative_3CQC_new_1.pdb_18": [{"rot": [[-0.9727283662426556, -0.21836689467022094, 0.0782011816981057], [0.18899348213154385, -0.9416400530663325, -0.27855964203924044], [0.13446556889661135, -0.2561833518660426, 0.9572299102138376]], "trans": [99.53677874343794, 856.6594326611535, 96.05791824530911]}], "rb_ScNup84_506-726_ScNup133C_882_1155_renamed_relative_3CQC_new_1.pdb_19": [{"rot": [[-0.553711313222662, -0.8237204460076596, -0.12201806603195565], [0.8269261997911613, -0.5266923683903018, -0.19694722434795645], [0.09796347129509426, -0.20995184187893715, 0.9727915410731418]], "trans": [360.6849018173544, 679.8036521221419, 76.14452097647876]}], "rb_ScNup84_506-726_ScNup133C_882_1155_renamed_relative_3CQC_new_1.pdb_20": [{"rot": [[0.19236183180396876, -0.9594332435168776, -0.20611835653261648], [0.9805977403079388, 0.19601129823166813, 0.0027645376651065784], [0.03774913731447818, -0.20265098618122063, 0.9785231629510835]], "trans": [420.74861766462425, 369.5541936425625, 72.90781931816207]}], "rb_ScNup84_506-726_ScNup133C_882_1155_renamed_relative_3CQC_new_1.pdb_21": [{"rot": [[0.8284309008492906, -0.5460028168665298, -0.12483255381449351], [0.5599851484784264, 0.8031009487707269, 0.20358167787685186], [-0.010903027177283052, -0.23855772898268066, 0.9710671109356955]], "trans": [244.54366798278755, 107.6596813122975, 88.26792364048129]}], "rb_4XMM.renamed.noAb_Nup145c_149-550_Sec13_Nup84_7-436_3IKO_updated_1.pdb_21": [{"rot": [[0.9990305886669321, -0.04240451110905748, -0.011821182064650926], [0.04247007494106658, 0.9990834072593525, 0.005351455273447168], [0.011583421010392076, -0.005848314000234397, 0.9999158072463158]], "trans": [21.66915971359367, -23.958521606993088, -3.858964672782406]}], "rb_4XMM.renamed.noAb_Nup145c_149-550_Sec13_Nup84_7-436_3IKO_updated_1.pdb_22": [{"rot": [[0.7384247194212993, 0.6741655005408274, 0.015159539178722245], [-0.6733829156240845, 0.7360000281672511, 0.06970945045983906], [0.035838285299141286, -0.06168335608850514, 0.9974521446608234]], "trans": [-317.32052191235755, 106.24199747272823, 22.56836327754945]}], "rb_4XMM.renamed.noAb_Nup145c_149-550_Sec13_Nup84_7-436_3IKO_updated_1.pdb_23": [{"rot": [[0.04948081779800895, 0.9955972304499119, 0.07961032213542162], [-0.9944997824961448, 0.04174508617182682, 0.09606003537178083], [0.09231376541535548, -0.08392557715602618, 0.9921868101390318]], "trans": [-465.3320916931654, 438.73664526556723, 32.78929670967773]}], "rb_4XMM.renamed.noAb_Nup145c_149-550_Sec13_Nup84_7-436_3IKO_updated_1.pdb_24": [{"rot": [[-0.6642080645230031, 0.7335914390500624, 0.14377498939337305], [-0.7327657373136383, -0.6769770847113191, 0.06896666582460981], [0.1479257288026868, -0.0595451704861267, 0.9872043108850224]], "trans": [-335.65637174883466, 778.7454857151243, 20.84027360508736]}], "rb_4XMM.renamed.noAb_Nup145c_149-550_Sec13_Nup84_7-436_3IKO_updated_1.pdb_25": [{"rot": [[-0.9845529172648471, 0.04163481322496997, 0.17006497415106026], [-0.04150827419451481, -0.9991289027962302, 0.004301019715569367], [0.17009590318015277, -0.002824522069767839, 0.9854234652150339]], "trans": [-4.257313911141978, 927.0866627565782, -6.2547949191408065]}], "rb_4XMM.renamed.noAb_Nup145c_149-550_Sec13_Nup84_7-436_3IKO_updated_1.pdb_26": [{"rot": [[-0.723891208828927, -0.6749146990286022, 0.14307923264864494], [0.6743242382358131, -0.7359892907081307, -0.060054855679054484], [0.14583668779797507, 0.053008612489604715, 0.9878875176324691]], "trans": [334.72875435114025, 796.8599400636283, -32.599230779860875]}], "rb_4XMM.renamed.noAb_Nup145c_149-550_Sec13_Nup84_7-436_3IKO_updated_1.pdb_27": [{"rot": [[-0.034922243347094595, -0.9962922900843889, 0.07862639275719724], [0.9953870209572344, -0.041709143476760024, -0.08640038113524799], [0.08935947308197034, 0.07524639571991322, 0.9931529914880556]], "trans": [482.72092788566914, 464.3540847817743, -42.7360870921309]}], "rb_4XMM.renamed.noAb_Nup145c_149-550_Sec13_Nup84_7-436_3IKO_updated_1.pdb_28": [{"rot": [[0.67874624473898, -0.7342304356778767, 0.014463836870169647], [0.7335969688663043, 0.6769924392996691, -0.05930197636886414], [0.03374940774150164, 0.05086162065209944, 0.9981352979540092]], "trans": [353.0252180855344, 124.35583206286515, -30.70304559736263]}], "rb_4XMM.renamed.noAb_Seh1_Nup85_47_544_3F3F_1.pdb_28": [{"rot": [[0.7060103920651826, -0.6849839621629941, 0.17985076556815202], [0.2914536504274767, 0.5124782625595612, 0.8077256960481256], [-0.6454487554782816, -0.5178445731910462, 0.5614560553312413]], "trans": [448.3735151965639, -108.12682677946759, 713.5901165015541]}], "rb_4XMM.renamed.noAb_Seh1_Nup85_47_544_3F3F_1.pdb_29": [{"rot": [[0.6932323521799582, -0.1345593233828979, 0.7080414496212607], [-0.3286611038530771, 0.8152978617982154, 0.4767297718428458], [-0.6414131154763804, -0.563190185495088, 0.5209664387049218]], "trans": [-59.96639553099334, -212.6747702064797, 754.6578684537774]}], "rb_4XMM.renamed.noAb_Seh1_Nup85_47_544_3F3F_1.pdb_30": [{"rot": [[0.24707876347820876, 0.4682480752640261, 0.8483488814453701], [-0.7579061967507263, 0.6388902683786161, -0.13189928695010392], [-0.603763431788416, -0.6103793615307054, 0.5127443353684563]], "trans": [-493.2432670830099, 74.02448114245536, 787.839029039037]}], "rb_4XMM.renamed.noAb_Seh1_Nup85_47_544_3F3F_1.pdb_31": [{"rot": [[-0.3710873110129794, 0.7703051600660895, 0.5185789891431286], [-0.7448238004902183, 0.08659753787303176, -0.6616179960200846], [-0.5545554199793382, -0.6317680166088512, 0.5416063693880038]], "trans": [-597.635485561163, 584.0185801628668, 793.7196114333104]}], "rb_4XMM.renamed.noAb_Seh1_Nup85_47_544_3F3F_1.pdb_32": [{"rot": [[-0.7991354687150185, 0.5946626317413476, -0.08808437461932958], [-0.29707776726274615, -0.5180394608608663, -0.8021096665601037], [-0.5226158271998711, -0.6148263750047112, 0.5906447542802331]], "trans": [-311.9867041114052, 1018.5459095269813, 768.8786924550068]}], "rb_4XMM.renamed.noAb_Seh1_Nup85_47_544_3F3F_1.pdb_33": [{"rot": [[-0.7863090633670305, 0.04421435994208375, -0.616249257396527], [0.32303596344796837, -0.8208158485830784, -0.47107229703526377], [-0.5266553172484847, -0.5694790892471372, 0.6311321127340498]], "trans": [196.3679067844402, 1123.0543496531354, 727.8924375997606]}], "rb_4XMM.renamed.noAb_Seh1_Nup85_47_544_3F3F_1.pdb_34": [{"rot": [[-0.34012198407418204, -0.5585792963910607, -0.7565092237327348], [0.7522460245879861, -0.6443609482188659, 0.13756775385987388], [-0.5643074998978913, -0.5222912387296451, 0.6393503792954531]], "trans": [629.6289616028371, 836.3214995416023, 694.7951777691549]}], "rb_4XMM.renamed.noAb_Seh1_Nup85_47_544_3F3F_1.pdb_35": [{"rot": [[0.278043086875958, -0.860593313987576, -0.42669800768267674], [0.7391151104796222, -0.09204452841567967, 0.6672605624862199], [-0.6135151956562934, -0.500906131634074, 0.6104851775352154]], "trans": [733.9879387895597, 326.3196225160841, 688.9997593445088]}], "rb_4XMM.renamed.noAb_Nup120_715-1036_Nup85_553-744_Nup145c_92-99_554-712_remaining_updated_1.pdb_35": [{"rot": [[0.9835999118212827, -0.1024669372502665, 0.1484309274905799], [0.08884088271707137, 0.9914372201133296, 0.09570546552837818], [-0.15696659206090768, -0.08094915283375088, 0.9842808154344377]], "trans": [16.07584465347179, -72.33945060415215, 133.90283463062556]}], "rb_4XMM.renamed.noAb_Nup120_715-1036_Nup85_553-744_Nup145c_92-99_554-712_remaining_updated_1.pdb_36": [{"rot": [[0.7568441356196135, 0.6247095704071348, 0.19215854657009748], [-0.639427477403196, 0.7685974960980692, 0.019758292779564895], [-0.13534938315332082, -0.1378254027148511, 0.9811649722888113]], "trans": [-352.6704967273869, 83.90877861952264, 162.57521820806352]}], "rb_4XMM.renamed.noAb_Nup120_715-1036_Nup85_553-744_Nup145c_92-99_554-712_remaining_updated_1.pdb_37": [{"rot": [[0.08309313652128386, 0.9820114674377846, 0.1695553257309917], [-0.993331500385667, 0.09526378799820029, -0.06494105818195521], [-0.07992534644662742, -0.16302848989339674, 0.983378691287575]], "trans": [-503.37006453914677, 455.9224909525875, 172.81812281735003]}], "rb_4XMM.renamed.noAb_Nup120_715-1036_Nup85_553-744_Nup145c_92-99_554-712_remaining_updated_1.pdb_38": [{"rot": [[-0.6429602503128166, 0.7601262646043803, 0.09386255044622449], [-0.765549219520486, -0.6341155239760886, -0.108774513302075], [-0.02316266412252608, -0.14179409053666647, 0.9896251446278155]], "trans": [-347.7390137545094, 825.770925112168, 158.6551154145967]}], "rb_4XMM.renamed.noAb_Nup120_715-1036_Nup85_553-744_Nup145c_92-99_554-712_remaining_updated_1.pdb_39": [{"rot": [[-0.9959837135225179, 0.08903744230809015, 0.009422115745744022], [-0.08951870666863664, -0.9922597546219608, -0.08606381651971122], [0.001686284159703835, -0.08656161519286391, 0.9962450718678276]], "trans": [23.05370501833255, 976.7917702998399, 128.40709033592708]}], "rb_4XMM.renamed.noAb_Nup120_715-1036_Nup85_553-744_Nup145c_92-99_554-712_remaining_updated_1.pdb_40": [{"rot": [[-0.769171130728746, -0.6381217049975244, -0.03429958111277891], [0.6387318317110365, -0.7693629637934123, -0.010113214230797214], [-0.019935365873838602, -0.029687026696290923, 0.999360426289438]], "trans": [391.7944022841769, 820.5150028059272, 99.8177720707663]}], "rb_4XMM.renamed.noAb_Nup120_715-1036_Nup85_553-744_Nup145c_92-99_554-712_remaining_updated_1.pdb_41": [{"rot": [[-0.0953925109895098, -0.995371095876858, -0.011689753633695996], [0.9925829619031303, -0.09600123440255764, 0.07458435984032896], [-0.07536134676823886, -0.004488260919937724, 0.9971461893459701]], "trans": [542.4714916801252, 448.4898733259653, 89.65919126941941]}], "rb_4XMM.renamed.noAb_Nup120_715-1036_Nup85_553-744_Nup145c_92-99_554-712_remaining_updated_1.pdb_42": [{"rot": [[0.6306431299734078, -0.7734289999363853, 0.0640064424471786], [0.7647437025401802, 0.6333606380730562, 0.11841187256700719], [-0.1321223374092266, -0.025727110158189438, 0.9908994922596482]], "trans": [386.8181230303337, 78.65406505882106, 103.9063927024913]}], "rb_4XMM.renamed.noAb_Nup120_2-711_3F7F_updated_1.pdb_42": [{"rot": [[0.9810565625763736, 0.05961502043118134, 0.18432056413981962], [-0.0728101246743053, 0.9951819142443312, 0.06566310460146058], [-0.1795179845328697, -0.07783962294346028, 0.9806703249967736]], "trans": [-80.22028358833745, 27.766919257591326, 160.00940805821705]}], "rb_4XMM.renamed.noAb_Nup120_2-711_3F7F_updated_1.pdb_43": [{"rot": [[0.6406329434657849, 0.7423177238193848, 0.19635128889307776], [-0.7532373590426229, 0.6571949623533326, -0.026986337281992033], [-0.14907351437750507, -0.1306107896041139, 0.9801621850235451]], "trans": [-349.8488130790955, 224.06372792439132, 180.58663303667066]}], "rb_4XMM.renamed.noAb_Nup120_2-711_3F7F_updated_1.pdb_44": [{"rot": [[-0.07979996130952588, 0.9869938224692992, 0.13955343271464393], [-0.9926954946845897, -0.06597935112521375, -0.10100683173931688], [-0.09048547401609328, -0.14659440518839123, 0.9850494705138144]], "trans": [-402.20579866066265, 554.0748544911486, 183.19538731484377]}], "rb_4XMM.renamed.noAb_Nup120_2-711_3F7F_updated_1.pdb_45": [{"rot": [[-0.7582023980282248, 0.6503086078588136, 0.0471999806036166], [-0.6509065793814288, -0.7506953165977559, -0.1130361294284412], [-0.038075563583718365, -0.11642704231804273, 0.9924691407166549]], "trans": [-206.617866606596, 824.4752446533516, 166.3314307543343]}], "rb_4XMM.renamed.noAb_Nup120_2-711_3F7F_updated_1.pdb_46": [{"rot": [[-0.99715665378614, -0.07050297403172302, -0.02660711300968952], [0.07190462105856181, -0.9958366669953653, -0.05602729814997861], [-0.02254624759140269, -0.05778116752233512, 0.9980746482098938]], "trans": [122.33872803525333, 876.8606540036607, 139.89791179126235]}], "rb_4XMM.renamed.noAb_Nup120_2-711_3F7F_updated_1.pdb_47": [{"rot": [[-0.6566799563052793, -0.7531793350875299, -0.03863061200657986], [0.7523051137797095, -0.6577961427620824, 0.036623084908626466], [-0.05299481831080025, -0.005012361163428521, 0.9985822076663357]], "trans": [391.95848717497, 680.5430879055718, 119.40396344799944]}], "rb_4XMM.renamed.noAb_Nup120_2-711_3F7F_updated_1.pdb_48": [{"rot": [[0.06377164430863513, -0.9977990372654247, 0.018173018856659826], [0.9917066964990192, 0.06539735063484464, 0.11063911898124207], [-0.11158407368964075, 0.010966665953459971, 0.9936944835998085]], "trans": [444.29626760916767, 350.5282614522067, 116.87923452988721]}], "rb_4XMM.renamed.noAb_Nup120_2-711_3F7F_updated_1.pdb_49": [{"rot": [[0.7421474420484035, -0.661060409891796, 0.11052741168914854], [0.6498645464972026, 0.7500868677352388, 0.1226611676820496], [-0.16399160181849864, -0.019204825561025284, 0.9862747736853934]], "trans": [248.69377293605316, 80.14362998417982, 133.82675173702017]}]}
