{"rb_ScNup133N_56-480_renamed_1.pdb_0": [{"rot": [[0.7621646277175734, 0.27729905949774436, 0.5849874458975994], [0.31272032004967965, 0.6335008372048697, -0.7077306625325432], [-0.5668430838284582, 0.7223447382395702, 0.39611487911141124]], "trans": [-71.78281199320963, 89.72261538806387, 404.23354252237687]}], "rb_ScNup133N_56-480_renamed_1.pdb_1": [{"rot": [[0.7495891880424602, 0.6574805296382287, -0.07638980505589102], [-0.34867130386184714, 0.29412441281644297, -0.8898983940027422], [-0.5626227608559062, 0.6936931475313955, 0.44971707331928246]], "trans": [-295.36094000167327, 275.9932665313572, 421.1890473476336]}], "rb_ScNup133N_56-480_renamed_1.pdb_2": [{"rot": [[0.2744831165125601, 0.6871838706515543, -0.6726346308850719], [-0.8072354124044061, -0.2154370853080694, -0.5495069164571532], [-0.5225227341559768, 0.6938048646343641, 0.4955853126353231]], "trans": [-322.2107960014864, 566.2516301870694, 421.9581414200595]}], "rb_ScNup133N_56-480_renamed_1.pdb_3": [{"rot": [[-0.3848297511743023, 0.34900844655500723, -0.8544584055671652], [-0.7943386850398364, -0.5966753467502042, 0.11403764303818337], [-0.4700341647798648, 0.7226144440943463, 0.5068493357260229]], "trans": [-136.6014424257254, 790.4603810779366, 406.1142834889871]}], "rb_ScNup133N_56-480_renamed_1.pdb_4": [{"rot": [[-0.8421146408157288, -0.15893781094217602, -0.5153461981781774], [-0.31753620650215825, -0.6262556224976729, 0.7120215255526109], [-0.435905596756925, 0.7632448280486136, 0.47691051904212356]], "trans": [152.73645764830735, 817.2749883838801, 382.96303383002237]}], "rb_ScNup133N_56-480_renamed_1.pdb_5": [{"rot": [[-0.8294876163428284, -0.5390928221559145, 0.14604527871129783], [0.34385440836630843, -0.28684936993572024, 0.8941373411364345], [-0.4401300264478045, 0.7918941646883427, 0.42330744353436905]], "trans": [376.3065960321164, 630.9871938542951, 366.09072582719335]}], "rb_ScNup133N_56-480_renamed_1.pdb_6": [{"rot": [[-0.3543457667328707, -0.5687564213315421, 0.7422635723195818], [0.8023812117679465, 0.2227144425567006, 0.5536990771876504], [-0.4802327233751273, 0.7917792686543335, 0.37744154663856627]], "trans": [403.14034666077896, 340.7271309776946, 365.4054003092866]}], "rb_ScNup133N_56-480_renamed_1.pdb_7": [{"rot": [[0.30496611301255117, -0.23055125381522806, 0.9240355995730024], [0.7894327370421488, 0.6039261487717735, -0.10985973109302177], [-0.5327209622308412, 0.7629674476633428, 0.36618171746542294]], "trans": [217.52003339940444, 116.53335404925758, 381.33253552896844]}], "rb_ScNup133C_490_881_renamed_relative_3CQC_1.pdb_7": [{"rot": [[0.8455705284484547, 0.33945922627248376, -0.41204115706794175], [-0.263804798447594, 0.9366767945790351, 0.23031198582177434], [0.46413091874537504, -0.08604659316690891, 0.8815772649455877]], "trans": [128.9722814478888, 95.99757976097911, -201.313402394861]}], "rb_ScNup133C_490_881_renamed_relative_3CQC_1.pdb_8": [{"rot": [[0.42265623895321647, 0.8993032931792116, -0.1123178104796699], [-0.7557303704024959, 0.4181291932154507, 0.5040233973064179], [0.5002332565166259, -0.12814665293335498, 0.8563557230594949]], "trans": [-160.58450071131335, 104.06636433345483, -178.2319540627861]}], "rb_ScNup133C_490_881_renamed_relative_3CQC_1.pdb_9": [{"rot": [[-0.22325419794379892, 0.9297973111764872, 0.29263376980356504], [-0.8034366757989899, -0.3455185481850972, 0.48487775865792365], [0.5519484315418788, -0.12686170812754144, 0.8241717272082456]], "trans": [-359.71876368070815, 315.17043937422363, -163.34560297220332]}], "rb_ScNup133C_490_881_renamed_relative_3CQC_1.pdb_10": [{"rot": [[-0.7137773409711592, 0.41307745455585276, 0.5655872382345617], [-0.3789766882769038, -0.9069108152770136, 0.1840908549500846], [0.5889809651073725, -0.08294449753443567, 0.8038791159558432]], "trans": [-351.7729350804528, 605.6421779521245, -165.3509785883399]}], "rb_ScNup133C_490_881_renamed_relative_3CQC_1.pdb_11": [{"rot": [[-0.7615578165671201, -0.34815449892434563, 0.5466426043625378], [0.2689949465875003, -0.937176102366888, -0.22213210452970478], [0.5896366768917177, -0.02212234235214837, 0.8073655870997635]], "trans": [-141.39988000149646, 805.3192567518884, -183.04929869828015]}], "rb_ScNup133C_490_881_renamed_relative_3CQC_1.pdb_12": [{"rot": [[-0.33860514842286227, -0.9079581375448635, 0.2468979018290624], [0.7608873086906027, -0.41858457753692446, -0.49581998237445524], [0.5535314416861088, 0.019974281321148507, 0.8325887166846551]], "trans": [148.16281297009567, 797.2281443609821, -206.0486329341212]}], "rb_ScNup133C_490_881_renamed_relative_3CQC_1.pdb_13": [{"rot": [[0.30730902683008715, -0.9383925965704973, -0.15805219622144887], [0.8085429166301008, 0.34506553182698424, -0.47664256074363454], [0.5018162153578077, 0.01868457777524382, 0.864772439753561]], "trans": [347.2871487968579, 586.108845297863, -220.8516421087079]}], "rb_ScNup133C_490_881_renamed_relative_3CQC_1.pdb_14": [{"rot": [[0.7977990779386798, -0.4216289407781586, -0.430982212554624], [0.38404444333096444, 0.9064172241929188, -0.17583424363022243], [0.4647865066746244, -0.025235926467851347, 0.8850630775422209]], "trans": [339.3251972376014, 295.6381385310025, -218.76250982395135]}], "rb_ScNup84_506-726_ScNup133C_882_1155_renamed_relative_3CQC_new_1.pdb_14": [{"rot": [[0.9810063204919715, 0.15734236299894727, 0.11344593408627854], [-0.18245918119591809, 0.9470122790508702, 0.2643414279377891], [-0.06584258767785384, -0.2800198638182329, 0.9577335900526303]], "trans": [-70.37860238845997, 49.03710395415101, 134.15356439536657]}], "rb_ScNup84_506-726_ScNup133C_882_1155_renamed_relative_3CQC_new_1.pdb_15": [{"rot": [[0.5655431261158489, 0.773644745134827, 0.2857180092825421], [-0.824187174965648, 0.5426141090452542, 0.16212781774626595], [-0.029605288805454738, -0.3271753917859515, 0.9444997564237124]], "trans": [-328.3875163698551, 230.67853602306192, 153.8759393961218]}], "rb_ScNup84_506-726_ScNup133C_882_1155_renamed_relative_3CQC_new_1.pdb_16": [{"rot": [[-0.18069140434939046, 0.9245386605339133, 0.3355277657249829], [-0.9830622380710164, -0.18039956078095198, -0.03232080674798152], [0.030647226188446813, -0.33568476826956795, 0.9414756947891736]], "trans": [-382.85565653521826, 542.0885239713543, 156.743469089904]}], "rb_ScNup84_506-726_ScNup133C_882_1155_renamed_relative_3CQC_new_1.pdb_17": [{"rot": [[-0.8205425610503302, 0.5216283259512149, 0.23369594577205327], [-0.5660131184065091, -0.7984771281508124, -0.2050936995906178], [0.0796181844599619, -0.3005630805427714, 0.9504329430937962]], "trans": [-201.87290503563946, 800.8388227732684, 141.1003190511135]}], "rb_ScNup84_506-726_ScNup133C_882_1155_renamed_relative_3CQC_new_1.pdb_18": [{"rot": [[-0.9791765144902503, -0.1990557035790059, 0.03987706538084075], [0.1826469293358183, -0.9495400392053629, -0.2549780640566375], [0.08861970816312532, -0.24238510849171627, 0.966124218983531]], "trans": [108.54040378289562, 855.3499758066088, 116.13447204207574]}], "rb_ScNup84_506-726_ScNup133C_882_1155_renamed_relative_3CQC_new_1.pdb_19": [{"rot": [[-0.563663258005302, -0.8153265619131294, -0.1323870424692688], [0.8243422930818372, -0.545093510661802, -0.15275093607230728], [0.052378577791139816, -0.19523232845331634, 0.9793573517951808]], "trans": [366.5416901260982, 673.6886978123665, 96.49527816031457]}], "rb_ScNup84_506-726_ScNup133C_882_1155_renamed_relative_3CQC_new_1.pdb_20": [{"rot": [[0.18258368401871472, -0.9661640908199239, -0.18218163447576063], [0.9831587808445011, 0.17793197836299934, 0.04170159138664746], [-0.007874641484147349, -0.18672750382826497, 0.982380185740509]], "trans": [420.99207597524764, 362.2748436587682, 93.7116589955858]}], "rb_ScNup84_506-726_ScNup133C_882_1155_renamed_relative_3CQC_new_1.pdb_21": [{"rot": [[0.8224023308622497, -0.5632055390566315, -0.0803363365374846], [0.5660594547799642, 0.7959779017389181, 0.21446648595413403], [-0.056842764240881104, -0.22185288079994447, 0.9734219020723838]], "trans": [239.99567088873448, 103.53915683951436, 109.43830280480427]}], "rb_4XMM.renamed.noAb_Nup145c_149-550_Sec13_Nup84_7-436_3IKO_updated_1.pdb_21": [{"rot": [[0.9978882604795195, -0.05106729259564324, -0.040139148273306086], [0.051565596192135355, 0.9986036471285767, 0.011478032533993172], [0.0394969478125225, -0.013523593030431349, 0.9991281717302535]], "trans": [34.291452684940566, -30.424859972172328, -14.398815737013535]}], "rb_4XMM.renamed.noAb_Nup145c_149-550_Sec13_Nup84_7-436_3IKO_updated_1.pdb_22": [{"rot": [[0.7445789462087741, 0.6675341320991801, -0.0006126542439451529], [-0.6645386070746933, 0.7413239160167179, 0.09395366543600898], [0.0631714537576488, -0.06954878880490568, 0.9955763825070946]], "trans": [-313.1391121004267, 92.16682782415721, 12.738323424511634]}], "rb_4XMM.renamed.noAb_Nup145c_149-550_Sec13_Nup84_7-436_3IKO_updated_1.pdb_23": [{"rot": [[0.060619303542046865, 0.9944937686486861, 0.08548358998665999], [-0.9910088830931025, 0.049730113309714385, 0.12421074615652557], [0.11927570443571085, -0.09224456595991536, 0.9885667637454885]], "trans": [-472.4848936283894, 425.27098648780407, 23.859698156551815]}], "rb_4XMM.renamed.noAb_Nup145c_149-550_Sec13_Nup84_7-436_3IKO_updated_1.pdb_24": [{"rot": [[-0.6533174650155319, 0.7382740518312986, 0.16771319059117723], [-0.7365943409406165, -0.6710323598940529, 0.08452425018462612], [0.17494303872956535, -0.06831541822759776, 0.9822056489516084]], "trans": [-350.3969729650837, 773.7506199001466, 12.474255230880885]}], "rb_4XMM.renamed.noAb_Nup145c_149-550_Sec13_Nup84_7-436_3IKO_updated_1.pdb_25": [{"rot": [[-0.9789971339344955, 0.04897210445665066, 0.19790488809811177], [-0.050334606655206095, -0.9987306840409446, -0.0018569135597574062], [0.19756274730045878, -0.011779377750527661, 0.9802194688634283]], "trans": [-18.394262135491942, 933.4615620405823, -14.724247450711687]}], "rb_4XMM.renamed.noAb_Nup145c_149-550_Sec13_Nup84_7-436_3IKO_updated_1.pdb_26": [{"rot": [[-0.7256319610787839, -0.6696092735457309, 0.15837196040496657], [0.6657496911564817, -0.7413945602993417, -0.08432944138075635], [0.17388388592967088, 0.04424394580165658, 0.9837717557817427]], "trans": [329.0332829574524, 810.8430078741397, -41.77853861727414]}], "rb_4XMM.renamed.noAb_Nup145c_149-550_Sec13_Nup84_7-436_3IKO_updated_1.pdb_27": [{"rot": [[-0.04164683715621026, -0.9965149789446215, 0.07227335396866662], [0.9921662740477617, -0.04977511839641985, -0.1145797636181873], [0.11777786548015463, 0.0669352995632234, 0.9907815299425577]], "trans": [488.3596210091804, 477.72675214831395, -52.81582813674265]}], "rb_4XMM.renamed.noAb_Nup145c_149-550_Sec13_Nup84_7-436_3IKO_updated_1.pdb_28": [{"rot": [[0.672270108049135, -0.7402390401469048, -0.009953153570052952], [0.7376957052871029, 0.6709672207669587, -0.07488681497581966], [0.0621123838261249, 0.0430017685525589, 0.9971423668046523]], "trans": [366.2510500268871, 129.2571112016791, -41.346311281643466]}], "rb_4XMM.renamed.noAb_Seh1_Nup85_47_544_3F3F_1.pdb_28": [{"rot": [[0.6459534416164019, -0.7337053824065647, 0.2107618634657706], [0.29972022406698356, 0.4976803080082106, 0.8139300328075452], [-0.7020768750992762, -0.4625913129842485, 0.5413846493966615]], "trans": [492.4942873835532, -105.3739063569451, 716.4243016682078]}], "rb_4XMM.renamed.noAb_Seh1_Nup85_47_544_3F3F_1.pdb_29": [{"rot": [[0.6553638230343176, -0.17844008761014213, 0.7339328270295109], [-0.28375157156679237, 0.8423538691607747, 0.458175735655272], [-0.6999880749635816, -0.5085263948346821, 0.5014155967510602]], "trans": [-26.69051673272554, -241.6596614562793, 758.5108782160421]}], "rb_4XMM.renamed.noAb_Seh1_Nup85_47_544_3F3F_1.pdb_30": [{"rot": [[0.2507349578192385, 0.45729401197246133, 0.853237462575054], [-0.7028361689126592, 0.6920957329594106, -0.16439226285793923], [-0.6656976044688475, -0.5584672622755145, 0.4949353658518769]], "trans": [-490.01047630651516, 30.29956112263678, 794.158376144848]}], "rb_4XMM.renamed.noAb_Seh1_Nup85_47_544_3F3F_1.pdb_31": [{"rot": [[-0.3308958595188425, 0.8010749169549526, 0.49878543240445905], [-0.7120279017525856, 0.13492923423059783, -0.6890648509942701], [-0.6192933047265227, -0.583157850993675, 0.5257401673311085]], "trans": [-626.0443128687959, 551.1863309632153, 802.5079934393967]}], "rb_4XMM.renamed.noAb_Seh1_Nup85_47_544_3F3F_1.pdb_32": [{"rot": [[-0.7488010951887529, 0.6515109258878281, -0.12178026643471324], [-0.30594212338550986, -0.5027496360226926, -0.8084814287399656], [-0.5879594688262875, -0.5681340659807644, 0.5757841141345207]], "trans": [-355.09957354502484, 1015.8579505845701, 778.6924114601243]}], "rb_4XMM.renamed.noAb_Seh1_Nup85_47_544_3F3F_1.pdb_33": [{"rot": [[-0.7581659696712366, 0.0962187335904837, -0.6449234975861226], [0.2775303914116599, -0.8473796043340129, -0.45268608107785124], [-0.590051899645586, -0.5221970523327143, 0.6157507566050244]], "trans": [164.10240638737235, 1152.103350137854, 736.6871388313807]}], "rb_4XMM.renamed.noAb_Seh1_Nup85_47_544_3F3F_1.pdb_34": [{"rot": [[-0.35350440744972467, -0.5395036640693851, -0.7641795799217143], [0.6965832165082835, -0.6970715759840388, 0.16989126061720428], [-0.6243448217071984, -0.47225736035644494, 0.6222270720537398]], "trans": [627.4076996753445, 880.1081702997997, 701.1234614346149]}], "rb_4XMM.renamed.noAb_Seh1_Nup85_47_544_3F3F_1.pdb_35": [{"rot": [[0.2281271425983944, -0.8832411228568201, -0.4096866188985376], [0.7057292983179247, -0.13987811332338432, 0.6945360112397199], [-0.670748957737231, -0.44757036576131154, 0.5914191435747614]], "trans": [763.4074462454257, 359.2111393467543, 692.8590878378898]}], "rb_4XMM.renamed.noAb_Nup120_715-1036_Nup85_553-744_Nup145c_92-99_554-712_remaining_updated_1.pdb_35": [{"rot": [[0.9979326360176887, -0.04005993142661523, 0.05025590378137964], [0.03814434976351407, 0.9985297695885119, 0.038513735558020776], [-0.05172487362872052, -0.03651713487678539, 0.9979935051434375]], "trans": [6.417856177731323, -31.079398070660773, 48.5349113951865]}], "rb_4XMM.renamed.noAb_Nup120_715-1036_Nup85_553-744_Nup145c_92-99_554-712_remaining_updated_1.pdb_36": [{"rot": [[0.7333452005263249, 0.6748310703701023, 0.08250965596914597], [-0.6793143414151525, 0.732189678097123, 0.04929808146094071], [-0.02714484136447423, -0.09220250403960785, 0.9953702104423882]], "trans": [-332.1171806524186, 114.97323745626267, 74.84887330814885]}], "rb_4XMM.renamed.noAb_Nup120_715-1036_Nup85_553-744_Nup145c_92-99_554-712_remaining_updated_1.pdb_37": [{"rot": [[0.040453025232782935, 0.9927794900133736, 0.11292668842351757], [-0.9987418053812297, 0.036823841850049166, 0.03404131100949463], [0.029637120868235348, -0.1141616786850516, 0.993020016004941]], "trans": [-468.63309683585936, 458.34996722639323, 84.10058549965441]}], "rb_4XMM.renamed.noAb_Nup120_715-1036_Nup85_553-744_Nup145c_92-99_554-712_remaining_updated_1.pdb_38": [{"rot": [[-0.6748378837963089, 0.7275266602034531, 0.12368827465256589], [-0.7330129298161474, -0.6802126276208833, 0.0016810554546029532], [0.08535733896781943, -0.08953066468145314, 0.9923196988702936]], "trans": [-323.155030458649, 797.8959781236788, 70.89426941996408]}], "rb_4XMM.renamed.noAb_Nup120_715-1036_Nup85_553-744_Nup145c_92-99_554-712_remaining_updated_1.pdb_39": [{"rot": [[-0.9935000264498914, 0.03446142870789332, 0.10849012570494863], [-0.03779543680307685, -0.9988696562853822, -0.02882559122007542], [0.10737412351646645, -0.03273865732941794, 0.9936795146903942]], "trans": [19.095829293970155, 934.7005461609145, 42.99037613880364]}], "rb_4XMM.renamed.noAb_Nup120_715-1036_Nup85_553-744_Nup145c_92-99_554-712_remaining_updated_1.pdb_40": [{"rot": [[-0.7288566264252847, -0.6804088196434434, 0.07623553152808016], [0.6796424636842741, -0.7324734636876804, -0.039607405248795816], [0.08278973168891693, 0.022944784696928122, 0.9963028641844248]], "trans": [357.6260163810552, 788.6217432326583, 16.75940468635855]}], "rb_4XMM.renamed.noAb_Nup120_715-1036_Nup85_553-744_Nup145c_92-99_554-712_remaining_updated_1.pdb_41": [{"rot": [[-0.03593951892884373, -0.9983030136958417, 0.045819688180547866], [0.9990155336660183, -0.03708269563782707, -0.024348247949955992], [0.02600604685767408, 0.04489951592201896, 0.9986529522295542]], "trans": [494.1216872706175, 445.2347086005834, 7.591832897355346]}], "rb_4XMM.renamed.noAb_Nup120_715-1036_Nup85_553-744_Nup145c_92-99_554-712_remaining_updated_1.pdb_42": [{"rot": [[0.6793306843368009, -0.7329942522652714, 0.0350606255587274], [0.7332305255865635, 0.6799329309307441, 0.008012851176665725], [-0.029712247753163883, 0.020264145232486132, 0.9993530641127045]], "trans": [348.62366670585607, 105.70052570452708, 20.882158489740675]}], "rb_4XMM.renamed.noAb_Nup120_2-711_3F7F_updated_1.pdb_42": [{"rot": [[0.985569465340469, 0.14812055789654885, 0.08193368853479728], [-0.16811580152603048, 0.9129964779709554, 0.37171831874403355], [-0.019746044306705738, -0.3801285723818268, 0.9247228569648269]], "trans": [-99.99454015435151, 42.15512226169449, 262.2443539910531]}], "rb_4XMM.renamed.noAb_Nup120_2-711_3F7F_updated_1.pdb_43": [{"rot": [[0.579801348662019, 0.7411471818659421, 0.33842466059948373], [-0.8146057918004705, 0.5192945609188373, 0.25836130314975636], [0.015741666202538862, -0.4254809206207535, 0.9048304736981863]], "trans": [-351.7029961035663, 254.0624515530771, 281.3172855922717]}], "rb_4XMM.renamed.noAb_Nup120_2-711_3F7F_updated_1.pdb_44": [{"rot": [[-0.16293191068140278, 0.8831163289048144, 0.4399531135284649], [-0.9837239782904276, -0.1796480144433601, -0.0037047865001765545], [0.0757649458401509, -0.4333960550446223, 0.898013102606859]], "trans": [-380.3801715700599, 582.3957078257308, 282.04677600928136]}], "rb_4XMM.renamed.noAb_Nup120_2-711_3F7F_updated_1.pdb_45": [{"rot": [[-0.8075266968274633, 0.49086047091282115, 0.32704224804475773], [-0.5763985427836557, -0.774380832378149, -0.26095793975697024], [0.12516131106617462, -0.39923717830453564, 0.9082644558010777]], "trans": [-169.22465947812253, 834.812756851402, 264.02948437116925]}], "rb_4XMM.renamed.noAb_Nup120_2-711_3F7F_updated_1.pdb_46": [{"rot": [[-0.9763702952653155, -0.20583137969073004, 0.06583684119192093], [0.16875353131133766, -0.9165010224065971, -0.3626956321733342], [0.13499367464245526, -0.34301504203499833, 0.9295791460355887]], "trans": [158.067577235332, 863.4442490256397, 237.84419906454036]}], "rb_4XMM.renamed.noAb_Nup120_2-711_3F7F_updated_1.pdb_47": [{"rot": [[-0.5705517453353277, -0.7988273134671856, -0.19064529669941696], [0.8152116523454606, -0.5227525733153603, -0.24931848903029932], [0.09950209934968149, -0.29766536639482655, 0.9494707272338828]], "trans": [409.76604482228805, 651.5175693239156, 218.85463433572704]}], "rb_4XMM.renamed.noAb_Nup120_2-711_3F7F_updated_1.pdb_48": [{"rot": [[0.17219472437195865, -0.9407419511676318, -0.2921533128543661], [0.9842715379574176, 0.17620112156478257, 0.012755560601226068], [0.039478050425571704, -0.28975463080445957, 0.9562864306587051]], "trans": [438.42414536117826, 323.1824716768632, 218.2091498569175]}], "rb_4XMM.renamed.noAb_Nup120_2-711_3F7F_updated_1.pdb_49": [{"rot": [[0.8167577591767932, -0.5484396970307553, -0.17922238014632932], [0.5768955234113368, 0.7709031325259461, 0.26999984320299475], [-0.009915537931040719, -0.323917055714106, 0.9460335211423754]], "trans": [227.2554728163662, 70.7824026061819, 236.30988443831598]}]}
