{"rb_ScNup133N_56-480_renamed_1.pdb_0": [{"rot": [[-0.6297994386005588, -0.3902359398777245, 0.6716163922702985], [0.38712980936811364, -0.9072957414328793, -0.16414916471420488], [0.6734115961557465, 0.1566216741243439, 0.7224863136125548]], "trans": [871.6095331705436, 192.48157377844672, -332.770975828997]}], "rb_ScNup133N_56-480_renamed_1.pdb_1": [{"rot": [[-0.16025609523053969, -0.913192501004965, 0.37469646388744937], [0.7563872666059214, -0.35750319624818483, -0.5477862426063254], [0.634189472364438, 0.1956295498656332, 0.7480192459833415]], "trans": [431.32368241940713, -358.66558854364064, -294.95463776381627]}], "rb_ScNup133N_56-480_renamed_1.pdb_2": [{"rot": [[0.43217021167480263, -0.8955691837522733, -0.10575795598555882], [0.6843127968421711, 0.4020627503380444, -0.6083268372089572], [0.5873201037075114, 0.19052921535526932, 0.7866089968193243]], "trans": [-268.6189080224452, -435.90589680195694, -238.74783036728758]}], "rb_ScNup133N_56-480_renamed_1.pdb_3": [{"rot": [[0.8004277983193918, -0.34768997585505057, -0.4882898937797975], [0.21312864071449233, 0.9264376569357485, -0.31030541458149513], [0.5602602272022925, 0.1443085184641401, 0.8156491459652987]], "trans": [-818.1800861443876, 6.00922746474501, -197.05328902709562]}], "rb_ScNup133N_56-480_renamed_1.pdb_4": [{"rot": [[0.7287861780148549, 0.4094897576036792, -0.548806746635079], [-0.38113887942091984, 0.9084353095738092, 0.1716928737988347], [0.5688619000497972, 0.08404419514289513, 0.8181275645854486]], "trans": [-895.4172516507103, 708.1997902529586, -194.27225905217074]}], "rb_ScNup133N_56-480_renamed_1.pdb_5": [{"rot": [[0.2592140220824373, 0.9324034525295505, -0.2518568888611544], [-0.7503594710967069, 0.3586017371699493, 0.5553066344229688], [0.6080861410123699, 0.04503993572007847, 0.7925923601063887]], "trans": [-455.0818706045132, 1259.312775789592, -232.00990211316036]}], "rb_ScNup133N_56-480_renamed_1.pdb_6": [{"rot": [[-0.3332066795652529, 0.9147208933518892, 0.22860226586501683], [-0.6782385056988501, -0.4009628009082799, 0.6158095173632647], [0.6549548366723379, 0.050144985325634106, 0.7540024153583345]], "trans": [244.87329538773344, 1336.4985432493693, -288.1349699029826]}], "rb_ScNup133N_56-480_renamed_1.pdb_7": [{"rot": [[-0.7014275267711054, 0.36680077256105437, 0.611110970230762], [-0.2070254616630267, -0.9252946883946647, 0.3177580807026479], [0.6820116442634834, 0.09636873391942796, 0.7249642640929176]], "trans": [794.4065540591943, 894.5406985302117, -329.74460144571754]}], "rb_ScNup133C_490_881_renamed_relative_3CQC_1.pdb_7": [{"rot": [[0.7608856191316931, 0.3855666530496284, -0.5219113245127819], [-0.301687987698204, 0.9223043418238468, 0.24153479900728092], [0.5744888446934259, -0.026325977835338535, 0.818088937838561]], "trans": [197.30975317606385, 114.94199899624186, -261.10249408099094]}], "rb_ScNup133C_490_881_renamed_relative_3CQC_1.pdb_8": [{"rot": [[0.3380939597452775, 0.9230389728866781, -0.18355252358947122], [-0.7164781783865359, 0.3789114405971821, 0.5857347011066341], [0.6102061080320882, -0.06652198671772253, 0.7894449512179158]], "trans": [-99.9635475822057, 65.85637652507083, -237.1279082567259]}], "rb_ScNup133C_490_881_renamed_relative_3CQC_1.pdb_9": [{"rot": [[-0.25335750707016247, 0.920194681429167, 0.29841535128184055], [-0.7097506732626864, -0.3864279369433713, 0.5890054595272028], [0.6573157197377484, -0.06257154160767986, 0.7510132134433337]], "trans": [-344.8439834661965, 242.03634718816136, -218.42538166369303]}], "rb_ScNup133C_490_881_renamed_relative_3CQC_1.pdb_10": [{"rot": [[-0.6669881725884599, 0.3787000047174148, 0.6416487232545036], [-0.2854465396860287, -0.9253671921493338, 0.24943101786852442], [0.6882202050277055, -0.016788868951949726, 0.725307578390668]], "trans": [-393.87522898165696, 540.273316828668, -215.92711318452922]}], "rb_ScNup133C_490_881_renamed_relative_3CQC_1.pdb_11": [{"rot": [[-0.6604873607566125, -0.3842298405558923, 0.6450766434363868], [0.30787087820594733, -0.9221881102775542, -0.23406112794611983], [0.6848152806658601, 0.04400589607205675, 0.7273867695232243]], "trans": [-218.33217582580494, 785.8559802850896, -231.07261881872768]}], "rb_ScNup133C_490_881_renamed_relative_3CQC_1.pdb_12": [{"rot": [[-0.23766333880716345, -0.9216597937188328, 0.306690987851269], [0.72262787123653, -0.37875304231357576, -0.5782344616592554], [0.6490955993528147, 0.08419832290708978, 0.756032767358956]], "trans": [78.95149364487582, 834.9186673842787, -254.96544291295902]}], "rb_ScNup133C_490_881_renamed_relative_3CQC_1.pdb_13": [{"rot": [[0.3537876193831906, -0.9187558104462168, -0.1752771552213444], [0.7158539448148027, 0.38658608649484494, -0.5814673915377224], [0.6019862540492578, 0.08024312119996863, 0.7944643424571218]], "trans": [323.8247274939848, 658.7198810348223, -273.5848273228162]}], "rb_ScNup133C_490_881_renamed_relative_3CQC_1.pdb_14": [{"rot": [[0.7673852030480295, -0.37721908508530655, -0.518484051818699], [0.2915173605509752, 0.9254828232100185, -0.24186602167440335], [0.5710845634757815, 0.03445730387906894, 0.8201677362400073]], "trans": [372.8392459593805, 360.47947147829905, -275.99926922649786]}], "rb_ScNup84_506-726_ScNup133C_882_1155_renamed_relative_3CQC_new_1.pdb_14": [{"rot": [[0.9790993632454699, 0.18911465534317518, 0.07483370916070381], [-0.19869855653601654, 0.9679572433908841, 0.15355018266881226], [-0.04339724095861595, -0.1652102360677275, 0.9853031296893493]], "trans": [-66.59892592311996, 83.51763305381746, 79.2570099304998]}], "rb_ScNup84_506-726_ScNup133C_882_1155_renamed_relative_3CQC_new_1.pdb_15": [{"rot": [[0.5531863349643051, 0.8132051145421463, 0.18078252263771347], [-0.8330332472784093, 0.5416452616334693, 0.112587830065243], [-0.006362997528605252, -0.21287990095945267, 0.9770576544042555]], "trans": [-302.4847798117602, 249.2339385410338, 97.29352331579128]}], "rb_ScNup84_506-726_ScNup133C_882_1155_renamed_relative_3CQC_new_1.pdb_16": [{"rot": [[-0.19522856497874108, 0.9541611506974326, 0.22685304916640175], [-0.9792699379734604, -0.20238203038815716, 0.008479525778189362], [0.0540018147639265, -0.22049492573689639, 0.9738920842303238]], "trans": [-352.52933021233525, 533.69463373243, 99.93958654914292]}], "rb_ScNup84_506-726_ScNup133C_882_1155_renamed_relative_3CQC_new_1.pdb_17": [{"rot": [[-0.8277133355469432, 0.5294087303491575, 0.18605652471183903], [-0.5517411132746699, -0.8282629542229092, -0.09778661761390225], [0.1023346377341609, -0.18359432151358265, 0.9776608548099827]], "trans": [-187.4138605327641, 770.2587492842637, 85.66910338015236]}], "rb_ScNup84_506-726_ScNup133C_882_1155_renamed_relative_3CQC_new_1.pdb_18": [{"rot": [[-0.9737494801061833, -0.21222618965353215, 0.08229212853050294], [0.1991008131529821, -0.9693476397673628, -0.1439583949593227], [0.1103214221933308, -0.12379498254204821, 0.9861561671980026]], "trans": [96.13657229980197, 820.3438075474204, 62.865928964213424]}], "rb_ScNup84_506-726_ScNup133C_882_1155_renamed_relative_3CQC_new_1.pdb_19": [{"rot": [[-0.5477869660640209, -0.8362834161206888, -0.023653493016593672], [0.8334020539370145, -0.5429866889355117, -0.10298772806706417], [0.07328339719159353, -0.0761282047624975, 0.9944013476135771]], "trans": [332.0160400102064, 654.6093919872012, 44.912489300128925]}], "rb_ScNup84_506-726_ScNup133C_882_1155_renamed_relative_3CQC_new_1.pdb_20": [{"rot": [[0.20063935978219777, -0.9771814265809594, -0.06971590099389782], [0.9795799985786465, 0.20105164158593974, 0.0011241887109850954], [0.012917960011119382, -0.0685178586997579, 0.9975662531122187]], "trans": [382.0449378524637, 370.1451768892214, 42.3501673878053]}], "rb_ScNup84_506-726_ScNup133C_882_1155_renamed_relative_3CQC_new_1.pdb_21": [{"rot": [[0.8330908029405633, -0.5523801798447695, -0.028911087328352278], [0.5520015459977902, 0.8268992068370646, 0.10738712654821726], [-0.03541196509510566, -0.1054221923832618, 0.9937968374276551]], "trans": [216.91754540238355, 133.59442719848994, 56.70401243340754]}], "rb_4XMM.renamed.noAb_Nup145c_149-550_Sec13_Nup84_7-436_3IKO_updated_1.pdb_21": [{"rot": [[0.9997798315975114, -0.014860896199099046, 0.01481357806243057], [0.014865147431878884, 0.9998894919416149, -0.00017690836007227552], [-0.014809312025905368, 0.00039707543233292867, 0.9998902572824783]], "trans": [1.6792509630307677, -7.395964919731625, 7.648465483748339]}], "rb_4XMM.renamed.noAb_Nup145c_149-550_Sec13_Nup84_7-436_3IKO_updated_1.pdb_22": [{"rot": [[0.7189729428431844, 0.6943840730883922, 0.030144095617315535], [-0.6949505936587798, 0.7175179941385594, 0.047027656338459456], [0.011026324533643444, -0.054760269617240565, 0.9984386476087181]], "trans": [-319.58828668940293, 132.7043628400336, 32.61506157924185]}], "rb_4XMM.renamed.noAb_Nup145c_149-550_Sec13_Nup84_7-436_3IKO_updated_1.pdb_23": [{"rot": [[0.01999513831362265, 0.9970382461264217, 0.07426257607280022], [-0.9974705219688348, 0.014825886681774869, 0.06951798966684763], [0.06821108595411644, -0.07546475233675992, 0.9948127054414374]], "trans": [-448.0854985558566, 459.62509955721765, 41.30769956137283]}], "rb_4XMM.renamed.noAb_Nup145c_149-550_Sec13_Nup84_7-436_3IKO_updated_1.pdb_24": [{"rot": [[-0.6876825285107123, 0.715802540925471, 0.1213237915074872], [-0.7154741979632661, -0.696539885921839, 0.05411893724762251], [0.12324533269026447, -0.04958739481592432, 0.991136558828013]], "trans": [-308.53499277501055, 781.8515848756853, 28.658114435200048]}], "rb_4XMM.renamed.noAb_Nup145c_149-550_Sec13_Nup84_7-436_3IKO_updated_1.pdb_25": [{"rot": [[-0.9894925021490227, 0.015428799015701444, 0.14375861835659934], [-0.014159044392705298, -0.9998512238236912, 0.009851481114605338], [0.1438892270211731, 0.007712482038819614, 0.9895637462882567]], "trans": [17.3144900438474, 910.6191170976151, 2.1006164279723407]}], "rb_4XMM.renamed.noAb_Nup145c_149-550_Sec13_Nup84_7-436_3IKO_updated_1.pdb_26": [{"rot": [[-0.7086302445233588, -0.6937941663223833, 0.12842441872086807], [0.6956346332375479, -0.7174240685910129, -0.037351878758350984], [0.11804928456888594, 0.06286780243769928, 0.9910156435846144]], "trans": [338.57764172698677, 770.4939770203755, -22.78303276576787]}], "rb_4XMM.renamed.noAb_Nup145c_149-550_Sec13_Nup84_7-436_3IKO_updated_1.pdb_27": [{"rot": [[-0.009628826308666683, -0.9963935419499222, 0.08430418295911968], [0.9980996904808371, -0.014708229981995835, -0.059838748590294456], [0.06086290796514143, 0.08356780200103335, 0.9946417088091276]], "trans": [467.05589154724953, 443.56356426086813, -31.391635687687426]}], "rb_4XMM.renamed.noAb_Nup145c_149-550_Sec13_Nup84_7-436_3IKO_updated_1.pdb_28": [{"rot": [[0.6980268657848903, -0.7151023469731068, 0.037244167275910595], [0.7160478320467363, 0.6966354454528738, -0.04443600296880795], [0.005830682952323193, 0.05768612911462691, 0.9983177418257572]], "trans": [327.4867825558671, 121.34844112761186, -18.65814646363816]}], "rb_4XMM.renamed.noAb_Seh1_Nup85_47_544_3F3F_1.pdb_28": [{"rot": [[0.6830317345547782, -0.7038589016869408, 0.1950648510294371], [0.3049182071379761, 0.5174740056631421, 0.7995283237126104], [-0.6636961176222482, -0.48662439311956807, 0.5680705620555943]], "trans": [465.15688534643806, -113.98450613877321, 703.781871840703]}], "rb_4XMM.renamed.noAb_Seh1_Nup85_47_544_3F3F_1.pdb_29": [{"rot": [[0.6860734569617633, -0.14380142175283386, 0.7131790537827025], [-0.30399682211808865, 0.8339309825984187, 0.46059206289788646], [-0.6609759025824091, -0.5328041547926321, 0.5284227368698948]], "trans": [-52.39146182431284, -229.20999424738181, 745.6355444933001]}], "rb_4XMM.renamed.noAb_Seh1_Nup85_47_544_3F3F_1.pdb_30": [{"rot": [[0.25900484799769596, 0.47543282249702495, 0.8407616309074732], [-0.7365475559663897, 0.660329451775748, -0.14650157991458468], [-0.6248313264502827, -0.5813163049580183, 0.521207412721968]], "trans": [-499.7086024557157, 56.47420890672545, 779.9407401508382]}], "rb_4XMM.renamed.noAb_Seh1_Nup85_47_544_3F3F_1.pdb_31": [{"rot": [[-0.3479912795388866, 0.791087679578225, 0.5030729098097207], [-0.7393396755532452, 0.09836763773263457, -0.6661085887448941], [-0.576436391562592, -0.6037417420275262, 0.5506514282337396]], "trans": [-614.7479350549485, 575.7103857637878, 786.6249963950596]}], "rb_4XMM.renamed.noAb_Seh1_Nup85_47_544_3F3F_1.pdb_32": [{"rot": [[-0.7793280354916557, 0.618248083479114, -0.10206429528052341], [-0.31073751785578907, -0.5227493052028868, -0.7938358513614218], [-0.5441415331451281, -0.5869433287671754, 0.599506063957795]], "trans": [-330.1158831915272, 1024.3227794860231, 761.7965865712727]}], "rb_4XMM.renamed.noAb_Seh1_Nup85_47_544_3F3F_1.pdb_33": [{"rot": [[-0.782322266375221, 0.058165906632856715, -0.6201520771868027], [0.2981777298563853, -0.8391623141102931, -0.45485893636900315], [-0.546865534616345, -0.5407618125225062, 0.639151585436619]], "trans": [187.44799718028855, 1139.5080411913746, 720.0243481360169]}], "rb_4XMM.renamed.noAb_Seh1_Nup85_47_544_3F3F_1.pdb_34": [{"rot": [[-0.35521990951933435, -0.561054814605316, -0.7476873082306941], [0.7306949297684935, -0.6655121869482002, 0.15224469985530145], [-0.5830126375059832, -0.49225097666902495, 0.6463630871860636]], "trans": [634.7494006272398, 853.7891372558367, 685.8030522544136]}], "rb_4XMM.renamed.noAb_Seh1_Nup85_47_544_3F3F_1.pdb_35": [{"rot": [[0.2517764522865946, -0.8766658507219133, -0.4099580518199282], [0.733439407679504, -0.10352561667495475, 0.6718251870500238], [-0.6314073592671416, -0.4698291528524865, 0.6169159697991293]], "trans": [749.7547713995774, 334.5443470365726, 679.2040214753645]}], "rb_4XMM.renamed.noAb_Nup120_715-1036_Nup85_553-744_Nup145c_92-99_554-712_remaining_updated_1.pdb_35": [{"rot": [[0.9853877904118203, -0.09729970209896477, 0.13979867838703994], [0.09063999076054999, 0.9944587865376092, 0.053255177711403756], [-0.14420573699488423, -0.03980565097569058, 0.9887467904211692]], "trans": [16.42148910457786, -61.51681511968138, 102.69164795011099]}], "rb_4XMM.renamed.noAb_Nup120_715-1036_Nup85_553-744_Nup145c_92-99_554-712_remaining_updated_1.pdb_36": [{"rot": [[0.7596322599629061, 0.6313163801066101, 0.15620005708300463], [-0.6386803463488843, 0.7694621949378967, -0.003917365061268885], [-0.1226631355025499, -0.09678614968289749, 0.9877176703989065]], "trans": [-345.41262335396914, 89.52012706070474, 130.83843945392215]}], "rb_4XMM.renamed.noAb_Nup120_715-1036_Nup85_553-744_Nup145c_92-99_554-712_remaining_updated_1.pdb_37": [{"rot": [[0.085847269310666, 0.988116221817955, 0.12750128835471025], [-0.9940374565130997, 0.09358280129796515, -0.055962436957231416], [-0.06722931950323846, -0.12193683398151092, 0.9902583638211271]], "trans": [-494.8961154667914, 452.94717609208135, 141.0261934716463]}], "rb_4XMM.renamed.noAb_Nup120_715-1036_Nup85_553-744_Nup145c_92-99_554-712_remaining_updated_1.pdb_38": [{"rot": [[-0.6412544336524488, 0.7640814448827965, 0.07051451557583081], [-0.767258134062646, -0.6372397156884626, -0.07239130102431522], [-0.01037820002615215, -0.10052407838475459, 0.9948804966573181]], "trans": [-344.4575364976958, 815.863759125656, 127.31078495355541]}], "rb_4XMM.renamed.noAb_Nup120_715-1036_Nup85_553-744_Nup145c_92-99_554-712_remaining_updated_1.pdb_39": [{"rot": [[-0.9957264191966345, 0.09045478052010508, 0.01862339375372998], [-0.09119290367744542, -0.9948792209732484, -0.04357969704503933], [0.014586035538247246, -0.04509177704106223, 0.9988763583199649]], "trans": [17.775986148522122, 965.6683414917196, 97.75089849799383]}], "rb_4XMM.renamed.noAb_Nup120_715-1036_Nup85_553-744_Nup145c_92-99_554-712_remaining_updated_1.pdb_40": [{"rot": [[-0.769914000135111, -0.638143773150487, 0.002226473716612153], [0.638109690163103, -0.76982544964354, 0.013594131125920358], [-0.006961013999386825, 0.011887046326982243, 0.9999051167054398]], "trans": [379.6048607523023, 814.6034033907999, 69.68713728621509]}], "rb_4XMM.renamed.noAb_Nup120_715-1036_Nup85_553-744_Nup145c_92-99_554-712_remaining_updated_1.pdb_41": [{"rot": [[-0.09610127550922754, -0.9948909101491404, 0.03092930241879339], [0.9934139048206331, -0.09391807420245668, 0.06563694879503844], [-0.06239678320650989, 0.03703339358896887, 0.9973641106460382]], "trans": [529.0665441228823, 451.16503237322263, 59.583653236298744]}], "rb_4XMM.renamed.noAb_Nup120_715-1036_Nup85_553-744_Nup145c_92-99_554-712_remaining_updated_1.pdb_42": [{"rot": [[0.6309827598357564, -0.7707991274874121, 0.0879173580966513], [0.766577521559337, 0.6368868345226218, 0.08206133956801642], [-0.11924621683724343, 0.015616179955329518, 0.9927418973195431]], "trans": [378.6061880713046, 88.26066745729543, 73.38321466499764]}], "rb_4XMM.renamed.noAb_Nup120_2-711_3F7F_updated_1.pdb_42": [{"rot": [[0.9987870737783071, 0.041857862201212265, 0.02592876058182077], [-0.04403277188598251, 0.9949738344147101, 0.08993433065367566], [-0.022033979518055403, -0.09096696214578105, 0.9956101222589917]], "trans": [-33.453424323284594, 4.20272281371922, 69.9798569698599]}], "rb_4XMM.renamed.noAb_Nup120_2-711_3F7F_updated_1.pdb_43": [{"rot": [[0.6766038873657446, 0.7293227194941622, 0.10146699183084606], [-0.7363137777780274, 0.6688063097218079, 0.10266518752987838], [0.007014289401708042, -0.1441752090545915, 0.9895273158626053]], "trans": [-335.08613147885785, 169.25626915084345, 93.26002630373006]}], "rb_4XMM.renamed.noAb_Nup120_2-711_3F7F_updated_1.pdb_44": [{"rot": [[-0.0392819958989577, 0.9856988422804691, 0.16387408924273358], [-0.9970893318515579, -0.04939185828302267, 0.058080191486959684], [0.0653436233002607, -0.1611156003070185, 0.9847700108308035]], "trans": [-432.1049652635583, 499.8863662749004, 99.42559484748944]}], "rb_4XMM.renamed.noAb_Nup120_2-711_3F7F_updated_1.pdb_45": [{"rot": [[-0.7294945316083831, 0.660797482928583, 0.17659109521352606], [-0.673593437594987, -0.7388900561883833, -0.0177021381446945], [0.11878387593622236, -0.1318642158478736, 0.9841251035292166]], "trans": [-267.6730115414887, 802.4053582014275, 84.88869051487404]}], "rb_4XMM.renamed.noAb_Nup120_2-711_3F7F_updated_1.pdb_46": [{"rot": [[-0.9896974843471965, -0.05504956114399393, 0.1321682083357491], [0.044665448844076396, -0.995770517736723, -0.08028744413601327], [0.13602899380788458, -0.07355692913784487, 0.9879703897483073]], "trans": [61.88508604567869, 899.5934707372584, 58.189241735467306]}], "rb_4XMM.renamed.noAb_Nup120_2-711_3F7F_updated_1.pdb_47": [{"rot": [[-0.6674602955393679, -0.7424889980762248, 0.05662898210510947], [0.7369211443393304, -0.6695490465385169, -0.09301237178446767], [0.10697654370986565, -0.020350970864409644, 0.9940532466023964]], "trans": [363.51146050146946, 734.5166540016959, 34.992166967660125]}], "rb_4XMM.renamed.noAb_Nup120_2-711_3F7F_updated_1.pdb_48": [{"rot": [[0.04844594606711472, -0.9988091128171482, -0.005774639649394345], [0.9976405016643489, 0.048669219855582035, -0.04842247905211329], [0.048645860549131434, -0.0034151415881579494, 0.9988102507780767]], "trans": [460.5110420770652, 403.8793516167282, 28.91064459037483]}], "rb_4XMM.renamed.noAb_Nup120_2-711_3F7F_updated_1.pdb_49": [{"rot": [[0.7386332698611671, -0.6738539680379135, -0.018485735412907288], [0.6740904451551978, 0.7381418941143545, 0.02736084618094916], [-0.00479211901612741, -0.03267068889431083, 0.999454682155476]], "trans": [296.06202153064555, 101.37367410061267, 43.53132106287717]}]}
