{"rb_ScNup133N_56-480_renamed_1.pdb_0": [{"rot": [[-0.6738374001101779, -0.12892865353489705, 0.7275441983209255], [0.21396647032464164, -0.9765179094139861, 0.025122145022985806], [0.7072209752189015, 0.17259830500737877, 0.6856006981611159]], "trans": [833.5932758489421, 254.55536173973098, -345.4974911691043]}], "rb_ScNup133N_56-480_renamed_1.pdb_1": [{"rot": [[-0.31288643923764675, -0.7764258548863116, 0.5470511566620165], [0.6669272540840417, -0.5896898821234393, -0.45549300837791973], [0.6762470805120787, 0.22232574026708626, 0.7023255308712518]], "trans": [447.8821471621288, -288.7137736260865, -312.0694267023625]}], "rb_ScNup133N_56-480_renamed_1.pdb_2": [{"rot": [[0.26172720240869485, -0.9617710130174559, 0.08059398264571643], [0.7310464750556902, 0.14303306471185456, -0.6671675904207186], [0.6301348449561976, 0.2335338539024147, 0.7405349527561258]], "trans": [-207.90295400814588, -399.0985850558511, -259.22098096667423]}], "rb_ScNup133N_56-480_renamed_1.pdb_3": [{"rot": [[0.7133867515000735, -0.5763863209283759, -0.3985701341430723], [0.36876218951337963, 0.7924114974422304, -0.48589964633313243], [0.5958974663224149, 0.19965677491138686, 0.7778453457227298]], "trans": [-749.5919554871456, -11.933976792986385, -217.887513735904]}], "rb_ScNup133N_56-480_renamed_1.pdb_4": [{"rot": [[0.7775036757791169, 0.1539644348309864, -0.6097400978754306], [-0.20769435986377796, 0.9780303739383323, -0.017878493639681088], [0.593591683761439, 0.1405401738337603, 0.7923997554946864]], "trans": [-859.8538890542874, 645.9736814163244, -212.25874801453864]}], "rb_ScNup133N_56-480_renamed_1.pdb_5": [{"rot": [[0.4165173769545294, 0.8014314835911406, -0.42920956630045437], [-0.6606267984132977, 0.5911515391225854, 0.46272247731355876], [0.6245682572090235, 0.09081538912488388, 0.7756720036104057]], "trans": [-474.0938459934126, 1189.2129236902656, -245.6080892265636]}], "rb_ScNup133N_56-480_renamed_1.pdb_6": [{"rot": [[-0.15810128121543227, 0.986719498903001, 0.037264129704739746], [-0.7247009172854875, -0.14158593057837482, 0.6743604412684889], [0.670680673169888, 0.07961190078668196, 0.7374614429850008]], "trans": [181.706414593075, 1299.5466590266262, -298.37501816307747]}], "rb_ScNup133N_56-480_renamed_1.pdb_7": [{"rot": [[-0.609732586651724, 0.6012841488358639, 0.5164141217411956], [-0.3623811941999423, -0.7909340938154028, 0.4930548948450194], [0.7049156281890928, 0.11349287025685861, 0.7001523588017385]], "trans": [723.3717666092002, 912.3399463548775, -339.62391893818545]}], "rb_ScNup133C_490_881_renamed_relative_3CQC_1.pdb_7": [{"rot": [[0.8243285297407491, 0.3677035374637392, -0.43043766516431425], [-0.3023498008294693, 0.9287757902921804, 0.2143831367097575], [0.4786095203752575, -0.04657939355323225, 0.8767914729868088]], "trans": [139.295841966676, 122.90104584220111, -217.83890969557615]}], "rb_ScNup133C_490_881_renamed_relative_3CQC_1.pdb_8": [{"rot": [[0.3807092936726745, 0.9145369736983535, -0.13668415215345445], [-0.7671809864997579, 0.39491010036596397, 0.5054496479197518], [0.5162303436107859, -0.08756789575866064, 0.8519613230469377]], "trans": [-134.62572289950617, 114.86227304067035, -195.92531412291083]}], "rb_ScNup133C_490_881_renamed_relative_3CQC_1.pdb_9": [{"rot": [[-0.26074846916461564, 0.9250300895002351, 0.2762780652666704], [-0.7810492933286363, -0.370335611427065, 0.5028056645462321], [0.5674259751008458, -0.08468098032100857, 0.8190585414686338]], "trans": [-334.0542717781222, 303.4902928019458, -180.90615000089036]}], "rb_ScNup133C_490_881_renamed_relative_3CQC_1.pdb_10": [{"rot": [[-0.7242697567465808, 0.39303586967970916, 0.5665298973640857], [-0.33583047163262136, -0.9186696171540139, 0.208000069329572], [0.602205292060156, -0.03960984300916043, 0.7973580416296872]], "trans": [-342.15983545427605, 578.2842682899733, -181.5558505412218]}], "rb_ScNup133C_490_881_renamed_relative_3CQC_1.pdb_11": [{"rot": [[-0.7383172631575511, -0.36979597067386083, 0.5640377283452928], [0.3076600152533753, -0.9288701247505554, -0.2062658632934165], [0.6001940802255835, 0.021242208436567073, 0.7995722823128006]], "trans": [-154.19214709876508, 778.2661308639913, -197.46980710541476]}], "rb_ScNup133C_490_881_renamed_relative_3CQC_1.pdb_12": [{"rot": [[-0.2946617610721398, -0.9165877835524044, 0.270261505961084], [0.7724563668956718, -0.39496153303947856, -0.4973093088425367], [0.5625705358479076, 0.062227184265341406, 0.8244041301050128]], "trans": [119.73658444461017, 786.2838024790569, -219.30139465019113]}], "rb_ScNup133C_490_881_renamed_relative_3CQC_1.pdb_13": [{"rot": [[0.3467971008454398, -0.9270212152071098, -0.14270051647113557], [0.786274326873653, 0.37028497684372463, -0.494632913202532], [0.5113750617155467, 0.05933550774850749, 0.8573067384405917]], "trans": [319.1569591818899, 597.640534849075, -234.23735646524983]}], "rb_ScNup133C_490_881_renamed_relative_3CQC_1.pdb_14": [{"rot": [[0.8102836767139163, -0.3949842142632637, -0.4329293634460554], [0.34101913939898165, 0.9185772094336846, -0.1998045466764955], [0.4765986884314229, 0.01426116376226537, 0.8790052954297776]], "trans": [327.24762310395545, 322.84633081694176, -233.5039906210812]}], "rb_ScNup84_506-726_ScNup133C_882_1155_renamed_relative_3CQC_new_1.pdb_14": [{"rot": [[0.9718510255296736, 0.14513874391850784, 0.18558105827556842], [-0.1858329154947117, 0.9564346698145146, 0.22516405107284826], [-0.14481613064730547, -0.2533129830675062, 0.9564835706449873]], "trans": [-82.73683390089911, 58.80563704542061, 170.7024116198525]}], "rb_ScNup84_506-726_ScNup133C_882_1155_renamed_relative_3CQC_new_1.pdb_15": [{"rot": [[0.5551128758557827, 0.7721637434293606, 0.30921327331193105], [-0.8246692290657319, 0.5594156437041798, 0.08351526932944332], [-0.1084912793327362, -0.30135907305437915, 0.9473185057817416]], "trans": [-329.5395365787881, 248.4006819746293, 189.49288410813563]}], "rb_ScNup84_506-726_ScNup133C_882_1155_renamed_relative_3CQC_new_1.pdb_16": [{"rot": [[-0.18998518857390567, 0.9358439873439175, 0.2968192370362392], [-0.9805960001514367, -0.16598844390477585, -0.10430398351489206], [-0.048343692551782655, -0.3108759685828236, 0.9492202165715552]], "trans": [-370.4743307617935, 557.4832583332549, 191.29304628453752]}], "rb_ScNup84_506-726_ScNup133C_882_1155_renamed_relative_3CQC_new_1.pdb_17": [{"rot": [[-0.8269542157337719, 0.5402932808855919, 0.15565955065470471], [-0.5622691276823478, -0.7948256502933914, -0.22826654089248113], [0.0003913252782989929, -0.27628853806404985, 0.9610746540196324]], "trans": [-181.5591234976489, 804.9885516212676, 175.0723426650221]}], "rb_ScNup84_506-726_ScNup133C_882_1155_renamed_relative_3CQC_new_1.pdb_18": [{"rot": [[-0.9826487682502836, -0.1827691948373677, -0.03157245119879154], [0.18524960804024038, -0.9587142733546057, -0.21575338881947334], [0.009164113548895491, -0.2178585859787258, 0.9759373215213221]], "trans": [126.53880643315108, 845.9245880010933, 150.35709504300888]}], "rb_ScNup84_506-726_ScNup133C_882_1155_renamed_relative_3CQC_new_1.pdb_19": [{"rot": [[-0.5658607819660777, -0.809763246365544, -0.15519362186724533], [0.824053191615862, -0.5616460468695745, -0.07409490821568082], [-0.02716455080522319, -0.16981520212075873, 0.9851014588905224]], "trans": [373.3332608355957, 656.3105769584969, 131.64984886165124]}], "rb_ScNup84_506-726_ScNup133C_882_1155_renamed_relative_3CQC_new_1.pdb_20": [{"rot": [[0.17924946404295128, -0.9733869176976048, -0.14278493651457008], [0.9799214766553898, 0.16377086342477754, 0.11372336559661819], [-0.08731282397124687, -0.16030287816585811, 0.9831985852420185]], "trans": [414.2504818581897, 347.22519651496657, 129.9335776073463]}], "rb_ScNup84_506-726_ScNup133C_882_1155_renamed_relative_3CQC_new_1.pdb_21": [{"rot": [[0.8161858816102455, -0.5777871550734633, -0.0016155779828263828], [0.5615446240398493, 0.7925770030995841, 0.23767483958051827], [-0.13604499943786733, -0.19489406761057243, 0.971343430789623]], "trans": [225.32249783234477, 99.73513743336605, 146.237702081477]}], "rb_4XMM.renamed.noAb_Nup145c_149-550_Sec13_Nup84_7-436_3IKO_updated_1.pdb_21": [{"rot": [[0.9960001662127137, -0.00990406823052995, 0.08880077891962418], [0.009090194225752643, 0.9999129366932634, 0.009564904724686669], [-0.08888777909918244, -0.008719430367819187, 0.9960034810485735]], "trans": [-21.8146269770981, -7.760612456924605, 52.611104390104515]}], "rb_4XMM.renamed.noAb_Nup145c_149-550_Sec13_Nup84_7-436_3IKO_updated_1.pdb_22": [{"rot": [[0.7107576386440533, 0.6977344806817806, 0.08938777084621687], [-0.7006371467472808, 0.7135160755740646, 0.0015487075952530065], [-0.06269902476880464, -0.06372914847314527, 0.9959956967416723]], "trans": [-335.6122895955955, 151.59396719830107, 76.8886241642189]}], "rb_4XMM.renamed.noAb_Nup145c_149-550_Sec13_Nup84_7-436_3IKO_updated_1.pdb_23": [{"rot": [[0.008704525331697244, 0.9964148738018015, 0.08415242423893807], [-0.99994814995676, 0.009118284634929752, -0.004533683201290134], [-0.00528475513180085, -0.08410859737183099, 0.996442579987096]], "trans": [-445.25336733568923, 486.8251938816277, 84.03787704064814]}], "rb_4XMM.renamed.noAb_Nup145c_149-550_Sec13_Nup84_7-436_3IKO_updated_1.pdb_24": [{"rot": [[-0.6988865609970786, 0.7111659254462812, 0.07616167895871878], [-0.7135022094374266, -0.7006342781831439, -0.005119117374617576], [0.04972094111727024, -0.0579192085487967, 0.997082340278622]], "trans": [-286.506657578772, 801.5500050368462, 69.89473478110096]}], "rb_4XMM.renamed.noAb_Nup145c_149-550_Sec13_Nup84_7-436_3IKO_updated_1.pdb_25": [{"rot": [[-0.9974987849365594, 0.009090491572056068, 0.07009662626022002], [-0.009103396033268197, -0.9999585540701924, 0.00013536066862775985], [0.07009495153538568, -0.00050309524695838, 0.9975401970168538]], "trans": [47.63369211020927, 911.3982854645711, 42.76845444071262]}], "rb_4XMM.renamed.noAb_Nup145c_149-550_Sec13_Nup84_7-436_3IKO_updated_1.pdb_26": [{"rot": [[-0.7122008952706409, -0.6985257393937354, 0.06951025953146532], [0.7006015333402906, -0.7135061617392937, 0.008151603602572319], [0.04390189354606654, 0.05450457379426957, 0.9975479312687555]], "trans": [361.42546684378345, 752.019480424667, 18.57399842462172]}], "rb_4XMM.renamed.noAb_Nup145c_149-550_Sec13_Nup84_7-436_3IKO_updated_1.pdb_27": [{"rot": [[-0.010124418465862206, -0.9971512019624763, 0.07474608066993009], [0.999857424216715, -0.009084951596619928, 0.014233583287486015], [-0.013513970158426342, 0.07487953044240235, 0.9971010122005098]], "trans": [471.04693385826255, 416.78005794584044, 11.508825110070859]}], "rb_4XMM.renamed.noAb_Nup145c_149-550_Sec13_Nup84_7-436_3IKO_updated_1.pdb_28": [{"rot": [[0.6974443460872147, -0.711846889542376, 0.08273687182762357], [0.7133559562125344, 0.7006451991171877, 0.014818390268032874], [-0.06851761705632281, 0.04868583780607501, 0.9964612513038539]], "trans": [312.28220545314366, 102.06811538722422, 25.73581754485423]}], "rb_4XMM.renamed.noAb_Seh1_Nup85_47_544_3F3F_1.pdb_28": [{"rot": [[0.6376547277384235, -0.7432490726829801, 0.20242841734481548], [0.26475655942287335, 0.4582323640590996, 0.8484851588397825], [-0.7233950597255965, -0.4874463216444437, 0.4889741006228263]], "trans": [504.41776447040684, -78.82301326153197, 754.9457630093411]}], "rb_4XMM.renamed.noAb_Seh1_Nup85_47_544_3F3F_1.pdb_29": [{"rot": [[0.6244100550329962, -0.2135077616954827, 0.7513497979433247], [-0.3038536484777613, 0.8197546554547234, 0.4854639689689236], [-0.7195728201373667, -0.5314289609685305, 0.446987937156546]], "trans": [1.2421732478404692, -229.06996219852306, 795.8242339604677]}], "rb_4XMM.renamed.noAb_Seh1_Nup85_47_544_3F3F_1.pdb_30": [{"rot": [[0.21423160382313222, 0.41604809145186605, 0.8837470257503712], [-0.6963633105858613, 0.6995110951058465, -0.1605065964180843], [-0.6849693128843561, -0.5810234189970988, 0.43957801012295183]], "trans": [-460.59456273190693, 21.66500128689544, 831.4567758273463]}], "rb_4XMM.renamed.noAb_Seh1_Nup85_47_544_3F3F_1.pdb_31": [{"rot": [[-0.35259230565626837, 0.7766157912478195, 0.5220599379156748], [-0.6828347324522657, 0.16794205609904167, -0.71100787193256], [-0.6398557604248304, -0.6071765629351548, 0.47108515925829425]], "trans": [-610.5400582946578, 526.49791701716, 840.9933480667057]}], "rb_4XMM.renamed.noAb_Seh1_Nup85_47_544_3F3F_1.pdb_32": [{"rot": [[-0.7440082350150483, 0.6569696951473417, -0.12183006971926022], [-0.27119314590058685, -0.46355182339205403, -0.843548448310139], [-0.6106603178906698, -0.5945675123044558, 0.5230520523482871]], "trans": [-360.7522145690026, 989.6906616085487, 818.871297096247]}], "rb_4XMM.renamed.noAb_Seh1_Nup85_47_544_3F3F_1.pdb_33": [{"rot": [[-0.7307192138702313, 0.12720017325604727, -0.6707231518327817], [0.2974160035208314, -0.8250325246978566, -0.4804841870867089], [-0.6144860871741248, -0.5505828267520794, 0.5650357506876196]], "trans": [142.44164092123793, 1139.898511056907, 778.0740371965704]}], "rb_4XMM.renamed.noAb_Seh1_Nup85_47_544_3F3F_1.pdb_34": [{"rot": [[-0.32051013818364915, -0.5023463187518845, -0.8030700015303311], [0.6898934586919153, -0.7047395561155387, 0.16549674830696176], [-0.6490918786856006, -0.5009893552586735, 0.5724416118189646]], "trans": [604.2653659357818, 889.1277060198895, 742.525183359457]}], "rb_4XMM.renamed.noAb_Seh1_Nup85_47_544_3F3F_1.pdb_35": [{"rot": [[0.2463127315595316, -0.8628725692526705, -0.4413399681685031], [0.6763203924413267, -0.1731422347714786, 0.7159696175860719], [-0.6942051318160145, -0.4748396526930238, 0.5409311778689379]], "trans": [754.1780239858509, 384.28343675171084, 733.0737603027139]}], "rb_4XMM.renamed.noAb_Nup120_715-1036_Nup85_553-744_Nup145c_92-99_554-712_remaining_updated_1.pdb_35": [{"rot": [[0.9958782976341242, -0.056034745042062024, 0.07131986854608244], [0.0530912740708973, 0.9976840010751892, 0.04252000254152482], [-0.07353728930881423, -0.03855828505877192, 0.9965468005740817]], "trans": [9.690528157270364, -41.080705099684565, 62.16404784515544]}], "rb_4XMM.renamed.noAb_Nup120_715-1036_Nup85_553-744_Nup145c_92-99_554-712_remaining_updated_1.pdb_36": [{"rot": [[0.7419950105821642, 0.6628692441631872, 0.1002385625081459], [-0.6685539265769691, 0.7427325387592285, 0.037202461300138226], [-0.04979007461021796, -0.09461892522533051, 0.9942676739487777]], "trans": [-336.57842923856356, 106.37988038601094, 89.08760077453829]}], "rb_4XMM.renamed.noAb_Nup120_715-1036_Nup85_553-744_Nup145c_92-99_554-712_remaining_updated_1.pdb_37": [{"rot": [[0.053723546101343556, 0.9916840860969509, 0.11694637222398833], [-0.9985335376991411, 0.05256977643423488, 0.01293030145403766], [0.00667492953779554, -0.11746953642416992, 0.9930540535781301]], "trans": [-477.5726055356142, 456.23787128837114, 98.6647236307602]}], "rb_4XMM.renamed.noAb_Nup120_715-1036_Nup85_553-744_Nup145c_92-99_554-712_remaining_updated_1.pdb_38": [{"rot": [[-0.6657369672878235, 0.7377854100651599, 0.11165562718195227], [-0.743540850387734, -0.668497208434861, -0.016077503521477285], [0.06277972754876152, -0.09372390842139217, 0.9936168953873125]], "trans": [-330.6937109019208, 803.5416403343012, 85.3090077084006]}], "rb_4XMM.renamed.noAb_Nup120_715-1036_Nup85_553-744_Nup145c_92-99_554-712_remaining_updated_1.pdb_39": [{"rot": [[-0.9949164164487243, 0.049910640458568745, 0.08746572042716746], [-0.052954176266660685, -0.9980572090672566, -0.032827772461699864], [0.08565733767020411, -0.03729256491437925, 0.9956264787084355]], "trans": [18.01644053294916, 944.8358594287307, 56.86842461155891]}], "rb_4XMM.renamed.noAb_Nup120_715-1036_Nup85_553-744_Nup145c_92-99_554-712_remaining_updated_1.pdb_40": [{"rot": [[-0.7409768386326703, -0.6689734836530293, 0.05854744041427216], [0.6686710736918483, -0.7430493302964857, -0.027507961642655617], [0.061905733318679594, 0.018766217388517175, 0.9979055612968606]], "trans": [364.2804385845772, 797.3484995728336, 30.027873831773036]}], "rb_4XMM.renamed.noAb_Nup120_715-1036_Nup85_553-744_Nup145c_92-99_554-712_remaining_updated_1.pdb_41": [{"rot": [[-0.05267961907235308, -0.9977345060989109, 0.04184152332256856], [0.9985966531460746, -0.0528607831175566, -0.0032344912514732267], [0.005438939220932373, 0.04161241338542994, 0.9991190244372239]], "trans": [505.253864211211, 447.47985253714774, 20.534933368794157]}], "rb_4XMM.renamed.noAb_Nup120_715-1036_Nup85_553-744_Nup145c_92-99_554-712_remaining_updated_1.pdb_42": [{"rot": [[0.6667610260229976, -0.7437795843998618, 0.04713453093780762], [0.7435475057010621, 0.6681862498735988, 0.025772897500760165], [-0.050664000458780445, 0.017862399330004004, 0.9985560043120701]], "trans": [358.35441029473105, 100.18802169828075, 33.97470649748254]}], "rb_4XMM.renamed.noAb_Nup120_2-711_3F7F_updated_1.pdb_42": [{"rot": [[0.9725970729296154, 0.1815780012827668, 0.14520455632968804], [-0.22100893655143689, 0.9159491011556273, 0.3349511816020399], [-0.07218021677127993, -0.3578640433773073, 0.9309797757011145]], "trans": [-131.77339851376598, 83.05075812600285, 279.79651155710553]}], "rb_4XMM.renamed.noAb_Nup120_2-711_3F7F_updated_1.pdb_43": [{"rot": [[0.5322789901646507, 0.7673882859564443, 0.3574832796175665], [-0.8458842087138438, 0.49908517983300377, 0.18813263597689162], [-0.03404382584045057, -0.40252851060252853, 0.9147741885701937]], "trans": [-345.0543754897416, 306.3873305438492, 295.75092647500884]}], "rb_4XMM.renamed.noAb_Nup120_2-711_3F7F_updated_1.pdb_44": [{"rot": [[-0.2196576776929255, 0.8879260924211628, 0.40415066377309894], [-0.975216500912773, -0.21110980825886533, -0.06622254302239919], [0.026519445280760806, -0.408680686177596, 0.9122920671404586]], "trans": [-338.49284835068914, 615.5402789589024, 293.7649953497556]}], "rb_4XMM.renamed.noAb_Nup120_2-711_3F7F_updated_1.pdb_45": [{"rot": [[-0.8427178283051284, 0.472578674066819, 0.2578682971478579], [-0.5332411327927714, -0.7985936253464307, -0.2791095051300241], [0.07403077842742573, -0.3727165389049596, 0.9249874731433597]], "trans": [-115.93073887293426, 829.4035639282307, 275.02610953733483]}], "rb_4XMM.renamed.noAb_Nup120_2-711_3F7F_updated_1.pdb_46": [{"rot": [[-0.9719040402952063, -0.23533759503601354, 0.0043304526922791076], [0.2211264931487732, -0.9192099678579764, -0.32581606623717074], [0.08065736473243058, -0.31570437335140633, 0.9454232587371734]], "trans": [192.25384442497455, 822.6931744396635, 250.53577746613882]}], "rb_4XMM.renamed.noAb_Nup120_2-711_3F7F_updated_1.pdb_47": [{"rot": [[-0.531537209153782, -0.8211153828275011, -0.2079368254279526], [0.8459671850517783, -0.5023000816598087, -0.178980864284761], [0.04251725650343659, -0.2710427199697418, 0.9616278525764659]], "trans": [405.523940583761, 599.340268067274, 234.66478587834314]}], "rb_4XMM.renamed.noAb_Nup120_2-711_3F7F_updated_1.pdb_48": [{"rot": [[0.22040956626417807, -0.9415978017525826, -0.2545843727213842], [0.9752404553457077, 0.20790434348378928, 0.07537796904713571], [-0.018046533083485486, -0.2648950050402579, 0.9641083751054069]], "trans": [398.94483350451685, 290.18824343516803, 236.7345903282464]}], "rb_4XMM.renamed.noAb_Nup120_2-711_3F7F_updated_1.pdb_49": [{"rot": [[0.8434352624693006, -0.5262045520028388, -0.10828539825310646], [0.5332161995392669, 0.7953555414413044, 0.2882534427331448], [-0.06555488213888361, -0.3008626466514268, 0.9514117012511755]], "trans": [176.3725702189364, 76.3428324115597, 255.556675086039]}]}
