{"rb_ScNup133N_56-480_renamed_1.pdb_0": [{"rot": [[-0.4728821315171675, 0.1293890545946112, 0.871573842105702], [0.04450075150725262, -0.9843901097308181, 0.17028151684619103], [0.8800012345486068, 0.11930877761197044, 0.45974258316765404]], "trans": [616.3853921540021, 317.68091678976464, -373.39785311302234]}], "rb_ScNup133N_56-480_renamed_1.pdb_1": [{"rot": [[-0.2864766863243002, -0.5998968782881989, 0.7470306845188651], [0.415424047687004, -0.7803787403271703, -0.4673669674342922], [0.8633388493494291, 0.17644477058120703, 0.4727719049801405]], "trans": [337.84565123004046, -92.60446548637108, -349.1590406146238]}], "rb_ScNup133N_56-480_renamed_1.pdb_2": [{"rot": [[0.10684165013867963, -0.9719628956507191, 0.2094588056728932], [0.5453722833892374, -0.11885695103224359, -0.8297241093894583], [0.8313566829625265, 0.2028821201328242, 0.5173827509919103]], "trans": [-148.39064351768926, -185.01630465009433, -309.9121316003834]}], "rb_ScNup133N_56-480_renamed_1.pdb_3": [{"rot": [[0.47666145058321396, -0.7688474783911404, -0.4262246080407517], [0.35821994986946126, 0.6126464665277646, -0.7045159860262693], [0.8027903394058926, 0.1831334541328558, 0.5674414585963404]], "trans": [-557.477501354947, 94.58167448281554, -278.6245138510736]}], "rb_ScNup133N_56-480_renamed_1.pdb_4": [{"rot": [[0.6063370614497083, -0.10953850186750741, -0.787627249732483], [-0.03639647704853705, 0.9856064961480138, -0.16509128144542112], [0.7943743855204475, 0.12876781958027406, 0.593622931050978]], "trans": [-649.7641594967081, 582.3971501999736, -273.6009100984638]}], "rb_ScNup133N_56-480_renamed_1.pdb_5": [{"rot": [[0.4199026814664577, 0.6197315392160665, -0.6630343561220373], [-0.4073051303845745, 0.781537893740545, 0.4725474065212908], [0.811039005757235, 0.07163337175142845, 0.5805896926331351]], "trans": [-371.18587902238534, 992.6610554232402, -297.76021335245946]}], "rb_ScNup133N_56-480_renamed_1.pdb_6": [{"rot": [[0.02657419915240744, 0.991745972085245, -0.12543420104621295], [-0.5372224912023885, 0.11998692396294708, 0.8348623437574667], [0.8430218306103993, 0.04520027578017127, 0.5359767981766457]], "trans": [115.06416875167201, 1085.0351265469424, -336.9255582195071]}], "rb_ScNup133N_56-480_renamed_1.pdb_7": [{"rot": [[-0.34323101462127076, 0.7885734965617592, 0.5102394644893851], [-0.3500411377001158, -0.6115005272203891, 0.7096043313895393], [0.8715868703231262, 0.06495341199311783, 0.4859191102959326]], "trans": [524.1357630530116, 805.4054470275912, -368.12932854394097]}], "rb_ScNup133C_490_881_renamed_relative_3CQC_1.pdb_7": [{"rot": [[0.7526222835359785, 0.3685971306119065, -0.5456151149205444], [-0.2778630534392497, 0.9290284865988537, 0.24433213996783298], [0.5969521101885027, -0.03228353128939315, 0.8016270652547736]], "trans": [213.71207756043043, 99.59190006417109, -264.78678506863446]}], "rb_ScNup133C_490_881_renamed_relative_3CQC_1.pdb_8": [{"rot": [[0.34947614248907166, 0.9156312428351441, -0.19871047525263505], [-0.6925140056902264, 0.39528243912590943, 0.6034700864513083], [0.6311028266089733, -0.07328861073073895, 0.7722292417302797]], "trans": [-99.2297461900431, 43.230345914458326, -239.52792009846053]}], "rb_ScNup133C_490_881_renamed_relative_3CQC_1.pdb_9": [{"rot": [[-0.22798059830508027, 0.9263506452526798, 0.2998321677812457], [-0.699623728975525, -0.37002105753455133, 0.6112373146621475], [0.6771642966450893, -0.07041945058686344, 0.7324545148527695]], "trans": [-360.32232396449456, 225.3820892040368, -219.56224090429697]}], "rb_ScNup133C_490_881_renamed_relative_3CQC_1.pdb_10": [{"rot": [[-0.6414656379492174, 0.39447576078474783, 0.6579595044405833], [-0.2950272471475202, -0.9185564242595268, 0.2630836727965232], [0.7081530616829665, -0.025356845325206934, 0.7056034804507372]], "trans": [-416.6120289580401, 539.3401871694706, -216.56191897297487]}], "rb_ScNup133C_490_881_renamed_relative_3CQC_1.pdb_11": [{"rot": [[-0.6487536100807453, -0.3684136038114666, 0.665875491314891], [0.2842571159285495, -0.928983908872856, -0.23703752677433138], [0.7059154662218294, 0.03550089550921802, 0.7074058530764784]], "trans": [-235.12164496135665, 801.1836760086064, -232.26058029521522]}], "rb_ScNup133C_490_881_renamed_relative_3CQC_1.pdb_12": [{"rot": [[-0.24557511786460834, -0.9154061020154602, 0.31894283167778464], [0.698876412453203, -0.39519494386051784, -0.5961482336328958], [0.6717623252329081, 0.07650244924145949, 0.7368057774323797]], "trans": [77.83111540514841, 857.5210647614654, -257.4377228161388]}], "rb_ScNup133C_490_881_renamed_relative_3CQC_1.pdb_13": [{"rot": [[0.33188219314224027, -0.9260658157851089, -0.17960043070481777], [0.7059408123902173, 0.3701093686488531, -0.6038763322404564], [0.6257010302668004, 0.07362852757326288, 0.7765803632918209]], "trans": [338.9160258241187, 675.3492335346211, -277.32021654809205]}], "rb_ScNup133C_490_881_renamed_relative_3CQC_1.pdb_14": [{"rot": [[0.7453356880039038, -0.3941481344921888, -0.5377006232691887], [0.30131189064845065, 0.9186029715964615, -0.255694593466514], [0.5947149373789115, 0.0285627143401532, 0.8034290974366808]], "trans": [395.1877778141486, 361.3871264787586, -280.2366114185488]}], "rb_ScNup84_506-726_ScNup133C_882_1155_renamed_relative_3CQC_new_1.pdb_14": [{"rot": [[0.9777303331103566, 0.17826766102868083, 0.11074311151161022], [-0.1921733393581849, 0.9725671810414376, 0.13108198198468674], [-0.08433743745119061, -0.1494447034607556, 0.9851667256113006]], "trans": [-71.87714399509082, 85.08415821239686, 97.88187169722289]}], "rb_ScNup84_506-726_ScNup133C_882_1155_renamed_relative_3CQC_new_1.pdb_15": [{"rot": [[0.5560066351223494, 0.8090768518476036, 0.1903976614990102], [-0.8298125445260524, 0.5534575990140538, 0.07138506174820754], [-0.047621031562946226, -0.19768493594092584, 0.9791082184594873]], "trans": [-304.75415119444665, 255.13430188519845, 115.65747520125348]}], "rb_ScNup84_506-726_ScNup133C_882_1155_renamed_relative_3CQC_new_1.pdb_16": [{"rot": [[-0.19177420432433656, 0.9598624168321223, 0.2046626377944017], [-0.9813566527691701, -0.19024486101574212, -0.02731323713493823], [0.012719065274460414, -0.206085015491898, 0.9784514253493864]], "trans": [-349.61545063673225, 540.5238986508416, 117.8858816935543]}], "rb_ScNup84_506-726_ScNup133C_882_1155_renamed_relative_3CQC_new_1.pdb_17": [{"rot": [[-0.8275516257719968, 0.5422920459378396, 0.14518141614777857], [-0.5580289887067934, -0.8228688117578092, -0.10719405953298959], [0.06133477353831115, -0.16972405707159094, 0.983581104945678]], "trans": [-180.17874722507054, 774.0678155258778, 103.2856641315908]}], "rb_ScNup84_506-726_ScNup133C_882_1155_renamed_relative_3CQC_new_1.pdb_18": [{"rot": [[-0.9788782512749492, -0.19901564982314363, 0.04679893488495795], [0.19217913313327373, -0.973814222869739, -0.12146209336557215], [0.06974632584615562, -0.10990282281213429, 0.991492218612372]], "trans": [104.29946246373231, 818.9528498308621, 80.43384072741515]}], "rb_ScNup84_506-726_ScNup133C_882_1155_renamed_relative_3CQC_new_1.pdb_19": [{"rot": [[-0.5571048099081451, -0.8297921698355334, -0.03285096127731409], [0.8297852170426022, -0.5546551441918668, -0.06175892323428215], [0.033026116253171096, -0.06166543522212078, 0.9975503244168162]], "trans": [337.169745390483, 648.8848323861306, 62.74133674309013]}], "rb_ScNup84_506-726_ScNup133C_882_1155_renamed_relative_3CQC_new_1.pdb_20": [{"rot": [[0.19068786937021814, -0.9805197347271398, -0.04710824010364273], [0.9812706288213243, 0.18905912584330037, 0.036940491983271914], [-0.02731463870611686, -0.053270036098945275, 0.9982064985594754]], "trans": [382.0153196849658, 363.4921225650327, 60.596675378125894]}], "rb_ScNup84_506-726_ScNup133C_882_1155_renamed_relative_3CQC_new_1.pdb_21": [{"rot": [[0.8264322911620984, -0.5629000117257951, 0.012379213370066769], [0.5578930783051591, 0.8216502814779548, 0.11681664319089236], [-0.07592747397191246, -0.0896347686240917, 0.9930763449755245]], "trans": [212.56692894213847, 129.96191061315517, 75.28023440103041]}], "rb_4XMM.renamed.noAb_Nup145c_149-550_Sec13_Nup84_7-436_3IKO_updated_1.pdb_21": [{"rot": [[0.9982105581347172, -0.018874660620926912, 0.056740010705163074], [0.020198885406797516, 0.9995346906831268, -0.02285622780140495], [-0.05628220550671635, 0.023961412884708717, 0.9981273285687899]], "trans": [-8.401143641998374, -5.057058011979677, 20.761353216794987]}], "rb_4XMM.renamed.noAb_Nup145c_149-550_Sec13_Nup84_7-436_3IKO_updated_1.pdb_22": [{"rot": [[0.7208007706976509, 0.6917542593761821, 0.04384396875948669], [-0.6924619442823052, 0.7214531561677133, 0.0013413338193998918], [-0.03070349625763509, -0.03132711430303306, 0.9990374904011374]], "trans": [-324.826567970743, 142.21779286971662, 45.30709545500844]}], "rb_4XMM.renamed.noAb_Nup145c_149-550_Sec13_Nup84_7-436_3IKO_updated_1.pdb_23": [{"rot": [[0.02222047683958639, 0.9984113595754939, 0.05177844609135616], [-0.9994025874516351, 0.020811566586699026, 0.027592515129728195], [0.026471089966193247, -0.0523606318413124, 0.9982773390341886]], "trans": [-444.84135760060224, 470.77484624583377, 53.31567040818345]}], "rb_4XMM.renamed.noAb_Nup145c_149-550_Sec13_Nup84_7-436_3IKO_updated_1.pdb_24": [{"rot": [[-0.6882921373152789, 0.7214525868151389, 0.07589531400363202], [-0.7208128874695301, -0.6919443558369449, 0.04051900397633318], [0.08174787439318427, -0.026817408583608007, 0.9962921818568367]], "trans": [-298.13724321860707, 788.140864389369, 40.11954684902997]}], "rb_4XMM.renamed.noAb_Nup145c_149-550_Sec13_Nup84_7-436_3IKO_updated_1.pdb_25": [{"rot": [[-0.9945087641671648, 0.023124295296829005, 0.1020665712254654], [-0.019894618700277134, -0.9992721418889411, 0.03254828092938088], [0.10274493730334618, 0.03033897512626897, 0.99424495193429]], "trans": [29.34634978152036, 908.398475806163, 13.473204925028938]}], "rb_4XMM.renamed.noAb_Nup145c_149-550_Sec13_Nup84_7-436_3IKO_updated_1.pdb_26": [{"rot": [[-0.7170433860517988, -0.6874829553790991, 0.11496072626157959], [0.6927444140635055, -0.7211348411782479, 0.008349707936970936], [0.07716190318531917, 0.08562550380606226, 0.9933349454211184]], "trans": [345.7668284409082, 761.0991928911166, -10.989547650132408]}], "rb_4XMM.renamed.noAb_Nup145c_149-550_Sec13_Nup84_7-436_3IKO_updated_1.pdb_27": [{"rot": [[-0.018439133730993484, -0.9940854182044526, 0.10702420128423282], [0.9996302172184325, -0.020469206197128997, -0.017900849742063712], [0.019985674146224493, 0.1066545494150946, 0.9940952569638298]], "trans": [465.7625281714019, 432.53312929093227, -18.914080591926506]}], "rb_4XMM.renamed.noAb_Nup145c_149-550_Sec13_Nup84_7-436_3IKO_updated_1.pdb_28": [{"rot": [[0.6920517714657659, -0.7170710473614138, 0.082906324530157], [0.720984760186523, 0.692264954697023, -0.030825445286481304], [-0.03528910865800673, 0.08110700052605176, 0.9960804853403111]], "trans": [319.04018947077566, 115.1790346392745, -5.634085865949487]}], "rb_4XMM.renamed.noAb_Seh1_Nup85_47_544_3F3F_1.pdb_28": [{"rot": [[0.7098926345667701, -0.6586679648151382, 0.24941723980939443], [0.3141186726706463, 0.6130499854520789, 0.7249132188178389], [-0.6303823497429829, -0.43626394242876926, 0.6420995761321028]], "trans": [412.23082096698573, -148.3343938324906, 639.3057360783588]}], "rb_4XMM.renamed.noAb_Seh1_Nup85_47_544_3F3F_1.pdb_29": [{"rot": [[0.7122610909979792, -0.04338801516299179, 0.70057235057529], [-0.3145029225390283, 0.8725645205661563, 0.37379014053819926], [-0.6275125894870804, -0.48656822500999053, 0.6078480998126496]], "trans": [-115.40391765844606, -219.91218504293056, 681.7509899291317]}], "rb_4XMM.renamed.noAb_Seh1_Nup85_47_544_3F3F_1.pdb_30": [{"rot": [[0.2708252069366082, 0.5747703888054511, 0.7721999141674236], [-0.7605050587887173, 0.6195426262373486, -0.19441962306233684], [-0.5901574051424887, -0.5346082064721436, 0.6049035482852823]], "trans": [-539.088855741983, 103.77789675430506, 713.9876361659508]}], "rb_4XMM.renamed.noAb_Seh1_Nup85_47_544_3F3F_1.pdb_31": [{"rot": [[-0.3558156524882265, 0.8336813380119801, 0.422339493884877], [-0.7626133960332317, 0.002208095772181895, -0.6468507807089081], [-0.5401999904063687, -0.5522413883109607, 0.6349908813529088]], "trans": [-610.6214692573984, 633.1137544074212, 717.154997787762]}], "rb_4XMM.renamed.noAb_Seh1_Nup85_47_544_3F3F_1.pdb_32": [{"rot": [[-0.8005664361893385, 0.5816711477670277, -0.14405574303890809], [-0.3195928405871803, -0.6177957984659694, -0.7184627809728309], [-0.5069061032306875, -0.5291380039773986, 0.6804845150731172]], "trans": [-288.0950312582481, 1058.003095662809, 689.421594597896]}], "rb_4XMM.renamed.noAb_Seh1_Nup85_47_544_3F3F_1.pdb_33": [{"rot": [[-0.802885864088567, -0.033629059140230816, -0.5951834806411378], [0.30902891957930834, -0.8772620331774882, -0.36730430437029554], [-0.5097797721667683, -0.4788323417717773, 0.7147336373523743]], "trans": [239.55183659205414, 1129.5398702685306, 647.0580501271479]}], "rb_4XMM.renamed.noAb_Seh1_Nup85_47_544_3F3F_1.pdb_34": [{"rot": [[-0.3614151826186102, -0.6517677457706061, -0.6667667293333258], [0.7549963937938868, -0.6241916295944571, 0.20091106217041282], [-0.5471375614331225, -0.43079416792398667, 0.7176746294468666]], "trans": [663.2180726252283, 805.8169437872115, 614.9055309536453]}], "rb_4XMM.renamed.noAb_Seh1_Nup85_47_544_3F3F_1.pdb_35": [{"rot": [[0.26522585827882256, -0.910630553740543, -0.31687101270778184], [0.7570555475202692, -0.006836798428506097, 0.653314745093079], [-0.5970947513326915, -0.4131649220123137, 0.6875846167196524]], "trans": [734.7159354183766, 276.4758878400512, 611.8234410609329]}], "rb_4XMM.renamed.noAb_Nup120_715-1036_Nup85_553-744_Nup145c_92-99_554-712_remaining_updated_1.pdb_35": [{"rot": [[0.9839442351757813, -0.13770419311484086, 0.11353984878859401], [0.12888463498120242, 0.9882883818503881, 0.08169960321386582], [-0.12346049137318542, -0.06575431163149317, 0.9901686106778783]], "trans": [44.47765544271232, -90.36842408839982, 104.64646108472948]}], "rb_4XMM.renamed.noAb_Nup120_715-1036_Nup85_553-744_Nup145c_92-99_554-712_remaining_updated_1.pdb_36": [{"rot": [[0.7859810542029404, 0.5978088877436475, 0.15766520278342025], [-0.6094252905243983, 0.7920801087887981, 0.0347838544497006], [-0.10408937363288702, -0.12342461260149142, 0.9868798140102393]], "trans": [-345.8238689238649, 49.45878132960752, 135.11682225153697]}], "rb_4XMM.renamed.noAb_Nup120_715-1036_Nup85_553-744_Nup145c_92-99_554-712_remaining_updated_1.pdb_37": [{"rot": [[0.1255187331082983, 0.9797801313407173, 0.1558073870805013], [-0.990851057420167, 0.13165644289152856, -0.029677652442289607], [-0.049590620567033, -0.15065681290640348, 0.9873415290955101]], "trans": [-523.3459191843426, 425.1560671554977, 147.47972247335838]}], "rb_4XMM.renamed.noAb_Nup120_715-1036_Nup85_553-744_Nup145c_92-99_554-712_remaining_updated_1.pdb_38": [{"rot": [[-0.6105345878921751, 0.7844453973826707, 0.10905473631380855], [-0.7919480733552494, -0.60609712038511, -0.07392245781752962], [0.008109629845981112, -0.13149790563358768, 0.991283276726557]], "trans": [-384.0916618959611, 816.6347828159136, 134.5168053845444]}], "rb_4XMM.renamed.noAb_Nup120_715-1036_Nup85_553-744_Nup145c_92-99_554-712_remaining_updated_1.pdb_39": [{"rot": [[-0.9909884950045773, 0.12623452724188006, 0.04479561251484639], [-0.1292365109269497, -0.9889941413484212, -0.07203133083544817], [0.035209757340680874, -0.07717144880405201, 0.9963959255624706]], "trans": [-9.636291124017873, 994.5612936222722, 103.84593549403957]}], "rb_4XMM.renamed.noAb_Nup120_715-1036_Nup85_553-744_Nup145c_92-99_554-712_remaining_updated_1.pdb_40": [{"rot": [[-0.7929677250423727, -0.6092632705799101, 0.000673916458692401], [0.6090578523612038, -0.7927281462701018, -0.025112120347039003], [0.015834125118873447, -0.019502646831579755, 0.9996844138268239]], "trans": [380.6608704518183, 854.7038575755857, 73.4585457441537]}], "rb_4XMM.renamed.noAb_Nup120_715-1036_Nup85_553-744_Nup145c_92-99_554-712_remaining_updated_1.pdb_41": [{"rot": [[-0.13247563714227706, -0.9911830155997464, 0.0025367598109560033], [0.9904317685444889, -0.13227452241756177, 0.03934923858271987], [-0.03866674826749194, 0.00772530295824703, 0.9992222987266745]], "trans": [558.1601557297088, 478.9930494970309, 61.180002413751936]}], "rb_4XMM.renamed.noAb_Nup120_715-1036_Nup85_553-744_Nup145c_92-99_554-712_remaining_updated_1.pdb_42": [{"rot": [[0.6035621906653936, -0.7957907361166037, 0.049292862669789855], [0.7914710201505186, 0.6054636849602841, 0.08359037298761487], [-0.0963654827263678, -0.011438116335544195, 0.9952802938035126]], "trans": [418.8818939932063, 87.52567507659899, 74.22725421443113]}], "rb_4XMM.renamed.noAb_Nup120_2-711_3F7F_updated_1.pdb_42": [{"rot": [[0.8874277200051774, 0.43914995045067506, 0.14006913573511814], [-0.46035004983100836, 0.8289102395712515, 0.31778238836430067], [0.023449379245544896, -0.34648973397937893, 0.9377606255649138]], "trans": [-234.93405345103395, 284.4835676832576, 210.87641408746174]}], "rb_4XMM.renamed.noAb_Nup120_2-711_3F7F_updated_1.pdb_43": [{"rot": [[0.3050563537775032, 0.8888552267445997, 0.3418727934609328], [-0.9495898033808905, 0.25666775377746853, 0.18000241522232752], [0.07224836562177142, -0.37954979918271026, 0.9223459890980975]], "trans": [-277.5437363556016, 517.5546048173431, 213.1799072973126]}], "rb_4XMM.renamed.noAb_Nup120_2-711_3F7F_updated_1.pdb_44": [{"rot": [[-0.45175543079402875, 0.8035916023744827, 0.38750169979151483], [-0.8822860596254256, -0.4668050922394356, -0.060533584479795344], [0.1322434865645263, -0.3692337233413868, 0.9198794039485365]], "trans": [-143.39332571166636, 712.5215434259723, 201.57992097849797]}], "rb_4XMM.renamed.noAb_Nup120_2-711_3F7F_updated_1.pdb_45": [{"rot": [[-0.9396566192612528, 0.23330771071344186, 0.25022579803083006], [-0.29786630063935166, -0.9176877043156297, -0.26291623055896846], [0.16828875429433843, -0.3215848091399253, 0.9318058304756939]], "trans": [88.93188974402801, 755.1701186335544, 182.89589557757336]}], "rb_4XMM.renamed.noAb_Nup120_2-711_3F7F_updated_1.pdb_46": [{"rot": [[-0.8728278160133118, -0.4879161035006121, 0.010463247020502553], [0.4613081384446869, -0.831846690852049, -0.3085869153467025], [0.15926834273680898, -0.2645164623672322, 0.9511385998573472]], "trans": [283.33443635126173, 620.5163105337573, 168.09720152034478]}], "rb_4XMM.renamed.noAb_Nup120_2-711_3F7F_updated_1.pdb_47": [{"rot": [[-0.2904182762789756, -0.9375767606453064, -0.19132967020564867], [0.9505021668516697, -0.2595689278939492, -0.17079110773768755], [0.1104665361701415, -0.23146012522644047, 0.9665523031976755]], "trans": [325.9324745708737, 387.44233532531587, 165.87712734830964]}], "rb_4XMM.renamed.noAb_Nup120_2-711_3F7F_updated_1.pdb_48": [{"rot": [[0.4663882795908716, -0.8522567075500131, -0.2369398174564114], [0.8831390251049853, 0.4638972019013572, 0.06974846524982826], [0.050472120986562494, -0.24178066610897958, 0.9690173757466969]], "trans": [191.77338632074049, 192.48633082356503, 177.56022871567853]}], "rb_4XMM.renamed.noAb_Nup120_2-711_3F7F_updated_1.pdb_49": [{"rot": [[0.9542439001952354, -0.2819376343307043, -0.09964812736921262], [0.2986809914601408, 0.9147350388273499, 0.272120330151779], [0.014430671521866625, -0.28943216664623167, 0.9570897432476722]], "trans": [-40.54862951980181, 149.85639014047297, 196.32638501090392]}]}
