{"rb_ScNup133N_56-480_renamed_1.pdb_0": [{"rot": [[0.8778724462332161, -0.3276499579965807, -0.3492641882148045], [0.2556874299344152, 0.9373432516390241, -0.2366676293461217], [0.4049245686767364, 0.11846152806552282, 0.9066437889548127]], "trans": [247.33981246883883, -64.3807946418192, -232.32800153966917]}], "rb_ScNup133N_56-480_renamed_1.pdb_1": [{"rot": [[0.810622615734004, 0.43087433011396176, -0.39653283156556457], [-0.41457295949396505, 0.9005344081692677, 0.13102305506909964], [0.413545929875963, 0.058181537897084114, 0.9086224037139705]], "trans": [-190.34700535762943, -94.54473572327105, -197.2536518741823]}], "rb_ScNup133N_56-480_renamed_1.pdb_2": [{"rot": [[0.2905901874795494, 0.941482541614627, -0.1707863190523766], [-0.8406221377672275, 0.3364542693993467, 0.42444427914463145], [0.45706866490304743, 0.02022741797194394, 0.8892013760256625]], "trans": [-521.213462832473, 194.61246763431689, -172.24719451717675]}], "rb_ScNup133N_56-480_renamed_1.pdb_3": [{"rot": [[-0.37758250960144873, 0.9050531866325435, 0.19572985926870728], [-0.7728744889594819, -0.4244510658493618, 0.4717057525777678], [0.5099965419085599, 0.026833226895340206, 0.8597578177461904]], "trans": [-551.4314106106153, 633.6985653826816, -171.93375987824862]}], "rb_ScNup133N_56-480_renamed_1.pdb_4": [{"rot": [[-0.8024704883239137, 0.3429270949701209, 0.48830535825908183], [-0.25101754098415324, -0.9364325234229379, 0.24512103784460199], [0.541323664259605, 0.07412918865804168, 0.8375401804698399]], "trans": [-263.29683547129264, 965.4908471420322, -196.47295748712378]}], "rb_ScNup133N_56-480_renamed_1.pdb_5": [{"rot": [[-0.7351683798317253, -0.4155943428989008, 0.5355453252956501], [0.4192375478518438, -0.8995641465362291, -0.12257334431969953], [0.5326981619705158, 0.13440866198639687, 0.8355638693817831]], "trans": [174.39887911063408, 995.6208327817478, -231.46537448065038]}], "rb_ScNup133N_56-480_renamed_1.pdb_6": [{"rot": [[-0.21510270823933775, -0.926158573518575, 0.30977592160485523], [0.8452458959116299, -0.33544395021358364, -0.41597684035250043], [0.4891729759018226, 0.17235908146408147, 0.8549866353833899]], "trans": [505.24932536276043, 706.4380686764652, -256.3879546897545]}], "rb_ScNup133N_56-480_renamed_1.pdb_7": [{"rot": [[0.4530647231084596, -0.8896698716362449, -0.05674395278264338], [0.7774458061840749, 0.425458500444425, -0.4632095452884921], [0.4362457737576897, 0.16574855626015314, 0.8844303482899182]], "trans": [535.4395602185622, 267.3500123112123, -256.616694318375]}], "rb_ScNup133C_490_881_renamed_relative_3CQC_1.pdb_7": [{"rot": [[0.9846714887512449, 0.10651633453085858, -0.1381170869896849], [-0.0687214985203795, 0.9647394068972286, 0.25407721743732975], [0.1603103704740259, -0.2406909787625886, 0.9572713501723462]], "trans": [26.80091604076847, -31.954869024223257, -15.44217525579461]}], "rb_ScNup133C_490_881_renamed_relative_3CQC_1.pdb_8": [{"rot": [[0.6527962277229877, 0.7508869727427856, 0.10012911282844349], [-0.7333201391394275, 0.5932346184846771, 0.3321359073690606], [0.18999646997554143, -0.2902437623731362, 0.9379018604312066]], "trans": [-319.54873500765143, 96.30392187169178, 11.581235255222794]}], "rb_ScNup133C_490_881_renamed_relative_3CQC_1.pdb_9": [{"rot": [[-0.05043238437315545, 0.9448217563004981, 0.323679507271743], [-0.9676541343559222, -0.12643971997415282, 0.21830820753408897], [0.2471882903179828, -0.3022000099836164, 0.920637335271372]], "trans": [-474.13521067369396, 432.64694857647135, 22.307505217837445]}], "rb_ScNup133C_490_881_renamed_relative_3CQC_1.pdb_10": [{"rot": [[-0.7130531110478333, 0.5747109545154409, 0.4015751232147673], [-0.6344473256627091, -0.7726882336019063, -0.020724010533690954], [0.2983820567400811, -0.26955558316071865, 0.9155915769612794]], "trans": [-346.39766050362135, 780.0398404049588, 10.477039348729647]}], "rb_ScNup133C_490_881_renamed_relative_3CQC_1.pdb_11": [{"rot": [[-0.9468933876627734, -0.14262930636439514, 0.2881836105099079], [0.07110304019172525, -0.9669294310114033, -0.2449323031358991], [0.31358773903966447, -0.21143404742371458, 0.9257204618641719]], "trans": [-11.164629147255425, 934.9750598794304, -16.955703735221846]}], "rb_ScNup133C_490_881_renamed_relative_3CQC_1.pdb_12": [{"rot": [[-0.6149662830290439, -0.7869709870179231, 0.04993131612000064], [0.7356756106296944, -0.5953740799592772, -0.3229722911292362], [0.28389763412551655, -0.16188381792099504, 0.9450903463866585]], "trans": [335.18156018036603, 806.6894876403259, -43.896231432574154]}], "rb_ScNup133C_490_881_renamed_relative_3CQC_1.pdb_13": [{"rot": [[0.0882806247867412, -0.9808496457006096, -0.17361020654399598], [0.9699544034153934, 0.12431545597768673, -0.2091270491833748], [0.2267046240868246, -0.14993211775348916, 0.9623540790600948]], "trans": [489.74833962911714, 470.33473752706084, -54.538397855591484]}], "rb_ScNup133C_490_881_renamed_relative_3CQC_1.pdb_14": [{"rot": [[0.7508753814046949, -0.6106884304670492, -0.25148718157004313], [0.6366955984039813, 0.7705348990251586, 0.029911274751888192], [0.17551318062569582, -0.18258042139829417, 0.9673983218657509]], "trans": [361.9902237455927, 122.9522815531418, -42.623866957936855]}], "rb_ScNup84_506-726_ScNup133C_882_1155_renamed_relative_3CQC_new_1.pdb_14": [{"rot": [[0.9935847917477453, 0.11290383915740541, 0.006479561027515091], [-0.11308468008013155, 0.9924446643584045, 0.0475966733891035], [-0.0010567586123911127, -0.04802406990305406, 0.9988456196886396]], "trans": [-31.55052708013659, 57.67801507755922, 15.776320368863253]}], "rb_ScNup84_506-726_ScNup133C_882_1155_renamed_relative_3CQC_new_1.pdb_15": [{"rot": [[0.6246495898618665, 0.7787560979247051, 0.05789498968381995], [-0.7802657204657261, 0.6194207680246906, 0.08662169246675028], [0.03159581224630695, -0.09928168050949782, 0.9945576165128427]], "trans": [-297.10911096961445, 202.60546914321995, 36.27908164864664]}], "rb_ScNup84_506-726_ScNup133C_882_1155_renamed_relative_3CQC_new_1.pdb_16": [{"rot": [[-0.10661429244039217, 0.9868154468474216, 0.12177301224309961], [-0.9901363554768622, -0.11656539866079613, 0.0777335538750583], [0.09090319142049669, -0.11228437869255552, 0.9895093875710304]], "trans": [-382.79707618751473, 493.4206935102477, 41.735227963219415]}], "rb_ScNup84_506-726_ScNup133C_882_1155_renamed_relative_3CQC_new_1.pdb_17": [{"rot": [[-0.7718221620856275, 0.6151977856898083, 0.16069298241000993], [-0.6197514079480628, -0.7843627618487479, 0.026139054523794863], [0.1421222799558914, -0.0794150005185475, 0.9866582565573442]], "trans": [-238.41529116961777, 759.7601460449538, 28.972476771028425]}], "rb_ScNup84_506-726_ScNup133C_882_1155_renamed_relative_3CQC_new_1.pdb_18": [{"rot": [[-0.9812858696046985, -0.11839801983298279, 0.15185503288919552], [0.11391239743054091, -0.9927662102408412, -0.03793702038462904], [0.15524821359930854, -0.01992889118003999, 0.987674456220549]], "trans": [51.457271976687025, 845.5985368614057, 5.491432576437489]}], "rb_ScNup84_506-726_ScNup133C_882_1155_renamed_relative_3CQC_new_1.pdb_19": [{"rot": [[-0.612298621694658, -0.7842212031448427, 0.1004365591250377], [0.7810644588085073, -0.6196900652803662, -0.0769580026962025], [0.12259163534676996, 0.03132614771832766, 0.991962682469524]], "trans": [317.01109189641846, 700.6506430931953, -14.92837294745243]}], "rb_ScNup84_506-726_ScNup133C_882_1155_renamed_relative_3CQC_new_1.pdb_20": [{"rot": [[0.11898164909859732, -0.9922231553547994, 0.036559228049060186], [0.9908776917865584, 0.11631240694118739, -0.0680648507769552], [0.06328322919636613, 0.04432419169384326, 0.9970108319036293]], "trans": [402.6829099110001, 409.82910147022153, -20.300724904302058]}], "rb_ScNup84_506-726_ScNup133C_882_1155_renamed_relative_3CQC_new_1.pdb_21": [{"rot": [[0.7841606490925602, -0.6205534000307342, -0.00235671912406123], [0.620440546119567, 0.7840805805615753, -0.016467298414624285], [0.012066695719530318, 0.011450803313229691, 0.9998616274054594]], "trans": [258.28688039412026, 143.50138845413903, -7.454418866439823]}], "rb_4XMM.renamed.noAb_Nup145c_149-550_Sec13_Nup84_7-436_3IKO_updated_1.pdb_21": [{"rot": [[0.9990757631071961, 0.011577337736411626, 0.0413954686253122], [-0.01027932136510792, 0.9994530011667081, -0.031433008305460856], [-0.04173673590549438, 0.03097843943447434, 0.9986482770055521]], "trans": [-17.256643403256362, 14.394815884380932, 9.481928510145679]}], "rb_4XMM.renamed.noAb_Nup145c_149-550_Sec13_Nup84_7-436_3IKO_updated_1.pdb_22": [{"rot": [[0.7002148803308088, 0.7134240900498008, 0.026929335304141155], [-0.7137850380418087, 0.7003380991215993, 0.006120979202463283], [-0.01449278547977928, -0.023507757344267237, 0.9996185995236775]], "trans": [-317.61421732867336, 161.56356112651528, 32.747479832521776]}], "rb_4XMM.renamed.noAb_Nup145c_149-550_Sec13_Nup84_7-436_3IKO_updated_1.pdb_23": [{"rot": [[-0.007085816344956752, 0.999042697544822, 0.04316804013490237], [-0.9990382281858593, -0.008940612981431006, 0.04292649604583014], [0.04327135114578637, -0.04282235306331572, 0.9981451979787992]], "trans": [-426.3379441279644, 478.64780840452465, 39.911907782601475]}], "rb_4XMM.renamed.noAb_Nup145c_149-550_Sec13_Nup84_7-436_3IKO_updated_1.pdb_24": [{"rot": [[-0.7084796058676143, 0.7011137527285265, 0.08059872086199782], [-0.6989335509408945, -0.7128776647625868, 0.057422351500007913], [0.09771662826161978, -0.01565058521465288, 0.9950912117708692]], "trans": [-279.73401829829305, 779.8952515702445, 26.80219434998037]}], "rb_4XMM.renamed.noAb_Nup145c_149-550_Sec13_Nup84_7-436_3IKO_updated_1.pdb_25": [{"rot": [[-0.9930801166823584, -0.005831767727578082, 0.11729395694289671], [0.010723442287036505, -0.9990968057760369, 0.041116669048377394], [0.11694823485485845, 0.04208994147404789, 0.9922457090816978]], "trans": [36.31682663322857, 888.8310076234263, 1.1221994116340852]}], "rb_4XMM.renamed.noAb_Nup145c_149-550_Sec13_Nup84_7-436_3IKO_updated_1.pdb_26": [{"rot": [[-0.6941643566867103, -0.7076552100084669, 0.13175716167857973], [0.7142056787014069, -0.6999268275262145, 0.003561547381226292], [0.08970002461753017, 0.09657401232711937, 0.9912756255081898]], "trans": [336.66946272806575, 741.6390914691357, -22.060369008439125]}], "rb_4XMM.renamed.noAb_Nup145c_149-550_Sec13_Nup84_7-436_3IKO_updated_1.pdb_27": [{"rot": [[0.013158607201664008, -0.9932185059154597, 0.11551558580369706], [0.9994033451111455, 0.009374278431441618, -0.03324269370161282], [0.03193438330642625, 0.11588409041343334, 0.9927492496858843]], "trans": [445.37499412895744, 424.5467197917533, -29.140830554359013]}], "rb_4XMM.renamed.noAb_Nup145c_149-550_Sec13_Nup84_7-436_3IKO_updated_1.pdb_28": [{"rot": [[0.7145290094831638, -0.6952346502637674, 0.0780837734719747], [0.6992436272463309, 0.713287923081342, -0.04773561083401344], [-0.022508761902866235, 0.08870805971792596, 0.9958033117933871]], "trans": [298.7541011325325, 123.31119171751004, -15.94734611683134]}], "rb_4XMM.renamed.noAb_Seh1_Nup85_47_544_3F3F_1.pdb_28": [{"rot": [[0.6946514169909117, -0.6873667336796422, 0.21209993470791846], [0.29139351077112186, 0.5384568173466111, 0.79066685635193], [-0.6576847502816251, -0.4874333075237506, 0.5743339968724281]], "trans": [444.82958403832936, -116.9460195959573, 699.4147126638991]}], "rb_4XMM.renamed.noAb_Seh1_Nup85_47_544_3F3F_1.pdb_29": [{"rot": [[0.6848952060370096, -0.11733275735208773, 0.7191325196371546], [-0.32140301585123054, 0.8370982479595789, 0.4426811772198379], [-0.65392557539009, -0.5343215766887615, 0.5356134749383926]], "trans": [-68.97651063148442, -217.22967642311903, 740.8974055552096]}], "rb_4XMM.renamed.noAb_Seh1_Nup85_47_544_3F3F_1.pdb_30": [{"rot": [[0.24603772811104685, 0.4964004622464096, 0.8324974579105391], [-0.7476189912394653, 0.6438274632503069, -0.16294797176633843], [-0.6168721749957955, -0.5822995609188022, 0.5295242591890679]], "trans": [-503.11410880287434, 76.3611206549772, 774.1136407574891]}], "rb_4XMM.renamed.noAb_Seh1_Nup85_47_544_3F3F_1.pdb_31": [{"rot": [[-0.3648321183275094, 0.7942993514366542, 0.48578397024189346], [-0.7375710873659017, 0.07186521401955093, -0.6714344957594967], [-0.5682309535026647, -0.6032610805623373, 0.5596334980683498]], "trans": [-603.257370787642, 591.8368598749239, 779.6288842415124]}], "rb_4XMM.renamed.noAb_Seh1_Nup85_47_544_3F3F_1.pdb_32": [{"rot": [[-0.7898581639701178, 0.601850540556663, -0.11789829363231327], [-0.2971455079951182, -0.5437249494655979, -0.7848998193444563], [-0.5364966243025968, -0.5849265818547569, 0.6083027749004871]], "trans": [-310.739048355853, 1027.2247017889322, 754.2362335105919]}], "rb_4XMM.renamed.noAb_Seh1_Nup85_47_544_3F3F_1.pdb_33": [{"rot": [[-0.7800541584120947, 0.03179325654816845, -0.6249037516146503], [0.3156502324768113, -0.8423216296142342, -0.43687435610408554], [-0.540259604895033, -0.5380366726553931, 0.6470209410804102]], "trans": [203.08141404286818, 1127.4684264303846, 712.8350663004626]}], "rb_4XMM.renamed.noAb_Seh1_Nup85_47_544_3F3F_1.pdb_34": [{"rot": [[-0.3411634263458089, -0.5819249058089487, -0.7382214576421071], [0.7418317488614897, -0.6490026809820971, 0.1687636704363746], [-0.577315488190898, -0.49006012292095325, 0.6531063489337773]], "trans": [637.2026580060947, 833.8439632629809, 679.7027750204627]}], "rb_4XMM.renamed.noAb_Seh1_Nup85_47_544_3F3F_1.pdb_35": [{"rot": [[0.2697056530249877, -0.8797791935798004, -0.39146830174414465], [0.7317358997013917, -0.07701706947506815, 0.6772229648333485], [-0.6259564152675194, -0.4691022719552233, 0.6229940807358348]], "trans": [737.3122510498924, 318.3607797102957, 674.2727279689093]}], "rb_4XMM.renamed.noAb_Nup120_715-1036_Nup85_553-744_Nup145c_92-99_554-712_remaining_updated_1.pdb_35": [{"rot": [[0.9934201482887507, -0.09481368037284305, 0.0642399796708771], [0.09493766689552188, 0.9954825814936216, 0.0011266531107630312], [-0.0640566029257974, 0.004979553891004631, 0.9979338433306365]], "trans": [33.080889430791444, -50.451411713580455, 32.097147291032115]}], "rb_4XMM.renamed.noAb_Nup120_715-1036_Nup85_553-744_Nup145c_92-99_554-712_remaining_updated_1.pdb_36": [{"rot": [[0.7699410226425399, 0.6346859496320305, 0.0660648695741445], [-0.6366858545630107, 0.7710136512998719, 0.013002773112288], [-0.042684238912388595, -0.05207393636867195, 0.9977306053737868]], "trans": [-327.19666341952257, 81.53734525835873, 60.21254977148172]}], "rb_4XMM.renamed.noAb_Nup120_715-1036_Nup85_553-744_Nup145c_92-99_554-712_remaining_updated_1.pdb_37": [{"rot": [[0.09614278446748875, 0.9924827283606262, 0.07572713450730297], [-0.9952856794719788, 0.09488047011177209, 0.020102552807347834], [0.012766410334979827, -0.07730284792437006, 0.9969259192487385]], "trans": [-489.0060388604814, 430.39661057547426, 71.45363215954205]}], "rb_4XMM.renamed.noAb_Nup120_715-1036_Nup85_553-744_Nup145c_92-99_554-712_remaining_updated_1.pdb_38": [{"rot": [[-0.6332540577582997, 0.7689742578991522, 0.08756648343457266], [-0.7707889741421773, -0.6368286110528345, 0.018266841143682797], [0.06981157263304508, -0.055927728659108805, 0.9959911814336185]], "trans": [-357.55510990731375, 791.7598244945384, 59.25921479421265]}], "rb_4XMM.renamed.noAb_Nup120_715-1036_Nup85_553-744_Nup145c_92-99_554-712_remaining_updated_1.pdb_39": [{"rot": [[-0.9909585493634833, 0.09509495171337422, 0.09464725881953913], [-0.0947090739593499, -0.995468095349677, 0.008571023897402334], [0.09503338757081213, -0.0004704248276598995, 0.9954739745203278]], "trans": [-9.847770859619914, 953.9354378756267, 30.796964210574515]}], "rb_4XMM.renamed.noAb_Nup120_715-1036_Nup85_553-744_Nup145c_92-99_554-712_remaining_updated_1.pdb_40": [{"rot": [[-0.7674223555324139, -0.6343871909348621, 0.09282144260275607], [0.6368968828228109, -0.7709419160609364, -0.003304952477599297], [0.07365656033014642, 0.05658139303752985, 0.9956772856112891]], "trans": [350.4260297342442, 821.9188065191282, 2.7644730194427893]}], "rb_4XMM.renamed.noAb_Nup120_715-1036_Nup85_553-744_Nup145c_92-99_554-712_remaining_updated_1.pdb_41": [{"rot": [[-0.0935961304716651, -0.9921312451840085, 0.0831586236680237], [0.9954438110773247, -0.09478067483308533, -0.010403973569579283], [0.018203937721894076, 0.08180596560040043, 0.9964820122027309]], "trans": [512.2147329650686, 473.04725130336175, -8.392425280105158]}], "rb_4XMM.renamed.noAb_Nup120_715-1036_Nup85_553-744_Nup145c_92-99_554-712_remaining_updated_1.pdb_42": [{"rot": [[0.635783222228403, -0.7685656998637505, 0.07131941759305517], [0.7708898647210092, 0.6369108393490999, -0.008567332726658307], [-0.03883955204805198, 0.06042638258714913, 0.9974167341107418]], "trans": [380.742148598785, 111.69476515783117, 3.8861425492582384]}], "rb_4XMM.renamed.noAb_Nup120_2-711_3F7F_updated_1.pdb_42": [{"rot": [[0.961121612862024, 0.20093256416249128, 0.18939733353082597], [-0.25393443702728474, 0.912596167659219, 0.32044584014360616], [-0.10845527640984817, -0.3560819279783684, 0.9281395981133821]], "trans": [-150.960178451636, 111.17906964858054, 302.46880060002394]}], "rb_4XMM.renamed.noAb_Nup120_2-711_3F7F_updated_1.pdb_43": [{"rot": [[0.5002142952368658, 0.7787809961356259, 0.3785311333281405], [-0.863167747236233, 0.4831765721969978, 0.14656684553842408], [-0.06875390150246544, -0.4000506969597229, 0.9139104665612641]], "trans": [-338.3783128478957, 341.1049094290102, 316.32972692342804]}], "rb_4XMM.renamed.noAb_Nup120_2-711_3F7F_updated_1.pdb_44": [{"rot": [[-0.25526058698922743, 0.884836443690231, 0.38975184495719595], [-0.9668389194430833, -0.23024523308548123, -0.11049722390875652], [-0.008033466253401345, -0.4050328388649931, 0.9142668444501958]], "trans": [-308.8775508035312, 636.5693467867318, 312.5819978056978]}], "rb_4XMM.renamed.noAb_Nup120_2-711_3F7F_updated_1.pdb_45": [{"rot": [[-0.8627351956123707, 0.4569701302670085, 0.21648621733365747], [-0.5042159192055344, -0.8097366954062878, -0.30015461171239805], [0.03813514221030535, -0.36810974471787056, 0.9289999605879119]], "trans": [-79.73794134561246, 824.4852650642048, 293.44509070816713]}], "rb_4XMM.renamed.noAb_Nup120_2-711_3F7F_updated_1.pdb_46": [{"rot": [[-0.9663423395091455, -0.2541678248156985, -0.03976430183525637], [0.25369017695295376, -0.9158235453082747, -0.3113013459279595], [0.04270570207323598, -0.3109114836853674, 0.9494789478040011]], "trans": [214.80921477618256, 794.7689865152174, 270.15368054014584]}], "rb_4XMM.renamed.noAb_Nup120_2-711_3F7F_updated_1.pdb_47": [{"rot": [[-0.5053874929240925, -0.8319827804252735, -0.22888454528807567], [0.8628872914267831, -0.4863586102942748, -0.13740751248301236], [0.003000714922791664, -0.2669456035758044, 0.9637069266335587]], "trans": [402.21595373006875, 564.8288429084733, 256.37620868813065]}], "rb_4XMM.renamed.noAb_Nup120_2-711_3F7F_updated_1.pdb_48": [{"rot": [[0.2500954955499279, -0.9379825883747536, -0.24008520781470627], [0.9664991648778706, 0.2270714952489276, 0.11965742908734162], [-0.05772007792797844, -0.26196793687627307, 0.9633489464637277]], "trans": [372.698678741104, 269.3671293200075, 260.2077173265719]}], "rb_4XMM.renamed.noAb_Nup120_2-711_3F7F_updated_1.pdb_49": [{"rot": [[0.8575340389546967, -0.5100710665700414, -0.06680478337770637], [0.5038285009111536, 0.8065293561296359, 0.30930121139551303], [-0.10388557986391403, -0.2988944709244593, 0.9486147171255163]], "trans": [143.55093903066523, 81.46960037528459, 279.4276595719854]}]}
