{"rb_ScNup133N_56-480_renamed_1.pdb_0": [{"rot": [[0.6275454376246331, 0.02156530640328519, 0.7782812224872446], [0.5605043675966241, 0.6812919401716436, -0.47082496340175717], [-0.5403902086655679, 0.7316940821250981, 0.41545420031754865]], "trans": [5.685314417233371, -139.21066199551046, 380.8218050102168]}], "rb_ScNup133N_56-480_renamed_1.pdb_1": [{"rot": [[0.8293601222874315, 0.5100571861355312, 0.22804265923480224], [-0.07706483507772088, 0.5086879254961757, -0.8574949595471919], [-0.5533740134428249, 0.6935980545863005, 0.46119295302538943]], "trans": [-402.29894673222884, 58.16934777419925, 412.42156822088845]}], "rb_ScNup133N_56-480_renamed_1.pdb_2": [{"rot": [[0.5226986701713234, 0.7339324422616909, -0.43373871212622855], [-0.6708694765776504, 0.04017391343371329, -0.7404864631280232], [-0.5260420568714623, 0.6780333523324718, 0.5133717245108371]], "trans": [-551.7605739027676, 487.08941947910444, 422.2889249858756]}], "rb_ScNup133N_56-480_renamed_1.pdb_3": [{"rot": [[-0.11279231614760021, 0.5620417931019479, -0.8193820331352194], [-0.8730504252670603, -0.4497879817019832, -0.18834470116639945], [-0.4744057844915718, 0.6941179974062064, 0.5414234547170382]], "trans": [-355.1409251496746, 896.28224413664, 404.66744348370486]}], "rb_ScNup133N_56-480_renamed_1.pdb_4": [{"rot": [[-0.7048332564608066, 0.09508120459223374, -0.7029720087742776], [-0.5651672306523183, -0.6741711732777012, 0.47547789698171616], [-0.42871445273473385, 0.7324293779298152, 0.5289150445598045]], "trans": [72.37935028970446, 1046.0370122387735, 369.90404094242353]}], "rb_ScNup133N_56-480_renamed_1.pdb_5": [{"rot": [[-0.9065982201555616, -0.39339722637416347, -0.15270327269538658], [0.07241779070821563, -0.5015288238653843, 0.8621046934225237], [-0.415734687991882, 0.7705241470021026, 0.48317409707782666]], "trans": [480.35476036636175, 848.6253858842243, 338.3876136358766]}], "rb_ScNup133N_56-480_renamed_1.pdb_6": [{"rot": [[-0.5998904466134893, -0.6172359473912518, 0.5090689907172607], [0.66619834335274, -0.032997256007894604, 0.7450442593631686], [-0.44307021946406144, 0.7860858517642787, 0.43099630425340685]], "trans": [629.7894707433732, 419.69399609059826, 328.60493396305077]}], "rb_ScNup133N_56-480_renamed_1.pdb_7": [{"rot": [[0.035616325844857244, -0.4453070795612545, 0.8946692585676215], [0.8683294072362996, 0.4569511315487443, 0.19287224762774147], [-0.4947075073838758, 0.7699982261466236, 0.4029481528299685]], "trans": [433.1444343917327, 10.517015726777913, 346.3108385132574]}], "rb_ScNup133C_490_881_renamed_relative_3CQC_1.pdb_7": [{"rot": [[0.8430142588441574, 0.2974734358050482, -0.44814787110481336], [-0.22359591526042383, 0.9515636383660921, 0.21102490094379656], [0.4892155210786856, -0.07769296705510519, 0.8686955604847333]], "trans": [152.1006154463759, 74.7846272796155, -215.7382148807884]}], "rb_ScNup133C_490_881_renamed_relative_3CQC_1.pdb_8": [{"rot": [[0.44968673616236526, 0.88019801574322, -0.15176723098659284], [-0.7240522573676181, 0.4587269092289898, 0.5150902361238028], [0.5230011165575996, -0.12174184092133969, 0.8435927668304106]], "trans": [-159.42792905237667, 71.93581730048894, -190.8523617874372]}], "rb_ScNup133C_490_881_renamed_relative_3CQC_1.pdb_9": [{"rot": [[-0.1813083028330817, 0.9450003633916297, 0.27221611361834475], [-0.7987757965175046, -0.3029782881582435, 0.5197705107088385], [0.5736588936132813, -0.12320093382108924, 0.8097758971987237]], "trans": [-381.8000173890419, 290.90890006878203, -174.1520985639774]}], "rb_ScNup133C_490_881_renamed_relative_3CQC_1.pdb_10": [{"rot": [[-0.680325067268601, 0.45391834978473705, 0.5754267412752682], [-0.40399242987417744, -0.8873343091228835, 0.2223239538551181], [0.6115128121718557, -0.08121548856047062, 0.7870553506377761]], "trans": [-384.745031430292, 603.4264729735407, -175.39666997923638]}], "rb_ScNup133C_490_881_renamed_relative_3CQC_1.pdb_11": [{"rot": [[-0.7550325004014868, -0.30536525725014807, 0.5802395910329016], [0.22902817993723223, -0.9520171571639484, -0.20300104743599723], [0.6143875130014581, -0.02038117096793239, 0.7887411436826777]], "trans": [-166.53582708680102, 826.4114521045594, -193.83298364851186]}], "rb_ScNup133C_490_881_renamed_relative_3CQC_1.pdb_12": [{"rot": [[-0.36166593452768786, -0.8880514148131309, 0.2838352276420421], [0.7294536340986022, -0.4591347078708255, -0.5070431103256539], [0.580598955822826, 0.023664417946938493, 0.8138457149980431]], "trans": [144.9994803264965, 829.2362093938606, -218.6367821711333]}], "rb_ScNup133C_490_881_renamed_relative_3CQC_1.pdb_13": [{"rot": [[0.2693349495953456, -0.9527943559289946, -0.14014849352142117], [0.8041276455632989, 0.3025755503180389, -0.5116901073800046], [0.5299409538498581, 0.02511875115500692, 0.8476624527328755]], "trans": [367.36102841832064, 610.2460789874738, -235.25364573780308]}], "rb_ScNup133C_490_881_renamed_relative_3CQC_1.pdb_14": [{"rot": [[0.768320936935875, -0.46166675281659675, -0.443335930429463], [0.4093051255117409, 0.8868930080409678, -0.21421976220195205], [0.4920896789161467, -0.01687014024311166, 0.8703810351061083]], "trans": [370.288200357916, 297.7286838334784, -233.92517647220313]}], "rb_ScNup84_506-726_ScNup133C_882_1155_renamed_relative_3CQC_new_1.pdb_14": [{"rot": [[0.9876162083759771, 0.15374529837891415, 0.03125073086240161], [-0.15670301927519137, 0.9569752115856135, 0.24421836163709373], [0.007641250100252708, -0.2460910962165148, 0.9692165824313245]], "trans": [-48.50412977390397, 36.01177741740855, 77.35489127895903]}], "rb_ScNup84_506-726_ScNup133C_882_1155_renamed_relative_3CQC_new_1.pdb_15": [{"rot": [[0.5898396839552238, 0.7787891374793467, 0.21348682998202384], [-0.806400801177261, 0.5541482463195446, 0.20648842331143313], [0.04250758864332406, -0.2939510170847264, 0.9548748108849565]], "trans": [-323.18535774980774, 202.78043610959, 98.47851600614769]}], "rb_ScNup84_506-726_ScNup133C_882_1155_renamed_relative_3CQC_new_1.pdb_16": [{"rot": [[-0.14950174362010915, 0.9369739969524463, 0.31579891970920426], [-0.983455192834748, -0.17395566061770917, 0.05055009223949361], [0.10229913167232688, -0.3030167605496594, 0.94747861742895]], "trans": [-399.9306517583448, 515.5046442020683, 103.11527850061981]}], "rb_ScNup84_506-726_ScNup133C_882_1155_renamed_relative_3CQC_new_1.pdb_17": [{"rot": [[-0.797291441362263, 0.5356329557123529, 0.2782511352812954], [-0.5841452351477745, -0.8008029742772169, -0.13224575850631462], [0.15198915022011456, -0.26797748626257334, 0.9513607964761612]], "trans": [-233.77962312140505, 790.9862679781154, 88.57290281594908]}], "rb_ScNup84_506-726_ScNup133C_882_1155_renamed_relative_3CQC_new_1.pdb_18": [{"rot": [[-0.9740450704991459, -0.1901227453738053, 0.12283949823992689], [0.15760766840022722, -0.9591776997701165, -0.23481474213760156], [0.16246853079213164, -0.20935969515461061, 0.9642471128020091]], "trans": [77.936026195252, 867.8444047340067, 63.39452257689908]}], "rb_ScNup84_506-726_ScNup133C_882_1155_renamed_relative_3CQC_new_1.pdb_19": [{"rot": [[-0.5762178628562012, -0.8151351834543715, -0.059393663131985436], [0.8072742081948975, -0.5563016898190379, -0.19707050182049013], [0.12759830449002438, -0.16150251576767033, 0.9785885806057518]], "trans": [352.6107869705375, 701.0545910535925, 42.35399284385335]}], "rb_ScNup84_506-726_ScNup133C_882_1155_renamed_relative_3CQC_new_1.pdb_20": [{"rot": [[0.16313739396570615, -0.9732632596263733, -0.16169359341520004], [0.9842705649263077, 0.17181460839493634, -0.04112414572653279], [0.06780594155175812, -0.15244135857285152, 0.9859837658332606]], "trans": [429.33822476742586, 388.3247683224117, 37.80115750708592]}], "rb_ScNup84_506-726_ScNup133C_882_1155_renamed_relative_3CQC_new_1.pdb_21": [{"rot": [[0.810895965611182, -0.571873317262378, -0.12413155102079278], [0.5849097771725678, 0.7986304009382559, 0.14166875190080944], [0.018118651258886634, -0.18748437721719544, 0.9821004647061493]], "trans": [263.17223800689084, 112.85659298207042, 52.427136603039884]}], "rb_4XMM.renamed.noAb_Nup145c_149-550_Sec13_Nup84_7-436_3IKO_updated_1.pdb_21": [{"rot": [[0.9995179701374527, -0.021134385009285876, -0.02274126519317633], [0.020818636210078692, 0.9996847837155985, -0.014032732943019066], [0.02303066995680979, 0.013552526619673712, 0.999642894869745]], "trans": [15.664722214794438, -7.880328232119268, -17.846257536545636]}], "rb_4XMM.renamed.noAb_Nup145c_149-550_Sec13_Nup84_7-436_3IKO_updated_1.pdb_22": [{"rot": [[0.7237325053846816, 0.6900522864008992, -0.006253213774040048], [-0.6883767816080758, 0.7225523161575073, 0.06368325492882593], [0.04846304976494831, -0.04178507446820957, 0.997950570098122]], "trans": [-310.51887514915404, 121.03694012428267, 7.566589823077095]}], "rb_4XMM.renamed.noAb_Nup145c_149-550_Sec13_Nup84_7-436_3IKO_updated_1.pdb_23": [{"rot": [[0.028743948824110688, 0.9977729122474254, 0.06019136974092281], [-0.9940202250384719, 0.022185901994357438, 0.10691855763693447], [0.10534504079672005, -0.06290470044430974, 0.9924441652010197]], "trans": [-450.37640743845225, 443.5405024328818, 17.186207325749024]}], "rb_4XMM.renamed.noAb_Nup145c_149-550_Sec13_Nup84_7-436_3IKO_updated_1.pdb_24": [{"rot": [[-0.67831360377243, 0.7217604110485737, 0.13766831146001948], [-0.7170614553470315, -0.6911299381906378, 0.09034532523712845], [0.16035437066963962, -0.03743417662510111, 0.9863494098074701]], "trans": [-321.9754469075611, 770.7033413882516, 5.401292302984871]}], "rb_4XMM.renamed.noAb_Nup145c_149-550_Sec13_Nup84_7-436_3IKO_updated_1.pdb_25": [{"rot": [[-0.9832358685823954, 0.023706797782897977, 0.18079052649932492], [-0.019746824937652695, -0.9995247274637616, 0.023672390951791036], [0.18126579831259954, 0.019705505001738073, 0.9832366975630651]], "trans": [-0.5331733497558844, 910.868969729486, -20.860380956391964]}], "rb_4XMM.renamed.noAb_Nup145c_149-550_Sec13_Nup84_7-436_3IKO_updated_1.pdb_26": [{"rot": [[-0.7073950834761743, -0.6874582783426215, 0.16429641326558184], [0.6894269235595611, -0.7223364499022898, -0.054042300226353646], [0.15582911456122403, 0.07504111326969445, 0.9849294991898199]], "trans": [325.6469103880077, 781.9265028341106, -46.190349066258875]}], "rb_4XMM.renamed.noAb_Nup145c_149-550_Sec13_Nup84_7-436_3IKO_updated_1.pdb_27": [{"rot": [[-0.012382669724060713, -0.9951242883060822, 0.09784845585811362], [0.9950158089250887, -0.021945906856445874, -0.09727238642800287], [0.09894548741430985, 0.09615626862332263, 0.9904361476262784]], "trans": [465.4858254522308, 459.4123726933985, -55.72595465411905]}], "rb_4XMM.renamed.noAb_Nup145c_149-550_Sec13_Nup84_7-436_3IKO_updated_1.pdb_28": [{"rot": [[0.6946533010229231, -0.7190561453801487, 0.020372804642414602], [0.7180015533085204, 0.6913482460508577, -0.0806930736120151], [0.043938147713662085, 0.07068141533277676, 0.9965307705746208]], "trans": [337.065877008853, 132.2600209881938, -43.85710061337852]}], "rb_4XMM.renamed.noAb_Seh1_Nup85_47_544_3F3F_1.pdb_28": [{"rot": [[0.6184957982490477, -0.7606504329701477, 0.19716456672183585], [0.2875084930226123, 0.45257407105085273, 0.844106377568807], [-0.7313014521988515, -0.465389760345878, 0.49860862104166076]], "trans": [523.117165970174, -84.03512846523813, 744.6008418257185]}], "rb_4XMM.renamed.noAb_Seh1_Nup85_47_544_3F3F_1.pdb_29": [{"rot": [[0.6267110608337745, -0.22939731867508845, 0.7447215025855597], [-0.27471863944292435, 0.8292879669744777, 0.4866324454595839], [-0.7292207590100835, -0.5095668140843027, 0.45670422224098184]], "trans": [10.619968567780347, -246.52996976360163, 786.281894288968]}], "rb_4XMM.renamed.noAb_Seh1_Nup85_47_544_3F3F_1.pdb_30": [{"rot": [[0.23621203291870244, 0.4119363958509312, 0.8800637938682441], [-0.6779393292049556, 0.7187097252576025, -0.154449333884238], [-0.6961337094420561, -0.560147066932868, 0.4490357691598259]], "trans": [-466.4440167570821, 2.160270527335861, 823.1380907602208]}], "rb_4XMM.renamed.noAb_Seh1_Nup85_47_544_3F3F_1.pdb_31": [{"rot": [[-0.3242414489072255, 0.7876483778331943, 0.5239060180101858], [-0.6859412107891582, 0.18561763905118117, -0.7035842148699596], [-0.6514231636591188, -0.5874998935913192, 0.48009554973832236]], "trans": [-628.6020674596521, 516.3494599079345, 833.6025565754342]}], "rb_4XMM.renamed.noAb_Seh1_Nup85_47_544_3F3F_1.pdb_32": [{"rot": [[-0.7263278325962872, 0.6776412506875452, -0.11510957806632538], [-0.29403666913697624, -0.4576954309466498, -0.8390812414143228], [-0.6212811897996111, -0.5756016225282797, 0.5316883065706821]], "trans": [-380.8577976705854, 994.8184379666491, 811.5690650122735]}], "rb_4XMM.renamed.noAb_Seh1_Nup85_47_544_3F3F_1.pdb_33": [{"rot": [[-0.7344992451654202, 0.14635874059639814, -0.6626386480597642], [0.2681910893977052, -0.8343676176168735, -0.48156434485956595], [-0.6233653811522645, -0.5314224286981, 0.5735902752466371]], "trans": [131.65861951274206, 1157.273447739273, 769.9691510018566]}], "rb_4XMM.renamed.noAb_Seh1_Nup85_47_544_3F3F_1.pdb_34": [{"rot": [[-0.3439687579147096, -0.4949663669454607, -0.7979309426080877], [0.6713811164538741, -0.7237390429302413, 0.15952803580429298], [-0.6564547890355964, -0.48084310677313213, 0.5812546916980548]], "trans": [608.7097537621189, 908.5461706805454, 733.1966356314595]}], "rb_4XMM.renamed.noAb_Seh1_Nup85_47_544_3F3F_1.pdb_35": [{"rot": [[0.21648536324450895, -0.8706367812559943, -0.4417303279435346], [0.6793390092026454, -0.19061748580108503, 0.7086349445817985], [-0.7011651717508997, -0.45349373670546184, 0.5501916326994225]], "trans": [770.834237552531, 394.3446695412546, 722.817381798714]}], "rb_4XMM.renamed.noAb_Nup120_715-1036_Nup85_553-744_Nup145c_92-99_554-712_remaining_updated_1.pdb_35": [{"rot": [[0.9984891182927818, -0.05324297877209181, -0.013589181814165215], [0.05160704746723314, 0.9935586881851783, -0.10088531004791033], [0.01887308407808866, 0.10003158672750738, 0.9948052514709396]], "trans": [31.30875524470389, 6.190266589244516, -61.73116204691621]}], "rb_4XMM.renamed.noAb_Nup120_715-1036_Nup85_553-744_Nup145c_92-99_554-712_remaining_updated_1.pdb_36": [{"rot": [[0.744626428793748, 0.6646799270711463, -0.06109072016734675], [-0.6661206766848085, 0.745830652620357, -0.004458890542020911], [0.042599596651171134, 0.04401399959772252, 0.9981222581450478]], "trans": [-290.3761005040817, 117.43317279061776, -36.59089813258987]}], "rb_4XMM.renamed.noAb_Nup120_715-1036_Nup85_553-744_Nup145c_92-99_554-712_remaining_updated_1.pdb_37": [{"rot": [[0.05913093788364304, 0.9978925299551239, -0.026721355593659263], [-0.9933459496400269, 0.06146948614993092, 0.09739264143772086], [0.09882993736087131, 0.020784632116674508, 0.9948872511742326]], "trans": [-439.5099168171444, 424.2529451879702, -26.155594310240986]}], "rb_4XMM.renamed.noAb_Nup120_715-1036_Nup85_553-744_Nup145c_92-99_554-712_remaining_updated_1.pdb_38": [{"rot": [[-0.6564244303759721, 0.7511941888127064, 0.06938485353159057], [-0.738375592624907, -0.6586163904152771, 0.14500322235098131], [0.15462357977164282, 0.04395157528884277, 0.9869953432555958]], "trans": [-328.72608797221847, 746.9103517473218, -36.51439379559878]}], "rb_4XMM.renamed.noAb_Nup120_715-1036_Nup85_553-744_Nup145c_92-99_554-712_remaining_updated_1.pdb_39": [{"rot": [[-0.9828572519279223, 0.06910427033173228, 0.17092753480528275], [-0.050574835860940054, -0.9925905173725088, 0.11048190258958165], [0.1772958214688977, 0.09994330715007235, 0.9790697253237762]], "trans": [-22.921429619384583, 896.3882510319513, -61.574960889881424]}], "rb_4XMM.renamed.noAb_Nup120_715-1036_Nup85_553-744_Nup145c_92-99_554-712_remaining_updated_1.pdb_40": [{"rot": [[-0.7289385772042914, -0.6487993337737932, 0.21842155378548242], [0.6671329393488719, -0.7448061421150277, 0.014051758020358462], [0.15356494358777614, 0.15595908169263573, 0.9757533361144465]], "trans": [298.7612908718483, 785.1204987977219, -86.6324571340756]}], "rb_4XMM.renamed.noAb_Nup120_715-1036_Nup85_553-744_Nup145c_92-99_554-712_remaining_updated_1.pdb_41": [{"rot": [[-0.043417546111496286, -0.9819585697780358, 0.1840442444879211], [0.9943043986069906, -0.06041884542835774, -0.08779707300299898], [0.09733282899641729, 0.1791840683670783, 0.9789889631875199]], "trans": [447.87771345062106, 478.2894299739316, -96.9838430164487]}], "rb_4XMM.renamed.noAb_Nup120_715-1036_Nup85_553-744_Nup145c_92-99_554-712_remaining_updated_1.pdb_42": [{"rot": [[0.6721179554897656, -0.7352040596844821, 0.08793431941917114], [0.7392778879624348, 0.659647644427567, -0.13540010919849035], [0.041541043295254834, 0.15601274250719935, 0.9868811305812484]], "trans": [337.07524856799387, 155.64112779080665, -86.54112583137896]}], "rb_4XMM.renamed.noAb_Nup120_2-711_3F7F_updated_1.pdb_42": [{"rot": [[-0.7222027130998788, 0.6575919029897415, 0.21446708445238072], [0.4467523414324812, 0.2067628183666475, 0.8704375235280684], [0.5280488487022482, 0.7244460132152093, -0.4431053907602783]], "trans": [581.4592917577235, -51.507996436284316, -309.21750812508265]}], "rb_4XMM.renamed.noAb_Nup120_2-711_3F7F_updated_1.pdb_43": [{"rot": [[-0.1866050700889097, 0.6262817624061711, 0.7569344105631167], [0.855296071731127, -0.27551760793362035, 0.43881508337776876], [0.48337064194923485, 0.7292881473025293, -0.48424334864366325]], "trans": [54.079492771207185, -325.3464992735228, -265.8084806715158]}], "rb_4XMM.renamed.noAb_Nup120_2-711_3F7F_updated_1.pdb_44": [{"rot": [[0.4802384597070564, 0.2641777062230379, 0.8364096851142554], [0.7641339678214358, -0.5941928606359973, -0.2510659745777562], [0.43066263018709006, 0.7597005883267065, -0.48722142302693655]], "trans": [-511.9973621404418, -144.7990940252219, -221.5258602532905]}], "rb_4XMM.renamed.noAb_Nup120_2-711_3F7F_updated_1.pdb_45": [{"rot": [[0.8876815340397721, -0.21659460378038659, 0.40633517167236827], [0.22667007555936963, -0.5625784833863678, -0.7950635992652428], [0.4008019098890439, 0.7978672995203591, -0.4502950159455277]], "trans": [-785.1535563470613, 384.36712039092924, -202.28702539516388]}], "rb_4XMM.renamed.noAb_Nup120_2-711_3F7F_updated_1.pdb_46": [{"rot": [[0.7970382550177852, -0.5343919695145253, -0.28134541573764715], [-0.442241678727072, -0.19919462414028422, -0.8744963117762538], [0.41128131204184826, 0.8214296833156179, -0.3950961373300658]], "trans": [-605.368426440812, 952.1592311215053, -219.3383519234123]}], "rb_4XMM.renamed.noAb_Nup120_2-711_3F7F_updated_1.pdb_47": [{"rot": [[0.2614087335624093, -0.503044213189463, -0.8237790927147215], [-0.8507433577211563, 0.2830833286434821, -0.4428313091205922], [0.4559618551048196, 0.8165845630556083, -0.35396106857767723]], "trans": [-77.96072315184227, 1225.956730626953, -262.6669274328962]}], "rb_4XMM.renamed.noAb_Nup120_2-711_3F7F_updated_1.pdb_48": [{"rot": [[-0.4054277042815434, -0.14091529246378548, -0.9032005629708396], [-0.7595289179944751, 0.601730150105067, 0.2470559636695176], [0.5086690469560123, 0.7861702785048401, -0.35098731296798]], "trans": [488.1085978238167, 1045.365299947418, -306.86625655605957]}], "rb_4XMM.renamed.noAb_Nup120_2-711_3F7F_updated_1.pdb_49": [{"rot": [[-0.8128288708313121, 0.33985456488362326, -0.4730836093872366], [-0.2220330644625182, 0.5700780393120912, 0.7910198147830833], [0.5385262714375925, 0.748003946394565, -0.38791693846708925]], "trans": [761.2300600204618, 516.1780623093235, -326.01974418082546]}]}
