{"rb_ScNup133N_56-480_renamed_1.pdb_0": [{"rot": [[-0.7286749657331705, -0.4237376870263251, 0.5380326820067166], [0.34220853413981966, -0.905782691422878, -0.24990205097317827], [0.5932336078440233, 0.002022006999304521, 0.8050278243713419]], "trans": [978.1082101890826, 245.78045982252164, -277.9579575180715]}], "rb_ScNup133N_56-480_renamed_1.pdb_1": [{"rot": [[-0.26360718491254337, -0.9389328959651485, 0.22117022615393164], [0.7896891586806366, -0.34172730539138646, -0.5095227977354968], [0.5539876214544419, 0.0403418594568869, 0.8315469016542654]], "trans": [545.4838317568438, -392.87719476380704, -240.32650636906124]}], "rb_ScNup133N_56-480_renamed_1.pdb_2": [{"rot": [[0.3807922587760367, -0.9057656764646767, -0.18597256516682234], [0.7760791184532136, 0.42241434328499766, -0.4682598898987444], [0.5026912149193815, 0.03398031673761087, 0.8637979396347766]], "trans": [-210.72486485225664, -537.4063365404102, -179.30754995996466]}], "rb_ScNup133N_56-480_renamed_1.pdb_3": [{"rot": [[0.8270250851876433, -0.3436658533660812, -0.4448857040864899], [0.309351366924343, 0.9389973024144016, -0.15028572068069113], [0.4693945464664126, -0.013335939735819521, 0.8828878255242569]], "trans": [-847.5182492827219, -103.1396395984749, -130.62284842132937]}], "rb_ScNup133N_56-480_renamed_1.pdb_4": [{"rot": [[0.8136818127275051, 0.4180805713519752, -0.4038942231506712], [-0.33707839819906693, 0.9053999907190974, 0.25812595815494144], [0.4736032739583094, -0.07388837976205223, 0.8776334350012572]], "trans": [-991.8518648092011, 655.5234586281651, -122.76858146759298]}], "rb_ScNup133N_56-480_renamed_1.pdb_5": [{"rot": [[0.3485791185429128, 0.9332318014650663, -0.08701150987145012], [-0.784522505848034, 0.34130418711228927, 0.5177218265415681], [0.5128518654872612, -0.11220453018431584, 0.8511128641210575]], "trans": [-559.1711310130406, 1294.147534843839, -160.3218845242318]}], "rb_ScNup133N_56-480_renamed_1.pdb_6": [{"rot": [[-0.2958192811648111, 0.9000049827405993, 0.3201280742659485], [-0.7708618887998758, -0.42283483290232377, 0.47642696447655886], [0.5641479427304674, -0.10583824982752754, 0.8188622372453278]], "trans": [197.05539078888648, 1438.6177173971096, -221.25949825790713]}], "rb_ScNup133N_56-480_renamed_1.pdb_7": [{"rot": [[-0.7420157178294468, 0.3378648540855106, 0.5790164202057002], [-0.3040991291361037, -0.9393736570399995, 0.15843248441515126], [0.5974415403641686, -0.058518995489246724, 0.7997744263317097]], "trans": [833.8214546703176, 1004.301453113877, -269.8593044218917]}], "rb_ScNup133C_490_881_renamed_relative_3CQC_1.pdb_7": [{"rot": [[0.9179739999300904, 0.23302836034923277, -0.3209696539009585], [-0.24708837751566612, 0.9689877465870864, -0.003175005631280328], [0.31027579529996957, 0.08222244363329959, 0.9470841570916191]], "trans": [83.01216017362975, 154.52822309701372, -175.97318740391927]}], "rb_ScNup133C_490_881_renamed_relative_3CQC_1.pdb_8": [{"rot": [[0.48272944156845465, 0.8499553798933972, -0.21106429928645254], [-0.8037994682401182, 0.5256770469063938, 0.27851401618711935], [0.34767614399022806, 0.035206456027927976, 0.9369534696846169]], "trans": [-151.4031134034713, 179.3039818894755, -157.36814606282593]}], "rb_ScNup133C_490_881_renamed_relative_3CQC_1.pdb_9": [{"rot": [[-0.21756990046808028, 0.9738619551272383, 0.06523979434413121], [-0.8885509108993908, -0.22528385091757425, 0.3996554331616338], [0.40390669361892806, 0.02898411412313745, 0.9143409123397708]], "trans": [-299.7554942436204, 363.10197387156313, -146.39656843310905]}], "rb_ScNup133C_490_881_renamed_relative_3CQC_1.pdb_10": [{"rot": [[-0.7726787973937892, 0.5321618671960612, 0.3460797930542766], [-0.4516941153883407, -0.8439714643908776, 0.28928289513461325], [0.4460267953628275, 0.06720055354177507, 0.8924932399867502]], "trans": [-275.13615254282485, 598.250860583662, -149.46175448831508]}], "rb_ScNup133C_490_881_renamed_relative_3CQC_1.pdb_11": [{"rot": [[-0.8574066303541457, -0.2163907444188105, 0.46693566575559875], [0.25085404780184206, -0.9679498660455055, 0.012054191135072473], [0.4493618997269154, 0.1274680452206071, 0.8842091271421352]], "trans": [-91.96553246286453, 746.9972253857014, -164.74407011699435]}], "rb_ScNup133C_490_881_renamed_relative_3CQC_1.pdb_12": [{"rot": [[-0.42211864013852785, -0.8332832052415612, 0.35700833815185795], [0.8075309587452474, -0.5245907600967136, -0.26962619510933106], [0.4119582555497374, 0.174481042762541, 0.8943415239162915]], "trans": [142.45434738694001, 722.2034672480825, -183.26691444202953]}], "rb_ScNup133C_490_881_renamed_relative_3CQC_1.pdb_13": [{"rot": [[0.2781873310240928, -0.9571312135385264, 0.08069478872864505], [0.8922274338667846, 0.2263798378273017, -0.3907459216431798], [0.3557274449816674, 0.18069866932424672, 0.9169547294121245]], "trans": [290.7989294095317, 538.3942360749916, -194.15533918452337]}], "rb_ScNup133C_490_881_renamed_relative_3CQC_1.pdb_14": [{"rot": [[0.8332621709124604, -0.5153828597924266, -0.20013660924087529], [0.4553270838199579, 0.8450327627772218, -0.2803513448748012], [0.31361026970790984, 0.14247855159734238, 0.9388016090039772]], "trans": [266.1677791367333, 303.2476879929646, -191.00674670234793]}], "rb_ScNup84_506-726_ScNup133C_882_1155_renamed_relative_3CQC_new_1.pdb_14": [{"rot": [[-0.932054675023809, 0.28488187819735944, -0.22386692082799683], [0.302631955878487, 0.27239254305134913, -0.913354368123995], [-0.19921842798151287, -0.9190454928700568, -0.3400991031858375]], "trans": [1084.3139615201217, 314.8577378369764, 778.6383265047796]}], "rb_ScNup84_506-726_ScNup133C_882_1155_renamed_relative_3CQC_new_1.pdb_15": [{"rot": [[-0.45135868142862207, 0.3758300313684889, -0.8093374625090435], [0.8593946844391941, -0.0611019739346535, -0.5076488206811357], [-0.24024178873933377, -0.9246720155292095, -0.29540742482286353]], "trans": [690.364185842956, -358.0236001696919, 813.3536867200592]}], "rb_ScNup84_506-726_ScNup133C_882_1155_renamed_relative_3CQC_new_1.pdb_16": [{"rot": [[0.28112787367153685, 0.20508558713699115, -0.9375004109831617], [0.9119414270501753, -0.36133695156023526, 0.19441821176743457], [-0.298881167480675, -0.9096018411293113, -0.2886079318722146]], "trans": [-62.6114504082733, -554.1767312309883, 874.3661232843849]}], "rb_ScNup84_506-726_ScNup133C_882_1155_renamed_relative_3CQC_new_1.pdb_17": [{"rot": [[0.8363040382385687, -0.12732695156965895, -0.5332761039366397], [0.42948956098084684, -0.45243050661914663, 0.7815659624681867], [-0.3407847893236191, -0.8826632903232813, -0.3236838631772312]], "trans": [-733.5072892218617, -158.69226861687758, 925.9576954842065]}], "rb_ScNup84_506-726_ScNup133C_882_1155_renamed_relative_3CQC_new_1.pdb_18": [{"rot": [[0.8889397870851852, -0.42667563256031, 0.16653515999994067], [-0.305333808054067, -0.2810187501387507, 0.9098350002773344], [-0.3414049217515012, -0.8596373460068579, -0.380087243608803]], "trans": [-929.3011752502177, 596.7495299375505, 937.9293377848865]}], "rb_ScNup84_506-726_ScNup133C_882_1155_renamed_relative_3CQC_new_1.pdb_19": [{"rot": [[0.40820035637298024, -0.5175977776942364, 0.7519740750737087], [-0.8620587894644101, 0.052482894028970134, 0.5040835142528468], [-0.3003782824442007, -0.8540129310264171, -0.42477617762245123]], "trans": [-535.292376024874, 1269.6003239049314, 903.2918982277164]}], "rb_ScNup84_506-726_ScNup133C_882_1155_renamed_relative_3CQC_new_1.pdb_20": [{"rot": [[-0.3242903169608634, -0.34682991234973826, 0.8800822701457494], [-0.9145480393177661, 0.3527044603573821, -0.19799355399617874], [-0.24173885518354843, -0.8690849069817521, -0.4315712575590116]], "trans": [217.70511168315784, 1465.6947477781587, 842.3604821943712]}], "rb_ScNup84_506-726_ScNup133C_882_1155_renamed_relative_3CQC_new_1.pdb_21": [{"rot": [[-0.8794288683588865, -0.014410259872523395, 0.47581215821731015], [-0.43205261495161584, 0.44377192216721645, -0.7851095586028007], [-0.19983844327475897, -0.8960238978433668, -0.3964918297810191]], "trans": [888.5766556491999, 1070.1580399160985, 790.8535772313368]}], "rb_4XMM.renamed.noAb_Nup145c_149-550_Sec13_Nup84_7-436_3IKO_updated_1.pdb_21": [{"rot": [[0.9939249541141338, -0.007035953440175572, 0.1098347893356526], [0.008863731037042534, 0.9998301011776657, -0.016161777475401654], [-0.1097024150204656, 0.01703713996682286, 0.9938184522338228]], "trans": [-27.704950722649528, -1.648676534588276, 52.53770728311696]}], "rb_4XMM.renamed.noAb_Nup145c_149-550_Sec13_Nup84_7-436_3IKO_updated_1.pdb_22": [{"rot": [[0.7087152945192119, 0.7002185916382725, 0.08611942428200399], [-0.700533649478685, 0.7129197152413402, -0.0315924922771857], [-0.0835178858845483, -0.0379394721144539, 0.9957837913890017]], "trans": [-335.4807870681025, 160.06277603610718, 76.32378291623439]}], "rb_4XMM.renamed.noAb_Nup145c_149-550_Sec13_Nup84_7-436_3IKO_updated_1.pdb_23": [{"rot": [[0.006918017871979931, 0.9982653731000716, 0.05846696416010898], [-0.9996347452305415, 0.00843134990443134, -0.025676613224119717], [-0.026125029312805817, -0.05826797755341732, 0.9979590801406846]], "trans": [-439.20088349517005, 492.68827464910987, 83.01377501657754]}], "rb_4XMM.renamed.noAb_Nup145c_149-550_Sec13_Nup84_7-436_3IKO_updated_1.pdb_24": [{"rot": [[-0.7003441358260121, 0.7125043839052819, 0.04307661000906149], [-0.71322191700164, -0.7009357771327474, -0.0018797456793844033], [0.028854610075757372, -0.03203965123199599, 0.9990700036665648]], "trans": [-278.1026317242534, 801.3712289925717, 68.7125967840633]}], "rb_4XMM.renamed.noAb_Nup145c_149-550_Sec13_Nup84_7-436_3IKO_updated_1.pdb_25": [{"rot": [[-0.9987470245421134, 0.010338440754158693, 0.04896424829453863], [-0.009079837989348636, -0.999624400775326, 0.025857569813481897], [0.04921318431440562, 0.02538058347132035, 0.9984657673011594]], "trans": [53.44225421115863, 905.280928777616, 41.82208497509811]}], "rb_4XMM.renamed.noAb_Nup145c_149-550_Sec13_Nup84_7-436_3IKO_updated_1.pdb_26": [{"rot": [[-0.7134820285857016, -0.6968937463155717, 0.07268081749320804], [0.7002951335176181, -0.712658513783889, 0.04128642274260966], [0.023024353558242044, 0.08035514344201969, 0.996500341227056]], "trans": [361.21201868647387, 743.5457235385762, 18.11908546477673]}], "rb_4XMM.renamed.noAb_Nup145c_149-550_Sec13_Nup84_7-436_3IKO_updated_1.pdb_27": [{"rot": [[-0.011661404824485633, -0.9948855901446236, 0.10033281696486346], [0.9993411370233809, -0.008146778977026647, 0.03536837351528957], [-0.03437009587325909, 0.10067915630797075, 0.9943250997509715]], "trans": [464.9127074576374, 410.9124937660554, 11.513154479725358]}], "rb_4XMM.renamed.noAb_Nup145c_149-550_Sec13_Nup84_7-436_3IKO_updated_1.pdb_28": [{"rot": [[0.6955784296714197, -0.7090692669329404, 0.1157213155258166], [0.7128728071256145, 0.7011978957799406, 0.011570298813379787], [-0.08934768624138742, 0.074446528763718, 0.9932143300005013]], "trans": [303.7969082020535, 102.24259238451566, 25.898144435800248]}], "rb_4XMM.renamed.noAb_Seh1_Nup85_47_544_3F3F_1.pdb_28": [{"rot": [[0.6317632795559719, -0.7441233017702403, 0.21715356402149621], [0.19356578812302827, 0.42270620755034444, 0.8853540239738652], [-0.7506047190585688, -0.5173006609902605, 0.4110870733385396]], "trans": [502.0603287600114, -37.32843212140847, 805.3092371958871]}], "rb_4XMM.renamed.noAb_Seh1_Nup85_47_544_3F3F_1.pdb_29": [{"rot": [[0.5695066951522089, -0.2397633027682012, 0.7862414914150053], [-0.35160780457079654, 0.7935306565712822, 0.49666995967790667], [-0.742989956824258, -0.5593055119764445, 0.36761837322290314]], "trans": [29.81977431694986, -195.16682190854056, 843.7589301092327]}], "rb_4XMM.renamed.noAb_Seh1_Nup85_47_544_3F3F_1.pdb_30": [{"rot": [[0.14117918571238688, 0.37839569551236774, 0.9148142626453185], [-0.6927851677182626, 0.697866401730658, -0.18174486712169202], [-0.7071896131244894, -0.6081111600301496, 0.36067113571177223]], "trans": [-415.4857159339794, 28.25844226004316, 878.2067039123878]}], "rb_4XMM.renamed.noAb_Seh1_Nup85_47_544_3F3F_1.pdb_31": [{"rot": [[-0.40229895431576307, 0.7482274358368334, 0.5275521354496436], [-0.630099791386764, 0.19175491238010256, -0.7524654852366678], [-0.6641760340834336, -0.6351265683618775, 0.3943151504952163]], "trans": [-572.9879936571057, 502.0618071333413, 888.49657189904]}], "rb_4XMM.renamed.noAb_Seh1_Nup85_47_544_3F3F_1.pdb_32": [{"rot": [[-0.7425505674619768, 0.6530792700955856, -0.14868127566479894], [-0.20027365289509907, -0.4283165648468286, -0.881155709414553], [-0.6391471807948058, -0.6245257298536451, 0.44884127933248547]], "trans": [-350.4180904408421, 948.6826977363104, 868.6245892166564]}], "rb_4XMM.renamed.noAb_Seh1_Nup85_47_544_3F3F_1.pdb_33": [{"rot": [[-0.6802514611974565, 0.14869033536898413, -0.7177389035760725], [0.3448950352797623, -0.7991014155827706, -0.49242699179978144], [-0.6467653084219153, -0.5825187651753971, 0.49230734713229063]], "trans": [121.84131951435256, 1106.4844157943528, 830.2560484167195]}], "rb_4XMM.renamed.noAb_Seh1_Nup85_47_544_3F3F_1.pdb_34": [{"rot": [[-0.2518973303893569, -0.4694612184961483, -0.8462587661411992], [0.6860387687264832, -0.7033886462002131, 0.18599790375399539], [-0.6825676103852015, -0.5337139465338537, 0.4992503185059501]], "trans": [567.1359283383088, 883.0246066600225, 795.8917865974443]}], "rb_4XMM.renamed.noAb_Seh1_Nup85_47_544_3F3F_1.pdb_35": [{"rot": [[0.29157593534169307, -0.8392534953087073, -0.4589521157394659], [0.6233107382653323, -0.1972481465535068, 0.7566881076403476], [-0.7255805933821141, -0.5067018248371733, 0.4656029029268775]], "trans": [724.6077888672322, 409.2092941026989, 785.6868777698402]}], "rb_4XMM.renamed.noAb_Nup120_715-1036_Nup85_553-744_Nup145c_92-99_554-712_remaining_updated_1.pdb_35": [{"rot": [[0.998931655134312, -0.04507217099584966, -0.010200380990165805], [0.04385823788917592, 0.994215395301587, -0.09804184165225353], [0.014560334470062875, 0.09748972841807484, 0.9951300163863462]], "trans": [25.631959427393554, 10.608379622021289, -56.46275489047531]}], "rb_4XMM.renamed.noAb_Nup120_715-1036_Nup85_553-744_Nup145c_92-99_554-712_remaining_updated_1.pdb_36": [{"rot": [[0.7393920724345953, 0.6708852777204436, -0.05667722081080371], [-0.6721601533752118, 0.7403901108985105, -0.004817872798448971], [0.038731013871121135, 0.04165846638624203, 0.9983809296770749]], "trans": [-291.1817444393939, 124.86147631359216, -31.72539794166147]}], "rb_4XMM.renamed.noAb_Nup120_715-1036_Nup85_553-744_Nup145c_92-99_554-712_remaining_updated_1.pdb_37": [{"rot": [[0.05108583611660683, 0.9984096716339126, -0.023840405536176758], [-0.9941503042974287, 0.05311349614653377, 0.09404322938107418], [0.09515991705332855, 0.018896669414326203, 0.9952826262280723]], "trans": [-434.7480084492725, 430.3535348302756, -21.72740255738637]}], "rb_4XMM.renamed.noAb_Nup120_715-1036_Nup85_553-744_Nup145c_92-99_554-712_remaining_updated_1.pdb_38": [{"rot": [[-0.6627675554666439, 0.7456326026960928, 0.06907379544674322], [-0.7334858444061118, -0.664998117432368, 0.1406272372880105], [0.1507901968850131, 0.042538519109812926, 0.9876501358858418]], "trans": [-320.96177752166864, 748.1231166501533, -32.30173050430636]}], "rb_4XMM.renamed.noAb_Nup120_715-1036_Nup85_553-744_Nup145c_92-99_554-712_remaining_updated_1.pdb_39": [{"rot": [[-0.9839827201928675, 0.0606344420474315, 0.16763493311192781], [-0.04286768967447947, -0.9932648212299225, 0.10764458225596527], [0.1730328510538284, 0.09873428657100539, 0.9799546791109766]], "trans": [-16.478716780565264, 892.0164369872167, -57.22978647190541]}], "rb_4XMM.renamed.noAb_Nup120_715-1036_Nup85_553-744_Nup145c_92-99_554-712_remaining_updated_1.pdb_40": [{"rot": [[-0.7243872854316193, -0.6553032293300205, 0.2141045033030708], [0.6731303071396966, -0.7393833516009989, 0.014416968658146526], [0.14885781912625862, 0.15456369885881582, 0.9767043629881327]], "trans": [300.3326169200067, 777.7388766873762, -81.88435888758823]}], "rb_4XMM.renamed.noAb_Nup120_715-1036_Nup85_553-744_Nup145c_92-99_554-712_remaining_updated_1.pdb_41": [{"rot": [[-0.03605591716166917, -0.9827740288221856, 0.18125997658126097], [0.9950664239309168, -0.052081053182942594, -0.08444155295049179], [0.0924271756734244, 0.1773210990603316, 0.9798032685315294]], "trans": [443.8815905977111, 472.2359586830589, -91.79844669959004]}], "rb_4XMM.renamed.noAb_Nup120_715-1036_Nup85_553-744_Nup145c_92-99_554-712_remaining_updated_1.pdb_42": [{"rot": [[0.6777771636121537, -0.7299409447482805, 0.08834213980796128], [0.734345944183638, 0.6660106966485413, -0.13101826670645467], [0.036798787302068606, 0.15367488125816198, 0.9874360131792768]], "trans": [330.0771047708835, 154.47571672751712, -81.14023257781565]}], "rb_4XMM.renamed.noAb_Nup120_2-711_3F7F_updated_1.pdb_42": [{"rot": [[-0.6566598153422162, 0.7490753095969455, 0.08765881283114307], [0.42790267796392356, 0.27433286954727, 0.8611856796749827], [0.6210452359579195, 0.60301547014832, -0.500674702432399]], "trans": [526.3144208968557, -75.6258218765455, -275.8246937131412]}], "rb_4XMM.renamed.noAb_Nup120_2-711_3F7F_updated_1.pdb_43": [{"rot": [[-0.15158932625368224, 0.7363738175008064, 0.6593741555939556], [0.8011317217961836, -0.29920733336552885, 0.5183270550455279], [0.5789720550232413, 0.6068184016322977, -0.5445757862250088]], "trans": [-1.3576974698877393, -301.6126979892151, -232.62518735471667]}], "rb_4XMM.renamed.noAb_Nup120_2-711_3F7F_updated_1.pdb_44": [{"rot": [[0.46876723192842085, 0.3231044727180341, 0.8221075245852975], [0.7066630920510244, -0.6955869203728591, -0.12956122313055463], [0.5299854305573407, 0.6416871012540311, -0.5543943609752424]], "trans": [-533.9110306048628, -87.03546722956011, -191.1801703711672]}], "rb_4XMM.renamed.noAb_Nup120_2-711_3F7F_updated_1.pdb_45": [{"rot": [[0.8409962403935467, -0.24863371547986216, 0.4805274177095378], [0.19983784404083912, -0.6826011404536503, -0.7029370662729938], [0.5027824178837471, 0.6871949931264437, -0.5243785671525087]], "trans": [-759.3664136163404, 442.4036198796401, -175.7447131850086]}], "rb_4XMM.renamed.noAb_Nup120_2-711_3F7F_updated_1.pdb_46": [{"rot": [[0.7470406975538051, -0.643908454938101, -0.16526372214599602], [-0.42243864571400824, -0.2678572465840716, -0.8659088208695601], [0.5132989253891304, 0.7166829125294009, -0.4721120800008579]], "trans": [-545.6469908760325, 976.5517978138664, -195.3371193546525]}], "rb_4XMM.renamed.noAb_Nup120_2-711_3F7F_updated_1.pdb_47": [{"rot": [[0.24194108517787127, -0.6311622299082201, -0.7369523395988605], [-0.7956280354166229, 0.30568194031817403, -0.5230053351758457], [0.5553742346940812, 0.7128764204969869, -0.42821334465119626]], "trans": [-17.950700329808683, 1202.49764924512, -238.45587619180804]}], "rb_4XMM.renamed.noAb_Nup120_2-711_3F7F_updated_1.pdb_48": [{"rot": [[-0.3784081218998985, -0.21786195873449649, -0.899635181735662], [-0.7011107186088184, 0.702029077663216, 0.12489569394962335], [0.6043600363458981, 0.6780054137333273, -0.4183988592435236]], "trans": [514.5924438419205, 987.8790253636469, -279.81740306561153]}], "rb_4XMM.renamed.noAb_Nup120_2-711_3F7F_updated_1.pdb_49": [{"rot": [[-0.7505976112495271, 0.3538752321956789, -0.5580103458045875], [-0.19425627217077363, 0.688998423899692, 0.6982447082406366], [0.6315597570371432, 0.6324978196817691, -0.448418087713899]], "trans": [740.0130722642872, 458.4226589569906, -295.16752943467304]}]}
