{"rb_ScNup133N_56-480_renamed_1.pdb_0": [{"rot": [[-0.6632277953205515, -0.042036997096089004, 0.7472360954807917], [0.20170775753491732, -0.971516590925225, 0.12437642102608873], [0.7207238528482809, 0.23321321667557196, 0.6528159951344308]], "trans": [803.2849005490395, 231.80217512456915, -356.1429289128718]}], "rb_ScNup133N_56-480_renamed_1.pdb_1": [{"rot": [[-0.31374017155325123, -0.710100533565771, 0.6303366854176732], [0.65155960797976, -0.6439001862488524, -0.40107683478100475], [0.6906787835187879, 0.2848680086957738, 0.6646901801732192]], "trans": [410.14405559381345, -284.05546756524666, -322.2560399101722]}], "rb_ScNup133N_56-480_renamed_1.pdb_2": [{"rot": [[0.25057322490228573, -0.9517315096671921, 0.17725741865622957], [0.7216129484152005, 0.06155965635818028, -0.6895543208396115], [0.6453586689908053, 0.3006950984230772, 0.7022069824081403]], "trans": [-231.57439466030544, -369.7949931952296, -270.6487043067778]}], "rb_ScNup133N_56-480_renamed_1.pdb_3": [{"rot": [[0.6991296495835158, -0.6253790926033778, -0.34658148191702387], [0.37082954426205783, 0.7315946141128922, -0.5720618582840469], [0.6113126713684406, 0.27142275353326273, 0.7433885301030658]], "trans": [-745.940820485042, 24.811138071155398, -231.529222061403]}], "rb_ScNup133N_56-480_renamed_1.pdb_4": [{"rot": [[0.7691584242665862, 0.07777487014060949, -0.6343078022177775], [-0.19529674028075852, 0.9736887612696689, -0.1174281883230822], [0.6084854161074411, 0.21419912640284655, 0.7641100919584854]], "trans": [-831.6302037263974, 668.5972073867882, -227.7903325569011]}], "rb_ScNup133N_56-480_renamed_1.pdb_5": [{"rot": [[0.41963570533643185, 0.745812872718467, -0.5173674068727335], [-0.6451211453474546, 0.6460199328965961, 0.4080158748454026], [0.6385331492039995, 0.1625466246579691, 0.7522326848654726]], "trans": [-438.44258212201873, 1184.4243747581731, -261.5983250821648]}], "rb_ScNup133N_56-480_renamed_1.pdb_6": [{"rot": [[-0.14468317018732602, 0.9873888338842497, -0.06426562833459337], [-0.7151301919258487, -0.05945885121490002, 0.6964577902560187], [0.6838534849371153, 0.14672401212105407, 0.7147142613705542]], "trans": [203.2891049860484, 1270.113929171273, -313.12399602201356]}], "rb_ScNup133N_56-480_renamed_1.pdb_7": [{"rot": [[-0.5932122481267255, 0.6609841493659897, 0.45956412279392334], [-0.36431159340276065, -0.7294681720814494, 0.5789242168302199], [0.7178971316175953, 0.1760003983150631, 0.6735336429668242]], "trans": [717.6313002123738, 875.4678382233559, -352.1588759267369]}], "rb_ScNup133C_490_881_renamed_relative_3CQC_1.pdb_7": [{"rot": [[0.8002552740058846, 0.37447637284368684, -0.468357707962195], [-0.28754343832232643, 0.9250232545870458, 0.24829568975510174], [0.5262226406223312, -0.06402674952723547, 0.8479329618793194]], "trans": [162.2915575272698, 103.46261203634381, -233.11823659091]}], "rb_ScNup133C_490_881_renamed_relative_3CQC_1.pdb_8": [{"rot": [[0.37502234788152533, 0.9163481054277963, -0.14022976955095623], [-0.737002973354936, 0.3864784803171344, 0.5544916604582433], [0.5623031707677002, -0.10459700727384386, 0.8202893454226647]], "trans": [-132.32904564311673, 84.03073326792841, -209.4993666557662]}], "rb_ScNup133C_490_881_renamed_relative_3CQC_1.pdb_9": [{"rot": [[-0.24259418280988398, 0.9200332232961336, 0.3077124152486036], [-0.7530487155452489, -0.3785548911279887, 0.538157808099748], [0.6116091026811595, -0.10116848538157053, 0.7846650515239885]], "trans": [-354.4303226743229, 279.28884693005034, -192.7053042471935]}], "rb_ScNup133C_490_881_renamed_relative_3CQC_1.pdb_10": [{"rot": [[-0.6907858459962326, 0.3833729324412648, 0.6130579985960966], [-0.3262808428732148, -0.9219095237852323, 0.20886273369854083], [0.6452563262341645, -0.05574966031706821, 0.7619292938516787]], "trans": [-373.9003005141989, 574.8521136952155, -192.55024301922674]}], "rb_ScNup133C_490_881_renamed_relative_3CQC_1.pdb_11": [{"rot": [[-0.7069956458805075, -0.3792496018439266, 0.5969312323938363], [0.29329400742288364, -0.9252806125436634, -0.24048786510060186], [0.6435338234435128, 0.00505247979144452, 0.7654009998243584]], "trans": [-179.33127827819328, 797.5755212455081, -209.10101512438615]}], "rb_ScNup133C_490_881_renamed_relative_3CQC_1.pdb_12": [{"rot": [[-0.2817276531323216, -0.9210793459974422, 0.26877940367051034], [0.7427201520342028, -0.3866933260762415, -0.5466580716776994], [0.6074506607312576, 0.045619183958225173, 0.7930463951321768]], "trans": [115.29738072389154, 816.9846738330997, -232.63793999639574]}], "rb_ScNup133C_490_881_renamed_relative_3CQC_1.pdb_13": [{"rot": [[0.3358901458177397, -0.9247047960947602, -0.1791615193669719], [0.7587174185387934, 0.37834030912367833, -0.5302890620199754], [0.558144863586832, 0.042185904891845066, 0.8286704174037403]], "trans": [337.3899671238065, 621.7095329983074, -249.3487502734052]}], "rb_ScNup133C_490_881_renamed_relative_3CQC_1.pdb_14": [{"rot": [[0.7840485359337656, -0.38800211235002535, -0.4844814280362387], [0.33191438265680817, 0.9216528025817271, -0.20097003278796066], [0.5245004631891804, -0.003236094121375613, 0.8514040120936527]], "trans": [356.8434256422768, 326.1451464168178, -249.4200127715307]}], "rb_ScNup84_506-726_ScNup133C_882_1155_renamed_relative_3CQC_new_1.pdb_14": [{"rot": [[0.9771187595369244, 0.18110755551566107, 0.11153018916941101], [-0.1974396545973827, 0.9673407080429006, 0.1589639498613655], [-0.07909811978479064, -0.17734713952641648, 0.9809645658984374]], "trans": [-73.3605859889775, 79.77946840111778, 104.62866716463549]}], "rb_ScNup84_506-726_ScNup133C_882_1155_renamed_relative_3CQC_new_1.pdb_15": [{"rot": [[0.5519639433649544, 0.8068539593451501, 0.21052907997249531], [-0.8328035599977376, 0.5461533492359996, 0.09030365204904998], [-0.04211930293944914, -0.22517372716939277, 0.9734078060671898]], "trans": [-309.41219943456736, 252.81744257954347, 122.64276923749301]}], "rb_ScNup84_506-726_ScNup133C_882_1155_renamed_relative_3CQC_new_1.pdb_16": [{"rot": [[-0.19664010955825967, 0.9525936681335209, 0.23215936497337147], [-0.9803055612597663, -0.19542641132956368, -0.02845214083373332], [0.01826674235023884, -0.23318194867264425, 0.9722615414265539]], "trans": [-354.41300619499754, 542.5708190104366, 124.86106347821399]}], "rb_ScNup84_506-726_ScNup133C_882_1155_renamed_relative_3CQC_new_1.pdb_17": [{"rot": [[-0.8301505897131526, 0.5329503055426525, 0.16374971823150783], [-0.5535369062659554, -0.822970693639858, -0.12773461085957025], [0.06668501931033552, -0.19668047496364308, 0.9781972699653458]], "trans": [-181.99898581936924, 779.2981010531519, 110.00804674382186]}], "rb_ScNup84_506-726_ScNup133C_882_1155_renamed_relative_3CQC_new_1.pdb_18": [{"rot": [[-0.9774481253272178, -0.20624312965031183, 0.045375475384307105], [0.1974953094502856, -0.9688552087431324, -0.14938268720449824], [0.07477141859991104, -0.13705238401190142, 0.9877377582117689]], "trans": [106.82921085785085, 824.3212258275692, 86.80883056604603]}], "rb_ScNup84_506-726_ScNup133C_882_1155_renamed_relative_3CQC_new_1.pdb_19": [{"rot": [[-0.5522437431424844, -0.8319567004818975, -0.053618063031516304], [0.832825824368141, -0.5476187507202263, -0.08071462150778203], [0.037788813496902225, -0.08922865225303195, 0.995294053630184]], "trans": [342.8738670848382, 651.2651288099551, 68.87784779196215]}], "rb_ScNup84_506-726_ScNup133C_882_1155_renamed_relative_3CQC_new_1.pdb_20": [{"rot": [[0.1963718343754426, -0.9776385745976132, -0.07523908640308151], [0.9802690646884712, 0.19397242388498426, 0.03804286512571571], [-0.022597864474616477, -0.08122509606599816, 0.996439571820718]], "trans": [387.8586083534344, 361.5086285193753, 66.74332585867234]}], "rb_ScNup84_506-726_ScNup133C_882_1155_renamed_relative_3CQC_new_1.pdb_21": [{"rot": [[0.8298490464369181, -0.5579462560260474, -0.006821694382896017], [0.553450701281938, 0.8214837485532047, 0.1373199625455305], [-0.07101324790677005, -0.11773031151530669, 0.9905032520755497]], "trans": [215.43265228290795, 124.79528518788527, 81.67970271264352]}], "rb_4XMM.renamed.noAb_Nup145c_149-550_Sec13_Nup84_7-436_3IKO_updated_1.pdb_21": [{"rot": [[0.9989982930836588, -0.02449170559326644, 0.03745085810855677], [0.024888620909030608, 0.9996385086628196, -0.010168999342077153], [-0.0371882638097163, 0.011090913195285698, 0.9992467286307781]], "trans": [-1.1790019179628644, -10.801447406028046, 14.852678472753666]}], "rb_4XMM.renamed.noAb_Nup145c_149-550_Sec13_Nup84_7-436_3IKO_updated_1.pdb_22": [{"rot": [[0.7250429124999933, 0.6875908536568078, 0.039135572067214845], [-0.6886012055099042, 0.7247439265966851, 0.02397124593182405], [-0.011880858716120664, -0.04432898407046723, 0.9989463380820045]], "trans": [-323.8730319466464, 132.72569667051073, 39.91630176398712]}], "rb_4XMM.renamed.noAb_Nup145c_149-550_Sec13_Nup84_7-436_3IKO_updated_1.pdb_23": [{"rot": [[0.028321795288834162, 0.9975226712203265, 0.06439251752401198], [-0.9985782002679053, 0.025323791309341814, 0.04690718008397402], [0.04516031290111749, -0.06562945981176228, 0.9968216089870283]], "trans": [-450.96375605209863, 463.0804636709542, 48.48012578364654]}], "rb_4XMM.renamed.noAb_Nup145c_149-550_Sec13_Nup84_7-436_3IKO_updated_1.pdb_24": [{"rot": [[-0.6830160043197683, 0.7237413183299523, 0.09842581970742541], [-0.723453469160109, -0.6888917201239766, 0.04520260949137176], [0.10051972842810021, -0.04033239500264082, 0.9941172376083667]], "trans": [-307.99772273487224, 786.7364898794068, 35.55134657228348]}], "rb_4XMM.renamed.noAb_Nup145c_149-550_Sec13_Nup84_7-436_3IKO_updated_1.pdb_25": [{"rot": [[-0.9922587734521203, 0.026631771825942844, 0.12129829032885082], [-0.02439895892817182, -0.9995050906669211, 0.01985609564160906], [0.12176706168136216, 0.01674283310309993, 0.9924174828312763]], "trans": [21.27546320599538, 914.0916283881675, 8.72783018888748]}], "rb_4XMM.renamed.noAb_Nup145c_149-550_Sec13_Nup84_7-436_3IKO_updated_1.pdb_26": [{"rot": [[-0.7182477376274455, -0.6854293667050476, 0.1196109135964214], [0.6890693416654435, -0.7245546282069103, -0.01428401626627783], [0.09645532525374353, 0.07216075112040075, 0.9927180849707188]], "trans": [343.964840033686, 770.5395601465302, -16.252824356380188]}], "rb_4XMM.renamed.noAb_Nup145c_149-550_Sec13_Nup84_7-436_3IKO_updated_1.pdb_27": [{"rot": [[-0.021502425187444052, -0.9953066422495118, 0.09435217859200626], [0.998991642229959, -0.02511019045453966, -0.03721796730107087], [0.03941249124002705, 0.09345676128208281, 0.9948429470549187]], "trans": [471.0363342215895, 440.1752276097883, -24.732592502486284]}], "rb_4XMM.renamed.noAb_Nup145c_149-550_Sec13_Nup84_7-436_3IKO_updated_1.pdb_28": [{"rot": [[0.6898139357316265, -0.7214695775239174, 0.06031900842935531], [0.7238110891902433, 0.6890838087882803, -0.035510725577878724], [-0.015944943890592634, 0.06815536056168948, 0.9975472949143961]], "trans": [328.0515861056273, 116.53083171023309, -11.719901603524363]}], "rb_4XMM.renamed.noAb_Seh1_Nup85_47_544_3F3F_1.pdb_28": [{"rot": [[0.7027131955844249, -0.6813966655172993, 0.20467718234680776], [0.3081020919999158, 0.5507514154743557, 0.7757228752964979], [-0.6413012284853336, -0.4820492325218414, 0.5969600252682775]], "trans": [440.27116963298636, -126.27826435670727, 682.3439764391817]}], "rb_4XMM.renamed.noAb_Seh1_Nup85_47_544_3F3F_1.pdb_29": [{"rot": [[0.7027138024719733, -0.104326322947643, 0.7037821610097834], [-0.31432635442392703, 0.8418943859200051, 0.43864881838543435], [-0.6382728685522678, -0.5294618600962661, 0.5588182924470689]], "trans": [-79.12476971353067, -221.5991590857648, 724.2480683827043]}], "rb_4XMM.renamed.noAb_Seh1_Nup85_47_544_3F3F_1.pdb_30": [{"rot": [[0.2639684914899895, 0.5090985695336525, 0.8192309088402878], [-0.7542714060731897, 0.6383322617153548, -0.153644295806024], [-0.601161610119, -0.5773651965196244, 0.552498098066394]], "trans": [-513.7182171316963, 79.46459923783658, 757.4642781073575]}], "rb_4XMM.renamed.noAb_Seh1_Nup85_47_544_3F3F_1.pdb_31": [{"rot": [[-0.35649954787939603, 0.7995250606200605, 0.4833919215318673], [-0.7540070484665061, 0.059314605445440094, -0.6541828096516107], [-0.5517077516444825, -0.5976967918780696, 0.5817019011091931]], "trans": [-608.9162900170769, 600.5457327843185, 762.5580865090686]}], "rb_4XMM.renamed.noAb_Seh1_Nup85_47_544_3F3F_1.pdb_32": [{"rot": [[-0.7952113895742418, 0.5968172168196387, -0.10699558682048446], [-0.31368814601731376, -0.555961875697869, -0.769744204147536], [-0.518882060722492, -0.5785461109351298, 0.6293217019793712]], "trans": [-308.9487016413248, 1036.387683073348, 736.5694737046035]}], "rb_4XMM.renamed.noAb_Seh1_Nup85_47_544_3F3F_1.pdb_33": [{"rot": [[-0.7951634508927392, 0.019724151211272356, -0.606074289360092], [0.30874027972312573, -0.8470595436624385, -0.4326309849824245], [-0.5219142899373724, -0.5311318926117802, 0.6674611498879855]], "trans": [210.46121852131154, 1131.668207049292, 694.7469404154446]}], "rb_4XMM.renamed.noAb_Seh1_Nup85_47_544_3F3F_1.pdb_34": [{"rot": [[-0.35638381499044863, -0.5936848813594329, -0.7214768451295475], [0.7486508807152603, -0.6434492800775053, 0.15967117076041099], [-0.5590281166606148, -0.48323005454231777, 0.6737776184839549]], "trans": [645.0377288989499, 830.5707471068342, 661.6147212412873]}], "rb_4XMM.renamed.noAb_Seh1_Nup85_47_544_3F3F_1.pdb_35": [{"rot": [[0.2640842206282026, -0.8840662205451988, -0.3855988097830677], [0.7483378241584235, -0.06440884825583981, 0.660183308786422], [-0.6084817378927874, -0.46290216888375, 0.6445708314015528]], "trans": [740.201695522837, 309.4825575496312, 656.6061422398298]}], "rb_4XMM.renamed.noAb_Nup120_715-1036_Nup85_553-744_Nup145c_92-99_554-712_remaining_updated_1.pdb_35": [{"rot": [[0.9925733102498869, -0.05428734450989778, 0.10886279440490598], [0.058760522011402264, 0.9975367488631467, -0.038309734017482736], [-0.10651490427413746, 0.04442205413537778, 0.9933183056170184]], "trans": [-1.0618931694119738, -20.457649708940266, 36.49967746737752]}], "rb_4XMM.renamed.noAb_Nup120_715-1036_Nup85_553-744_Nup145c_92-99_554-712_remaining_updated_1.pdb_36": [{"rot": [[0.7429967922488536, 0.6656446781724259, 0.06980636882577954], [-0.6641154488713421, 0.7461765084648657, -0.046597089883352746], [-0.0831049774582068, -0.011737999655348445, 0.996471666474146]], "trans": [-330.1695913952019, 127.06211216853363, 62.0550838566582]}], "rb_4XMM.renamed.noAb_Nup120_715-1036_Nup85_553-744_Nup145c_92-99_554-712_remaining_updated_1.pdb_37": [{"rot": [[0.05690422919935073, 0.9977181451882021, 0.03633746635966788], [-0.9980200202761468, 0.05782285156087369, -0.024749888188989433], [-0.026794548460947257, -0.034857145602895, 0.9990330482887897]], "trans": [-458.98275811759066, 464.78850667520135, 70.72033076957871]}], "rb_4XMM.renamed.noAb_Nup120_715-1036_Nup85_553-744_Nup145c_92-99_554-712_remaining_updated_1.pdb_38": [{"rot": [[-0.6637816815590831, 0.7473997373237047, 0.02806264198274401], [-0.7473471862196208, -0.6642769438479084, 0.014433472267505309], [0.029428939433997665, -0.011391862031231277, 0.9995019574784484]], "trans": [-312.03891066568923, 794.8767667620741, 57.44319928575521]}], "rb_4XMM.renamed.noAb_Nup120_715-1036_Nup85_553-744_Nup145c_92-99_554-712_remaining_updated_1.pdb_39": [{"rot": [[-0.9968729718328164, 0.0613295073955069, 0.049829404490033584], [-0.05894462737903714, -0.9971066360039007, 0.04799882644533439], [0.05262897426658989, 0.04491155708286376, 0.9976037004281999]], "trans": [24.582086554193836, 923.9566522209736, 30.02562513715202]}], "rb_4XMM.renamed.noAb_Nup120_715-1036_Nup85_553-744_Nup145c_92-99_554-712_remaining_updated_1.pdb_40": [{"rot": [[-0.7472400671923036, -0.6585829303142108, 0.08888647749341505], [0.6639117308007105, -0.7456898983434641, 0.05628311659563165], [0.02921464851140582, 0.10106977494414371, 0.9944503028835043]], "trans": [353.6848203538538, 776.4114629188713, 4.553214749002848]}], "rb_4XMM.renamed.noAb_Nup120_715-1036_Nup85_553-744_Nup145c_92-99_554-712_remaining_updated_1.pdb_41": [{"rot": [[-0.06112144299991196, -0.9906027190297244, 0.12235367692277818], [0.997762441423276, -0.057310200764083, 0.03443328873986181], [-0.027097595662174574, 0.12418451569859895, 0.9918890695889495]], "trans": [482.47818226416723, 438.67536793128727, -4.027929811141405]}], "rb_4XMM.renamed.noAb_Nup120_715-1036_Nup85_553-744_Nup145c_92-99_554-712_remaining_updated_1.pdb_42": [{"rot": [[0.6595449364198538, -0.7402279850424649, 0.13062544546489008], [0.7470330509109402, 0.664769923738505, -0.004750719881492331], [-0.08331925161462507, 0.10071483829442499, 0.9914204071218748]], "trans": [335.51511823093347, 108.5990505760675, 9.333151835376725]}], "rb_4XMM.renamed.noAb_Nup120_2-711_3F7F_updated_1.pdb_42": [{"rot": [[0.9878161051413568, 0.12016157184583579, 0.09889660800501786], [-0.1455306292641206, 0.9383850859195411, 0.3134553659929346], [-0.05513781251871709, -0.32402874436585644, 0.9444390898598687]], "trans": [-90.9430643852445, 31.064119552598754, 244.10983680517472]}], "rb_4XMM.renamed.noAb_Nup120_2-711_3F7F_updated_1.pdb_43": [{"rot": [[0.596616738153166, 0.7403336258824713, 0.3097653791875221], [-0.8022577063017842, 0.5601826276799786, 0.206344363443624], [-0.02076151330892248, -0.3716201636527103, 0.9281526886950531]], "trans": [-353.4635681959851, 238.79631927454642, 264.0648695464356]}], "rb_4XMM.renamed.noAb_Nup120_2-711_3F7F_updated_1.pdb_44": [{"rot": [[-0.14302713401730782, 0.9124300026683018, 0.38342499809678177], [-0.9889460803948055, -0.14706037057554533, -0.018944589674456613], [0.03910101030082616, -0.38189623935946965, 0.9233776981043829]], "trans": [-392.73184355170116, 571.8480913862047, 265.61557839743966]}], "rb_4XMM.renamed.noAb_Nup120_2-711_3F7F_updated_1.pdb_45": [{"rot": [[-0.7978217020740033, 0.5356342181232752, 0.276724621375126], [-0.5962310696934181, -0.7690309883426694, -0.2304340480504965], [0.08938144791835526, -0.34883710144444746, 0.9329113749032399]], "trans": [-185.7420677270684, 835.1131285497569, 247.87754114946063]}], "rb_4XMM.renamed.noAb_Nup120_2-711_3F7F_updated_1.pdb_46": [{"rot": [[-0.984179075445899, -0.1693214443455697, 0.052170834181412606], [0.14582933525185424, -0.941370067947702, -0.30423050496644855], [0.10062481023314582, -0.2918092590321084, 0.9511687567980113]], "trans": [146.2501433832682, 874.3671767529497, 221.2659550298761]}], "rb_4XMM.renamed.noAb_Nup120_2-711_3F7F_updated_1.pdb_47": [{"rot": [[-0.592928477172774, -0.7894640177891428, -0.15868958873788175], [0.8025256861723613, -0.5631189465769927, -0.19710295543090547], [0.06624457706978484, -0.24422042630017846, 0.9674544120456545]], "trans": [408.7609847599604, 666.6147778714521, 201.3942673120896]}], "rb_4XMM.renamed.noAb_Nup120_2-711_3F7F_updated_1.pdb_48": [{"rot": [[0.14672997564353957, -0.9615052386739135, -0.2323316385046713], [0.9891560012803221, 0.14413753552968583, 0.02819177153976299], [0.006381173776656937, -0.23394881246556387, 0.9722279741743614]], "trans": [448.0098174609427, 333.56033327404987, 199.9275977531639]}], "rb_4XMM.renamed.noAb_Nup120_2-711_3F7F_updated_1.pdb_49": [{"rot": [[0.8014939321590603, -0.5846609340243688, -0.1256147640126691], [0.5963896104980505, 0.7660785588378433, 0.2396728482304891], [-0.043896573923137255, -0.26701167374233686, 0.9626930231819096]], "trans": [241.00603522070224, 70.31194946874905, 217.74914696194497]}]}
