{"rb_ScNup133N_56-480_renamed_1.pdb_0": [{"rot": [[0.6651834451554303, 0.1706349350092557, 0.7269213872528028], [0.4747027725346988, 0.6548269908535497, -0.5880976872914522], [-0.5763577552519114, 0.7362644436641442, 0.3545791970165558]], "trans": [-32.806915806949974, -46.369237324042615, 418.6802374692787]}], "rb_ScNup133N_56-480_renamed_1.pdb_1": [{"rot": [[0.7948430084145143, 0.5971717461082314, 0.10775201912080273], [-0.166332738103687, 0.38517892014336413, -0.9077282741614485], [-0.5835734848410217, 0.7035787838808369, 0.40548598331294755]], "trans": [-363.3870392975382, 153.12605191594693, 444.10011978574676]}], "rb_ScNup133N_56-480_renamed_1.pdb_2": [{"rot": [[0.43469807672830807, 0.7088163538471141, -0.5555330400683581], [-0.7114038444444776, -0.10797960006176519, -0.6944386049753555], [-0.5522156754369859, 0.6970794664092346, 0.45731615465921316]], "trans": [-456.6045408015061, 528.6342396061141, 449.74434550647055]}], "rb_ScNup133N_56-480_renamed_1.pdb_3": [{"rot": [[-0.20427337087787212, 0.4401657728234971, -0.8743720503223347], [-0.8412002068906386, -0.5357493550905386, -0.07317677532672229], [-0.5006541739338013, 0.720573883064578, 0.4797068658752943]], "trans": [-257.84938023179456, 860.1774515272919, 432.3304525218546]}], "rb_ScNup133N_56-480_renamed_1.pdb_4": [{"rot": [[-0.7477528508989144, -0.05140069862579191, -0.6619846238043031], [-0.4796852861924984, -0.6475367908935546, 0.5921132751844838], [-0.459094434929204, 0.7602986732988923, 0.4595413226217827]], "trans": [116.44678024135919, 953.5331161719458, 402.08374977936387]}], "rb_ScNup133N_56-480_renamed_1.pdb_5": [{"rot": [[-0.8773624208778242, -0.4779164904385122, -0.04279030963124053], [0.16136037974459033, -0.37785525137456205, 0.911695254379086], [-0.45188273952440755, 0.7929824948733738, 0.4086327844707451]], "trans": [447.017885576183, 754.0122856715454, 376.7471871252451]}], "rb_ScNup133N_56-480_renamed_1.pdb_6": [{"rot": [[-0.5171749672260195, -0.5895226378981079, 0.6204781323144436], [0.7064032010707916, 0.11531201510650624, 0.69835353273898], [-0.48324380057244654, 0.7994787042678069, 0.3568041908814472]], "trans": [540.2126345542154, 378.4971925721154, 371.18728510900075]}], "rb_ScNup133N_56-480_renamed_1.pdb_7": [{"rot": [[0.12180662106417592, -0.32083868617606853, 0.9392686966559358], [0.8361494079494358, 0.543060670186583, 0.07706669891921508], [-0.5348058663204189, 0.7759817304223802, 0.3344174627616695]], "trans": [341.43814251742856, 46.96998996929358, 388.6851176275518]}], "rb_ScNup133C_490_881_renamed_relative_3CQC_1.pdb_7": [{"rot": [[0.8350600419437132, 0.3418598978446351, -0.43105282343886653], [-0.27686611619409507, 0.9381924269163636, 0.20770200716502643], [0.47541548150282276, -0.05409972571500246, 0.8780964295708072]], "trans": [139.80370368504322, 108.63757259969648, -214.6714992280929]}], "rb_ScNup133C_490_881_renamed_relative_3CQC_1.pdb_8": [{"rot": [[0.40621990436836697, 0.9027052933601855, -0.14180459313595953], [-0.756908633471353, 0.4193491021685085, 0.501234128015036], [0.5119323293868855, -0.09627815873792941, 0.8536133822044674]], "trans": [-144.25866272458802, 104.6010909204424, -191.96909201640364]}], "rb_ScNup133C_490_881_renamed_relative_3CQC_1.pdb_9": [{"rot": [[-0.23550599029175945, 0.9336991639985128, 0.26970873119937055], [-0.7920122335745907, -0.34521795967785995, 0.5035287302468864], [0.563252652372702, -0.09502858235463732, 0.820802057825626]], "trans": [-348.03928411023765, 303.251435814973, -176.65180411174288]}], "rb_ScNup133C_490_881_renamed_relative_3CQC_1.pdb_10": [{"rot": [[-0.7141855646096489, 0.4166848633261092, 0.5624168418336142], [-0.36161273260257065, -0.907614593397567, 0.21324160351926819], [0.5993122816386267, -0.0510830160294856, 0.7988837928950822]], "trans": [-352.15868581816704, 588.2165510693892, -177.66871384123414]}], "rb_ScNup133C_490_881_renamed_relative_3CQC_1.pdb_11": [{"rot": [[-0.7494015745678844, -0.3454633414214918, 0.5648472003728718], [0.2821557731423344, -0.9383809211650733, -0.19957296028229293], [0.5989869779199085, 0.009814607851766577, 0.8006986160566838]], "trans": [-154.20175090504318, 792.5599709547078, -194.4000962457274]}], "rb_ScNup133C_490_881_renamed_relative_3CQC_1.pdb_12": [{"rot": [[-0.3205239849871911, -0.9062682856134586, 0.27557606851679084], [0.7621646158588279, -0.41949359436895217, -0.4930823689974929], [0.5624673087217547, 0.05198960256298499, 0.8251833783133581]], "trans": [129.8674703035074, 796.5745556550683, -217.02046669899227]}], "rb_ScNup133C_490_881_renamed_relative_3CQC_1.pdb_13": [{"rot": [[0.3212046649820477, -0.9372025255924245, -0.13593744597037732], [0.7972178473589061, 0.34507587464232103, -0.4953446725183049], [0.5111470111877796, 0.050735261534912535, 0.8579945606999975]], "trans": [333.63913598676083, 597.908621642535, -232.25448834109625]}], "rb_ScNup133C_490_881_renamed_relative_3CQC_1.pdb_14": [{"rot": [[0.7998506838138874, -0.4201443474059268, -0.42862292396149526], [0.36678079037925865, 0.907431910492429, -0.20503458154375737], [0.4750902392295807, 0.006786395428002467, 0.8799109099368364]], "trans": [337.74284454624456, 312.94359104649925, -231.15385159320255]}], "rb_ScNup84_506-726_ScNup133C_882_1155_renamed_relative_3CQC_new_1.pdb_14": [{"rot": [[0.9794507486382555, 0.1736418655364547, 0.10259012391542556], [-0.19212152192788737, 0.9580572816604831, 0.21263952094904656], [-0.06136409213925419, -0.22797970872502557, 0.9717302612379526]], "trans": [-70.50979054294146, 65.47806674611456, 112.76702191946524]}], "rb_ScNup84_506-726_ScNup133C_882_1155_renamed_relative_3CQC_new_1.pdb_15": [{"rot": [[0.5577170011585151, 0.7940155424922627, 0.24184926069655874], [-0.829665146153797, 0.5419341960508484, 0.13402638698525257], [-0.024647350290708275, -0.2754026968485237, 0.9610129357569588]], "trans": [-317.3126035522505, 241.1645483109381, 131.6251749303085]}], "rb_ScNup84_506-726_ScNup133C_882_1155_renamed_relative_3CQC_new_1.pdb_16": [{"rot": [[-0.1900035725792819, 0.9395245383621392, 0.2849425981184986], [-0.9811345672581361, -0.19225486681472226, -0.020323068598149224], [0.03568757960833459, -0.2834284883378241, 0.9583291129148881]], "trans": [-368.05153111279134, 540.4163578377678, 134.25461856723675]}], "rb_ScNup84_506-726_ScNup133C_882_1155_renamed_relative_3CQC_new_1.pdb_17": [{"rot": [[-0.8256857176194443, 0.5249276316886685, 0.20662545150341508], [-0.5577968626391446, -0.814411601843791, -0.15998875839307847], [0.08429564490050354, -0.24735546137483438, 0.965251013974527]], "trans": [-193.00108070145643, 787.9276826504513, 119.1389925737688]}], "rb_ScNup84_506-726_ScNup133C_882_1155_renamed_relative_3CQC_new_1.pdb_18": [{"rot": [[-0.9769378702791999, -0.20689846378244584, 0.052777109610191476], [0.19235077127573644, -0.9600678212463656, -0.20315255203143942], [0.09270155556392534, -0.18831570378415427, 0.977723691696334]], "trans": [105.29363895870665, 838.7030155592188, 95.15724868839135]}], "rb_ScNup84_506-726_ScNup133C_882_1155_renamed_relative_3CQC_new_1.pdb_19": [{"rot": [[-0.5551543868751115, -0.8272397025762789, -0.08647589961850119], [0.8298612734575318, -0.5438960579437245, -0.12452849059039003], [0.05598101060862717, -0.14089553802298613, 0.9884404756061189]], "trans": [352.0892884744914, 662.9975674090995, 76.38223552293368]}], "rb_ScNup84_506-726_ScNup133C_882_1155_renamed_relative_3CQC_new_1.pdb_20": [{"rot": [[0.19257802086758946, -0.9726914401959367, -0.12955719990906467], [0.9812720028300651, 0.19030440109958235, 0.029824342138636578], [-0.004354576970893365, -0.13287436581855946, 0.9911233225828765]], "trans": [402.8114098801568, 363.7421839684316, 73.83662541859306]}], "rb_ScNup84_506-726_ScNup133C_882_1155_renamed_relative_3CQC_new_1.pdb_21": [{"rot": [[0.8282271654662804, -0.558045997874323, -0.05122915810495278], [0.5578844192356222, 0.8124285747495138, 0.1694838803680353], [-0.05295976923876834, -0.16895110294675547, 0.9842005830394797]], "trans": [227.74818261361565, 116.24500515284501, 89.03567756878132]}], "rb_4XMM.renamed.noAb_Nup145c_149-550_Sec13_Nup84_7-436_3IKO_updated_1.pdb_21": [{"rot": [[0.9994894952878958, -0.014275884011973689, 0.02858230125133389], [0.014488074705539582, 0.9998688987516114, -0.007230560183308288], [-0.028475331437439542, 0.007640971464049126, 0.9995652910413663]], "trans": [-2.686953836023804, -4.123882953965278, 12.190128861201117]}], "rb_4XMM.renamed.noAb_Nup145c_149-550_Sec13_Nup84_7-436_3IKO_updated_1.pdb_22": [{"rot": [[0.718231115113514, 0.6949274995189607, 0.03492614629644107], [-0.695799754198086, 0.717508379439784, 0.032317603431802684], [-0.0026014112859282235, -0.04751311235877013, 0.9988672268191111]], "trans": [-320.2871046241023, 138.3567909216373, 36.85283000714338]}], "rb_4XMM.renamed.noAb_Nup145c_149-550_Sec13_Nup84_7-436_3IKO_updated_1.pdb_23": [{"rot": [[0.018601169154288277, 0.9975599948606001, 0.06729081036672271], [-0.9983330957689703, 0.014853530856239694, 0.05577098271900812], [0.05463539510642094, -0.06821604851367026, 0.9961734509244577]], "trans": [-444.5122401818056, 464.3585240378189, 45.20942844108737]}], "rb_4XMM.renamed.noAb_Nup145c_149-550_Sec13_Nup84_7-436_3IKO_updated_1.pdb_24": [{"rot": [[-0.6895472554646291, 0.7163352191236281, 0.10671661690804442], [-0.7158836527947732, -0.6964705292654162, 0.049390257399215105], [0.10970495951599966, -0.04233976508971098, 0.9930620152587339]], "trans": [-302.5876111857559, 782.9050213058628, 32.38851587357743]}], "rb_4XMM.renamed.noAb_Nup145c_149-550_Sec13_Nup84_7-436_3IKO_updated_1.pdb_25": [{"rot": [[-0.9913708267086894, 0.01599861120410074, 0.1301073725446277], [-0.013914291506925464, -0.9997601368366702, 0.01691334633298542], [0.13034675463081855, 0.014957046227756059, 0.9913556427061636]], "trans": [22.34724690015554, 907.387369915717, 5.924768562714576]}], "rb_4XMM.renamed.noAb_Nup145c_149-550_Sec13_Nup84_7-436_3IKO_updated_1.pdb_26": [{"rot": [[-0.7100570408307677, -0.6931827692325511, 0.12376044281490761], [0.6963514384841575, -0.7173439633588152, -0.022634318052637565], [0.10446852582330565, 0.0701091054839191, 0.9920539503678953]], "trans": [339.94282596696695, 764.882171645793, -18.654972276774174]}], "rb_4XMM.renamed.noAb_Nup145c_149-550_Sec13_Nup84_7-436_3IKO_updated_1.pdb_27": [{"rot": [[-0.010403480122531172, -0.9957604700690726, 0.09139394864626334], [0.9988298578029066, -0.014665385323224311, -0.04608515633848809], [0.04723010441192811, 0.09080755872248233, 0.9947478597695485]], "trans": [464.1490710389391, 438.8710977610872, -26.92754298558367]}], "rb_4XMM.renamed.noAb_Nup145c_149-550_Sec13_Nup84_7-436_3IKO_updated_1.pdb_28": [{"rot": [[0.6977229344379287, -0.714480207809848, 0.05196863869025449], [0.7163248434666862, 0.6966365784889023, -0.039701336799895036], [-0.007837435278787126, 0.06492696018810475, 0.9978592407995123]], "trans": [322.20612578411897, 120.33614889458215, -14.0227500980601]}], "rb_4XMM.renamed.noAb_Seh1_Nup85_47_544_3F3F_1.pdb_28": [{"rot": [[0.7202299510208935, -0.669466691700257, 0.1818877850663792], [0.3021213938972801, 0.538704142975626, 0.7864607489827191], [-0.6244929791454863, -0.511480395562536, 0.5902510685743702]], "trans": [433.9816015335583, -120.11346663743961, 693.3981612551635]}], "rb_4XMM.renamed.noAb_Seh1_Nup85_47_544_3F3F_1.pdb_29": [{"rot": [[0.7112481187736595, -0.10494369068765068, 0.6950632599452973], [-0.3299323411934197, 0.823272736780386, 0.4619162814934766], [-0.6207018316193034, -0.5578609348744421, 0.5509268677106374]], "trans": [-79.01905992327556, -212.1706594744678, 734.7766305002365]}], "rb_4XMM.renamed.noAb_Seh1_Nup85_47_544_3F3F_1.pdb_30": [{"rot": [[0.2593641299752061, 0.4949714000453823, 0.829297028343474], [-0.770308998169514, 0.623964232676937, -0.13150164895908711], [-0.5825412392451561, -0.6047081523156385, 0.5431148636354215]], "trans": [-506.78814112393405, 86.66342552954771, 767.4597443941857]}], "rb_4XMM.renamed.noAb_Seh1_Nup85_47_544_3F3F_1.pdb_31": [{"rot": [[-0.37070200317209034, 0.7788398615446526, 0.5059530560371232], [-0.7610297220635438, 0.05753636261898726, -0.6461604515230408], [-0.5323662151001723, -0.6245782873633066, 0.571391438485242]], "trans": [-598.7305694177635, 601.3276846138358, 772.3252788872164]}], "rb_4XMM.renamed.noAb_Seh1_Nup85_47_544_3F3F_1.pdb_32": [{"rot": [[-0.8098486559380661, 0.5803675465185799, -0.0855491988466853], [-0.3075304436561793, -0.5441894404805482, -0.7805657429673041], [-0.499569995796324, -0.605831134737618, 0.619191776013368]], "trans": [-300.9832605827355, 1030.3246548359464, 746.5469401704615]}], "rb_4XMM.renamed.noAb_Seh1_Nup85_47_544_3F3F_1.pdb_33": [{"rot": [[-0.800817527164609, 0.015822335569080193, -0.5986993752152224], [0.3245225654217195, -0.828713716832138, -0.45598100844921857], [-0.5033650690284975, -0.5594490407815532, 0.6585137645110644]], "trans": [212.03112696779925, 1122.3419789776665, 705.2500474399582]}], "rb_4XMM.renamed.noAb_Seh1_Nup85_47_544_3F3F_1.pdb_34": [{"rot": [[-0.34889917942612586, -0.5840772266421557, -0.7328868643343128], [0.7648637405048919, -0.6293581335567244, 0.13744743790576466], [-0.5415282273867531, -0.5126032901220997, 0.6663220286763428]], "trans": [639.7834448431374, 823.474727907686, 672.6509076446093]}], "rb_4XMM.renamed.noAb_Seh1_Nup85_47_544_3F3F_1.pdb_35": [{"rot": [[0.2811662471234768, -0.8679015179879583, -0.40950274303439665], [0.7555350124190465, -0.06290800225076915, 0.6520808448818028], [-0.5917029546042918, -0.49273678402064963, 0.6380423772646582]], "trans": [731.6922672634876, 308.803668126219, 667.8705614255882]}], "rb_4XMM.renamed.noAb_Nup120_715-1036_Nup85_553-744_Nup145c_92-99_554-712_remaining_updated_1.pdb_35": [{"rot": [[0.9867034464267348, -0.10620379145918277, 0.1230327740453664], [0.09351451441175318, 0.990097854228311, 0.10469610616841632], [-0.13293360900817286, -0.09179865866225231, 0.9868645610537818]], "trans": [26.901175873145917, -77.77322553969498, 124.13852034989696]}], "rb_4XMM.renamed.noAb_Nup120_715-1036_Nup85_553-744_Nup145c_92-99_554-712_remaining_updated_1.pdb_36": [{"rot": [[0.7628143320770536, 0.6209016343058322, 0.18054211501526515], [-0.6369257330722549, 0.7696591083890266, 0.04416409655115377], [-0.11153432354306611, -0.14868092476896796, 0.9825752272887992]], "trans": [-349.0197504859019, 71.87483843436368, 153.41487569596708]}], "rb_4XMM.renamed.noAb_Nup120_715-1036_Nup85_553-744_Nup145c_92-99_554-712_remaining_updated_1.pdb_37": [{"rot": [[0.08956016379116788, 0.9798456842110347, 0.17855366754762536], [-0.9943983692529349, 0.09807288099548944, -0.03941564715119798], [-0.056132524340192766, -0.1740234040186932, 0.9831403737844071]], "trans": [-509.4467912877287, 444.3127517231491, 164.43105619748002]}], "rb_4XMM.renamed.noAb_Nup120_715-1036_Nup85_553-744_Nup145c_92-99_554-712_remaining_updated_1.pdb_38": [{"rot": [[-0.6386572737652779, 0.760353872710854, 0.11823229220609975], [-0.769490883491475, -0.6312361465793603, -0.09708093260341502], [0.0008166334620353238, -0.1529801147379817, 0.9882289297549135]], "trans": [-360.3976106700849, 821.3612501426934, 150.75763288969074]}], "rb_4XMM.renamed.noAb_Nup120_715-1036_Nup85_553-744_Nup145c_92-99_554-712_remaining_updated_1.pdb_39": [{"rot": [[-0.9952379378058482, 0.09100759781663799, 0.03491510119714633], [-0.0939572521424875, -0.9910284627248866, -0.09505062250706377], [0.02595153023994785, -0.09787851249785308, 0.9948599473641564]], "trans": [10.814593107030305, 982.1401237301787, 120.42869484275752]}], "rb_4XMM.renamed.noAb_Nup120_715-1036_Nup85_553-744_Nup145c_92-99_554-712_remaining_updated_1.pdb_40": [{"rot": [[-0.7712918475482139, -0.6360806548561053, -0.022589520213796788], [0.6364653985255886, -0.7705326555713826, -0.034514101143959176], [0.004547789058999144, -0.04099789282316623, 0.9991488829992924]], "trans": [386.73039031817365, 832.4629581511182, 91.23536650378685]}], "rb_4XMM.renamed.noAb_Nup120_715-1036_Nup85_553-744_Nup145c_92-99_554-712_remaining_updated_1.pdb_41": [{"rot": [[-0.09800978030517038, -0.9949723349473207, -0.02059455398903722], [0.9938851807920202, -0.09891827794025232, 0.049065483706440885], [-0.05085597670426036, -0.01565972473609011, 0.9985832176912669]], "trans": [547.1349198835806, 460.01286424494003, 80.30351614086379]}], "rb_4XMM.renamed.noAb_Nup120_715-1036_Nup85_553-744_Nup145c_92-99_554-712_remaining_updated_1.pdb_42": [{"rot": [[0.6301901356551596, -0.7754236358868848, 0.039731320527937035], [0.7689205465862016, 0.6303734979894637, 0.10672603276662565], [-0.107803459872616, -0.036707464370203946, 0.9934943261534017]], "trans": [398.06286001923274, 82.97647536338661, 94.0611807368654]}], "rb_4XMM.renamed.noAb_Nup120_2-711_3F7F_updated_1.pdb_42": [{"rot": [[0.9975100588391842, 0.06997024692594457, 0.008823098082275427], [-0.07045217802346922, 0.9943183030652368, 0.07979726061223692], [-0.003189533883894079, -0.08022017660532917, 0.9967720652882549]], "trans": [-42.9947958534043, 21.45962267000857, 51.17121888665764]}], "rb_4XMM.renamed.noAb_Nup120_2-711_3F7F_updated_1.pdb_43": [{"rot": [[0.6574456862270562, 0.7490030808675583, 0.08221650997422048], [-0.7530095176575651, 0.6491491953622149, 0.10761964726624157], [0.027236666069040103, -0.13266388736764406, 0.9907867868567629]], "trans": [-330.0563032590684, 187.0996730297758, 73.28711975602457]}], "rb_4XMM.renamed.noAb_Nup120_2-711_3F7F_updated_1.pdb_44": [{"rot": [[-0.06423459694710487, 0.98602058286985, 0.15374435505749015], [-0.994228086703515, -0.07649836665838516, 0.07522307829693199], [0.08593269555245012, -0.1480250318547504, 0.9852431993063892]], "trans": [-416.35453843864417, 507.8081706226063, 78.6464634753566]}], "rb_4XMM.renamed.noAb_Nup120_2-711_3F7F_updated_1.pdb_45": [{"rot": [[-0.7447603051078826, 0.6421745583130993, 0.18150461313968952], [-0.6527986462323785, -0.7575298095342712, 0.0015859205981522892], [0.13851359288093873, -0.11730483503396416, 0.9833888143887274]], "trans": [-251.3328650795563, 795.7096723639836, 64.13367582830944]}], "rb_4XMM.renamed.noAb_Nup120_2-711_3F7F_updated_1.pdb_46": [{"rot": [[-0.9854698830022083, -0.08110514338840294, 0.14923493361662704], [0.07126462337274209, -0.9949873114854045, -0.07015414056622886], [0.15417672700882484, -0.05849962135767698, 0.9863099569353709]], "trans": [68.33860709811086, 882.1475359178135, 38.274557350015414]}], "rb_4XMM.renamed.noAb_Nup120_2-711_3F7F_updated_1.pdb_47": [{"rot": [[-0.6453522658945381, -0.7601110747341226, 0.07583934975539422], [0.7537952494850657, -0.6497649197180344, -0.09797076583125461], [0.12374641311380175, -0.0060583141509708074, 0.9922953804543861]], "trans": [355.39373566418584, 716.4853588355659, 16.241749159816322]}], "rb_4XMM.renamed.noAb_Nup120_2-711_3F7F_updated_1.pdb_48": [{"rot": [[0.0763468504550539, -0.9970719871581055, 0.0043140294596335504], [0.994957167646165, 0.07590122103479041, -0.06556858390225662], [0.06504915814299979, 0.009298229402034366, 0.9978387394538619]], "trans": [441.6734921666134, 395.7704970838978, 10.96638585931288]}], "rb_4XMM.renamed.noAb_Nup120_2-711_3F7F_updated_1.pdb_49": [{"rot": [[0.7568459477314357, -0.6531728370135174, -0.02344048613438221], [0.6534743258142223, 0.75690565362748, 0.008070750175992878], [0.012470641689609846, -0.021426070439276045, 0.9996926560705438]], "trans": [276.63589204096854, 107.88235555166705, 25.562854553749105]}]}
