{"rb_ScNup133N_56-480_renamed_1.pdb_0": [{"rot": [[0.629262358772628, -0.0018090928806536177, 0.7771908459412369], [0.5646200293077643, 0.6882432114680299, -0.4555496727829687], [-0.5340721920643365, 0.7254777798465779, 0.43410699673291675]], "trans": [10.344252592134126, -148.44377362257728, 372.6382937154709]}], "rb_ScNup133N_56-480_renamed_1.pdb_1": [{"rot": [[0.8336037196888354, 0.49826377639068237, 0.23840731460639306], [-0.07500076303444975, 0.5297185474265503, -0.8448509608543711], [-0.5472474066317591, 0.6863901730424173, 0.4789455149446672]], "trans": [-405.6670577349174, 47.88580133333326, 404.88297331077587]}], "rb_ScNup133N_56-480_renamed_1.pdb_2": [{"rot": [[0.5272834010867516, 0.7402554764808745, -0.41712593359614863], [-0.6720478185109758, 0.06294106447320383, -0.7378279962414112], [-0.519926864638695, 0.669373028992841, 0.5306748566532269]], "trans": [-561.5471936674394, 481.75743186585544, 415.2378332958921]}], "rb_ScNup133N_56-480_renamed_1.pdb_3": [{"rot": [[-0.11025183528003002, 0.5824038573941176, -0.8053882788505398], [-0.876762553660183, -0.438644406315429, -0.19717634063816264], [-0.46811532480432333, 0.6843952306238219, 0.5589912441020036]], "trans": [-365.9774603269804, 899.003116014227, 397.6608555891993]}], "rb_ScNup133N_56-480_renamed_1.pdb_4": [{"rot": [[-0.7055248587010163, 0.1171806232992626, -0.6989301648076897], [-0.5692201901538998, -0.6812020237962296, 0.4603826429146477], [-0.4221647177063309, 0.7226565604068881, 0.5473065382624409]], "trans": [66.47654830164254, 1055.1945656353646, 362.47288646785034]}], "rb_ScNup133N_56-480_renamed_1.pdb_5": [{"rot": [[-0.9098163387065631, -0.3828798956233234, -0.16011625573330857], [0.070416619118567, -0.5226381155865383, 0.8496416302701156], [-0.4089935568862815, 0.7617429918703696, 0.5024658045697069]], "trans": [482.4790897015242, 858.8327440369459, 330.3115392946825]}], "rb_ScNup133N_56-480_renamed_1.pdb_6": [{"rot": [[-0.6034494457995533, -0.624835196535473, 0.49540866316071347], [0.6674396124063959, -0.05584165486669801, 0.7425672180836863], [-0.4363176940659275, 0.7787571423442753, 0.4507373770753499]], "trans": [638.3319228240439, 424.94929180818883, 320.04138961991924]}], "rb_ScNup133N_56-480_renamed_1.pdb_7": [{"rot": [[0.03410177438189696, -0.4669444525931062, 0.883628851484902], [0.8721043022173718, 0.44573140984351256, 0.2018851067633819], [-0.4881302644150982, 0.7637318825814694, 0.4224244979763926]], "trans": [442.7361738403466, 7.719369816554604, 337.70284083333377]}], "rb_ScNup133C_490_881_renamed_relative_3CQC_1.pdb_7": [{"rot": [[0.8364982746876246, 0.3230723682590803, -0.4426001370448277], [-0.24615915301772423, 0.943172517640732, 0.2232291946696127], [0.4895674701511812, -0.07778076134055531, 0.8684894042733393]], "trans": [147.55071313115013, 83.03141049470179, -214.78003625651343]}], "rb_ScNup133C_490_881_renamed_relative_3CQC_1.pdb_8": [{"rot": [[0.42916738992251796, 0.8924287858066007, -0.13923438401075272], [-0.7353942168033027, 0.4347472887570046, 0.5197981731505934], [0.5244146234796986, -0.12068826447585515, 0.8428663271827008]], "trans": [-156.8207069784251, 81.02891356189909, -190.4687680067659]}], "rb_ScNup133C_490_881_renamed_relative_3CQC_1.pdb_9": [{"rot": [[-0.2038233499108792, 0.9367867142935218, 0.2844058613219118], [-0.7922529829476321, -0.32849339406621264, 0.5142249518114057], [0.5751445496931097, -0.12051033971411385, 0.8091266927869223]], "trans": [-373.5335261367174, 295.52324565668573, -174.19779234231368]}], "rb_ScNup133C_490_881_renamed_relative_3CQC_1.pdb_10": [{"rot": [[-0.6916590442487307, 0.4301606537654135, 0.5801461699098317], [-0.38342678453476114, -0.8994323771374512, 0.20977440229496658], [0.6120389427236385, -0.07735121788949857, 0.7870356546438955]], "trans": [-375.6324058907853, 600.8607194630321, -175.47487132696273]}], "rb_ScNup133C_490_881_renamed_relative_3CQC_1.pdb_11": [{"rot": [[-0.7485586648646336, -0.3306607060929045, 0.5747376990438527], [0.25158822695565214, -0.9436055539339188, -0.21520205073924564], [0.6134845469230595, -0.016494121110486717, 0.7895344543814438]], "trans": [-161.8858795472276, 818.1704543619799, -193.5278691835058]}], "rb_ScNup133C_490_881_renamed_relative_3CQC_1.pdb_12": [{"rot": [[-0.3411896117171408, -0.8999774850952555, 0.2713488072167043], [0.7407913040808616, -0.4351356546464513, -0.5117472089358015], [0.5786345069683326, 0.026410005244711987, 0.8151592598802342]], "trans": [142.4922372751418, 820.1494603776423, -217.75708031912313]}], "rb_ScNup133C_490_881_renamed_relative_3CQC_1.pdb_13": [{"rot": [[0.29180557995629636, -0.9442758867354789, -0.1522910149558949], [0.7976003864975326, 0.32810848429677203, -0.5061407373364285], [0.5279044676505003, 0.026227319009040656, 0.8488986987693183]], "trans": [359.19486534959594, 605.6385246772395, -233.9446863175068]}], "rb_ScNup133C_490_881_renamed_relative_3CQC_1.pdb_14": [{"rot": [[0.7796094016411764, -0.4376052827252687, -0.448007586323744], [0.38873591271791724, 0.8990076845604528, -0.2016669860552886], [0.491012801295503, -0.016935159644768702, 0.8709877320213825]], "trans": [361.2764629823273, 300.30129479344, -232.5837544383727]}], "rb_ScNup84_506-726_ScNup133C_882_1155_renamed_relative_3CQC_new_1.pdb_14": [{"rot": [[0.9799134710264159, 0.1939474759152152, 0.04641083803466568], [-0.19924059186705653, 0.9620905778199489, 0.18623884294782084], [-0.008530876474779538, -0.1917448738720154, 0.9814077274458248]], "trans": [-59.729952358611285, 75.27200355962901, 67.17566734358283]}], "rb_ScNup84_506-726_ScNup133C_882_1155_renamed_relative_3CQC_new_1.pdb_15": [{"rot": [[0.5540706345918204, 0.811970801975716, 0.18360051367556487], [-0.8319820013882634, 0.5325625734391396, 0.15550901818821258], [0.028490020164932378, -0.23891530321600343, 0.9706223759218661]], "trans": [-303.6669954717768, 237.86657565061535, 85.86909907040575]}], "rb_ScNup84_506-726_ScNup133C_882_1155_renamed_relative_3CQC_new_1.pdb_16": [{"rot": [[-0.1931715204935559, 0.9463681992589011, 0.2589826154429544], [-0.9771423206299809, -0.20943411571163373, 0.03647240614412818], [0.08875612037523908, -0.24601744370583062, 0.9651931249694982]], "trans": [-361.60717531156126, 525.8319191094743, 89.12744109136185]}], "rb_ScNup84_506-726_ScNup133C_882_1155_renamed_relative_3CQC_new_1.pdb_17": [{"rot": [[-0.8240680036663127, 0.5184077774329794, 0.22839724523386276], [-0.5496845878199099, -0.8292273669745308, -0.10113766743277784], [0.13696269290093002, -0.20889076130237533, 0.9683005063490571]], "trans": [-199.6064042320196, 770.4739922218428, 75.0659156091391]}], "rb_ScNup84_506-726_ScNup133C_882_1155_renamed_relative_3CQC_new_1.pdb_18": [{"rot": [[-0.9690307594434364, -0.2212052141544767, 0.10976174417049561], [0.19998043000777754, -0.963733554674904, -0.17670728113911655], [0.1448696478437827, -0.1492845900438035, 0.9781241722343192]], "trans": [87.43489519684431, 828.4781359004439, 51.94596741991944]}], "rb_ScNup84_506-726_ScNup133C_882_1155_renamed_relative_3CQC_new_1.pdb_19": [{"rot": [[-0.5431385615158317, -0.8391950564883537, -0.02742553846366149], [0.8326883951328705, -0.534157057520628, -0.14596668973416152], [0.10784497951020944, -0.10211706550040131, 0.9889092806360091]], "trans": [331.36579582654355, 665.8648217151067, 33.335593065403714]}], "rb_ScNup84_506-726_ScNup133C_882_1155_renamed_relative_3CQC_new_1.pdb_20": [{"rot": [[0.20411493549051946, -0.97353458627269, -0.10279835816083421], [0.9777900604027817, 0.2078501554267121, -0.02692416510527422], [0.04757826065784093, -0.09501958861178973, 0.9943377629823886]], "trans": [389.29004998176583, 377.89533875851157, 30.161017149932036]}], "rb_ScNup84_506-726_ScNup133C_882_1155_renamed_relative_3CQC_new_1.pdb_21": [{"rot": [[0.8349780967549892, -0.5455258127724515, -0.07220225438566108], [0.5502828243689167, 0.8276097965208621, 0.11068350332034593], [-0.0006254150488695584, -0.13214996141374158, 0.991229537773347]], "trans": [227.27672618566191, 133.2663873115206, 44.30595590749513]}], "rb_4XMM.renamed.noAb_Nup145c_149-550_Sec13_Nup84_7-436_3IKO_updated_1.pdb_21": [{"rot": [[0.9972191371906983, -0.05654378835637006, 0.048546806475298646], [0.0564337076035708, 0.9983997266306478, 0.0036362769371013717], [-0.04867472718726572, -0.0008864886680885237, 0.9988142895809448]], "trans": [8.731332517007559, -31.65455480926022, 26.720993252021515]}], "rb_4XMM.renamed.noAb_Nup145c_149-550_Sec13_Nup84_7-436_3IKO_updated_1.pdb_22": [{"rot": [[0.745793477494202, 0.6637576754077045, 0.056725984032600596], [-0.6657034053715781, 0.7457672467746091, 0.025888022614809564], [-0.025121007220864886, -0.05706979915490332, 0.9980540932337433]], "trans": [-331.31377929857706, 111.67962659092296, 53.168544054758456]}], "rb_4XMM.renamed.noAb_Nup145c_149-550_Sec13_Nup84_7-436_3IKO_updated_1.pdb_23": [{"rot": [[0.05891371001822471, 0.9951956793257161, 0.07819676862451161], [-0.9977740397926319, 0.056252281250178504, 0.03581405268945056], [0.031243243874163572, -0.08013264444393237, 0.9962944439304289]], "trans": [-470.8140921790059, 454.2060788248675, 62.6622681442293]}], "rb_4XMM.renamed.noAb_Nup145c_149-550_Sec13_Nup84_7-436_3IKO_updated_1.pdb_24": [{"rot": [[-0.6610363124450841, 0.7436091674266385, 0.1003812718990275], [-0.7452465358197919, -0.6662175809774179, 0.027599558786275638], [0.08739905307041156, -0.0565644845787439, 0.9945661690439387]], "trans": [-328.04644254524885, 795.2680933461313, 49.664612988499016]}], "rb_4XMM.renamed.noAb_Nup145c_149-550_Sec13_Nup84_7-436_3IKO_updated_1.pdb_25": [{"rot": [[-0.9922997154414017, 0.056381065750769496, 0.11028349903644065], [-0.056055065918154304, -0.9984093077901972, 0.006056707258128691], [0.1104495555438073, -0.00017187991941941452, 0.9938817163714547]], "trans": [13.355780762643178, 935.0668498689329, 21.81379314591834]}], "rb_4XMM.renamed.noAb_Nup145c_149-550_Sec13_Nup84_7-436_3IKO_updated_1.pdb_26": [{"rot": [[-0.7408177266815028, -0.6639007138239333, 0.10210258575825178], [0.6660622892441762, -0.745720301717885, -0.01619439571559525], [0.0868914419333507, 0.05600958658888308, 0.9946420479393001]], "trans": [353.3962548988222, 791.7063824549274, -4.550783521982282]}], "rb_4XMM.renamed.noAb_Nup145c_149-550_Sec13_Nup84_7-436_3IKO_updated_1.pdb_27": [{"rot": [[-0.05391204107697839, -0.9952849488495176, 0.08063102641370122], [0.998079001158399, -0.05617934543262809, -0.026118740272336793], [0.030525387361449236, 0.07906801970692226, 0.9964017507943566]], "trans": [492.8763888828934, 449.16939109300966, -13.960371361429509]}], "rb_4XMM.renamed.noAb_Nup145c_149-550_Sec13_Nup84_7-436_3IKO_updated_1.pdb_28": [{"rot": [[0.6660183053748746, -0.7436420819302817, 0.05844716321581338], [0.745494998549524, 0.6662707463461871, -0.017902505437498464], [-0.025628578642307845, 0.0554954641902438, 0.998129966192321]], "trans": [350.08866689636227, 108.11899188974849, -0.8786962396995932]}], "rb_4XMM.renamed.noAb_Seh1_Nup85_47_544_3F3F_1.pdb_28": [{"rot": [[0.5946522791129173, -0.7748370757291052, 0.21451380613233662], [0.23520229967136158, 0.42279796282266774, 0.8751695612064585], [-0.7688098238024251, -0.4699674336680902, 0.43366123427891634]], "trans": [538.1872522778526, -54.09248431526771, 781.5269271650511]}], "rb_4XMM.renamed.noAb_Seh1_Nup85_47_544_3F3F_1.pdb_29": [{"rot": [[0.5721905599900844, -0.26053716988817643, 0.7776363842856715], [-0.29706073896505325, 0.817967849223752, 0.49262918610432066], [-0.7644297746842215, -0.5128830088265046, 0.39063811748637833]], "trans": [43.14303240107961, -233.85147275693055, 821.9008674780886]}], "rb_4XMM.renamed.noAb_Seh1_Nup85_47_544_3F3F_1.pdb_30": [{"rot": [[0.18111316254381266, 0.38181392313909235, 0.9063201147776171], [-0.6573413525700743, 0.7324605048161901, -0.1772116110353845], [-0.7315055492303001, -0.5636663347952815, 0.38364031913203517]], "trans": [-433.74468905274483, -9.744225198972025, 858.8626224952486]}], "rb_4XMM.renamed.noAb_Seh1_Nup85_47_544_3F3F_1.pdb_31": [{"rot": [[-0.349481259610568, 0.7759178759069156, 0.5251802538453917], [-0.6345820777372286, 0.21636733760748805, -0.741950646492978], [-0.6893246229431468, -0.5925678231770154, 0.4167672481608179]], "trans": [-613.1064473998341, 486.9441896221448, 870.7834798679203]}], "rb_4XMM.renamed.noAb_Seh1_Nup85_47_544_3F3F_1.pdb_32": [{"rot": [[-0.708763012593669, 0.6909030360181684, -0.14250609390486768], [-0.24211561856937258, -0.42797699813783885, -0.8707558304770019], [-0.6625971771928367, -0.5826565745667002, 0.4706126824579663]], "trans": [-389.86768226040687, 965.2468117927402, 850.7040381642895]}], "rb_4XMM.renamed.noAb_Seh1_Nup85_47_544_3F3F_1.pdb_33": [{"rot": [[-0.6862597796352727, 0.17657229538892155, -0.705598851583556], [0.29014563937588966, -0.823106505285044, -0.48817127005652095], [-0.6669805265568866, -0.539738738148864, 0.513633207391587]], "trans": [105.1971034195355, 1144.9673379734859, 810.4111223556581]}], "rb_4XMM.renamed.noAb_Seh1_Nup85_47_544_3F3F_1.pdb_34": [{"rot": [[-0.29515427189799254, -0.46577214605676925, -0.8342303421346142], [0.6503955463104865, -0.7375487472212441, 0.18167960483184523], [-0.6999068431726096, -0.48895618763856863, 0.5206267928661634]], "trans": [582.0738911144686, 920.8230666634619, 773.5328955540213]}], "rb_4XMM.renamed.noAb_Seh1_Nup85_47_544_3F3F_1.pdb_35": [{"rot": [[0.2354383895980136, -0.8598358574633944, -0.453046424689216], [0.6275946272284434, -0.2214246649846018, 0.746388706781156], [-0.7420874265054511, -0.4600580571587075, 0.48749649790113403]], "trans": [761.4034479692582, 424.1209892254849, 761.6971479039628]}], "rb_4XMM.renamed.noAb_Nup120_715-1036_Nup85_553-744_Nup145c_92-99_554-712_remaining_updated_1.pdb_35": [{"rot": [[0.9996768534220877, -0.025286153190797668, 0.0026075254415449675], [0.02502843989340805, 0.9970171113845459, 0.07300997742035531], [-0.004445888957098653, -0.07292112220221411, 0.9973278016821518]], "trans": [10.253354755334726, -34.591339557556125, 42.55269156996849]}], "rb_4XMM.renamed.noAb_Nup120_715-1036_Nup85_553-744_Nup145c_92-99_554-712_remaining_updated_1.pdb_36": [{"rot": [[0.7262698278965323, 0.6835187431887109, 0.07303605135047178], [-0.6870946315835513, 0.7186112136340936, 0.10723288156345055], [0.02081115893474907, -0.12806268523290606, 0.9915477014822498]], "trans": [-331.9921795198924, 109.4422525132922, 69.1722267046593]}], "rb_4XMM.renamed.noAb_Nup120_715-1036_Nup85_553-744_Nup145c_92-99_554-712_remaining_updated_1.pdb_37": [{"rot": [[0.030900015195756803, 0.9886569490151353, 0.14697831889428087], [-0.9964945555218725, 0.01903423786973857, 0.08146348018582844], [0.07774181549314794, -0.14898031733354955, 0.985779425211861]], "trans": [-472.55598710295527, 454.0239423853802, 78.74071820552575]}], "rb_4XMM.renamed.noAb_Nup120_715-1036_Nup85_553-744_Nup145c_92-99_554-712_remaining_updated_1.pdb_38": [{"rot": [[-0.6790751436857667, 0.7113742008666534, 0.18111790515983636], [-0.7219204939395584, -0.6918917594704028, 0.010797851963059366], [0.13299529938393037, -0.12342017468097487, 0.9834021104428738]], "trans": [-329.09189422274386, 797.2930343249911, 65.67681373681688]}], "rb_4XMM.renamed.noAb_Nup120_715-1036_Nup85_553-744_Nup145c_92-99_554-712_remaining_updated_1.pdb_39": [{"rot": [[-0.9877421900255006, 0.014106642295395832, 0.15545535914460976], [-0.02422180360579822, -0.9976963050879125, -0.06336708170660048], [0.1542033406697533, -0.06635574923907188, 0.9858084216871]], "trans": [14.358724007066826, 938.1577709748836, 37.657537638541555]}], "rb_4XMM.renamed.noAb_Nup120_715-1036_Nup85_553-744_Nup145c_92-99_554-712_remaining_updated_1.pdb_40": [{"rot": [[-0.7142796158722758, -0.6946765594150195, 0.08502416214621944], [0.6878797851303582, -0.7192347843159606, -0.0975844569538997], [0.1289419697319994, -0.01121618604010595, 0.9915887078886828]], "trans": [356.59956611300123, 794.0977202079436, 11.12098182204926]}], "rb_4XMM.renamed.noAb_Nup120_715-1036_Nup85_553-744_Nup145c_92-99_554-712_remaining_updated_1.pdb_41": [{"rot": [[-0.018885652987347235, -0.9997602108594871, 0.01108390244620017], [0.9972251209548694, -0.019633882330199248, -0.07180925289397946], [0.07200965385133519, 0.00969698132612758, 0.9973567958886996]], "trans": [497.14303453279314, 449.5054078053396, 1.6366397512645676]}], "rb_4XMM.renamed.noAb_Nup120_715-1036_Nup85_553-744_Nup145c_92-99_554-712_remaining_updated_1.pdb_42": [{"rot": [[0.6910681101164174, -0.7224220073423525, -0.023050173265515003], [0.7225953443725014, 0.6912703281133942, -0.0011409474955182443], [0.016758146416307653, -0.015867475459170777, 0.9997336584066995]], "trans": [353.6586971424872, 106.24798591930198, 14.784577641663134]}], "rb_4XMM.renamed.noAb_Nup120_2-711_3F7F_updated_1.pdb_42": [{"rot": [[0.982862481736304, 0.13726705827931826, 0.12304103667676482], [-0.17448857229824896, 0.9080470540117845, 0.38079428283239114], [-0.05945653986290729, -0.3957376686794657, 0.9164369140621024]], "trans": [-105.03479144483038, 44.56423632936776, 299.1395697702418]}], "rb_4XMM.renamed.noAb_Nup120_2-711_3F7F_updated_1.pdb_43": [{"rot": [[0.5726044794276242, 0.7296548108174992, 0.37380204278507634], [-0.819491483237216, 0.5225449081580862, 0.2353306776850868], [-0.02361819301056678, -0.4410789906682632, 0.8971574582814206]], "trans": [-352.8484594644817, 261.4432557410795, 317.87787303670825]}], "rb_4XMM.renamed.noAb_Nup120_2-711_3F7F_updated_1.pdb_44": [{"rot": [[-0.17225654123720846, 0.8769520068104366, 0.44864558590510867], [-0.9843736505060225, -0.17014872167759454, -0.045364399047313486], [0.03655407214575873, -0.4494492076560207, 0.8925576785546883]], "trans": [-375.26608133300084, 590.5278130654056, 318.1047828381841]}], "rb_4XMM.renamed.noAb_Nup120_2-711_3F7F_updated_1.pdb_45": [{"rot": [[-0.815370491812344, 0.49286987195500453, 0.30372726318318904], [-0.5725447756800436, -0.7642441401573353, -0.29685581361438795], [0.08581049424855507, -0.4159449285112503, 0.90533219070272]], "trans": [-159.15318473207685, 839.0356513246772, 299.71137711472306]}], "rb_4XMM.renamed.noAb_Nup120_2-711_3F7F_updated_1.pdb_46": [{"rot": [[-0.9799921521441645, -0.19759086359238348, 0.023942271418168397], [0.17473997958052728, -0.911711874390303, -0.3718163493337988], [0.0952959667144525, -0.3601934323672944, 0.9279975053885767]], "trans": [168.8901616568903, 861.3874917012729, 273.49677718733585]}], "rb_4XMM.renamed.noAb_Nup120_2-711_3F7F_updated_1.pdb_47": [{"rot": [[-0.5696838324448792, -0.7899485654516961, -0.22680739624562035], [0.8197106689289985, -0.526163246367773, -0.22633306743756168], [0.059453766027766516, -0.314854731761378, 0.9472759616883467]], "trans": [416.6934534473233, 644.4894277368128, 254.84187022053146]}], "rb_4XMM.renamed.noAb_Nup120_2-711_3F7F_updated_1.pdb_48": [{"rot": [[0.17519006825836259, -0.9371917396301525, -0.3016290489204158], [0.9845343684583162, 0.16654192137900148, 0.0543678742252329], [-0.0007192412742124676, -0.3064888767841254, 0.951873968075391]], "trans": [439.09194162123674, 315.4035203595596, 254.69896865083848]}], "rb_4XMM.renamed.noAb_Nup120_2-711_3F7F_updated_1.pdb_49": [{"rot": [[0.8182719162116023, -0.5530632585652565, -0.15669110748402001], [0.5726550309700426, 0.7606071744410949, 0.3058479061452426], [-0.04997285907458233, -0.3399967032397664, 0.9390979475762888]], "trans": [222.96618932693215, 66.91305101758132, 273.175791133882]}]}
