{"rb_ScNup133N_56-480_renamed_1.pdb_0": [{"rot": [[-0.7634675661518366, -0.16201559191424522, 0.6251945484494142], [0.2072601112132124, -0.978285782264895, -0.000417753813232849], [0.6116866205289085, 0.1292589501544802, 0.7804688347851462]], "trans": [925.3732963848729, 267.3913633015396, -307.0107588588467]}], "rb_ScNup133N_56-480_renamed_1.pdb_1": [{"rot": [[-0.383045564087949, -0.801985684256366, 0.4583612746299495], [0.719850596926912, -0.5701177747559376, -0.3959556048489593], [0.5788706366162583, 0.17828259913739486, 0.7956909581667378]], "trans": [522.7589533057281, -342.1038813471333, -271.9131822457286]}], "rb_ScNup133N_56-480_renamed_1.pdb_2": [{"rot": [[0.2473738229004644, -0.9669640066242908, 0.06153699404997087], [0.8123053809191743, 0.17234929648840625, -0.5571855060298183], [0.528172471711053, 0.18781994008370861, 0.8281047700826188]], "trans": [-191.66526342224122, -487.3082262846532, -214.2214224320121]}], "rb_ScNup133N_56-480_renamed_1.pdb_3": [{"rot": [[0.7584820290022344, -0.5603039315805446, -0.33281303450441424], [0.4304631471148784, 0.8141677523474956, -0.3896567079024563], [0.48929182565888696, 0.1522838641905634, 0.8587218024777185]], "trans": [-799.3776609190711, -83.15880207017807, -167.7081208691991]}], "rb_ScNup133N_56-480_renamed_1.pdb_4": [{"rot": [[0.8508646604572384, 0.17976733500718858, -0.49367300397064423], [-0.20198753994792304, 0.9793512917388482, 0.008490057434064655], [0.4850055291342282, 0.09249190577483389, 0.8696061660748299]], "trans": [-944.3698346470503, 633.5880768797507, -159.5974205491509]}], "rb_ScNup133N_56-480_renamed_1.pdb_5": [{"rot": [[0.4704026691640315, 0.8197056101669554, -0.32680887610983245], [-0.7145481502331531, 0.5711330681991047, 0.40401480097621917], [0.5178245550780031, 0.04347103714306805, 0.8543816472092387]], "trans": [-541.7014115074151, 1243.0520995404506, -194.6166791790398]}], "rb_ScNup133N_56-480_renamed_1.pdb_6": [{"rot": [[-0.16002394586374796, 0.9846260291804849, 0.07002799019295469], [-0.8069534511311192, -0.1713469270452011, 0.5652135510581293], [0.5685230553440821, 0.03393837433400193, 0.8219669836981243]], "trans": [172.7406819391332, 1388.2007647897444, -252.22711638074333]}], "rb_ScNup133N_56-480_renamed_1.pdb_7": [{"rot": [[-0.671102384527556, 0.5779158852117435, 0.46436496325773], [-0.42507111446105006, -0.8131334438120229, 0.39765380697943603], [0.6074011336277427, 0.0694782856317322, 0.791351142473053]], "trans": [780.4281070573535, 984.004054723595, -298.6557208331529]}], "rb_ScNup133C_490_881_renamed_relative_3CQC_1.pdb_7": [{"rot": [[0.887061973470366, 0.32174031606162395, -0.33106528698041837], [-0.2320055899649353, 0.9306872489655489, 0.2828332562446672], [0.3991171024246929, -0.1740816292246416, 0.900222819594467]], "trans": [85.88622052407948, 61.857593671348724, -150.4814862689725]}], "rb_ScNup133C_490_881_renamed_relative_3CQC_1.pdb_8": [{"rot": [[0.47320412131329526, 0.88077867953914, -0.017515057562040443], [-0.7662315679763138, 0.4213108919861607, 0.48516627719822597], [0.434703397512226, -0.2161620918734714, 0.874246479105414]], "trans": [-214.19345947010288, 113.21936084160214, -126.77193862477861]}], "rb_ScNup133C_490_881_renamed_relative_3CQC_1.pdb_9": [{"rot": [[-0.1961173764703832, 0.917167520249931, 0.3469030332023159], [-0.8502608574434964, -0.3352829045094432, 0.4057608264028974], [0.4884613075217163, -0.21538132171176, 0.8455864457947935]], "trans": [-390.2543255878467, 362.3882334515486, -113.90988334917796]}], "rb_ScNup133C_490_881_renamed_relative_3CQC_1.pdb_10": [{"rot": [[-0.7288045490458717, 0.4095897422229612, 0.5487077294478107], [-0.43486791578362605, -0.8958708265616073, 0.09113373655144114], [0.528898690783073, -0.1721967049090969, 0.8310321712824363]], "trans": [-339.15552665990174, 663.3976894403568, -119.40608887640997]}], "rb_ScNup133C_490_881_renamed_relative_3CQC_1.pdb_11": [{"rot": [[-0.8128017398293159, -0.3446084353268997, 0.4696789946676165], [0.23660421473846754, -0.9320525651424734, -0.2744020068791926], [0.5323267580146898, -0.11190639889157936, 0.8391097547929524]], "trans": [-90.82954625205912, 839.912262051633, -140.0167956109379]}], "rb_ScNup133C_490_881_renamed_relative_3CQC_1.pdb_12": [{"rot": [[-0.3989022100993842, -0.9036070857966401, 0.15611297600113128], [0.7707976923059017, -0.42263234762885593, -0.47671041133335634], [0.4967372990965372, -0.0698293150175838, 0.8650872340119532]], "trans": [209.25266825570645, 788.5273425893972, -163.64395603552367]}], "rb_ScNup133C_490_881_renamed_relative_3CQC_1.pdb_13": [{"rot": [[0.27042585964475985, -0.9399369178601145, -0.20829893153595463], [0.85477444563164, 0.3339642797347008, -0.3972763609332983], [0.4429791208742398, -0.07061480230737952, 0.8937466353304916]], "trans": [385.300637784786, 539.3450581971713, -176.4224415292963]}], "rb_ScNup133C_490_881_renamed_relative_3CQC_1.pdb_14": [{"rot": [[0.8030806486212136, -0.43231540364390747, -0.41007909430052014], [0.439339708545243, 0.8945123446261793, -0.08263344242348307], [0.40254452214073233, -0.11380271123123332, 0.9082988773586087]], "trans": [334.18489284793753, 238.34002133731047, -170.8424302121718]}], "rb_ScNup84_506-726_ScNup133C_882_1155_renamed_relative_3CQC_new_1.pdb_14": [{"rot": [[0.9831730518019953, 0.16399470012152512, 0.08047663351806722], [-0.17514494154116117, 0.9714297322412583, 0.16015156811664355], [-0.05191338616285296, -0.17155178124906695, 0.9838063766246782]], "trans": [-62.44552210051677, 66.9359990113249, 86.36467613042976]}], "rb_ScNup84_506-726_ScNup133C_882_1155_renamed_relative_3CQC_new_1.pdb_15": [{"rot": [[0.572511042802532, 0.7977192253173441, 0.18940734787291802], [-0.8197400011957973, 0.5614390279792882, 0.11319252758546075], [-0.016044821864720157, -0.22006875157724523, 0.975352402094013]], "trans": [-311.089626033278, 234.99129417748705, 105.40672075452949]}], "rb_ScNup84_506-726_ScNup133C_882_1155_renamed_relative_3CQC_new_1.pdb_16": [{"rot": [[-0.1723482668808089, 0.9569948368996019, 0.23336014452061998], [-0.9840473070566368, -0.17788603733032854, 0.0027304207538289688], [0.04412450994358373, -0.229166838505086, 0.9723865423543361]], "trans": [-368.51019412759564, 530.1553603947656, 108.58862131642277]}], "rb_ScNup84_506-726_ScNup133C_882_1155_renamed_relative_3CQC_new_1.pdb_17": [{"rot": [[-0.8150557911192599, 0.5485156358172882, 0.18658685545051656], [-0.5718133226173872, -0.8134384159457976, -0.10652449268057555], [0.09334656630117581, -0.19351625442723447, 0.9766462398597726]], "trans": [-201.06753462454407, 779.5170426549245, 94.07038050334143]}], "rb_ScNup84_506-726_ScNup133C_882_1155_renamed_relative_3CQC_new_1.pdb_18": [{"rot": [[-0.9791044000378444, -0.1884255023788417, 0.07648793290325027], [0.1754694715382581, -0.9729025631856387, -0.15056914393359921], [0.10278637256278399, -0.13400161416973155, 0.9856361037499028]], "trans": [93.14999493675373, 836.9968682854224, 70.38099339197038]}], "rb_ScNup84_506-726_ScNup133C_882_1155_renamed_relative_3CQC_new_1.pdb_19": [{"rot": [[-0.5683921054466702, -0.8221180680634468, -0.03243912189818243], [0.8200322779065248, -0.5628621331522771, -0.10360155527163815], [0.06691395711908993, -0.08548743315185005, 0.9940897450008075]], "trans": [341.7875306113862, 668.9224617615512, 51.42204187369566]}], "rb_ScNup84_506-726_ScNup133C_882_1155_renamed_relative_3CQC_new_1.pdb_20": [{"rot": [[0.17648003943939888, -0.9813360211933091, -0.07638330437962956], [0.9842811161813123, 0.17647540867068018, 0.0068639976241306605], [0.0067438867380673825, -0.07639400266381731, 0.9970549013713652]], "trans": [399.191611551165, 373.7542970693071, 48.323951970325425]}], "rb_ScNup84_506-726_ScNup133C_882_1155_renamed_relative_3CQC_new_1.pdb_21": [{"rot": [[0.8191554294488608, -0.5728072398518165, -0.029601492830486444], [0.5719967009926308, 0.8119957056240055, 0.11611523630307011], [-0.0424753629530883, -0.11204838250289276, 0.9927945424509979]], "trans": [231.73603108329013, 124.4061637517076, 62.92563333150838]}], "rb_4XMM.renamed.noAb_Nup145c_149-550_Sec13_Nup84_7-436_3IKO_updated_1.pdb_21": [{"rot": [[0.9845624323984712, -0.026150818917716086, 0.17306920979636145], [0.02735561885338209, 0.9996152755088645, -0.004579419885077773], [-0.1728828702525286, 0.009243140119471391, 0.9848990189526932]], "trans": [-35.74477391297819, -15.393422445442411, 92.9822584363431]}], "rb_4XMM.renamed.noAb_Nup145c_149-550_Sec13_Nup84_7-436_3IKO_updated_1.pdb_22": [{"rot": [[0.7138653834590004, 0.6863617307172247, 0.13893807579561437], [-0.6844988114044794, 0.725790351466323, -0.06848169758588173], [-0.14784313134125313, -0.046216234433854794, 0.9879303964298122]], "trans": [-350.0709101211787, 158.3396170891371, 117.2319428309896]}], "rb_4XMM.renamed.noAb_Nup145c_149-550_Sec13_Nup84_7-436_3IKO_updated_1.pdb_23": [{"rot": [[0.020601880326104938, 0.9973517039350195, 0.06975056404746816], [-0.9956311896590069, 0.026821255637701158, -0.08943799206268822], [-0.09107193148943993, -0.06760324625288493, 0.9935470317961059]], "trans": [-449.95052996040306, 504.1086962667248, 123.55187544099348]}], "rb_4XMM.renamed.noAb_Nup145c_149-550_Sec13_Nup84_7-436_3IKO_updated_1.pdb_24": [{"rot": [[-0.6891045418495715, 0.7246367894660616, 0.0060376944779024985], [-0.723775781762165, -0.687826060176344, -0.05517181052723192], [-0.035826640044199096, -0.042389082257164555, 0.9984586208594406]], "trans": [-276.8708304869299, 819.357529956253, 108.26375553355149]}], "rb_4XMM.renamed.noAb_Nup145c_149-550_Sec13_Nup84_7-436_3IKO_updated_1.pdb_25": [{"rot": [[-0.9994978540969646, 0.027977229486560694, -0.014876635567770071], [-0.02818931882117503, -0.9995011218447913, 0.014243234723857209], [-0.01447072769276203, 0.014655444764900978, 0.9997878854931089]], "trans": [67.77757326318124, 919.4090231690204, 80.34758421412022]}], "rb_4XMM.renamed.noAb_Nup145c_149-550_Sec13_Nup84_7-436_3IKO_updated_1.pdb_26": [{"rot": [[-0.7287452775558493, -0.6845139828676957, 0.019259483343258964], [0.6836438414040035, -0.7256202836238952, 0.07814283143035311], [-0.03951478900896477, 0.0701128465559547, 0.9967561237320768]], "trans": [382.0967001698862, 745.651717250113, 56.18105316082466]}], "rb_4XMM.renamed.noAb_Nup145c_149-550_Sec13_Nup84_7-436_3IKO_updated_1.pdb_27": [{"rot": [[-0.03545748917533997, -0.9954494492734902, 0.08844863143363219], [0.9947217968059019, -0.02662680226327563, 0.09909369485727695], [-0.09628765975251113, 0.09149539519743208, 0.9911393843637973]], "trans": [481.95588713081173, 399.8752087800201, 49.94526191395971]}], "rb_4XMM.renamed.noAb_Nup145c_149-550_Sec13_Nup84_7-436_3IKO_updated_1.pdb_28": [{"rot": [[0.6742277492534448, -0.7226787893202322, 0.1521588301850209], [0.7228106949109172, 0.6879990850479294, 0.06482251380196243], [-0.15153099174435414, 0.06627689220121984, 0.9862280325062336]], "trans": [308.85812774897533, 84.64036866447077, 65.31722981178228]}], "rb_4XMM.renamed.noAb_Seh1_Nup85_47_544_3F3F_1.pdb_28": [{"rot": [[0.7169427858787285, -0.6674377157865633, 0.20129564655516538], [0.25332743267657387, 0.5184383964438344, 0.8167293559963675], [-0.6494753679932314, -0.5345545104461846, 0.5407709512646703]], "trans": [426.66399730333615, -95.9185691873256, 730.1331035192579]}], "rb_4XMM.renamed.noAb_Seh1_Nup85_47_544_3F3F_1.pdb_29": [{"rot": [[0.6740245946841421, -0.118248558379919, 0.7291831897417468], [-0.36355683226116536, 0.8061838323983188, 0.46679123609573664], [-0.6430530891591334, -0.5797283043121405, 0.5003976595691326]], "trans": [-66.42345125384901, -187.78936682014762, 769.9234594921827]}], "rb_4XMM.renamed.noAb_Seh1_Nup85_47_544_3F3F_1.pdb_30": [{"rot": [[0.20882802926271896, 0.47305922327895433, 0.8559239600951479], [-0.7691384877212906, 0.6199979197985839, -0.15501150328680074], [-0.6040006961089152, -0.6259533135275666, 0.49332099933390716]], "trans": [-479.97520782432235, 97.05093065124848, 801.5414509631835]}], "rb_4XMM.renamed.noAb_Seh1_Nup85_47_544_3F3F_1.pdb_31": [{"rot": [[-0.4061282030900987, 0.7600891932545673, 0.5072714272974845], [-0.7258220812339182, 0.0689509914669223, -0.6844180500023289], [-0.5551956313301369, -0.6461502759214361, 0.5236865779056983]], "trans": [-571.724908990069, 591.7389775151037, 806.4888176160549]}], "rb_4XMM.renamed.noAb_Seh1_Nup85_47_544_3F3F_1.pdb_32": [{"rot": [[-0.8105940705791541, 0.5746951480126294, -0.11252883893765955], [-0.2589829744806831, -0.5241458922182891, -0.8112945843525828], [-0.5252285899216204, -0.6284875261462507, 0.5737058112024931]], "trans": [-287.9223727981448, 1006.4796576122902, 781.8913272088616]}], "rb_4XMM.renamed.noAb_Seh1_Nup85_47_544_3F3F_1.pdb_33": [{"rot": [[-0.7676277650606274, 0.025483533311905837, -0.640389103465983], [0.35789790137096467, -0.8118482141281937, -0.4613150435560497], [-0.5316546872757577, -0.5833121520650858, 0.6140767270878394]], "trans": [205.17878677372477, 1098.3121494934667, 742.1825413479385]}], "rb_4XMM.renamed.noAb_Seh1_Nup85_47_544_3F3F_1.pdb_34": [{"rot": [[-0.30239955413217917, -0.5658097430721524, -0.7670813804970643], [0.7634430312267805, -0.6256158974852306, 0.1604976226771363], [-0.5707094249545229, -0.5370885247874619, 0.6211494738061873]], "trans": [618.7148710612523, 813.4398013716836, 710.6484315856815]}], "rb_4XMM.renamed.noAb_Seh1_Nup85_47_544_3F3F_1.pdb_35": [{"rot": [[0.3125533165265314, -0.8527967425985667, -0.41838754778499004], [0.7200783598308962, -0.07454645925451225, 0.6898767869089808], [-0.6195139869538941, -0.5168950969257562, 0.5907807366041999]], "trans": [710.4325243692797, 318.74496827197004, 705.7861289529551]}], "rb_4XMM.renamed.noAb_Nup120_715-1036_Nup85_553-744_Nup145c_92-99_554-712_remaining_updated_1.pdb_35": [{"rot": [[0.9969223822508754, -0.02592007695431898, 0.07398589985881625], [0.02226633088206639, 0.9985115199306892, 0.049789105984667695], [-0.07516631078007581, -0.04798847962151247, 0.9960156281642]], "trans": [-8.048615241151765, -29.38104759456428, 68.27607074190229]}], "rb_4XMM.renamed.noAb_Nup120_715-1036_Nup85_553-744_Nup145c_92-99_554-712_remaining_updated_1.pdb_36": [{"rot": [[0.7209717361600725, 0.6846157643477262, 0.10724276602599686], [-0.691179902363174, 0.7215507751408627, 0.040432925479745786], [-0.04970008277217747, -0.10327504103216853, 0.9934103722391063]], "trans": [-340.78548733503885, 127.5066615104008, 94.07516527359647]}], "rb_4XMM.renamed.noAb_Nup120_715-1036_Nup85_553-744_Nup145c_92-99_554-712_remaining_updated_1.pdb_37": [{"rot": [[0.022869963898546508, 0.9919970611601763, 0.1241724421957169], [-0.9997107332305775, 0.02176740752670908, 0.010228872525511905], [0.007444099331429019, -0.12437045717989317, 0.9922079291993207]], "trans": [-465.56240465378295, 474.4288769605604, 102.37395610523492]}], "rb_4XMM.renamed.noAb_Nup120_715-1036_Nup85_553-744_Nup145c_92-99_554-712_remaining_updated_1.pdb_38": [{"rot": [[-0.6884250731079109, 0.7161555157340138, 0.11485728535932041], [-0.7225844507133048, -0.6908956192179163, -0.02312909278029706], [0.06279036792148321, -0.0989167358399817, 0.9931127071319972]], "trans": [-309.2813763382666, 808.1537901371526, 88.33489945587951]}], "rb_4XMM.renamed.noAb_Nup120_715-1036_Nup85_553-744_Nup145c_92-99_554-712_remaining_updated_1.pdb_39": [{"rot": [[-0.9962267129208957, 0.018682994745674916, 0.08475424573527986], [-0.022145538590557328, -0.9989502554773355, -0.040099404014227444], [0.08391609847554433, -0.04182502587082508, 0.9955946743668045]], "trans": [36.50788100104563, 933.1807581752333, 60.20627756260808]}], "rb_4XMM.renamed.noAb_Nup120_715-1036_Nup85_553-744_Nup145c_92-99_554-712_remaining_updated_1.pdb_40": [{"rot": [[-0.7202204149348403, -0.6918312646473256, 0.051498108388216834], [0.6912790122274984, -0.7219337517604095, -0.03074061357405443], [0.05844554016224253, 0.013459544034534142, 0.9981998595018545]], "trans": [369.23905812552, 776.267337113025, 34.490238645254124]}], "rb_4XMM.renamed.noAb_Nup120_715-1036_Nup85_553-744_Nup145c_92-99_554-712_remaining_updated_1.pdb_41": [{"rot": [[-0.02209456019877737, -0.9991579910415102, 0.0345707874875775], [0.9997550405854788, -0.022126281877215936, -0.0005352328585765745], [0.0012997051763822473, 0.0345504933131009, 0.9994021083519242]], "trans": [493.9954533053055, 429.33573828318595, 26.27560579893907]}], "rb_4XMM.renamed.noAb_Nup120_715-1036_Nup85_553-744_Nup145c_92-99_554-712_remaining_updated_1.pdb_42": [{"rot": [[0.6891788820083554, -0.7232608548083242, 0.04388854629218103], [0.7225729395592796, 0.6905150710293447, 0.032822000213211106], [-0.05404457059104627, 0.009092446495105955, 0.9984971265889343]], "trans": [337.69492451817615, 95.62350081095883, 40.3986316725439]}], "rb_4XMM.renamed.noAb_Nup120_2-711_3F7F_updated_1.pdb_42": [{"rot": [[0.9971637085354138, 0.07452374177156075, -0.01052379647596179], [-0.06540369145239168, 0.9272106929849243, 0.3687854226495649], [0.037241046229960884, -0.36705114456541826, 0.9294549810232423]], "trans": [-39.157618565413145, -29.014594332564798, 217.1458513861367]}], "rb_4XMM.renamed.noAb_Nup120_2-711_3F7F_updated_1.pdb_43": [{"rot": [[0.661558547468315, 0.6992507086368609, 0.2709035524729451], [-0.7468668716000082, 0.5819670578984402, 0.321720716814213], [0.06730649580858165, -0.4151659788468729, 0.9072524707214016]], "trans": [-359.63861220194747, 158.26505504773974, 241.82020537525125]}], "rb_4XMM.renamed.noAb_Nup120_2-711_3F7F_updated_1.pdb_44": [{"rot": [[-0.056196173838362506, 0.8978015361299185, 0.436800173727859], [-0.9904752308807321, -0.10521104816439142, 0.08882258922093711], [0.12570126116189034, -0.4276482632572116, 0.895162642135719]], "trans": [-454.3230541453658, 517.9751218106236, 247.65822065061468]}], "rb_4XMM.renamed.noAb_Nup120_2-711_3F7F_updated_1.pdb_45": [{"rot": [[-0.7356296193015971, 0.5538623499386327, 0.38998148741529165], [-0.6535195575500491, -0.7317650014606687, -0.19347395312252272], [0.1782168653797273, -0.3971856995886478, 0.9002678873182699]], "trans": [-267.7415499153184, 839.3924937296275, 231.2639104490906]}], "rb_4XMM.renamed.noAb_Nup120_2-711_3F7F_updated_1.pdb_46": [{"rot": [[-0.9787200965574447, -0.13108242512361562, 0.15787454012062205], [0.06660676387993227, -0.9306506617386907, -0.3597956153301205], [0.1940889270412641, -0.3416236871603736, 0.9195774816571587]], "trans": [90.80573785028696, 934.2264591448343, 202.265297747692]}], "rb_4XMM.renamed.noAb_Nup120_2-711_3F7F_updated_1.pdb_47": [{"rot": [[-0.6430617764537012, -0.7557824821040332, -0.12354914572297543], [0.7480435805343969, -0.585358004919783, -0.3127088225452088], [0.1640193686291031, -0.2935112362772476, 0.9417795925233845]], "trans": [411.2786658008653, 746.9220607522833, 177.67418364852378]}], "rb_4XMM.renamed.noAb_Nup120_2-711_3F7F_updated_1.pdb_48": [{"rot": [[0.07471196431054783, -0.9542797193526882, -0.28942760687435115], [0.9915955969580448, 0.10183566200507799, -0.0797976819049668], [0.10562336144186184, -0.28103329905216223, 0.9538679103217487]], "trans": [505.9415874139471, 387.20497291752724, 171.92039442677415]}], "rb_4XMM.renamed.noAb_Nup120_2-711_3F7F_updated_1.pdb_49": [{"rot": [[0.7541191477858598, -0.6102916564782732, -0.24258690190472687], [0.6545866078464713, 0.7283625995206044, 0.2024951763564685], [0.05311010987352753, -0.31149962705048734, 0.9487609280406886]], "trans": [319.34154180065855, 65.80265450028446, 188.3985858381586]}]}
