{"rb_ScNup133N_56-480_renamed_1.pdb_0": [{"rot": [[0.7957906381369025, 0.27728245033990745, 0.5383601981825529], [0.2655636637060284, 0.639174260893855, -0.7217563333492995], [-0.5442363464274435, 0.7173358397182524, 0.43501274956375335]], "trans": [-76.75543369379511, 120.67744905341712, 380.38656234816347]}], "rb_ScNup133N_56-480_renamed_1.pdb_1": [{"rot": [[0.7406300383680604, 0.6613694386620202, -0.11856480030265523], [-0.4044120375335253, 0.2978592870650793, -0.8647142585889653], [-0.536579956916867, 0.688382386986307, 0.48806929745900457]], "trans": [-277.5348346318809, 300.0123830733287, 395.55861299422486]}], "rb_ScNup133N_56-480_renamed_1.pdb_2": [{"rot": [[0.22934979945227124, 0.692468940829049, -0.6840215168240669], [-0.838835547775991, -0.215842814278296, -0.4997667489057043], [-0.493714080494526, 0.6884029673901175, 0.5313640571302549]], "trans": [-293.14658088914007, 569.1960570193485, 395.5344984503865]}], "rb_ScNup133N_56-480_renamed_1.pdb_3": [{"rot": [[-0.4385349056022273, 0.3523624299685673, -0.8267574339037362], [-0.7832154493498378, -0.6009981089696931, 0.15929479876814334], [-0.44075015197748485, 0.7173855246389476, 0.539534347905974]], "trans": [-114.44317804318376, 770.5369959992748, 380.3523502576305]}], "rb_ScNup133N_56-480_renamed_1.pdb_4": [{"rot": [[-0.8717677994001684, -0.15971090435555124, -0.4631558387399624], [-0.2701347801564942, -0.6319771946892363, 0.7263828370374151], [-0.4087151874824187, 0.7583516680423755, 0.5077938982486461]], "trans": [153.89031414011015, 786.0869558466065, 358.9300897967495]}], "rb_ScNup133N_56-480_renamed_1.pdb_5": [{"rot": [[-0.8165549441709159, -0.5437712826622241, 0.19378032743782386], [0.3998365693531431, -0.2906320862173086, 0.8692891971426323], [-0.41637572090353653, 0.7873028531720515, 0.4547367111078735]], "trans": [354.66226577679225, 606.7366676235225, 343.84118420078636]}], "rb_ScNup133N_56-480_renamed_1.pdb_6": [{"rot": [[-0.30524080900902467, -0.5748307200880683, 0.7592085956827327], [0.8342199360403012, 0.22307243893720502, 0.5042973183544811], [-0.4592441037492262, 0.7872790675673004, 0.41144443481706033]], "trans": [370.25955005284, 337.55217580534895, 343.94893202261187]}], "rb_ScNup133N_56-480_renamed_1.pdb_7": [{"rot": [[0.3626395761783638, -0.23469416025095668, 0.901893113918314], [0.7785474188941721, 0.6082010267049861, -0.15477541034744852], [-0.5122074329042845, 0.7582942451707628, 0.40327829524845976]], "trans": [191.54697125689995, 136.22566799568585, 359.2142179701429]}], "rb_ScNup133C_490_881_renamed_relative_3CQC_1.pdb_7": [{"rot": [[0.8441176470876152, 0.3021146644936618, -0.4429358050250109], [-0.24474990955544257, 0.952157409969343, 0.18301297334636996], [0.47703551193582533, -0.04607598222890759, 0.8776754093705544]], "trans": [148.71467076221796, 95.16512078535726, -217.34405441336594]}], "rb_ScNup133C_490_881_renamed_relative_3CQC_1.pdb_8": [{"rot": [[0.43531484075074833, 0.8845320172866156, -0.16764277442533776], [-0.7404894296555109, 0.45769690587577516, 0.49212696219593755], [0.5120316337792132, -0.09009246775738813, 0.8542288646860261]], "trans": [-147.49207652005202, 88.64065759551374, -193.66155964277874]}], "rb_ScNup133C_490_881_renamed_relative_3CQC_1.pdb_9": [{"rot": [[-0.20330203551634923, 0.9479724544589887, 0.24498266865619964], [-0.8009015581726004, -0.3049380743817585, 0.5153343234338748], [0.5632272866894974, -0.09143848412648459, 0.8212271471091546]], "trans": [-361.6169856465217, 294.1471245945031, -177.55312622449173]}], "rb_ScNup133C_490_881_renamed_relative_3CQC_1.pdb_10": [{"rot": [[-0.6976222110984565, 0.4552716734050406, 0.5532187216436891], [-0.3905960184103877, -0.8889852062151727, 0.23903985762320445], [0.6006313353331273, -0.04932551596834939, 0.7980031281206882]], "trans": [-368.2207523504226, 591.2960525683118, -178.4312966826614]}], "rb_ScNup133C_490_881_renamed_relative_3CQC_1.pdb_11": [{"rot": [[-0.7580659572250992, -0.30493926125281257, 0.5764963585687123], [0.25006441913031185, -0.9523014447318947, -0.17489924141221458], [0.6023319606175784, 0.01157606617713082, 0.7981617655027388]], "trans": [-163.43288364423563, 806.0135265051779, -195.7576214795023]}], "rb_ScNup133C_490_881_renamed_relative_3CQC_1.pdb_12": [{"rot": [[-0.3492244751584703, -0.887318065017822, 0.3011792115059102], [0.7457718368259875, -0.4577952446498663, -0.48399161291613757], [0.5673329122724031, 0.05558925677682544, 0.8216101272401141]], "trans": [132.78091281427015, 812.5151394516818, -219.35809034665897]}], "rb_ScNup133C_490_881_renamed_relative_3CQC_1.pdb_13": [{"rot": [[0.2893971302419022, -0.9506990231033122, -0.11144805282355436], [0.8061338399159229, 0.30484468948543947, -0.5071665874591283], [0.5161371263047865, 0.05693050819144593, 0.8546118324051586]], "trans": [346.896331784436, 606.9922716661991, -235.38321095395315]}], "rb_ScNup133C_490_881_renamed_relative_3CQC_1.pdb_14": [{"rot": [[0.7836853179678438, -0.4579526765912939, -0.4196625649310538], [0.39578951588579026, 0.8888531310344889, -0.2308479381867618], [0.4787358159951405, 0.014814096430662754, 0.8778340167881464]], "trans": [353.4834551453948, 309.84323376508087, -234.4212367942448]}], "rb_ScNup84_506-726_ScNup133C_882_1155_renamed_relative_3CQC_new_1.pdb_14": [{"rot": [[0.9872171008466507, 0.14828303570421916, 0.058434040749179725], [-0.1588026957035891, 0.9463512810019422, 0.28142664547490565], [-0.013568331998031844, -0.28710868023855746, 0.9578019138101922]], "trans": [-55.33194958951924, 29.95258292739669, 106.59002826953281]}], "rb_ScNup84_506-726_ScNup133C_882_1155_renamed_relative_3CQC_new_1.pdb_15": [{"rot": [[0.5876571971570743, 0.7666160716400755, 0.2587640186205023], [-0.8088258592457459, 0.5481230945066164, 0.2129831042216099], [0.021441736050841917, -0.334456083771294, 0.9421673842707021]], "trans": [-331.71960560613854, 204.99190045294262, 127.80942521716105]}], "rb_ScNup84_506-726_ScNup133C_882_1155_renamed_relative_3CQC_new_1.pdb_16": [{"rot": [[-0.15317509221530679, 0.9232955841340289, 0.3522252907493095], [-0.9848451881835252, -0.17196996432679135, 0.02250081512301494], [0.08134707392764831, -0.34344081831961304, 0.9356447284495143]], "trans": [-403.8420360068647, 524.7724353623013, 132.043384495148]}], "rb_ScNup84_506-726_ScNup133C_882_1155_renamed_relative_3CQC_new_1.pdb_17": [{"rot": [[-0.8012897664208712, 0.5265365055859959, 0.28406692611860923], [-0.5837460777526384, -0.7920872283215417, -0.17843301106664616], [0.13105429003889008, -0.3087994997003521, 0.9420550100961281]], "trans": [-229.4469907974203, 801.962358195208, 116.8355979608096]}], "rb_ScNup84_506-726_ScNup133C_882_1155_renamed_relative_3CQC_new_1.pdb_18": [{"rot": [[-0.9770121108930934, -0.19123410148757874, 0.09421705576200685], [0.15950195765904424, -0.9489552605760874, -0.27210850579852064], [0.1414441963148546, -0.2508255008032666, 0.9576429958369853]], "trans": [89.30436690762872, 874.1800205734131, 91.11900629693793]}], "rb_ScNup84_506-726_ScNup133C_882_1155_renamed_relative_3CQC_new_1.pdb_19": [{"rot": [[-0.5774014985550885, -0.8095360948974347, -0.1061075893824278], [0.8094937391100593, -0.5506785559564609, -0.20364924343420068], [0.10643023916140341, -0.20348080761565376, 0.9732770238344928]], "trans": [365.68491070978456, 699.119414401904, 69.98275640535809]}], "rb_ScNup84_506-726_ScNup133C_882_1155_renamed_relative_3CQC_new_1.pdb_20": [{"rot": [[0.16344453937590592, -0.9661594488459719, -0.19955400761158854], [0.9854549161422843, 0.16942677626962493, -0.01315962514230444], [0.0465240883758241, -0.19450060896699123, 0.9797984600479164]], "trans": [437.78893442334095, 379.33362792567766, 65.83276639486749]}], "rb_ScNup84_506-726_ScNup133C_882_1155_renamed_relative_3CQC_new_1.pdb_21": [{"rot": [[0.811527947950779, -0.5693519942008465, -0.1313799695323359], [0.5843049501976456, 0.7895128789989455, 0.18776884477815758], [-0.0031803882349649426, -0.22914563184646625, 0.9733869551911815]], "trans": [263.37879762942566, 102.15780063727607, 81.12416382965728]}], "rb_4XMM.renamed.noAb_Nup145c_149-550_Sec13_Nup84_7-436_3IKO_updated_1.pdb_21": [{"rot": [[0.9995431757054333, -0.026046323866519592, 0.01533065274989922], [0.025931248743270827, 0.9996343976472163, 0.007657765934131566], [-0.015524504478798537, -0.0072567247107564025, 0.9998531540717167]], "trans": [5.713543891894233, -15.652416024001923, 11.326563274909347]}], "rb_4XMM.renamed.noAb_Nup145c_149-550_Sec13_Nup84_7-436_3IKO_updated_1.pdb_22": [{"rot": [[0.7265925157113073, 0.6861231064720457, 0.03603330233913321], [-0.6870001631359255, 0.7247798502914029, 0.05220100059178262], [0.009700101212121157, -0.06268374092794142, 0.9979863008377186]], "trans": [-322.47620706362443, 124.23485885226138, 36.84593923614591]}], "rb_4XMM.renamed.noAb_Nup145c_149-550_Sec13_Nup84_7-436_3IKO_updated_1.pdb_23": [{"rot": [[0.030975726749371935, 0.9961445939220372, 0.08207589385591542], [-0.9972951630381355, 0.02532638988868302, 0.0689995054760905], [0.06665479827504449, -0.08399120177200504, 0.9942346885377753]], "trans": [-456.020138974693, 455.9153116014902, 45.91767378925431]}], "rb_4XMM.renamed.noAb_Nup145c_149-550_Sec13_Nup84_7-436_3IKO_updated_1.pdb_24": [{"rot": [[-0.6798050680097467, 0.7224031798322768, 0.1264860279891744], [-0.7231785648611457, -0.6889762841632383, 0.048212479566908814], [0.12197472210928238, -0.058696896245296906, 0.9907960645549272]], "trans": [-316.6844202191036, 785.0859731039819, 33.251421822752945]}], "rb_4XMM.renamed.noAb_Nup145c_149-550_Sec13_Nup84_7-436_3IKO_updated_1.pdb_25": [{"rot": [[-0.9893644569869507, 0.025260444330485018, 0.14324762198075577], [-0.02523173686107161, -0.9996795937370415, 0.002017255738901507], [0.1432526813218122, -0.0016185851750705887, 0.9896848233029247]], "trans": [13.908033861748493, 918.914145340429, 6.291257233957424]}], "rb_4XMM.renamed.noAb_Nup145c_149-550_Sec13_Nup84_7-436_3IKO_updated_1.pdb_26": [{"rot": [[-0.71635818533201, -0.6868875684138177, 0.12254149773191594], [0.6876782280693686, -0.7247691591677281, -0.042524352536828756], [0.11802374738670912, 0.053806452009549234, 0.9915519455756925]], "trans": [342.0934156529615, 779.0015148326719, -19.145170521508362]}], "rb_4XMM.renamed.noAb_Nup145c_149-550_Sec13_Nup84_7-436_3IKO_updated_1.pdb_27": [{"rot": [[-0.020717176368818924, -0.9968545112480399, 0.07649759478397714], [0.9979186204434182, -0.02529138926312907, -0.05931924309568255], [0.06106738553112501, 0.07510944703278803, 0.9953036448194192]], "trans": [475.6180144266238, 447.3109900954245, -28.13283850967491]}], "rb_4XMM.renamed.noAb_Nup145c_149-550_Sec13_Nup84_7-436_3IKO_updated_1.pdb_28": [{"rot": [[0.6900422583137589, -0.7230573785259996, 0.03208908070287346], [0.7237462440188259, 0.6889897757300858, -0.0385287322403264], [0.00574943561476317, 0.04981080503780264, 0.9987421227181701]], "trans": [336.26315086354464, 118.15167415134431, -15.382639195768718]}], "rb_4XMM.renamed.noAb_Seh1_Nup85_47_544_3F3F_1.pdb_28": [{"rot": [[0.6122039070934719, -0.7601599489888368, 0.21763094470404865], [0.27481786367673544, 0.4626399959742881, 0.8428756586407427], [-0.7414050970580408, -0.45620290012032977, 0.4921355463468956]], "trans": [520.2696188029006, -84.40072973779468, 746.3814383055613]}], "rb_4XMM.renamed.noAb_Seh1_Nup85_47_544_3F3F_1.pdb_29": [{"rot": [[0.6131039734281535, -0.2217716059569345, 0.7582353675198038], [-0.27983984497195097, 0.8365890607619316, 0.4709653963716903], [-0.7387781662533647, -0.5009352235616409, 0.45085554544949813]], "trans": [8.378678255762225, -244.67907708402157, 788.003384053765]}], "rb_4XMM.renamed.noAb_Seh1_Nup85_47_544_3F3F_1.pdb_30": [{"rot": [[0.22276605948962025, 0.42266041758888795, 0.8784836106285949], [-0.6725212473059465, 0.7189951726989364, -0.17538846472239664], [-0.7057552370769342, -0.5517282963916318, 0.4444158326379325]], "trans": [-466.69406930859753, 5.1477732838671955, 824.6953364009496]}], "rb_4XMM.renamed.noAb_Seh1_Nup85_47_544_3F3F_1.pdb_31": [{"rot": [[-0.33014438097234766, 0.7956187557639559, 0.5079325577170644], [-0.6731880410302241, 0.1787464894864274, -0.71754271922316], [-0.661681607063604, -0.5788268203641673, 0.47658888247716524]], "trans": [-626.6423965019733, 518.7278466569511, 834.9866372067933]}], "rb_4XMM.renamed.noAb_Seh1_Nup85_47_544_3F3F_1.pdb_32": [{"rot": [[-0.7217246158979198, 0.6786191553527463, -0.13634375964936704], [-0.2814496089793102, -0.4676716927432747, -0.8378957604690648], [-0.6323762301133657, -0.5663560980469481, 0.5285272687313703]], "trans": [-377.7644046438076, 995.1988113694227, 812.8725022530778]}], "rb_4XMM.renamed.noAb_Seh1_Nup85_47_544_3F3F_1.pdb_33": [{"rot": [[-0.7225814223863831, 0.14020163197051164, -0.6769191904613688], [0.27320815183947766, -0.8415784883436406, -0.4659430799203782], [-0.6350066092494838, -0.5216216544105855, 0.5698047524015883]], "trans": [134.14558279496413, 1155.4373748472926, 771.3317085061788]}], "rb_4XMM.renamed.noAb_Seh1_Nup85_47_544_3F3F_1.pdb_34": [{"rot": [[-0.3322128711158248, -0.5042212374983553, -0.7971170252356965], [0.6658589044640663, -0.7239340243661588, 0.18042019762468323], [-0.6680318312856748, -0.4708295572929162, 0.5762404015412862]], "trans": [609.2053905811508, 905.5736440366602, 734.7234435694083]}], "rb_4XMM.renamed.noAb_Seh1_Nup85_47_544_3F3F_1.pdb_35": [{"rot": [[0.22069763638288947, -0.8771374497565327, -0.4265236775720782], [0.6664823016313595, -0.1836560865957797, 0.7225453504580092], [-0.7121052554975069, -0.44373453335404, 0.5440641221417755]], "trans": [769.120198309578, 391.9814323201773, 724.5173501204486]}], "rb_4XMM.renamed.noAb_Nup120_715-1036_Nup85_553-744_Nup145c_92-99_554-712_remaining_updated_1.pdb_35": [{"rot": [[0.997127698587332, -0.045458082008469264, 0.06057982741839016], [0.043367268309914914, 0.9984320780173469, 0.03539301661766158], [-0.06209374162720832, -0.03266417557621042, 0.9975356729885202]], "trans": [7.2102787223363975, -34.48327901823802, 51.78772195078099]}], "rb_4XMM.renamed.noAb_Nup120_715-1036_Nup85_553-744_Nup145c_92-99_554-712_remaining_updated_1.pdb_36": [{"rot": [[0.7362516677311312, 0.6710113922593697, 0.08761959382050609], [-0.6756511636284934, 0.7361469492189369, 0.03978912217070145], [-0.037801942418227416, -0.08849508807721755, 0.9953590470456452]], "trans": [-333.8907949677225, 112.1952420845387, 78.30316766160155]}], "rb_4XMM.renamed.noAb_Nup120_715-1036_Nup85_553-744_Nup145c_92-99_554-712_remaining_updated_1.pdb_37": [{"rot": [[0.04488536396976828, 0.9929346868220723, 0.10984539957073397], [-0.9988137860189978, 0.0425275428566273, 0.023715584685457668], [0.01887657171460952, -0.11077958207237704, 0.9936657180542018]], "trans": [-471.7806565202804, 457.83459088468396, 87.65338309654581]}], "rb_4XMM.renamed.noAb_Nup120_715-1036_Nup85_553-744_Nup145c_92-99_554-712_remaining_updated_1.pdb_38": [{"rot": [[-0.6719590836884662, 0.731724596606354, 0.11423705427672926], [-0.7368073780722649, -0.6760941127889104, -0.0034114909423354003], [0.07473872802523729, -0.08646308676795914, 0.9934476620133166]], "trans": [-325.67956745153793, 799.9544801354339, 74.38488511697238]}], "rb_4XMM.renamed.noAb_Nup120_715-1036_Nup85_553-744_Nup145c_92-99_554-712_remaining_updated_1.pdb_39": [{"rot": [[-0.9943440902986672, 0.040401675522854945, 0.09822186468938855], [-0.043118987853843334, -0.9987393192751758, -0.02570068131815024], [0.09705968769048622, -0.02979054797587566, 0.9948326192263304]], "trans": [18.826307575943645, 938.1363716184401, 46.2945518263233]}], "rb_4XMM.renamed.noAb_Nup120_715-1036_Nup85_553-744_Nup145c_92-99_554-712_remaining_updated_1.pdb_40": [{"rot": [[-0.7334119733599859, -0.6760473616045237, 0.07118175468314922], [0.6758789446400133, -0.7363979653451036, -0.030094664442250216], [0.07276351781292217, 0.026038461996673916, 0.9970092622299628]], "trans": [359.92248277749155, 791.4314817334674, 19.862101441146763]}], "rb_4XMM.renamed.noAb_Nup120_715-1036_Nup85_553-744_Nup145c_92-99_554-712_remaining_updated_1.pdb_41": [{"rot": [[-0.042020446117950916, -0.9979165668951405, 0.04895720196521734], [0.9989872926835562, -0.042753315144020754, -0.014019383045375533], [0.01608325728281752, 0.04831852191872948, 0.9987024828620192]], "trans": [497.7919226032329, 445.78172030925975, 10.596040995816281]}], "rb_4XMM.renamed.noAb_Nup120_715-1036_Nup85_553-744_Nup145c_92-99_554-712_remaining_updated_1.pdb_42": [{"rot": [[0.6748035861485201, -0.7366504215339575, 0.04456766288395069], [0.7369246301651704, 0.6758478148507111, 0.013108036368716939], [-0.039776998089619035, 0.02399765853910597, 0.9989203686018305]], "trans": [351.6706785834103, 103.67370804493339, 23.948564251845255]}], "rb_4XMM.renamed.noAb_Nup120_2-711_3F7F_updated_1.pdb_42": [{"rot": [[0.9811151088733493, 0.1555899012768001, 0.11491268755500113], [-0.18756802273772738, 0.910395193297531, 0.36878019044820215], [-0.04723748497429868, -0.38336976229409186, 0.9223861693303278]], "trans": [-112.63139806807237, 55.74319657061517, 282.38542849971407]}], "rb_4XMM.renamed.noAb_Nup120_2-711_3F7F_updated_1.pdb_43": [{"rot": [[0.5623863749583442, 0.7445445593595195, 0.3596873147462302], [-0.8268046681301675, 0.5120043796052198, 0.23290675392362398], [-0.010752023966590363, -0.4283747359418096, 0.9035372043183438]], "trans": [-350.68417478948004, 273.73668664866943, 300.3403058638551]}], "rb_4XMM.renamed.noAb_Nup120_2-711_3F7F_updated_1.pdb_44": [{"rot": [[-0.18440195297697737, 0.8803281623574641, 0.4370563422473218], [-0.9816023708886596, -0.18736393078256752, -0.03676333645724536], [0.04952479383137337, -0.43579477280256207, 0.8986824860838918]], "trans": [-365.41168794457707, 596.6850375217042, 299.98412192536335]}], "rb_4XMM.renamed.noAb_Nup120_2-711_3F7F_updated_1.pdb_45": [{"rot": [[-0.8217707427126792, 0.48339676108563634, 0.30169590284484893], [-0.5612784540896706, -0.7780099205474879, -0.28225353940101783], [0.09828195865041442, -0.401283110660801, 0.9106659770202411]], "trans": [-148.18443932990897, 835.4006684717277, 281.5495391587876]}], "rb_4XMM.renamed.noAb_Nup120_2-711_3F7F_updated_1.pdb_46": [{"rot": [[-0.9763403703216528, -0.21372163285816925, 0.03290205052297566], [0.18793540523872487, -0.9139248407767958, -0.3597522326113703], [0.10695683586351457, -0.3450571678136061, 0.9324675791696561]], "trans": [173.7446992511101, 850.0407137929994, 255.8598009775912]}], "rb_4XMM.renamed.noAb_Nup120_2-711_3F7F_updated_1.pdb_47": [{"rot": [[-0.5575617685188119, -0.8026452349323168, -0.21186198603482687], [0.8271391643865362, -0.5154878147997874, -0.223859588874104], [0.07046756008347105, -0.3000548943666583, 0.9513156065904187]], "trans": [411.7870125561291, 632.0289453068584, 237.98832313481407]}], "rb_4XMM.renamed.noAb_Nup120_2-711_3F7F_updated_1.pdb_48": [{"rot": [[0.18923865298145365, -0.9383742952189816, -0.2892099830400825], [0.981878248471972, 0.18389112960413906, 0.04581656502321367], [0.010190063561021923, -0.292639256637235, 0.95616861906226]], "trans": [426.4958703937143, 309.07984775360194, 238.42847423977895]}], "rb_4XMM.renamed.noAb_Nup120_2-711_3F7F_updated_1.pdb_49": [{"rot": [[0.8265746773783453, -0.5413968164224854, -0.15383039324035483], [0.561504320216698, 0.774505945560048, 0.2912961356937642], [-0.038564246328281225, -0.3271544397677246, 0.944183653451699]], "trans": [209.2565297869764, 70.381672857382, 256.9464124702538]}]}
