{"rb_ScNup133N_56-480_renamed_1.pdb_0": [{"rot": [[-0.28357272010802337, 0.0356485233589261, 0.9582878978641355], [-0.5595469600568761, -0.8177034512709733, -0.1351601467543103], [0.778777061745943, -0.5745348105744909, 0.25182541479463216]], "trans": [498.88809458053476, 736.4416370815972, -103.22863721494883]}], "rb_ScNup133N_56-480_renamed_1.pdb_1": [{"rot": [[-0.580115773257325, -0.5625577166423852, 0.589062394882037], [-0.15094685735780772, -0.6364144854022633, -0.7564335060162084], [0.8004253468449489, -0.5277361255554498, 0.28427776190174453]], "trans": [555.1098303862386, 301.8705421806301, -105.55422580776309]}], "rb_ScNup133N_56-480_renamed_1.pdb_2": [{"rot": [[-0.5018607981022027, -0.8579192493372927, -0.11004681251519505], [0.3482139712592602, -0.08393535967928678, -0.9336497660340103], [0.7917592876298158, -0.506882054340103, 0.3408633354291447]], "trans": [288.5536852061828, -45.17161120067391, -82.57828826537866]}], "rb_ScNup133N_56-480_renamed_1.pdb_3": [{"rot": [[-0.09465066248367698, -0.6774091242755094, -0.7294916931944371], [0.6455200742227656, 0.5160838640937631, -0.5629931429400217], [0.7578555837802043, -0.5241892058888049, 0.3884335085478952]], "trans": [-144.62607933224535, -101.3825195220042, -47.736447859657744]}], "rb_ScNup133N_56-480_renamed_1.pdb_4": [{"rot": [[0.40296519449000745, -0.12677271791099087, -0.906392701880972], [0.5668053444006351, 0.8121434643595788, 0.1384004871989132], [0.7185755030534408, -0.5695188067934891, 0.3991210031055903]], "trans": [-490.66473598849075, 166.16707668026106, -21.41554106903442]}], "rb_ScNup133N_56-480_renamed_1.pdb_5": [{"rot": [[0.6994763874200832, 0.4714193989345977, -0.5371187333820054], [0.15818198040036377, 0.6308075528420823, 0.7596448461972213], [0.6969298705884016, -0.6163161376968184, 0.36666493409665957]], "trans": [-546.8460472090023, 600.7429682967074, -19.01072131505549]}], "rb_ScNup133N_56-480_renamed_1.pdb_6": [{"rot": [[0.6211824786802919, 0.7667378497042634, 0.16200431479281224], [-0.34097268955725707, 0.07830526334457508, 0.9368062290082324], [0.7055990030865242, -0.6371666623132575, 0.31007852437710715]], "trans": [-280.25629538505245, 947.7645872935285, -41.906761016373196]}], "rb_ScNup133N_56-480_renamed_1.pdb_7": [{"rot": [[0.2139491439545158, 0.5861809219469805, 0.7814203033876937], [-0.6382468217302073, -0.5216997726630211, 0.5661009996057581], [0.7395044004956403, -0.6198558493300982, 0.26251089062902444]], "trans": [152.93439728865224, 1003.9418930527386, -76.66683238060972]}], "rb_ScNup133C_490_881_renamed_relative_3CQC_1.pdb_7": [{"rot": [[0.7692053266252585, 0.37233744424266463, -0.5193149267122696], [-0.2656706480549181, 0.925473077475768, 0.27003460820719066], [0.5811559792804417, -0.06974532588189486, 0.8107979509496919]], "trans": [195.56308069420066, 83.4068205010727, -250.40924669654999]}], "rb_ScNup133C_490_881_renamed_relative_3CQC_1.pdb_8": [{"rot": [[0.3695158041268288, 0.9150357989170759, -0.16176389337763605], [-0.696489731540691, 0.38797460456769245, 0.6036371095856501], [0.6151098473922186, -0.11038656127776947, 0.7806757859254956]], "trans": [-123.22241638813182, 45.404770466868285, -224.7739324345564]}], "rb_ScNup133C_490_881_renamed_relative_3CQC_1.pdb_9": [{"rot": [[-0.2168926511135702, 0.9200431723863313, 0.32630988161289576], [-0.7174793760986414, -0.37690558901199533, 0.5858033132755606], [0.6619523568702138, -0.10706417662699239, 0.7418600537278933]], "trans": [-375.5071174343822, 244.6786093441994, -205.59360263450964]}], "rb_ScNup133C_490_881_renamed_relative_3CQC_1.pdb_10": [{"rot": [[-0.646493697656894, 0.38442617466817486, 0.6589858990296451], [-0.3163435519927331, -0.921089901053585, 0.22698050861190067], [0.6942425051828336, -0.06172447170361245, 0.7170895575800643]], "trans": [-413.49717401810864, 564.4910293527764, -204.08036003473995]}], "rb_ScNup133C_490_881_renamed_relative_3CQC_1.pdb_11": [{"rot": [[-0.667620985063307, -0.37804320477442915, 0.6413778571380347], [0.2719267190006724, -0.9257874885643136, -0.262627846031812], [0.6930642681574543, -0.0009280849415850556, 0.7208752033894025]], "trans": [-214.9355619935028, 817.4915222916325, -221.09667858572692]}], "rb_ScNup133C_490_881_renamed_relative_3CQC_1.pdb_12": [{"rot": [[-0.26789785047538056, -0.9206996526457536, 0.28380079515156065], [0.7027144175228175, -0.38824643854441243, -0.59620227302749], [0.659107873656685, 0.03970960306484084, 0.7509993064631916]], "trans": [103.85943993595589, 855.4689488854143, -246.65015404902425]}], "rb_ScNup133C_490_881_renamed_relative_3CQC_1.pdb_13": [{"rot": [[0.31851225776908026, -0.9256473703268613, -0.2042716021815263], [0.7236580356728801, 0.3766341225756545, -0.5783301696416446], [0.6122654563642388, 0.036382461690100065, 0.7898147424709525]], "trans": [356.13513796972694, 656.17571394895, -265.74719529304167]}], "rb_ScNup133C_490_881_renamed_relative_3CQC_1.pdb_14": [{"rot": [[0.7480820298779446, -0.38998791503734054, -0.5369196426827021], [0.32248850663353823, 0.9207763772758414, -0.219481266034362], [0.5799779648081147, -0.008960422735790868, 0.8145828817016912]], "trans": [394.10678445154883, 336.36072133781147, -267.17648138756573]}], "rb_ScNup84_506-726_ScNup133C_882_1155_renamed_relative_3CQC_new_1.pdb_14": [{"rot": [[0.9794102217583429, 0.20025782281977372, 0.02554255106213865], [-0.20186893188210342, 0.9701479461408422, 0.13439455695633212], [0.002133507922771751, -0.1367836503321732, 0.9905986478618642]], "trans": [-54.66486150698677, 88.89838767191225, 43.450230714866706]}], "rb_ScNup84_506-726_ScNup133C_882_1155_renamed_relative_3CQC_new_1.pdb_15": [{"rot": [[0.5520717319302562, 0.8232113625747829, 0.13243811887557488], [-0.8328715688592027, 0.536978352042595, 0.1340865363249923], [0.03926515744960242, -0.18432933018212894, 0.9820799078715896]], "trans": [-290.9387085760902, 242.56553164430377, 61.57629441955507]}], "rb_ScNup84_506-726_ScNup133C_882_1155_renamed_relative_3CQC_new_1.pdb_16": [{"rot": [[-0.19500274858050404, 0.9585292941415564, 0.20783532019014972], [-0.9757419405229026, -0.21108955535430585, 0.05804192557906156], [0.09950675128177294, -0.19147530361071308, 0.9764402770044547]], "trans": [-349.7510874121973, 518.7848682652703, 64.96130597099813]}], "rb_ScNup84_506-726_ScNup133C_882_1155_renamed_relative_3CQC_new_1.pdb_17": [{"rot": [[-0.8241664553405589, 0.5269404652254436, 0.20756541137524664], [-0.546784568680368, -0.8358270481392618, -0.04919127007748225], [0.14756791434592476, -0.15403535862523576, 0.9769835305412229]], "trans": [-196.64696389931134, 755.7433322447831, 51.64628277488413]}], "rb_ScNup84_506-726_ScNup133C_882_1155_renamed_relative_3CQC_new_1.pdb_18": [{"rot": [[-0.966846417721603, -0.21872430279200922, 0.13178650882035023], [0.20271126994410182, -0.9712540942401972, -0.12479433264097703], [0.15529373965667856, -0.09394234290141384, 0.9833914229001797]], "trans": [78.68502097984117, 814.6274310644807, 29.455358062510413]}], "rb_ScNup84_506-726_ScNup133C_882_1155_renamed_relative_3CQC_new_1.pdb_19": [{"rot": [[-0.5394587019733518, -0.8416440749329488, 0.02489096212464479], [0.8336803451929675, -0.5380356205298347, -0.12447792205854544], [0.11815832981285787, -0.046399592361783946, 0.9919101203861665]], "trans": [314.9534216413302, 660.9421461651704, 11.412293323610356]}], "rb_ScNup84_506-726_ScNup133C_882_1155_renamed_relative_3CQC_new_1.pdb_20": [{"rot": [[0.2076269418520777, -0.9769036655084259, -0.050500310230317], [0.9764920761214829, 0.21004288271181654, -0.048427396110765145], [0.05791613151025169, -0.03925832062524379, 0.9975492498982572]], "trans": [373.7507909324695, 384.71860119856467, 8.110975190631052]}], "rb_ScNup84_506-726_ScNup133C_882_1155_renamed_relative_3CQC_new_1.pdb_21": [{"rot": [[0.8367572096941704, -0.5452660991990989, -0.050222037882058396], [0.5474853371063174, 0.8347464803789011, 0.058805774789738335], [0.009857873929522747, -0.07670198536699013, 0.9970053298565431]], "trans": [220.6347142188668, 147.77256035326513, 21.509367275644024]}], "rb_4XMM.renamed.noAb_Nup145c_149-550_Sec13_Nup84_7-436_3IKO_updated_1.pdb_21": [{"rot": [[0.996621230661611, -0.020056261448247466, 0.07964840846656565], [0.021613780373160356, 0.9995907239146297, -0.018741108873514788], [-0.07923993369834514, 0.020399290197153648, 0.9966468290557774]], "trans": [-14.65036405272997, -8.043820592499912, 34.48422508427166]}], "rb_4XMM.renamed.noAb_Nup145c_149-550_Sec13_Nup84_7-436_3IKO_updated_1.pdb_22": [{"rot": [[0.7202176642774707, 0.6908856560873218, 0.06295654275368179], [-0.6916637171495374, 0.7221203516452683, -0.01197915350095403], [-0.05373842611753641, -0.034917158425416914, 0.9979443740038345]], "trans": [-331.0912519310157, 145.3005041535361, 59.001669006747704]}], "rb_4XMM.renamed.noAb_Nup145c_149-550_Sec13_Nup84_7-436_3IKO_updated_1.pdb_23": [{"rot": [[0.02191445216770288, 0.9981949644688556, 0.055915737455665235], [-0.9997540010689637, 0.0216887171739793, 0.004640785919094403], [0.0034196685203676004, -0.056003682525067544, 0.998424705929718]], "trans": [-446.83864753124647, 478.1585497207225, 66.64917987393716]}], "rb_4XMM.renamed.noAb_Nup145c_149-550_Sec13_Nup84_7-436_3IKO_updated_1.pdb_24": [{"rot": [[-0.6892125379385005, 0.7218455377852027, 0.06265059559144875], [-0.7221734389921148, -0.6913814519399111, 0.02138251453322033], [0.058750332447348355, -0.030507498964233108, 0.9978064396185635]], "trans": [-294.0841811332648, 795.5374965125386, 52.97074289112436]}], "rb_4XMM.renamed.noAb_Nup145c_149-550_Sec13_Nup84_7-436_3IKO_updated_1.pdb_25": [{"rot": [[-0.9965750883463642, 0.02372676671456384, 0.07921574230359063], [-0.021532638069534687, -0.9993635963401006, 0.028438491660895317], [0.07984008257261913, 0.026635368430961353, 0.9964517641930011]], "trans": [37.68834034827847, 911.5123992503679, 26.00338420998861]}], "rb_4XMM.renamed.noAb_Nup145c_149-550_Sec13_Nup84_7-436_3IKO_updated_1.pdb_26": [{"rot": [[-0.720115883215002, -0.6871935291752087, 0.09590708107954958], [0.6917231414830363, -0.7218374332887232, 0.021675226411449863], [0.0543342459073196, 0.08194982222598066, 0.9951542676182488]], "trans": [354.1238091762065, 758.1436414594413, 1.5689676868832407]}], "rb_4XMM.renamed.noAb_Nup145c_149-550_Sec13_Nup84_7-436_3IKO_updated_1.pdb_27": [{"rot": [[-0.02178862298515749, -0.9944482165757147, 0.10294659031649203], [0.9997586070972109, -0.021381702220173993, 0.0050547349300490985], [-0.0028254987977208088, 0.10303187545390402, 0.994674041682498]], "trans": [469.8517793102728, 425.2769207483474, -5.994476052497021]}], "rb_4XMM.renamed.noAb_Nup145c_149-550_Sec13_Nup84_7-436_3IKO_updated_1.pdb_28": [{"rot": [[0.6893167368861568, -0.7180431673166447, 0.09621042624633686], [0.7221222397161398, 0.6916667531797822, -0.011686464524572476], [-0.05815416714188909, 0.07753136407686338, 0.9952924095100966]], "trans": [317.0790874208256, 107.91037232558745, 7.767829880120189]}], "rb_4XMM.renamed.noAb_Seh1_Nup85_47_544_3F3F_1.pdb_28": [{"rot": [[0.6486168538484175, -0.7382047241976598, 0.18533742761792865], [0.28919382362534407, 0.4642758595769519, 0.8371468560479871], [-0.7040334575009397, -0.48938912062522694, 0.5146213941655877]], "trans": [502.2603450892523, -90.26518917227327, 740.6218369860869]}], "rb_4XMM.renamed.noAb_Seh1_Nup85_47_544_3F3F_1.pdb_29": [{"rot": [[0.6497923448728415, -0.20570941656004516, 0.731746912862072], [-0.29318456189916325, 0.8203610318976766, 0.4909690316178485], [-0.7012936055666291, -0.5335648163834438, 0.4727534933864077]], "trans": [-8.637097448187092, -236.46529753974602, 782.0960975106921]}], "rb_4XMM.renamed.noAb_Seh1_Nup85_47_544_3F3F_1.pdb_30": [{"rot": [[0.24010913328476394, 0.4219619313582581, 0.8742400886470726], [-0.7056548556348166, 0.694320848215544, -0.14131448776486794], [-0.6666324540796366, -0.5829808643666183, 0.46447226284257803]], "trans": [-473.0834194309361, 22.607585282961473, 817.89607162588]}], "rb_4XMM.renamed.noAb_Seh1_Nup85_47_544_3F3F_1.pdb_31": [{"rot": [[-0.34043457903423635, 0.777110593780702, 0.529342443444298], [-0.7065861436801285, 0.15999142529813654, -0.6893031012481435], [-0.6203549943032779, -0.6086886468999305, 0.4946289641520243]], "trans": [-618.9975034090962, 535.1850284058391, 827.0736346165253]}], "rb_4XMM.renamed.noAb_Seh1_Nup85_47_544_3F3F_1.pdb_32": [{"rot": [[-0.7517480997413448, 0.6516854766640789, -0.10090011912966856], [-0.295432864366994, -0.46960952686466473, -0.8319773524140252], [-0.5895712146867267, -0.5956281824956321, 0.5455573764781846]], "trans": [-360.89890826041375, 1000.9920551007361, 804.276445580256]}], "rb_4XMM.renamed.noAb_Seh1_Nup85_47_544_3F3F_1.pdb_33": [{"rot": [[-0.7528781688856959, 0.11916238210945834, -0.6472826194988653], [0.28694559402171427, -0.8256528931224656, -0.4857566532225986], [-0.5923146873806516, -0.5514504753543095, 0.5874229177897805]], "trans": [150.01648312608523, 1147.1524580458852, 762.8834241960706]}], "rb_4XMM.renamed.noAb_Seh1_Nup85_47_544_3F3F_1.pdb_34": [{"rot": [[-0.3431627760285538, -0.5084991525174298, -0.7897264849537617], [0.6993837190256278, -0.6995634493099824, 0.14653802902794022], [-0.6269782473979861, -0.5020354492250196, 0.5957001636823465]], "trans": [614.449143908435, 888.0435291295162, 727.167190933613]}], "rb_4XMM.renamed.noAb_Seh1_Nup85_47_544_3F3F_1.pdb_35": [{"rot": [[0.23738102470732875, -0.8636061502045169, -0.44478609065237673], [0.700269441639892, -0.16520616947372502, 0.6944995541202059], [-0.6732554925243793, -0.4763311231661695, 0.5655401868028505]], "trans": [760.3297862390821, 375.45504914191486, 718.0748237381065]}], "rb_4XMM.renamed.noAb_Nup120_715-1036_Nup85_553-744_Nup145c_92-99_554-712_remaining_updated_1.pdb_35": [{"rot": [[0.9871634315867557, -0.09477001216082116, 0.12855739625902693], [0.09257822011520266, 0.9954412945414031, 0.022932559430612013], [-0.13014465989107563, -0.010736569134284637, 0.9914368833087979]], "trans": [15.089982733013585, -54.73123080750133, 79.58768952635074]}], "rb_4XMM.renamed.noAb_Nup120_715-1036_Nup85_553-744_Nup145c_92-99_554-712_remaining_updated_1.pdb_36": [{"rot": [[0.7625354918816312, 0.6343771087054247, 0.12690668844228142], [-0.6377513264721159, 0.7700484462844346, -0.017281086713125286], [-0.1086870240824417, -0.06775746693520636, 0.9917641133206165]], "trans": [-342.0295600188758, 93.92584202929788, 107.37027981989206]}], "rb_4XMM.renamed.noAb_Nup120_715-1036_Nup85_553-744_Nup145c_92-99_554-712_remaining_updated_1.pdb_37": [{"rot": [[0.0888367357704481, 0.9912732705474718, 0.09739269724045813], [-0.9946216276976265, 0.09351227579474558, -0.04453394201968676], [-0.05325271912097021, -0.09291263301514717, 0.9942491591811466]], "trans": [-489.85567870143603, 452.32644961690386, 117.45038692384122]}], "rb_4XMM.renamed.noAb_Nup120_715-1036_Nup85_553-744_Nup145c_92-99_554-712_remaining_updated_1.pdb_38": [{"rot": [[-0.639270606264401, 0.766843669522367, 0.057305134846861075], [-0.7689730292321779, -0.6378427890948004, -0.04286089958522887], [0.003684057523208901, -0.07146581639663603, 0.9974362459861428]], "trans": [-341.7878353028865, 810.5145793771095, 103.94694686838136]}], "rb_4XMM.renamed.noAb_Nup120_715-1036_Nup85_553-744_Nup145c_92-99_554-712_remaining_updated_1.pdb_39": [{"rot": [[-0.995250986945379, 0.09256233036799136, 0.03012786054628912], [-0.09299366170206838, -0.9955786392654922, -0.013242051257755414], [0.028768939283384785, -0.01598086465491107, 0.9994583333473143]], "trans": [15.435653096574413, 958.658691238936, 74.79447013769197]}], "rb_4XMM.renamed.noAb_Nup120_715-1036_Nup85_553-744_Nup145c_92-99_554-712_remaining_updated_1.pdb_40": [{"rot": [[-0.7705660799462017, -0.6365672310721399, 0.031781704823584965], [0.6373182300844816, -0.7701285696118516, 0.026971463986738265], [0.0073068487276136546, 0.041038355141905646, 0.999130853977055]], "trans": [372.55014348061997, 809.9739924369278, 47.09489355171962]}], "rb_4XMM.renamed.noAb_Nup120_715-1036_Nup85_553-744_Nup145c_92-99_554-712_remaining_updated_1.pdb_41": [{"rot": [[-0.09683947184417563, -0.9934106369795818, 0.0612978223819044], [0.9941356425212374, -0.09356440978296299, 0.054222001907462805], [-0.048129418881056915, 0.06618918006583978, 0.9966456499079219]], "trans": [520.3548454072256, 451.5621927787337, 37.09902453974303]}], "rb_4XMM.renamed.noAb_Nup120_715-1036_Nup85_553-744_Nup145c_92-99_554-712_remaining_updated_1.pdb_42": [{"rot": [[0.6312502907893578, -0.7689239886817312, 0.10138525537832628], [0.7684299042772316, 0.6377730158387567, 0.0525458131578731], [-0.10506451632609444, 0.04473790224981927, 0.9934585887249905]], "trans": [372.2655937807526, 93.3860949056791, 50.686589011917874]}], "rb_4XMM.renamed.noAb_Nup120_2-711_3F7F_updated_1.pdb_42": [{"rot": [[0.9705002687326315, 0.05649017460913407, 0.23438875519640295], [-0.078642067203661, 0.9931640407916452, 0.0862589899334887], [-0.22791369782403303, -0.10214718914899411, 0.9683084725918362]], "trans": [-86.47739364233041, 27.786805840564057, 208.91104322642497]}], "rb_4XMM.renamed.noAb_Nup120_2-711_3F7F_updated_1.pdb_43": [{"rot": [[0.628080948478978, 0.7381992727641901, 0.2461222376140929], [-0.7527089815280713, 0.6565703078718552, -0.0484212757786373], [-0.19734110389049925, -0.15484593798830512, 0.9680285244783859]], "trans": [-353.3039842902389, 231.30426735173157, 229.2298044436757]}], "rb_4XMM.renamed.noAb_Nup120_2-711_3F7F_updated_1.pdb_44": [{"rot": [[-0.08928030005087911, 0.9831545994887557, 0.15948686944989737], [-0.9862558579436874, -0.06491443239127698, -0.15193912971673387], [-0.1390266546191239, -0.17086003035064093, 0.9754375630115912]], "trans": [-398.5891817838429, 564.4315237513011, 231.2597319793722]}], "rb_4XMM.renamed.noAb_Nup120_2-711_3F7F_updated_1.pdb_45": [{"rot": [[-0.7613431426745452, 0.6478578705174739, 0.02523487093309337], [-0.6424676432352846, -0.7486342462167704, -0.1636523534421236], [-0.08713177662681339, -0.140808185131443, 0.9861952689512575]], "trans": [-195.8023655708414, 832.0180479412694, 213.8356705623118]}], "rb_4XMM.renamed.noAb_Nup120_2-711_3F7F_updated_1.pdb_46": [{"rot": [[-0.9944036900969959, -0.0712693626343998, -0.07798704425199632], [0.07725967900712745, -0.9940564262162764, -0.0766991753400186], [-0.0720572211592429, -0.08229519699113494, 0.9939996264742744]], "trans": [136.2630014563448, 877.3079978763411, 187.1888859510608]}], "rb_4XMM.renamed.noAb_Nup120_2-711_3F7F_updated_1.pdb_47": [{"rot": [[-0.6519317874844408, -0.7529522270925103, -0.08971002276094207], [0.7512996952587, -0.6574091988933461, 0.057982006817556705], [-0.10263387536054731, -0.02959879941544208, 0.9942787329022169]], "trans": [403.0802585107786, 673.7699990914365, 166.95344519173975]}], "rb_4XMM.renamed.noAb_Nup120_2-711_3F7F_updated_1.pdb_48": [{"rot": [[0.06544769575885812, -0.9978512891289081, -0.003066578489206509], [0.9847902600350332, 0.06409474326034181, 0.16149305751802626], [-0.16094950406877817, -0.013589285123411066, 0.9868690837541965]], "trans": [448.3460076259121, 340.63959795571543, 165.00755970206004]}], "rb_4XMM.renamed.noAb_Nup120_2-711_3F7F_updated_1.pdb_49": [{"rot": [[0.7374837432982627, -0.6625012251258964, 0.13118633723626347], [0.6409493082731876, 0.7477882177255736, 0.17319574375524027], [-0.21284198973628918, -0.04364525332146518, 0.9761113559771758]], "trans": [245.54484806230178, 73.06939738831863, 182.51516154004815]}]}
