{"rb_ScNup133N_56-480_renamed_1.pdb_0": [{"rot": [[-0.6954507997188485, -0.4629158043583393, 0.5495972554932217], [0.34805439943849587, -0.8861417197955055, -0.3059591271221821], [0.6286543726101949, -0.02148977694466353, 0.7773878499725517]], "trans": [959.1408003760159, 256.36340765439877, -286.7477312449009]}], "rb_ScNup133N_56-480_renamed_1.pdb_1": [{"rot": [[-0.23523166939331697, -0.953326032835464, 0.18930276498937953], [0.7724477820238169, -0.3015821133651566, -0.5589030800994812], [0.5899071840221259, 0.0147547963861544, 0.8073362435953709]], "trans": [539.3241413803128, -372.53273177674157, -250.18462902152902]}], "rb_ScNup133N_56-480_renamed_1.pdb_2": [{"rot": [[0.38946395647100734, -0.8881734624048732, -0.2438559560266757], [0.7459586408631931, 0.45947097247924534, -0.4821121566300828], [0.5402439566820552, 0.00585885045986842, 0.8414880516916456]], "trans": [-200.94397785139023, -519.2474620340347, -190.42560141405926]}], "rb_ScNup133N_56-480_renamed_1.pdb_3": [{"rot": [[0.812680572034478, -0.3056253874760495, -0.49612842124577267], [0.2841046883454079, 0.9511819092015393, -0.12057156243438137], [0.5087581094173015, -0.042966244167065806, 0.8598366635380837]], "trans": [-828.0021419534161, -97.83310865988187, -142.45432449605]}], "rb_ScNup133N_56-480_renamed_1.pdb_4": [{"rot": [[0.7864919165457351, 0.4530533157298451, -0.4197298635008047], [-0.342553518003889, 0.8854994969455978, 0.3139231246854029], [0.5138944955060037, -0.10311805862835584, 0.851633203599615]], "trans": [-974.5089235354212, 644.8399749919345, -134.34904377988897]}], "rb_ScNup133N_56-480_renamed_1.pdb_5": [{"rot": [[0.32623967365012674, 0.9434179655050825, -0.05941563513843842], [-0.7669107650245703, 0.3009014189329644, 0.566838790639412], [0.5526441475543565, -0.13935881187199414, 0.8216833743769794]], "trans": [-554.6366708617825, 1273.7035416228803, -170.83394209237503]}], "rb_ScNup133N_56-480_renamed_1.pdb_6": [{"rot": [[-0.2984539032074751, 0.8782060358697672, 0.373737108436032], [-0.7403725939747381, -0.4601465279036602, 0.49001387220089765], [0.6023069730223407, -0.13045815965323657, 0.7875322081213885]], "trans": [185.64944359178344, 1420.3605637194378, -230.51164666380083]}], "rb_ScNup133N_56-480_renamed_1.pdb_7": [{"rot": [[-0.7216345085244538, 0.2956195946924745, 0.6259813825829977], [-0.2784854396435958, -0.9518117255313313, 0.12845348982249158], [0.6337897885049723, -0.08163022954102767, 0.7691859395568121]], "trans": [812.6812892834278, 998.8974066686119, -278.3981117994043]}], "rb_ScNup133C_490_881_renamed_relative_3CQC_1.pdb_7": [{"rot": [[0.730773735860086, 0.3642540060407729, -0.5773116715088512], [-0.3106556647254592, 0.9305379728865918, 0.19388692320550605], [0.607834521026141, 0.0376576698610428, 0.793170281181513]], "trans": [235.98248358397666, 133.45077477560957, -285.8843799772677]}], "rb_ScNup133C_490_881_renamed_relative_3CQC_1.pdb_8": [{"rot": [[0.3110834721567424, 0.9149990602350385, -0.256912033816836], [-0.6996767706602659, 0.4034392273905934, 0.5896517670633272], [0.6431792051592841, -0.0036755368966936985, 0.7657068632833286]], "trans": [-59.988242210480735, 50.26136918566459, -261.8476864343571]}], "rb_ScNup133C_490_881_renamed_relative_3CQC_1.pdb_9": [{"rot": [[-0.26000971257319394, 0.9330290976505257, 0.2486999242160171], [-0.6769351617909557, -0.3597982008946341, 0.6421090572200636], [0.6885882195468198, -0.0013991320281346309, 0.7251512299726934]], "trans": [-327.98681408349955, 201.41212980189664, -241.1807223288343]}], "rb_ScNup133C_490_881_renamed_relative_3CQC_1.pdb_10": [{"rot": [[-0.6479513783010223, 0.4077818681457136, 0.6433295884454546], [-0.25575319324985457, -0.912059064831866, 0.3205285734541077], [0.7174603232934269, 0.04315333439740979, 0.6952614430774062]], "trans": [-411.01397651273794, 498.35692662477106, -235.96648173672156]}], "rb_ScNup133C_490_881_renamed_relative_3CQC_1.pdb_11": [{"rot": [[-0.6254798272658939, -0.35304539524954165, 0.6957973372876064], [0.31713479912590276, -0.9298211634484904, -0.18670330255962206], [0.7128818309276802, 0.10388239935807872, 0.6935473612067223]], "trans": [-260.4293337248943, 767.1414275489927, -249.23553541648477]}], "rb_ScNup133C_490_881_renamed_relative_3CQC_1.pdb_12": [{"rot": [[-0.20575921091305666, -0.9037493539738861, 0.3753668236754814], [0.7061229516819056, -0.40267920892929837, -0.5824429858828312], [0.677534887834176, 0.14521212032009648, 0.7210131176890422]], "trans": [35.554420630713025, 850.307998866869, -273.19067972767476]}], "rb_ScNup133C_490_881_renamed_relative_3CQC_1.pdb_13": [{"rot": [[0.36533221563730695, -0.9217198640807814, -0.13024923944669559], [0.6833365199178972, 0.3605596090668089, -0.6348605900952491], [0.6321262316689873, 0.14293096399484762, 0.7615688851098568]], "trans": [303.5477432208968, 699.1366072469116, -293.7746484640754]}], "rb_ScNup133C_490_881_renamed_relative_3CQC_1.pdb_14": [{"rot": [[0.7532410423228791, -0.3964295473654151, -0.5248538331154634], [0.2621241168499206, 0.9127792292903775, -0.31324914356102185], [0.6032568934757329, 0.09837526392196684, 0.7914565230777314]], "trans": [386.55828030574276, 402.1857022118935, -298.90505760475685]}], "rb_ScNup84_506-726_ScNup133C_882_1155_renamed_relative_3CQC_new_1.pdb_14": [{"rot": [[0.972668485929174, 0.2107103383604516, 0.09755598284202852], [-0.2276566183895195, 0.9480822752008625, 0.22206409784881076], [-0.04569989697689533, -0.23820401499131266, 0.9701393542467603]], "trans": [-75.54935735000095, 85.33121496279472, 106.79900534886522]}], "rb_ScNup84_506-726_ScNup133C_882_1155_renamed_relative_3CQC_new_1.pdb_15": [{"rot": [[0.5281665608461991, 0.8130605397691059, 0.2448931250040921], [-0.8491098690198039, 0.5081674378096742, 0.14414674981810632], [-0.007246677657461953, -0.2840746624046616, 0.9587747763904763]], "trans": [-307.0070821421883, 258.41065834813924, 124.44674428324211]}], "rb_ScNup84_506-726_ScNup133C_882_1155_renamed_relative_3CQC_new_1.pdb_16": [{"rot": [[-0.2243174555082199, 0.9290496861039652, 0.29419102621331356], [-0.9730555802674834, -0.230053060517877, -0.015441083403381323], [0.053334012268251144, -0.28972792426081884, 0.9556218985764654]], "trans": [-348.72909547824105, 544.9346485614519, 126.41941087450962]}], "rb_ScNup84_506-726_ScNup133C_882_1155_renamed_relative_3CQC_new_1.pdb_17": [{"rot": [[-0.8439678163290337, 0.4907296999951058, 0.21657028084092386], [-0.526884606849139, -0.8341192429524852, -0.16321059892605633], [0.10055315045403332, -0.2518520400534552, 0.9625277210837525]], "trans": [-176.27214032624738, 777.0535089426917, 111.58539412009094]}], "rb_ScNup84_506-726_ScNup133C_882_1155_renamed_relative_3CQC_new_1.pdb_18": [{"rot": [[-0.9677846031773223, -0.2451253903830983, 0.057502215978578713], [0.22802980399603803, -0.9501606224907847, -0.2125963310065668], [0.10674909996080492, -0.19263523680121172, 0.9754467157154715]], "trans": [109.33798068195074, 818.7888549997763, 88.6586750955471]}], "rb_ScNup84_506-726_ScNup133C_882_1155_renamed_relative_3CQC_new_1.pdb_19": [{"rot": [[-0.5232341965006637, -0.8474412975303208, -0.08982885311764555], [0.8494481461017499, -0.5101985228157883, -0.1346674214533274], [0.06829218620461117, -0.1467675528061784, 0.9868107532585368]], "trans": [340.78874489630863, 645.6916493392657, 71.09405397338082]}], "rb_ScNup84_506-726_ScNup133C_882_1155_renamed_relative_3CQC_new_1.pdb_20": [{"rot": [[0.22925950730902112, -0.9633728703854282, -0.13911430880310655], [0.9733347926638473, 0.22803105461728568, 0.024924275719749464], [0.007711011506314258, -0.14111892408699006, 0.9899626202872915]], "trans": [382.49494452354395, 359.16479250286625, 69.20513836930141]}], "rb_ScNup84_506-726_ScNup133C_882_1155_renamed_relative_3CQC_new_1.pdb_21": [{"rot": [[0.8488750863987954, -0.5250057589347212, -0.06148203621233609], [0.5271151993245369, 0.8320628143111007, 0.17268769406574527], [-0.03950511780126018, -0.1789983969930122, 0.9830559086549658]], "trans": [210.02641310387094, 127.05987404920188, 84.12248657907523]}], "rb_4XMM.renamed.noAb_Nup145c_149-550_Sec13_Nup84_7-436_3IKO_updated_1.pdb_21": [{"rot": [[0.9980908640063019, -0.024143416410815022, 0.05684824211150028], [0.025164052908553745, 0.9995335148838619, -0.017306734675495233], [-0.05640387955069468, 0.018704225937644932, 0.9982328156816446]], "trans": [-6.262251275744688, -8.069783755872834, 22.284313769640164]}], "rb_4XMM.renamed.noAb_Nup145c_149-550_Sec13_Nup84_7-436_3IKO_updated_1.pdb_22": [{"rot": [[0.724213900794366, 0.6879142586658568, 0.04783511911151478], [-0.6888737273563051, 0.7248627441694158, 0.005195177900211571], [-0.031100058752982187, -0.03671477685331492, 0.9988417349641394]], "trans": [-325.40405031489706, 138.66780207709297, 47.04918194032848]}], "rb_4XMM.renamed.noAb_Nup145c_149-550_Sec13_Nup84_7-436_3IKO_updated_1.pdb_23": [{"rot": [[0.02716200430829857, 0.9979862371612769, 0.05732099055870135], [-0.9992936523761959, 0.02561845484112163, 0.027493473629120024], [0.025969633085541854, -0.058027279862390396, 0.9979771605348358]], "trans": [-447.71902651051846, 468.7719797243894, 55.23356851549693]}], "rb_4XMM.renamed.noAb_Nup145c_149-550_Sec13_Nup84_7-436_3IKO_updated_1.pdb_24": [{"rot": [[-0.6847219960586213, 0.7244279820579317, 0.07974889920851073], [-0.7242473531535237, -0.6885721890680262, 0.03652549646726583], [0.08137296580321517, -0.032748118320572686, 0.9961455722849193]], "trans": [-301.551428826786, 788.8631842465052, 42.066949340747726]}], "rb_4XMM.renamed.noAb_Nup145c_149-550_Sec13_Nup84_7-436_3IKO_updated_1.pdb_25": [{"rot": [[-0.9944064153270472, 0.027493776366757997, 0.1019802599403726], [-0.024860829925749464, -0.9993262382679698, 0.027000160084541133], [0.10265388590703337, 0.024313818504763655, 0.9944199404365855]], "trans": [27.473616389306528, 911.4275915435803, 15.286520479165745]}], "rb_4XMM.renamed.noAb_Nup145c_149-550_Sec13_Nup84_7-436_3IKO_updated_1.pdb_26": [{"rot": [[-0.7204737541392233, -0.6845424954460545, 0.11099162817537593], [0.6891554306503195, -0.7245995891052885, 0.004497540841189057], [0.07734573033920632, 0.07973084344802735, 0.9938111644579968]], "trans": [346.61051173629784, 764.6653604580247, -9.395360336900637]}], "rb_4XMM.renamed.noAb_Nup145c_149-550_Sec13_Nup84_7-436_3IKO_updated_1.pdb_27": [{"rot": [[-0.02339762786950006, -0.994559945641128, 0.1015040173411637], [0.999520635499948, -0.02533098630523478, -0.01780000962310343], [0.020274373476360644, 0.10103888191740287, 0.9946758739011521]], "trans": [468.9062774289608, 434.5519921023947, -17.495694409693783]}], "rb_4XMM.renamed.noAb_Nup145c_149-550_Sec13_Nup84_7-436_3IKO_updated_1.pdb_28": [{"rot": [[0.6884649399399385, -0.7209459806481406, 0.07907540363973016], [0.7244184714728352, 0.688838162924621, -0.026830271850892234], [-0.03512697912511693, 0.07575538453418759, 0.9965075097818479]], "trans": [322.7202428935003, 114.47266905309209, -4.245186923474478]}], "rb_4XMM.renamed.noAb_Seh1_Nup85_47_544_3F3F_1.pdb_28": [{"rot": [[0.6800582214737441, -0.7024565972958797, 0.20994176411916285], [0.26389905459414387, 0.5016943229537694, 0.8238082879531377], [-0.6840161579891874, -0.5048341660698661, 0.5265589809112154]], "trans": [461.87305870162754, -92.75617544188879, 735.0850327010634]}], "rb_4XMM.renamed.noAb_Seh1_Nup85_47_544_3F3F_1.pdb_29": [{"rot": [[0.6546456236405898, -0.1542917714304391, 0.7400224028481057], [-0.33207625058110984, 0.8207360106269419, 0.46488467888301926], [-0.6790909153038487, -0.550078585412151, 0.4860546045690255]], "trans": [-39.13491853683786, -210.08208725386822, 775.630555004614]}], "rb_4XMM.renamed.noAb_Seh1_Nup85_47_544_3F3F_1.pdb_30": [{"rot": [[0.21657051410850844, 0.4583519557212917, 0.861980682559213], [-0.7352967221902896, 0.6573975165350295, -0.16482486338473032], [-0.642211758499481, -0.5981153650760411, 0.4793976087810218]], "trans": [-476.2325337008355, 62.384502672785814, 809.1855011324913]}], "rb_4XMM.renamed.noAb_Seh1_Nup85_47_544_3F3F_1.pdb_31": [{"rot": [[-0.3775365310995625, 0.7765792505172763, 0.5043717233859742], [-0.7095501225560886, 0.10736483358984111, -0.6964276100851174], [-0.5949830176281939, -0.6208038822158366, 0.5104877555434577]], "trans": [-593.359927411658, 565.0289409753012, 816.1169154194313]}], "rb_4XMM.renamed.noAb_Seh1_Nup85_47_544_3F3F_1.pdb_32": [{"rot": [[-0.7796392279913971, 0.6139680766611701, -0.12331210410160273], [-0.2699191727712767, -0.5071451370785021, -0.8185031766023267], [-0.5650719550176336, -0.6048528835829532, 0.5611119985118287]], "trans": [-321.9003075979907, 1003.3951452046633, 792.388282544389]}], "rb_4XMM.renamed.noAb_Seh1_Nup85_47_544_3F3F_1.pdb_33": [{"rot": [[-0.7541801470797334, 0.06577835261543188, -0.6533647634193279], [0.32605411798381134, -0.8261437900618985, -0.4595379748050896], [-0.570000892891049, -0.5596066890856151, 0.6016139423534375]], "trans": [179.12336621194464, 1120.6821287550124, 751.9241751204747]}], "rb_4XMM.renamed.noAb_Seh1_Nup85_47_544_3F3F_1.pdb_34": [{"rot": [[-0.31607357693566407, -0.546852651798836, -0.7752739329963817], [0.7292401927614455, -0.6627572165616674, 0.17018111868442745], [-0.6068823899441694, -0.511571157431705, 0.6082669772884609]], "trans": [616.2062748057508, 848.1816397112644, 718.4530427217184]}], "rb_4XMM.renamed.noAb_Seh1_Nup85_47_544_3F3F_1.pdb_35": [{"rot": [[0.27803147634777536, -0.8650370560985935, -0.41762350237523493], [0.7034469640332334, -0.11269957508493078, 0.7017557798608469], [-0.6541107451741685, -0.48888618036507986, 0.5771736616441704]], "trans": [733.3010007994292, 345.528423607323, 711.6067515514646]}], "rb_4XMM.renamed.noAb_Nup120_715-1036_Nup85_553-744_Nup145c_92-99_554-712_remaining_updated_1.pdb_35": [{"rot": [[0.9816350479868206, -0.0815245627711376, 0.17247138379710603], [0.07823300690020685, 0.9966009867467853, 0.025808329017725683], [-0.17398916401680303, -0.011841405335087579, 0.9846763691307034]], "trans": [-1.0096500573562253, -48.061658045321906, 105.5756192510226]}], "rb_4XMM.renamed.noAb_Nup120_715-1036_Nup85_553-744_Nup145c_92-99_554-712_remaining_updated_1.pdb_36": [{"rot": [[0.7476361989941877, 0.6445630938224663, 0.15993289854040244], [-0.6465240251762107, 0.761469912267441, -0.04658602345518621], [-0.15181172162739853, -0.06857106382014996, 0.986027996754199]], "trans": [-348.22753069108967, 111.48521837284846, 132.51600172563928]}], "rb_4XMM.renamed.noAb_Nup120_715-1036_Nup85_553-744_Nup145c_92-99_554-712_remaining_updated_1.pdb_37": [{"rot": [[0.07123680641291019, 0.9924306817588374, 0.10003329103742864], [-0.9928082634628471, 0.08022081868233333, -0.08886153414060666], [-0.09621366541180912, -0.09298366605821451, 0.9910080566949994]], "trans": [-481.3733958986617, 470.55915986916955, 141.4227256395343]}], "rb_4XMM.renamed.noAb_Nup120_715-1036_Nup85_553-744_Nup145c_92-99_554-712_remaining_updated_1.pdb_38": [{"rot": [[-0.6513188283514646, 0.7582924630918602, 0.02786259594789253], [-0.7577615185636317, -0.6480609693741625, -0.07625261279431572], [-0.0397651206337197, -0.07077796544053155, 0.9966991596209385]], "trans": [-322.4466071455142, 818.8097053677014, 127.1021114403274]}], "rb_4XMM.renamed.noAb_Nup120_715-1036_Nup85_553-744_Nup145c_92-99_554-712_remaining_updated_1.pdb_39": [{"rot": [[-0.9967474264195156, 0.07930990766553278, -0.014300575937954899], [-0.07907748779962775, -0.9967377116853392, -0.0161457433267616], [-0.015534440748616441, -0.014962374489318414, 0.9997673771934497]], "trans": [35.45319518830212, 952.2268917778914, 97.96738174776078]}], "rb_4XMM.renamed.noAb_Nup120_715-1036_Nup85_553-744_Nup145c_92-99_554-712_remaining_updated_1.pdb_40": [{"rot": [[-0.7626920444997459, -0.6467594298973703, -0.0017564440286606843], [0.6456611541627774, -0.7615496562632432, 0.05624762262110297], [-0.037716299685779164, 0.041765546616371815, 0.9984153042966879]], "trans": [382.665173847688, 792.6531669135015, 71.11007691661518]}], "rb_4XMM.renamed.noAb_Nup120_715-1036_Nup85_553-744_Nup145c_92-99_554-712_remaining_updated_1.pdb_41": [{"rot": [[-0.08626562550164174, -0.9945738940748414, 0.05814646233105071], [0.9918922920471556, -0.08027328212571982, 0.09851843053055909], [-0.09331625171560694, 0.06617378182913822, 0.9934350042978045]], "trans": [515.7895693843402, 433.5691855847913, 62.28758970616019]}], "rb_4XMM.renamed.noAb_Nup120_715-1036_Nup85_553-744_Nup145c_92-99_554-712_remaining_updated_1.pdb_42": [{"rot": [[0.6362716967131992, -0.7603788675677726, 0.13031617596468065], [0.7567888434217934, 0.647990104760594, 0.08590384510985585], [-0.149763060979703, 0.043963642805225744, 0.9877440071583747]], "trans": [356.84214717817486, 85.33152393343596, 76.69226242253686]}], "rb_4XMM.renamed.noAb_Nup120_2-711_3F7F_updated_1.pdb_42": [{"rot": [[0.9262261961949941, 0.36558261783341717, 0.09194771895059489], [-0.3730002921239901, 0.8534997126092877, 0.3638805060061354], [0.05455103626485919, -0.371332182976279, 0.9268962155109389]], "trans": [-199.70725284455204, 204.89284168255313, 209.29306708706898]}], "rb_4XMM.renamed.noAb_Nup120_2-711_3F7F_updated_1.pdb_43": [{"rot": [[0.3947577476058015, 0.8535444664337433, 0.3400414158974318], [-0.9133771402464412, 0.3244716626757449, 0.24588684347819395], [0.09954155102481826, -0.40765179251509925, 0.9076957065442137]], "trans": [-308.7119159845623, 436.3582383819073, 216.89646354079844]}], "rb_4XMM.renamed.noAb_Nup120_2-711_3F7F_updated_1.pdb_44": [{"rot": [[-0.362093231549783, 0.825803825486875, 0.4323615772441823], [-0.9183263313475308, -0.3955938607253643, -0.013499870746978754], [0.15989134066490057, -0.40193723287056016, 0.9015992568834209]], "trans": [-222.65888275465, 677.2878840038385, 208.90650574919985]}], "rb_4XMM.renamed.noAb_Nup120_2-711_3F7F_updated_1.pdb_45": [{"rot": [[-0.9009527660836115, 0.2986115536025256, 0.314825750759645], [-0.38494855949664636, -0.8848723210617897, -0.2623272421236057], [0.20024664748191184, -0.3575361736577236, 0.9121782526997934]], "trans": [8.042679970597021, 786.5419118301957, 190.02782854618323]}], "rb_4XMM.renamed.noAb_Nup120_2-711_3F7F_updated_1.pdb_46": [{"rot": [[-0.9061493427463307, -0.4191956829384199, 0.056288080853615224], [0.37429595592938125, -0.856737497442163, -0.3548286880333228], [0.19696676373262087, -0.3004593814184042, 0.9332353690802585]], "trans": [248.2464571939588, 700.1178886736853, 171.34383212781077]}], "rb_4XMM.renamed.noAb_Nup120_2-711_3F7F_updated_1.pdb_47": [{"rot": [[-0.3746387336571891, -0.9071162838882402, -0.191796420061809], [0.9146310724463173, -0.32767116624387477, -0.23681555719183023], [0.1519730915637231, -0.2641432458291658, 0.9524350503437993]], "trans": [357.2396026839952, 468.6443426732978, 163.82386994150093]}], "rb_4XMM.renamed.noAb_Nup120_2-711_3F7F_updated_1.pdb_48": [{"rot": [[0.38221265207980654, -0.8793194815300573, -0.28409635335890937], [0.919520860073398, 0.3923921558818481, 0.022578394368780688], [0.09162355854253645, -0.269862271175696, 0.9585298524907275]], "trans": [271.1743083485548, 227.72185764823814, 171.8972467686475]}], "rb_4XMM.renamed.noAb_Nup120_2-711_3F7F_updated_1.pdb_49": [{"rot": [[0.921030601095385, -0.35208903462020824, -0.16654111668318505], [0.386100812272674, 0.8816292219409152, 0.27139653236958705], [0.051271772041287675, -0.31426617177174, 0.9479493544866624]], "trans": [40.47075046925289, 118.4863391284041, 190.85846953048136]}]}
