{"rb_ScNup133N_56-480_renamed_1.pdb_0": [{"rot": [[-0.6470654361095454, -0.2358172807943096, 0.7250493303707972], [0.2645847216447862, -0.9613205333419331, -0.07653598661630999], [0.7150533172180342, 0.14231318369693907, 0.6844309397459516]], "trans": [838.4513773630857, 252.73318571676418, -344.116419901151]}], "rb_ScNup133N_56-480_renamed_1.pdb_1": [{"rot": [[-0.25806648832408036, -0.8420884085018184, 0.4735913849205357], [0.6843026339293529, -0.5053569711878984, -0.5256845412118784], [0.6820055665472435, 0.1884182685905679, 0.706659014843726]], "trans": [450.06894665662287, -293.346500047107, -310.46176146779777]}], "rb_ScNup133N_56-480_renamed_1.pdb_2": [{"rot": [[0.31295467160000384, -0.9495384448901246, -0.020883371360413905], [0.7050291648250996, 0.2469884085602015, -0.6647786118573018], [0.6363907999568785, 0.19332218629154332, 0.7467484730601741]], "trans": [-209.58688214866578, -403.82296236542186, -257.30434884705767]}], "rb_ScNup133N_56-480_renamed_1.pdb_3": [{"rot": [[0.7314857967808244, -0.4952216435974448, -0.4687046541486085], [0.31462242028921183, 0.8549810743760762, -0.41233493074209493], [0.6049307908837837, 0.15415215266539428, 0.7812143445107393]], "trans": [-754.0785100521923, -13.977415098813623, -215.76053897049115]}], "rb_ScNup133N_56-480_renamed_1.pdb_4": [{"rot": [[0.7523454527985913, 0.2547168073120703, -0.6075324417066359], [-0.25821182399408876, 0.9624503499281973, 0.08376143428054991], [0.6060552562291057, 0.09385452570779312, 0.7898660357308935]], "trans": [-864.4331507568536, 647.8132401369015, -210.14327653032393]}], "rb_ScNup133N_56-480_renamed_1.pdb_5": [{"rot": [[0.36331375903694707, 0.860952389163469, -0.35603945861119934], [-0.6778991907608005, 0.506439218281348, 0.5328902376216206], [0.6391054683385936, 0.047752505487042574, 0.7676352640150237]], "trans": [-476.00158639816146, 1193.862823051582, -243.71922816621958]}], "rb_ScNup133N_56-480_renamed_1.pdb_6": [{"rot": [[-0.20770903295165527, 0.9683437501864985, 0.1384461595893327], [-0.6985809029671127, -0.24591456988879185, 0.6719454935677913], [0.684720146950519, 0.042853305486943605, 0.727545128888168]], "trans": [183.66940907676852, 1304.2879054698687, -296.795123087766]}], "rb_ScNup133N_56-480_renamed_1.pdb_7": [{"rot": [[-0.6262097201989252, 0.5139795168756771, 0.586247765505872], [-0.30814132199042515, -0.8538715572837406, 0.41946667250668596], [0.716177570167047, 0.08202694614627387, 0.6930809967785434]], "trans": [728.13717849695, 914.4000339126471, -338.2543487786161]}], "rb_ScNup133C_490_881_renamed_relative_3CQC_1.pdb_7": [{"rot": [[0.7504340682910676, 0.36874381942968815, -0.5485222919631622], [-0.31067874048467436, 0.929303551060325, 0.1996838255781469], [0.5833758902791332, 0.02056466919434935, 0.8119419098814603]], "trans": [216.23919095483973, 131.47415242299297, -273.4966544280618]}], "rb_ScNup133C_490_881_renamed_relative_3CQC_1.pdb_8": [{"rot": [[0.324521716716995, 0.9169739112053776, -0.23204418016352862], [-0.714957776289592, 0.39841756730745553, 0.5745422701454161], [0.6192907503766658, -0.020549652783412087, 0.784892781383792]], "trans": [-75.13369711609698, 63.4915821419759, -249.90042545622316]}], "rb_ScNup133C_490_881_renamed_relative_3CQC_1.pdb_9": [{"rot": [[-0.2617279782879352, 0.9305553494694201, 0.2560570384800078], [-0.6985871026281356, -0.3657127542445645, 0.615004261305951], [0.6659388300909729, -0.017914322669218163, 0.7457912252234979]], "trans": [-329.16071476439885, 222.12933314372845, -230.38350847841855]}], "rb_ScNup133C_490_881_renamed_relative_3CQC_1.pdb_10": [{"rot": [[-0.6648816792691344, 0.40153193618846084, 0.6298447878588807], [-0.2711568909576858, -0.9154490969930272, 0.2973665941238348], [0.6959930265874898, 0.026926845997881227, 0.7175434843312207]], "trans": [-397.02733993147865, 514.4552908943147, -226.35518374758908]}], "rb_ScNup133C_490_881_renamed_relative_3CQC_1.pdb_11": [{"rot": [[-0.6487662637246334, -0.3601869539073877, 0.6703489339796801], [0.316938213959224, -0.9287481600734512, -0.19229410727454144], [0.6918471677943859, 0.08770526435222159, 0.7166974836148026]], "trans": [-238.9744333357818, 769.2209043426159, -240.1512957892465]}], "rb_ScNup133C_490_881_renamed_relative_3CQC_1.pdb_12": [{"rot": [[-0.22282236930775978, -0.9083756547636267, 0.3538415769363815], [0.7211838075212883, -0.39781916481653457, -0.5671276997941191], [0.6559299562492705, 0.12881607794613115, 0.7437488222225314]], "trans": [52.41029713221286, 837.1810017306474, -263.66588274302165]}], "rb_ScNup133C_490_881_renamed_relative_3CQC_1.pdb_13": [{"rot": [[0.3634260648231709, -0.9218974959579898, -0.13426281076131646], [0.704767121156981, 0.366312197257388, -0.6075513797832756], [0.6092822009079553, 0.12617599251382627, 0.7828504445741253]], "trans": [306.43148117891855, 678.5237165663065, -283.0997631145306]}], "rb_ScNup133C_490_881_renamed_relative_3CQC_1.pdb_14": [{"rot": [[0.7665464398513377, -0.39283119226085783, -0.5080257965282358], [0.27730528121379105, 0.9160069999932072, -0.2898843855304747], [0.5792308145827325, 0.08133160732675558, 0.811096068963145]], "trans": [374.28184083034364, 386.1928403617645, -287.0442908632433]}], "rb_ScNup84_506-726_ScNup133C_882_1155_renamed_relative_3CQC_new_1.pdb_14": [{"rot": [[0.9804288165034457, 0.17178348334401689, 0.09617572781033527], [-0.18748272027218438, 0.9637503031128204, 0.1898304054920799], [-0.060079658529270094, -0.20414648686700804, 0.9770950038409077]], "trans": [-68.40052465948133, 67.78059149586281, 103.31439140516264]}], "rb_ScNup84_506-726_ScNup133C_882_1155_renamed_relative_3CQC_new_1.pdb_15": [{"rot": [[0.5617060936831277, 0.7971827377721886, 0.22132769125728063], [-0.8270003748915565, 0.5486422244767417, 0.12272770449428429], [-0.02359330940044628, -0.2519749831218356, 0.9674461037351301]], "trans": [-314.3808694335687, 240.76166531331165, 122.12015169110293]}], "rb_ScNup84_506-726_ScNup133C_882_1155_renamed_relative_3CQC_new_1.pdb_16": [{"rot": [[-0.18527606377218836, 0.9469621295954135, 0.26255571847743425], [-0.9820009644769702, -0.18839432962114794, -0.013478958895146761], [0.03669994495067787, -0.2603272972216244, 0.9648226844150689]], "trans": [-366.44503489962904, 537.5178177575744, 124.86736754519262]}], "rb_ScNup84_506-726_ScNup133C_882_1155_renamed_relative_3CQC_new_1.pdb_17": [{"rot": [[-0.8229249755767581, 0.5333787791942216, 0.19570784981004635], [-0.5616829581409769, -0.8155929535748918, -0.13899780074873075], [0.08547946599032746, -0.22431052579908944, 0.9707615819086283]], "trans": [-194.09118548364717, 784.2052272602319, 109.97068608554935]}], "rb_ScNup84_506-726_ScNup133C_882_1155_renamed_relative_3CQC_new_1.pdb_18": [{"rot": [[-0.9776969183458083, -0.2012843552411277, 0.05994450927542103], [0.18772542952090882, -0.9655318499717891, -0.18029811369296805], [0.09416952250222907, -0.1650238013900287, 0.9817837063256265]], "trans": [101.71527697648139, 836.3110478373329, 86.18079825562683]}], "rb_ScNup84_506-726_ScNup133C_882_1155_renamed_relative_3CQC_new_1.pdb_19": [{"rot": [[-0.5589243057208365, -0.8266512508082116, -0.06520222397815667], [0.8272101983580884, -0.5503746991640985, -0.113185592070712], [0.05767935685191399, -0.11719812309608416, 0.9914321417706318]], "trans": [347.6886692397566, 663.3110718979208, 67.45816068479883]}], "rb_ScNup84_506-726_ScNup133C_882_1155_renamed_relative_3CQC_new_1.pdb_20": [{"rot": [[0.18806996112861074, -0.9763731624106047, -0.10641962904180213], [0.9821521540505014, 0.18667358618920837, 0.023024302665164934], [-0.002614577411327569, -0.10885044760391237, 0.9940546987170198]], "trans": [399.73622323278505, 366.55124144214403, 64.79476335243277]}], "rb_ScNup84_506-726_ScNup133C_882_1155_renamed_relative_3CQC_new_1.pdb_21": [{"rot": [[0.8256861080629649, -0.562740883152672, -0.039561968863820456], [0.5617841142719576, 0.8138397281473413, 0.14853789361887032], [-0.051391243451615574, -0.14487096091905205, 0.9881150463275441]], "trans": [227.36966129520295, 119.87776625978472, 79.77486687091744]}], "rb_4XMM.renamed.noAb_Nup145c_149-550_Sec13_Nup84_7-436_3IKO_updated_1.pdb_21": [{"rot": [[0.998930427324692, -0.029043529724727474, 0.03597880968062655], [0.029192308941555143, 0.9995672707283805, -0.003616681804449277], [-0.035858199391027364, 0.004663118027962225, 0.9993460085809558]], "trans": [0.5317462949991523, -13.159685905199751, 17.34223412088494]}], "rb_4XMM.renamed.noAb_Nup145c_149-550_Sec13_Nup84_7-436_3IKO_updated_1.pdb_22": [{"rot": [[0.7280551491705453, 0.6841865810725485, 0.0427132537569926], [-0.6854336284812819, 0.7275312800902854, 0.029647553645651574], [-0.010790769816662712, -0.050862154598923855, 0.9986473854751315]], "trans": [-324.2735283083159, 129.99590929759677, 42.575944438340116]}], "rb_4XMM.renamed.noAb_Nup145c_149-550_Sec13_Nup84_7-436_3IKO_updated_1.pdb_23": [{"rot": [[0.03271195542545724, 0.9969451403343179, 0.0709247145642945], [-0.9983985345337805, 0.02931763190976, 0.048382256044957744], [0.046155110367530595, -0.07239380928634416, 0.9963076041885709]], "trans": [-453.1195780623917, 461.58567997645963, 51.27366990516663]}], "rb_4XMM.renamed.noAb_Nup145c_149-550_Sec13_Nup84_7-436_3IKO_updated_1.pdb_24": [{"rot": [[-0.6797573066756674, 0.726013774149351, 0.10408652058001744], [-0.7263631544452119, -0.6860502738966039, 0.04161237256865189], [0.10161974161274154, -0.047318299122076794, 0.9936973415898573]], "trans": [-310.52465695272616, 787.3597798471236, 38.36416520615484]}], "rb_4XMM.renamed.noAb_Nup145c_149-550_Sec13_Nup84_7-436_3IKO_updated_1.pdb_25": [{"rot": [[-0.9919780975773947, 0.030107896961064428, 0.12277201825868604], [-0.028689649570318842, -0.9994998314199675, 0.013303796412510949], [0.12311116088422493, 0.009674788474957109, 0.99234572631402]], "trans": [19.979032985515516, 916.4752645857252, 11.434005119188612]}], "rb_4XMM.renamed.noAb_Nup145c_149-550_Sec13_Nup84_7-436_3IKO_updated_1.pdb_26": [{"rot": [[-0.721047075656341, -0.6831010161007749, 0.116034979594619], [0.6859150037387676, -0.7274078702243825, -0.019959909360273875], [0.09803939174373413, 0.06519809918787993, 0.9930445536474192]], "trans": [344.77968342374635, 773.2945794992359, -13.716737960343437]}], "rb_4XMM.renamed.noAb_Nup145c_149-550_Sec13_Nup84_7-436_3IKO_updated_1.pdb_27": [{"rot": [[-0.02567945368126895, -0.9958051275188676, 0.08782205682947197], [0.9988253236479728, -0.02916969767487626, -0.03869239688975386], [0.04109183006571357, 0.08672529472238048, 0.9953844406846846]], "trans": [473.606406985344, 441.695105554161, -22.330399209787345]}], "rb_4XMM.renamed.noAb_Nup145c_149-550_Sec13_Nup84_7-436_3IKO_updated_1.pdb_28": [{"rot": [[0.6867686107113545, -0.7248179596965241, 0.05466077792127902], [0.7267340327189742, 0.6861769195908177, -0.03191991085308546], [-0.01437083955823272, 0.06164544040089129, 0.997994648606979]], "trans": [330.99260589038596, 115.93260693528725, -9.336969515408839]}], "rb_4XMM.renamed.noAb_Seh1_Nup85_47_544_3F3F_1.pdb_28": [{"rot": [[0.6947485594813496, -0.6974743469295877, 0.1756529944912201], [0.2784410783389065, 0.4859849038856709, 0.8284257595516329], [-0.6631704192679694, -0.5266385938861471, 0.5318428211770515]], "trans": [462.4608361428451, -92.3726206929116, 735.7207375553296]}], "rb_4XMM.renamed.noAb_Seh1_Nup85_47_544_3F3F_1.pdb_29": [{"rot": [[0.6757242974232477, -0.1622656746260061, 0.7190733792249739], [-0.3309461111118711, 0.8048606563329178, 0.4926195240013044], [-0.658689111350556, -0.5708495202113336, 0.4901627075397545]], "trans": [-38.43524902511098, -210.188504018418, 776.2597253108012]}], "rb_4XMM.renamed.noAb_Seh1_Nup85_47_544_3F3F_1.pdb_30": [{"rot": [[0.23271413188437987, 0.4410963393719919, 0.8667630311762986], [-0.7481779626449362, 0.6505953870969431, -0.130212820031856], [-0.6213484280448203, -0.618190635387503, 0.4814213012377241]], "trans": [-475.79909322314626, 61.85239325303988, 809.8379627369732]}], "rb_4XMM.renamed.noAb_Seh1_Nup85_47_544_3F3F_1.pdb_31": [{"rot": [[-0.3747603357192508, 0.7591537198599816, 0.5322032698080158], [-0.7288341746631124, 0.1135598660364775, -0.6752073034771718], [-0.573023068134897, -0.640928846634731, 0.5107394413365187]], "trans": [-593.414876350585, 564.3847945183695, 816.8088497976332]}], "rb_4XMM.renamed.noAb_Seh1_Nup85_47_544_3F3F_1.pdb_32": [{"rot": [[-0.790831996875444, 0.6055839687390341, -0.08861607937769866], [-0.28424661091356335, -0.4916429264104112, -0.8230984735101607], [-0.5420227088435939, -0.6257437891956132, 0.5609421479804892]], "trans": [-322.3797009295679, 1003.0182502046626, 793.1127474643254]}], "rb_4XMM.renamed.noAb_Seh1_Nup85_47_544_3F3F_1.pdb_33": [{"rot": [[-0.7717602058684803, 0.07035041154929117, -0.6320102880750303], [0.32513906507457685, -0.8104766610689627, -0.48724959746000057], [-0.5465077977488223, -0.5815310838272946, 0.6026199677594339]], "trans": [178.53211902156397, 1120.7952140343427, 752.6551715001308]}], "rb_4XMM.renamed.noAb_Seh1_Nup85_47_544_3F3F_1.pdb_34": [{"rot": [[-0.3287174867824916, -0.5329995871143389, -0.7796513669707393], [0.7423361319694237, -0.6561640406205382, 0.1355943176139725], [-0.5838509065301455, -0.5341911567336814, 0.6113574461895876]], "trans": [615.8812898580395, 848.7203967359732, 719.1607452578821]}], "rb_4XMM.renamed.noAb_Seh1_Nup85_47_544_3F3F_1.pdb_35": [{"rot": [[0.2787554886396106, -0.8510150907997214, -0.44504909030850737], [0.7229446655053333, -0.11910357393177393, 0.6805625241622228], [-0.632175915525631, -0.511456404699185, 0.582036045208121]], "trans": [733.4644140198069, 346.1791793330423, 712.2749808028855]}], "rb_4XMM.renamed.noAb_Nup120_715-1036_Nup85_553-744_Nup145c_92-99_554-712_remaining_updated_1.pdb_35": [{"rot": [[0.9878339964374493, -0.05938104577576143, 0.14372851799485142], [0.04831629452629813, 0.9956800884629434, 0.0792886947910957], [-0.14781586912665168, -0.07137963884052957, 0.9864357130565226]], "trans": [-6.641939460605727, -47.47774787071751, 123.48429389256069]}], "rb_4XMM.renamed.noAb_Nup120_715-1036_Nup85_553-744_Nup145c_92-99_554-712_remaining_updated_1.pdb_36": [{"rot": [[0.7314573418997562, 0.6584353274630068, 0.17729375772888387], [-0.6705393634051013, 0.741783442533471, 0.011588205533041823], [-0.12388349004296953, -0.12735872145981075, 0.9840897504612564]], "trans": [-351.454809820985, 116.89905974579473, 150.2094822604788]}], "rb_4XMM.renamed.noAb_Nup120_715-1036_Nup85_553-744_Nup145c_92-99_554-712_remaining_updated_1.pdb_37": [{"rot": [[0.043388483681536916, 0.9872243596778513, 0.15331504538849125], [-0.9967785886150881, 0.05313775082184724, -0.06007349428916232], [-0.06745283361232313, -0.15021465672914014, 0.9863496703205291]], "trans": [-479.49486488635404, 477.68088540330155, 158.70093182775653]}], "rb_4XMM.renamed.noAb_Nup120_715-1036_Nup85_553-744_Nup145c_92-99_554-712_remaining_updated_1.pdb_38": [{"rot": [[-0.6732921393020747, 0.734376799871962, 0.08583944876251953], [-0.7392858430025763, -0.6668386305630056, -0.09371597048970207], [-0.011581774044040809, -0.1265581154990572, 0.9918915797159089]], "trans": [-315.75252169537976, 823.5167654030732, 144.00823660963027]}], "rb_4XMM.renamed.noAb_Nup120_715-1036_Nup85_553-744_Nup145c_92-99_554-712_remaining_updated_1.pdb_39": [{"rot": [[-0.9987429129104947, 0.04801431373022231, 0.014395123760375455], [-0.04890400759508865, -0.9963733857388632, -0.06963098615138678], [0.010999634184837794, -0.07024743317937597, 0.9974689499826596]], "trans": [43.8515596828899, 951.8112817505149, 114.7625895330674]}], "rb_4XMM.renamed.noAb_Nup120_715-1036_Nup85_553-744_Nup145c_92-99_554-712_remaining_updated_1.pdb_40": [{"rot": [[-0.7423101851080035, -0.669782276654482, -0.019164836666702552], [0.6699315040417891, -0.7424204086836608, -0.0019278646978808343], [-0.012937116264020478, -0.01427020145358637, 0.9998144789775982]], "trans": [388.65815129878075, 787.4078146117945, 88.12050792032869]}], "rb_4XMM.renamed.noAb_Nup120_715-1036_Nup85_553-744_Nup145c_92-99_554-712_remaining_updated_1.pdb_41": [{"rot": [[-0.05421586354276209, -0.9985176077028668, 0.0048194654949098165], [0.9961167136104601, -0.05374893409331205, 0.06973195070933957], [-0.06936953946949308, 0.008581328054376745, 0.9975541227435302]], "trans": [516.6766033500263, 426.61634992084043, 79.71330373469402]}], "rb_4XMM.renamed.noAb_Nup120_715-1036_Nup85_553-744_Nup145c_92-99_554-712_remaining_updated_1.pdb_42": [{"rot": [[0.662444696082377, -0.7456138873186209, 0.07229768786027957], [0.7385677261341423, 0.6662075779493649, 0.1033691298013275], [-0.12523872622064694, -0.015079592847817486, 0.9920120298333958]], "trans": [352.91381490409685, 80.79373164844526, 94.49004063087358]}], "rb_4XMM.renamed.noAb_Nup120_2-711_3F7F_updated_1.pdb_42": [{"rot": [[0.9333303030549202, 0.35624849033387207, 0.044514700203975265], [-0.3426945588906356, 0.8470550093906307, 0.40627361515731364], [0.10702796226297803, -0.3944424219085434, 0.912666527869166]], "trans": [-183.05594362908482, 177.0338090807432, 194.9180528701787]}], "rb_4XMM.renamed.noAb_Nup120_2-711_3F7F_updated_1.pdb_43": [{"rot": [[0.42219679273539834, 0.8419267955238272, 0.33601955178668436], [-0.8939320531476949, 0.32516184017315475, 0.3084724656275759], [0.15045049870004185, -0.43061473346158163, 0.8899076349637197]], "trans": [-316.8316125549335, 404.09589074376686, 204.51727607495596]}], "rb_4XMM.renamed.noAb_Nup120_2-711_3F7F_updated_1.pdb_44": [{"rot": [[-0.3279255346480278, 0.8176001836518028, 0.4732808715956566], [-0.9209824500052404, -0.388240767017386, 0.03256429959476534], [0.2103715059321271, -0.4252047113077312, 0.8803094813607082]], "trans": [-251.4046221741753, 659.4846215674584, 198.1009913385048]}], "rb_4XMM.renamed.noAb_Nup120_2-711_3F7F_updated_1.pdb_45": [{"rot": [[-0.8776044429893314, 0.2975195269576586, 0.37588904310218685], [-0.4079992455735265, -0.8752315059120115, -0.2598199889739566], [0.25168841303647616, -0.3813816227060302, 0.8894948007747412]], "trans": [-25.10111263315946, 793.5897988493745, 179.45195363023998]}], "rb_4XMM.renamed.noAb_Nup120_2-711_3F7F_updated_1.pdb_46": [{"rot": [[-0.9048302773095688, -0.41364459272991666, 0.10089757266253133], [0.34450476592816653, -0.8505243350968315, -0.3973975612165637], [0.2501971932629713, -0.32481765086490405, 0.912082703580074]], "trans": [229.5090426387667, 727.8508356499478, 159.51903709228094]}], "rb_4XMM.renamed.noAb_Nup120_2-711_3F7F_updated_1.pdb_47": [{"rot": [[-0.3936537599796818, -0.8992822066838537, -0.19059965896002642], [0.8957021242555847, -0.3285930636064875, -0.2995735354695684], [0.20677142418113034, -0.28864876804088774, 0.9348408778239139]], "trans": [363.27353801938324, 500.77866032596353, 150.00323018787395]}], "rb_4XMM.renamed.noAb_Nup120_2-711_3F7F_updated_1.pdb_48": [{"rot": [[0.35647069755958766, -0.8748999531595795, -0.32783946337002623], [0.922693645017774, 0.38480761048904916, -0.023654605334323453], [0.14685053362243985, -0.29406321577353745, 0.9444372641439613]], "trans": [297.8331593746038, 245.3954716950634, 156.50303167568467]}], "rb_4XMM.renamed.noAb_Nup120_2-711_3F7F_updated_1.pdb_49": [{"rot": [[0.9061096113268846, -0.3547813000613887, -0.23042482806284822], [0.40966731477180135, 0.8717575133551084, 0.2687220294590298], [0.1055370241607376, -0.3378891342373541, 0.9352501641248866]], "trans": [71.52571656314274, 111.3084593553674, 175.23477109813882]}]}
