{"rb_ScNup133N_56-480_renamed_1.pdb_0": [{"rot": [[0.9051567945083501, -0.11483473008574088, -0.4092727234027512], [0.011615481962787631, 0.9691406124356259, -0.24623475365324302], [0.4249191192852376, 0.2181271603767769, 0.8785580709161023]], "trans": [207.8423261451743, 74.88477296456524, -262.7863191835117]}], "rb_ScNup133N_56-480_renamed_1.pdb_1": [{"rot": [[0.6582927135634967, 0.606135089200174, -0.4463753542810201], [-0.6052335495477914, 0.7787744820261339, 0.16493227897142823], [0.4475969769457679, 0.1615876226238415, 0.8795148585690783]], "trans": [-120.76978111453309, 30.011954318606342, -236.33433370993447]}], "rb_ScNup133N_56-480_renamed_1.pdb_2": [{"rot": [[0.048856533086610365, 0.9819370077055334, -0.18279155361520577], [-0.8661202833622115, 0.13279649100281354, 0.4818721269443821], [0.4974421513335194, 0.13477687069984734, 0.8569635355142231]], "trans": [-384.84865496198574, 231.39995348596716, -216.2242216957996]}], "rb_ScNup133N_56-480_renamed_1.pdb_3": [{"rot": [[-0.5661354393488045, 0.7924209627628473, 0.22706757163306848], [-0.6182135923090388, -0.590370345203201, 0.5189169584712061], [0.5452546364751887, 0.15340102111347226, 0.8241149847707262]], "trans": [-429.69125424596075, 561.072957778799, -214.21276541038043]}], "rb_ScNup133N_56-480_renamed_1.pdb_4": [{"rot": [[-0.8264122349032703, 0.14860812567577486, 0.5431007668796974], [-0.006740711491565826, -0.9670846972900353, 0.254365388911362], [0.5630252044187452, 0.206549783951894, 0.8002123505286933]], "trans": [-229.02623868599215, 825.9039896881795, -231.45429940602224]}], "rb_ScNup133N_56-480_renamed_1.pdb_5": [{"rot": [[-0.579500036838164, -0.5723468658290738, 0.5801713302811529], [0.6100889237397122, -0.7766619861328582, -0.15680454210986244], [0.5403436058978455, 0.263087864546809, 0.7992581329542501]], "trans": [99.59590956543491, 870.7514133992235, -257.82448506126235]}], "rb_ScNup133N_56-480_renamed_1.pdb_6": [{"rot": [[0.029956507757982476, -0.9480984122627787, 0.31656280310191853], [0.8709278157684563, -0.13065452088777108, -0.4737236915042068], [0.4904970411365719, 0.2898944580987797, 0.8218113261569732]], "trans": [363.6656158296081, 669.3430925485063, -277.8512908984567]}], "rb_ScNup133N_56-480_renamed_1.pdb_7": [{"rot": [[0.6449291617234676, -0.7585259596276702, -0.09329922255617698], [0.6229728638158502, 0.5924974165993941, -0.5107363529964576], [0.4426863306086414, 0.2712658841320926, 0.8546599515586832]], "trans": [408.4890361333802, 339.666978142882, -279.7787267790281]}], "rb_ScNup133C_490_881_renamed_relative_3CQC_1.pdb_7": [{"rot": [[0.99699812170717, 0.06914062511161974, -0.034847084118315885], [-0.06159873194785574, 0.9809907832856888, 0.18401814946071604], [0.04690779823004637, -0.18131921317859467, 0.9823049431808353]], "trans": [0.600897043005034, -20.671885591897933, 25.231293449599036]}], "rb_ScNup133C_490_881_renamed_relative_3CQC_1.pdb_8": [{"rot": [[0.6643147152270957, 0.737020535232221, 0.12444552936426521], [-0.7435028890804469, 0.6344867777629734, 0.21125809516557412], [0.07674251143773085, -0.23286747194481397, 0.9694758003417413]], "trans": [-329.3645684829502, 125.0897022172673, 50.86362355109145]}], "rb_ScNup133C_490_881_renamed_relative_3CQC_1.pdb_9": [{"rot": [[-0.0516840971193549, 0.9652078739577122, 0.2563250166390113], [-0.9894955004920257, -0.08419293493428431, 0.1175168252344571], [0.13500892048672802, -0.24755869961926946, 0.959420284146538]], "trans": [-460.02381629242365, 462.1818462893631, 59.67910048551619]}], "rb_ScNup133C_490_881_renamed_relative_3CQC_1.pdb_10": [{"rot": [[-0.7315561154763769, 0.6200272808212239, 0.2835345145596056], [-0.6554706259218677, -0.7540356457240815, -0.04229070265508056], [0.18757374139976787, -0.216786567883955, 0.9580290577651527]], "trans": [-314.8329033839676, 793.1313324229031, 46.53749846764953]}], "rb_ScNup133C_490_881_renamed_relative_3CQC_1.pdb_11": [{"rot": [[-0.9770227252949684, -0.0963095856715248, 0.19013431559024324], [0.06289525335609618, -0.9826380498435334, -0.17454698537920454], [0.20364376092201664, -0.15857782539647525, 0.966117121228094]], "trans": [21.155199608035844, 924.0634020482853, 19.161358157332245]}], "rb_ScNup133C_490_881_renamed_relative_3CQC_1.pdb_12": [{"rot": [[-0.6442861254642, -0.7641624887792646, 0.030839573229982306], [0.7447732763019372, -0.636081635665567, -0.20177442770453657], [0.17380493503006583, -0.10703197424926486, 0.9789463729170753]], "trans": [351.1158378578828, 778.2763194319581, -6.387986546886623]}], "rb_ScNup133C_490_881_renamed_relative_3CQC_1.pdb_13": [{"rot": [[0.07173189224900639, -0.992293781135548, -0.10103260639066923], [0.9907096825938585, 0.08261596293892531, -0.10802281000996045], [0.11553726865886525, -0.09234530084086087, 0.9890012563002424]], "trans": [481.75533037307764, 441.1743299636106, -15.119364370328697]}], "rb_ScNup133C_490_881_renamed_relative_3CQC_1.pdb_14": [{"rot": [[0.7515778772142048, -0.6470609350268416, -0.128229641052201], [0.6566314577227236, 0.7524315590712911, 0.05178684816123168], [0.06297478234276008, -0.12312146553600135, 0.9903914789178805]], "trans": [336.54513376063835, 110.23664900703182, -1.8938061704079132]}], "rb_ScNup84_506-726_ScNup133C_882_1155_renamed_relative_3CQC_new_1.pdb_14": [{"rot": [[0.9956323877405858, 0.055552335040945894, 0.07503390269390153], [-0.06277036984078174, 0.9932500747692005, 0.09754060508848958], [-0.06910882108697025, -0.10182449136860786, 0.9923989841820139]], "trans": [-36.09108481798228, 12.327127006066348, 72.81562492066766]}], "rb_ScNup84_506-726_ScNup133C_882_1155_renamed_relative_3CQC_new_1.pdb_15": [{"rot": [[0.6602269620767132, 0.7376014313669966, 0.14157855413978288], [-0.7500512920530703, 0.6573106850713686, 0.07325109269169555], [-0.03903098559444337, -0.15455352385618762, 0.9872131433622431]], "trans": [-331.1723986766891, 177.02329976018683, 95.57534643353966]}], "rb_ScNup84_506-726_ScNup133C_882_1155_renamed_relative_3CQC_new_1.pdb_16": [{"rot": [[-0.061487361460077494, 0.9832585035989557, 0.17152848008718288], [-0.9979134287006012, -0.06395273195344697, 0.008879014286480011], [0.019700081210155873, -0.17062462652276156, 0.985139149371438]], "trans": [-423.80890787994895, 502.75353524092, 101.41545671327478]}], "rb_ScNup84_506-726_ScNup133C_882_1155_renamed_relative_3CQC_new_1.pdb_17": [{"rot": [[-0.7467201559699718, 0.6486141750586232, 0.14733859162215876], [-0.6611556452791245, -0.7480138967979287, -0.057865558951076174], [0.0726788922846513, -0.1406231208237031, 0.9873919771327275]], "trans": [-259.7309258224492, 798.7005855025116, 86.9387417136358]}], "rb_ScNup84_506-726_ScNup133C_882_1155_renamed_relative_3CQC_new_1.pdb_18": [{"rot": [[-0.9940523886466717, -0.07029218811004154, 0.08317966648494904], [0.06294460039831229, -0.9941401338337557, -0.08788271491993004], [0.08886971310036734, -0.082124311818751, 0.992651888378677]], "trans": [64.94426544624389, 891.4946124434923, 60.64987010427916]}], "rb_ScNup84_506-726_ScNup133C_882_1155_renamed_relative_3CQC_new_1.pdb_19": [{"rot": [[-0.6585933502036856, -0.752315101783114, 0.016636907661775557], [0.7501991746004029, -0.6581472230253979, -0.06358798041162782], [0.05878773253288405, -0.029397626656213188, 0.9978375529366602]], "trans": [360.01927429999665, 726.7756834812348, 37.973238448242455]}], "rb_ScNup84_506-726_ScNup133C_882_1155_renamed_relative_3CQC_new_1.pdb_20": [{"rot": [[0.0631403246666431, -0.9979159266078261, -0.013307998475847254], [0.9980046574700667, 0.06313545097556594, 0.0007864465431104539], [5.539895455916946e-05, -0.013331100950565071, 0.9999111353907408]], "trans": [452.63691333392, 401.0385865339076, 32.21714221132453]}], "rb_ScNup84_506-726_ScNup133C_882_1155_renamed_relative_3CQC_new_1.pdb_21": [{"rot": [[0.7483468727804602, -0.6632182364302309, 0.010887096310676591], [0.6611931030849457, 0.747170327653668, 0.06752911895477907], [-0.052921058498521176, -0.04333673199818775, 0.9976579019018049]], "trans": [288.5423770324948, 105.10482268150179, 46.77758863125587]}], "rb_4XMM.renamed.noAb_Nup145c_149-550_Sec13_Nup84_7-436_3IKO_updated_1.pdb_21": [{"rot": [[0.9978585355389005, -0.026471152477334642, 0.05981321876208512], [0.027858869658030708, 0.9993589001416858, -0.022487153865596878], [-0.05917961163725398, 0.02410532709008265, 0.9979562649597136]], "trans": [-7.258789322997131, -7.624237203750681, 22.111571395076112]}], "rb_4XMM.renamed.noAb_Nup145c_149-550_Sec13_Nup84_7-436_3IKO_updated_1.pdb_22": [{"rot": [[0.7258941377912447, 0.6862477016255292, 0.04627950663071647], [-0.6869643659402612, 0.7266908772666509, -0.0005734332730779144], [-0.034024412538628486, -0.03137612007725658, 0.9989283650193828]], "trans": [-325.7998472526301, 139.6752222005938, 46.82582299927992]}], "rb_4XMM.renamed.noAb_Nup145c_149-550_Sec13_Nup84_7-436_3IKO_updated_1.pdb_23": [{"rot": [[0.029641463348121733, 0.9981990997380392, 0.052153052957113845], [-0.9992961538791942, 0.02839315876337195, 0.024515818927487207], [0.022990878470152666, -0.052843029981290174, 0.99833813594872]], "trans": [-447.2938184231525, 469.7504044421157, 54.94491146659493]}], "rb_4XMM.renamed.noAb_Nup145c_149-550_Sec13_Nup84_7-436_3IKO_updated_1.pdb_24": [{"rot": [[-0.6830248539389764, 0.7266375143311741, 0.07399305148627049], [-0.7261681289059319, -0.6864616058710987, 0.0380829650385514], [0.07846590000054222, -0.02771978411680564, 0.9965313422595498]], "trans": [-300.56590811861537, 789.2387304988414, 41.736565194907314]}], "rb_4XMM.renamed.noAb_Nup145c_149-550_Sec13_Nup84_7-436_3IKO_updated_1.pdb_25": [{"rot": [[-0.9946148368081948, 0.0306475511546297, 0.09900532313582715], [-0.027582539154963358, -0.9991014160617072, 0.032180179571493106], [0.09990260224223445, 0.029276065851015307, 0.994566429170779]], "trans": [28.430518280312242, 910.9795509765229, 14.962424569040422]}], "rb_4XMM.renamed.noAb_Nup145c_149-550_Sec13_Nup84_7-436_3IKO_updated_1.pdb_26": [{"rot": [[-0.7225946798759866, -0.6820500559042936, 0.11253732650044324], [0.6872193268407786, -0.7263774627774713, 0.010265397482190144], [0.07474306276454437, 0.08475554736953858, 0.9935944704750839]], "trans": [346.96662867878985, 763.655493488945, -9.668836415803241]}], "rb_4XMM.renamed.noAb_Nup145c_149-550_Sec13_Nup84_7-436_3IKO_updated_1.pdb_27": [{"rot": [[-0.026317626557452456, -0.993946999594219, 0.10666182320787927], [0.9994964572746776, -0.0280552832600382, -0.014823392883016324], [0.01772609454300958, 0.10621799790452388, 0.99418485328102]], "trans": [468.44139158549683, 433.5711849767215, -17.703872872736156]}], "rb_4XMM.renamed.noAb_Nup145c_149-550_Sec13_Nup84_7-436_3IKO_updated_1.pdb_28": [{"rot": [[0.6863274078069589, -0.7223296525546824, 0.08482076593151561], [0.726312506031017, 0.6867781433865491, -0.028388824376244244], [-0.037746958498942995, 0.08109041131202427, 0.9959917230164729]], "trans": [321.6950914347909, 114.09478435024175, -4.4116422500861745]}], "rb_4XMM.renamed.noAb_Seh1_Nup85_47_544_3F3F_1.pdb_28": [{"rot": [[0.6284851934463312, -0.7559422632959814, 0.18318748915163874], [0.25847868953210634, 0.42510702093810865, 0.8674518936557211], [-0.7336178355768741, -0.49783060905500853, 0.4625684338683594]], "trans": [520.3800564222523, -62.794923458154926, 772.1185347387834]}], "rb_4XMM.renamed.noAb_Seh1_Nup85_47_544_3F3F_1.pdb_29": [{"rot": [[0.6132814593928672, -0.24606480888779514, 0.750558433029683], [-0.3024191956654291, 0.8046793070851747, 0.5109147119060121], [-0.7296769707603735, -0.5403177977597456, 0.4190801782070214]], "trans": [24.197638868619094, -227.99701263540422, 812.5123702656654]}], "rb_4XMM.renamed.noAb_Seh1_Nup85_47_544_3F3F_1.pdb_30": [{"rot": [[0.20715360001530692, 0.3821633446139606, 0.9005767951897128], [-0.6880879671963728, 0.7112843608464057, -0.14356011777261857], [-0.6954296049207755, -0.5899370610910929, 0.41030711491630567]], "trans": [-443.2341422049099, 7.206722644406518, 848.6664386303933]}], "rb_4XMM.renamed.noAb_Seh1_Nup85_47_544_3F3F_1.pdb_31": [{"rot": [[-0.35198295826015746, 0.760717286870993, 0.5453597038194767], [-0.6725974207682197, 0.1996342585972145, -0.7125720120593306], [-0.650938327854775, -0.6176207349579348, 0.4413886281721061]], "trans": [-608.0852453180844, 505.0307346768765, 859.4251817137324]}], "rb_4XMM.renamed.noAb_Seh1_Nup85_47_544_3F3F_1.pdb_32": [{"rot": [[-0.7365781357702869, 0.667834780898547, -0.10700166039535236], [-0.26502213689528653, -0.4305391554983801, -0.8627857802132587], [-0.6222667569946418, -0.6071513328692734, 0.4941167292598379]], "trans": [-373.78165652738966, 973.8428146899935, 838.5099810203715]}], "rb_4XMM.renamed.noAb_Seh1_Nup85_47_544_3F3F_1.pdb_33": [{"rot": [[-0.721330654737645, 0.15792770833861564, -0.6743448120024924], [0.29587453631815985, -0.8100714100180408, -0.5062040788357011], [-0.6262111028193909, -0.5646619781872159, 0.5376025530960822]], "trans": [122.42019151224741, 1139.0063527569257, 798.1972609219977]}], "rb_4XMM.renamed.noAb_Seh1_Nup85_47_544_3F3F_1.pdb_34": [{"rot": [[-0.3151727045406364, -0.47029317801347037, -0.8243121332520436], [0.6815114190605905, -0.7166271588593619, 0.14828250360437967], [-0.660460711929608, -0.5150435339844128, 0.5463714909274514]], "trans": [589.8401731124142, 903.766336267357, 762.1267861627784]}], "rb_4XMM.renamed.noAb_Seh1_Nup85_47_544_3F3F_1.pdb_35": [{"rot": [[0.24396266076823414, -0.8488072250181613, -0.46905065281678865], [0.6659769879414426, -0.2049473619150384, 0.7172664988527718], [-0.7049516803890395, -0.48736318449492916, 0.5152865753303054]], "trans": [754.6589857692559, 405.92980056028864, 751.4531543515445]}], "rb_4XMM.renamed.noAb_Nup120_715-1036_Nup85_553-744_Nup145c_92-99_554-712_remaining_updated_1.pdb_35": [{"rot": [[0.9969647791676769, -0.04222065504660644, 0.0654113551807308], [0.039650723905613, 0.998408581260214, 0.04010143338742452], [-0.06700036711022636, -0.037386109096837865, 0.9970522702715706]], "trans": [3.5252011603456594, -32.50510193308503, 56.399388439422864]}], "rb_4XMM.renamed.noAb_Nup120_715-1036_Nup85_553-744_Nup145c_92-99_554-712_remaining_updated_1.pdb_36": [{"rot": [[0.7334190428354205, 0.673196627320823, 0.09435469553892434], [-0.67844692928599, 0.7335767336834381, 0.03968551298329709], [-0.04250025586728709, -0.0931207643987402, 0.9947473304759394]], "trans": [-335.0175388317841, 116.45674846335406, 82.699809638007]}], "rb_4XMM.renamed.noAb_Nup120_715-1036_Nup85_553-744_Nup145c_92-99_554-712_remaining_updated_1.pdb_37": [{"rot": [[0.040813330285944305, 0.992580471377109, 0.1145350597492521], [-0.9990649585336958, 0.038903634080082516, 0.018860431740180136], [0.014264666173218511, -0.1151977217489885, 0.9932401543447624]], "trans": [-469.4882174415496, 461.8952325791628, 91.77847232224019]}], "rb_4XMM.renamed.noAb_Nup120_715-1036_Nup85_553-744_Nup145c_92-99_554-712_remaining_updated_1.pdb_38": [{"rot": [[-0.6751141663287219, 0.7288313179618784, 0.11413050591416868], [-0.734380801589986, -0.6786614209115029, -0.010174184116062919], [0.07004070729456152, -0.09068398824670865, 0.9934136669068663]], "trans": [-321.1101017635177, 801.4477325318541, 78.34097278374168]}], "rb_4XMM.renamed.noAb_Nup120_715-1036_Nup85_553-744_Nup145c_92-99_554-712_remaining_updated_1.pdb_39": [{"rot": [[-0.9949630249140042, 0.03645714000883651, 0.09337802737447508], [-0.03945016963909886, -0.9987587044099716, -0.03040944722876128], [0.09215347616567944, -0.033940054621178606, 0.9951662220568435]], "trans": [23.196729245952895, 936.1997229540709, 50.28319262209362]}], "rb_4XMM.renamed.noAb_Nup120_715-1036_Nup85_553-744_Nup145c_92-99_554-712_remaining_updated_1.pdb_40": [{"rot": [[-0.7313612742417387, -0.6789395065612156, 0.06443471866867115], [0.6786267746002252, -0.7338707143702239, -0.029991255149286425], [0.06764900099183022, 0.02179268272030202, 0.9974711482768095]], "trans": [361.73439259446087, 787.2117046485937, 24.06577997187651]}], "rb_4XMM.renamed.noAb_Nup120_715-1036_Nup85_553-744_Nup145c_92-99_554-712_remaining_updated_1.pdb_41": [{"rot": [[-0.03873053664042314, -0.9982691790948249, 0.044255978137269614], [0.9991904323076769, -0.039172570278203755, -0.009164590694303011], [0.010882348842954796, 0.0438652004114974, 0.9989781872876488]], "trans": [496.18466505066164, 441.76307626500864, 15.071269730292272]}], "rb_4XMM.renamed.noAb_Nup120_715-1036_Nup85_553-744_Nup145c_92-99_554-712_remaining_updated_1.pdb_42": [{"rot": [[0.6771763357096926, -0.7344640528734205, 0.04466279650380696], [0.7344500928506572, 0.6783717598131526, 0.01986999244249085], [-0.044891775042340376, 0.01934710636640582, 0.9988044943875615]], "trans": [347.7865946001338, 102.22263193125912, 28.59277772064206]}], "rb_4XMM.renamed.noAb_Nup120_2-711_3F7F_updated_1.pdb_42": [{"rot": [[0.9775387271302552, 0.16963233140701808, 0.12507161589257104], [-0.20264027493647593, 0.9195959435099682, 0.336571269798359], [-0.0579219814425291, -0.3543559972985217, 0.9333149903673145]], "trans": [-121.25435083865091, 70.18128525200689, 267.7642322162251]}], "rb_4XMM.renamed.noAb_Nup120_2-711_3F7F_updated_1.pdb_43": [{"rot": [[0.5490139239689025, 0.7615598353360836, 0.34439850245194703], [-0.8355571683572921, 0.5102847988213188, 0.20360167607028282], [-0.02068646163582008, -0.39954479260123255, 0.9164802392906388]], "trans": [-346.90769200328066, 289.1808342746378, 284.72590283688953]}], "rb_4XMM.renamed.noAb_Nup120_2-711_3F7F_updated_1.pdb_44": [{"rot": [[-0.20024906146848115, 0.8917486594376791, 0.40581355543166986], [-0.9789390567953618, -0.19891101826974505, -0.045964441598903893], [0.03973205836095506, -0.40647107548015476, 0.9127993362927069]], "trans": [-352.15509785034504, 604.0446868461629, 283.6534305465461]}], "rb_4XMM.renamed.noAb_Nup120_2-711_3F7F_updated_1.pdb_45": [{"rot": [[-0.8313214077045818, 0.48393235489067, 0.27333897084397074], [-0.5487908083190363, -0.7925345984502572, -0.2659277325963324], [0.08793955763255347, -0.3710773317642272, 0.9244286062504397]], "trans": [-133.92065070694736, 830.3212753450408, 265.19908963592405]}], "rb_4XMM.renamed.noAb_Nup120_2-711_3F7F_updated_1.pdb_46": [{"rot": [[-0.9745120361942098, -0.22298453689141146, 0.024580228231966664], [0.20290066802394885, -0.922832878357993, -0.32743059957330595], [0.09569540337993312, -0.3140977155740265, 0.9445554588498907]], "trans": [179.95274652386877, 835.4547005239103, 240.197698117859]}], "rb_4XMM.renamed.noAb_Nup120_2-711_3F7F_updated_1.pdb_47": [{"rot": [[-0.5459378577802796, -0.814880133174448, -0.19473629348395957], [0.8357839065420567, -0.5134752884172545, -0.1944437958642892], [0.05845611180685398, -0.26891168948636057, 0.9613893000496798]], "trans": [405.5955454686544, 616.4378463268745, 223.3194285644404]}], "rb_4XMM.renamed.noAb_Nup120_2-711_3F7F_updated_1.pdb_48": [{"rot": [[0.20333633092641268, -0.9450136479279292, -0.2561318835196623], [0.9791069824577168, 0.19573072324265528, 0.055127133804043355], [-0.001963015009163044, -0.2619898647063519, 0.9650686283178098]], "trans": [410.824926281353, 301.57399087538045, 224.47581416484815]}], "rb_4XMM.renamed.noAb_Nup120_2-711_3F7F_updated_1.pdb_49": [{"rot": [[0.8343751454154262, -0.5371510333267075, -0.12364013955440732], [0.5489092170441647, 0.7893222751865974, 0.27508001988187447], [-0.05016760066960703, -0.2973871437878588, 0.9534380412762808]], "trans": [192.5793572868794, 75.31493706845504, 243.01343283051304]}]}
