{"rb_ScNup133N_56-480_renamed_1.pdb_0": [{"rot": [[0.8301489468098567, -0.4253582428614431, -0.36044845864604613], [0.3578125118691011, 0.9022512184365484, -0.2406510859723831], [0.42757798406888203, 0.0708032771811346, 0.9012014000654912]], "trans": [303.87386875947976, -113.94023521063446, -241.62596044839478]}], "rb_ScNup133N_56-480_renamed_1.pdb_1": [{"rot": [[0.8492343825438916, 0.33592314456141426, -0.407377717178131], [-0.30742171347621317, 0.9418370345450332, 0.13577514663135587], [0.42929343529646846, 0.009931833032643361, 0.9031104611862092]], "trans": [-185.39034115672445, -169.96692469548074, -202.31473878070494]}], "rb_ScNup133N_56-480_renamed_1.pdb_2": [{"rot": [[0.39381552291535116, 0.9023317310224502, -0.1752335045045208], [-0.7911606453799912, 0.42979837603234083, 0.4351300830348062], [0.4679467567072384, -0.0327231286705581, 0.8831506268679118]], "trans": [-570.9713901692301, 137.49665761076488, -173.03625886129691]}], "rb_ScNup133N_56-480_renamed_1.pdb_3": [{"rot": [[-0.26931684269944506, 0.942057380211721, 0.199990826357185], [-0.8100231968140598, -0.3339052911997083, 0.48204738058822355], [0.5208942876069308, -0.0321737299277744, 0.8530146494879213]], "trans": [-626.9885497344565, 628.3341267517724, -170.91826215233982]}], "rb_ScNup133N_56-480_renamed_1.pdb_4": [{"rot": [[-0.7516904243569937, 0.4318282467024984, 0.4984835717251339], [-0.35295941918636664, -0.9018855906648715, 0.24904222485092042], [0.5571186178343202, 0.011258183730949459, 0.830356609512717]], "trans": [-320.62426459788094, 1015.0060892916044, -197.17749608850824]}], "rb_ScNup133N_56-480_renamed_1.pdb_5": [{"rot": [[-0.7707239764548024, -0.3294562488647323, 0.5453834726150718], [0.3122762819695209, -0.9414116544142347, -0.12738767857349484], [0.5553990239791456, 0.07212958489435053, 0.8284499062381377]], "trans": [168.65086061033446, 1070.9947742949346, -236.40692627360937]}], "rb_ScNup133N_56-480_renamed_1.pdb_6": [{"rot": [[-0.3152673758008894, -0.8958249148753006, 0.31321590579707076], [0.7959794530930981, -0.42932855698592126, -0.42672438459736184], [0.5167428683680417, 0.1147811484741521, 0.8484115133269476]], "trans": [554.2144721032154, 763.5013374415336, -265.6013944690589]}], "rb_ScNup133N_56-480_renamed_1.pdb_7": [{"rot": [[0.3478664790036132, -0.9354910009820241, -0.062012094524192235], [0.8147899563254601, 0.3343782027748885, -0.47361223018434406], [0.4637954720097872, 0.11422698713825974, 0.878547639887862]], "trans": [610.1998831605738, 272.65988649276295, -267.63436466277426]}], "rb_ScNup133C_490_881_renamed_relative_3CQC_1.pdb_7": [{"rot": [[0.9914795710622379, 0.038558819444219974, -0.12442458603229897], [-0.020018286980389016, 0.988940770793417, 0.14695380243087772], [0.12871491115100733, -0.1432109259295208, 0.9812864527454754]], "trans": [37.22663565412449, -32.37747522058643, -32.99208003862327]}], "rb_ScNup133C_490_881_renamed_relative_3CQC_1.pdb_8": [{"rot": [[0.69133341198688, 0.7216978303408963, 0.03479015883582234], [-0.7055000681157806, 0.6638561700291351, 0.2481222267409289], [0.15597361109882601, -0.19607964503102013, 0.9681038195592978]], "trans": [-312.8023816206809, 87.64656678324087, -5.6353353147385405]}], "rb_ScNup133C_490_881_renamed_relative_3CQC_1.pdb_9": [{"rot": [[-0.004171491578361164, 0.9757773411304139, 0.21872626544261178], [-0.9771018704254183, -0.05050800575050918, 0.20669029044988008], [0.21273112952541975, -0.2128556362692018, 0.9536445588578968]], "trans": [-475.79613761300755, 420.77908812092267, 5.776667572703843]}], "rb_ScNup133C_490_881_renamed_relative_3CQC_1.pdb_10": [{"rot": [[-0.6875985605058273, 0.6519539918711705, 0.31963136903870887], [-0.6757155285309033, -0.7356671498389225, 0.0469294060273292], [0.2657381118554801, -0.18371128743526235, 0.9463791094357283]], "trans": [-356.268678511327, 771.8664774194738, -5.417378675813609]}], "rb_ScNup133C_490_881_renamed_relative_3CQC_1.pdb_11": [{"rot": [[-0.9585865814961363, -0.06007193353154345, 0.2783938371755594], [0.022102588938536012, -0.9902453748851798, -0.13757024780352284], [0.2839423204416069, -0.12571976901144227, 0.9505636740071358]], "trans": [-24.23896185531396, 935.236908490793, -32.63583903067109]}], "rb_ScNup133C_490_881_renamed_relative_3CQC_1.pdb_12": [{"rot": [[-0.6583869509220703, -0.7431856084112703, 0.1191711974677955], [0.7075607895338459, -0.6651071671042117, -0.2387261723834441], [0.25667947321470586, -0.0728533301708251, 0.9637468756438284]], "trans": [325.7872360581988, 815.1857960854032, -59.909750734515455]}], "rb_ScNup133C_490_881_renamed_relative_3CQC_1.pdb_13": [{"rot": [[0.03713915481129243, -0.9972094101206507, -0.06476168270455476], [0.9791079943856659, 0.049276926937161736, -0.1972798007949801], [0.19992053048644168, -0.05608187620303186, 0.9782058089438879]], "trans": [488.7615464613484, 482.04089136624606, -71.23766684789291]}], "rb_ScNup133C_490_881_renamed_relative_3CQC_1.pdb_14": [{"rot": [[0.7205427360472572, -0.6733326138827254, -0.16565432868291835], [0.6776680220762115, 0.734410632133778, -0.037511001908492436], [0.14691568120812387, -0.08523036131989692, 0.9854702269091804]], "trans": [369.2132337214571, 130.96329365613985, -59.95952948678337]}], "rb_ScNup84_506-726_ScNup133C_882_1155_renamed_relative_3CQC_new_1.pdb_14": [{"rot": [[0.9783869261126147, 0.20451049125876997, 0.03056929467631101], [-0.20666913860669595, 0.9720015342917313, 0.11180735432916789], [-0.006847624367388866, -0.11570858351746588, 0.9932596003769137]], "trans": [-58.50908226309866, 97.85174750624671, 40.653813105094514]}], "rb_ScNup84_506-726_ScNup133C_882_1155_renamed_relative_3CQC_new_1.pdb_15": [{"rot": [[0.5477846304722009, 0.8279496517064909, 0.1201306491181004], [-0.8360619179711052, 0.5365058025483342, 0.11472573011511493], [0.03053633797482344, -0.16328165258555444, 0.9861068065843674]], "trans": [-287.4072946648163, 251.44464770187187, 58.192354287618]}], "rb_ScNup84_506-726_ScNup133C_882_1155_renamed_relative_3CQC_new_1.pdb_16": [{"rot": [[-0.2004637782025916, 0.9619714157796314, 0.18554047766370257], [-0.9754792140588077, -0.2135507419341493, 0.0532577089122922], [0.0908547003074373, -0.17031463778051234, 0.981192309177839]], "trans": [-341.05473199678636, 522.3795647119233, 61.191399216407035]}], "rb_ScNup84_506-726_ScNup133C_882_1155_renamed_relative_3CQC_new_1.pdb_17": [{"rot": [[-0.828023831807507, 0.5280639443772726, 0.18848078047252137], [-0.5432484090377525, -0.8387743996006032, -0.03658787575958779], [0.1387721154870986, -0.13268751721004196, 0.9813950900324858]], "trans": [-188.0220557018112, 751.9391207647626, 47.91806998683006]}], "rb_ScNup84_506-726_ScNup133C_882_1155_renamed_relative_3CQC_new_1.pdb_18": [{"rot": [[-0.9672620023440301, -0.21958364765773686, 0.127229086700881], [0.20742359705637498, -0.9729003361364457, -0.10217821357699383], [0.14621788606600772, -0.07244278864672488, 0.9865963572644458]], "trans": [82.04394802504089, 805.6442079300755, 26.172074916701945]}], "rb_ScNup84_506-726_ScNup133C_882_1155_renamed_relative_3CQC_new_1.pdb_19": [{"rot": [[-0.5366106062536617, -0.8429888590802406, 0.03766750220909076], [0.836782558578349, -0.5373556867432756, -0.10508955982272633], [0.10883017465367456, -0.02487266353362505, 0.993749135191369]], "trans": [310.9367196091916, 652.0337456998723, 8.716529437820668]}], "rb_ScNup84_506-726_ScNup133C_882_1155_renamed_relative_3CQC_new_1.pdb_20": [{"rot": [[0.21164869644917605, -0.9769521270254555, -0.027737533989217463], [0.9761411219072404, 0.21271135178483214, -0.04361640681605308], [0.0485112297621748, -0.017844391900760353, 0.9986632256494948]], "trans": [364.5695594078296, 381.09502555130257, 5.80114311609276]}], "rb_ScNup84_506-726_ScNup133C_882_1155_renamed_relative_3CQC_new_1.pdb_21": [{"rot": [[0.8391750557849923, -0.5429958802489963, -0.030670829478064265], [0.5438610756892412, 0.837900932332868, 0.0462294056402593], [0.0005967398060719512, -0.05547523436929296, 0.9984598851597771]], "trans": [211.52550698313553, 151.54788677853287, 19.157795266920402]}], "rb_4XMM.renamed.noAb_Nup145c_149-550_Sec13_Nup84_7-436_3IKO_updated_1.pdb_21": [{"rot": [[0.9993196154155304, -0.013183464913984018, 0.03444564556831364], [0.013559826216141416, 0.999850642768046, -0.010715562015725417], [-0.03429923262617077, 0.011175348280325128, 0.999349125297095]], "trans": [-4.8229682289002085, -3.4449947162828494, 13.75418537224158]}], "rb_4XMM.renamed.noAb_Nup145c_149-550_Sec13_Nup84_7-436_3IKO_updated_1.pdb_22": [{"rot": [[0.7173411417672526, 0.695758962192495, 0.03662175387493622], [-0.6966718450802633, 0.7169291501731347, 0.025708634823503416], [-0.008368189799221158, -0.0439552062996964, 0.9989984550731972]], "trans": [-321.2918859476978, 140.43230683675733, 38.31992498477899]}], "rb_4XMM.renamed.noAb_Nup145c_149-550_Sec13_Nup84_7-436_3IKO_updated_1.pdb_23": [{"rot": [[0.017241411076651447, 0.9978114393542258, 0.06383623765490104], [-0.9986546915137601, 0.01406290540257693, 0.0499103376986551], [0.04890338292635325, -0.06461088287189132, 0.9967115394901738]], "trans": [-443.73235163298887, 466.6187580290409, 46.53337543848397]}], "rb_4XMM.renamed.noAb_Nup145c_149-550_Sec13_Nup84_7-436_3IKO_updated_1.pdb_24": [{"rot": [[-0.6908512830115153, 0.7160273665099389, 0.10014646858568338], [-0.7154829036854723, -0.6969991349429825, 0.04771184782145524], [0.10396499071873552, -0.03869129485522818, 0.9938280859420695]], "trans": [-300.4151007365004, 784.0298533183457, 33.606986549111355]}], "rb_4XMM.renamed.noAb_Nup145c_149-550_Sec13_Nup84_7-436_3IKO_updated_1.pdb_25": [{"rot": [[-0.992126256193414, 0.015479826687244718, 0.12428140141377483], [-0.013042507627419396, -0.9997068016543469, 0.02040107156067479], [0.12456076736447827, 0.01861949762394069, 0.9920372621740592]], "trans": [24.70451373263103, 906.7218143829327, 7.137224091325322]}], "rb_4XMM.renamed.noAb_Nup145c_149-550_Sec13_Nup84_7-436_3IKO_updated_1.pdb_26": [{"rot": [[-0.710092381201966, -0.6934405535654111, 0.12210245218592655], [0.697167008240007, -0.716729675393898, -0.016022953268175783], [0.09862541650405468, 0.07374802424914421, 0.9923881580000579]], "trans": [341.1687507710881, 762.8200772696954, -17.345546962265757]}], "rb_4XMM.renamed.noAb_Nup145c_149-550_Sec13_Nup84_7-436_3IKO_updated_1.pdb_27": [{"rot": [[-0.009969078684799237, -0.9954382197186612, 0.0948860800829962], [0.9990948955674946, -0.013839746702487332, -0.04022251934160576], [0.04135223235994809, 0.0943992168111128, 0.9946752136975644]], "trans": [463.59031151526386, 436.62442538924125, -25.474969220209744]}], "rb_4XMM.renamed.noAb_Nup145c_149-550_Sec13_Nup84_7-436_3IKO_updated_1.pdb_28": [{"rot": [[0.6981015490049645, -0.7135986807728392, 0.05857601963372695], [0.7158675407753905, 0.6972001534444623, -0.03802117963991819], [-0.01370734624432753, 0.06847531552523008, 0.9975586397914944]], "trans": [320.254832876478, 119.22498776701093, -12.46470759776281]}], "rb_4XMM.renamed.noAb_Seh1_Nup85_47_544_3F3F_1.pdb_28": [{"rot": [[0.7211815925459394, -0.6502042607450502, 0.23902202802647304], [0.29395929502709905, 0.599663299712521, 0.7443062943742078], [-0.6272838619318022, -0.46651725186414783, 0.6235997195902591]], "trans": [406.04952095250496, -137.74631819972353, 658.4756591562854]}], "rb_4XMM.renamed.noAb_Seh1_Nup85_47_544_3F3F_1.pdb_29": [{"rot": [[0.7061134092553997, -0.047423292668240025, 0.7065089416151937], [-0.336535195051715, 0.8553913193949506, 0.39376357525204375], [-0.6230151810038203, -0.515806865034065, 0.5880436737373417]], "trans": [-111.94264679397281, -206.9648301848871, 700.1408613933503]}], "rb_4XMM.renamed.noAb_Seh1_Nup85_47_544_3F3F_1.pdb_30": [{"rot": [[0.2510232424052099, 0.5592246629032379, 0.7900981636310372], [-0.7714923641155659, 0.6085592557020962, -0.18562102362256253], [-0.584625404753978, -0.5629595089347659, 0.5842000748169902]], "trans": [-527.1437146318401, 111.55283141020327, 731.7264569058734]}], "rb_4XMM.renamed.noAb_Seh1_Nup85_47_544_3F3F_1.pdb_31": [{"rot": [[-0.3774906714924364, 0.8143566798594384, 0.440821949209092], [-0.7561081696307659, 0.0037648118773297434, -0.6544358349060228], [-0.5346038054052779, -0.5803524999169404, 0.614320557271491]], "trans": [-596.3211293473544, 631.2146461192948, 734.7531633869089]}], "rb_4XMM.renamed.noAb_Seh1_Nup85_47_544_3F3F_1.pdb_32": [{"rot": [[-0.8112360196301119, 0.5685128253059804, -0.13670877044764285], [-0.2993948896436533, -0.6046948992851424, -0.738042531859647], [-0.5022537411607395, -0.557796778622058, 0.6607601177801953]], "trans": [-278.9478726593559, 1047.5955124493935, 707.4718984044908]}], "rb_4XMM.renamed.noAb_Seh1_Nup85_47_544_3F3F_1.pdb_33": [{"rot": [[-0.7961186612593576, -0.034288104361371335, -0.6041683565811049], [0.3310983967720734, -0.8603755997044167, -0.38746313255357495], [-0.5065263357907188, -0.508505804620331, 0.6963138069993003]], "trans": [239.05624004067016, 1116.7737647292915, 665.8884165523425]}], "rb_4XMM.renamed.noAb_Seh1_Nup85_47_544_3F3F_1.pdb_34": [{"rot": [[-0.3409945580685147, -0.6409168250503738, -0.6877123924541482], [0.7660198324787435, -0.6134959299770067, 0.19192800772916582], [-0.54491864311739, -0.4613549254847047, 0.7001537724772369]], "trans": [654.2390090143234, 798.2239241552475, 634.3869127277333]}], "rb_4XMM.renamed.noAb_Seh1_Nup85_47_544_3F3F_1.pdb_35": [{"rot": [[0.28751817304336597, -0.8960016787164474, -0.33839960388143764], [0.7505863080471454, -0.008681481632572596, 0.660715389595868], [-0.5949399081772556, -0.4439657910402244, 0.6700305082935158]], "trans": [723.3824274590588, 278.55709568346845, 631.4454169435096]}], "rb_4XMM.renamed.noAb_Nup120_715-1036_Nup85_553-744_Nup145c_92-99_554-712_remaining_updated_1.pdb_35": [{"rot": [[0.9860348858715684, -0.14447419535613953, 0.08283966876104118], [0.13585217270890532, 0.9854966323121952, 0.10168861721742325], [-0.09632959573522953, -0.08901457508474608, 0.9913611927082728]], "trans": [56.28342181877662, -98.16590458778376, 103.32904518247264]}], "rb_4XMM.renamed.noAb_Nup120_715-1036_Nup85_553-744_Nup145c_92-99_554-712_remaining_updated_1.pdb_36": [{"rot": [[0.7929115973758932, 0.590581361651853, 0.15001617918162036], [-0.6044092444758667, 0.7935375450478804, 0.07062315336696964], [-0.07733475246563341, -0.14666908286624605, 0.9861579570191851]], "trans": [-342.9774520794408, 35.54902413285565, 134.54326109596124]}], "rb_4XMM.renamed.noAb_Nup120_715-1036_Nup85_553-744_Nup145c_92-99_554-712_remaining_updated_1.pdb_37": [{"rot": [[0.13449725943029356, 0.9752241915649035, 0.1756367370236639], [-0.9906475654114199, 0.13644183371538965, 0.0010134874481325107], [-0.022975820990030177, -0.17413041721353933, 0.9844545238104561]], "trans": [-531.1455481921273, 413.28139159894107, 147.74481545976323]}], "rb_4XMM.renamed.noAb_Nup120_715-1036_Nup85_553-744_Nup145c_92-99_554-712_remaining_updated_1.pdb_38": [{"rot": [[-0.6034997251545335, 0.7841251011560457, 0.14469245825343716], [-0.7965989357333825, -0.6008545689371741, -0.06636205674754393], [0.034902970172237924, -0.1553113412611673, 0.9872487882741676]], "trans": [-397.9874293070525, 813.7503677176385, 135.2240564868336]}], "rb_4XMM.renamed.noAb_Nup120_715-1036_Nup85_553-744_Nup145c_92-99_554-712_remaining_updated_1.pdb_39": [{"rot": [[-0.9887503170513136, 0.1292326320839631, 0.0753109376888696], [-0.1359397787928269, -0.986433034356662, -0.09203393543505924], [0.06239540906735894, -0.10123633505100031, 0.9929038308883481]], "trans": [-21.507085657305595, 1002.3556964612307, 104.33982622740245]}], "rb_4XMM.renamed.noAb_Nup120_715-1036_Nup85_553-744_Nup145c_92-99_554-712_remaining_updated_1.pdb_40": [{"rot": [[-0.7955692874935671, -0.6058079732851042, 0.00813684835612484], [0.604306455980356, -0.7944162608439753, -0.06096320010577752], [0.04339603734718251, -0.043583299678541826, 0.9981068479535097]], "trans": [377.7499024135098, 868.6098337117654, 73.20854713627796]}], "rb_4XMM.renamed.noAb_Nup120_715-1036_Nup85_553-744_Nup145c_92-99_554-712_remaining_updated_1.pdb_41": [{"rot": [[-0.1371248074487395, -0.9903995642534211, -0.01747828105901564], [0.990493086784126, -0.1372903817593532, 0.0086484743870399], [-0.01096504514347073, -0.016126196172776736, 0.9998098387103405]], "trans": [565.8950751092425, 490.8631084797245, 60.091366357262245]}], "rb_4XMM.renamed.noAb_Nup120_715-1036_Nup85_553-744_Nup145c_92-99_554-712_remaining_updated_1.pdb_42": [{"rot": [[0.6008570626057415, -0.799242964090315, 0.013471253428162178], [0.79638654006214, 0.5999909974545383, 0.0760215876008902], [-0.06884234979031298, -0.034949782912541645, 0.997015167161319]], "trans": [432.7122507570608, 90.40499543004205, 72.6965182441385]}], "rb_4XMM.renamed.noAb_Nup120_2-711_3F7F_updated_1.pdb_42": [{"rot": [[0.9572326855564396, 0.2849018030287417, 0.05036415722889492], [-0.28671737135805275, 0.910847458765151, 0.29690075079493045], [0.038713494597275376, -0.2986433817984872, 0.9535792551455952]], "trans": [-158.1141571836023, 136.77173613901152, 166.99512692035313]}], "rb_4XMM.renamed.noAb_Nup120_2-711_3F7F_updated_1.pdb_43": [{"rot": [[0.4772550237995927, 0.8382129998173723, 0.2638685452933144], [-0.8751309839965974, 0.4260699832609993, 0.2293689826744601], [0.07983359635639146, -0.34038703897347716, 0.9368902073304382]], "trans": [-328.0856853263077, 356.44017807617183, 179.51535777941214]}], "rb_4XMM.renamed.noAb_Nup120_2-711_3F7F_updated_1.pdb_44": [{"rot": [[-0.27703390870333305, 0.8878902264161883, 0.36729165422476057], [-0.9505587438239111, -0.3090742480401692, 0.030185820153011023], [0.14032208653116313, -0.34076979771249066, 0.9296158652898125]], "trans": [-293.4741544870974, 632.2786498822773, 175.4557583325511]}], "rb_4XMM.renamed.noAb_Nup120_2-711_3F7F_updated_1.pdb_45": [{"rot": [[-0.8637610198181754, 0.40483186303470803, 0.3000467685453564], [-0.46881400560173986, -0.8639273789084686, -0.18396443168176027], [0.1847439546894976, -0.2995674325493153, 0.9360176411593395]], "trans": [-74.553574114902, 802.6972022460383, 157.21850407728007]}], "rb_4XMM.renamed.noAb_Nup120_2-711_3F7F_updated_1.pdb_46": [{"rot": [[-0.9392132950015931, -0.32797968993527354, 0.10152689043898497], [0.2878903704185595, -0.9134486218521038, -0.28762953578649403], [0.1870762441159016, -0.2409168699498881, 0.9523452843696102]], "trans": [200.43120636732692, 767.8623610863544, 135.5112406028083]}], "rb_4XMM.renamed.noAb_Nup120_2-711_3F7F_updated_1.pdb_47": [{"rot": [[-0.4591897275740601, -0.8812530921210442, -0.11197223636936007], [0.8762662912325936, -0.4286277345051683, -0.22008101249866932], [0.1459526667791067, -0.19917643645788605, 0.9690338313082787]], "trans": [370.39213860695867, 548.1809843210087, 123.07439382608283]}], "rb_4XMM.renamed.noAb_Nup120_2-711_3F7F_updated_1.pdb_48": [{"rot": [[0.2951051083330737, -0.9308729833672091, -0.21537981305766218], [0.9516348463270181, 0.30652037134999144, -0.020889739194472262], [0.08546399412544779, -0.19879826655303617, 0.9763068958701614]], "trans": [335.76562538813647, 272.3456367617325, 127.21764884963551]}], "rb_4XMM.renamed.noAb_Nup120_2-711_3F7F_updated_1.pdb_49": [{"rot": [[0.8817946622882236, -0.4477713317412981, -0.14811822315508283], [0.46984407343089213, 0.8613355697151308, 0.1932552276275449], [0.04104534348572271, -0.24000389749779513, 0.9699038142846967]], "trans": [116.83827972754636, 101.94467108232993, 145.53783336196005]}]}
