{"rb_ScNup133N_56-480_renamed_1.pdb_0": [{"rot": [[0.6177645201402523, 0.08810440757415403, 0.7814119342714756], [0.5395793234761003, 0.6753673796379799, -0.5027256271546146], [-0.5720324740195748, 0.7321997786717325, 0.36967868856631203]], "trans": [-4.025692652192447, -115.44513045627463, 412.96338512663954]}], "rb_ScNup133N_56-480_renamed_1.pdb_1": [{"rot": [[0.8070485430396861, 0.5530627942294697, 0.2068675779734685], [-0.0867902602843835, 0.45763344093077835, -0.8848949567387208], [-0.5840719988984977, 0.6961990946424341, 0.4173328656142074]], "trans": [-391.7936266755519, 83.66924605164871, 442.9433433719469]}], "rb_ScNup133N_56-480_renamed_1.pdb_2": [{"rot": [[0.4994178610974799, 0.7284794620331911, -0.468934402035773], [-0.6637901052732806, -0.026085686837297478, -0.7474638674099978], [-0.556744551978825, 0.684570822003141, 0.47052980086689367]], "trans": [-525.732361416648, 499.4746512691405, 451.6372385372497]}], "rb_ScNup133N_56-480_renamed_1.pdb_3": [{"rot": [[-0.12491313461200598, 0.5115928536108825, -0.8500996770589164], [-0.8534055665982805, -0.4924205181800067, -0.1709414290755713], [-0.5060589369831026, 0.7041269668245953, 0.49810597957655994]], "trans": [-327.37678418872434, 888.3865327587597, 433.9760691519782]}], "rb_ScNup133N_56-480_renamed_1.pdb_4": [{"rot": [[-0.7002025437351153, 0.029458202277511003, -0.7133362545570271], [-0.5445572334371938, -0.6681855335756687, 0.506937384921871], [-0.461707501842996, 0.7434112637287471, 0.48390688743096394]], "trans": [87.0755243937266, 1022.5749434815377, 400.3300021656993]}], "rb_ScNup133N_56-480_renamed_1.pdb_5": [{"rot": [[-0.8894377188268622, -0.43548321511725047, -0.13876207579596928], [0.08182718588271704, -0.4504151087187877, 0.8890616072513502], [-0.4496719426188152, 0.7794104176805576, 0.436250552816195]], "trans": [474.8344715248182, 823.4305371746597, 370.4333829297062]}], "rb_ScNup133N_56-480_renamed_1.pdb_6": [{"rot": [[-0.5817620261025328, -0.6108621605895656, 0.5370292038101092], [0.6588028665035363, 0.033317770946484804, 0.7515774805207229], [-0.47700285960547023, 0.7910356167069859, 0.38305472850390293]], "trans": [608.7473119132662, 407.61503178400335, 361.8240774359614]}], "rb_ScNup133N_56-480_renamed_1.pdb_7": [{"rot": [[0.04258377541269365, -0.39393917503862125, 0.918149524010925], [0.8483693193604911, 0.49963556387862923, 0.17502514469497732], [-0.5276894162662493, 0.7714766553030435, 0.35548227843735114]], "trans": [410.36792882773193, 18.719130161220278, 379.5695431350948]}], "rb_ScNup133C_490_881_renamed_relative_3CQC_1.pdb_7": [{"rot": [[0.7743690369242169, 0.3604655158776985, -0.520016544463811], [-0.29153144799947484, 0.9326837666589725, 0.21239210493367688], [0.5615710190887591, -0.012868693556580504, 0.8273284639402638]], "trans": [196.74117556542274, 115.04151340373187, -256.6892187939933]}], "rb_ScNup133C_490_881_renamed_relative_3CQC_1.pdb_8": [{"rot": [[0.35455780380158797, 0.9128271462808284, -0.20257187558047252], [-0.7195431726020067, 0.40471623362657927, 0.5643247230105655], [0.5971150530050553, -0.05432652438645352, 0.800313839829635]], "trans": [-100.20923340673278, 66.58165700135376, -232.74341409185416]}], "rb_ScNup133C_490_881_renamed_relative_3CQC_1.pdb_9": [{"rot": [[-0.24410518266181258, 0.9313882925879831, 0.27005278785393305], [-0.7242750866974854, -0.3602819969802675, 0.5878966588111016], [0.6448552229663567, -0.052083885050451806, 0.7625280390458166]], "trans": [-344.42016811195924, 242.97488650907485, -214.09528849332645]}], "rb_ScNup133C_490_881_renamed_relative_3CQC_1.pdb_10": [{"rot": [[-0.6709147038476155, 0.40527557358026844, 0.6209872539917765], [-0.3029551682887909, -0.9141641751970255, 0.26929913997903643], [0.6768246642729363, -0.007454545292819942, 0.7361065164677599]], "trans": [-392.82750628649194, 540.8876777319157, -211.6451720114115]}], "rb_ScNup133C_490_881_renamed_relative_3CQC_1.pdb_11": [{"rot": [[-0.6758397242309292, -0.3573067617582582, 0.6446491643935365], [0.29760143380941423, -0.9324583112856052, -0.20482891472879064], [0.6742952274382775, 0.05341699838273098, 0.7365273725651592]], "trans": [-217.07163334495738, 785.7986337963591, -226.80437252667133]}], "rb_ScNup133C_490_881_renamed_relative_3CQC_1.pdb_12": [{"rot": [[-0.25599509742842125, -0.9096272289753595, 0.3271770383129259], [0.7255801942399116, -0.4044474423779982, -0.5567366056589632], [0.6387486922251827, 0.09487133740229714, 0.763544063902087]], "trans": [79.88909552494857, 834.2355801905533, -250.66841173135293]}], "rb_ScNup133C_490_881_renamed_relative_3CQC_1.pdb_13": [{"rot": [[0.342668274369762, -0.9281287106566702, -0.14544947643505624], [0.7302651206419941, 0.3605522195664683, -0.5802714455661442], [0.5910087201676292, 0.09262393546203684, 0.8013298317580226]], "trans": [324.0928115442218, 657.8235875510144, -269.23339407521416]}], "rb_ScNup133C_490_881_renamed_relative_3CQC_1.pdb_14": [{"rot": [[0.7694449468107017, -0.4019727779623868, -0.49635910347718415], [0.3089117170718593, 0.9143930860854922, -0.2616463933914643], [0.5590420600305381, 0.047991352306921586, 0.8277492405436327]], "trans": [372.48344793564, 359.90740537026045, -271.59968623378387]}], "rb_ScNup84_506-726_ScNup133C_882_1155_renamed_relative_3CQC_new_1.pdb_14": [{"rot": [[0.978617614383452, 0.16139462874301536, 0.1275121117045139], [-0.18418424872082328, 0.9635648168903197, 0.1939561965348601], [-0.09156269623370694, -0.21329467284493445, 0.9726878508516414]], "trans": [-72.76277956050387, 63.36095367808244, 125.48891216853835]}], "rb_ScNup84_506-726_ScNup133C_882_1155_renamed_relative_3CQC_new_1.pdb_15": [{"rot": [[0.5621250560110406, 0.789506025707386, 0.24636488543684898], [-0.8252049523486766, 0.5553058291996952, 0.10330645031195346], [-0.055246791977469414, -0.2613726677152109, 0.9636556026649931]], "trans": [-320.15088567731686, 241.9881333189326, 144.3794087794538]}], "rb_ScNup84_506-726_ScNup133C_882_1155_renamed_relative_3CQC_new_1.pdb_16": [{"rot": [[-0.18433904766857356, 0.9460317751847773, 0.26653891994487533], [-0.9828499045204235, -0.17881352484464252, -0.04507536485517227], [0.005018036352586991, -0.2702769018495137, 0.9627695547937682]], "trans": [-369.23095102460616, 543.7336664016268, 146.86449768360063]}], "rb_ScNup84_506-726_ScNup133C_882_1155_renamed_relative_3CQC_new_1.pdb_17": [{"rot": [[-0.8234854995760097, 0.539276886118266, 0.17621598135990468], [-0.5647684694600295, -0.8087357765606279, -0.16426508945802099], [0.053927802586635744, -0.23479114934226708, 0.9705487665742055]], "trans": [-191.24926795374517, 791.8308818294856, 131.51238366236268]}], "rb_ScNup84_506-726_ScNup133C_882_1155_renamed_relative_3CQC_new_1.pdb_18": [{"rot": [[-0.9808932962189207, -0.19247589223304967, 0.028308520658446867], [0.1841213532258923, -0.965443588989288, -0.18443970224912712], [0.06283047603706718, -0.17570346436132642, 0.9824360660584388]], "trans": [109.53189738988885, 840.9410494293114, 107.34055647537531]}], "rb_ScNup84_506-726_ScNup133C_882_1155_renamed_relative_3CQC_new_1.pdb_19": [{"rot": [[-0.5643507308739566, -0.8205554645967941, -0.09053718618538821], [0.8251093460614289, -0.5571353160297585, -0.09378063059342025], [0.026510745068922967, -0.12762824590488492, 0.991467705597681]], "trans": [356.91261067282704, 662.2948573629426, 88.53321821272556]}], "rb_ScNup84_506-726_ScNup133C_882_1155_renamed_relative_3CQC_new_1.pdb_20": [{"rot": [[0.18212568842963117, -0.977023961560316, -0.1106996483780156], [0.9826957049128244, 0.17699629887161938, 0.05460276304027606], [-0.033754779808451346, -0.11872863480530632, 0.9923528234037269]], "trans": [405.97567532513136, 360.5458806493457, 86.13197771332977]}], "rb_ScNup84_506-726_ScNup133C_882_1155_renamed_relative_3CQC_new_1.pdb_21": [{"rot": [[0.821239549946289, -0.5702199313965768, -0.020367411276277197], [0.5645641187972714, 0.8068866044498486, 0.1737853944554924], [-0.08266170437798917, -0.15421814872924017, 0.9845729049856333]], "trans": [227.98116962353362, 112.4630413030967, 101.56752042041171]}], "rb_4XMM.renamed.noAb_Nup145c_149-550_Sec13_Nup84_7-436_3IKO_updated_1.pdb_21": [{"rot": [[0.992099768377659, -0.023329558761454667, 0.12326305721095501], [0.028466240143796975, 0.9987910284333433, -0.04007685982134906], [-0.12217906022339103, 0.043269079133489936, 0.9915644527885562]], "trans": [-24.385119758993483, -3.467718382055125, 49.041195604237885]}], "rb_4XMM.renamed.noAb_Nup145c_149-550_Sec13_Nup84_7-436_3IKO_updated_1.pdb_22": [{"rot": [[0.7209942585797877, 0.6884534142625075, 0.07873484289232088], [-0.686105037495725, 0.7251790691530882, -0.058096430055986886], [-0.09709354570707504, -0.012133179820507076, 0.9952013009082492]], "trans": [-334.4787476577061, 156.23543873838517, 73.02178488169525]}], "rb_4XMM.renamed.noAb_Nup145c_149-550_Sec13_Nup84_7-436_3IKO_updated_1.pdb_23": [{"rot": [[0.02552673605081801, 0.9990774270351225, 0.03453520718731619], [-0.998867992995854, 0.02687802974120812, -0.039246707959581656], [-0.04013873833375718, -0.03349427273594274, 0.9986325727608047]], "trans": [-441.2540060619194, 489.085571593943, 79.95419935763096]}], "rb_4XMM.renamed.noAb_Nup145c_149-550_Sec13_Nup84_7-436_3IKO_updated_1.pdb_24": [{"rot": [[-0.6868881184197123, 0.7265745530756128, 0.016556919906796176], [-0.7266016770669422, -0.6870374948701622, 0.005429873482710865], [0.015320432674488937, -0.00830057019154479, 0.999848180914063]], "trans": [-282.1585297280382, 800.0944959661387, 65.80133778618426]}], "rb_4XMM.renamed.noAb_Nup145c_149-550_Sec13_Nup84_7-436_3IKO_updated_1.pdb_25": [{"rot": [[-0.9989076380335181, 0.030580818239982082, 0.03533191523354005], [-0.02880353653520083, -0.9983457241547844, 0.04976114292219736], [0.0367952029667215, 0.04868910163097263, 0.9981360049717701]], "trans": [49.609221400597164, 907.0689155270858, 38.87815093244342]}], "rb_4XMM.renamed.noAb_Nup145c_149-550_Sec13_Nup84_7-436_3IKO_updated_1.pdb_26": [{"rot": [[-0.7277463887256059, -0.681180834093396, 0.07986153617770714], [0.6857464389220946, -0.7246779079516947, 0.06777721765032758], [0.011705349311489623, 0.10408938942360606, 0.9944990617426019]], "trans": [359.69693412680516, 747.3418237538452, 14.980626173450844]}], "rb_4XMM.renamed.noAb_Nup145c_149-550_Sec13_Nup84_7-436_3IKO_updated_1.pdb_27": [{"rot": [[-0.03225445371416613, -0.991750392148331, 0.12405970292254909], [0.9984547985274066, -0.02635251170887143, 0.04892402706470917], [-0.04525113825303532, 0.12544602345337302, 0.9910679238511049]], "trans": [466.45276743808773, 414.4837199543549, 8.13227536931015]}], "rb_4XMM.renamed.noAb_Nup145c_149-550_Sec13_Nup84_7-436_3IKO_updated_1.pdb_28": [{"rot": [[0.6801391850348164, -0.719191829785473, 0.14203450619478628], [0.7261325760360727, 0.6875416010665527, 0.004246036040384656], [-0.10070834622507996, 0.10024798637709614, 0.9898526002531614]], "trans": [307.33956226270953, 103.4876914287994, 22.368963884020047]}], "rb_4XMM.renamed.noAb_Seh1_Nup85_47_544_3F3F_1.pdb_28": [{"rot": [[0.6233298365314683, -0.7509571568153598, 0.2179983108132978], [0.2760636619039073, 0.47216967537337706, 0.8371646506118209], [-0.7316069774584338, -0.46164829284380327, 0.5016294292089967]], "trans": [510.8395871747078, -88.68332780539959, 740.6221717785043]}], "rb_4XMM.renamed.noAb_Seh1_Nup85_47_544_3F3F_1.pdb_29": [{"rot": [[0.62206358634759, -0.20863668465023455, 0.7546572919932198], [-0.2862357313623244, 0.8365280498750539, 0.4672150766656846], [-0.7287701974092083, -0.5066473680879088, 0.4606543647657596]], "trans": [-1.439709733482914, -241.39308444836428, 782.238247165702]}], "rb_4XMM.renamed.noAb_Seh1_Nup85_47_544_3F3F_1.pdb_30": [{"rot": [[0.22480671959455986, 0.43181637971418463, 0.8734967389954438], [-0.6827817388513814, 0.7093659989062576, -0.17495421311536802], [-0.6951769817220814, -0.5570767396026051, 0.45430658181179184]], "trans": [-471.4521174259167, 14.058876610687662, 818.4994902715613]}], "rb_4XMM.renamed.noAb_Seh1_Nup85_47_544_3F3F_1.pdb_31": [{"rot": [[-0.3357220898618756, 0.7952156007850139, 0.5048988281298643], [-0.6812721180774691, 0.16517684490942813, -0.7131513941906107], [-0.6505067098109134, -0.5833941705004451, 0.48630470110526786]], "trans": [-623.855826962154, 528.0253115058922, 828.1875585023286]}], "rb_4XMM.renamed.noAb_Seh1_Nup85_47_544_3F3F_1.pdb_32": [{"rot": [[-0.7311571619859235, 0.6686765909299441, -0.13520658718791842], [-0.2825912261755981, -0.4772457326370205, -0.8320929693059133], [-0.6209278568121002, -0.5701825386856981, 0.5379037731905869]], "trans": [-369.36868306429875, 999.417552544086, 805.6510497878446]}], "rb_4XMM.renamed.noAb_Seh1_Nup85_47_544_3F3F_1.pdb_33": [{"rot": [[-0.7298470558927996, 0.12632768632211452, -0.671836729178392], [0.27970804897753965, -0.8415615296480355, -0.4621012866825223], [-0.6237681318741739, -0.5251814043594516, 0.5788763340932528]], "trans": [142.92907044282038, 1152.0874950896757, 764.1161735990136]}], "rb_4XMM.renamed.noAb_Seh1_Nup85_47_544_3F3F_1.pdb_34": [{"rot": [[-0.3325592502043519, -0.5141154775996534, -0.7906260941785346], [0.6762228635774564, -0.7143492153818265, 0.18007730911605443], [-0.6573636618178933, -0.4747530665260148, 0.585220079923375]], "trans": [612.9280994956722, 896.599050948445, 727.9386509501936]}], "rb_4XMM.renamed.noAb_Seh1_Nup85_47_544_3F3F_1.pdb_35": [{"rot": [[0.227969456749067, -0.8774722651613772, -0.42198619724121633], [0.6746692483726354, -0.17013155722916978, 0.7182455419528107], [-0.7020337115052554, -0.4484391565277783, 0.5532187549268519]], "trans": [765.2982592280507, 382.62106988056814, 718.3357896133191]}], "rb_4XMM.renamed.noAb_Nup120_715-1036_Nup85_553-744_Nup145c_92-99_554-712_remaining_updated_1.pdb_35": [{"rot": [[0.9998357739282112, 0.014849660519078448, -0.010388106460943073], [-0.016185310607607365, 0.9895539561540893, -0.14325153953911599], [0.008152355114384856, 0.14339614863119496, 0.9896317919629655]], "trans": [-6.535949388874201, 56.91496689270036, -77.51717301616702]}], "rb_4XMM.renamed.noAb_Nup120_715-1036_Nup85_553-744_Nup145c_92-99_554-712_remaining_updated_1.pdb_36": [{"rot": [[0.6975762809084319, 0.7109876404144087, -0.08879137059372998], [-0.7156232213255183, 0.6975074348696556, -0.036970033827987275], [0.035647404023991996, 0.08933058535297919, 0.9953639078783424]], "trans": [-281.7574873382033, 179.06292116932275, -56.13338144136918]}], "rb_4XMM.renamed.noAb_Nup120_715-1036_Nup85_553-744_Nup145c_92-99_554-712_remaining_updated_1.pdb_37": [{"rot": [[-0.009261108333423584, 0.9975505100068064, -0.0693340598666861], [-0.9955903856591862, -0.002725661484762776, 0.09376755703580822], [0.09334889316660193, 0.06989671490586022, 0.9931769396184849]], "trans": [-390.3378210738663, 460.6316126608001, -48.80758285682657]}], "rb_4XMM.renamed.noAb_Nup120_715-1036_Nup85_553-744_Nup145c_92-99_554-712_remaining_updated_1.pdb_38": [{"rot": [[-0.7066010847722877, 0.7066656997525845, 0.03658545874820493], [-0.6920780912049319, -0.7009389117780884, 0.17237330892422795], [0.14745447661147687, 0.09647917261533365, 0.9843520440262702]], "trans": [-268.6671467715431, 736.6742485680545, -59.807328465937644]}], "rb_4XMM.renamed.noAb_Nup120_715-1036_Nup85_553-744_Nup145c_92-99_554-712_remaining_updated_1.pdb_39": [{"rot": [[-0.9859320577166062, 0.008737632974490428, 0.1669180377811275], [0.017111880422591045, -0.9881091491816624, 0.15279886403993403], [0.16626834068788246, 0.15350557994253627, 0.9740589693706454]], "trans": [11.980052345221964, 845.481277370629, -82.66480729328566]}], "rb_4XMM.renamed.noAb_Nup120_715-1036_Nup85_553-744_Nup145c_92-99_554-712_remaining_updated_1.pdb_40": [{"rot": [[-0.6836180046488787, -0.6873775880231264, 0.24531301474523118], [0.7165260442653792, -0.6960079995241235, 0.046511208195818735], [0.13876905854437685, 0.20756906340284942, 0.9683275439172276]], "trans": [287.19860324758355, 723.312124212049, -103.96578105017187]}], "rb_4XMM.renamed.noAb_Nup120_715-1036_Nup85_553-744_Nup145c_92-99_554-712_remaining_updated_1.pdb_41": [{"rot": [[0.02324123951567092, -0.9738858515552464, 0.22584550676576892], [0.9964377214046176, 0.004247565098931039, -0.08422485115868782], [0.08106609740050391, 0.22699847209010482, 0.9705153175097285]], "trans": [395.76351157463523, 441.7353183928501, -111.20783406489602]}], "rb_4XMM.renamed.noAb_Nup120_715-1036_Nup85_553-744_Nup145c_92-99_554-712_remaining_updated_1.pdb_42": [{"rot": [[0.7205575628301077, -0.6829465770782379, 0.11991985450897216], [0.6928707046174929, 0.7024379613278555, -0.1628222870752788], [0.026962665506096446, 0.2004117844406459, 0.9793406615300531]], "trans": [274.077836602446, 165.70263979005995, -100.12446466729864]}], "rb_4XMM.renamed.noAb_Nup120_2-711_3F7F_updated_1.pdb_42": [{"rot": [[-0.7231297443938398, 0.6826750358626335, 0.10506268692000309], [0.3780392717964088, 0.263873877075719, 0.8873876751322771], [0.578074114411413, 0.6814142443528599, -0.4488930227130737]], "trans": [602.9344181956938, -53.42091299053186, -310.24834790382965]}], "rb_4XMM.renamed.noAb_Nup120_2-711_3F7F_updated_1.pdb_43": [{"rot": [[-0.23471533377047266, 0.6834762585312668, 0.6912083015394961], [0.8102438218763732, -0.2552906670739173, 0.5275714401065704], [0.5370415823790389, 0.6838763626044212, -0.4938617817433971]], "trans": [67.9351472393148, -341.8933916151084, -266.16080015176465]}], "rb_4XMM.renamed.noAb_Nup120_2-711_3F7F_updated_1.pdb_44": [{"rot": [[0.4154307242642611, 0.3180873253908545, 0.8521958500033675], [0.7692753064682123, -0.622814690083997, -0.14253899352040772], [0.4854202469979054, 0.7147883009963618, -0.5034330825077203]], "trans": [-513.8468592256856, -166.28465733402436, -220.60235294152858]}], "rb_4XMM.renamed.noAb_Nup120_2-711_3F7F_updated_1.pdb_45": [{"rot": [[0.8464437018541958, -0.1994417745409923, 0.4937165564970481], [0.2791336595540944, -0.6233974371864904, -0.7303834851728593], [0.453450614395109, 0.756041410160352, -0.47199992206296215]], "trans": [-801.5935853465559, 370.53133402288665, -200.23778212179644]}], "rb_4XMM.renamed.noAb_Nup120_2-711_3F7F_updated_1.pdb_46": [{"rot": [[0.8058301194441638, -0.565935197363889, -0.17422735428542155], [-0.37304923110646904, -0.2566975269120234, -0.8915944430334458], [0.4598609461211878, 0.7834690370792864, -0.41797628900522443]], "trans": [-626.7370283935873, 954.0803224084477, -216.97293551802937]}], "rb_4XMM.renamed.noAb_Nup120_2-711_3F7F_updated_1.pdb_47": [{"rot": [[0.31738198626147435, -0.5666959284309209, -0.7603449213985289], [-0.8052154323857615, 0.2624670628318867, -0.5317322149129303], [0.5008959794653274, 0.7810036911745143, -0.3730099893129557]], "trans": [-91.70871156801894, 1242.5111991808403, -260.9801194038649]}], "rb_4XMM.renamed.noAb_Nup120_2-711_3F7F_updated_1.pdb_48": [{"rot": [[-0.3327608941567755, -0.20127832075671281, -0.9212802097697194], [-0.7641958900309357, 0.6299623951525417, 0.13839083189827284], [0.5525168133005603, 0.7500896068384282, -0.36344291537071255]], "trans": [490.06614657372813, 1066.8572066466143, -306.4553000565012]}], "rb_4XMM.renamed.noAb_Nup120_2-711_3F7F_updated_1.pdb_49": [{"rot": [[-0.7637356554469613, 0.31625083869491605, -0.5627550582835837], [-0.27402043032899565, 0.6305045226923166, 0.7262071678432009], [0.5844832353124506, 0.7088366905636962, -0.3948795939896038]], "trans": [777.7775444459827, 530.0190471487931, -326.73447054838977]}]}
