{"rb_ScNup133N_56-480_renamed_1.pdb_0": [{"rot": [[0.9099844187940899, -0.18916151999916614, -0.36898004946552976], [0.10063313606357845, 0.9640230556747046, -0.24603357505351173], [0.4022453597967154, 0.18675510027629164, 0.8962818770023192]], "trans": [200.2787094540937, 21.23176482180463, -247.0471605365155]}], "rb_ScNup133N_56-480_renamed_1.pdb_1": [{"rot": [[0.7240235056520369, 0.5492136853496681, -0.4173179735980316], [-0.5469975050413185, 0.8257316929801876, 0.13769858636399576], [0.4202186249345742, 0.12857487714443236, 0.8982676707003244]], "trans": [-163.6456142508814, -1.6889530859989605, -217.88738009366796]}], "rb_ScNup133N_56-480_renamed_1.pdb_2": [{"rot": [[0.13597041882520544, 0.974034750632525, -0.18102030207888245], [-0.8728432446459752, 0.20421457203826032, 0.44321674025595326], [0.4686754905906444, 0.09773798201038222, 0.8779467930302801]], "trans": [-437.2292680276287, 240.26411505636997, -197.21704648081203]}], "rb_ScNup133N_56-480_renamed_1.pdb_3": [{"rot": [[-0.509685051874723, 0.8364355058296867, 0.2014864573188316], [-0.6860190540650556, -0.5364348143118912, 0.49154404426648246], [0.5192292416217943, 0.1123091028438894, 0.8472235006556732]], "trans": [-460.20117662494704, 605.3515671880307, -197.12112767887606]}], "rb_ScNup133N_56-480_renamed_1.pdb_4": [{"rot": [[-0.8347088279695933, 0.21702352869600786, 0.5061244515946223], [-0.09596917836194954, -0.9623336123900006, 0.2543696822912287], [0.5422647778660868, 0.16375227160788144, 0.8240959314479707]], "trans": [-219.10215874335285, 879.7001429123602, -217.63180937330287]}], "rb_ScNup133N_56-480_renamed_1.pdb_5": [{"rot": [[-0.6486973985877875, -0.5213409108547248, 0.5544324483060122], [0.5516468455732156, -0.8239843011088587, -0.12936626026620032], [0.5242875573905542, 0.22193135469173228, 0.8221125415477706]], "trans": [144.83049478522747, 902.5926950503083, -246.70964012569857]}], "rb_ScNup133N_56-480_renamed_1.pdb_6": [{"rot": [[-0.060618881822321946, -0.9461135131950947, 0.3181109418367153], [0.8774464195332833, -0.20243385774224748, -0.4348658575788728], [0.47582888942857215, 0.25276422489985056, 0.8424352287244077]], "trans": [418.40181741260136, 660.6185605696595, -267.29641178270964]}], "rb_ScNup133N_56-480_renamed_1.pdb_7": [{"rot": [[0.5850220352985074, -0.8084564985804205, -0.06439959719031277], [0.6905715593184528, 0.5382047041244207, -0.4831631379967031], [0.4252765449394881, 0.23818855212085077, 0.8731586762799188]], "trans": [441.35178432726735, 295.5297160796536, -267.3080983329922]}], "rb_ScNup133C_490_881_renamed_relative_3CQC_1.pdb_7": [{"rot": [[0.9708073654294826, 0.21245208981056932, -0.11134257390140034], [-0.18550474408348258, 0.9592863412108159, 0.21297348541282754], [0.1520560723890652, -0.1861016526027859, 0.9706931161536705]], "trans": [-0.24873877970446756, 46.55562200973063, -31.073755023958142]}], "rb_ScNup133C_490_881_renamed_relative_3CQC_1.pdb_8": [{"rot": [[0.5604732100540819, 0.8232241034909863, 0.09039831991322828], [-0.8066020602753591, 0.5178633590397839, 0.28497483700070353], [0.18778417710557677, -0.23263623276586406, 0.9542627971545823]], "trans": [-283.6853097501538, 169.98193212751067, -9.041394254397915]}], "rb_ScNup133C_490_881_renamed_relative_3CQC_1.pdb_9": [{"rot": [[-0.1675907813653466, 0.9441074746812765, 0.283856312687062], [-0.9545332652437837, -0.22739717944088816, 0.1927609097440888], [0.24653514058728587, -0.23864534152853492, 0.9392916615313562]], "trans": [-397.17557638606684, 458.28156457157365, -1.3569928213361209]}], "rb_ScNup133C_490_881_renamed_relative_3CQC_1.pdb_10": [{"rot": [[-0.786874456953023, 0.5042870200826338, 0.3557009844954909], [-0.5426381732882631, -0.8399111426156303, -0.009648077553717507], [0.29389182003802217, -0.20060875824919217, 0.9345500116250895]], "trans": [-274.2334269401022, 742.5646464265499, -12.498176533133687]}], "rb_ScNup133C_490_881_renamed_relative_3CQC_1.pdb_11": [{"rot": [[-0.9345927076498607, -0.23858423653264643, 0.2638447135832649], [0.1877892630028617, -0.9608592144097977, -0.20367808616693947], [0.30211200490636403, -0.1408088497286992, 0.9428155728081375]], "trans": [13.121807297250541, 856.2942567455193, -35.914277979543044]}], "rb_ScNup133C_490_881_renamed_relative_3CQC_1.pdb_12": [{"rot": [[-0.5242100993703175, -0.8493218385546152, 0.06209819862418599], [0.8088543524233983, -0.5193883089985554, -0.27566360122683026], [0.2663801949918303, -0.09427724555707083, 0.9592462627950578]], "trans": [296.5552917402111, 732.8461030113036, -57.863809865040594]}], "rb_ScNup133C_490_881_renamed_relative_3CQC_1.pdb_13": [{"rot": [[0.20386544956067348, -0.9701470873186144, -0.13135260729285672], [0.9567284085730356, 0.2258816924884252, -0.18343449301554363], [0.20762858836087447, -0.08827281555366576, 0.9742167517187832]], "trans": [410.0296081292265, 444.53797109555353, -65.46442202151547]}], "rb_ScNup133C_490_881_renamed_relative_3CQC_1.pdb_14": [{"rot": [[0.8231170167140978, -0.5302788484626862, -0.20318149440529606], [0.5447847243351246, 0.8383611148730492, 0.018980126446323], [0.16027470457556406, -0.12631303947694172, 0.9789571160839021]], "trans": [287.0718152750143, 160.26494661435538, -54.23956377788704]}], "rb_ScNup84_506-726_ScNup133C_882_1155_renamed_relative_3CQC_new_1.pdb_14": [{"rot": [[0.9713931924581878, 0.17098090842710054, 0.16480532333432496], [-0.1973978830547429, 0.9671625719371952, 0.1600957064050538], [-0.13202023106855248, -0.18804810128600233, 0.9732464077464316]], "trans": [-82.10712184374347, 78.19538595815033, 138.65975955899052]}], "rb_ScNup84_506-726_ScNup133C_882_1155_renamed_relative_3CQC_new_1.pdb_15": [{"rot": [[0.5468880787290749, 0.7993376221112479, 0.24894335745617807], [-0.8317871186891012, 0.55254791827988, 0.05311296628367944], [-0.09509794175954421, -0.23611472610174922, 0.9670606069895473]], "trans": [-316.05698674830785, 259.821742661809, 156.46455272255895]}], "rb_ScNup84_506-726_ScNup133C_882_1155_renamed_relative_3CQC_new_1.pdb_16": [{"rot": [[-0.20056935823420619, 0.9515568330063764, 0.2330483342493368], [-0.9790610738807795, -0.18623776161536798, -0.08218825804157844], [-0.03480439841356868, -0.24465299856606965, 0.9689858431079874]], "trans": [-353.5171927437494, 554.1546704893336, 158.05953271059536]}], "rb_ScNup84_506-726_ScNup133C_882_1155_renamed_relative_3CQC_new_1.pdb_17": [{"rot": [[-0.8331080127087038, 0.5384663810792464, 0.126431782428196], [-0.5529445891157246, -0.8164033995878262, -0.1665466016137207], [0.01353959113834046, -0.2086610782797229, 0.9778942856377404]], "trans": [-172.54110962977012, 788.7699070202575, 142.53434265807675]}], "rb_ScNup84_506-726_ScNup133C_882_1155_renamed_relative_3CQC_new_1.pdb_18": [{"rot": [[-0.9801778221082296, -0.19793952235585702, -0.008448818657039324], [0.19693729058825896, -0.9687890795777331, -0.15054375731554206], [0.02161343616642219, -0.14922353963252702, 0.9885672433358371]], "trans": [120.85483468195275, 826.2266554151095, 119.0078627041348]}], "rb_ScNup84_506-726_ScNup133C_882_1155_renamed_relative_3CQC_new_1.pdb_19": [{"rot": [[-0.5556232184022288, -0.8262639157434121, -0.0925785110741631], [0.8312931867660739, -0.5541251216089136, -0.04355441697702033], [-0.015312635587988642, -0.1011597308333042, 0.9947523470940287]], "trans": [354.79707247006064, 644.5823411192126, 101.28624143034261]}], "rb_ScNup84_506-726_ScNup133C_882_1155_renamed_relative_3CQC_new_1.pdb_20": [{"rot": [[0.19184572533841093, -0.9784255100630423, -0.07667293477656113], [0.9785084710186205, 0.1846724809786906, 0.09174555528183982], [-0.07560681063354645, -0.09262610877634327, 0.992826275920804]], "trans": [392.2408555919916, 350.2468814271141, 99.77505935493406]}], "rb_ScNup84_506-726_ScNup133C_882_1155_renamed_relative_3CQC_new_1.pdb_21": [{"rot": [[0.824351162558316, -0.5652858978838285, 0.0299501993720055], [0.5523423540952487, 0.8148056755430642, 0.17609552798218925], [-0.12394791108069533, -0.12862178958668286, 0.983917349467041]], "trans": [211.25300127683994, 115.64625555160694, 115.38359314653744]}], "rb_4XMM.renamed.noAb_Nup145c_149-550_Sec13_Nup84_7-436_3IKO_updated_1.pdb_21": [{"rot": [[0.9993734192608505, -0.0352366524845586, 0.003338741762977877], [0.035327241624979945, 0.998838761482151, -0.03275842731227916], [-0.002180567368298101, 0.03285585004966458, 0.9994577220890672]], "trans": [13.86814825046622, -10.78913044455561, -12.214540846335694]}], "rb_4XMM.renamed.noAb_Nup145c_149-550_Sec13_Nup84_7-436_3IKO_updated_1.pdb_22": [{"rot": [[0.7333600424148994, 0.6798397672016574, -0.0009690822535490633], [-0.6794680204988903, 0.7330047179099386, 0.032051406226427805], [0.02250016241135468, -0.02284676022915067, 0.9994857518936902]], "trans": [-313.73188386518825, 120.57066908170573, 13.299321066098003]}], "rb_4XMM.renamed.noAb_Nup145c_149-550_Sec13_Nup84_7-436_3IKO_updated_1.pdb_23": [{"rot": [[0.04133663796924014, 0.9982760550806006, 0.04166773588898054], [-0.9960014221254135, 0.037865039157071845, 0.08091604249954101], [0.07919879724815324, -0.04484592135687793, 0.9958495839493526]], "trans": [-452.86963013012104, 445.80541522132336, 22.848278666669103]}], "rb_4XMM.renamed.noAb_Nup145c_149-550_Sec13_Nup84_7-436_3IKO_updated_1.pdb_24": [{"rot": [[-0.671299726221857, 0.7335277437611275, 0.10627194694353703], [-0.7288432334608096, -0.6793576494935494, 0.08520988858689932], [0.1347004774039498, -0.02025421455672268, 0.9906793367078162]], "trans": [-322.03432360084923, 774.3881246709682, 10.862422853847477]}], "rb_4XMM.renamed.noAb_Nup145c_149-550_Sec13_Nup84_7-436_3IKO_updated_1.pdb_25": [{"rot": [[-0.9870766198425122, 0.04068812696537463, 0.15499749315498534], [-0.03449848835526362, -0.9985041841904811, 0.04241754890729838], [0.1564915360697885, 0.036522191584718235, 0.987003813903658]], "trans": [2.1307817192217726, 913.8305300140144, -15.612758135462457]}], "rb_4XMM.renamed.noAb_Nup145c_149-550_Sec13_Nup84_7-436_3IKO_updated_1.pdb_26": [{"rot": [[-0.7210074861555464, -0.6743675787491087, 0.1593002625224575], [0.6802758712474893, -0.7326140249421222, -0.02239262058296207], [0.13180646382529387, 0.09222287780246212, 0.9869761886204264]], "trans": [329.7271097448733, 782.4454208577696, -41.04372507648446]}], "rb_4XMM.renamed.noAb_Nup145c_149-550_Sec13_Nup84_7-436_3IKO_updated_1.pdb_27": [{"rot": [[-0.02895937524956871, -0.9927496586893279, 0.11665963208144017], [0.9967549471736863, -0.037449376087406394, -0.07125390877309765], [0.07510612405080955, 0.11421759673047896, 0.9906126441385539]], "trans": [468.84602574971734, 457.20016347118104, -50.50865405734743]}], "rb_4XMM.renamed.noAb_Nup145c_149-550_Sec13_Nup84_7-436_3IKO_updated_1.pdb_28": [{"rot": [[0.6836561716283351, -0.7279454012389754, 0.052055084377170595], [0.729540834390791, 0.679752509253025, -0.0755426840971635], [0.01960637526101921, 0.08962153189519961, 0.9957828935414994]], "trans": [337.99162050066445, 128.62813238462059, -38.43885132437663]}], "rb_4XMM.renamed.noAb_Seh1_Nup85_47_544_3F3F_1.pdb_28": [{"rot": [[0.6399869293462143, -0.7402460243878765, 0.20604017482994336], [0.2643690573023977, 0.4639045808632317, 0.8455185044664353], [-0.7214746924231312, -0.4866501445926623, 0.4925910118555713]], "trans": [501.4175521236299, -81.83481255503887, 751.853980151101]}], "rb_4XMM.renamed.noAb_Seh1_Nup85_47_544_3F3F_1.pdb_29": [{"rot": [[0.6258282295412756, -0.20736418082830219, 0.7518903667547854], [-0.30566069115255157, 0.8216948981377452, 0.48102914283705417], [-0.7175726924802692, -0.5308649459926825, 0.450856784492381]], "trans": [-3.0692121697148878, -229.26324768966302, 792.8232463142363]}], "rb_4XMM.renamed.noAb_Seh1_Nup85_47_544_3F3F_1.pdb_30": [{"rot": [[0.21400260150667588, 0.42178253510138874, 0.8810802345029802], [-0.6985253427278796, 0.6965857531642283, -0.1638005923540233], [-0.6828361678435606, -0.5804031198848576, 0.44369695323796216]], "trans": [-463.84667586041934, 24.393983627998978, 828.3571394077106]}], "rb_4XMM.renamed.noAb_Seh1_Nup85_47_544_3F3F_1.pdb_31": [{"rot": [[-0.35423669511356165, 0.7786311062408883, 0.5179285319705002], [-0.6840792451391716, 0.16186784710711183, -0.7112203501325979], [-0.6376142644301867, -0.6062445055148992, 0.4753058481947731]], "trans": [-610.9829904169665, 530.5410155202779, 837.6634087306611]}], "rb_4XMM.renamed.noAb_Seh1_Nup85_47_544_3F3F_1.pdb_32": [{"rot": [[-0.7460070681852189, 0.6541346080518251, -0.12482535306012205], [-0.27078512604386956, -0.46921353114287045, -0.8405439177733958], [-0.6083986108885397, -0.5932508548171915, 0.5271665330116961]], "trans": [-358.2817148108325, 992.6698968267071, 815.3143153964916]}], "rb_4XMM.renamed.noAb_Seh1_Nup85_47_544_3F3F_1.pdb_33": [{"rot": [[-0.7318039092006593, 0.12122484457397714, -0.6706471319081692], [0.2992434921449197, -0.8269620119594455, -0.4760117258901344], [-0.6123041490040319, -0.5490340315809268, 0.5688982872873211]], "trans": [146.22309395918694, 1140.0591296559332, 774.426278303762]}], "rb_4XMM.renamed.noAb_Seh1_Nup85_47_544_3F3F_1.pdb_34": [{"rot": [[-0.3199476289575793, -0.5079121307196677, -0.7997867104373735], [0.692075807488687, -0.7018034910266839, 0.16882812760806654], [-0.6470429594805198, -0.49949687431511636, 0.5760540609492516]], "trans": [606.9873187370749, 886.3661400235922, 738.9760910039023]}], "rb_4XMM.renamed.noAb_Seh1_Nup85_47_544_3F3F_1.pdb_35": [{"rot": [[0.2482905564040731, -0.8647190068707404, -0.4365923026772699], [0.6775851107234072, -0.16705759464214318, 0.7162193643000265], [-0.6922645573236496, -0.47365894821998933, 0.5444419008899203]], "trans": [754.0906932116393, 380.2079751226429, 729.7549779659979]}], "rb_4XMM.renamed.noAb_Nup120_715-1036_Nup85_553-744_Nup145c_92-99_554-712_remaining_updated_1.pdb_35": [{"rot": [[0.999020694161072, -0.04190967997763429, 0.014185604044248828], [0.04138585008577799, 0.9985159430558088, 0.035399475646457075], [-0.015648132495778507, -0.03477772545091006, 0.9992725582952098]], "trans": [17.77574261163727, -35.14251629518844, 26.731394076930542]}], "rb_4XMM.renamed.noAb_Nup120_715-1036_Nup85_553-744_Nup145c_92-99_554-712_remaining_updated_1.pdb_36": [{"rot": [[0.7371149964858625, 0.6735443447457816, 0.05476766944667141], [-0.6757111117364514, 0.7335837258556273, 0.07259070626232057], [0.00871638867496963, -0.09051482100048165, 0.9958569634981296]], "trans": [-327.36058804892707, 102.83971492878518, 53.61078631145608]}], "rb_4XMM.renamed.noAb_Nup120_715-1036_Nup85_553-744_Nup145c_92-99_554-712_remaining_updated_1.pdb_37": [{"rot": [[0.046374772824875066, 0.9928834292157621, 0.10968991035727488], [-0.9967852021893305, 0.03881361966533964, 0.07009110945652866], [0.06533483865300313, -0.11258773875169589, 0.9914914825357619]], "trans": [-474.2348122715147, 445.19478499570863, 63.69309064960254]}], "rb_4XMM.renamed.noAb_Nup120_715-1036_Nup85_553-744_Nup145c_92-99_554-712_remaining_updated_1.pdb_38": [{"rot": [[-0.6685546143641304, 0.7290342350687018, 0.14677810364703092], [-0.7337466919408875, -0.6787882510502856, 0.029364984282229254], [0.12103933112104531, -0.08806585225775128, 0.988733475709143]], "trans": [-336.8040252407086, 791.3663834490693, 51.0959559507794]}], "rb_4XMM.renamed.noAb_Nup120_715-1036_Nup85_553-744_Nup145c_92-99_554-712_remaining_updated_1.pdb_39": [{"rot": [[-0.9888574495614755, 0.03656334050958612, 0.14430546274327502], [-0.040687249137654966, -0.9988405922396588, -0.025729730895108164], [0.1431973889579732, -0.03131442838540003, 0.9891986223052027]], "trans": [4.424793566011715, 938.5624236905303, 23.222966242342636]}], "rb_4XMM.renamed.noAb_Nup120_715-1036_Nup85_553-744_Nup145c_92-99_554-712_remaining_updated_1.pdb_40": [{"rot": [[-0.7268958156385793, -0.6788700405892416, 0.10372049555166421], [0.67638913248809, -0.7338522296960346, -0.0629177750891153], [0.11882850945429907, 0.024420748565857835, 0.9926144328894022]], "trans": [349.55690410458834, 800.5535066776553, -3.5734831941638276]}], "rb_4XMM.renamed.noAb_Nup120_715-1036_Nup85_553-744_Nup145c_92-99_554-712_remaining_updated_1.pdb_41": [{"rot": [[-0.03613053140651218, -0.9981549459694149, 0.04879844810108139], [0.9974089978030053, -0.039057082533379084, -0.06041386765951967], [0.06220832582447609, 0.046489226071980486, 0.9969798774585878]], "trans": [496.41096299802786, 458.18731871749605, -13.571649547710933]}], "rb_4XMM.renamed.noAb_Nup120_715-1036_Nup85_553-744_Nup145c_92-99_554-712_remaining_updated_1.pdb_42": [{"rot": [[0.6787783598410724, -0.7342497761420621, 0.011713430188947088], [0.7343143833255124, 0.6785240554288479, -0.019684832883673113], [0.006505739983443827, 0.021962978844348405, 0.9997376170313621]], "trans": [358.95970524358734, 112.02691687554409, -0.890461093058434]}], "rb_4XMM.renamed.noAb_Nup120_2-711_3F7F_updated_1.pdb_42": [{"rot": [[0.9963219728146445, 0.016119704059263062, 0.08415866935602871], [-0.04259127685869356, 0.9453916109569761, 0.32314189618141503], [-0.07435394826289794, -0.32553779668913424, 0.9426009936895373]], "trans": [-31.003949764714093, -39.535383789596494, 257.85018216803746]}], "rb_4XMM.renamed.noAb_Nup120_2-711_3F7F_updated_1.pdb_43": [{"rot": [[0.6748381984902388, 0.6714836690827244, 0.3061096013091577], [-0.7365707681376414, 0.6383749728021803, 0.22347460174467382], [-0.04535316288390567, -0.37628058182029267, 0.9253950585352227]], "trans": [-360.470496831495, 147.42392970640975, 283.2422989897677]}], "rb_4XMM.renamed.noAb_Nup120_2-711_3F7F_updated_1.pdb_44": [{"rot": [[-0.04175019546716763, 0.9186520368971576, 0.39285538851230895], [-0.9990429763588184, -0.04351604787529895, -0.0044141777749082955], [0.013040420490425086, -0.3926637094028662, 0.9195896686845796]], "trans": [-461.73681919090774, 513.2815232215546, 289.57502026899266]}], "rb_4XMM.renamed.noAb_Nup120_2-711_3F7F_updated_1.pdb_45": [{"rot": [[-0.7336556239809715, 0.6128300925628811, 0.29357912570627687], [-0.6762479810881228, -0.700820076499203, -0.22702398210296876], [0.06661901736988587, -0.3650897122968844, 0.9285857033681107]], "trans": [-275.47776401039926, 843.7129766777767, 273.16255349015927]}], "rb_4XMM.renamed.noAb_Nup120_2-711_3F7F_updated_1.pdb_46": [{"rot": [[-0.9955501311612447, -0.06682735683967045, 0.06643824743814064], [0.042716358035438245, -0.9484791451148454, -0.3139468490658888], [0.08399553024427253, -0.3097118268003905, 0.947113158624115]], "trans": [89.19540127187474, 945.1470023521072, 243.64355800927592]}], "rb_4XMM.renamed.noAb_Nup120_2-711_3F7F_updated_1.pdb_47": [{"rot": [[-0.6740122219892317, -0.7221673942804456, -0.15550491711624184], [0.7366705937561009, -0.6414110793343153, -0.21426213758436577], [0.05499055286293784, -0.2589711990654161, 0.9643183899265058]], "trans": [418.6539078811906, 758.1622345799407, 218.33468249806708]}], "rb_4XMM.renamed.noAb_Nup120_2-711_3F7F_updated_1.pdb_48": [{"rot": [[0.042596662657582496, -0.9692825855321109, -0.24223293276229335], [0.999086550033978, 0.040499318248425065, 0.01363344280129225], [-0.0034043900539512534, -0.24259240426196033, 0.9701223301845813]], "trans": [519.8982306201326, 392.2971036026171, 212.08622798732992]}], "rb_4XMM.renamed.noAb_Nup120_2-711_3F7F_updated_1.pdb_49": [{"rot": [[0.7344769339678209, -0.6634093672352439, -0.14293930506953614], [0.6762372596165049, 0.6977793217928007, 0.23623544777348343], [-0.056980717576985994, -0.2701703713268942, 0.9611249493596029]], "trans": [333.6199310225412, 61.88067864017955, 228.58263213384964]}]}
