{"rb_ScNup133N_56-480_renamed_1.pdb_0": [{"rot": [[-0.6252855475633494, -0.6241616201018968, 0.4684445068523816], [0.49861922902067823, -0.781294355476836, -0.37544373020581], [0.6003306159602556, -0.001184099575260028, 0.7997510546719955]], "trans": [974.7931123161854, 163.08911500829774, -279.91634466439274]}], "rb_ScNup133N_56-480_renamed_1.pdb_1": [{"rot": [[-0.0799018609652386, -0.9933222378535591, 0.08322634438614895], [0.8278307880247318, -0.11263473921567074, -0.549554002733273], [0.5552583894122052, 0.02498694273831914, 0.8313024561974713]], "trans": [484.7983624368845, -449.1246715692407, -237.84078157635344]}], "rb_ScNup133N_56-480_renamed_1.pdb_2": [{"rot": [[0.5379432577486202, -0.7831202312643174, -0.31199319676447523], [0.6736533730379991, 0.6218528748200568, -0.3993621602913201], [0.5067624536578463, 0.004658912163342466, 0.8620731466065547]], "trans": [-293.3520923789413, -534.2668147332569, -175.36187696508733]}], "rb_ScNup133N_56-480_renamed_1.pdb_3": [{"rot": [[0.866307426419475, -0.11669489964244156, -0.4856889367979253], [0.12640628766125886, 0.9918952860528598, -0.012852701887425443], [0.48325241165477656, -0.05025974436413744, 0.8740372215908694]], "trans": [-903.8048304395045, -42.4597297188713, -129.05664920324244]}], "rb_ScNup133N_56-480_renamed_1.pdb_4": [{"rot": [[0.7128302851051602, 0.6155524011507967, -0.33610746209267145], [-0.4933254093078899, 0.7807164323845635, 0.3835516819620456], [0.4985007774999863, -0.10759690349726594, 0.8601859573311466]], "trans": [-988.9461170660566, 738.1891753877691, -126.02734871623232]}], "rb_ScNup133N_56-480_renamed_1.pdb_5": [{"rot": [[0.167420907215295, 0.9846608776237777, 0.049124290370154755], [-0.8224941515679929, 0.11202786391589342, 0.5576317138962609], [0.5435748434793932, -0.13376364896191253, 0.8286336197335582]], "trans": [-498.89707272135877, 1350.3648816208115, -168.02457754129802]}], "rb_ScNup133N_56-480_renamed_1.pdb_6": [{"rot": [[-0.45041220341000987, 0.7744015798291112, 0.44433212823012036], [-0.6682682486238164, -0.6224432274353885, 0.40740885667970683], [0.5920695861979305, -0.11343113231377633, 0.7978640130507313]], "trans": [279.26657606520394, 1435.446345386662, -230.4217619706027]}], "rb_ScNup133N_56-480_renamed_1.pdb_7": [{"rot": [[-0.7787336991195913, 0.10794736907101168, 0.6179977276383437], [-0.12099540900529016, -0.9924333203133137, 0.020885778212127636], [0.6155761015952066, -0.05851042849382002, 0.7859024067289203]], "trans": [889.6875050662788, 943.5917623578259, -276.641746663973]}], "rb_ScNup133C_490_881_renamed_relative_3CQC_1.pdb_7": [{"rot": [[0.8281988352067018, 0.36112782798963844, -0.4285713257017401], [-0.28895443635350754, 0.9303866650589496, 0.2255792259763989], [0.480199982375976, -0.06298686634506118, 0.8748946402819828]], "trans": [137.44145218417805, 110.82317218916722, -214.73788778903418]}], "rb_ScNup133C_490_881_renamed_relative_3CQC_1.pdb_8": [{"rot": [[0.39292815095059985, 0.9106864673816689, -0.12750539721297152], [-0.7603451687463537, 0.39973841591678994, 0.5119418162295524], [0.5171872896298013, -0.1042082384854022, 0.8495045323464426]], "trans": [-144.39384943512772, 107.80753369685337, -192.2179583153545]}], "rb_ScNup133C_490_881_renamed_relative_3CQC_1.pdb_9": [{"rot": [[-0.24724790919786926, 0.9253752530387545, 0.2873136134274554], [-0.7847719779266471, -0.3651662819273226, 0.5007859115475108], [0.5683321335789296, -0.10165740310884513, 0.8164951673676858]], "trans": [-345.87953453987836, 305.59965121662367, -177.07941536117534]}], "rb_ScNup133C_490_881_renamed_relative_3CQC_1.pdb_10": [{"rot": [[-0.717305182721285, 0.3965892872110968, 0.5728788808383285], [-0.3479252946585623, -0.9162354713200679, 0.19864679819127015], [0.6036731434956621, -0.056828675545755686, 0.795203896782315]], "trans": [-348.9805345082867, 588.330230231719, -178.16662594132424]}], "rb_ScNup133C_490_881_renamed_relative_3CQC_1.pdb_11": [{"rot": [[-0.741877490982073, -0.3659011554373439, 0.5619022449000878], [0.29428393446122225, -0.9306450510396048, -0.21747817107358536], [0.6025070574625367, 0.004016643512349538, 0.7981034471061552]], "trans": [-151.8783264954963, 790.3718278491119, -194.8186818670942]}], "rb_ScNup133C_490_881_renamed_relative_3CQC_1.pdb_12": [{"rot": [[-0.3065700293315178, -0.9154184224878699, 0.2608139737159217], [0.7656404878642062, -0.3999536861111552, -0.5038171218896368], [0.5655169851195716, 0.045234508242233795, 0.8234952208758414]], "trans": [129.96375024273107, 793.3657441931866, -217.25656908199403]}], "rb_ScNup133C_490_881_renamed_relative_3CQC_1.pdb_13": [{"rot": [[0.33360795336027615, -0.9300475507088177, -0.15400417810986175], [0.790017050439519, 0.3649521391419498, -0.49262865948963486], [0.5143722324052957, 0.042678912313238254, 0.8565043589930809]], "trans": [331.4405465191239, 595.5582176505433, -232.311851980139]}], "rb_ScNup133C_490_881_renamed_relative_3CQC_1.pdb_14": [{"rot": [[0.8036311683229002, -0.4012185905176484, -0.43954588830177793], [0.35313348812100975, 0.9159798071143054, -0.19046714290482053], [0.47903411660074496, -0.0021530401455288756, 0.8777936429199477]], "trans": [334.5260275914074, 312.82780315116634, -231.14092865912056]}], "rb_ScNup84_506-726_ScNup133C_882_1155_renamed_relative_3CQC_new_1.pdb_14": [{"rot": [[0.9723302583677647, 0.1789496774114884, 0.15016950961097936], [-0.20494710285726878, 0.9619475891147782, 0.18070285229259653], [-0.11211848060373399, -0.2064796569897192, 0.972005965802947]], "trans": [-80.80733192236858, 79.63330293726824, 134.07874926365156]}], "rb_ScNup84_506-726_ScNup133C_882_1155_renamed_relative_3CQC_new_1.pdb_15": [{"rot": [[0.542623720364016, 0.8009461346933351, 0.25307071623979344], [-0.8366392572308583, 0.5421826622148226, 0.0779276206094288], [-0.07479472814653242, -0.2540142714759457, 0.9643041524996315]], "trans": [-314.21235654109796, 259.6585862401578, 151.84790526089728]}], "rb_ScNup84_506-726_ScNup133C_882_1155_renamed_relative_3CQC_new_1.pdb_16": [{"rot": [[-0.2066118739419593, 0.9450359205870981, 0.2534139742521892], [-0.9783172067030438, -0.1957316526189557, -0.06770940283156812], [-0.014386681860215134, -0.2619088180324399, 0.9649853856001678]], "trans": [-352.41574704241793, 552.4733588871226, 153.5095081977125]}], "rb_ScNup84_506-726_ScNup133C_882_1155_renamed_relative_3CQC_new_1.pdb_17": [{"rot": [[-0.8364637491838403, 0.5268092068502302, 0.1509981982645673], [-0.5469840108139316, -0.8195147451650895, -0.17089199621662765], [0.03371777298724038, -0.2255385599733012, 0.9736505891488749]], "trans": [-173.03550526358595, 786.5427151684557, 138.11417254629634]}], "rb_ScNup84_506-726_ScNup133C_882_1155_renamed_relative_3CQC_new_1.pdb_18": [{"rot": [[-0.9779557959334929, -0.20873090061354738, 0.005819993912918046], [0.2046792624865742, -0.9637456844684495, -0.17117434146621527], [0.041338368473381404, -0.1662097072902116, 0.9852235647275505]], "trans": [118.84680723921326, 824.7456425918082, 114.70470790666724]}], "rb_ScNup84_506-726_ScNup133C_882_1155_renamed_relative_3CQC_new_1.pdb_19": [{"rot": [[-0.5481999781671114, -0.830694635736439, -0.09707319968088104], [0.8363376692468839, -0.543931952628883, -0.06839103675205456], [0.004010852312030279, -0.1186779384217478, 0.9929247000632503]], "trans": [352.2443296004972, 644.7024444064826, 97.01871363935805]}], "rb_ScNup84_506-726_ScNup133C_882_1155_renamed_relative_3CQC_new_1.pdb_20": [{"rot": [[0.20104668651072727, -0.9747268727947891, -0.09740509891555288], [0.9779568084032728, 0.19399364686837256, 0.07724600877970265], [-0.056397790211515725, -0.11078803376899692, 0.9922425614903132]], "trans": [390.43141565522444, 351.88508151371707, 95.44089945986423]}], "rb_ScNup84_506-726_ScNup133C_882_1155_renamed_relative_3CQC_new_1.pdb_21": [{"rot": [[0.8308649375537734, -0.5564514964652741, 0.0050187274603525], [0.5465741914080663, 0.8177438930868725, 0.1804205603742111], [-0.10449932454510374, -0.14716201072519605, 0.9835767554029194]], "trans": [211.03944529388622, 117.83021061608997, 110.91957606289975]}], "rb_4XMM.renamed.noAb_Nup145c_149-550_Sec13_Nup84_7-436_3IKO_updated_1.pdb_21": [{"rot": [[0.9973169129787922, -0.030180767772973877, 0.06669405028250919], [0.03205288575202404, 0.9991165247254641, -0.027180554362972828], [-0.06581479773895638, 0.02924536334437732, 0.9974031888466346]], "trans": [-6.922032999375119, -10.615663168951698, 24.044172638805207]}], "rb_4XMM.renamed.noAb_Nup145c_149-550_Sec13_Nup84_7-436_3IKO_updated_1.pdb_22": [{"rot": [[0.7283357256144655, 0.6835485407635556, 0.047837884711418775], [-0.6839992428454572, 0.729429958282298, -0.008773354382762024], [-0.04089139983530212, -0.026331129491496897, 0.9988165822808565]], "trans": [-327.6318252465012, 137.4339678572229, 48.92763585782234]}], "rb_4XMM.renamed.noAb_Nup145c_149-550_Sec13_Nup84_7-436_3IKO_updated_1.pdb_23": [{"rot": [[0.033327035046973985, 0.9983163094328891, 0.04747478336204855], [-0.9993157913624693, 0.03252282078826563, 0.017612928818785054], [0.016039260225428034, -0.04802928740123086, 0.9987171419792246]], "trans": [-450.1310949331441, 469.5777884325531, 57.11678793940263]}], "rb_4XMM.renamed.noAb_Nup145c_149-550_Sec13_Nup84_7-436_3IKO_updated_1.pdb_24": [{"rot": [[-0.6805632681667089, 0.729727141122992, 0.06581745612458861], [-0.729179879714412, -0.6833468602219903, 0.03652083849560901], [0.07162639905735155, -0.023138023537275895, 0.9971631214725425]], "trans": [-302.6561292979018, 791.24138203132, 43.838313028298614]}], "rb_4XMM.renamed.noAb_Nup145c_149-550_Sec13_Nup84_7-436_3IKO_updated_1.pdb_25": [{"rot": [[-0.9951281785507322, 0.03512435773707622, 0.09212050666305702], [-0.03184093386107215, -0.9988125318501594, 0.03687385455749992], [0.09330628695407006, 0.03376100876204269, 0.995064887885314]], "trans": [28.402070732348477, 913.9897968618753, 16.894933855117813]}], "rb_4XMM.renamed.noAb_Nup145c_149-550_Sec13_Nup84_7-436_3IKO_updated_1.pdb_26": [{"rot": [[-0.7260911362368994, -0.6785839363181434, 0.11097523709900639], [0.6841900592375274, -0.7290699555904909, 0.018465175217875593], [0.0683785398992666, 0.08933555409942863, 0.9936516160380311]], "trans": [349.1068569985301, 765.9153975590104, -7.905533257657623]}], "rb_4XMM.renamed.noAb_Nup145c_149-550_Sec13_Nup84_7-436_3IKO_updated_1.pdb_27": [{"rot": [[-0.031057834034949883, -0.9932973590981732, 0.11133628049135844], [0.9994520477872245, -0.032138135986223504, -0.007921135603733295], [0.01144618359887841, 0.11102926021515201, 0.9937512205059649]], "trans": [471.5867571076909, 433.76237187855315, -16.01062008759095]}], "rb_4XMM.renamed.noAb_Nup145c_149-550_Sec13_Nup84_7-436_3IKO_updated_1.pdb_28": [{"rot": [[0.6828114196556531, -0.7246523500792107, 0.0929921325301615], [0.7292601137015683, 0.6837104402998063, -0.02682760498104574], [-0.044139004880103166, 0.08613364818536587, 0.995305351587377]], "trans": [324.0932319485572, 112.11076241695696, -2.648247586796458]}], "rb_4XMM.renamed.noAb_Seh1_Nup85_47_544_3F3F_1.pdb_28": [{"rot": [[0.689840643264378, -0.695554178772007, 0.20080904186163911], [0.31497850020728174, 0.5381036897163134, 0.7818138931490424], [-0.6518500067559729, -0.47607646812932236, 0.5902904074993508]], "trans": [455.98421285597675, -124.36674887926415, 685.855219118466]}], "rb_4XMM.renamed.noAb_Seh1_Nup85_47_544_3F3F_1.pdb_29": [{"rot": [[0.6982271668389153, -0.12316161900028784, 0.7052021264101029], [-0.3009995377060878, 0.8432729114352138, 0.4452977376321385], [-0.6495214405920904, -0.5231844917854573, 0.5517244654411926]], "trans": [-66.56812068277554, -231.1192678473933, 728.0665154736159]}], "rb_4XMM.renamed.noAb_Seh1_Nup85_47_544_3F3F_1.pdb_30": [{"rot": [[0.2699606215386574, 0.49684138030802594, 0.8247847632152754], [-0.7423339054019719, 0.6529430246350936, -0.15035218478968787], [-0.6132386449899572, -0.5716765251381166, 0.545091106969184]], "trans": [-511.45237215050093, 64.10339819814882, 762.1313856741901]}], "rb_4XMM.renamed.noAb_Seh1_Nup85_47_544_3F3F_1.pdb_31": [{"rot": [[-0.3440744118412157, 0.8012483201158345, 0.489503757521508], [-0.7504847074695378, 0.07861196065486759, -0.656195750897825], [-0.5642565932007213, -0.5931452513116423, 0.5742762470065821]], "trans": [-618.0471608301967, 588.3557656434723, 768.118153343209]}], "rb_4XMM.renamed.noAb_Seh1_Nup85_47_544_3F3F_1.pdb_32": [{"rot": [[-0.7841675528528039, 0.6117333229458719, -0.1042285500736102], [-0.3206770891312962, -0.5432690451578461, -0.7759026672718438], [-0.531269661809447, -0.575013987804544, 0.6221828190090049]], "trans": [-323.90584318751286, 1034.5235224759049, 742.5436904679235]}], "rb_4XMM.renamed.noAb_Seh1_Nup85_47_544_3F3F_1.pdb_33": [{"rot": [[-0.7925060341782304, 0.03931694630176277, -0.6085954021553218], [0.29530158650279237, -0.8483933310757774, -0.4393469344323233], [-0.5336020603408757, -0.5279042844300951, 0.6607464776147671]], "trans": [198.6613628491511, 1141.2354225728152, 700.4138829017891]}], "rb_4XMM.renamed.noAb_Seh1_Nup85_47_544_3F3F_1.pdb_34": [{"rot": [[-0.3642050558844741, -0.5806712253074634, -0.7281315852015461], [0.7366023259469526, -0.6580147881557713, 0.156312353887512], [-0.5698874368484766, -0.4794136696718656, 0.6673760878650276]], "trans": [643.5291331251769, 845.9782470148222, 666.4329708485205]}], "rb_4XMM.renamed.noAb_Seh1_Nup85_47_544_3F3F_1.pdb_35": [{"rot": [[0.24983062990018878, -0.8850333791199019, -0.39281111772362376], [0.7447049336943692, -0.08365985117782232, 0.6621295877939375], [-0.6188693061502888, -0.45794862937289404, 0.6381879305976788]], "trans": [750.0895685165708, 321.7179291651527, 660.5314566209688]}], "rb_4XMM.renamed.noAb_Nup120_715-1036_Nup85_553-744_Nup145c_92-99_554-712_remaining_updated_1.pdb_35": [{"rot": [[0.9964912675693998, -0.019464057392314698, 0.08140211377944842], [0.022051092373963004, 0.999276002127433, -0.031003562655474316], [-0.08073972369935717, 0.03268978498010733, 0.9961990137391767]], "trans": [-13.435433228242573, -4.572992008988649, 28.000358897082037]}], "rb_4XMM.renamed.noAb_Nup120_715-1036_Nup85_553-744_Nup145c_92-99_554-712_remaining_updated_1.pdb_36": [{"rot": [[0.7204041790400408, 0.6913265898109282, 0.05554606234504521], [-0.691349287228767, 0.7221883698629057, -0.02191167458312829], [-0.05526284348387235, -0.02261646867116057, 0.9982156648114302]], "trans": [-327.9112178629473, 146.5250219589773, 52.37210128570649]}], "rb_4XMM.renamed.noAb_Nup120_715-1036_Nup85_553-744_Nup145c_92-99_554-712_remaining_updated_1.pdb_37": [{"rot": [[0.022238213927285422, 0.998798685581837, 0.043665175155050466], [-0.9997509217297144, 0.022134567878794975, 0.00285576704366507], [0.0018858265861316642, -0.0437178062671946, 0.9990421397885443]], "trans": [-443.85197541206077, 476.4013754247329, 60.049531637570226]}], "rb_4XMM.renamed.noAb_Nup120_715-1036_Nup85_553-744_Nup145c_92-99_554-712_remaining_updated_1.pdb_38": [{"rot": [[-0.6890111612657065, 0.7228307408612625, 0.05271944344587245], [-0.7224877851751775, -0.6907840158639992, 0.02878964569900328], [0.057227789787398516, -0.0182527667153779, 0.9981942779756278]], "trans": [-293.3360619993666, 791.8099660666344, 46.559107901970435]}], "rb_4XMM.renamed.noAb_Nup120_715-1036_Nup85_553-744_Nup145c_92-99_554-712_remaining_updated_1.pdb_39": [{"rot": [[-0.9966840339346899, 0.025088668814538456, 0.0774047491875648], [-0.021984532369030054, -0.9989296228569173, 0.04069752959890019], [0.07834294375494501, 0.03886087075777758, 0.9961687687775391]], "trans": [35.4640913628632, 907.980111020707, 19.827715419382343]}], "rb_4XMM.renamed.noAb_Nup120_715-1036_Nup85_553-744_Nup145c_92-99_554-712_remaining_updated_1.pdb_40": [{"rot": [[-0.7205412970826699, -0.6856803865901485, 0.10326009221383309], [0.6913941540990224, -0.7217862116704494, 0.031603612453633176], [0.0528617335709114, 0.09416513201820899, 0.994152184042198]], "trans": [349.9346320921356, 756.8578181689909, -4.4610142800731865]}], "rb_4XMM.renamed.noAb_Nup120_715-1036_Nup85_553-744_Nup145c_92-99_554-712_remaining_updated_1.pdb_41": [{"rot": [[-0.022351259570149717, -0.9930978908530519, 0.11513904801955271], [0.9997409810565159, -0.02170830029972659, 0.006835239151131441], [-0.004288588553831754, 0.11526200102947184, 0.9933258675414122]], "trans": [465.85619673388305, 426.97277428353004, -12.054395966179925]}], "rb_4XMM.renamed.noAb_Nup120_715-1036_Nup85_553-744_Nup145c_92-99_554-712_remaining_updated_1.pdb_42": [{"rot": [[0.6888765101485076, -0.7170743353901524, 0.10608275680045628], [0.7224220295814904, 0.691188599675732, -0.019097927993935962], [-0.059628558099067974, 0.08979263445891535, 0.9941738871324041]], "trans": [315.3222115661718, 111.5764062467257, 1.5198853206520084]}], "rb_4XMM.renamed.noAb_Nup120_2-711_3F7F_updated_1.pdb_42": [{"rot": [[0.9983958392225575, 0.0470898982937347, -0.03143707527381015], [-0.0323852457612737, 0.9303914935899203, 0.36513403636541397], [0.046442912054127136, -0.3635302052570092, 0.9304240139773531]], "trans": [-16.92657011432152, -47.88082273636621, 208.7705799175261]}], "rb_4XMM.renamed.noAb_Nup120_2-711_3F7F_updated_1.pdb_43": [{"rot": [[0.6858916307934668, 0.6821137412163837, 0.253522217667934], [-0.7238578755653658, 0.6037533871121219, 0.33393356155474385], [0.07471577336462602, -0.4125562890011847, 0.9078627988942476]], "trans": [-357.34415432771675, 128.7746990826937, 235.08569502108583]}], "rb_4XMM.renamed.noAb_Nup120_2-711_3F7F_updated_1.pdb_44": [{"rot": [[-0.022577850542772893, 0.9010631473084894, 0.4330998097752847], [-0.9909278841235862, -0.0775781063664513, 0.1097431814690471], [0.13248459960018313, -0.426692912965654, 0.8946401449150736]], "trans": [-473.6199467426564, 495.1175427122072, 242.6124030319938]}], "rb_4XMM.renamed.noAb_Nup120_2-711_3F7F_updated_1.pdb_45": [{"rot": [[-0.7119811931997053, 0.5756744672946705, 0.4020966155477072], [-0.6771418947354084, -0.7144693911919926, -0.1761032181531158], [0.18590759781155902, -0.39765864350563307, 0.8985020691802523]], "trans": [-297.63603533453215, 836.5390217150897, 226.96545717206396]}], "rb_4XMM.renamed.noAb_Nup120_2-711_3F7F_updated_1.pdb_46": [{"rot": [[-0.9784561984617682, -0.10343502209258937, 0.17867474330875516], [0.03367983563312211, -0.9338205725465842, -0.3561527859788472], [0.2036888223822551, -0.34246216505400157, 0.9171862020021099]], "trans": [67.51563655988969, 953.0297364437779, 197.33506384916615]}], "rb_4XMM.renamed.noAb_Nup120_2-711_3F7F_updated_1.pdb_47": [{"rot": [[-0.6658980509488712, -0.7384334065264331, -0.10628212393559482], [0.7251279147457221, -0.6071326355410496, -0.3249299464769274], [0.17541178124349105, -0.2934383529580714, 0.9397471149273292]], "trans": [407.9259842455469, 776.3479004863084, 171.10313016158645]}], "rb_4XMM.renamed.noAb_Nup120_2-711_3F7F_updated_1.pdb_48": [{"rot": [[0.04259227945605071, -0.9573296789282948, -0.28584223546177434], [0.9921423084403151, 0.07421602002685757, -0.10072547926961808], [0.11764156380063494, -0.2793060475793889, 0.9529683070554444]], "trans": [524.179739601543, 409.9963413556334, 163.66069763496046]}], "rb_4XMM.renamed.noAb_Nup120_2-711_3F7F_updated_1.pdb_49": [{"rot": [[0.7319711674881357, -0.6318913164877229, -0.25481674614017513], [0.6783022199876578, 0.7110817447094135, 0.18511847747005145], [0.0642207779917778, -0.30834415267429216, 0.9491046176189968]], "trans": [348.17572690164894, 68.58908474266536, 179.39165308287104]}]}
