{"rb_ScNup133N_56-480_renamed_1.pdb_0": [{"rot": [[-0.35237972314531363, 0.0550879226908319, 0.9342343664678803], [-0.6364022500585254, -0.7460267613908463, -0.19605164474987685], [0.68616376094667, -0.6636334772013046, 0.2979427815893968]], "trans": [544.880847559328, 789.0565985802839, -42.56244130127408]}], "rb_ScNup133N_56-480_renamed_1.pdb_1": [{"rot": [[-0.6849090063268561, -0.5000063784652505, 0.5299936551944975], [-0.1621329756896446, -0.6045641033046799, -0.7798814930420072], [0.7103608598778373, -0.6200773068654212, 0.33300387725092134]], "trans": [626.0083395512208, 310.1548620490928, -46.65748337481591]}], "rb_ScNup133N_56-480_renamed_1.pdb_2": [{"rot": [[-0.5858197082780595, -0.7929452820225149, -0.16749044483565018], [0.4089711190302654, -0.11081665767397408, -0.905793736002354], [0.6996841381596, -0.5991305768363053, 0.38921030138943424]], "trans": [345.8213078518946, -85.88807780647255, -22.356667809265048]}], "rb_ScNup133N_56-480_renamed_1.pdb_3": [{"rot": [[-0.11315973695501103, -0.6521210478385755, -0.7496219132990914], [0.7423492028465457, 0.44597136001182, -0.5000272063421205], [0.6603881699162778, -0.6130641769139065, 0.4336355382340146]], "trans": [-131.54082039277472, -167.06456581839052, 16.128249896765738]}], "rb_ScNup133N_56-480_renamed_1.pdb_4": [{"rot": [[0.4561800319356511, -0.16003049792008642, -0.8753799279162373], [0.6427036936286376, 0.7396256782813146, 0.1997143415556598], [0.6154930874179612, -0.6537156077090048, 0.4402546576452674]], "trans": [-526.4306663117874, 114.17984607438098, 46.276267214930556]}], "rb_ScNup133N_56-480_renamed_1.pdb_5": [{"rot": [[0.7886723340870364, 0.3950527851139478, -0.4710936705363579], [0.1684083356780719, 0.5981194569663529, 0.7835124425766424], [0.5912990630128272, -0.6972706878766577, 0.40519008614249746]], "trans": [-607.5142768796952, 593.0883326340274, 50.4502554143906]}], "rb_ScNup133N_56-480_renamed_1.pdb_6": [{"rot": [[0.6895384907574026, 0.6879531873878991, 0.22640026883118433], [-0.4026879627531631, 0.10434903575095969, 0.909369937589511], [0.6019792973331471, -0.7182142373280234, 0.3489831441224853]], "trans": [-327.28981640764425, 989.1096666194278, 26.229038255855528]}], "rb_ScNup133N_56-480_renamed_1.pdb_7": [{"rot": [[0.21685250515644067, 0.5470855233540151, 0.8085001058403383], [-0.7360289375862419, -0.4524279104539485, 0.503557731425048], [0.6412771585227737, -0.7042772294904446, 0.3045606507384364]], "trans": [150.08518833420834, 1070.2490834763043, -12.174248828856491]}], "rb_ScNup133C_490_881_renamed_relative_3CQC_1.pdb_7": [{"rot": [[0.7534905949804247, 0.3343488763429532, -0.5660942961771008], [-0.24909298661682622, 0.9420214744900821, 0.2248293255290284], [0.6084444159447534, -0.028396663320411006, 0.7930882814781164]], "trans": [228.04425282182825, 86.54245940510228, -268.81236601203057]}], "rb_ScNup133C_490_881_renamed_relative_3CQC_1.pdb_8": [{"rot": [[0.3706015157017709, 0.9005879777355552, -0.2271471129416568], [-0.6721207036252255, 0.42883059230331344, 0.6036208104953954], [0.6410212760259043, -0.07103250990194021, 0.7642290927589376]], "trans": [-98.34836720823193, 23.67041876078528, -242.44971269945717]}], "rb_ScNup133C_490_881_renamed_relative_3CQC_1.pdb_9": [{"rot": [[-0.19843078879894616, 0.939381543967275, 0.27962034423532744], [-0.699520734564447, -0.3355672641318339, 0.6309242055568076], [0.6865099882529321, -0.07040544081767419, 0.7237037445890581]], "trans": [-373.5447844154209, 210.76181100082346, -221.38390389567354]}], "rb_ScNup133C_490_881_renamed_relative_3CQC_1.pdb_10": [{"rot": [[-0.620259171189713, 0.4280037569502871, 0.6573365535184287], [-0.3152417549698587, -0.9033770525058746, 0.2907447969084195], [0.7182626236124013, -0.026882801978850263, 0.6952525573338023]], "trans": [-436.32914399102117, 538.2159773575513, -217.93158252465332]}], "rb_ScNup133C_490_881_renamed_relative_3CQC_1.pdb_11": [{"rot": [[-0.6477706172858265, -0.3339730652540596, 0.6847300337110551], [0.25560019057841715, -0.9419677926712793, -0.2176355213338812], [0.7176780405985763, 0.03403923111354086, 0.6955426376490393]], "trans": [-249.91956949691226, 814.2057668706312, -234.09116222208525]}], "rb_ScNup133C_490_881_renamed_relative_3CQC_1.pdb_12": [{"rot": [[-0.26484853405279385, -0.900172156325266, 0.3457532978682957], [0.6785978415067684, -0.42873248490971827, -0.5964003905812676], [0.6850986961835764, 0.07667167247331003, 0.7244040523959709]], "trans": [76.48449529252014, 877.0525861824485, -260.3721284499532]}], "rb_ScNup133C_490_881_renamed_relative_3CQC_1.pdb_13": [{"rot": [[0.30418592295010066, -0.9389061053066354, -0.16101630258118568], [0.7059532096344889, 0.33566839087424677, -0.6236640098439643], [0.6396100296944646, 0.07603983683448112, 0.7649293778698965]], "trans": [351.672860265577, 689.9399991951678, -281.35471572916174]}], "rb_ScNup133C_490_881_renamed_relative_3CQC_1.pdb_14": [{"rot": [[0.7259843454247181, -0.427484018736201, -0.5387059902427165], [0.32164113460166965, 0.9034380235940205, -0.2834549665408522], [0.6078599433507599, 0.03251386242316276, 0.7933783070011011]], "trans": [414.4382144043593, 362.48131444859433, -284.7230236758833]}], "rb_ScNup84_506-726_ScNup133C_882_1155_renamed_relative_3CQC_new_1.pdb_14": [{"rot": [[0.9790828880652065, 0.18938079581345202, 0.07437481075579268], [-0.20089010676441066, 0.9577406416762277, 0.20585438612230972], [-0.03224691151226822, -0.216489670558835, 0.9757522017598776]], "trans": [-67.14649891729948, 72.58714689793652, 90.84052402279676]}], "rb_ScNup84_506-726_ScNup133C_882_1155_renamed_relative_3CQC_new_1.pdb_15": [{"rot": [[0.5518500658393907, 0.8051774503509083, 0.21714229960897147], [-0.83392903154666, 0.5312798864505838, 0.14934541371165794], [0.00488622315408134, -0.2634975440103135, 0.9646476917112398]], "trans": [-310.3498621889862, 242.55810370829244, 109.43958732845431]}], "rb_ScNup84_506-726_ScNup133C_882_1155_renamed_relative_3CQC_new_1.pdb_16": [{"rot": [[-0.19658503492326845, 0.9401618590869476, 0.27829840596452116], [-0.978313647160298, -0.2069693105262584, 0.008130945836901271], [0.06524363435719002, -0.27066470626674133, 0.9604602464222063]], "trans": [-362.57149629263154, 535.2167810151999, 112.2192905594033]}], "rb_ScNup84_506-726_ScNup133C_882_1155_renamed_relative_3CQC_new_1.pdb_17": [{"rot": [[-0.8277785792610846, 0.5152582521038346, 0.2220170204182612], [-0.5494614099557754, -0.8245301603515869, -0.13506359109693067], [0.11346709957477885, -0.23379253262131516, 0.9656429303860716]], "trans": [-193.21731830601541, 779.1197159601019, 97.57524927032506]}], "rb_ScNup84_506-726_ScNup133C_882_1155_renamed_relative_3CQC_new_1.pdb_18": [{"rot": [[-0.97196848907199, -0.22061884648686406, 0.08126857219072695], [0.20139999269595368, -0.959626809589742, -0.1963528183110284], [0.12130663293152477, -0.17448126229317418, 0.9771596542609594]], "trans": [98.50451975165663, 831.3852470160714, 74.1101542305301]}], "rb_ScNup84_506-726_ScNup133C_882_1155_renamed_relative_3CQC_new_1.pdb_19": [{"rot": [[-0.5446862821110279, -0.8363822564636272, -0.06149451319327214], [0.834405363975729, -0.5331177362542583, -0.13983264232526982], [0.0841697252496256, -0.12747627372945486, 0.9882637588151536]], "trans": [341.70116520754726, 661.3956059417131, 55.59419387335697]}], "rb_ScNup84_506-726_ScNup133C_882_1155_renamed_relative_3CQC_new_1.pdb_20": [{"rot": [[0.20376010010495182, -0.9713090899979865, -0.12263960735628543], [0.9787312320121232, 0.20514203071700376, 0.0013866208334062657], [0.023811700679536307, -0.12031375200112274, 0.9924503030329332]], "trans": [393.90650742015896, 368.73323812750516, 52.89828375226523]}], "rb_ScNup84_506-726_ScNup133C_882_1155_renamed_relative_3CQC_new_1.pdb_21": [{"rot": [[0.8349202137798387, -0.5463573055371616, -0.06634705199179211], [0.5498294683146776, 0.8226695103695646, 0.1445767356150369], [-0.02440885893743848, -0.15718960332819112, 0.9872667502812492]], "trans": [224.53983416528246, 124.84400197357559, 67.62573092970985]}], "rb_4XMM.renamed.noAb_Nup145c_149-550_Sec13_Nup84_7-436_3IKO_updated_1.pdb_21": [{"rot": [[0.9999816596243931, -0.006027808209644503, -0.0005881692209605234], [0.006018672229252903, 0.9998772909116322, -0.01446301157477592], [0.000675277307158231, 0.014459206319954933, 0.9998952321884307]], "trans": [2.1160329779955873, 2.020020755375697, -6.16650423949045]}], "rb_4XMM.renamed.noAb_Nup145c_149-550_Sec13_Nup84_7-436_3IKO_updated_1.pdb_22": [{"rot": [[0.7131854688976625, 0.700915613217398, 0.009153693314710465], [-0.7004562768703327, 0.7120940919579267, 0.047780837074786184], [0.02697204378931426, -0.040488360632339154, 0.9988158997068141]], "trans": [-312.91356952918454, 138.25884617275253, 18.32167783171508]}], "rb_4XMM.renamed.noAb_Nup145c_149-550_Sec13_Nup84_7-436_3IKO_updated_1.pdb_23": [{"rot": [[0.0123259363709044, 0.9981270761044194, 0.05992004038568979], [-0.9963663271922814, 0.00720950236862461, 0.0848655708338792], [0.08427463040526365, -0.060748358190481806, 0.9945890727567926]], "trans": [-439.72022398957586, 458.02528746167593, 26.9143769461416]}], "rb_4XMM.renamed.noAb_Nup145c_149-550_Sec13_Nup84_7-436_3IKO_updated_1.pdb_24": [{"rot": [[-0.6920235416822975, 0.7114959148105755, 0.1219712300723041], [-0.7083631989262857, -0.7018451464021476, 0.07506642977168049], [0.13901437394891197, -0.034452194118947524, 0.9896908861639485]], "trans": [-304.0168909071899, 773.9957714034523, 14.601873706687229]}], "rb_4XMM.renamed.noAb_Nup145c_149-550_Sec13_Nup84_7-436_3IKO_updated_1.pdb_25": [{"rot": [[-0.9872451096907375, 0.008934705121174755, 0.15895680053436007], [-0.0051631854546750665, -0.999695643433924, 0.024123888890315005], [0.15912396082200603, 0.022995467893245518, 0.9869907666988007]], "trans": [14.701417120579094, 901.0704501163443, -11.378988981493421]}], "rb_4XMM.renamed.noAb_Nup145c_149-550_Sec13_Nup84_7-436_3IKO_updated_1.pdb_26": [{"rot": [[-0.7003938104909625, -0.6979862902146752, 0.1492100830986419], [0.7012892302106912, -0.7118569678734822, -0.0381191930720869], [0.1328229114891125, 0.07794097742732024, 0.9880704824157173]], "trans": [329.72693466218476, 764.8073018525499, -35.78425052431379]}], "rb_4XMM.renamed.noAb_Nup145c_149-550_Sec13_Nup84_7-436_3IKO_updated_1.pdb_27": [{"rot": [[0.0004888202424805366, -0.9951427845431998, 0.09844084226770909], [0.9971442619939811, -0.006949074389454302, -0.07519994107449457], [0.07551875149423597, 0.0981964802665313, 0.9922975206237368]], "trans": [456.51518502122116, 445.0313169705698, -44.29295969461538]}], "rb_4XMM.renamed.noAb_Nup145c_149-550_Sec13_Nup84_7-436_3IKO_updated_1.pdb_28": [{"rot": [[0.7048158549808475, -0.7084563135801789, 0.03639041516661776], [0.709085860720595, 0.7020830538139183, -0.06539593009855071], [0.020781065751030996, 0.07189601724507874, 0.9971956227393627]], "trans": [320.79373676229807, 129.0718930508341, -31.89658978644951]}], "rb_4XMM.renamed.noAb_Seh1_Nup85_47_544_3F3F_1.pdb_28": [{"rot": [[0.6451487761248532, -0.7436243195968079, 0.17551617580381584], [0.2025088178136938, 0.38792073509092223, 0.8991705522281221], [-0.7367314540402844, -0.5445552080282681, 0.40085706933642234]], "trans": [508.8262066605067, -26.26930707304257, 816.8993747628502]}], "rb_4XMM.renamed.noAb_Seh1_Nup85_47_544_3F3F_1.pdb_29": [{"rot": [[0.5855752402416657, -0.2644717467565172, 0.7662612695311433], [-0.35391871627931637, 0.7670123513493198, 0.5351949132276911], [-0.7292757916475245, -0.584591094736442, 0.3555419408054866]], "trans": [42.64208370663113, -191.44768084612792, 854.9020450729269]}], "rb_4XMM.renamed.noAb_Seh1_Nup85_47_544_3F3F_1.pdb_30": [{"rot": [[0.1512127992507174, 0.34168383967621785, 0.9275703978927344], [-0.7049538193436937, 0.6950725037697103, -0.14111813170550283], [-0.6929464639750375, -0.6325554269844103, 0.3459751867649896]], "trans": [-403.5531976652323, 22.49337942410589, 889.4668858684956]}], "rb_4XMM.renamed.noAb_Seh1_Nup85_47_544_3F3F_1.pdb_31": [{"rot": [[-0.4034829044050762, 0.7197479503753321, 0.5649463990356594], [-0.644955178409373, 0.21424456941608028, -0.733574864835661], [-0.6490257034168863, -0.6603500226442283, 0.37776114662308674]], "trans": [-568.3702369347152, 490.22430085758543, 900.3693309484436]}], "rb_4XMM.renamed.noAb_Seh1_Nup85_47_544_3F3F_1.pdb_32": [{"rot": [[-0.75356330631473, 0.6482452985893241, -0.10918047551122295], [-0.20907084331651668, -0.39379566809333943, -0.8951057782552], [-0.62324291079076, -0.6516924156745764, 0.43227915691287067]], "trans": [-355.25497523823697, 937.7418314677657, 881.2465791616488]}], "rb_4XMM.renamed.noAb_Seh1_Nup85_47_544_3F3F_1.pdb_33": [{"rot": [[-0.6939463709059016, 0.16906314592182745, -0.6998971974494183], [0.34735199646835513, -0.772849664258182, -0.5310837852970746], [-0.6307020095544192, -0.611654354310534, 0.47759179850264083]], "trans": [110.94857553647915, 1102.8840086212008, 843.3250130368015]}], "rb_4XMM.renamed.noAb_Seh1_Nup85_47_544_3F3F_1.pdb_34": [{"rot": [[-0.2595565395398721, -0.43708684612618587, -0.8611535819617524], [0.6983529958372241, -0.7008622434637368, 0.1452418978537446], [-0.6670333544788196, -0.5636906994358231, 0.4871542870408631]], "trans": [557.1337152148027, 888.9083332318901, 808.8436256051066]}], "rb_4XMM.renamed.noAb_Seh1_Nup85_47_544_3F3F_1.pdb_35": [{"rot": [[0.2951344996725158, -0.8151134654981014, -0.49848336528587844], [0.6383108202457153, -0.22000465183402315, 0.737670149815375], [-0.710953531435284, -0.5358992363635826, 0.455364781910759]], "trans": [721.9208111019659, 421.16488979509484, 798.0261047127999]}], "rb_4XMM.renamed.noAb_Nup120_715-1036_Nup85_553-744_Nup145c_92-99_554-712_remaining_updated_1.pdb_35": [{"rot": [[0.9987911004809736, -0.048069343000543774, 0.010279876628678358], [0.04885275898913305, 0.993878938487537, -0.09908614216950765], [-0.005453947116946979, 0.09946855731527565, 0.9950257587452008]], "trans": [21.49743445439526, 5.402518156662268, -46.8767736526039]}], "rb_4XMM.renamed.noAb_Nup120_715-1036_Nup85_553-744_Nup145c_92-99_554-712_remaining_updated_1.pdb_36": [{"rot": [[0.7424178503399608, 0.6685623774751495, -0.042896187725325406], [-0.6696822759530368, 0.7423784798216277, -0.01999604891193569], [0.018476600632997157, 0.04357224027409667, 0.9988794096919527]], "trans": [-297.59345593334046, 124.64642076631544, -21.98219346512184]}], "rb_4XMM.renamed.noAb_Nup120_715-1036_Nup85_553-744_Nup145c_92-99_554-712_remaining_updated_1.pdb_37": [{"rot": [[0.05457740532500427, 0.9982024829673051, -0.024761054620027076], [-0.995697293477777, 0.05626679946869356, 0.0736270808777465], [0.07488796024073963, 0.02063614003285474, 0.9969784065542866]], "trans": [-439.25253851863175, 435.28141212685614, -12.161235046529839]}], "rb_4XMM.renamed.noAb_Nup120_715-1036_Nup85_553-744_Nup145c_92-99_554-712_remaining_updated_1.pdb_38": [{"rot": [[-0.6617836033238594, 0.7477431517531309, 0.054061459266112805], [-0.7382080995073476, -0.6625222060458239, 0.1269374976826131], [0.13073356184789445, 0.04409654751188275, 0.9904363837743914]], "trans": [-320.4920119906868, 755.333251141081, -23.14314941276598]}], "rb_4XMM.renamed.noAb_Nup120_715-1036_Nup85_553-744_Nup145c_92-99_554-712_remaining_updated_1.pdb_39": [{"rot": [[-0.9870107960499039, 0.06390699153446038, 0.1473960139011476], [-0.04805549446726136, -0.9929118023665425, 0.10870520766149624], [0.15329826461000756, 0.10021002521822064, 0.9830857505392506]], "trans": [-10.881553973736118, 897.3111745787058, -48.47057138191019]}], "rb_4XMM.renamed.noAb_Nup120_715-1036_Nup85_553-744_Nup145c_92-99_554-712_remaining_updated_1.pdb_40": [{"rot": [[-0.7305814976507955, -0.65270513294275, 0.20056591116265368], [0.670459394458268, -0.7413551054754777, 0.029610943384055566], [0.12936334748672432, 0.15610450671145998, 0.9792326114419385]], "trans": [308.2065770576964, 778.0426297964299, -73.28233514660144]}], "rb_4XMM.renamed.noAb_Nup120_715-1036_Nup85_553-744_Nup145c_92-99_554-712_remaining_updated_1.pdb_41": [{"rot": [[-0.04271560678183911, -0.9822917349287957, 0.1824234755392894], [0.996420414276732, -0.0552175753608411, -0.06401075990685788], [0.07295022241119536, 0.17903621662067215, 0.9811341896949217]], "trans": [449.8479681420139, 467.39692880937093, -83.0193547464279]}], "rb_4XMM.renamed.noAb_Nup120_715-1036_Nup85_553-744_Nup145c_92-99_554-712_remaining_updated_1.pdb_42": [{"rot": [[0.6736253387768694, -0.731776335809163, 0.10359680162756377], [0.7388750035280948, 0.6635517482970383, -0.11731498835741065], [0.017106493477729197, 0.1555714359439309, 0.9876765139453492]], "trans": [331.06900857767266, 147.35482015531147, -71.95354190664835]}], "rb_4XMM.renamed.noAb_Nup120_2-711_3F7F_updated_1.pdb_42": [{"rot": [[-0.6635635244392721, 0.7450525633638536, 0.06767663451061373], [0.40919768083873537, 0.28572908156332255, 0.8665541817712158], [0.6262912318002967, 0.6027068688624112, -0.49447317742839825]], "trans": [539.7754495231899, -75.98293083442024, -280.11054218089896]}], "rb_4XMM.renamed.noAb_Nup120_2-711_3F7F_updated_1.pdb_43": [{"rot": [[-0.16956677681838866, 0.7415500343700385, 0.6491152861589518], [0.7930730711417264, -0.28833176251815756, 0.536563042477772], [0.5850488971267729, 0.6057791191919443, -0.53921187553853]], "trans": [7.848906232850709, -311.598917914391, -236.52508164073356]}], "rb_4XMM.renamed.noAb_Nup120_2-711_3F7F_updated_1.pdb_44": [{"rot": [[0.4504611297409058, 0.3344207295914827, 0.8277968024896254], [0.713984700541445, -0.6916046785344441, -0.10912752183574931], [0.5360136360068561, 0.6401919589066776, -0.5503123092989479]], "trans": [-534.5013610809929, -100.80983424672124, -194.28075721575925]}], "rb_4XMM.renamed.noAb_Nup120_2-711_3F7F_updated_1.pdb_45": [{"rot": [[0.8332991051826943, -0.23783326370933905, 0.4990470318267454], [0.21826365168156103, -0.6878467061350806, -0.6922628743575308], [0.5079109958017751, 0.6857858612806802, -0.5212716880966823]], "trans": [-769.5570053478583, 432.90121962516844, -178.100884897914]}], "rb_4XMM.renamed.noAb_Nup120_2-711_3F7F_updated_1.pdb_46": [{"rot": [[0.7546752654777237, -0.6399774874754993, -0.14454777480360625], [-0.4036896953490161, -0.27925931853902497, -0.8712341033718422], [0.5172038993908935, 0.7158512754292378, -0.46910241730478]], "trans": [-559.6172025323682, 976.8788998124442, -197.4398571260046]}], "rb_4XMM.renamed.noAb_Nup120_2-711_3F7F_updated_1.pdb_47": [{"rot": [[0.2606485645213054, -0.6364301851912264, -0.7259607049905962], [-0.7875263003175812, 0.294801231517788, -0.5411973394277707], [0.5584484328217646, 0.7127754578217855, -0.42436599133985525]], "trans": [-27.66573593579261, 1212.4535279712886, -240.94462638811996]}], "rb_4XMM.renamed.noAb_Nup120_2-711_3F7F_updated_1.pdb_48": [{"rot": [[-0.3593731904898068, -0.22926941655161012, -0.9045918663083703], [-0.7083892679374193, 0.6980421795583215, 0.10450722763787423], [0.6074829668626631, 0.678360265781798, -0.41326963931576705]], "trans": [514.6746381331794, 1001.6222821191742, -283.10548053208083]}], "rb_4XMM.renamed.noAb_Nup120_2-711_3F7F_updated_1.pdb_49": [{"rot": [[-0.7421725131633586, 0.3429842992074249, -0.575796605757602], [-0.21263818760898545, 0.6942392925230643, 0.6876167580036431], [0.6355823800855005, 0.632766604060507, -0.44231376070678996]], "trans": [749.6951948849337, 467.89319559201454, -299.19999183112407]}]}
