{"rb_ScNup133N_56-480_renamed_1.pdb_0": [{"rot": [[0.7850916154324845, 0.2318210077023074, 0.5743606669728474], [0.3019670828025218, 0.6663866256978199, -0.6817218978401706], [-0.5407837241276241, 0.7086521611333417, 0.4531722390434982]], "trans": [-71.32790877135108, 81.33935980160243, 374.6165605171244]}], "rb_ScNup133N_56-480_renamed_1.pdb_1": [{"rot": [[0.7587773400175629, 0.6481526792862748, -0.06445969756282141], [-0.3709320326566101, 0.3486405570238064, -0.8607317753791601], [-0.5354123414949478, 0.6770139336322027, 0.5049611452802524]], "trans": [-301.5340469481315, 268.03895565704283, 392.0982717751092]}], "rb_ScNup133N_56-480_renamed_1.pdb_2": [{"rot": [[0.26584132347167344, 0.7186745510415817, -0.6425225913693655], [-0.8278841511213524, -0.1712755047172915, -0.5341091029049304], [-0.49389900086647426, 0.6739225409266355, 0.5494471637692567]], "trans": [-332.76997370204896, 563.3021173862875, 393.1926121394323]}], "rb_ScNup133N_56-480_renamed_1.pdb_3": [{"rot": [[-0.4049475653147684, 0.4020739161355779, -0.8211906205681091], [-0.8012002785701888, -0.5887873997410681, 0.10680595266743248], [-0.44056280252046653, 0.7011889644521985, 0.5605697576267922]], "trans": [-146.73532937482742, 794.1596384329441, 377.2825064956612]}], "rb_ScNup133N_56-480_renamed_1.pdb_4": [{"rot": [[-0.8606317371673331, -0.11618010943484741, -0.49579753443521635], [-0.30651220378619426, -0.6593107730248753, 0.6865563148813549], [-0.40664884348841224, 0.742840148851045, 0.5318131545425409]], "trans": [147.5900816374251, 825.3720446720138, 353.71232396359255]}], "rb_ScNup133N_56-480_renamed_1.pdb_5": [{"rot": [[-0.8342649790679655, -0.5324870101087786, 0.14303680913014927], [0.36638482392031285, -0.3415320381194956, 0.8655160470718142], [-0.4120243991581114, 0.7744762430206307, 0.48002337807136075]], "trans": [377.7881969147001, 638.6547852289011, 336.3138147112728]}], "rb_ScNup133N_56-480_renamed_1.pdb_6": [{"rot": [[-0.3412933096825641, -0.6029683335441275, 0.7210742441031526], [0.8232982378707702, 0.17838954138733737, 0.5388480147894154], [-0.4535403932229189, 0.7775643769274844, 0.4355396095059172]], "trans": [409.00762807340806, 343.3895801939191, 335.3032756788775]}], "rb_ScNup133N_56-480_renamed_1.pdb_7": [{"rot": [[0.3294935161623642, -0.2863351266858062, 0.8996922907487753], [0.7965617176938632, 0.5958765733262497, -0.10208104263555712], [-0.5068761709841544, 0.7502954781862834, 0.4244210676929838]], "trans": [222.9615054860625, 112.54706671113092, 351.296699781371]}], "rb_ScNup133C_490_881_renamed_relative_3CQC_1.pdb_7": [{"rot": [[0.8718442638817769, 0.3343270120268252, -0.35792880376641895], [-0.2558543727425015, 0.9340348548148749, 0.24923368540287386], [0.4176435315972051, -0.1257153094104798, 0.8998719583889943]], "trans": [100.04517585453743, 83.05603431392845, -171.30268026196052]}], "rb_ScNup133C_490_881_renamed_relative_3CQC_1.pdb_8": [{"rot": [[0.4459687519248173, 0.8930180991953462, -0.06025401908714073], [-0.7713030396345826, 0.4175931932456987, 0.4803202535864132], [0.4540963480992513, -0.16773371594403247, 0.8750210895621502]], "trans": [-189.62251446440047, 117.03077129031522, -148.33843655417604]}], "rb_ScNup133C_490_881_renamed_relative_3CQC_1.pdb_9": [{"rot": [[-0.21861762971435023, 0.9241810013582098, 0.3132025043108958], [-0.8335353717313557, -0.34374815680982523, 0.4324996979912464], [0.507370787541765, -0.1665133070309554, 0.8454869617746125]], "trans": [-370.57429374321754, 346.5243543120692, -134.99081564030064]}], "rb_ScNup133C_490_881_renamed_relative_3CQC_1.pdb_10": [{"rot": [[-0.7325908080035197, 0.40956005103149085, 0.5436646692841409], [-0.40609479141464955, -0.9039846975761345, 0.13378597435485645], [0.5462579321297256, -0.12276901542029513, 0.8285710835155237]], "trans": [-336.8041449210316, 637.0963233807062, -139.055037151951]}], "rb_ScNup133C_490_881_renamed_relative_3CQC_1.pdb_11": [{"rot": [[-0.7948580480790814, -0.34937254292801967, 0.49612449007474146], [0.2606179824538275, -0.9349219641371004, -0.24083020615305628], [0.547977144254767, -0.062126863932088036, 0.8341830147829401]], "trans": [-108.09318399771388, 818.5256387462334, -158.1262179208922]}], "rb_ScNup133C_490_881_renamed_relative_3CQC_1.pdb_12": [{"rot": [[-0.3689423227366874, -0.9080233660292655, 0.19843167398009087], [0.7760332062918099, -0.41843646952585123, -0.47189340290281145], [0.511521285213149, -0.020111879962461693, 0.8590352071121791]], "trans": [181.578396632571, 784.5285661093585, -181.00818644784346]}], "rb_ScNup133C_490_881_renamed_relative_3CQC_1.pdb_13": [{"rot": [[0.295648930706361, -0.9391268891229313, -0.17502112986285798], [0.8382133746203516, 0.34290730106886946, -0.42404353724732835], [0.4582467112590639, -0.021337033532097316, 0.8885688958208602]], "trans": [362.51881400657953, 555.0211867746661, -194.27235803277364]}], "rb_ScNup133C_490_881_renamed_relative_3CQC_1.pdb_14": [{"rot": [[0.8095887852464527, -0.4244622298210719, -0.4054600032783713], [0.41073246809221947, 0.9031034318855089, -0.12531173517069466], [0.41936241898630744, -0.06508461240523694, 0.9054828296384274]], "trans": [328.73253370599576, 264.45227640564764, -190.12438903522485]}], "rb_ScNup84_506-726_ScNup133C_882_1155_renamed_relative_3CQC_new_1.pdb_14": [{"rot": [[0.9827053728961614, 0.11716178237714228, 0.14339897779003505], [-0.14851170210038298, 0.9612158634531691, 0.2323969409979937], [-0.11060933242842988, -0.24967414883441383, 0.9619918892503967]], "trans": [-66.39838855277583, 32.00488999272312, 148.13569660698406]}], "rb_ScNup84_506-726_ScNup133C_882_1155_renamed_relative_3CQC_new_1.pdb_15": [{"rot": [[0.5897952824840488, 0.7557723279736664, 0.28451663049604803], [-0.803958874920447, 0.5827231712273419, 0.11867532663278331], [-0.0761029053072811, -0.2987338179450287, 0.9512972478777474]], "trans": [-337.29689700051665, 216.63530808168184, 168.87090927115722]}], "rb_ScNup84_506-726_ScNup133C_882_1155_renamed_relative_3CQC_new_1.pdb_16": [{"rot": [[-0.15015650168666117, 0.9407068884031726, 0.30417688129120446], [-0.988529077577454, -0.13780440459013155, -0.06180783817143351], [-0.016226145108758555, -0.30996854063981893, 0.9506083399742132]], "trans": [-398.7757853096233, 539.3012670157159, 172.24247338883816]}], "rb_ScNup84_506-726_ScNup133C_882_1155_renamed_relative_3CQC_new_1.pdb_17": [{"rot": [[-0.8036757911286093, 0.563628190588754, 0.19086247805016537], [-0.5940984829150718, -0.7782716506465557, -0.2033229706597228], [0.03394429778052434, -0.27679685795458636, 0.9603287375032856]], "trans": [-214.81794051703247, 810.9806152564263, 156.29928406202208]}], "rb_ScNup84_506-726_ScNup133C_882_1155_renamed_relative_3CQC_new_1.pdb_18": [{"rot": [[-0.987921771464722, -0.15456574748026378, 0.010954595924617325], [0.14826990524209147, -0.9634838236139087, -0.2229685108570767], [0.04501787051278104, -0.21865120932706605, 0.9747640945348288]], "trans": [106.81345143140891, 872.5198767207744, 130.4050912985137]}], "rb_ScNup84_506-726_ScNup133C_882_1155_renamed_relative_3CQC_new_1.pdb_19": [{"rot": [[-0.5949605495457813, -0.7931467903485232, -0.13015419103515574], [0.8036862177172963, -0.5849410210762759, -0.1092358243137685], [0.010507518044080011, -0.16959413557690503, 0.9854579753812305]], "trans": [377.70409946894046, 687.8686011345377, 109.75308322848076]}], "rb_ScNup84_506-726_ScNup133C_882_1155_renamed_relative_3CQC_new_1.pdb_20": [{"rot": [[0.14500565007486776, -0.9780251591110937, -0.1498003657942227], [0.9881983372925621, 0.1356010457862813, 0.07124887756225154], [-0.04937010855344388, -0.15836396221168755, 0.9861457538589489]], "trans": [439.1643557563035, 365.198226114299, 106.46550227384895]}], "rb_ScNup84_506-726_ScNup133C_882_1155_renamed_relative_3CQC_new_1.pdb_21": [{"rot": [[0.798494194136035, -0.600896498561862, -0.036474922167658005], [0.5937164626998123, 0.7760386745625344, 0.2127551115777145], [-0.09953785134442607, -0.19153948313420235, 0.97642451963806]], "trans": [255.19184891001038, 93.53372379438144, 122.49226461391947]}], "rb_4XMM.renamed.noAb_Nup145c_149-550_Sec13_Nup84_7-436_3IKO_updated_1.pdb_21": [{"rot": [[0.9995904187458516, -0.028267987129909116, -0.00446269594716265], [0.02819074503017543, 0.9994661408112216, -0.016514092968355997], [0.0049271336634161425, 0.01638152238185323, 0.9998536738334848]], "trans": [13.111406906984257, -10.882252350737588, -9.54417798503556]}], "rb_4XMM.renamed.noAb_Nup145c_149-550_Sec13_Nup84_7-436_3IKO_updated_1.pdb_22": [{"rot": [[0.7286232385271043, 0.6848967615820071, 0.004960065801429554], [-0.6842577720048956, 0.72758816678215, 0.04905875059035849], [0.029991294223014935, -0.03913930930752434, 0.998783578528281]], "trans": [-314.2812291359427, 121.19195719322897, 15.949677234113324]}], "rb_4XMM.renamed.noAb_Nup145c_149-550_Sec13_Nup84_7-436_3IKO_updated_1.pdb_23": [{"rot": [[0.03474988574572996, 0.9977204707808719, 0.05784727846195042], [-0.9956184434845731, 0.029532572752978214, 0.08872283888574872], [0.0868122136223653, -0.06067692585642231, 0.9943751556804903]], "trans": [-452.7686874586433, 446.7845449085713, 25.44506179084061]}], "rb_4XMM.renamed.noAb_Nup145c_149-550_Sec13_Nup84_7-436_3IKO_updated_1.pdb_24": [{"rot": [[-0.6755488459246677, 0.7269466008036904, 0.1232168671481683], [-0.7234917978705937, -0.6857698317101291, 0.07924238973073015], [0.14210339610236428, -0.035614287810102896, 0.9892109215531102]], "trans": [-321.2211489632537, 775.1588988513342, 13.403450428079907]}], "rb_4XMM.renamed.noAb_Nup145c_149-550_Sec13_Nup84_7-436_3IKO_updated_1.pdb_25": [{"rot": [[-0.9861699442594531, 0.031198302594662716, 0.1627744050964963], [-0.027293461149330314, -0.9992848123087807, 0.026171183914645735], [0.1634744873605555, 0.021366558080703514, 0.9863161573136612]], "trans": [3.300896818597664, 913.9488091986361, -13.09700622995689]}], "rb_4XMM.renamed.noAb_Nup145c_149-550_Sec13_Nup84_7-436_3IKO_updated_1.pdb_26": [{"rot": [[-0.7151471900966231, -0.6819452607043581, 0.15334652881551877], [0.6851337646313533, -0.7273508728470603, -0.03940091789144025], [0.13840600080550378, 0.07688542886323545, 0.9873866566697883]], "trans": [330.6897730463208, 781.8493063264713, -38.5079621153663]}], "rb_4XMM.renamed.noAb_Nup145c_149-550_Sec13_Nup84_7-436_3IKO_updated_1.pdb_27": [{"rot": [[-0.021249534245596946, -0.9947145343885635, 0.10045622116368799], [0.9964399653852496, -0.02927074933019036, -0.0790608538828872], [0.0815834093268189, 0.09841858721700772, 0.9917953060046313]], "trans": [469.1583731818246, 456.24625841552376, -47.91931607481115]}], "rb_4XMM.renamed.noAb_Nup145c_149-550_Sec13_Nup84_7-436_3IKO_updated_1.pdb_28": [{"rot": [[0.6890279925391469, -0.7238848678869868, 0.03508737011678423], [0.7242575792932952, 0.6860103789559056, -0.069575274350808], [0.02629418821125426, 0.07335160536084771, 0.9969594563758832]], "trans": [337.5917521977325, 127.88263873018184, -35.79375935757105]}], "rb_4XMM.renamed.noAb_Seh1_Nup85_47_544_3F3F_1.pdb_28": [{"rot": [[0.6774734790646239, -0.7048079794861976, 0.21041719800590722], [0.3340865098970255, 0.5497084219256657, 0.7656414662025677], [-0.6552983206669296, -0.44840424052028854, 0.6078797150872234]], "trans": [462.9826153011593, -135.01021197596526, 667.8521286818591]}], "rb_4XMM.renamed.noAb_Seh1_Nup85_47_544_3F3F_1.pdb_29": [{"rot": [[0.7028623436482524, -0.12099375843820097, 0.700960081816563], [-0.2789709561682342, 0.8595942570379651, 0.42810386459588073], [-0.6543391563217545, -0.4964455898548655, 0.5704226896063898]], "trans": [-69.46609375512674, -244.61444290640426, 710.8661023697744]}], "rb_4XMM.renamed.noAb_Seh1_Nup85_47_544_3F3F_1.pdb_30": [{"rot": [[0.2886813735093964, 0.5104132491546489, 0.8100255426072199], [-0.7303017005105312, 0.6644961535068318, -0.15844332805785816], [-0.6191304311856697, -0.5458233936558765, 0.5645833261068088]], "trans": [-523.3608609335131, 55.612619800715365, 745.624817713079]}], "rb_4XMM.renamed.noAb_Seh1_Nup85_47_544_3F3F_1.pdb_31": [{"rot": [[-0.3224363790929236, 0.8195259154056533, 0.473721495623714], [-0.7555098093306523, 0.0787053312640627, -0.6503924959866724], [-0.5702979128864175, -0.5676114382296557, 0.5937824060615606]], "trans": [-632.8018183654196, 589.7938464051584, 751.7901340669652]}], "rb_4XMM.renamed.noAb_Seh1_Nup85_47_544_3F3F_1.pdb_32": [{"rot": [[-0.7724895179239564, 0.6252616819363801, -0.11094040652395434], [-0.3398280170474365, -0.5546136863699334, -0.7595528801345948], [-0.5364483791822083, -0.5490459798534544, 0.6409146967261239]], "trans": [-333.67499673047234, 1044.998459201926, 725.7743270815524]}], "rb_4XMM.renamed.noAb_Seh1_Nup85_47_544_3F3F_1.pdb_33": [{"rot": [[-0.7978305685072259, 0.04142327583882169, -0.6014569778248607], [0.27323142130633693, -0.8644536890670137, -0.42197678830635615], [-0.5374113641953929, -0.5010029258170148, 0.6783694376638993]], "trans": [198.7888075086551, 1154.5612944248107, 682.8418282129605]}], "rb_4XMM.renamed.noAb_Seh1_Nup85_47_544_3F3F_1.pdb_34": [{"rot": [[-0.3836143861022396, -0.5899685324735466, -0.7104766945272791], [0.7245296426049472, -0.6693060345031904, 0.16457894508216658], [-0.5726227377271589, -0.45162657458194494, 0.6842051135216907]], "trans": [652.6667034283066, 854.29901515945, 648.1671055478313]}], "rb_4XMM.renamed.noAb_Seh1_Nup85_47_544_3F3F_1.pdb_35": [{"rot": [[0.22750534918998966, -0.8990355190668422, -0.37413426940892724], [0.7496897855067479, -0.08349097030388053, 0.6565017009761361], [-0.621455180682231, -0.4298422889083012, 0.6550031030989742]], "trans": [762.0725332596812, 320.10961509280924, 642.0871054381732]}], "rb_4XMM.renamed.noAb_Nup120_715-1036_Nup85_553-744_Nup145c_92-99_554-712_remaining_updated_1.pdb_35": [{"rot": [[0.9915706294951223, -0.09514803857121512, 0.08794621924048672], [0.08911192112273889, 0.9935452451382625, 0.0701919609140747], [-0.09405717535871443, -0.061763230317064766, 0.9936491086617747]], "trans": [25.655997746594494, -67.1663143877123, 85.64253515675196]}], "rb_4XMM.renamed.noAb_Nup120_715-1036_Nup85_553-744_Nup145c_92-99_554-712_remaining_updated_1.pdb_36": [{"rot": [[0.7639296488256323, 0.6317636678369485, 0.1314768407224257], [-0.6412297716906454, 0.7660350773991246, 0.04488474230379722], [-0.07235932243123262, -0.11859564998481731, 0.9903025801551614]], "trans": [-343.1857748009194, 78.03520439763784, 114.37627265168157]}], "rb_4XMM.renamed.noAb_Nup120_715-1036_Nup85_553-744_Nup145c_92-99_554-712_remaining_updated_1.pdb_37": [{"rot": [[0.08809100725923902, 0.9855860881565334, 0.14443004283165117], [-0.9959713427090423, 0.08958804623331507, -0.003881555672989201], [-0.016764812626384865, -0.14350625353759783, 0.9895074008076962]], "trans": [-501.7396013306255, 442.30857992158667, 125.28287070825607]}], "rb_4XMM.renamed.noAb_Nup120_715-1036_Nup85_553-744_Nup145c_92-99_554-712_remaining_updated_1.pdb_38": [{"rot": [[-0.6400294896496179, 0.7590450596682002, 0.11921765713242904], [-0.767300177773724, -0.6395236395990951, -0.04753894805668155], [0.04015830632956077, -0.12190205817467742, 0.9917293978931532]], "trans": [-357.12050131320433, 812.2574493427895, 111.99709530308803]}], "rb_4XMM.renamed.noAb_Nup120_715-1036_Nup85_553-744_Nup145c_92-99_554-712_remaining_updated_1.pdb_39": [{"rot": [[-0.9938885883127241, 0.08485151108891666, 0.07060945466200211], [-0.0891750695672253, -0.9941760740627101, -0.0605123188196803], [0.06506366873623409, -0.0664391061588095, 0.9956668941887128]], "trans": [5.953530671092153, 971.1606654704265, 82.32594589914459]}], "rb_4XMM.renamed.noAb_Nup120_715-1036_Nup85_553-744_Nup145c_92-99_554-712_remaining_updated_1.pdb_40": [{"rot": [[-0.7661906393199407, -0.6420424706945381, 0.027080805803201203], [0.6411487319590609, -0.7666088604494183, -0.035201684444493016], [0.043361362130195924, -0.009608376808512904, 0.9990132488457382]], "trans": [374.79052068127606, 825.9306005567598, 53.675205081648926]}], "rb_4XMM.renamed.noAb_Nup120_715-1036_Nup85_553-744_Nup145c_92-99_554-712_remaining_updated_1.pdb_41": [{"rot": [[-0.09032431173232142, -0.9958121419482734, 0.01413140681146083], [0.9958372463054347, -0.09013408119159844, 0.0135656285719509], [-0.012235096276213423, 0.015297887309524822, 0.999808120122543]], "trans": [533.3224727070867, 461.64519116731043, 42.85288569812235]}], "rb_4XMM.renamed.noAb_Nup120_715-1036_Nup85_553-744_Nup145c_92-99_554-712_remaining_updated_1.pdb_42": [{"rot": [[0.6377783700340875, -0.7692142410994862, 0.03934719820266824], [0.7671089406597382, 0.6389597997271315, 0.05722104064550505], [-0.0691565172384558, -0.006310754503366909, 0.9975858612174902]], "trans": [388.6810472905437, 91.70808334186972, 56.22285993932434]}], "rb_4XMM.renamed.noAb_Nup120_2-711_3F7F_updated_1.pdb_42": [{"rot": [[0.9692437836876487, 0.24481416639374795, 0.025149785601154835], [-0.23907060834013502, 0.9123655343408031, 0.33231668025378724], [0.058410033476514335, -0.3281084510949914, 0.9428324943007201]], "trans": [-133.41700866027963, 98.1708885091657, 175.80385096282902]}], "rb_4XMM.renamed.noAb_Nup120_2-711_3F7F_updated_1.pdb_43": [{"rot": [[0.5197500516608338, 0.8102809218657405, 0.27074842835917867], [-0.8487704500671382, 0.45369857061751606, 0.2715627553852874], [0.097203944834493, -0.37094802153405215, 0.9235523582497012]], "trans": [-337.6158969925091, 312.2472411469686, 191.07942252114546]}], "rb_4XMM.renamed.noAb_Nup120_2-711_3F7F_updated_1.pdb_44": [{"rot": [[-0.22798009968578659, 0.8869617100730048, 0.4016515890814184], [-0.9608676588598078, -0.27161284459259505, 0.054404088169820675], [0.1573480737236069, -0.37353097263371426, 0.9141751452423001]], "trans": [-331.1574746966611, 608.4124606271781, 189.16490092446503]}], "rb_4XMM.renamed.noAb_Nup120_2-711_3F7F_updated_1.pdb_45": [{"rot": [[-0.8359158046982282, 0.42993584408461183, 0.3411743504822198], [-0.5096941092367541, -0.8386710573684925, -0.19194471220058498], [0.20360914140839567, -0.3343441752201852, 0.9201941588769561]], "trans": [-117.82326327813445, 813.1689022438728, 171.20584482006427]}], "rb_4XMM.renamed.noAb_Nup120_2-711_3F7F_updated_1.pdb_46": [{"rot": [[-0.9479197554867621, -0.29306447973872746, 0.12474513166205764], [0.2404463718857886, -0.9152853711452552, -0.3231690449508606], [0.20888676215805574, -0.27634380775215367, 0.9380833760983949]], "trans": [177.41446154098094, 806.5674722273445, 147.74692739777873]}], "rb_4XMM.renamed.noAb_Nup120_2-711_3F7F_updated_1.pdb_47": [{"rot": [[-0.4983784584237596, -0.8584954773967348, -0.12084877934223161], [0.8501109136854506, -0.45657404065063234, -0.262395845692803], [0.1700892313229837, -0.23350730329757402, 0.9573630412203353]], "trans": [381.60319104899116, 592.4754981566193, 132.55471815550533]}], "rb_4XMM.renamed.noAb_Nup120_2-711_3F7F_updated_1.pdb_48": [{"rot": [[0.24936045613898433, -0.935119697884283, -0.25173500659019027], [0.962149431305951, 0.26874336888186695, -0.04522691145389203], [0.10994468951154951, -0.23092889016065166, 0.966738854571066]], "trans": [375.12820177828155, 296.3111939343412, 134.5530323787048]}], "rb_4XMM.renamed.noAb_Nup120_2-711_3F7F_updated_1.pdb_49": [{"rot": [[0.8572609889319188, -0.4780495924382571, -0.19123855266415998], [0.5109281813821019, 0.8357656919726296, 0.20111713400674566], [0.06368665735493081, -0.2701190391126209, 0.9607183324907608]], "trans": [161.78454708024648, 91.5719016857903, 152.59523432038296]}]}
