{"rb_ScNup133N_56-480_renamed_1.pdb_0": [{"rot": [[-0.6851103809182784, -0.39810768864230445, 0.6100278962489307], [0.3823499721869465, -0.909341568547332, -0.16403173619919412], [0.6200260193948763, 0.12086430389392358, 0.7752158120920809]], "trans": [924.7666781353839, 195.8831863901542, -308.44994560814285]}], "rb_ScNup133N_56-480_renamed_1.pdb_1": [{"rot": [[-0.2038934624253192, -0.9209222894189123, 0.33215898728116117], [0.7889136363823738, -0.3554616698431701, -0.50126068627237], [0.5796919270700231, 0.15984097761130214, 0.7990044627948636]], "trans": [471.88792064172156, -392.32267508181764, -269.4495668291596]}], "rb_ScNup133N_56-480_renamed_1.pdb_2": [{"rot": [[0.4230872394508344, -0.9003174054387642, -0.10210659762173235], [0.7349272168218823, 0.4068925980224517, -0.5425130409943926], [0.5299803522663047, 0.1544894272711032, 0.8338188310857054]], "trans": [-263.0849023490273, -486.8239577785529, -210.36665019860703]}], "rb_ScNup133N_56-480_renamed_1.pdb_3": [{"rot": [[0.8285375891232352, -0.3483636682662952, -0.4383699556788876], [0.25201671929252395, 0.9311233557386756, -0.2636225893108996], [0.5000130364369437, 0.10794466651947503, 0.8592641691372387]], "trans": [-849.5924346728143, -32.26036103303875, -165.78879644660054]}], "rb_ScNup133N_56-480_renamed_1.pdb_4": [{"rot": [[0.7749390549038603, 0.411596640315168, -0.47964327042707433], [-0.3769220777149879, 0.9101288337816532, 0.17203270982654995], [0.5073452557339331, 0.04747327248584801, 0.8604342391396079]], "trans": [-944.0483807988951, 705.078467629668, -161.8063359476168]}], "rb_ScNup133N_56-480_renamed_1.pdb_5": [{"rot": [[0.2936904138777524, 0.9343680560982536, -0.2017480521330673], [-0.7834479588766153, 0.3562079191365689, 0.5092398394435204], [0.5476816927088044, 0.008500240441776885, 0.8366435975874388]], "trans": [-491.11720231850785, 1293.2491626966487, -200.7282453134672]}], "rb_ScNup133N_56-480_renamed_1.pdb_6": [{"rot": [[-0.333286094436156, 0.9137037126402674, 0.23252076200392655], [-0.7294123309929523, -0.406144706112591, 0.5504581083898629], [0.5973926938379165, 0.013856522078430022, 0.8018291377500375]], "trans": [243.86954342418375, 1387.6931545860457, -259.72951633752785]}], "rb_ScNup133N_56-480_renamed_1.pdb_7": [{"rot": [[-0.7386987910988103, 0.36170907370614064, 0.5687623774721767], [-0.2464700267806022, -0.9303321249228523, 0.27154127353921786], [0.6273568537347195, 0.060404332089485174, 0.7763856610840374]], "trans": [830.3481707992601, 933.0839379839438, -304.2223676347958]}], "rb_ScNup133C_490_881_renamed_relative_3CQC_1.pdb_7": [{"rot": [[0.8634653913749386, 0.3230862560592081, -0.38735357109928076], [-0.25358395565154795, 0.9418843403239145, 0.2203385279262245], [0.4360306128402403, -0.09202804245568663, 0.8952140213758588]], "trans": [115.5615661256935, 89.11701887187257, -189.02043695294117]}], "rb_ScNup133C_490_881_renamed_relative_3CQC_1.pdb_8": [{"rot": [[0.44199273215973334, 0.8912488250590799, -0.10157734269403318], [-0.7627334210600779, 0.43300599996070044, 0.4803577129556899], [0.4721018461264066, -0.13483818386807472, 0.8711707703172756]], "trans": [-174.69962466674485, 109.36057315380893, -165.9420788946979]}], "rb_ScNup133C_490_881_renamed_relative_3CQC_1.pdb_9": [{"rot": [[-0.21503895387549354, 0.9344428699898255, 0.28385695524561055], [-0.8236365393321514, -0.32970808860669765, 0.4614275971203633], [0.5247676622974092, -0.13457005250981066, 0.8405413741002975]], "trans": [-365.7502470426299, 329.5696896866483, -151.7443443399299]}], "rb_ScNup133C_490_881_renamed_relative_3CQC_1.pdb_10": [{"rot": [[-0.7227312409045336, 0.4273647102949806, 0.5431564763630062], [-0.40061540505002036, -0.8994492580268496, 0.17463770919121235], [0.5631756836522664, -0.09138072351121773, 0.8212689649033167]], "trans": [-345.668239261129, 620.74287985209, -154.72046147769044]}], "rb_ScNup133C_490_881_renamed_relative_3CQC_1.pdb_11": [{"rot": [[-0.7836708287245279, -0.3329321182741628, 0.5244199050643358], [0.2585182367258496, -0.9424550979029415, -0.21200639074544647], [0.5648259497282023, -0.03057111476921058, 0.8246435917748942]], "trans": [-126.21601129769124, 812.3069001044161, -173.10297402424192]}], "rb_ScNup133C_490_881_renamed_relative_3CQC_1.pdb_12": [{"rot": [[-0.3621584475423358, -0.9010550133565175, 0.2386233890020158], [0.7676346048588046, -0.4335321808532167, -0.4720031372649093], [0.5287517113891813, 0.012235647499659691, 0.8486883507114211]], "trans": [164.05014076955086, 792.040963122308, -196.09914203520037]}], "rb_ScNup133C_490_881_renamed_relative_3CQC_1.pdb_13": [{"rot": [[0.2948780064209399, -0.94418957248002, -0.14680944298377027], [0.8284861523557694, 0.3291852725014656, -0.45304277030194906], [0.476085766100963, 0.01196275838294103, 0.8793174828967785]], "trans": [355.0901256461269, 571.8172573347755, -210.21348114259092]}], "rb_ScNup133C_490_881_renamed_relative_3CQC_1.pdb_14": [{"rot": [[0.8025373142196118, -0.4370669627128388, -0.4060866033128181], [0.4054251846862021, 0.8988866236698406, -0.16623254016464203], [0.4376805672032139, -0.03122991982705625, 0.8985880108260208]], "trans": [334.9919398668154, 280.6460515415866, -207.1536075839366]}], "rb_ScNup84_506-726_ScNup133C_882_1155_renamed_relative_3CQC_new_1.pdb_14": [{"rot": [[0.9826908170320696, 0.16005724901394458, 0.0932761231984638], [-0.176770370406104, 0.9607773381348601, 0.21368000063877024], [-0.05541655228661975, -0.22646982925896375, 0.972440446592018]], "trans": [-66.34035532520261, 54.06006147099973, 108.11196383345538]}], "rb_ScNup84_506-726_ScNup133C_882_1155_renamed_relative_3CQC_new_1.pdb_15": [{"rot": [[0.5709540016474083, 0.7863322974906004, 0.23599374128558676], [-0.8207512594001634, 0.5535184626353492, 0.141367187546646], [-0.019465307494623496, -0.27440632180209845, 0.9614168046998067]], "trans": [-322.4983171185455, 229.88428381999879, 127.71510995586107]}], "rb_ScNup84_506-726_ScNup133C_882_1155_renamed_relative_3CQC_new_1.pdb_16": [{"rot": [[-0.17423266497836043, 0.9422640484610963, 0.28597454682584184], [-0.9838620382196227, -0.17859136970361333, -0.010982368493165057], [0.04072429501993585, -0.28327298784934385, 0.9581742775456026]], "trans": [-379.7576691484838, 535.8695719418254, 130.83151024476538]}], "rb_ScNup84_506-726_ScNup133C_882_1155_renamed_relative_3CQC_new_1.pdb_17": [{"rot": [[-0.8163283264038614, 0.5365054835692279, 0.2139390792043895], [-0.5705501127700617, -0.8066718963492265, -0.1541201494238016], [0.08989233743063382, -0.2478756094102323, 0.9646123832559717]], "trans": [-204.57316229975265, 792.7655464573302, 115.65953837087062]}], "rb_ScNup84_506-726_ScNup133C_882_1155_renamed_relative_3CQC_new_1.pdb_18": [{"rot": [[-0.9791842906172104, -0.19324430867558376, 0.0620867310539701], [0.1770605633220179, -0.962784688857065, -0.20419402493338548], [0.09923548722388577, -0.18895046987743128, 0.9769595887284886]], "trans": [100.43156255337851, 850.0790400572694, 91.11115428389422]}], "rb_ScNup84_506-726_ScNup133C_882_1155_renamed_relative_3CQC_new_1.pdb_19": [{"rot": [[-0.5673972375131329, -0.819487610504257, -0.08062525096079183], [0.821009114691343, -0.5554766721856632, -0.131870012706758], [0.06328039551239246, -0.14101674683372314, 0.9879827269017566]], "trans": [356.5823503645891, 674.2351168657183, 71.5911524153891]}], "rb_ScNup84_506-726_ScNup133C_882_1155_renamed_relative_3CQC_new_1.pdb_20": [{"rot": [[0.1778021710025549, -0.975362265675, -0.13059417553670244], [0.984061400271189, 0.1766453744558375, 0.02048346112515019], [0.003090061987539916, -0.1321546911036069, 0.9912242880076262]], "trans": [413.8243712472273, 368.245743282784, 68.55862999313854]}], "rb_ScNup84_506-726_ScNup133C_882_1155_renamed_relative_3CQC_new_1.pdb_21": [{"rot": [[0.8198656141097018, -0.5695547033561529, -0.0585475420953567], [0.5706990921316552, 0.8046940332239876, 0.16361558340762622], [-0.04607516728811062, -0.16755581988877044, 0.9847853198442673]], "trans": [238.62635559501348, 111.36392559869682, 83.81408631184965]}], "rb_4XMM.renamed.noAb_Nup145c_149-550_Sec13_Nup84_7-436_3IKO_updated_1.pdb_21": [{"rot": [[0.9967812334686433, -0.022083698073205274, 0.07706804061440045], [0.022758915208681063, 0.9997098167100963, -0.007893931339400747], [-0.07687134956051853, 0.00962250761904698, 0.9969945852229426]], "trans": [-14.32908620033595, -9.950962147086159, 37.54152074931329]}], "rb_4XMM.renamed.noAb_Nup145c_149-550_Sec13_Nup84_7-436_3IKO_updated_1.pdb_22": [{"rot": [[0.7211852297679178, 0.6893192338741925, 0.06878123418268316], [-0.6908303282732149, 0.7230126928295215, -0.002470535433351944], [-0.051432692934736846, -0.04573444892530815, 0.9976287076257282]], "trans": [-332.14755988109175, 143.9016372474948, 62.16629379413399]}], "rb_4XMM.renamed.noAb_Nup145c_149-550_Sec13_Nup84_7-436_3IKO_updated_1.pdb_23": [{"rot": [[0.023233512603861195, 0.9974997060487689, 0.06674234281703392], [-0.999713808898056, 0.022800582633719868, 0.007241113871829248], [0.005701244656047492, -0.0668914782628039, 0.9977439681327016]], "trans": [-448.51113378815523, 478.0961385457845, 69.8564153995643]}], "rb_4XMM.renamed.noAb_Nup145c_149-550_Sec13_Nup84_7-436_3IKO_updated_1.pdb_24": [{"rot": [[-0.6882039609896097, 0.7219212525059998, 0.07214577782781839], [-0.7229432284587337, -0.6907323867338535, 0.015551795478912483], [0.06106059698263295, -0.04145449429342167, 0.9972728455137048]], "trans": [-295.25047226111303, 796.856807539956, 56.13090879961521]}], "rb_4XMM.renamed.noAb_Nup145c_149-550_Sec13_Nup84_7-436_3IKO_updated_1.pdb_25": [{"rot": [[-0.9963570877130622, 0.024021616987434123, 0.0818261307972853], [-0.022654695441787324, -0.9995885410028066, 0.017592994921857726], [0.08221507488523798, 0.0156751591121005, 0.9964913300417747]], "trans": [37.85408154142971, 913.44926660297, 29.054374191366435]}], "rb_4XMM.renamed.noAb_Nup145c_149-550_Sec13_Nup84_7-436_3IKO_updated_1.pdb_26": [{"rot": [[-0.7207054209728115, -0.6873597536352913, 0.0901125144629441], [0.6909128934431403, -0.7228355901306118, 0.012168948786075513], [0.05677208693037814, 0.07103012546069468, 0.9958572444997363]], "trans": [355.66709656699896, 759.5721260572199, 4.5126322286545815]}], "rb_4XMM.renamed.noAb_Nup145c_149-550_Sec13_Nup84_7-436_3IKO_updated_1.pdb_27": [{"rot": [[-0.022729593833797246, -0.9954856219740582, 0.09215064843544213], [0.9997415833242556, -0.022599314954807936, 0.0024571397769575787], [-0.0003635057918594878, 0.09218268496032889, 0.9957420451387214]], "trans": [472.0111407893679, 425.36890129726726, -3.0934137070154293]}], "rb_4XMM.renamed.noAb_Nup145c_149-550_Sec13_Nup84_7-436_3IKO_updated_1.pdb_28": [{"rot": [[0.6886863127067833, -0.719851509781274, 0.08674656509600107], [0.722915173184674, 0.6909120011951393, -0.005853117451447749], [-0.05572086745293073, 0.0667413700050285, 0.9962132173687239]], "trans": [318.7321459913135, 106.6206704481408, 10.715970239906085]}], "rb_4XMM.renamed.noAb_Seh1_Nup85_47_544_3F3F_1.pdb_28": [{"rot": [[0.6890316838978677, -0.6940461358671299, 0.2086511439527026], [0.27799943898745866, 0.5189927846522177, 0.8083086052997286], [-0.6692919023173105, -0.49894533845586686, 0.5505469087422373]], "trans": [453.67783252221284, -105.12654620996727, 717.5510865676919]}], "rb_4XMM.renamed.noAb_Seh1_Nup85_47_544_3F3F_1.pdb_29": [{"rot": [[0.6712389972351142, -0.13601758923392476, 0.7286545299452867], [-0.32758193887996534, 0.8273795519600197, 0.4562161223785025], [-0.6649272756553442, -0.5449241162009858, 0.5108125151874546]], "trans": [-54.01247088097733, -214.06341517487078, 758.5884149889853]}], "rb_4XMM.renamed.noAb_Seh1_Nup85_47_544_3F3F_1.pdb_30": [{"rot": [[0.23178269832491222, 0.47609281798445385, 0.8482997167398094], [-0.7429973922707025, 0.6495130726493983, -0.16151669739215743], [-0.6278786951602635, -0.5928477014555725, 0.5042816148172424]], "trans": [-489.92355700047386, 69.07285546766474, 791.9968743700229]}], "rb_4XMM.renamed.noAb_Seh1_Nup85_47_544_3F3F_1.pdb_31": [{"rot": [[-0.37189751659732717, 0.783702178482738, 0.497496866914906], [-0.7248906912305664, 0.08959003821787415, -0.6830132581578399], [-0.579849741671072, -0.6146417822549382, 0.5347801011541666]], "trans": [-598.6906519018978, 578.4171629490052, 798.2293230473022]}], "rb_4XMM.renamed.noAb_Seh1_Nup85_47_544_3F3F_1.pdb_32": [{"rot": [[-0.7861572657391256, 0.60660859158905, -0.11824876378181273], [-0.28386899653335324, -0.5243787428497806, -0.8027735215205012], [-0.5489764533499819, -0.5975390787702748, 0.5844415308733991]], "trans": [-316.5945444366933, 1015.5885469870252, 773.6587096093331]}], "rb_4XMM.renamed.noAb_Seh1_Nup85_47_544_3F3F_1.pdb_33": [{"rot": [[-0.768317346990755, 0.04855597752528762, -0.638224702874816], [0.32171096466141375, -0.8327217016443209, -0.45064023658258145], [-0.5533448378088532, -0.5515585958510176, 0.6241735382192548]], "trans": [191.11080142617146, 1124.4859634909176, 732.7028507549139]}], "rb_4XMM.renamed.noAb_Seh1_Nup85_47_544_3F3F_1.pdb_34": [{"rot": [[-0.3288286362978654, -0.5635405738481389, -0.7578217135826817], [0.7370919124083877, -0.6548071852681862, 0.16710195325996852], [-0.5903958338374582, -0.5036363487160762, 0.6307005530672277]], "trans": [627.0063487741176, 841.3158872143089, 699.3782709797597]}], "rb_4XMM.renamed.noAb_Seh1_Nup85_47_544_3F3F_1.pdb_35": [{"rot": [[0.27485018282482826, -0.8711062721753021, -0.4069781807148909], [0.718937830646028, -0.0948600260091968, 0.6885709630325064], [-0.638424445543196, -0.4818458654407844, 0.6001989580884657]], "trans": [735.7402531827641, 331.9634583332913, 693.2309838939174]}], "rb_4XMM.renamed.noAb_Nup120_715-1036_Nup85_553-744_Nup145c_92-99_554-712_remaining_updated_1.pdb_35": [{"rot": [[0.9940759472025299, -0.05981481586428074, 0.09074799720387655], [0.053828449277762286, 0.9962971973579312, 0.0670402310935943], [-0.09442197435842978, -0.06175825726049389, 0.9936148189406205]], "trans": [6.314006581692638, -50.227415725159744, 86.46666297587515]}], "rb_4XMM.renamed.noAb_Nup120_715-1036_Nup85_553-744_Nup145c_92-99_554-712_remaining_updated_1.pdb_36": [{"rot": [[0.7408240798459185, 0.6587530702442843, 0.13124052409289005], [-0.6679653785755031, 0.7430796889801488, 0.04067958762880404], [-0.07072436457779042, -0.11780054443377495, 0.9905155707944087]], "trans": [-344.94008475272244, 103.69170311742242, 113.75613813376532]}], "rb_4XMM.renamed.noAb_Nup120_715-1036_Nup85_553-744_Nup145c_92-99_554-712_remaining_updated_1.pdb_37": [{"rot": [[0.05289449403834445, 0.9885524169601407, 0.14130212816051588], [-0.9984979429787375, 0.05438093565336244, -0.006676204362794452], [-0.014283919898140485, -0.1407367498549265, 0.9899440069380765]], "trans": [-484.90799891915896, 461.6509411672595, 123.21204515070053]}], "rb_4XMM.renamed.noAb_Nup120_715-1036_Nup85_553-744_Nup145c_92-99_554-712_remaining_updated_1.pdb_38": [{"rot": [[-0.6667139590469559, 0.7363821168063511, 0.1150385798753214], [-0.7441386071953682, -0.6663496222711744, -0.04728545421585563], [0.0418357513769112, -0.1171305209877415, 0.9922349575377137]], "trans": [-331.59264491206426, 813.9528463446799, 109.31898526905792]}], "rb_4XMM.renamed.noAb_Nup120_715-1036_Nup85_553-744_Nup145c_92-99_554-712_remaining_updated_1.pdb_39": [{"rot": [[-0.9964445011134245, 0.0499670872142376, 0.06783543613880441], [-0.05389465659392736, -0.9968978616604013, -0.0573586907760334], [0.06475895452707434, -0.06081071955044399, 0.9960463514296491]], "trans": [25.193594483977336, 954.214111935067, 80.23971376083443]}], "rb_4XMM.renamed.noAb_Nup120_715-1036_Nup85_553-744_Nup145c_92-99_554-712_remaining_updated_1.pdb_40": [{"rot": [[-0.7431363314178817, -0.6685810690292222, 0.027344964116143233], [0.6678792701235572, -0.7436239631499342, -0.03099487003374011], [0.041056953929818965, -0.004770279334203062, 0.9991454203313335]], "trans": [376.442222884053, 800.2678276669068, 53.03328279446214]}], "rb_4XMM.renamed.noAb_Nup120_715-1036_Nup85_553-744_Nup145c_92-99_554-712_remaining_updated_1.pdb_41": [{"rot": [[-0.055180947413169035, -0.9983267104676069, 0.017287053233868272], [0.9983578296736167, -0.05489934764917348, 0.016361710090316353], [-0.015385284266774286, 0.01816151961210028, 0.9997166859832881]], "trans": [516.3887545050022, 442.2980143022752, 43.66160814190533]}], "rb_4XMM.renamed.noAb_Nup120_715-1036_Nup85_553-744_Nup145c_92-99_554-712_remaining_updated_1.pdb_42": [{"rot": [[0.6644076867798385, -0.7461001909327661, 0.043553769503359645], [0.7439420221241363, 0.6658113940644566, 0.05696889723168397], [-0.0715031010915825, -0.005449093872643591, 0.9974254929117523]], "trans": [363.05245121644043, 90.0085526797219, 57.63875385643081]}], "rb_4XMM.renamed.noAb_Nup120_2-711_3F7F_updated_1.pdb_42": [{"rot": [[0.985602953340174, 0.16901425863963543, 0.004582438610748089], [-0.15988604732820866, 0.9228731808550068, 0.3503448928246622], [0.054984272632168915, -0.34603362905223045, 0.936609554365134]], "trans": [-92.11555233972638, 36.923032961672675, 190.85178302315484]}], "rb_4XMM.renamed.noAb_Nup120_2-711_3F7F_updated_1.pdb_43": [{"rot": [[0.5871043260062146, 0.7635966009981637, 0.26875405360447957], [-0.804505732744735, 0.5135170894876363, 0.29844718927308356], [0.0898834599114057, -0.3914338127298126, 0.9158059477237285]], "trans": [-351.2171801987014, 240.69786486480717, 210.55356464438003]}], "rb_4XMM.renamed.noAb_Nup120_2-711_3F7F_updated_1.pdb_44": [{"rot": [[-0.14916837584579812, 0.8956316857355728, 0.41903780158117276], [-0.9774585990653306, -0.19759371946788196, 0.07437344378263536], [0.14941045064106984, -0.3984979366738347, 0.9049176270279679]], "trans": [-390.8565805865973, 568.5272954275192, 212.15926361612105]}], "rb_4XMM.renamed.noAb_Nup120_2-711_3F7F_updated_1.pdb_45": [{"rot": [[-0.7918962220258592, 0.48777149851799406, 0.3673953439752343], [-0.5774264185639756, -0.7938805074629993, -0.1906107840985664], [0.19869349432115477, -0.36308773747374107, 0.9103231240667503]], "trans": [-187.81052050137538, 828.3643386263809, 194.7522437415632]}], "rb_4XMM.renamed.noAb_Nup120_2-711_3F7F_updated_1.pdb_46": [{"rot": [[-0.9645601777790578, -0.22105371215387543, 0.14407956061087543], [0.16124631696789132, -0.9260300664464655, -0.34127399740010067], [0.20886188907295092, -0.30594700910475525, 0.9288558224572487]], "trans": [138.97566844885796, 867.992907648369, 168.55378760338922]}], "rb_4XMM.renamed.noAb_Nup120_2-711_3F7F_updated_1.pdb_47": [{"rot": [[-0.5660112632633941, -0.8156041434329835, -0.12008801386451715], [0.805834703770131, -0.5166273214569843, -0.28935556141862123], [0.17395884587649005, -0.26054959592969923, 0.9496590061712618]], "trans": [398.0679424310553, 664.1981447927596, 148.93532510675962]}], "rb_4XMM.renamed.noAb_Nup120_2-711_3F7F_updated_1.pdb_48": [{"rot": [[0.17027494785816105, -0.9475837695149484, -0.2703542895604584], [0.9787297761577384, 0.1944938269119016, -0.06527002800202597], [0.114431059569168, -0.2534899426900463, 0.9605458768642303]], "trans": [437.688307484647, 336.36601244170447, 147.41363310370758]}], "rb_4XMM.renamed.noAb_Nup120_2-711_3F7F_updated_1.pdb_49": [{"rot": [[0.8129716114750245, -0.5396770645282271, -0.21869116341977868], [0.578647162905532, 0.7907485831375072, 0.19971013776822238], [0.065150746711601, -0.28890369379469605, 0.9551387521793364]], "trans": [234.62850845335464, 76.54531295469678, 164.90414512666484]}]}
