{"rb_ScNup133N_56-480_renamed_1.pdb_0": [{"rot": [[-0.7247501627942937, 0.0627007031986934, 0.6861529154263155], [-0.04812176765787002, -0.9980252921636181, 0.04037092616233959], [0.6873292493464287, -0.0037600558656032644, 0.726336261639718]], "trans": [840.3592789983937, 415.15303970324044, -310.91273093337503]}], "rb_ScNup133N_56-480_renamed_1.pdb_1": [{"rot": [[-0.5341433695197843, -0.6592206649527427, 0.5292626717399531], [0.5163404337434924, -0.7501092925288717, -0.4131931821114865], [0.6693903325262711, 0.052575318934815735, 0.7410481890938463]], "trans": [566.5822576029291, -177.93156340417335, -286.1641321442605]}], "rb_ScNup133N_56-480_renamed_1.pdb_2": [{"rot": [[-0.0014288327221069763, -0.9951291507101675, 0.09856942651710382], [0.7801055127730298, -0.0627789405061529, -0.6224903160451986], [0.6256463436944057, 0.07600511848410874, 0.7763954369946]], "trans": [-45.139024804902135, -402.9279319055176, -236.2702062634379]}], "rb_ScNup133N_56-480_renamed_1.pdb_3": [{"rot": [[0.5613217606676896, -0.7482448268072326, -0.3536206444159292], [0.5886561670476249, 0.6613179523316658, -0.46491126349083955], [0.581723128298782, 0.052803835846126274, 0.8116710891255222]], "trans": [-636.4477023812468, -128.02990388872956, -190.43551367506132]}], "rb_ScNup133N_56-480_renamed_1.pdb_4": [{"rot": [[0.824441178258496, -0.06319601125524425, -0.5624082216265752], [0.054146122728994966, 0.9979952163940015, -0.03276805529939407], [0.5633515252354931, -0.0034368904717163445, 0.8262101710816238]], "trans": [-860.9449010102646, 485.7234965669401, -175.4866586653809]}], "rb_ScNup133N_56-480_renamed_1.pdb_5": [{"rot": [[0.63379035524183, 0.6587060406071432, -0.4054825984799994], [-0.5103010996293817, 0.7500225632437145, 0.4207837239513535], [0.5812938786186171, -0.05977044999818576, 0.8114954836519646]], "trans": [-587.1150829853127, 1078.7869903467936, -200.1568863767364]}], "rb_ScNup133N_56-480_renamed_1.pdb_6": [{"rot": [[0.10105523191745919, 0.9945609279800126, 0.025226982333247994], [-0.7740243584641334, 0.062665869510653, 0.630047046896228], [0.625039304849137, -0.08319584925948703, 0.7761470982099318]], "trans": [24.630296633421892, 1303.73573739451, -249.97002466441842]}], "rb_ScNup133N_56-480_renamed_1.pdb_7": [{"rot": [[-0.4616804449059613, 0.7476201222864244, 0.477404775367677], [-0.5825308502519123, -0.6614116218869746, 0.4724325083412684], [0.6689611164307044, -0.05999015907022018, 0.7408725973597026]], "trans": [615.9240821946955, 1028.7917067073831, -295.7208298530664]}], "rb_ScNup133C_490_881_renamed_relative_3CQC_1.pdb_7": [{"rot": [[0.8606361340173271, 0.34685117125629483, -0.37282664848672725], [-0.24699808436145398, 0.9246006341609688, 0.29000967851247045], [0.44530595229064845, -0.15750534056745769, 0.8814162901530965]], "trans": [107.64375990427459, 69.23516424957677, -174.7438757632873]}], "rb_ScNup133C_490_881_renamed_relative_3CQC_1.pdb_8": [{"rot": [[0.4448132881219466, 0.8946175164510946, -0.04243392474209301], [-0.7555483424590632, 0.400264603433712, 0.518589384239029], [0.4809239450448524, -0.19861456768557703, 0.8539697960616446]], "trans": [-194.04715825492417, 101.70461863283737, -150.81398243773862]}], "rb_ScNup133C_490_881_renamed_relative_3CQC_1.pdb_9": [{"rot": [[-0.20779953301603576, 0.9124879350501053, 0.3523990954391223], [-0.8200356520742312, -0.35890712207334124, 0.4457882984693759], [0.5332549891051251, -0.19634522177284047, 0.8228533711916517]], "trans": [-384.564827662859, 338.6629741096968, -136.74022049112023]}], "rb_ScNup133C_490_881_renamed_relative_3CQC_1.pdb_10": [{"rot": [[-0.7148925369332115, 0.3899936838651245, 0.5803736616891785], [-0.40268243796332753, -0.9081810412368296, 0.11425432374268327], [0.5716428209932375, -0.15202671766270662, 0.8062954559735507]], "trans": [-352.29939794195957, 641.2968017241782, -140.74319321061802]}], "rb_ScNup133C_490_881_renamed_relative_3CQC_1.pdb_11": [{"rot": [[-0.7794034919235442, -0.36678073759074414, 0.5079390586574083], [0.25201990236716165, -0.9257847474485215, -0.28179526291710866], [0.5735993075207036, -0.0916214599537997, 0.8139959106087096]], "trans": [-116.15049942602406, 832.3190549179283, -160.4538978340483]}], "rb_ScNup133C_490_881_renamed_relative_3CQC_1.pdb_12": [{"rot": [[-0.3635409709492316, -0.9145062027093106, 0.17752849812772586], [0.7605375066486372, -0.40140574139735036, -0.5103490293455218], [0.537978311293274, -0.05051570032613106, 0.8414437001954417]], "trans": [185.54442677410736, 799.8263211514577, -184.30152077088388]}], "rb_ScNup133C_490_881_renamed_relative_3CQC_1.pdb_13": [{"rot": [[0.289076897541428, -0.9323174110950605, -0.21729885475267768], [0.8249735921947905, 0.35776736142792226, -0.4375169565606854], [0.4856471141570234, -0.05278977236079985, 0.8725595225800065]], "trans": [376.05015233120224, 562.8534188078906, -198.29178335205643]}], "rb_ScNup133C_490_881_renamed_relative_3CQC_1.pdb_14": [{"rot": [[0.7961373642746608, -0.40978030573758323, -0.4452475696007862], [0.40758059154387855, 0.907000253051502, -0.10596509973218271], [0.4472620692642471, -0.09711149259548124, 0.8891152902764297]], "trans": [343.76765042244756, 260.2225321931914, -194.20498759362613]}], "rb_ScNup84_506-726_ScNup133C_882_1155_renamed_relative_3CQC_new_1.pdb_14": [{"rot": [[0.9919295964862037, 0.11861401456298501, 0.04479275794113437], [-0.12438741472367476, 0.9788304033482197, 0.16253864937154583], [-0.02456515159899522, -0.16679855224317075, 0.9856849376431117]], "trans": [-43.23428192571555, 35.41192198216703, 68.30882137739843]}], "rb_ScNup84_506-726_ScNup133C_882_1155_renamed_relative_3CQC_new_1.pdb_15": [{"rot": [[0.6150431037251589, 0.7708583135773074, 0.16582955390664456], [-0.7884454237768482, 0.5989284922006448, 0.14013734318736082], [0.00870599135500115, -0.21693805940640182, 0.9761465484728791]], "trans": [-320.05106493920096, 198.12123401900354, 89.62241370284198]}], "rb_ScNup84_506-726_ScNup133C_882_1155_renamed_relative_3CQC_new_1.pdb_16": [{"rot": [[-0.11964384948269347, 0.9644435826134528, 0.23565637109294219], [-0.9904683518413322, -0.13226631707011105, 0.03844561573739816], [0.06824802767612714, -0.22881039601478062, 0.971075697046261]], "trans": [-401.1683855313152, 509.49108280919745, 94.61424338531864]}], "rb_ScNup84_506-726_ScNup133C_882_1155_renamed_relative_3CQC_new_1.pdb_17": [{"rot": [[-0.7817412868621533, 0.5859648415177534, 0.21336767543417173], [-0.6121083191336658, -0.7864097953464284, -0.08296408518479698], [0.11918039294475496, -0.1954605798831726, 0.9734429596279748]], "trans": [-239.06466020571366, 787.1167374117642, 80.38403111322202]}], "rb_ScNup84_506-726_ScNup133C_882_1155_renamed_relative_3CQC_new_1.pdb_18": [{"rot": [[-0.983383194022466, -0.14285972662568008, 0.11202049911784978], [0.12498603230953814, -0.9802954696309969, -0.1529682449022197], [0.1316661894401722, -0.13642540353388125, 0.9818615604192504]], "trans": [71.29937641860295, 868.3612916339703, 55.292040782725564]}], "rb_ScNup84_506-726_ScNup133C_882_1155_renamed_relative_3CQC_new_1.pdb_19": [{"rot": [[-0.6064448985982296, -0.7950744133720136, -0.009014552974736183], [0.7890144383824955, -0.6003423781399092, -0.13055743959375177], [0.09839106152563284, -0.08628850566830788, 0.9913997643742873]], "trans": [348.1100088934574, 705.630656859412, 34.06151902768454]}], "rb_ScNup84_506-726_ScNup133C_882_1155_renamed_relative_3CQC_new_1.pdb_20": [{"rot": [[0.12825783112107259, -0.9886026589981621, -0.07883344073351492], [0.9909796960071428, 0.1308676007927655, -0.028860235001448614], [0.03884804831277764, -0.07442078798636535, 0.9964699571275489]], "trans": [429.20957902442575, 394.25485023615556, 29.153609743745108]}], "rb_ScNup84_506-726_ScNup133C_882_1155_renamed_relative_3CQC_new_1.pdb_21": [{"rot": [[0.7903257767573844, -0.6100728884680644, -0.05653527526307637], [0.6125677095568287, 0.7849813514475634, 0.09254771249393387], [-0.01208171350181652, -0.10777452684095479, 0.9941019482744566]], "trans": [267.0907284641121, 116.64232647815766, 43.46744029214659]}], "rb_4XMM.renamed.noAb_Nup145c_149-550_Sec13_Nup84_7-436_3IKO_updated_1.pdb_21": [{"rot": [[0.9970346373626988, 0.004486562174001758, 0.07682319089239086], [-0.0033032034649039532, 0.9998740421182608, -0.015523812191540058], [-0.07688316295457255, 0.015224015828538074, 0.9969238730194754]], "trans": [-24.557893098947716, 6.311075798715137, 35.896729246575205]}], "rb_4XMM.renamed.noAb_Nup145c_149-550_Sec13_Nup84_7-436_3IKO_updated_1.pdb_22": [{"rot": [[0.7029911211289577, 0.7083825213617312, 0.06322726502898877], [-0.7094381185754248, 0.704725698431574, -0.007697134680518705], [-0.05001039417971905, -0.03944481460629716, 0.9979694720153831]], "trans": [-327.9671384712394, 162.51467693678967, 59.36155883909197]}], "rb_4XMM.renamed.noAb_Nup145c_149-550_Sec13_Nup84_7-436_3IKO_updated_1.pdb_23": [{"rot": [[-0.002755237543019262, 0.998246669795451, 0.05912693893963537], [-0.999966900289509, -0.003202987461996709, 0.007479251079309929], [0.007655520326575075, -0.05910437474170693, 0.9982224531109882]], "trans": [-432.4809040125773, 488.1496555017214, 66.1488234632647]}], "rb_4XMM.renamed.noAb_Nup145c_149-550_Sec13_Nup84_7-436_3IKO_updated_1.pdb_24": [{"rot": [[-0.7067682707195303, 0.7042725022381952, 0.06692424146207175], [-0.7046936918232237, -0.7091974095715261, 0.02111480432279904], [0.06233307475712822, -0.03223781705057029, 0.9975346164134524]], "trans": [-276.87163888548815, 792.4545663921552, 52.306452703008176]}], "rb_4XMM.renamed.noAb_Nup145c_149-550_Sec13_Nup84_7-436_3IKO_updated_1.pdb_25": [{"rot": [[-0.9966272169820076, -0.0013257689192328096, 0.08205140283668906], [0.0034062979516413716, -0.9996760809039003, 0.02522162569861195], [0.08199138677300484, 0.025416050153181456, 0.9963089063586895]], "trans": [47.70446864720492, 897.1634189044105, 25.967507428294937]}], "rb_4XMM.renamed.noAb_Nup145c_149-550_Sec13_Nup84_7-436_3IKO_updated_1.pdb_26": [{"rot": [[-0.7025286185987496, -0.7051987274971885, 0.09564671863726115], [0.7095181108151145, -0.7044725000433485, 0.017393881338616052], [0.055114340013105056, 0.08008277854206297, 0.9952633611792907]], "trans": [351.1080716089976, 740.9364076371673, 2.585718061367004]}], "rb_4XMM.renamed.noAb_Nup145c_149-550_Sec13_Nup84_7-436_3IKO_updated_1.pdb_27": [{"rot": [[0.003240418707093018, -0.9950076697519895, 0.09974586117386003], [0.999991490615212, 0.003478912971526804, 0.002217174260092457], [-0.0025531125642625427, 0.09973782782499718, 0.9950104759835356]], "trans": [455.6029747333344, 415.2936353868155, -4.117528602212758]}], "rb_4XMM.renamed.noAb_Nup145c_149-550_Sec13_Nup84_7-436_3IKO_updated_1.pdb_28": [{"rot": [[0.7072304415383329, -0.700978431004688, 0.09194749495063638], [0.7046630357903816, 0.7094502382816893, -0.011417766538789956], [-0.0572285641281947, 0.07286699299584636, 0.9956983944847783]], "trans": [299.976503731108, 111.0013464958788, 9.80862875004533]}], "rb_4XMM.renamed.noAb_Seh1_Nup85_47_544_3F3F_1.pdb_28": [{"rot": [[0.6536187804100824, -0.726053514583465, 0.21360895078678765], [0.303675601889066, 0.5101281104366637, 0.804705188102842], [-0.6932269604628398, -0.4611025969383764, 0.5539140514413181]], "trans": [484.60870959661645, -111.30963784756375, 707.8382255142055]}], "rb_4XMM.renamed.noAb_Seh1_Nup85_47_544_3F3F_1.pdb_29": [{"rot": [[0.6637615583074381, -0.16421035472400788, 0.7296955208267994], [-0.28584723109464644, 0.845848696826873, 0.4503680079133081], [-0.6911670957075449, -0.5075184149148613, 0.5145027738831944]], "trans": [-36.635301683482055, -240.79389632792154, 750.0558411309314]}], "rb_4XMM.renamed.noAb_Seh1_Nup85_47_544_3F3F_1.pdb_30": [{"rot": [[0.2553854290401456, 0.4698658116322392, 0.84498781156485], [-0.7097283492348879, 0.6845963817780452, -0.16617299524509532], [-0.656554607726043, -0.5572736429399677, 0.5083130275313783]], "trans": [-496.6175445493805, 37.43346603210456, 785.4068049109683]}], "rb_4XMM.renamed.noAb_Seh1_Nup85_47_544_3F3F_1.pdb_31": [{"rot": [[-0.3322771127635925, 0.8047242257598409, 0.49194597346529023], [-0.7196522168013394, 0.12083504510342613, -0.6837394084940314], [-0.6096659800139792, -0.5812209668878732, 0.538970853074187]], "trans": [-625.8720220413473, 560.3830541513812, 793.2060287245683]}], "rb_4XMM.renamed.noAb_Seh1_Nup85_47_544_3F3F_1.pdb_32": [{"rot": [[-0.754965064073307, 0.6442001071592094, -0.12261310682324056], [-0.30980529224704084, -0.5151759731381454, -0.7991335292658462], [-0.5779692318147306, -0.5653317067326268, 0.588516464033303]], "trans": [-348.67772541719216, 1021.7037425156229, 768.9086221938549]}], "rb_4XMM.renamed.noAb_Seh1_Nup85_47_544_3F3F_1.pdb_33": [{"rot": [[-0.7650618631116537, 0.08233074789666656, -0.638672054784689], [0.2797183171824632, -0.8508524507053996, -0.4447558545553082], [-0.5800327651475666, -0.51891401511174, 0.6279253429157616]], "trans": [172.5829312603363, 1151.1474840545307, 726.7723535591385]}], "rb_4XMM.renamed.noAb_Seh1_Nup85_47_544_3F3F_1.pdb_34": [{"rot": [[-0.35665266263710327, -0.551732859013824, -0.7539162622720725], [0.7035673688004764, -0.6895503740011057, 0.1717941770669358], [-0.6146477330902922, -0.46916003026618036, 0.6341112128070263]], "trans": [632.5500188735466, 872.8844266130365, 691.5052480092106]}], "rb_4XMM.renamed.noAb_Seh1_Nup85_47_544_3F3F_1.pdb_35": [{"rot": [[0.23101066914262652, -0.8865473123472396, -0.4008340475959563], [0.7134451118975389, -0.1257627739179202, 0.6893328637211298], [-0.6615361993510102, -0.44521633804966276, 0.6034503039040285]], "trans": [761.7702453019486, 349.92510954465683, 683.7912781425935]}], "rb_4XMM.renamed.noAb_Nup120_715-1036_Nup85_553-744_Nup145c_92-99_554-712_remaining_updated_1.pdb_35": [{"rot": [[0.9989183188784407, -0.028689170428918904, 0.03659403925737711], [0.032950174722291004, 0.9920168451025351, -0.12172454567006503], [-0.032809727137550336, 0.12279865851430828, 0.9918891123871891]], "trans": [3.124379727592782, 23.580830740421277, -43.795496266618215]}], "rb_4XMM.renamed.noAb_Nup120_715-1036_Nup85_553-744_Nup145c_92-99_554-712_remaining_updated_1.pdb_36": [{"rot": [[0.7307560867394867, 0.6814502527508203, -0.04026282055488206], [-0.682592319199811, 0.7287471417480165, -0.05472960043266532], [-0.007954084649707593, 0.067477080701073, 0.9976891179708467]], "trans": [-297.7424505249643, 150.6264473321593, -20.39144553850582]}], "rb_4XMM.renamed.noAb_Nup120_715-1036_Nup85_553-744_Nup145c_92-99_554-712_remaining_updated_1.pdb_37": [{"rot": [[0.03668593565429873, 0.9982018622879711, -0.04740447499967318], [-0.9981295778519963, 0.03892207160931144, 0.0471425302527883], [0.048902841861839394, 0.045586340788284684, 0.9977626960311605]], "trans": [-421.0110698421087, 453.8485164836876, -12.000253549856495]}], "rb_4XMM.renamed.noAb_Nup120_715-1036_Nup85_553-744_Nup145c_92-99_554-712_remaining_updated_1.pdb_38": [{"rot": [[-0.6766960534822899, 0.7360080991179762, 0.019352757794090063], [-0.7288154260404675, -0.6733491126928384, 0.12421371583371442], [0.10445346316396259, 0.06995034287628747, 0.992066743502948]], "trans": [-294.46706960106144, 755.615391450046, -23.51359398224122]}], "rb_4XMM.renamed.noAb_Nup120_715-1036_Nup85_553-744_Nup145c_92-99_554-712_remaining_updated_1.pdb_39": [{"rot": [[-0.9914806527480188, 0.04846576663787925, 0.12090154957883871], [-0.032417891225958846, -0.9908079083705346, 0.13133456909308985], [0.12615544203411783, 0.12629631100949987, 0.9839380296901666]], "trans": [7.760203925832627, 879.1478987581836, -48.16278477108244]}], "rb_4XMM.renamed.noAb_Nup120_715-1036_Nup85_553-744_Nup145c_92-99_554-712_remaining_updated_1.pdb_40": [{"rot": [[-0.7232626054301744, -0.6616531424385907, 0.19775318628910288], [0.6831035314919494, -0.7274824767467638, 0.06433359378754147], [0.10129545325226619, 0.18161598257733538, 0.9781384697592084]], "trans": [308.6236658412258, 752.0790706138199, -71.4839774975004]}], "rb_4XMM.renamed.noAb_Nup120_715-1036_Nup85_553-744_Nup145c_92-99_554-712_remaining_updated_1.pdb_41": [{"rot": [[-0.02916782552201752, -0.97835095849782, 0.20488689553193223], [0.9985863038330464, -0.037632568555317436, -0.037539094035188555], [0.04443682877265814, 0.20350231396798685, 0.9780655276914236]], "trans": [431.875171319532, 448.84773500958, -79.7912837323554]}], "rb_4XMM.renamed.noAb_Nup120_715-1036_Nup85_553-744_Nup145c_92-99_554-712_remaining_updated_1.pdb_42": [{"rot": [[0.6841931781698574, -0.7161016354531055, 0.13812364984757694], [0.7292161694528277, 0.6746180131015505, -0.11460503744364678], [-0.011111847477946774, 0.17913398365553804, 0.9837619339786039]], "trans": [305.3141639445955, 147.0912006994388, -68.1941614490649]}], "rb_4XMM.renamed.noAb_Nup120_2-711_3F7F_updated_1.pdb_42": [{"rot": [[-0.7333080924859672, 0.6451202010106483, 0.2146605873060345], [0.4084621657720535, 0.16561889239073485, 0.8976241093108343], [0.5435235971210397, 0.7459157517650675, -0.3849568685468005]], "trans": [595.7771148080781, -12.999644148277525, -349.1226925477207]}], "rb_4XMM.renamed.noAb_Nup120_2-711_3F7F_updated_1.pdb_43": [{"rot": [[-0.22116639695041235, 0.5888584426805334, 0.7773873933527786], [0.8369390974038822, -0.29458422751102326, 0.4612516451336589], [0.5006179901848771, 0.7526392677674935, -0.42768652131866824]], "trans": [90.58910252257834, -310.5064388232667, -307.3673304905205]}], "rb_4XMM.renamed.noAb_Nup120_2-711_3F7F_updated_1.pdb_44": [{"rot": [[0.44313596912873676, 0.2246666016592545, 0.8678452805444153], [0.7765047622229124, -0.579955254966762, -0.24635798440800372], [0.4479630198012682, 0.7830560773886617, -0.43145372006184946]], "trans": [-476.4736542743461, -162.43009880331886, -262.84814052195765]}], "rb_4XMM.renamed.noAb_Nup120_2-711_3F7F_updated_1.pdb_45": [{"rot": [[0.8704413130389531, -0.23410660647796502, 0.4330427431078746], [0.2625624459022822, -0.5233198183614228, -0.8106770810328713], [0.4164047100560134, 0.8193475846754762, -0.39405158663508616]], "trans": [-773.2158837269226, 344.484284846666, -241.62108694500773]}], "rb_4XMM.renamed.noAb_Nup120_2-711_3F7F_updated_1.pdb_46": [{"rot": [[0.8104281393122824, -0.5187053677021073, -0.2723067618107402], [-0.4038131960707232, -0.1578557550180696, -0.9011195610388337], [0.4244303637700503, 0.8402537129490678, -0.3373908181698576]], "trans": [-625.7998904171324, 913.2792354868967, -256.097272145317]}], "rb_4XMM.renamed.noAb_Nup120_2-711_3F7F_updated_1.pdb_47": [{"rot": [[0.29825301130355847, -0.46240771484553655, -0.834999548802085], [-0.8322499167317652, 0.3023429337134684, -0.46470294439943083], [0.46733843983597867, 0.8335273574903583, -0.29466409174992986]], "trans": [-120.58212845209283, 1210.7467678187008, -297.77233781714654]}], "rb_4XMM.renamed.noAb_Nup120_2-711_3F7F_updated_1.pdb_48": [{"rot": [[-0.3660446593304035, -0.09819360674853755, -0.925402249278334], [-0.7717634441598447, 0.587685367172745, 0.24291376138368082], [0.5199927822905053, 0.8031089121686715, -0.29090132615893954]], "trans": [446.47562697789624, 1062.6263239050825, -342.20843797032603]}], "rb_4XMM.renamed.noAb_Nup120_2-711_3F7F_updated_1.pdb_49": [{"rot": [[-0.7933099305350725, 0.360575196646744, -0.4905556866224233], [-0.2577876068468553, 0.531013924511004, 0.8071987126672028], [0.5515477348975394, 0.7668179311535303, -0.32830680253508293]], "trans": [743.1848605668592, 555.689065084077, -363.35027368492376]}]}
