{"rb_ScNup133N_56-480_renamed_1.pdb_0": [{"rot": [[-0.6861153815097665, -0.27628364281762, 0.6729881365723553], [0.29117463408701777, -0.9520416061897169, -0.09398995982546783], [0.6666805949778325, 0.13146911726762114, 0.7336571784456781]], "trans": [886.2762870819788, 238.8540016878506, -327.58762431283407]}], "rb_ScNup133N_56-480_renamed_1.pdb_1": [{"rot": [[-0.2679613036944205, -0.8644495419057721, 0.4253513009516786], [0.7278391211698709, -0.4709012211095627, -0.4985000036631801], [0.631226546825349, 0.17600860619987208, 0.7553634999962084]], "trans": [474.51611177001723, -335.91369426430197, -291.93003416236]}], "rb_ScNup133N_56-480_renamed_1.pdb_2": [{"rot": [[0.3356287426094891, -0.9413455718009139, -0.03495513674956502], [0.7398624885711246, 0.28639659758009245, -0.6087532233178616], [0.583058183322825, 0.17845308443777058, 0.7925892072914758]], "trans": [-221.89833662303624, -450.08428638055597, -235.8247582638698]}], "rb_ScNup133N_56-480_renamed_1.pdb_3": [{"rot": [[0.771063197657479, -0.4619249539564506, -0.43827717500521457], [0.3202012781376441, 0.8762161097916045, -0.36016172814540326], [0.5503932109839652, 0.13737054216241285, 0.8235269561154402]], "trans": [-794.9957414455446, -36.77491519868147, -192.1150534219032]}], "rb_ScNup133N_56-480_renamed_1.pdb_4": [{"rot": [[0.7832584180566204, 0.29296095386361987, -0.5483430769643719], [-0.2853010558355705, 0.9530327288163474, 0.10164607884208716], [0.5523672311809832, 0.07682771190254924, 0.8300529769847644]], "trans": [-909.0456489398107, 661.8920787760253, -186.3826761385356]}], "rb_ScNup133N_56-480_renamed_1.pdb_5": [{"rot": [[0.36507027174448936, 0.8810893429669999, -0.30067468533014485], [-0.7219327085241012, 0.4718461961152993, 0.5061366728212591], [0.587823835048781, 0.0322914372783146, 0.8083442348573042]], "trans": [-497.2341018527343, 1236.627836063745, -221.9617289516969]}], "rb_ScNup133N_56-480_renamed_1.pdb_6": [{"rot": [[-0.23852072871640523, 0.9579263104066434, 0.15964036395381434], [-0.7339087012767037, -0.28545763272515495, 0.6163537605217387], [0.6359920441034883, 0.029851695926057742, 0.7711180169645895]], "trans": [199.19580232852522, 1350.7441630663334, -277.98549615760606]}], "rb_ScNup133N_56-480_renamed_1.pdb_7": [{"rot": [[-0.6739224646229648, 0.47845967725516625, 0.5629430245747674], [-0.3142133286774059, -0.8752394967862909, 0.3677306179076485], [0.6686542423091096, 0.0709377227302839, 0.7401819666378451]], "trans": [772.2675194122008, 937.3902231806437, -321.6104600907372]}], "rb_ScNup133C_490_881_renamed_relative_3CQC_1.pdb_7": [{"rot": [[0.8236828557798874, 0.36562718478740447, -0.43343201870504056], [-0.29175950969053194, 0.9286856640219652, 0.22895267184556378], [0.4862334229559192, -0.062126477322629325, 0.8716176680265559]], "trans": [141.4353070771151, 113.17947518648072, -217.2408392858722]}], "rb_ScNup133C_490_881_renamed_relative_3CQC_1.pdb_8": [{"rot": [[0.3878683109016471, 0.9126940714070101, -0.12863788484268399], [-0.7587984153657968, 0.39541421178259484, 0.5175640694239754], [0.5232429055769984, -0.10313647821622363, 0.8459194575280177]], "trans": [-139.9507495557741, 106.51478255402276, -194.73896304785785]}], "rb_ScNup133C_490_881_renamed_relative_3CQC_1.pdb_9": [{"rot": [[-0.24962488374086134, 0.9237711964038556, 0.2904035022377496], [-0.7797634779550479, -0.3695770803469857, 0.5053530450384613], [0.5741570655010778, -0.10029734979941798, 0.8125786766574693]], "trans": [-343.69084828665905, 301.40900297550456, -179.40662973047705]}], "rb_ScNup133C_490_881_renamed_relative_3CQC_1.pdb_10": [{"rot": [[-0.7153442260720111, 0.39236942376732703, 0.5782117895009843], [-0.34237306818611973, -0.9181455270600487, 0.19947298894949989], [0.6091496699549771, -0.055272293530487945, 0.7911268249538892]], "trans": [-350.42925320433244, 583.6904709146936, -180.20173147576486]}], "rb_ScNup133C_490_881_renamed_relative_3CQC_1.pdb_11": [{"rot": [[-0.7364647587114883, -0.37020859532710293, 0.5661848241713668], [0.29714334469357173, -0.9289319974569835, -0.22088724907720447], [0.6077215578538789, 0.005562377774933944, 0.7941306996163431]], "trans": [-156.21659835724762, 787.9948390792943, -196.6344815692105]}], "rb_ScNup133C_490_881_renamed_relative_3CQC_1.pdb_12": [{"rot": [[-0.3006137758395773, -0.9172339049438482, 0.2613681721191986], [0.7641480288376817, -0.39561762509003356, -0.5094747145262523], [0.5707093374029875, 0.04656885589726609, 0.8198305885129327]], "trans": [125.17651798600343, 794.637844702072, -219.05433840311065]}], "rb_ScNup133C_490_881_renamed_relative_3CQC_1.pdb_13": [{"rot": [[0.3368810712784982, -0.9282513656525541, -0.15767227396856653], [0.7850630555085444, 0.36937451097559193, -0.4972308010543286], [0.519795289214743, 0.04372496776110488, 0.8531711343596025]], "trans": [328.90795396786774, 599.7280382180037, -234.30342882299868]}], "rb_ScNup133C_490_881_renamed_relative_3CQC_1.pdb_14": [{"rot": [[0.8025663125236255, -0.3968067936238644, -0.44545671230342604], [0.3476361071804923, 0.917901231043531, -0.19132816581246626], [0.4848055806058988, -0.0013032968645636939, 0.8746209752976768]], "trans": [335.6308751161854, 317.44644928890784, -233.4246157475426]}], "rb_ScNup84_506-726_ScNup133C_882_1155_renamed_relative_3CQC_new_1.pdb_14": [{"rot": [[0.9783828266336037, 0.15987230057139157, 0.13117885522616604], [-0.18710536834968794, 0.9544958623102486, 0.23222667798368757], [-0.0880830612726669, -0.25175086165219446, 0.9637753254645036]], "trans": [-74.113080065639, 58.503583477739824, 136.14803721383606]}], "rb_ScNup84_506-726_ScNup133C_882_1155_renamed_relative_3CQC_new_1.pdb_15": [{"rot": [[0.5599680349801281, 0.7812730232350505, 0.2757684952376807], [-0.8269045816441983, 0.5477510112364175, 0.12726995931999086], [-0.05161988624865371, -0.29930134121758106, 0.9527612998485138]], "trans": [-324.3218457231758, 240.11908715981738, 155.24881824821438]}], "rb_ScNup84_506-726_ScNup133C_882_1155_renamed_relative_3CQC_new_1.pdb_16": [{"rot": [[-0.1869947712111686, 0.934119172811093, 0.3040630305157115], [-0.9823226149024581, -0.180537871625984, -0.04948087670962378], [0.00867385674749177, -0.3079406564510043, 0.9513660264659679]], "trans": [-373.29070052462777, 545.9776749154839, 157.7050310300484]}], "rb_ScNup84_506-726_ScNup133C_882_1155_renamed_relative_3CQC_new_1.pdb_17": [{"rot": [[-0.8249242478978575, 0.5288713197471642, 0.19948712334144073], [-0.5623133928475099, -0.8037288898229125, -0.1944826981722199], [0.05747724292685133, -0.27260777467438024, 0.960406876137716]], "trans": [-192.33108552718784, 796.9031902265623, 142.10179638032628]}], "rb_ScNup84_506-726_ScNup133C_882_1155_renamed_relative_3CQC_new_1.pdb_18": [{"rot": [[-0.9801123128312551, -0.19707062963715793, 0.023302814657847244], [0.18707576011082644, -0.9567479579012508, -0.2227913935293262], [0.06620056053781097, -0.21400119622608815, 0.9745875916500676]], "trans": [112.55021861233604, 845.9000449692362, 117.60371406365027]}], "rb_ScNup84_506-726_ScNup133C_882_1155_renamed_relative_3CQC_new_1.pdb_19": [{"rot": [[-0.5616476094216616, -0.8184396456110511, -0.12127864330946737], [0.8268421117825008, -0.5499543482118484, -0.11782332988814528], [0.029733567125092272, -0.16645348111389366, 0.985600909907798]], "trans": [362.751358441886, 664.2653075747749, 98.5861110252763]}], "rb_ScNup84_506-726_ScNup133C_882_1155_renamed_relative_3CQC_new_1.pdb_20": [{"rot": [[0.1853273387212646, -0.9712289973138838, -0.14955939388469297], [0.9822015126526881, 0.1783465068993455, 0.05892972102062164], [-0.030560858385527016, -0.1578187512733034, 0.986995073787742]], "trans": [411.70289175250434, 358.4032850538306, 96.21377217447326]}], "rb_ScNup84_506-726_ScNup133C_882_1155_renamed_relative_3CQC_new_1.pdb_21": [{"rot": [[0.8232240746286292, -0.5659325281882777, -0.04497217462227931], [0.5621422351240803, 0.8015056974661372, 0.20392332975660127], [-0.07936139137852646, -0.19315535319462585, 0.977953362431317]], "trans": [230.7302334534745, 107.49237964886959, 111.90045196120604]}], "rb_4XMM.renamed.noAb_Nup145c_149-550_Sec13_Nup84_7-436_3IKO_updated_1.pdb_21": [{"rot": [[0.9986629977219069, -0.02627942433151869, 0.044515265223278706], [0.026301310772915927, 0.9996540562632928, 9.406365996537849e-05], [-0.04450233738492126, 0.0010768719281385106, 0.9990086998190403]], "trans": [-2.2835576336709664, -12.899970961206918, 23.17525059598438]}], "rb_4XMM.renamed.noAb_Nup145c_149-550_Sec13_Nup84_7-436_3IKO_updated_1.pdb_22": [{"rot": [[0.7256565472177515, 0.6861364578813166, 0.05137447465514278], [-0.6877872730459839, 0.7254380397242436, 0.02623580677273571], [-0.019267654656986072, -0.05437289478340615, 0.9983347864303297]], "trans": [-325.9710062220397, 132.4996550275232, 48.308944989011366]}], "rb_4XMM.renamed.noAb_Nup145c_149-550_Sec13_Nup84_7-436_3IKO_updated_1.pdb_23": [{"rot": [[0.029184610998102323, 0.9967823732792653, 0.07465359201434799], [-0.9988606094754653, 0.026261083566793908, 0.039847689119942596], [0.037758989912220604, -0.0757314717251232, 0.9964130683964133]], "trans": [-452.4445408943181, 464.8826152625126, 56.81370707137751]}], "rb_4XMM.renamed.noAb_Nup145c_149-550_Sec13_Nup84_7-436_3IKO_updated_1.pdb_24": [{"rot": [[-0.6827497304452693, 0.7236775645148024, 0.10071538211631717], [-0.7246875519010951, -0.6882890928969402, 0.0329556780950512], [0.09317058385836915, -0.050486703368619955, 0.9943693152377839]], "trans": [-307.61226842338334, 789.5344018335447, 43.731332199273766]}], "rb_4XMM.renamed.noAb_Nup145c_149-550_Sec13_Nup84_7-436_3IKO_updated_1.pdb_25": [{"rot": [[-0.9930853016206218, 0.026810679339953673, 0.1142924808480763], [-0.025882543290050762, -0.999618921137015, 0.009597210933798297], [0.114506234144331, 0.006572669031630182, 0.9934007863716856]], "trans": [23.682937181513125, 916.2695373722975, 16.749664935450937]}], "rb_4XMM.renamed.noAb_Nup145c_149-550_Sec13_Nup84_7-436_3IKO_updated_1.pdb_26": [{"rot": [[-0.7200231492018806, -0.6855838350867731, 0.1074312323354688], [0.6881845891626961, -0.7253469980198172, -0.01654399294636714], [0.08926721599992075, 0.062020460586409795, 0.9940748596641361]], "trans": [347.36558655388745, 770.8449093099382, -8.30104869424872]}], "rb_4XMM.renamed.noAb_Nup145c_149-550_Sec13_Nup84_7-436_3IKO_updated_1.pdb_27": [{"rot": [[-0.023526932252293242, -0.9961752274515486, 0.08415105270078414], [0.9992032509197591, -0.026145683341516845, -0.030154047721469547], [0.0322389021242898, 0.08337457318906813, 0.9959966534759843]], "trans": [473.81973310531095, 438.452432047832, -16.721742529298524]}], "rb_4XMM.renamed.noAb_Nup145c_149-550_Sec13_Nup84_7-436_3IKO_updated_1.pdb_28": [{"rot": [[0.688386044742413, -0.7230146807684549, 0.058089799424553466], [0.7249743245607202, 0.6883830340208008, -0.02325999140248156], [-0.023170717114991683, 0.05812546658398021, 0.9980403538949567]], "trans": [328.9686681217568, 113.81242229522957, -3.555450488156339]}], "rb_4XMM.renamed.noAb_Seh1_Nup85_47_544_3F3F_1.pdb_28": [{"rot": [[0.6343221547285626, -0.7459808142033157, 0.20284976919157754], [0.218140807539286, 0.42445070959540054, 0.878781078090598], [-0.7416535526151184, -0.5131804945285077, 0.43196734590574615]], "trans": [508.80521872333856, -49.00027164156745, 793.8149912938742]}], "rb_4XMM.renamed.noAb_Seh1_Nup85_47_544_3F3F_1.pdb_29": [{"rot": [[0.5888228792283546, -0.23976886387320506, 0.7718798538724705], [-0.3355186355919374, 0.7963106194577504, 0.5033057147592725], [-0.7353331639928657, -0.5553379955088342, 0.3884389896450598]], "trans": [26.14575431482342, -208.83559145072599, 833.1048518532654]}], "rb_4XMM.renamed.noAb_Seh1_Nup85_47_544_3F3F_1.pdb_30": [{"rot": [[0.1663673050402962, 0.38043003195276515, 0.9097224360221368], [-0.6945808434160265, 0.7000645578626555, -0.16573191238880183], [-0.6999138316772386, -0.6043034052634375, 0.3807072663003733]], "trans": [-427.93734471133365, 20.568908378047645, 868.2231636221761]}], "rb_4XMM.renamed.noAb_Seh1_Nup85_47_544_3F3F_1.pdb_31": [{"rot": [[-0.38556413585265303, 0.7512946152953107, 0.5356273874368933], [-0.6487021118124995, 0.1920948247619908, -0.7364001279397411], [-0.6561446999513172, -0.6313920963457927, 0.4133015284243029]], "trans": [-587.43388303465, 504.82495403679, 878.6211292993692]}], "rb_4XMM.renamed.noAb_Seh1_Nup85_47_544_3F3F_1.pdb_32": [{"rot": [[-0.7436422231420863, 0.6555671840417431, -0.13125513768183916], [-0.2247588486448183, -0.4300227478206375, -0.8743934448019655], [-0.6296663433249032, -0.6207351315693124, 0.4671275976855546]], "trans": [-358.9066262648724, 960.2486427635453, 858.2314788810154]}], "rb_4XMM.renamed.noAb_Seh1_Nup85_47_544_3F3F_1.pdb_33": [{"rot": [[-0.698099764392823, 0.14932621717718317, -0.7002559530759028], [0.3288970049233789, -0.8018429140085523, -0.49887343225181624], [-0.6359901564545783, -0.5785755111632616, 0.5106534037633106]], "trans": [123.77184968720638, 1120.0464730233484, 819.0227619774435]}], "rb_4XMM.renamed.noAb_Seh1_Nup85_47_544_3F3F_1.pdb_34": [{"rot": [[-0.27561617408884986, -0.47086518891147694, -0.8380463581759584], [0.6879260433243066, -0.7055481777845302, 0.17017499152665203], [-0.6714115604432142, -0.5296109352121527, 0.5183809157433557]], "trans": [577.8436011816116, 890.6067394957801, 783.9880026948608]}], "rb_4XMM.renamed.noAb_Seh1_Nup85_47_544_3F3F_1.pdb_35": [{"rot": [[0.2763117035511418, -0.8416901638386747, -0.46390679082968145], [0.6420039935532604, -0.19754935338438415, 0.7408138263012374], [-0.7151801973924712, -0.5025255427086663, 0.48578324814986085]], "trans": [737.3089071204885, 406.338589976712, 773.675061912297]}], "rb_4XMM.renamed.noAb_Nup120_715-1036_Nup85_553-744_Nup145c_92-99_554-712_remaining_updated_1.pdb_35": [{"rot": [[0.983634022839997, -0.08909080478409509, 0.15661078383855423], [0.08222968758063906, 0.9953699348896502, 0.04976917919921875], [-0.16031964194070106, -0.036076602122368934, 0.9864056423131965]], "trans": [7.295754393358038, -56.822990831310335, 110.66554965898482]}], "rb_4XMM.renamed.noAb_Nup120_715-1036_Nup85_553-744_Nup145c_92-99_554-712_remaining_updated_1.pdb_36": [{"rot": [[0.7521412077519665, 0.6378520821288567, 0.1656149900380262], [-0.6443194254449911, 0.7645359233281177, -0.01836572718568881], [-0.13833322665090153, -0.09289533499969187, 0.9860194598179315]], "trans": [-348.41550645126586, 99.72990776562875, 138.29747424361005]}], "rb_4XMM.renamed.noAb_Nup120_715-1036_Nup85_553-744_Nup145c_92-99_554-712_remaining_updated_1.pdb_37": [{"rot": [[0.07625127298087603, 0.9893536027194548, 0.12395641231832427], [-0.9936480091098835, 0.08571741618056478, -0.07291199184833891], [-0.08276096519954515, -0.11760941012249967, 0.9896052997482767]], "trans": [-489.67973803397234, 462.7124680196184, 147.83226495090645]}], "rb_4XMM.renamed.noAb_Nup120_715-1036_Nup85_553-744_Nup145c_92-99_554-712_remaining_updated_1.pdb_38": [{"rot": [[-0.6480899276362888, 0.7594992100542872, 0.05603923289359579], [-0.7611144535701146, -0.6434241337250205, -0.08191564384701935], [-0.02615787191372299, -0.09574097381539237, 0.9950625265126933]], "trans": [-333.74044832868367, 819.4845048749512, 133.70831184517726]}], "rb_4XMM.renamed.noAb_Nup120_715-1036_Nup85_553-744_Nup145c_92-99_554-712_remaining_updated_1.pdb_39": [{"rot": [[-0.9965531055670644, 0.08294084830354546, 0.0016502931030765262], [-0.08294019438401444, -0.9957473255580931, -0.04010221688941002], [-0.0016828369438850192, -0.04010086441202534, 0.9991942197256883]], "trans": [28.052841350521305, 961.0440454512329, 104.22363070468413]}], "rb_4XMM.renamed.noAb_Nup120_715-1036_Nup85_553-744_Nup145c_92-99_554-712_remaining_updated_1.pdb_40": [{"rot": [[-0.765003617848794, -0.643984054746285, -0.007348599239896324], [0.6435907251601449, -0.7648562657858347, 0.02803339394340145], [-0.023673680873355356, 0.01671615747356643, 0.999579975246215]], "trans": [383.7584339634437, 804.4636316845354, 76.67476837671836]}], "rb_4XMM.renamed.noAb_Nup120_715-1036_Nup85_553-744_Nup145c_92-99_554-712_remaining_updated_1.pdb_41": [{"rot": [[-0.08908641923461719, -0.9954326412474808, 0.0343142338835728], [0.9928662483074298, -0.08601019278677674, 0.08257638711344137], [-0.0792478572573508, 0.04142587930079472, 0.995993812051196]], "trans": [525.0008912478417, 441.4703945384033, 67.2242417531478]}], "rb_4XMM.renamed.noAb_Nup120_715-1036_Nup85_553-744_Nup145c_92-99_554-712_remaining_updated_1.pdb_42": [{"rot": [[0.6352366648947813, -0.7655213738025719, 0.10223211738380862], [0.7602758488132844, 0.6431132921466035, 0.09157470816549666], [-0.1358492299742399, 0.019552997616191434, 0.9905365551051742]], "trans": [369.04030354713063, 84.71100733286437, 81.43230748367199]}], "rb_4XMM.renamed.noAb_Nup120_2-711_3F7F_updated_1.pdb_42": [{"rot": [[0.997824692186342, 0.059109818263882556, 0.0291875495381622], [-0.060238127542604596, 0.997405248250833, 0.039422566530539646], [-0.02678155434982814, -0.041095013645267214, 0.9987962495925294]], "trans": [-43.67095881462353, 26.889769442348666, 42.75529594169501]}], "rb_4XMM.renamed.noAb_Nup120_2-711_3F7F_updated_1.pdb_43": [{"rot": [[0.6644031518174408, 0.744253396983557, 0.06823000024539255], [-0.7473677866138944, 0.6612395877783045, 0.06483516859410753], [0.003137417233789186, -0.0940695946266047, 0.9955606802098439]], "trans": [-326.8738408672524, 190.9311142287818, 64.57141893520341]}], "rb_4XMM.renamed.noAb_Nup120_2-711_3F7F_updated_1.pdb_44": [{"rot": [[-0.05580121370605956, 0.9919399050095458, 0.11376049137808489], [-0.9965302862816247, -0.062378848138661736, 0.05510233959058722], [0.061754457915143925, -0.11029099761334302, 0.9919789729490538]], "trans": [-411.5695315813405, 507.7724805646417, 69.82184535726509]}], "rb_4XMM.renamed.noAb_Nup120_2-711_3F7F_updated_1.pdb_45": [{"rot": [[-0.7408825321789387, 0.6570710935604613, 0.13910661925078308], [-0.6617627210491936, -0.7495441767199598, 0.015925707983129887], [0.11473087876282488, -0.08025649601406878, 0.9901493424256024]], "trans": [-248.14018778807264, 791.8038453822952, 55.45480628001053]}], "rb_4XMM.renamed.noAb_Nup120_2-711_3F7F_updated_1.pdb_46": [{"rot": [[-0.9895105075931931, -0.0641821659665806, 0.1294202647752575], [0.06082334914757023, -0.9977052594515321, -0.02974450304211028], [0.13103234547672657, -0.021560724352109366, 0.9911436119979175]], "trans": [67.67688990397085, 876.6357471244966, 29.91072067133291]}], "rb_4XMM.renamed.noAb_Nup120_2-711_3F7F_updated_1.pdb_47": [{"rot": [[-0.6560353662967005, -0.7492995444696798, 0.09037583098086917], [0.7479268159238132, -0.6614858349979582, -0.05515403991657218], [0.10110922900516474, 0.03141150672257895, 0.9943793245313365]], "trans": [350.87351770126, 712.5725784160295, 8.177678953589009]}], "rb_4XMM.renamed.noAb_Nup120_2-711_3F7F_updated_1.pdb_48": [{"rot": [[0.06418845193956213, -0.9969296214666843, 0.04484609771088725], [0.9970327802831309, 0.062152017101974044, -0.045417637664726104], [0.04249091289312258, 0.04762831733798563, 0.9979609540002352]], "trans": [435.5510313069544, 395.7249735721716, 3.01120830210823]}], "rb_4XMM.renamed.noAb_Nup120_2-711_3F7F_updated_1.pdb_49": [{"rot": [[0.7492436792369555, -0.6620072062686628, 0.019503024684106234], [0.6622114559097374, 0.7492910397944101, -0.006239018008975221], [-0.010483166762708454, 0.017589671178575766, 0.9997903313607575]], "trans": [272.1060626371601, 111.70684385686332, 17.461904972950663]}]}
