{"rb_ScNup133N_56-480_renamed_1.pdb_0": [{"rot": [[-0.657748818641086, -0.4192880409122696, 0.6257507733308925], [0.42505478386592094, -0.892449796332543, -0.1512011631526071], [0.6218479896959983, 0.16652597327130972, 0.7652281868417368]], "trans": [909.3213410910233, 161.6845378899108, -315.705173925769]}], "rb_ScNup133N_56-480_renamed_1.pdb_1": [{"rot": [[-0.15435323264749412, -0.9231267203993223, 0.3521535711249607], [0.7999317044756851, -0.32596027965651664, -0.5038443849651135], [0.5799002912103912, 0.2039287968165352, 0.7887513537757426]], "trans": [436.6849504401172, -406.03711293441165, -275.2296548016983]}], "rb_ScNup133N_56-480_renamed_1.pdb_2": [{"rot": [[0.4659801330785869, -0.8802104718313202, -0.0899557716577982], [0.7078159270553672, 0.4318460503407686, -0.559022005123083], [0.5309040675892549, 0.19682102043116706, 0.8242586711303805]], "trans": [-297.8245704646014, -472.04458013793925, -216.32230208348676]}], "rb_ScNup133N_56-480_renamed_1.pdb_3": [{"rot": [[0.8398512461943632, -0.31568023873850326, -0.4415833682735109], [0.20267017285025102, 0.937035560477651, -0.2844101957335325], [0.5035619974766037, 0.14936647974140127, 0.8509494517461287]], "trans": [-863.9192743536406, 2.3303580676210913, -173.46786868594876]}], "rb_ScNup133N_56-480_renamed_1.pdb_4": [{"rot": [[0.7482411370539173, 0.4397542084570691, -0.49674081467558073], [-0.4195840527711719, 0.8936611125438514, 0.1591195732366265], [0.5138914510676174, 0.08936471379232622, 0.853187859998275]], "trans": [-929.970988414212, 739.192290990003, -171.74708103968698]}], "rb_ScNup133N_56-480_renamed_1.pdb_5": [{"rot": [[0.24481629929426207, 0.9435487189625255, -0.22311610104168103], [-0.794421450655291, 0.32713206971870623, 0.5117413093549326], [0.5558412888033846, 0.051965603101810004, 0.8296626047711563]], "trans": [-457.2837738812017, 1306.8772253652, -212.14399590980065]}], "rb_ScNup133N_56-480_renamed_1.pdb_6": [{"rot": [[-0.3755098988347847, 0.9005733650211715, 0.2189975572729877], [-0.7022569879142792, -0.4306708666513113, 0.5668842276368028], [0.6048367042455804, 0.059078074039817685, 0.7941551122829167]], "trans": [277.23744742149256, 1372.8274390738275, -270.9695260676907]}], "rb_ScNup133N_56-480_renamed_1.pdb_7": [{"rot": [[-0.7493416238698333, 0.3360037149243429, 0.57060374542511], [-0.1970819063407457, -0.9358160514192416, 0.2922448290375698], [0.6321754921928091, 0.10653554084502402, 0.7674661722888113]], "trans": [843.3017006447953, 898.4084838225368, -313.7388416057035]}], "rb_ScNup133C_490_881_renamed_relative_3CQC_1.pdb_7": [{"rot": [[0.8432177586493235, 0.32348145494166075, -0.4293524889962042], [-0.2781525680492625, 0.9460028087750778, 0.16646271257330275], [0.4600162610017278, -0.02093881798210999, 0.8876635654996212]], "trans": [138.70614017946377, 122.51372650245939, -216.8096884680516]}], "rb_ScNup133C_490_881_renamed_relative_3CQC_1.pdb_8": [{"rot": [[0.41079188986038684, 0.895837839757576, -0.16948329735820244], [-0.7644545295379056, 0.4397343249398651, 0.47142655391763627], [0.4968493690183259, -0.06409593066769786, 0.8654665887126611]], "trans": [-135.29649670857322, 115.06328239099378, -194.89249345013235]}], "rb_ScNup133C_490_881_renamed_relative_3CQC_1.pdb_9": [{"rot": [[-0.2378826715248244, 0.9438381194887386, 0.2293064298884165], [-0.8014388714137839, -0.3241099697333018, 0.5026414854610352], [0.5487326944653564, -0.06420538699701939, 0.8335287027483518]], "trans": [-334.36768415881284, 304.16465323415764, -179.90411632328107]}], "rb_ScNup133C_490_881_renamed_relative_3CQC_1.pdb_10": [{"rot": [[-0.7228032211355382, 0.4393630534646897, 0.5334000475874292], [-0.3674396447267874, -0.8980593172203265, 0.2418213601748415], [0.58527225374106, -0.02120306590902396, 0.8105595715287772]], "trans": [-341.88680031989804, 579.0397064578762, -180.60095484333777]}], "rb_ScNup133C_490_881_renamed_relative_3CQC_1.pdb_11": [{"rot": [[-0.759896463630049, -0.32205875153925206, 0.5646552267707445], [0.2833002841407449, -0.9458860970775109, -0.15824171498452572], [0.5850626578139437, 0.039719666570213454, 0.8100148359871147]], "trans": [-153.44712758586343, 778.662876940624, -196.550786278644]}], "rb_ScNup133C_490_881_renamed_relative_3CQC_1.pdb_12": [{"rot": [[-0.32743265454035353, -0.8943756661043271, 0.30476224277474984], [0.7695682894252155, -0.43957270730692044, -0.46318514969934954], [0.5482266909334148, 0.08287341474382762, 0.8322136098844409]], "trans": [120.56263009557193, 786.0922135220831, -218.3859695805873]}], "rb_ScNup133C_490_881_renamed_relative_3CQC_1.pdb_13": [{"rot": [[0.3212448090290967, -0.942316372009819, -0.09402992988462666], [0.8065017172521073, 0.3242753293450371, -0.49436878021125674], [0.4963433818852201, 0.08297810446386619, 0.8641515384689902]], "trans": [319.62560647630363, 596.9756228743685, -233.29114159361814]}], "rb_ScNup133C_490_881_renamed_relative_3CQC_1.pdb_14": [{"rot": [[0.8061315225670813, -0.43779652777233774, -0.39810321349388805], [0.37246444483909474, 0.8981850627503287, -0.23352479607718202], [0.4598067046644497, 0.03997240701620537, 0.8871189328511409]], "trans": [327.129816543796, 322.10038713801913, -232.51063748839135]}], "rb_ScNup84_506-726_ScNup133C_882_1155_renamed_relative_3CQC_new_1.pdb_14": [{"rot": [[0.9734725066636384, 0.17027468596963896, 0.15283262115122015], [-0.2069184415246232, 0.940241378828658, 0.27042726951142404], [-0.09765263604753655, -0.294877399704223, 0.9505321045691421]], "trans": [-81.75035570264902, 64.11062043844538, 159.06849552170758]}], "rb_ScNup84_506-726_ScNup133C_882_1155_renamed_relative_3CQC_new_1.pdb_15": [{"rot": [[0.5423297103412991, 0.7777458789063995, 0.3177889757767467], [-0.8380049855822788, 0.5278563908535326, 0.13825800076062905], [-0.06021735148913718, -0.34129016756887903, 0.9380271275930344]], "trans": [-325.33021344834447, 250.7864970480433, 177.6162904452393]}], "rb_ScNup84_506-726_ScNup133C_882_1155_renamed_relative_3CQC_new_1.pdb_16": [{"rot": [[-0.20749495395733952, 0.916763052873965, 0.3413082902120136], [-0.9782360609292506, -0.19453807099240006, -0.07217442782716249], [0.00023060759729823244, -0.34885590695839225, 0.93717634573242]], "trans": [-366.0429783662935, 555.5196071711222, 179.41991772147878]}], "rb_ScNup84_506-726_ScNup133C_882_1155_renamed_relative_3CQC_new_1.pdb_17": [{"rot": [[-0.8367436253583687, 0.5058879872199823, 0.20961261843850773], [-0.5454623263691197, -0.8037531451978814, -0.23759573248797938], [0.048279974462712844, -0.31314250106146035, 0.9484781589972705]], "trans": [-180.03662537831246, 799.7931149559091, 163.44679196204726]}], "rb_ScNup84_506-726_ScNup133C_882_1155_renamed_relative_3CQC_new_1.pdb_18": [{"rot": [[-0.9767935597487984, -0.21418291125701913, -0.00014885810987889242], [0.2067912622831309, -0.9429020513607939, -0.2610997805111193], [0.05578275250127379, -0.25507136661152935, 0.9653118058214697]], "trans": [123.72561458492567, 840.5082720807957, 139.07820035907926]}], "rb_ScNup84_506-726_ScNup133C_882_1155_renamed_relative_3CQC_new_1.pdb_19": [{"rot": [[-0.5456015308586405, -0.8216219572295437, -0.16509490883428218], [0.8378439460194135, -0.5304693982513266, -0.1289175691575499], [0.018343708548821933, -0.20866139297236438, 0.9778158985409812]], "trans": [367.2974516446365, 653.8136822134871, 120.61361237192159]}], "rb_ScNup84_506-726_ScNup133C_882_1155_renamed_relative_3CQC_new_1.pdb_20": [{"rot": [[0.2042340909806432, -0.9605827926763383, -0.1885978114810315], [0.9780161648641731, 0.19193595063858554, 0.08151669839262787], [-0.0421048375567768, -0.2011001970824166, 0.9786653633330078]], "trans": [407.9929826276028, 349.0777852871497, 118.89384889532829]}], "rb_ScNup84_506-726_ScNup133C_882_1155_renamed_relative_3CQC_new_1.pdb_21": [{"rot": [[0.8334490258133325, -0.549660200844891, -0.05688923428873384], [0.5451930565898637, 0.8011187560138127, 0.24692766108534736], [-0.09015127518236253, -0.2368172341068795, 0.9673625717449268]], "trans": [221.97410501627985, 104.819283292558, 134.95037652373952]}], "rb_4XMM.renamed.noAb_Nup145c_149-550_Sec13_Nup84_7-436_3IKO_updated_1.pdb_21": [{"rot": [[0.9985578513882378, -0.03185360510600083, -0.043215336081741336], [0.032112903255352605, 0.999470093996695, 0.005319083638276091], [0.043023004025977314, -0.0066991826359318095, 0.9990516213272425]], "trans": [27.251291144138463, -15.883296458123255, -19.543991629231016]}], "rb_4XMM.renamed.noAb_Nup145c_149-550_Sec13_Nup84_7-436_3IKO_updated_1.pdb_22": [{"rot": [[0.731409406930534, 0.6819012704653608, -0.007137001558930791], [-0.6785624088173253, 0.7287885473279979, 0.09176225053678815], [0.06777416022020737, -0.062272872274162186, 0.9957553678415055]], "trans": [-307.9802418209333, 107.11445903400337, 6.618833448266912]}], "rb_4XMM.renamed.noAb_Nup145c_149-550_Sec13_Nup84_7-436_3IKO_updated_1.pdb_23": [{"rot": [[0.04148721974058073, 0.9959857693413826, 0.07931681957599558], [-0.9913785832437209, 0.031160002214293547, 0.1272696308931487], [0.12428722896528772, -0.08391305936181497, 0.9886917027995485]], "trans": [-458.41060479828144, 431.8521912000579, 17.070300732797477]}], "rb_4XMM.renamed.noAb_Nup145c_149-550_Sec13_Nup84_7-436_3IKO_updated_1.pdb_24": [{"rot": [[-0.6670425650229079, 0.7264047634890572, 0.1655002599033199], [-0.7230834943367922, -0.6847349030543238, 0.0910405006405387], [0.17945605775608103, -0.05894261717630523, 0.9819986207806269]], "trans": [-335.91365674839403, 768.0940745303214, 5.711798224580718]}], "rb_4XMM.renamed.noAb_Nup145c_149-550_Sec13_Nup84_7-436_3IKO_updated_1.pdb_25": [{"rot": [[-0.9791132091755151, 0.03108260722885939, 0.20092584489278695], [-0.03084818813897187, -0.999514838853334, 0.004298395111673686], [0.2009619688064546, -0.0019895828331394044, 0.9795970236038815]], "trans": [-12.24792370659884, 918.8649895545502, -20.778698250998218]}], "rb_4XMM.renamed.noAb_Nup145c_149-550_Sec13_Nup84_7-436_3IKO_updated_1.pdb_26": [{"rot": [[-0.7119093291765614, -0.6826511762595838, 0.16484076735681866], [0.6798061324612396, -0.7287772803945824, -0.08214193721094927], [0.1762064961897538, 0.053582153111671735, 0.9828938007579696]], "trans": [322.9805575636486, 795.8413251768285, -46.85867744135828]}], "rb_4XMM.renamed.noAb_Nup145c_149-550_Sec13_Nup84_7-436_3IKO_updated_1.pdb_27": [{"rot": [[-0.021962725504141634, -0.9966812729623951, 0.07838417451557844], [0.992568146230318, -0.031124106822779718, -0.11764253084405193], [0.11969174481700581, 0.07521788418018102, 0.9899576537014687]], "trans": [473.3921293519152, 471.09219541847307, -57.22611490789342]}], "rb_4XMM.renamed.noAb_Nup145c_149-550_Sec13_Nup84_7-436_3IKO_updated_1.pdb_28": [{"rot": [[0.6865461531633286, -0.7270444244067044, -0.007796442506576108], [0.7242174555579429, 0.6847496158739643, -0.08140663747899252], [0.06452485290036084, 0.05024309404864764, 0.9966504777797502]], "trans": [350.87548544073604, 134.86033624983781, -45.783614700652436]}], "rb_4XMM.renamed.noAb_Seh1_Nup85_47_544_3F3F_1.pdb_28": [{"rot": [[0.6940331593564015, -0.6963961881077106, 0.1826207077601641], [0.29270819593305064, 0.5046936006117773, 0.8121614873503545], [-0.6577536664644235, -0.5102124250648657, 0.5541149660152105]], "trans": [459.14655362350413, -105.58202937548685, 717.6619628441583]}], "rb_4XMM.renamed.noAb_Seh1_Nup85_47_544_3F3F_1.pdb_29": [{"rot": [[0.6853823742400362, -0.14798715589653116, 0.7129872388554707], [-0.32004164603499535, 0.8182758586473673, 0.4774913234375318], [-0.6540828279998664, -0.5554497464618835, 0.5134697978178733]], "trans": [-50.45438369651322, -218.23325808142278, 758.8696527334197]}], "rb_4XMM.renamed.noAb_Seh1_Nup85_47_544_3F3F_1.pdb_30": [{"rot": [[0.24733974501390685, 0.4609809983574208, 0.8522438440316551], [-0.7470087630387493, 0.6509053037511582, -0.1352782077495519], [-0.6170907214338699, -0.6031739423267627, 0.5053515972253555]], "trans": [-490.33521575785454, 63.63294786814088, 792.6007049113001]}], "rb_4XMM.renamed.noAb_Seh1_Nup85_47_544_3F3F_1.pdb_31": [{"rot": [[-0.3634831797202478, 0.7737661434412049, 0.5188120404583757], [-0.7380697977010626, 0.10062996690617315, -0.6671780747911126], [-0.5684478443814974, -0.6254275058106956, 0.5345161206113822]], "trans": [-602.8056354799902, 574.8955075096251, 799.1189983053488]}], "rb_4XMM.renamed.noAb_Seh1_Nup85_47_544_3F3F_1.pdb_32": [{"rot": [[-0.7892577180499215, 0.6071343310941948, -0.09197911994270977], [-0.2984613219561634, -0.510191100681546, -0.8066138357860793], [-0.5366498800845949, -0.6091739856495493, 0.5838783789566391]], "trans": [-321.9769718175114, 1016.0497213981372, 774.6300296385813]}], "rb_4XMM.renamed.noAb_Seh1_Nup85_47_544_3F3F_1.pdb_33": [{"rot": [[-0.7805591420006008, 0.058700826497823516, -0.6223195632532842], [0.3142878206250782, -0.8237303050420606, -0.4719020558993704], [-0.5403245243795848, -0.5639349231283574, 0.6245212653146323]], "trans": [187.6392977112078, 1128.66134755855, 733.5037869516348]}], "rb_4XMM.renamed.noAb_Seh1_Nup85_47_544_3F3F_1.pdb_34": [{"rot": [[-0.3424832000719004, -0.5502542904429398, -0.761528379981762], [0.7412205425556605, -0.6563119593581996, 0.1408783847752834], [-0.577319118825977, -0.5162119989428154, 0.6326356037921512]], "trans": [627.5046901661074, 846.7610243573449, 699.8566079917309]}], "rb_4XMM.renamed.noAb_Seh1_Nup85_47_544_3F3F_1.pdb_35": [{"rot": [[0.268339044083566, -0.8629965259570477, -0.4280550824442858], [0.7322336355772695, -0.10601209113024318, 0.6727520638864567], [-0.6259617083732935, -0.49396197497404526, 0.6034679004968933]], "trans": [739.9417698843373, 335.49005271552426, 693.4234895199911]}], "rb_4XMM.renamed.noAb_Nup120_715-1036_Nup85_553-744_Nup145c_92-99_554-712_remaining_updated_1.pdb_35": [{"rot": [[0.9881560297322085, -0.10948806452592338, 0.10751755498635186], [0.09676288539754191, 0.9883847838917621, 0.11718559203577243], [-0.11909913901207737, -0.10539394051651906, 0.9872727649383324]], "trans": [31.54910371613778, -81.09121987726849, 123.7909647538053]}], "rb_4XMM.renamed.noAb_Nup120_715-1036_Nup85_553-744_Nup145c_92-99_554-712_remaining_updated_1.pdb_36": [{"rot": [[0.766407691180011, 0.617096812935949, 0.17835575226052225], [-0.6348556851092099, 0.7699793571215879, 0.06395348849859032], [-0.0978647535358783, -0.16224460875763458, 0.9818855213029886]], "trans": [-348.0706616113117, 66.23297451032364, 153.373447191888]}], "rb_4XMM.renamed.noAb_Nup120_715-1036_Nup85_553-744_Nup145c_92-99_554-712_remaining_updated_1.pdb_37": [{"rot": [[0.0938372433734403, 0.9771059178212006, 0.19094134469742202], [-0.9946797529092154, 0.10019957297880683, -0.02392142820410109], [-0.04250601026364306, -0.18768076868355682, 0.9813099246200525]], "trans": [-512.752216944464, 439.65212082200276, 164.72396468366136]}], "rb_4XMM.renamed.noAb_Nup120_715-1036_Nup85_553-744_Nup145c_92-99_554-712_remaining_updated_1.pdb_38": [{"rot": [[-0.6355540621190998, 0.7596408403596722, 0.137901514790662], [-0.7719193055658753, -0.6285881270907835, -0.09496079283153963], [0.014547158437472736, -0.1668015591598257, 0.9858831675423021]], "trans": [-366.02087181996444, 820.4121347336034, 151.21722894133455]}], "rb_4XMM.renamed.noAb_Nup120_715-1036_Nup85_553-744_Nup145c_92-99_554-712_remaining_updated_1.pdb_39": [{"rot": [[-0.9944785141226717, 0.0920956891859194, 0.0503077427612239], [-0.0970705540552261, -0.9894496324798456, -0.10754874392993058], [0.039872201892676755, -0.11183831552229709, 0.9929261798831577]], "trans": [6.167996215552137, 985.4585481746931, 120.78968110892299]}], "rb_4XMM.renamed.noAb_Nup120_715-1036_Nup85_553-744_Nup145c_92-99_554-712_remaining_updated_1.pdb_40": [{"rot": [[-0.7726731078188106, -0.6344721737558416, -0.020526304663861877], [0.6345305876203975, -0.7709871851842419, -0.05431108225572606], [0.018633352562797828, -0.05498928087557062, 0.9983130657068723]], "trans": [385.78281374310524, 838.1049617922317, 91.29021263626447]}], "rb_4XMM.renamed.noAb_Nup120_715-1036_Nup85_553-744_Nup145c_92-99_554-712_remaining_updated_1.pdb_41": [{"rot": [[-0.10007457767654682, -0.99442904974746, -0.033105043742911365], [0.994301855091318, -0.10117916715024367, 0.03356481933129528], [-0.036727372146945374, -0.029557421287087094, 0.9988881113428236]], "trans": [550.4417814253907, 464.6733009698127, 80.02403299833429]}], "rb_4XMM.renamed.noAb_Nup120_715-1036_Nup85_553-744_Nup145c_92-99_554-712_remaining_updated_1.pdb_42": [{"rot": [[0.6292993737075065, -0.7769071254410945, 0.019940328236803584], [0.7714841670981988, 0.6275914403647791, 0.10460001863124405], [-0.09377887911536696, -0.05044107869300038, 0.9943144469493279]], "trans": [403.6872676419451, 83.925214798806, 93.61503398135139]}], "rb_4XMM.renamed.noAb_Nup120_2-711_3F7F_updated_1.pdb_42": [{"rot": [[0.9968053663814139, 0.07520797488809253, 0.026885350405860903], [-0.07712070159120082, 0.9938788073284645, 0.0791031840663127], [-0.02077158971515749, -0.08092389546098258, 0.9965038204663964]], "trans": [-51.74776883822767, 27.076603063488164, 62.77748053393066]}], "rb_4XMM.renamed.noAb_Nup120_2-711_3F7F_updated_1.pdb_43": [{"rot": [[0.6518972801375569, 0.7523925745370744, 0.09452697990905733], [-0.7582408991722059, 0.6451065328070045, 0.09438379178783067], [0.01003369183196777, -0.13320275939783305, 0.9910380163833388]], "trans": [-332.0722962303231, 197.9087290852389, 84.33114048076291]}], "rb_4XMM.renamed.noAb_Nup120_2-711_3F7F_updated_1.pdb_44": [{"rot": [[-0.0721962508284485, 0.9855628491530184, 0.15314558999755423], [-0.9950077560169739, -0.08177676404999223, 0.057202502808675344], [0.0689004124253285, -0.1482512436065719, 0.986546654718733]], "trans": [-409.9451585669131, 517.5081776428119, 89.02432586153958]}], "rb_4XMM.renamed.noAb_Nup120_2-711_3F7F_updated_1.pdb_45": [{"rot": [[-0.7512910263579295, 0.6381243641650324, 0.1684015723591078], [-0.648719908973158, -0.7609525988892111, -0.010659359530989523], [0.12134361712057358, -0.1172537338540925, 0.9856608384639044]], "trans": [-239.74542174459998, 798.6492022141359, 74.13170740747461]}], "rb_4XMM.renamed.noAb_Nup120_2-711_3F7F_updated_1.pdb_46": [{"rot": [[-0.9875637517093814, -0.08638851703828274, 0.1313577574169688], [0.07776233850233083, -0.9945501912825667, -0.0694473594203292], [0.13664133715804233, -0.058369008418284844, 0.988899491270941]], "trans": [78.82342192907902, 876.6355433120617, 48.401595896065714]}], "rb_4XMM.renamed.noAb_Nup120_2-711_3F7F_updated_1.pdb_47": [{"rot": [[-0.6426025329264964, -0.7635459330164, 0.06371493428203283], [0.7588554424386617, -0.6457247778799788, -0.08472265761337014], [0.10583195244193293, -0.00609256973407369, 0.994365364660476]], "trans": [359.1411653486511, 705.781819509195, 26.931058346455245]}], "rb_4XMM.renamed.noAb_Nup120_2-711_3F7F_updated_1.pdb_48": [{"rot": [[0.0815094840745268, -0.9966595215697733, 0.005099222510551629], [0.9955654591371668, 0.08117679570898756, -0.047536769046924436], [0.046964034951266866, 0.008951307319544667, 0.9988564729321048]], "trans": [436.9956352780125, 386.17666804193993, 22.321843290970833]}], "rb_4XMM.renamed.noAb_Nup120_2-711_3F7F_updated_1.pdb_49": [{"rot": [[0.7605772697550486, -0.649168055622238, -0.010151467460205187], [0.6492243232046265, 0.7603253383637283, 0.020326288435755253], [-0.005476759210287143, -0.022050292554105882, 0.9997418615356803]], "trans": [266.7804988237816, 105.04940986763017, 37.29809880023453]}]}
