{"rb_ScNup133N_56-480_renamed_1.pdb_0": [{"rot": [[-0.6666302133867923, -0.11027698550417865, 0.7371859636943661], [0.11413170211876876, -0.9924344929766205, -0.045251869814530984], [0.7365990179000734, 0.05397002518389073, 0.6741729178855361]], "trans": [821.3731151584847, 342.121466194243, -337.1887099660549]}], "rb_ScNup133N_56-480_renamed_1.pdb_1": [{"rot": [[-0.3775786644423542, -0.7767690945872436, 0.5040477416396605], [0.592946890556562, -0.6209224055313165, -0.5127078615434992], [0.7112301576404312, 0.10528599148660417, 0.6950298719187905]], "trans": [501.1162149988631, -217.70488838131823, -308.89719411810813]}], "rb_ScNup133N_56-480_renamed_1.pdb_2": [{"rot": [[0.1644003564417938, -0.9863467162608339, 0.00962694776555384], [0.7263427120910027, 0.11444906597323845, -0.6777371731653352], [0.6673820400595879, 0.11841269619142569, 0.7352412161913797]], "trans": [-120.03984577029124, -386.22294504340084, -258.5260516378335]}], "rb_ScNup133N_56-480_renamed_1.pdb_3": [{"rot": [[0.6418078969275233, -0.6162363247040951, -0.4564377455433085], [0.43617401358613217, 0.7828889447919277, -0.44366330701867374], [0.6307415106948594, 0.08566033059573461, 0.7712505782484674]], "trans": [-678.211175110687, -64.71233329957863, -215.55940312209856]}], "rb_ScNup133N_56-480_renamed_1.pdb_4": [{"rot": [[0.7749718883519733, 0.11674619415251448, -0.6211190694344194], [-0.10757428999524772, 0.9928157249104718, 0.052389965666258136], [0.6227731082795677, 0.026215692273841552, 0.781963166065006]], "trans": [-846.4112247397131, 558.4816139861714, -205.14371219997804]}], "rb_ScNup133N_56-480_renamed_1.pdb_5": [{"rot": [[0.48588298692642173, 0.7832093457092768, -0.38794438236569956], [-0.586366775564084, 0.6212513385678283, 0.5198276433994825], [0.6481448353030645, -0.02509771147588813, 0.7611033946505793]], "trans": [-526.1041206247223, 1118.2832122543791, -233.35663257370584]}], "rb_ScNup133N_56-480_renamed_1.pdb_6": [{"rot": [[-0.05610645274053272, 0.9927296186538039, 0.10648929621490749], [-0.7197200541001061, -0.11413655765863462, 0.6848181436936207], [0.6919935763336345, -0.038219765217870016, 0.720891212222535]], "trans": [95.07163265281915, 1286.7529088321728, -283.64663278498796]}], "rb_ScNup133N_56-480_renamed_1.pdb_7": [{"rot": [[-0.5334913748408893, 0.6225670828593431, 0.572535745880014], [-0.42951389475568463, -0.7825473651901187, 0.4507077051103122], [0.728632120608321, -0.0054633848490931725, 0.684883482238994]], "trans": [653.2244335840704, 965.1988968367389, -326.52911671986624]}], "rb_ScNup133C_490_881_renamed_relative_3CQC_1.pdb_7": [{"rot": [[0.794254493494787, 0.3503273153061922, -0.49641773912068676], [-0.29084187557186936, 0.9365629777579279, 0.19560366077105895], [0.533451781304717, -0.01098002019843608, 0.8457592069728033]], "trans": [179.85294325007567, 120.99404782123277, -248.54373507006437]}], "rb_ScNup133C_490_881_renamed_relative_3CQC_1.pdb_8": [{"rot": [[0.36858569131761454, 0.9084118907538858, -0.19731301247729421], [-0.7346897720121974, 0.4147130469178283, 0.5368836257670698], [0.5695397501988602, -0.052923770208479826, 0.8202582200077843]], "trans": [-107.82450762222317, 83.16208250021617, -225.38875225564374]}], "rb_ScNup133C_490_881_renamed_relative_3CQC_1.pdb_9": [{"rot": [[-0.24538355607238482, 0.9353335133296882, 0.2548296082711182], [-0.7464599072792782, -0.3500207417561588, 0.5659355857030713], [0.6185341682024371, -0.05134879923434621, 0.7840783019465012]], "trans": [-337.98453330006316, 260.48949531139755, -207.86511635325166]}], "rb_ScNup133C_490_881_renamed_relative_3CQC_1.pdb_10": [{"rot": [[-0.6879814065877625, 0.41532111693381546, 0.5951386006791781], [-0.3192571701747483, -0.9096465521123922, 0.2657404928159185], [0.6517334144276585, -0.00717774747977315, 0.7584141589260982]], "trans": [-375.7942321457392, 549.0955043086458, -206.21441545658882]}], "rb_ScNup133C_490_881_renamed_relative_3CQC_1.pdb_11": [{"rot": [[-0.6999277987669168, -0.3469947044502402, 0.6242561586374511], [0.2966570523469652, -0.9363276937202636, -0.18784313473028447], [0.6496889023264181, 0.05371336012558044, 0.7583002077923435]], "trans": [-199.10223611943746, 779.9107568718251, -221.37964852461653]}], "rb_ScNup133C_490_881_renamed_relative_3CQC_1.pdb_12": [{"rot": [[-0.2742243676271707, -0.9050385940026181, 0.3251248061364136], [0.7404715243421053, -0.41443397762178635, -0.5290996123898237], [0.6135983359152429, 0.09565365418188126, 0.7838032027261026]], "trans": [88.58470548875493, 817.7205403495436, -244.45280329511144]}], "rb_ScNup133C_490_881_renamed_relative_3CQC_1.pdb_13": [{"rot": [[0.3397458144514342, -0.9319005728046922, -0.12702009277675605], [0.7521934703318635, 0.3503018985911552, -0.558116083833406], [0.5646040778747857, 0.09407391907280221, 0.8199831297029496]], "trans": [318.7374392381456, 640.3754672577862, -261.89329547084867]}], "rb_ScNup133C_490_881_renamed_relative_3CQC_1.pdb_14": [{"rot": [[0.7823103578276838, -0.4118445149203069, -0.4673056810756489], [0.32495600907600136, 0.9098868758571652, -0.25789429095713395], [0.531407655384185, 0.04989958589950673, 0.8456452773628778]], "trans": [356.53116188405977, 351.7668987744148, -263.46023392315504]}], "rb_ScNup84_506-726_ScNup133C_882_1155_renamed_relative_3CQC_new_1.pdb_14": [{"rot": [[0.9772440941331116, 0.17614044570356652, 0.11818850988697828], [-0.19665382897606049, 0.9611772313289174, 0.1935603304500504], [-0.07950630183205461, -0.21239791280101433, 0.9739434658165557]], "trans": [-74.76054745156011, 73.25267267691393, 117.4587449469951]}], "rb_ScNup84_506-726_ScNup133C_882_1155_renamed_relative_3CQC_new_1.pdb_15": [{"rot": [[0.552598727894543, 0.79829445993816, 0.23950073311239806], [-0.832359745062116, 0.5432769009716141, 0.10966979379396172], [-0.04256642725745319, -0.2599541576946254, 0.9646822975300291]], "trans": [-314.7523763270341, 249.9279901697397, 135.7692091947793]}], "rb_ScNup84_506-726_ScNup133C_882_1155_renamed_relative_3CQC_new_1.pdb_16": [{"rot": [[-0.1958860384057517, 0.9438100382174086, 0.2661790219340272], [-0.9804648669887102, -0.19343124429064829, -0.03567910218858998], [0.017813044616590695, -0.2679682173173277, 0.9632630637314307]], "trans": [-359.9764192163569, 545.0473232774456, 137.97918882419444]}], "rb_ScNup84_506-726_ScNup133C_882_1155_renamed_relative_3CQC_new_1.pdb_17": [{"rot": [[-0.8297372750338545, 0.5274421030156748, 0.182594858596283], [-0.5542071260490251, -0.817373185378388, -0.15733892481159262], [0.0662609678157086, -0.23174534254390144, 0.9705171715911759]], "trans": [-183.93788079669486, 785.72572227812, 122.81805150880308]}], "rb_ScNup84_506-726_ScNup133C_882_1155_renamed_relative_3CQC_new_1.pdb_18": [{"rot": [[-0.9776359902705862, -0.20689513843797894, 0.03771302451911919], [0.196705682880324, -0.9630349356210378, -0.1840396345789923], [0.07439586581414023, -0.17250540415915422, 0.9821950624421054]], "trans": [110.23929432158548, 830.9705042669215, 99.19141016118402]}], "rb_ScNup84_506-726_ScNup133C_882_1155_renamed_relative_3CQC_new_1.pdb_19": [{"rot": [[-0.5529410313583853, -0.8290165759448981, -0.08359265906120134], [0.8323782484579189, -0.5450857878957756, -0.10013957922903856], [0.03745220066234252, -0.12495199335200206, 0.9914556631654836]], "trans": [350.2238823952909, 654.2767547985634, 80.96408931960207]}], "rb_ScNup84_506-726_ScNup133C_882_1155_renamed_relative_3CQC_new_1.pdb_20": [{"rot": [[0.19555530657306036, -0.9744746995012604, -0.11025961229318827], [0.9804246187852296, 0.1916337539769572, 0.04521140582348521], [-0.02292790768808274, -0.11694256867636704, 0.9928739832830848]], "trans": [395.43144128741653, 359.1542804886576, 78.83791543946637]}], "rb_ScNup84_506-726_ScNup133C_882_1155_renamed_relative_3CQC_new_1.pdb_21": [{"rot": [[0.8293733149651458, -0.5580580893682074, -0.026665957969503183], [0.5541171426706968, 0.815542994622574, 0.1668646640859214], [-0.07137294040592873, -0.15316916404012412, 0.9856191508717055]], "trans": [219.3806589116383, 118.49010481001312, 94.08243605999866]}], "rb_4XMM.renamed.noAb_Nup145c_149-550_Sec13_Nup84_7-436_3IKO_updated_1.pdb_21": [{"rot": [[0.9995616441400312, -0.013459917556529944, 0.02636949342417469], [0.013616462511220057, 0.9998906663523512, -0.005766046317006126], [-0.02628899984321796, 0.006122577955464357, 0.999635634882241]], "trans": [-2.3440637868480962, -4.070407610841698, 10.855162355612265]}], "rb_4XMM.renamed.noAb_Nup145c_149-550_Sec13_Nup84_7-436_3IKO_updated_1.pdb_22": [{"rot": [[0.7177110085194933, 0.695491301214079, 0.03439125158347107], [-0.696340988118561, 0.7168612494384423, 0.03491671977176222], [-0.00036948071168860924, -0.049008152271852304, 0.9987983102182849]], "trans": [-320.03270687073234, 138.07605387139688, 35.52654298658831]}], "rb_4XMM.renamed.noAb_Nup145c_149-550_Sec13_Nup84_7-436_3IKO_updated_1.pdb_23": [{"rot": [[0.017895002496564172, 0.9974739221563229, 0.06874258871855242], [-0.9982206925445671, 0.013912485234555017, 0.05798182241393573], [0.05687897556646795, -0.06965785937479253, 0.9959480733280369]], "trans": [-444.5560230267555, 463.9043315641345, 43.907752203105474]}], "rb_4XMM.renamed.noAb_Nup145c_149-550_Sec13_Nup84_7-436_3IKO_updated_1.pdb_24": [{"rot": [[-0.6899242901948391, 0.7155822679672801, 0.10930000718183448], [-0.7151772634102114, -0.6971583286110976, 0.049917399263781886], [0.11191941610027407, -0.043729653771583776, 0.9927546331701449]], "trans": [-302.96458453269753, 782.5397430114292, 31.112964372264685]}], "rb_4XMM.renamed.noAb_Nup145c_149-550_Sec13_Nup84_7-436_3IKO_updated_1.pdb_25": [{"rot": [[-0.9910963476440656, 0.014952444343215974, 0.1323043993779263], [-0.01302153241475046, -0.9997958832492573, 0.015447703111027252], [0.1325083747548146, 0.01358735610771524, 0.9910887520166078]], "trans": [21.797260841603304, 907.3212882233338, 4.661551513067252]}], "rb_4XMM.renamed.noAb_Nup145c_149-550_Sec13_Nup84_7-436_3IKO_updated_1.pdb_26": [{"rot": [[-0.7091903320713489, -0.6939767191563793, 0.12427946799642724], [0.6969137728288675, -0.7167108319833702, -0.02523443201532874], [0.10658454924594267, 0.06871605770597183, 0.991926326536092]], "trans": [339.48135827312564, 765.1502953901067, -19.926870855460947]}], "rb_4XMM.renamed.noAb_Nup145c_149-550_Sec13_Nup84_7-436_3IKO_updated_1.pdb_27": [{"rot": [[-0.009350762274005664, -0.9959045226522378, 0.08992633099215208], [0.9987385404211275, -0.01373838934421534, -0.04829683774016154], [0.049334482082695204, 0.08936128031223482, 0.9947766937652829]], "trans": [463.98579747997366, 439.31265351963077, -28.224053311894295]}], "rb_4XMM.renamed.noAb_Nup145c_149-550_Sec13_Nup84_7-436_3IKO_updated_1.pdb_28": [{"rot": [[0.6984464740227461, -0.7139574016744566, 0.049369540401436825], [0.7156395657772606, 0.6973102758587488, -0.040229231609943295], [-0.0057039301647505355, 0.06342876142611656, 0.9979700683911426]], "trans": [322.3760358014471, 120.68876432556078, -15.345384481794724]}], "rb_4XMM.renamed.noAb_Seh1_Nup85_47_544_3F3F_1.pdb_28": [{"rot": [[0.6351523183298016, -0.7389747189533509, 0.22471737197665564], [0.2657811041708895, 0.4822754460721881, 0.8347279789138347], [-0.7252185444305609, -0.4704537797315358, 0.5027238844040838]], "trans": [497.0890399978996, -87.49945599578916, 742.0791444691486]}], "rb_4XMM.renamed.noAb_Seh1_Nup85_47_544_3F3F_1.pdb_29": [{"rot": [[0.6233222367914394, -0.1931914430682459, 0.757724524775677], [-0.3014706163947098, 0.8347218605689831, 0.4608197944303703], [-0.7215156661999174, -0.5156709045636216, 0.46205915380460294]], "trans": [-10.324630143352351, -230.78115924446035, 783.2615273431394]}], "rb_4XMM.renamed.noAb_Seh1_Nup85_47_544_3F3F_1.pdb_30": [{"rot": [[0.21510200854732053, 0.4413144292901094, 0.8711903927496292], [-0.6940235202255349, 0.6966838460620846, -0.181557076452276], [-0.6870680310512667, -0.5655733313519001, 0.4561406883526715]], "trans": [-470.2494842341353, 27.883278446982686, 818.7030997486725]}], "rb_4XMM.renamed.noAb_Seh1_Nup85_47_544_3F3F_1.pdb_31": [{"rot": [[-0.35036720079193134, 0.7928404115613903, 0.4986450705706326], [-0.6819145812615448, 0.1490260177856383, -0.7160892052571705], [-0.642055549366344, -0.5909275148595802, 0.48843560856039375]], "trans": [-613.2531444683626, 536.9646991055009, 827.6656937456022]}], "rb_4XMM.renamed.noAb_Seh1_Nup85_47_544_3F3F_1.pdb_32": [{"rot": [[-0.7418255552795313, 0.6554576268147305, -0.14166913913981374], [-0.2722373866838842, -0.4874259464806351, -0.82964013402739], [-0.6128471675921688, -0.5768806168938752, 0.5400250948117112]], "trans": [-355.5601369899506, 998.2361452564822, 804.9229002991381]}], "rb_4XMM.renamed.noAb_Seh1_Nup85_47_544_3F3F_1.pdb_33": [{"rot": [[-0.7299512312938445, 0.10964684745198842, -0.6746471439029734], [0.2950133864754097, -0.839829512096856, -0.45569012762124445], [-0.6165535676102357, -0.5316615083443561, 0.5806872986488454]], "trans": [151.87125428810492, 1141.4784166124705, 763.821773384793]}], "rb_4XMM.renamed.noAb_Seh1_Nup85_47_544_3F3F_1.pdb_34": [{"rot": [[-0.3217003752536554, -0.5248482760441525, -0.7880629135387206], [0.6875342370637211, -0.7017417014347679, 0.1866956275134556], [-0.651003488029721, -0.48176018058876235, 0.5866017277269295]], "trans": [611.7824789117662, 882.7782876922817, 728.4639375760662]}], "rb_4XMM.renamed.noAb_Seh1_Nup85_47_544_3F3F_1.pdb_35": [{"rot": [[0.24376790503562357, -0.876331553948412, -0.41547589103208266], [0.6753809162624238, -0.15405630101835174, 0.7211984983796558], [-0.6960156797250121, -0.4564095350350415, 0.5543036260985715]], "trans": [754.7529700874892, 373.6860584843595, 719.5865165363814]}], "rb_4XMM.renamed.noAb_Nup120_715-1036_Nup85_553-744_Nup145c_92-99_554-712_remaining_updated_1.pdb_35": [{"rot": [[0.9930334098643548, -0.0769545733829037, 0.08923362891101455], [0.07050040802685602, 0.9948107064712511, 0.07335769051856872], [-0.09441577919617133, -0.06655563030748474, 0.993305596839741]], "trans": [17.321945077666783, -57.64754840927128, 88.51831197394807]}], "rb_4XMM.renamed.noAb_Nup120_715-1036_Nup85_553-744_Nup145c_92-99_554-712_remaining_updated_1.pdb_36": [{"rot": [[0.7518386620567855, 0.6454591759023288, 0.13461455523140928], [-0.655441539695066, 0.7538317492844789, 0.0461961233532063], [-0.07165901393980248, -0.12296400292032619, 0.9898206098616992]], "trans": [-342.3266522182207, 90.80510404434119, 116.50347817633903]}], "rb_4XMM.renamed.noAb_Nup120_715-1036_Nup85_553-744_Nup145c_92-99_554-712_remaining_updated_1.pdb_37": [{"rot": [[0.06951389381758183, 0.9866058313269942, 0.14756948247482965], [-0.9974588534302878, 0.07105536180708588, -0.005193387333935998], [-0.015609429196934435, -0.14683347421495968, 0.989038056178887]], "trans": [-492.0858334647556, 450.8552205546366, 126.7296366964174]}], "rb_4XMM.renamed.noAb_Nup120_715-1036_Nup85_553-744_Nup145c_92-99_554-712_remaining_updated_1.pdb_38": [{"rot": [[-0.6542254248394983, 0.7466368719754823, 0.12050923159760593], [-0.755192968348593, -0.6535384210296077, -0.05070614159022951], [0.0408983379909158, -0.12418097134744371, 0.9914163667727027]], "trans": [-344.22264534399824, 811.5804829584212, 113.23016458547266]}], "rb_4XMM.renamed.noAb_Nup120_715-1036_Nup85_553-744_Nup145c_92-99_554-712_remaining_updated_1.pdb_39": [{"rot": [[-0.9954025963207445, 0.0661294977982357, 0.06928607911315307], [-0.07056665587981821, -0.9954723444675287, -0.06368012624250251], [0.06476124084558824, -0.06827664989785952, 0.9955622937631099]], "trans": [14.644485011222514, 961.6630631085371, 83.93724784983942]}], "rb_4XMM.renamed.noAb_Nup120_715-1036_Nup85_553-744_Nup145c_92-99_554-712_remaining_updated_1.pdb_40": [{"rot": [[-0.754151222974325, -0.6562654762577386, 0.02390726999331364], [0.6553563369008225, -0.7544366948884228, -0.03651499814826989], [0.042000054407885505, -0.011870049622305975, 0.9990470946615572]], "trans": [374.28804595154435, 813.1825861838456, 56.03509504456417]}], "rb_4XMM.renamed.noAb_Nup120_715-1036_Nup85_553-744_Nup145c_92-99_554-712_remaining_updated_1.pdb_41": [{"rot": [[-0.0717997609509366, -0.9973588886213167, 0.010956350461698128], [0.9973200853082316, -0.07163355441838942, 0.014875527626560728], [-0.01405139737425731, 0.011995047704733778, 0.9998293239660412]], "trans": [524.0256818431815, 453.1211259367358, 45.89318560451852]}], "rb_4XMM.renamed.noAb_Nup120_715-1036_Nup85_553-744_Nup145c_92-99_554-712_remaining_updated_1.pdb_42": [{"rot": [[0.6519206821405055, -0.7573334089128007, 0.03802015178789229], [0.7549974038364967, 0.6529413697309456, 0.06038615647668019], [-0.07055738372139087, -0.010661868428792437, 0.9974507407205626]], "trans": [376.1408876194103, 92.40787944173303, 59.47679798179047]}], "rb_4XMM.renamed.noAb_Nup120_2-711_3F7F_updated_1.pdb_42": [{"rot": [[0.9770111359540709, 0.1764512528050111, 0.1196419475154032], [-0.20417766933134626, 0.935905275236436, 0.287041451938619], [-0.061324706017687955, -0.30487090902241426, 0.9504172816524808]], "trans": [-124.45578321769301, 76.68398601677006, 234.5055369329857]}], "rb_4XMM.renamed.noAb_Nup120_2-711_3F7F_updated_1.pdb_43": [{"rot": [[0.5474887767717855, 0.7788702367041446, 0.3059692691846093], [-0.8364684264969308, 0.5198616937795508, 0.17339086139241983], [-0.024012721267752807, -0.35086318375840814, 0.9361188041590827]], "trans": [-345.2504769133013, 294.1194745238072, 251.08755315840747]}], "rb_4XMM.renamed.noAb_Nup120_2-711_3F7F_updated_1.pdb_44": [{"rot": [[-0.20203848683373882, 0.9117347296097554, 0.35765938078199266], [-0.9787001283019537, -0.20153492434221598, -0.03911180297705258], [0.036421267134349705, -0.35794337135055676, 0.9330327080046685]], "trans": [-348.1635352691679, 604.4313130473572, 249.85116661647635]}], "rb_4XMM.renamed.noAb_Nup120_2-711_3F7F_updated_1.pdb_45": [{"rot": [[-0.8324870155079689, 0.49721083818838796, 0.24443148610323268], [-0.5475514383620381, -0.8056802685408176, -0.22597948409459348], [0.08457417666343132, -0.3219637980767343, 0.9429668718304509]], "trans": [-131.4865342870402, 825.8345679785807, 231.54467487769227]}], "rb_4XMM.renamed.noAb_Nup120_2-711_3F7F_updated_1.pdb_46": [{"rot": [[-0.9745311718292868, -0.22186749717845264, 0.0326160823644618], [0.20440466155948603, -0.9386574777353602, -0.27774245952724386], [0.0922373539613318, -0.2640018052727292, 0.9601017223955756]], "trans": [177.8499970513019, 828.6282075880516, 206.9162838253551]}], "rb_4XMM.renamed.noAb_Nup120_2-711_3F7F_updated_1.pdb_47": [{"rot": [[-0.5449594862020605, -0.8242540486283418, -0.15370238032695513], [0.8366616855475806, -0.5225666278010312, -0.16407724840860352], [0.05492160171614114, -0.21801234558722613, 0.9743994226375999]], "trans": [398.63427038202923, 611.175795197403, 190.41765709942416]}], "rb_4XMM.renamed.noAb_Nup120_2-711_3F7F_updated_1.pdb_48": [{"rot": [[0.20457889097251342, -0.9570622806715595, -0.20537591943606226], [0.9788345541259816, 0.19884039448965501, 0.04842946590855125], [-0.005512986254801372, -0.21093669295537426, 0.9774841781571726]], "trans": [401.52965866901184, 300.8641368592715, 191.73792776777333]}], "rb_4XMM.renamed.noAb_Nup120_2-711_3F7F_updated_1.pdb_49": [{"rot": [[0.8349938098544518, -0.5424912583811171, -0.0921334471558432], [0.5476363962440153, 0.802953183639801, 0.23528825383255936], [-0.053662976190427196, -0.2469198644556146, 0.9675488956758751]], "trans": [184.84191596802407, 79.47829421769563, 210.12766755825373]}]}
