{"rb_ScNup133N_56-480_renamed_1.pdb_0": [{"rot": [[-0.6222072547389594, -0.24124999279627313, 0.7447526925939958], [0.2884800571359928, -0.9550426530114291, -0.06835779080475266], [0.7277619039115903, 0.17231358595505505, 0.6638302789947803]], "trans": [819.0697608352832, 234.2505397719845, -351.62525432349133]}], "rb_ScNup133N_56-480_renamed_1.pdb_1": [{"rot": [[-0.22334627869572793, -0.8409209672784969, 0.49291821490402277], [0.6844118766999548, -0.49536110621205, -0.5349745390992182], [0.694043819095608, 0.21787450801728128, 0.6861733570544776]], "trans": [423.1499880320006, -293.18861482140824, -317.4605180398157]}], "rb_ScNup133N_56-480_renamed_1.pdb_2": [{"rot": [[0.3378842865747055, -0.9410814945986233, -0.01413610306712415], [0.6813302530679987, 0.25493036684230763, -0.6861483763122552], [0.6493252614369782, 0.22220739993453975, 0.7273242579992312]], "trans": [-228.69791413198743, -385.1429338715144, -265.0155644926129]}], "rb_ScNup133N_56-480_renamed_1.pdb_3": [{"rot": [[0.7327076625859497, -0.48305612558908717, -0.47937069238606383], [0.2810404448146171, 0.8563004421266303, -0.4333195370533618], [0.6198029925437891, 0.18277399252792415, 0.7631762038279011]], "trans": [-754.6103401743318, 12.255836072296518, -224.98938204249197]}], "rb_ScNup133N_56-480_renamed_1.pdb_4": [{"rot": [[0.7298307486610166, 0.2648374204266218, -0.6302445708220521], [-0.281962134299062, 0.9564580502213008, 0.07540127975296834], [0.6227715737976627, 0.12267493186727452, 0.7727266191616166]], "trans": [-846.4984622149565, 666.2060090494629, -220.80586783672078]}], "rb_ScNup133N_56-480_renamed_1.pdb_5": [{"rot": [[0.33093888154161855, 0.8644725588935027, -0.3783736930656011], [-0.6778626350918802, 0.496729452082187, 0.5419982466580702], [0.6564919684430836, 0.07711709508435466, 0.7503807360370305]], "trans": [-450.53100940067947, 1193.6144698277012, -254.89177858340298]}], "rb_ScNup133N_56-480_renamed_1.pdb_6": [{"rot": [[-0.23029145863837486, 0.9645745708422044, 0.12869242931418362], [-0.6747369620023436, -0.2535698573275841, 0.693132281431702], [0.7012102938392, 0.07278890533209764, 0.7092290878654774]], "trans": [201.33061460807556, 1285.518022419002, -307.2551022546045]}], "rb_ScNup133N_56-480_renamed_1.pdb_7": [{"rot": [[-0.6250836252537268, 0.5065022862348093, 0.5939073121948988], [-0.27441617839829324, -0.8549039633355064, 0.4402669355135797], [0.7307299244405787, 0.11222587719485105, 0.6733788903840926]], "trans": [727.2185925573447, 888.0783866704697, -347.19666061968496]}], "rb_ScNup133C_490_881_renamed_relative_3CQC_1.pdb_7": [{"rot": [[0.7542831156311355, 0.3583976847149979, -0.5500982467384521], [-0.2575090065100626, 0.9322219284967955, 0.2542663713429655], [0.6039421272274277, -0.05013357777624915, 0.795449892412693]], "trans": [217.33488687643546, 83.09356883730112, -263.69647649628064]}], "rb_ScNup133C_490_881_renamed_relative_3CQC_1.pdb_8": [{"rot": [[0.36514115420699156, 0.910298892675436, -0.19500734216501606], [-0.678889537867574, 0.40370057524564973, 0.6132983294615155], [0.6370093663976537, -0.09155201548960573, 0.7654000885690131]], "trans": [-108.27098276812148, 29.073954161754813, -237.43960329351881]}], "rb_ScNup133C_490_881_renamed_relative_3CQC_1.pdb_9": [{"rot": [[-0.20715313805505187, 0.928143967410239, 0.30925127833838995], [-0.7006897930731302, -0.36136250342306986, 0.6151836758261295], [0.6827308336944226, -0.08925198529890288, 0.7251983810262719]], "trans": [-376.6708621032405, 221.86432927403945, -216.943248885319]}], "rb_ScNup133C_490_881_renamed_relative_3CQC_1.pdb_10": [{"rot": [[-0.6273416953983681, 0.40147901252420526, 0.6672758048343218], [-0.3101388752437171, -0.9147825686358179, 0.25881794795303303], [0.7143222489025979, -0.04458087732028028, 0.6983954969070827]], "trans": [-430.6304040368468, 548.5254908842688, -214.1904617814148]}], "rb_ScNup133C_490_881_renamed_relative_3CQC_1.pdb_11": [{"rot": [[-0.6492721362725846, -0.3611682154345622, 0.6693304215556392], [0.2639729811882528, -0.9323583429680475, -0.24703478601295095], [0.7132769155542763, 0.016292343529762582, 0.7006929436491333]], "trans": [-238.53743473542872, 817.6948413939713, -230.76985858038523]}], "rb_ScNup133C_490_881_renamed_relative_3CQC_1.pdb_12": [{"rot": [[-0.260097299194369, -0.9130282170019035, 0.3142115050568985], [0.6853229557477563, -0.4037936899975207, -0.6060388619910002], [0.6802072046641048, 0.05770728616485665, 0.7307448445569311]], "trans": [87.07918921263973, 871.6892967819005, -256.944989966712]}], "rb_ScNup133C_490_881_renamed_relative_3CQC_1.pdb_13": [{"rot": [[0.31219870891065726, -0.9308136220336483, -0.19004727620021516], [0.7070782923031951, 0.36127076380402134, -0.6078846303157024], [0.6344858191544691, 0.05540249323867258, 0.7709463723468855]], "trans": [355.4705716434463, 678.8782605551661, -277.35809000374553]}], "rb_ScNup133C_490_881_renamed_relative_3CQC_1.pdb_14": [{"rot": [[0.7323568171208557, -0.40410548948798924, -0.5480440181064691], [0.31649440795014744, 0.9146494739908368, -0.2514908138771133], [0.6028969913284498, 0.01072814494494935, 0.797746905198099]], "trans": [409.4111697497958, 352.21327316617953, -280.0268719638947]}], "rb_ScNup84_506-726_ScNup133C_882_1155_renamed_relative_3CQC_new_1.pdb_14": [{"rot": [[0.981089164144586, 0.18739897805878047, 0.048432169274157666], [-0.19330798028973062, 0.9613318234788588, 0.19614573643879116], [-0.0098018750441464, -0.2017987814366958, 0.9793779531193676]], "trans": [-59.15463876769752, 68.6938741971318, 71.97890994706557]}], "rb_ScNup84_506-726_ScNup133C_882_1155_renamed_relative_3CQC_new_1.pdb_15": [{"rot": [[0.5590614361797184, 0.8065946268677306, 0.19197765100337816], [-0.8286888471884639, 0.5360621067817848, 0.16097270643847386], [0.02692777603374051, -0.24908337074316836, 0.9681076227863801]], "trans": [-307.80168919206335, 233.08638384485232, 91.03901060592432]}], "rb_ScNup84_506-726_ScNup133C_882_1155_renamed_relative_3CQC_new_1.pdb_16": [{"rot": [[-0.18734257595591547, 0.9448229248968533, 0.2687236495427131], [-0.9784210525389904, -0.20375633409764166, 0.03428702762827389], [0.08714931544592766, -0.25650145594994794, 0.9626068771377341]], "trans": [-367.80621508713506, 525.6636116011534, 94.4394547951324]}], "rb_ScNup84_506-726_ScNup133C_882_1155_renamed_relative_3CQC_new_1.pdb_17": [{"rot": [[-0.8208688776566901, 0.5211077861416858, 0.2337112768292406], [-0.5547893592228762, -0.8247274250522358, -0.1096970430767224], [0.1355841162810501, -0.21970741814790168, 0.9660981305349198]], "trans": [-204.01480578050078, 775.0298089026622, 80.21221926357555]}], "rb_ScNup84_506-726_ScNup133C_882_1155_renamed_relative_3CQC_new_1.pdb_18": [{"rot": [[-0.9703888286654381, -0.21633248673153757, 0.10745127447296826], [0.19403681360842276, -0.9630775453084144, -0.1866316068821312], [0.14385838927920136, -0.16025572347740125, 0.9765361575111929]], "trans": [87.62313503640576, 835.1028581019523, 56.71582409084692]}], "rb_ScNup84_506-726_ScNup133C_882_1155_renamed_relative_3CQC_new_1.pdb_19": [{"rot": [[-0.5483115334499258, -0.8354949839658355, -0.03609146787976642], [0.8293845354612951, -0.5377592436834125, -0.15144731153339452], [0.10712494865081515, -0.11297401294532067, 0.9878062146876723]], "trans": [336.26390287733915, 670.6912367432651, 37.738793769489746]}], "rb_ScNup84_506-726_ScNup133C_882_1155_renamed_relative_3CQC_new_1.pdb_20": [{"rot": [[0.19810417716273737, -0.9736655844901454, -0.11282758780606435], [0.9790581524714501, 0.20207002174279104, -0.024755613344366677], [0.04690276185751298, -0.10556057925347118, 0.9933061436625699]], "trans": [396.2521434455175, 378.1097076175604, 34.42214513906896]}], "rb_ScNup84_506-726_ScNup133C_882_1155_renamed_relative_3CQC_new_1.pdb_21": [{"rot": [[0.8315974554341335, -0.549902002311859, -0.07780398427380923], [0.5553767493963391, 0.8230078356908835, 0.1192257045328754], [-0.0015291649443549965, -0.14235831638795332, 0.9898140084933921]], "trans": [232.4478129211742, 128.75677268141646, 48.73282263321741]}], "rb_4XMM.renamed.noAb_Nup145c_149-550_Sec13_Nup84_7-436_3IKO_updated_1.pdb_21": [{"rot": [[0.9985456968485016, -0.029285959743794974, 0.04526393561349771], [0.030067440674551752, 0.9994086629702663, -0.016681528445107764], [-0.044748634801749614, 0.018018239144473827, 0.9988357736592688]], "trans": [-1.8389895295929364, -12.035215337361024, 16.39449937385632]}], "rb_4XMM.renamed.noAb_Nup145c_149-550_Sec13_Nup84_7-436_3IKO_updated_1.pdb_22": [{"rot": [[0.7282236012211118, 0.6841669130176001, 0.0400752012661188], [-0.6850557602945594, 0.7283592280445998, 0.013836192016417129], [-0.019722877878131415, -0.03752958904970063, 0.9991008647949227]], "trans": [-325.18023823038266, 132.4072425714793, 41.505256566849084]}], "rb_4XMM.renamed.noAb_Nup145c_149-550_Sec13_Nup84_7-436_3IKO_updated_1.pdb_23": [{"rot": [[0.03292119233616947, 0.9977784632554221, 0.05791660693454377], [-0.9987645447050999, 0.030684879478488247, 0.039087368949601776], [0.03722337081964196, -0.059131856346948584, 0.9975559353889809]], "trans": [-452.0835842848959, 463.8680790642557, 50.048763845224755]}], "rb_4XMM.renamed.noAb_Nup145c_149-550_Sec13_Nup84_7-436_3IKO_updated_1.pdb_24": [{"rot": [[-0.6800435749175608, 0.7278306229174962, 0.08833640561438934], [-0.7272838833555151, -0.6849069121297258, 0.04427950686539185], [0.09273019586230823, -0.0341336499725733, 0.9951060268709484]], "trans": [-308.2053448979559, 788.1729793208851, 37.04411908304519]}], "rb_4XMM.renamed.noAb_Nup145c_149-550_Sec13_Nup84_7-436_3IKO_updated_1.pdb_25": [{"rot": [[-0.9930058870796259, 0.03246264313832885, 0.11351425031984061], [-0.02965097554171711, -0.9992123854116889, 0.026370978163572933], [0.11428091649364042, 0.022820728304606273, 0.9931863301943988]], "trans": [22.17049195365655, 915.3396768671195, 10.133631448672645]}], "rb_4XMM.renamed.noAb_Nup145c_149-550_Sec13_Nup84_7-436_3IKO_updated_1.pdb_26": [{"rot": [[-0.7226280089168866, -0.6809691088389291, 0.11870060461483381], [0.6854509847149712, -0.728106962411654, -0.0041471485320747695], [0.08925081670264318, 0.07836660063308465, 0.9929214307401781]], "trans": [345.5070160822308, 770.8722440251189, -14.894151062615265]}], "rb_4XMM.renamed.noAb_Nup145c_149-550_Sec13_Nup84_7-436_3IKO_updated_1.pdb_27": [{"rot": [[-0.02730111378515765, -0.9945262533182972, 0.10085722902576644], [0.9991051861585423, -0.030408022509505694, -0.029396924297654427], [0.032302881871289824, 0.09996441180603938, 0.9944665103436505]], "trans": [472.39104594752183, 439.4018567397102, -23.353595662786063]}], "rb_4XMM.renamed.noAb_Nup145c_149-550_Sec13_Nup84_7-436_3IKO_updated_1.pdb_28": [{"rot": [[0.6856424990381726, -0.7245225939080246, 0.07043702456430992], [0.7275685750591121, 0.6851625577450247, -0.034586674467851186], [-0.023201984810331776, 0.07496185950921604, 0.9969164395874801]], "trans": [328.4940411288851, 115.10865841032557, -10.265035525704263]}], "rb_4XMM.renamed.noAb_Seh1_Nup85_47_544_3F3F_1.pdb_28": [{"rot": [[0.6606589223382494, -0.7139153672503311, 0.23206601806099716], [0.24114863379525472, 0.4945866483502477, 0.8350038225615197], [-0.7108988147082146, -0.4956903223560982, 0.4989127975598165]], "trans": [469.2022150057, -82.89012734900348, 749.0573831128287]}], "rb_4XMM.renamed.noAb_Seh1_Nup85_47_544_3F3F_1.pdb_29": [{"rot": [[0.6243223905991061, -0.16724544714760786, 0.763053414254214], [-0.33603956179537636, 0.8243125800290881, 0.4556162676136123], [-0.7051942750086588, -0.5408675723448245, 0.45843571379292347]], "trans": [-26.707290312936152, -207.46633557879971, 789.2318017501395]}], "rb_4XMM.renamed.noAb_Seh1_Nup85_47_544_3F3F_1.pdb_30": [{"rot": [[0.19176296893212394, 0.45187208774408694, 0.8712282020596762], [-0.7182319901182996, 0.6695863376769662, -0.18920080540804618], [-0.6688570640406235, -0.5894622572431137, 0.45295085292866943]], "trans": [-465.3091047406447, 56.25897670260595, 822.9491723168135]}], "rb_4XMM.renamed.noAb_Seh1_Nup85_47_544_3F3F_1.pdb_31": [{"rot": [[-0.38361993436233205, 0.7807494559279571, 0.49322006551643605], [-0.6815349377487074, 0.12104873570377234, -0.7217044632066384], [-0.6231740323438582, -0.6130069254524909, 0.4856713237978734]], "trans": [-589.6621877608274, 553.7919198290422, 830.4813886211542]}], "rb_4XMM.renamed.noAb_Seh1_Nup85_47_544_3F3F_1.pdb_32": [{"rot": [[-0.7647589016354344, 0.6267256579509998, -0.14952849907375107], [-0.24744605539314554, -0.499959164274409, -0.8299465547421744], [-0.5949069440170746, -0.5977087783560814, 0.5374290132067159]], "trans": [-326.9168366225263, 993.6707972977244, 807.4399770490156]}], "rb_4XMM.renamed.noAb_Seh1_Nup85_47_544_3F3F_1.pdb_33": [{"rot": [[-0.7283773517991605, 0.0800300064036684, -0.6804863198191929], [0.3297392690112568, -0.8296421782389694, -0.45051733657964654], [-0.6006150579680484, -0.5525296862268355, 0.5779035369160763]], "trans": [169.00893060725411, 1118.2084771905052, 767.3469262844462]}], "rb_4XMM.renamed.noAb_Seh1_Nup85_47_544_3F3F_1.pdb_34": [{"rot": [[-0.2957881097274527, -0.5390754776289237, -0.7886108188219372], [0.711897734115327, -0.6748673480789721, 0.1943082053293601], [-0.6369544805598919, -0.503936198259265, 0.5833843482462271]], "trans": [607.5967202712545, 854.4491474400866, 733.7133156785331]}], "rb_4XMM.renamed.noAb_Seh1_Nup85_47_544_3F3F_1.pdb_35": [{"rot": [[0.27959194706576945, -0.8679100722131591, -0.4105611400107404], [0.6751555226267422, -0.1263039516272497, 0.7267821764944089], [-0.6826370656524451, -0.4803950648729525, 0.550660710640526]], "trans": [731.9175344357329, 356.9068592159937, 726.2661934593161]}], "rb_4XMM.renamed.noAb_Nup120_715-1036_Nup85_553-744_Nup145c_92-99_554-712_remaining_updated_1.pdb_35": [{"rot": [[0.9949151867555369, -0.06149440000171052, 0.07976346238488], [0.05473558318249994, 0.9949342793685539, 0.08431960431030912], [-0.08454458644328547, -0.07952495523925239, 0.9932411562140023]], "trans": [8.868836057010185, -53.55355064082573, 90.39996395347558]}], "rb_4XMM.renamed.noAb_Nup120_715-1036_Nup85_553-744_Nup145c_92-99_554-712_remaining_updated_1.pdb_36": [{"rot": [[0.74225383827561, 0.656250269273054, 0.1356275180196408], [-0.6673464809847748, 0.7422763335536621, 0.06061781061181052], [-0.06089264226785857, -0.13550434946958684, 0.9889037654860365]], "trans": [-345.39599196528104, 99.76579683646774, 117.93233163889118]}], "rb_4XMM.renamed.noAb_Nup120_715-1036_Nup85_553-744_Nup145c_92-99_554-712_remaining_updated_1.pdb_37": [{"rot": [[0.054538789732821225, 0.9858617321275029, 0.15843662941705738], [-0.9985016639259112, 0.05455704291165786, 0.0042374763623549], [-0.004466268203444271, -0.1584303449320691, 0.9873600550219964]], "trans": [-487.91637473606994, 459.4367855818589, 127.58335773314332]}], "rb_4XMM.renamed.noAb_Nup120_715-1036_Nup85_553-744_Nup145c_92-99_554-712_remaining_updated_1.pdb_38": [{"rot": [[-0.6653567866542792, 0.7342489460998737, 0.13482889751205232], [-0.7447345901859116, -0.6653479352573748, -0.051793003672013685], [0.05167917021114931, -0.13487257022824095, 0.9895143521780339]], "trans": [-335.1999491515678, 814.7591958225355, 113.7233399719378]}], "rb_4XMM.renamed.noAb_Nup120_715-1036_Nup85_553-744_Nup145c_92-99_554-712_remaining_updated_1.pdb_39": [{"rot": [[-0.9957079117105008, 0.04881022898543481, 0.07863406452359754], [-0.05470558967740816, -0.995708114081824, -0.07465018425739366], [0.07465288350197154, -0.07863150194422837, 0.9941046393045524]], "trans": [23.29176271848695, 957.5802663887042, 84.49567708722572]}], "rb_4XMM.renamed.noAb_Nup120_715-1036_Nup85_553-744_Nup145c_92-99_554-712_remaining_updated_1.pdb_40": [{"rot": [[-0.7429902384270458, -0.6689147540442639, 0.022771855963474988], [0.6673566196928107, -0.7429938427278062, -0.0509440067206232], [0.05099654649390145, -0.022653950879868642, 0.9984418614797886]], "trans": [377.5511746667427, 804.2335171607879, 57.04635100810464]}], "rb_4XMM.renamed.noAb_Nup120_715-1036_Nup85_553-744_Nup145c_92-99_554-712_remaining_updated_1.pdb_41": [{"rot": [[-0.05524934313255586, -0.9984725880081646, -3.2858736654953376e-05], [0.9984578145985188, -0.05524870462573167, 0.005438115880154264], [-0.005431625039381757, 0.0002676442678662713, 0.9999852127986568]], "trans": [520.0500414554668, 444.55175282084394, 47.47956888840798]}], "rb_4XMM.renamed.noAb_Nup120_715-1036_Nup85_553-744_Nup145c_92-99_554-712_remaining_updated_1.pdb_42": [{"rot": [[0.6646264605628337, -0.7468036470047557, 0.023579243841021162], [0.7446342465371045, 0.6646365011177576, 0.06146674113747466], [-0.061575212576462125, -0.02329451013305828, 0.9978305762973102]], "trans": [367.31243102506676, 89.24173922726777, 61.423691486668474]}], "rb_4XMM.renamed.noAb_Nup120_2-711_3F7F_updated_1.pdb_42": [{"rot": [[0.989093103002269, 0.14158184319174746, 0.04061299387842432], [-0.14675173344031048, 0.9236778241000408, 0.35395367775752373], [0.012600092285596786, -0.3560531687041141, 0.9343807461255572]], "trans": [-90.83470851730908, 28.240533052356454, 224.38588833180094]}], "rb_4XMM.renamed.noAb_Nup120_2-711_3F7F_updated_1.pdb_43": [{"rot": [[0.5980003015031978, 0.7445177976950254, 0.2967977228979909], [-0.8001194855056112, 0.5328423117861576, 0.2754775484220413], [0.04695155286377001, -0.40220929835812014, 0.914343060343298]], "trans": [-355.7672724576182, 235.5873138526976, 244.53505244600572]}], "rb_4XMM.renamed.noAb_Nup120_2-711_3F7F_updated_1.pdb_44": [{"rot": [[-0.1392002236327572, 0.895516981228269, 0.42269685836589443], [-0.9845090156418196, -0.1711034648001567, 0.03828318760703733], [0.10660814162419527, -0.4108198396684223, 0.9054621822440989]], "trans": [-397.0134371561615, 570.0776710116464, 246.2364119292356]}], "rb_4XMM.renamed.noAb_Nup120_2-711_3F7F_updated_1.pdb_45": [{"rot": [[-0.7906460102535489, 0.5061219429892165, 0.3445569115472271], [-0.5919023372027699, -0.7757781440991892, -0.2186776036815712], [0.15662218771311384, -0.3768406161268132, 0.9129406554388517]], "trans": [-190.40870442234672, 835.7625537866343, 228.51729130823287]}], "rb_4XMM.renamed.noAb_Nup120_2-711_3F7F_updated_1.pdb_46": [{"rot": [[-0.9747109311711262, -0.19555421315165591, 0.10815336506161446], [0.14770602182777628, -0.9269547730645886, -0.3448735707597604], [0.16769475773358747, -0.3201771359910193, 0.9323974848835981]], "trans": [143.0168735208897, 877.0001284864056, 201.78180618356782]}], "rb_4XMM.renamed.noAb_Nup120_2-711_3F7F_updated_1.pdb_47": [{"rot": [[-0.5835671603965876, -0.7984597012932235, -0.1480252502696663], [0.8010430562518627, -0.5360719508579558, -0.26637733674999114], [0.1333393840443854, -0.2740236648796586, 0.9524345855483105]], "trans": [407.9398051530148, 669.6329591972105, 181.71598561279615]}], "rb_4XMM.renamed.noAb_Nup120_2-711_3F7F_updated_1.pdb_48": [{"rot": [[0.15364776602317404, -0.9494039855147735, -0.2739058894670747], [0.9853747192516745, 0.1678856538242705, -0.02917310233208606], [0.07368192896341118, -0.26541755693370883, 0.961313941340481]], "trans": [449.1664150498576, 335.13977436092614, 180.09867511553247]}], "rb_4XMM.renamed.noAb_Nup120_2-711_3F7F_updated_1.pdb_49": [{"rot": [[0.8050629494610002, -0.5599617758049142, -0.19574589917175633], [0.5927169235654735, 0.7725297503570165, 0.227781547392241], [0.023670570847216174, -0.2994003915340293, 0.9538339004381393]], "trans": [242.54748717791168, 69.47151480373338, 197.90132288633848]}]}
