{"rb_ScNup133N_56-480_renamed_1.pdb_0": [{"rot": [[-0.28685503531088385, 0.12160708484948518, 0.9502241344184029], [-0.5263308695590958, -0.848792915575196, -0.05026332876487172], [0.8004311366169853, -0.5145505838921667, 0.30748608448232695]], "trans": [487.2191532106203, 695.6110858569068, -144.52015748431546]}], "rb_ScNup133N_56-480_renamed_1.pdb_1": [{"rot": [[-0.5585976648621896, -0.522350001677413, 0.6442973882906221], [-0.12389925163356535, -0.7155232915467447, -0.6875139232762898], [0.8201326869812912, -0.46387163634104656, 0.334970865513896]], "trans": [517.2358190299764, 278.84475833577153, -144.8436683372471]}], "rb_ScNup133N_56-480_renamed_1.pdb_2": [{"rot": [[-0.4671478302194041, -0.8839226616679727, -0.021298659843048184], [0.3533092688737797, -0.164531589925335, -0.9209244900883661], [0.8105217241068734, -0.4377328912778299, 0.38915864457104576]], "trans": [244.69355432437058, -37.02394159008563, -121.54227357372554]}], "rb_ScNup133N_56-480_renamed_1.pdb_3": [{"rot": [[-0.0660781339589403, -0.7512965327252183, -0.656648460081625], [0.6257392120095979, 0.4814034814962175, -0.6137598280735949], [0.7772284855601422, -0.451446794116855, 0.43830545663441384]], "trans": [-170.74662605645676, -66.95455896024902, -88.24225389470138]}], "rb_ScNup133N_56-480_renamed_1.pdb_4": [{"rot": [[0.4096591407671054, -0.20216587121223353, -0.8895551410131671], [0.5337972758227283, 0.8438840501946614, 0.05403867273803656], [0.7397566199164366, -0.4969795472089904, 0.45362040622722866]], "trans": [-485.7120933996099, 206.58680069760732, -64.42722545723808]}], "rb_ScNup133N_56-480_renamed_1.pdb_5": [{"rot": [[0.6813703905286417, 0.4417808386143476, -0.583578684963776], [0.13134434291273991, 0.710563888050429, 0.691265234612213], [0.7200576744231443, -0.5476574217810446, 0.42613177993723017]], "trans": [-515.6897225831167, 623.3558687579191, -64.02436281071573]}], "rb_ScNup133N_56-480_renamed_1.pdb_6": [{"rot": [[0.5898833340867391, 0.8033105344895057, 0.0820355858447846], [-0.34585698403534226, 0.15954382586189841, 0.9246235527085199], [0.7296715691053677, -0.573792604350677, 0.37194280263473]], "trans": [-243.1162824074434, 939.2035655022758, -87.24566367264401]}], "rb_ScNup133N_56-480_renamed_1.pdb_7": [{"rot": [[0.18879237907255975, 0.6706340230008613, 0.7173614464116416], [-0.6182554391566218, -0.4863808145580124, 0.617409033933855], [0.762966348902345, -0.5600747364625224, 0.3227981412881129]], "trans": [172.3327759262579, 969.101973520489, -120.46375767657656]}], "rb_ScNup133C_490_881_renamed_relative_3CQC_1.pdb_7": [{"rot": [[0.8300146328790057, 0.31410539490489897, -0.4608834018473309], [-0.22643711361705887, 0.9449490945964278, 0.23621482213901812], [0.5097077032805233, -0.091700651649976, 0.855446694834614]], "trans": [160.0648680004499, 69.18300672625327, -217.57830152708834]}], "rb_ScNup133C_490_881_renamed_relative_3CQC_1.pdb_8": [{"rot": [[0.43887284992539277, 0.887049007428841, -0.14329926733194806], [-0.7157192690157085, 0.44152133137981175, 0.5411144443610981], [0.5432647140740737, -0.13491839146724194, 0.8286497921835908]], "trans": [-157.7671969410825, 62.25600719595897, -192.1701765049043]}], "rb_ScNup133C_490_881_renamed_relative_3CQC_1.pdb_9": [{"rot": [[-0.18269945931538467, 0.9374670776367181, 0.296270798279442], [-0.7840951392695102, -0.320731639159108, 0.5313436065449921], [0.5931405568158308, -0.13522830321195148, 0.7936608758598492]], "trans": [-387.47287239185755, 282.8179788527758, -174.89311167332744]}], "rb_ScNup133C_490_881_renamed_relative_3CQC_1.pdb_10": [{"rot": [[-0.6705764719205187, 0.43582398910596715, 0.600320452613762], [-0.3915091754840176, -0.8952712791117473, 0.21262620325218873], [0.6301172595782907, -0.09244883621429834, 0.7709769463895579]], "trans": [-394.4854214835242, 601.6607255715198, -175.8442503161233]}], "rb_ScNup133C_490_881_renamed_relative_3CQC_1.pdb_11": [{"rot": [[-0.7389529548400442, -0.32401066373455034, 0.5907331210618412], [0.23205622929313907, -0.945524166384927, -0.2283286167530017], [0.6325333485116953, -0.03164080543199234, 0.7738865694998184]], "trans": [-174.69488074197778, 832.0017874368011, -194.4423971041005]}], "rb_ScNup133C_490_881_renamed_relative_3CQC_1.pdb_12": [{"rot": [[-0.3477730002712944, -0.8969150275822542, 0.2731251976281697], [0.721307668671294, -0.4420514510483082, -0.5332033024485764], [0.5989734446520023, 0.011573587309457678, 0.8006852469469543]], "trans": [143.14426535902305, 838.9042393941452, -219.76849051380577]}], "rb_ScNup133C_490_881_renamed_relative_3CQC_1.pdb_13": [{"rot": [[0.27380465876199794, -0.9472736481436291, -0.16644411786808716], [0.7896347510174287, 0.3202054512886316, -0.5233979642209996], [0.549097412874864, 0.011878741419172667, 0.8356739356210814]], "trans": [372.83927684081584, 618.324644557547, -236.96214302672996]}], "rb_ScNup133C_490_881_renamed_relative_3CQC_1.pdb_14": [{"rot": [[0.7616510653531381, -0.445585735437272, -0.47046892248187394], [0.39701050808131666, 0.8947056994145905, -0.20465670745925482], [0.5121233358473766, -0.0309041066829914, 0.8583557683563858]], "trans": [379.8334906169682, 299.4817565497524, -235.9270656691154]}], "rb_ScNup84_506-726_ScNup133C_882_1155_renamed_relative_3CQC_new_1.pdb_14": [{"rot": [[0.9852999114672616, 0.1483597549716949, 0.08469632558347483], [-0.16344203106686345, 0.9629142188510289, 0.21466930291787978], [-0.04970701100792295, -0.22535658463698954, 0.9730075142656436]], "trans": [-61.062096667062406, 47.140021325946634, 102.9141441468513]}], "rb_ScNup84_506-726_ScNup133C_882_1155_renamed_relative_3CQC_new_1.pdb_15": [{"rot": [[0.5823129115452944, 0.7795679389613793, 0.23061982046464677], [-0.812836723663449, 0.563337544107792, 0.14814611727165822], [-0.014426839976536654, -0.2737236561609267, 0.9617001748706208]], "trans": [-323.73765018155905, 220.97180841672636, 123.04647682497483]}], "rb_ScNup84_506-726_ScNup133C_882_1155_renamed_relative_3CQC_new_1.pdb_16": [{"rot": [[-0.16050058517445343, 0.9444043568418814, 0.2869494257473384], [-0.985980809488836, -0.1668417021101667, -0.002385321093430093], [0.04562242297811869, -0.2833094725120423, 0.9579427630639269]], "trans": [-387.01178157807834, 530.1720899395319, 126.62664981210264]}], "rb_ScNup84_506-726_ScNup133C_882_1155_renamed_relative_3CQC_new_1.pdb_17": [{"rot": [[-0.8079899586432502, 0.5463055108253103, 0.2206864644095144], [-0.5814440417349023, -0.7998742218409959, -0.14874157308983543], [0.09526307292259838, -0.2484985273118423, 0.9639364236614288]], "trans": [-213.81569918002253, 793.6070980495136, 111.58135219312305]}], "rb_ScNup84_506-726_ScNup133C_882_1155_renamed_relative_3CQC_new_1.pdb_18": [{"rot": [[-0.9808468042829086, -0.18151668189809708, 0.0706487135106271], [0.16379023707967202, -0.9649206392678473, -0.2051850826749104], [0.10541491718626197, -0.1896835630929312, 0.9761699857744959]], "trans": [94.39180321832896, 856.9530073574095, 86.74833635311705]}], "rb_ScNup84_506-726_ScNup133C_882_1155_renamed_relative_3CQC_new_1.pdb_19": [{"rot": [[-0.5778091446361935, -0.8126937185380515, -0.07526959694046774], [0.8131532786219781, -0.565294435907586, -0.13865044608023297], [0.07013086225845123, -0.14131921518574253, 0.9874768562240674]], "trans": [357.0603383255016, 683.1010078085121, 66.69913801787004]}], "rb_ScNup84_506-726_ScNup133C_882_1155_renamed_relative_3CQC_new_1.pdb_20": [{"rot": [[0.1650178764448485, -0.9774731914346512, -0.13158746323334145], [0.9862390571376475, 0.16489772358187965, 0.011885408438658776], [0.010080805021052193, -0.13173800053161294, 0.9912333108739113]], "trans": [420.31688798863286, 373.8961688469391, 63.202865167052806]}], "rb_ScNup84_506-726_ScNup133C_882_1155_renamed_relative_3CQC_new_1.pdb_21": [{"rot": [[0.8124757161499456, -0.5793249619745003, -0.06531308521171386], [0.5816514830627241, 0.7978989764621718, 0.1582364547490494], [-0.03955708429045978, -0.16655272977005814, 0.9852387656241381]], "trans": [247.10678683697398, 110.47516171978839, 78.3316886353079]}], "rb_4XMM.renamed.noAb_Nup145c_149-550_Sec13_Nup84_7-436_3IKO_updated_1.pdb_21": [{"rot": [[0.9993331952973814, -0.031779804828461045, -0.01797800828209837], [0.03186836449321444, 0.9994812062867982, 0.004661075413998037], [0.017820553337478125, -0.005230897107788661, 0.9998275179220635]], "trans": [18.198789866073128, -18.842239303800966, -7.202270853283096]}], "rb_4XMM.renamed.noAb_Nup145c_149-550_Sec13_Nup84_7-436_3IKO_updated_1.pdb_22": [{"rot": [[0.731288455868701, 0.6819904511923428, 0.010306250318885834], [-0.6807333961293275, 0.7288289650452053, 0.07355530643921522], [0.04265252287266105, -0.06080595524781694, 0.9972378844082277]], "trans": [-316.2399807546087, 112.11293968384695, 18.85864953371083]}], "rb_4XMM.renamed.noAb_Nup145c_149-550_Sec13_Nup84_7-436_3IKO_updated_1.pdb_23": [{"rot": [[0.03937431883416109, 0.9961064868839519, 0.0788766746513617], [-0.9942754308984506, 0.0312102233842515, 0.10218752109727003], [0.09932789400790545, -0.08244870371337604, 0.9916330877537003]], "trans": [-460.50043459147383, 441.9127848257574, 28.79370728545291]}], "rb_4XMM.renamed.noAb_Nup145c_149-550_Sec13_Nup84_7-436_3IKO_updated_1.pdb_24": [{"rot": [[-0.671076158342073, 0.7265546995021188, 0.14756374329838184], [-0.7250803949037128, -0.6847001234068198, 0.0737845643272473], [0.15464543520945223, -0.057480515290588105, 0.9862964968663366]], "trans": [-330.07085037522404, 777.356013455163, 16.806810387844962]}], "rb_4XMM.renamed.noAb_Nup145c_149-550_Sec13_Nup84_7-436_3IKO_updated_1.pdb_25": [{"rot": [[-0.9838710687784351, 0.031242326775323032, 0.17612960295885383], [-0.030846535880838393, -0.9995116998419088, 0.004985288686716773], [0.1761993508641042, -0.0005281068089790322, 0.9843543619338851]], "trans": [-1.3568042576119979, 921.9353692866127, -10.05594304006155]}], "rb_4XMM.renamed.noAb_Nup145c_149-550_Sec13_Nup84_7-436_3IKO_updated_1.pdb_26": [{"rot": [[-0.7157707435330671, -0.6825068394486226, 0.14783997026505205], [0.6817341628571599, -0.7288034456021129, -0.0639067200843122], [0.15136305327115565, 0.055044997813964956, 0.9869444129838787]], "trans": [333.0782940168785, 790.954343900306, -36.03396837418899]}], "rb_4XMM.renamed.noAb_Nup145c_149-550_Sec13_Nup84_7-436_3IKO_updated_1.pdb_27": [{"rot": [[-0.02383213334929213, -0.996568473732487, 0.07926731093282655], [0.9952218806017107, -0.031160073007489686, -0.09253355187044719], [0.09468599575235181, 0.0766832903093481, 0.9925493615915112]], "trans": [477.31956168342924, 461.14358559517905, -45.884967182461764]}], "rb_4XMM.renamed.noAb_Nup145c_149-550_Sec13_Nup84_7-436_3IKO_updated_1.pdb_28": [{"rot": [[0.6865973675928314, -0.7269608424437396, 0.010582455673491593], [0.7259710921212364, 0.6847290935044774, -0.0641252049730422], [0.03937039774871904, 0.051710753833450813, 0.9978857498326563]], "trans": [346.87034368036467, 125.71100371324667, -33.81408056272409]}], "rb_4XMM.renamed.noAb_Seh1_Nup85_47_544_3F3F_1.pdb_28": [{"rot": [[0.6672392088338899, -0.7230815185299101, 0.17873151863956288], [0.2789752811495475, 0.4650995262600242, 0.8401519048244981], [-0.6906262597832897, -0.5107206166126259, 0.5120545098566789]], "trans": [487.1288374458099, -86.17983200881531, 746.2536647342712]}], "rb_4XMM.renamed.noAb_Seh1_Nup85_47_544_3F3F_1.pdb_29": [{"rot": [[0.6560555953126854, -0.19482896678302608, 0.7291314898982053], [-0.3127622120602549, 0.8090564811529952, 0.4976016569621825], [-0.6868557742103463, -0.5544991289502553, 0.46985089275994163]], "trans": [-16.3729888585259, -222.58801334297718, 787.0908065023498]}], "rb_4XMM.renamed.noAb_Seh1_Nup85_47_544_3F3F_1.pdb_30": [{"rot": [[0.2310327957990549, 0.4212920974410034, 0.8770044560314572], [-0.7230807150060473, 0.6774534554819849, -0.13494849106922782], [-0.6509824320606628, -0.6029674819501282, 0.4611421568877716]], "trans": [-468.685635786236, 38.15987868318673, 821.9155018727575]}], "rb_4XMM.renamed.noAb_Seh1_Nup85_47_544_3F3F_1.pdb_31": [{"rot": [[-0.35884484093044366, 0.7643492674127363, 0.5357243484696371], [-0.711609863171293, 0.1473853572877334, -0.6869417435958454], [-0.604021342979648, -0.6277322310211415, 0.49103000250726225]], "trans": [-604.8360638194823, 543.3141691706514, 830.3509581704914]}], "rb_4XMM.renamed.noAb_Seh1_Nup85_47_544_3F3F_1.pdb_32": [{"rot": [[-0.7680186780049921, 0.6333748158566352, -0.09478213372802363], [-0.2850694432998024, -0.47062644754738225, -0.8350126701827172], [-0.5734829751023167, -0.6142858369745341, 0.5420057082358923]], "trans": [-345.0635191560905, 996.9484688715436, 807.4795710575918]}], "rb_4XMM.renamed.noAb_Seh1_Nup85_47_544_3F3F_1.pdb_33": [{"rot": [[-0.7567889123152174, 0.10509542323403104, -0.6451554031487368], [0.30666715242778547, -0.8145419297845032, -0.49241923423518874], [-0.5772571349221962, -0.5705053870369641, 0.5842069869003794]], "trans": [158.45549208650874, 1133.3175255726342, 766.7237264925396]}], "rb_4XMM.renamed.noAb_Seh1_Nup85_47_544_3F3F_1.pdb_34": [{"rot": [[-0.33173409894188605, -0.5110153935173188, -0.7929790383027499], [0.7169522827482498, -0.6828905507208249, 0.14014249890123048], [-0.6131328664011478, -0.5220380860862046, 0.5929117344210383]], "trans": [610.7543468436063, 872.5345398499048, 731.9827777801379]}], "rb_4XMM.renamed.noAb_Seh1_Nup85_47_544_3F3F_1.pdb_35": [{"rot": [[0.25814265916803625, -0.8540312307819571, -0.45165586940358626], [0.705435133299525, -0.15279554449629448, 0.6921089468347892], [-0.6600936601909878, -0.49727676240815355, 0.5630205869633262]], "trans": [746.8719119239057, 367.3699785750083, 723.6324674246746]}], "rb_4XMM.renamed.noAb_Nup120_715-1036_Nup85_553-744_Nup145c_92-99_554-712_remaining_updated_1.pdb_35": [{"rot": [[0.9930654810409463, -0.07392786243775103, 0.09140908882763737], [0.06794991469459198, 0.9954453044039895, 0.06686893922477218], [-0.09593622599368609, -0.060193995509797836, 0.9935657620140976]], "trans": [13.283412055557278, -55.7951633608169, 87.11985937519097]}], "rb_4XMM.renamed.noAb_Nup120_715-1036_Nup85_553-744_Nup145c_92-99_554-712_remaining_updated_1.pdb_36": [{"rot": [[0.7500332695382408, 0.6481780867028741, 0.13158747092325307], [-0.6573551721642881, 0.752513781492089, 0.04008972802770905], [-0.07303610213199846, -0.11656833439093975, 0.9904935896827836]], "trans": [-343.91147173211834, 94.88058782584743, 114.89863299239647]}], "rb_4XMM.renamed.noAb_Nup120_715-1036_Nup85_553-744_Nup145c_92-99_554-712_remaining_updated_1.pdb_37": [{"rot": [[0.06685766044703445, 0.9877306638689928, 0.14113181389207663], [-0.9976189262721277, 0.06857562184704868, -0.007339075686856267], [-0.016927232000414426, -0.14030509520758433, 0.9899636099754346]], "trans": [-490.3679309612782, 454.76148035657945, 124.86236747168041]}], "rb_4XMM.renamed.noAb_Nup120_715-1036_Nup85_553-744_Nup145c_92-99_554-712_remaining_updated_1.pdb_38": [{"rot": [[-0.6562474416509557, 0.7458151816653542, 0.11445090704773532], [-0.7535100427536212, -0.6557085570830158, -0.04763300995679903], [0.03952101714291521, -0.11749894878501368, 0.99228629247733]], "trans": [-340.28779344014174, 813.0243298614707, 111.19817156760888]}], "rb_4XMM.renamed.noAb_Nup120_715-1036_Nup85_553-744_Nup145c_92-99_554-712_remaining_updated_1.pdb_39": [{"rot": [[-0.9956768721647874, 0.06414914057514978, 0.06717480182043083], [-0.068030947509168, -0.9960428708739494, -0.057187319942313554], [0.06324046502951501, -0.06151005726423426, 0.996100977029036]], "trans": [18.411793480733877, 959.7938243895577, 81.93472880713534]}], "rb_4XMM.renamed.noAb_Nup120_715-1036_Nup85_553-744_Nup145c_92-99_554-712_remaining_updated_1.pdb_40": [{"rot": [[-0.7525880847444882, -0.6579378810397996, 0.026998507245401784], [0.6572550402117885, -0.7530546797931995, -0.03040495613811467], [0.04033592464319966, -0.0051375027414890875, 0.999172967633111]], "trans": [375.60146745818787, 809.0904413915933, 54.23898147507498]}], "rb_4XMM.renamed.noAb_Nup120_715-1036_Nup85_553-744_Nup145c_92-99_554-712_remaining_updated_1.pdb_41": [{"rot": [[-0.0693859186127721, -0.9974371244904524, 0.01745786317045371], [0.9974651622698855, -0.06908989230936335, 0.017024595107968256], [-0.01577480130370784, 0.018594877490778962, 0.9997026488786204]], "trans": [522.036394441089, 449.19846434066517, 44.35949376977254]}], "rb_4XMM.renamed.noAb_Nup120_715-1036_Nup85_553-744_Nup145c_92-99_554-712_remaining_updated_1.pdb_42": [{"rot": [[0.6537001641598594, -0.7554651460240829, 0.04414191341777263], [0.7532995322007683, 0.6551752751660243, 0.05731643391930732], [-0.07222125839027327, -0.004215679534053995, 0.9973797260234387]], "trans": [371.9348428096466, 90.9478046652631, 58.10781379095755]}], "rb_4XMM.renamed.noAb_Nup120_2-711_3F7F_updated_1.pdb_42": [{"rot": [[0.9921931896175649, 0.12370879498267309, 0.015773665409720188], [-0.12208837267401654, 0.937732084417312, 0.32519681288747815], [0.025438233710957575, -0.3245838441732706, 0.9455147933096386]], "trans": [-73.5412726581792, 13.229284800122855, 193.75486684583822]}], "rb_4XMM.renamed.noAb_Nup120_2-711_3F7F_updated_1.pdb_43": [{"rot": [[0.6178392945192622, 0.7423770683450108, 0.2591348964215496], [-0.7841253902263416, 0.5571889623359608, 0.2732907474711909], [0.0584976798713195, -0.3720440143940527, 0.926369943814689]], "trans": [-354.6955488153918, 211.0207526855652, 215.24349297857933]}], "rb_4XMM.renamed.noAb_Nup120_2-711_3F7F_updated_1.pdb_44": [{"rot": [[-0.11363160074403883, 0.911759802718027, 0.3946921857092325], [-0.9865163524842121, -0.15064174878081454, 0.06397303967690893], [0.11778516712045184, -0.38210093649694427, 0.9165836179719584]], "trans": [-414.151883746319, 550.264178645197, 218.37318986324829]}], "rb_4XMM.renamed.noAb_Nup120_2-711_3F7F_updated_1.pdb_45": [{"rot": [[-0.7737135319874743, 0.5326302040094543, 0.34303416185026525], [-0.6106977800443992, -0.7711028379477813, -0.18013504588979795], [0.16856924947424265, -0.3488631237114696, 0.9218887834473124]], "trans": [-217.0780047748371, 832.2260972147396, 201.334541837267]}], "rb_4XMM.renamed.noAb_Nup120_2-711_3F7F_updated_1.pdb_46": [{"rot": [[-0.975721196733408, -0.17291226312988348, 0.1344228235993674], [0.12317050831598267, -0.9407194506295719, -0.3160315507799459], [0.18109989543428, -0.29180175542052006, 0.9391775995024554]], "trans": [121.0793443951294, 891.7293576282822, 174.13303406037863]}], "rb_4XMM.renamed.noAb_Nup120_2-711_3F7F_updated_1.pdb_47": [{"rot": [[-0.6013156566656002, -0.7915508733009756, -0.10893436567621569], [0.7851781217325561, -0.5601277835229557, -0.26410638628816757], [0.14803647591506613, -0.24434418573422675, 0.9583220339199784]], "trans": [402.2247339404551, 693.9162277347795, 152.72769823073065]}], "rb_4XMM.renamed.noAb_Nup120_2-711_3F7F_updated_1.pdb_48": [{"rot": [[0.1301710437261127, -0.9608784058611932, -0.24447533316247885], [0.9875116659585434, 0.14771619843850575, -0.054778045918566096], [0.08874800826517162, -0.2342917281265529, 0.9681070070815709]], "trans": [461.66114385475953, 354.66854498615623, 149.6820867937526]}], "rb_4XMM.renamed.noAb_Nup120_2-711_3F7F_updated_1.pdb_49": [{"rot": [[0.79022368138979, -0.5817004047185516, -0.19279826897832752], [0.6116412978833877, 0.7681475100216426, 0.18932597701074685], [0.03796651280129862, -0.2675332540037261, 0.9628003437410506]], "trans": [264.57180049612697, 72.72250212406232, 166.80436677353413]}]}
