{"rb_ScNup133N_56-480_renamed_1.pdb_0": [{"rot": [[-0.3049486627573528, 0.0225391823472732, 0.9521020419795443], [-0.6044832725420994, -0.7771102071790127, -0.17521329605650687], [0.7359390506688006, -0.6289608184595505, 0.25060327720003217]], "trans": [514.448572897402, 766.0930753394993, -65.87049787068366]}], "rb_ScNup133N_56-480_renamed_1.pdb_1": [{"rot": [[-0.6277965774797067, -0.5443096112405736, 0.5564157657866116], [-0.1701237568006675, -0.6016069101854596, -0.7804659076405137], [0.7595586644076895, -0.5846333660750463, 0.2850867632756158]], "trans": [587.7837978653331, 314.02240290364955, -69.4749938089962]}], "rb_ScNup133N_56-480_renamed_1.pdb_2": [{"rot": [[-0.5499911333640229, -0.8215682230111085, -0.15011798079952055], [0.36590381233307023, -0.07546076711423366, -0.9275883099450182], [0.750749061498635, -0.5650940873561667, 0.34211769772114686]], "trans": [320.99782058345863, -57.528332287221104, -46.36149140138622]}], "rb_ScNup133N_56-480_renamed_1.pdb_3": [{"rot": [[-0.11711185663003121, -0.6468146488427269, -0.7536017669028683], [0.6895869268718453, 0.49310439276292295, -0.5303941252741695], [0.7146710315411626, -0.5817893672802616, 0.38828655500225806]], "trans": [-129.6204584349557, -130.89935389775485, -10.046201357429254]}], "rb_ScNup133N_56-480_renamed_1.pdb_4": [{"rot": [[0.41725446881369405, -0.1224219965086619, -0.9005062815027073], [0.6113074543869284, 0.7710150820212185, 0.17843469255384536], [0.6724595931845819, -0.6249388754643489, 0.39654696754278623]], "trans": [-500.09058428392495, 136.89123385808307, 18.22087227072177]}], "rb_ScNup133N_56-480_renamed_1.pdb_5": [{"rot": [[0.7400685149570302, 0.4444131243173928, -0.504772788592796], [0.176922613600546, 0.5954673003524246, 0.783656227569044], [0.6488428021994586, -0.6692650216061249, 0.3620598692046736]], "trans": [-573.3840202730848, 588.9680456208146, 21.904484087144226]}], "rb_ScNup133N_56-480_renamed_1.pdb_6": [{"rot": [[0.66222126189116, 0.7216307074803311, 0.2017724518379899], [-0.3590988309283839, 0.06929941348184226, 0.9307231709358794], [0.6576557077416306, -0.6888009242970765, 0.3050282884624728]], "trans": [-306.562524823274, 960.4982275719653, -1.1292727479620908]}], "rb_ScNup133N_56-480_renamed_1.pdb_7": [{"rot": [[0.22931672810833903, 0.546832783995381, 0.8052252756574053], [-0.6827479590924466, -0.4992520114945362, 0.5334816335861581], [0.6937355854825255, -0.6721021762846167, 0.2588621294602535]], "trans": [144.06802118718593, 1033.8342773441655, -37.36289380343379]}], "rb_ScNup133C_490_881_renamed_relative_3CQC_1.pdb_7": [{"rot": [[0.7241957710998069, 0.38986610314539094, -0.5688100796745618], [-0.26963101783310506, 0.9192681049700447, 0.28678435349067455], [0.6346964623687749, -0.054319175279157056, 0.7708500683359588]], "trans": [231.48462726818354, 80.52293344084998, -273.0555520358498]}], "rb_ScNup133C_490_881_renamed_relative_3CQC_1.pdb_8": [{"rot": [[0.33587306188520943, 0.9233931202228876, -0.18583442045243462], [-0.6644851124707987, 0.37212203656569537, 0.6480622849748836], [0.6675693384244983, -0.09418245817155768, 0.7385667491623478]], "trans": [-100.23692827714461, 16.744957317791688, -246.26374176184981]}], "rb_ScNup133C_490_881_renamed_relative_3CQC_1.pdb_9": [{"rot": [[-0.21714340724549575, 0.915112471529974, 0.3397321079028547], [-0.6681171030474303, -0.39307153319358545, 0.631754941736391], [0.7116658466621281, -0.08979941115143275, 0.6967551854500473]], "trans": [-379.8414429129964, 206.9761231764943, -224.86185677916905]}], "rb_ScNup133C_490_881_renamed_relative_3CQC_1.pdb_10": [{"rot": [[-0.6108887911433271, 0.3698750778281059, 0.7000052225927278], [-0.27839931827214237, -0.9280514219134779, 0.24741539537784554], [0.7411536307952948, -0.04373768496413441, 0.6699091807647715]], "trans": [-443.53073620276984, 539.7764485926706, -221.3634181760537]}], "rb_ScNup133C_490_881_renamed_relative_3CQC_1.pdb_11": [{"rot": [[-0.6147014921110217, -0.3929113078049112, 0.68393185318094], [0.27636606851293627, -0.9194188675654373, -0.2798048286563131], [0.7387583311010331, 0.017019111719478786, 0.6737555031798206]], "trans": [-253.9928087790166, 820.1869272481155, -237.79385571300662]}], "rb_ScNup133C_490_881_renamed_relative_3CQC_1.pdb_12": [{"rot": [[-0.22634797616262065, -0.9263956653772183, 0.3009280061034254], [0.6711896715371528, -0.3722309422055628, -0.641052689321716], [0.7058831479139669, 0.056878790731312856, 0.7060409227913129]], "trans": [77.74026232791562, 883.9392637538996, -264.50398251052485]}], "rb_ScNup133C_490_881_renamed_relative_3CQC_1.pdb_13": [{"rot": [[0.3266687912747277, -0.9180553360935167, -0.22463726466756406], [0.6747782571361188, 0.3929619521405836, -0.6247040962457349], [0.6617868270851628, 0.05249099008476149, 0.74785218556642]], "trans": [357.3364799665475, 693.6865572721697, -285.8226247766479]}], "rb_ScNup133C_490_881_renamed_relative_3CQC_1.pdb_14": [{"rot": [[0.7203837902998038, -0.37277620244684145, -0.5848804130440651], [0.28502958126690286, 0.9278990287452191, -0.24033628576744193], [0.6323016151142576, 0.006426145266563529, 0.7746956642326785]], "trans": [421.00635087676346, 360.8816426182643, -289.2370163778381]}], "rb_ScNup84_506-726_ScNup133C_882_1155_renamed_relative_3CQC_new_1.pdb_14": [{"rot": [[0.9895771204740829, 0.13499837235797113, 0.05012546353818232], [-0.1390236825612391, 0.9863594019766648, 0.08813368152610274], [-0.03754381868338504, -0.094183701312548, 0.9948466676255865]], "trans": [-48.36396128032732, 61.053970337005495, 51.46574219141871]}], "rb_ScNup84_506-726_ScNup133C_882_1155_renamed_relative_3CQC_new_1.pdb_15": [{"rot": [[0.6028003419015523, 0.7892172634826744, 0.1173365195678066], [-0.7978843463726941, 0.5968876953069581, 0.08429501174187326], [-0.0035096462480067453, -0.14443403411960307, 0.989508207227786]], "trans": [-305.94330273637195, 218.89778818675975, 71.26966423250622]}], "rb_ScNup84_506-726_ScNup133C_882_1155_renamed_relative_3CQC_new_1.pdb_16": [{"rot": [[-0.13521909159380202, 0.9774536061850272, 0.16217350284318466], [-0.9892179662017813, -0.14247191954534616, 0.033905272225298745], [0.0562460008547646, -0.15584030254380882, 0.9861795919054985]], "trans": [-376.8823603620665, 513.1824367597229, 75.53335089914947]}], "rb_ScNup84_506-726_ScNup133C_882_1155_renamed_relative_3CQC_new_1.pdb_17": [{"rot": [[-0.7921389897963895, 0.589435896777559, 0.15837027636013593], [-0.6009386097485818, -0.7985921552291987, -0.033516517119484286], [0.10671742199750137, -0.12172055371388071, 0.986810771447996]], "trans": [-219.6221206203031, 771.511936303488, 61.78307932523364]}], "rb_ScNup84_506-726_ScNup133C_882_1155_renamed_relative_3CQC_new_1.pdb_18": [{"rot": [[-0.9831264137685699, -0.14752961951913246, 0.10815482381792368], [0.13949420123769407, -0.9871085263856758, -0.07847372144707221], [0.11833774702775027, -0.062062617582849165, 0.9910319919796517]], "trans": [73.71406401807712, 842.5533403345529, 38.0979573787742]}], "rb_ScNup84_506-726_ScNup133C_882_1155_renamed_relative_3CQC_new_1.pdb_19": [{"rot": [[-0.5962982376247622, -0.8017181520446656, 0.040944065353656744], [0.7983244859786508, -0.5975854847104801, -0.07462977656578296], [0.08429962569620855, -0.011814954313171873, 0.9963704029938124]], "trans": [331.2876338909709, 684.689709482903, 18.37706835741301]}], "rb_ScNup84_506-726_ScNup133C_882_1155_renamed_relative_3CQC_new_1.pdb_20": [{"rot": [[0.14173613877270774, -0.9898968343872746, -0.003888989052602978], [0.9896001741660215, 0.14178887970817133, -0.024236519586698674], [0.024543069416404176, -0.0004133535402778884, 0.999698688046787]], "trans": [402.2102733187661, 390.3999013738087, 14.197192015585472]}], "rb_ScNup84_506-726_ScNup133C_882_1155_renamed_relative_3CQC_new_1.pdb_21": [{"rot": [[0.7986257714454948, -0.6018279411112383, -8.050398360145289e-05], [0.6012692706724411, 0.7978786390152942, 0.04318496900690971], [-0.025925688575509934, -0.0345370337594994, 0.9990670908257243]], "trans": [244.93641345470792, 132.0831518790518, 28.030963751776824]}], "rb_4XMM.renamed.noAb_Nup145c_149-550_Sec13_Nup84_7-436_3IKO_updated_1.pdb_21": [{"rot": [[0.995564746724895, -0.02067999420322812, 0.09177784546582723], [0.021665074181628653, 0.9997177419403628, -0.009749923608212922], [-0.09155031206554864, 0.011695054057844774, 0.9957317741597304]], "trans": [-18.188396004603646, -9.859901535268364, 45.6327601110134]}], "rb_4XMM.renamed.noAb_Nup145c_149-550_Sec13_Nup84_7-436_3IKO_updated_1.pdb_22": [{"rot": [[0.7192614759614762, 0.69036093793967, 0.07787621308703559], [-0.6915919428267194, 0.7221483938461211, -0.014222583542749558], [-0.06605689831411894, -0.043628805077907104, 0.9968615819423434]], "trans": [-334.6594341430042, 147.15197688472153, 70.13476281545053]}], "rb_4XMM.renamed.noAb_Nup145c_149-550_Sec13_Nup84_7-436_3IKO_updated_1.pdb_23": [{"rot": [[0.021043646175140984, 0.9976705185068231, 0.06488991799949154], [-0.9997388959081914, 0.02157656482485104, -0.007522756052657332], [-0.008905333453850289, -0.06471466875975078, 0.997864072248014]], "trans": [-447.84292242788877, 482.623708481912, 77.56519757706508]}], "rb_4XMM.renamed.noAb_Nup145c_149-550_Sec13_Nup84_7-436_3IKO_updated_1.pdb_24": [{"rot": [[-0.6900628930738743, 0.7212224621369074, 0.060426514972239116], [-0.7222589550756231, -0.6915928896199973, 0.006424705450800171], [0.04642418998304743, -0.039210140732184304, 0.9981519721205677]], "trans": [-291.4324641955244, 800.0313395304329, 63.59521584455945]}], "rb_4XMM.renamed.noAb_Nup145c_149-550_Sec13_Nup84_7-436_3IKO_updated_1.pdb_25": [{"rot": [[-0.9974819044912939, 0.02296393816901419, 0.06710072843262549], [-0.021703782135898544, -0.9995752473853249, 0.019449181359690284], [0.06751885702095906, 0.01794386687239866, 0.9975566257552736]], "trans": [42.94640207337335, 913.4331211096421, 36.43263479476468]}], "rb_4XMM.renamed.noAb_Nup145c_149-550_Sec13_Nup84_7-436_3IKO_updated_1.pdb_26": [{"rot": [[-0.7211229965807324, -0.6880553646112766, 0.0810027100291465], [0.6915315247749529, -0.7219501007409581, 0.023920750041474904], [0.04202111427427076, 0.0732657305277262, 0.9964267954473048]], "trans": [359.41173511573305, 756.3968074004981, 12.013682300229618]}], "rb_4XMM.renamed.noAb_Nup145c_149-550_Sec13_Nup84_7-436_3IKO_updated_1.pdb_27": [{"rot": [[-0.022881114256798396, -0.9953103132631015, 0.09398848292461962], [0.9996236662507273, -0.021354175105735007, 0.017219903513246163], [-0.015132101037834723, 0.09434712246622991, 0.9954243517216766]], "trans": [472.57559401340876, 420.9166019810208, 4.667329940669958]}], "rb_4XMM.renamed.noAb_Nup145c_149-550_Sec13_Nup84_7-436_3IKO_updated_1.pdb_28": [{"rot": [[0.6882038026046067, -0.7188066265714457, 0.09845079825747888], [0.7220879217157212, 0.6917935578806793, 0.0032720921531765312], [-0.07045962952519011, 0.068838266042708, 0.9951365402473187]], "trans": [316.1469079529954, 103.52165625201542, 18.721179413070217]}], "rb_4XMM.renamed.noAb_Seh1_Nup85_47_544_3F3F_1.pdb_28": [{"rot": [[0.6453562160650661, -0.7270874392528762, 0.2342204305069833], [0.3346751490063017, 0.5447509917683504, 0.7689206081287003], [-0.6866643277641495, -0.41783993663614233, 0.5948965358178806]], "trans": [482.6760558560748, -133.61382469717444, 670.6989127196998]}], "rb_4XMM.renamed.noAb_Seh1_Nup85_47_544_3F3F_1.pdb_29": [{"rot": [[0.6798879757289491, -0.13967931436772968, 0.7198902899726836], [-0.2577262971874893, 0.8735510956748447, 0.41289906633862206], [-0.6865344100605733, -0.4662597692092262, 0.557917853648493]], "trans": [-54.46386953824447, -257.3423113315579, 714.1555265714896]}], "rb_4XMM.renamed.noAb_Seh1_Nup85_47_544_3F3F_1.pdb_30": [{"rot": [[0.2867346748048495, 0.5076024440557467, 0.8124795290056183], [-0.7009425194753374, 0.6892726145863677, -0.18325623365342997], [-0.6530412013465346, -0.5169555315207552, 0.553438495023584]], "trans": [-521.6331405451838, 36.22918804434257, 750.0046845245528]}], "rb_4XMM.renamed.noAb_Seh1_Nup85_47_544_3F3F_1.pdb_31": [{"rot": [[-0.30378893956435227, 0.8355710552602864, 0.45774806587202355], [-0.7353312054922865, 0.09986848105113244, -0.6703091113223818], [-0.6058054955409599, -0.5402289311983872, 0.5840825313845819]], "trans": [-645.1554977828928, 575.1224665331629, 757.2694492780445]}], "rb_4XMM.renamed.noAb_Seh1_Nup85_47_544_3F3F_1.pdb_32": [{"rot": [[-0.7457458076982151, 0.6520978824448527, -0.13649740661080995], [-0.34074697808913573, -0.549380052907637, -0.7629371234841866], [-0.5724986351282069, -0.5224460825560298, 0.6318982541503017]], "trans": [-352.66788937702137, 1043.6463599961046, 731.7180241073727]}], "rb_4XMM.renamed.noAb_Seh1_Nup85_47_544_3F3F_1.pdb_33": [{"rot": [[-0.7802313646520813, 0.06466409721646314, -0.6221395118012767], [0.25165715868374305, -0.8781340416925649, -0.4068774745594875], [-0.5726322485647979, -0.4740244290665417, 0.668874538722893]], "trans": [184.48823293225632, 1167.333082250858, 688.3427990537982]}], "rb_4XMM.renamed.noAb_Seh1_Nup85_47_544_3F3F_1.pdb_34": [{"rot": [[-0.3870434849160237, -0.58260330622172, -0.7146822569251183], [0.6948425086064691, -0.6938047632421989, 0.18928507267057662], [-0.6061280632156285, -0.4233300580893795, 0.6733501562341201]], "trans": [651.6411521341053, 873.7253242129849, 652.5775974455651]}], "rb_4XMM.renamed.noAb_Seh1_Nup85_47_544_3F3F_1.pdb_35": [{"rot": [[0.2034828276114713, -0.9105259564652205, -0.3599127970360821], [0.7291848447808756, -0.10437490791558957, 0.6763100921467186], [-0.6533637585672556, -0.4000604469335952, 0.6427032268396988]], "trans": [775.128014643185, 334.82276720563885, 645.3981835753052]}], "rb_4XMM.renamed.noAb_Nup120_715-1036_Nup85_553-744_Nup145c_92-99_554-712_remaining_updated_1.pdb_35": [{"rot": [[0.9916714580214344, -0.078126226432802, 0.10239146492268153], [0.07020901657098812, 0.9944170970517309, 0.07877392387930954], [-0.10797413272528233, -0.07092904788998008, 0.9916202180409815]], "trans": [12.500920870316008, -59.73883582658277, 98.87523026400689]}], "rb_4XMM.renamed.noAb_Nup120_715-1036_Nup85_553-744_Nup145c_92-99_554-712_remaining_updated_1.pdb_36": [{"rot": [[0.7503996539031706, 0.6442645930968302, 0.14772776822174488], [-0.6554686776164002, 0.7541272617892635, 0.04065569689520999], [-0.08521251132204294, -0.12733894576288698, 0.9881920971178565]], "trans": [-347.01406874971406, 93.32058850045644, 126.8273329868228]}], "rb_4XMM.renamed.noAb_Nup120_715-1036_Nup85_553-744_Nup145c_92-99_554-712_remaining_updated_1.pdb_37": [{"rot": [[0.06820664921391761, 0.9858807863215128, 0.15292785281002635], [-0.9972445515036793, 0.07185422452459689, -0.018446542066043736], [-0.029174603668860197, -0.15124829116404698, 0.9880651784779789]], "trans": [-493.43145706956653, 456.5320863705192, 136.7717483050016]}], "rb_4XMM.renamed.noAb_Nup120_715-1036_Nup85_553-744_Nup145c_92-99_554-712_remaining_updated_1.pdb_38": [{"rot": [[-0.6552692749779938, 0.746598770461902, 0.1149454358145179], [-0.7549014791278587, -0.6527168494628022, -0.06390986807937982], [0.02731179379653355, -0.12865065243569043, 0.9913138128501418]], "trans": [-340.9759601870325, 817.1213578443827, 122.90690241008497]}], "rb_4XMM.renamed.noAb_Nup120_715-1036_Nup85_553-744_Nup145c_92-99_554-712_remaining_updated_1.pdb_39": [{"rot": [[-0.996205721270411, 0.0665933242849822, 0.056031152663268094], [-0.07040744932401562, -0.9951220085789717, -0.06910122373328921], [0.05115615298070633, -0.07278404497159467, 0.9960349044133877]], "trans": [21.04375554085692, 963.8502401791092, 93.37902242282837]}], "rb_4XMM.renamed.noAb_Nup120_715-1036_Nup85_553-744_Nup145c_92-99_554-712_remaining_updated_1.pdb_40": [{"rot": [[-0.754877312221343, -0.6557787737620161, 0.010697821117671457], [0.6552512838829389, -0.7547754827009162, -0.030979439687597077], [0.0283901120681053, -0.016375915143392258, 0.9994627711625756]], "trans": [380.553349501976, 810.7630020209541, 65.50996168406135]}], "rb_4XMM.renamed.noAb_Nup120_715-1036_Nup85_553-744_Nup145c_92-99_554-712_remaining_updated_1.pdb_41": [{"rot": [[-0.07265763258230229, -0.9973417631965794, 0.00550234599711329], [0.9969736027922328, -0.07247565557401625, 0.028123205446575053], [-0.027649661173490974, 0.007529059240925321, 0.9995893204231107]], "trans": [526.9489458078908, 447.54042280820295, 55.64981382949651]}], "rb_4XMM.renamed.noAb_Nup120_715-1036_Nup85_553-744_Nup145c_92-99_554-712_remaining_updated_1.pdb_42": [{"rot": [[0.6507994100166787, -0.758003228769789, 0.04348830988341572], [0.7545737547021051, 0.6520766136432286, 0.07358354880233281], [-0.08413427741835273, -0.015072992873114026, 0.9963404178538262]], "trans": [374.47185330395206, 86.96352767723135, 69.5987974016092]}], "rb_4XMM.renamed.noAb_Nup120_2-711_3F7F_updated_1.pdb_42": [{"rot": [[0.9569288867067212, 0.28935909956149597, 0.02363085455913702], [-0.27946865881025573, 0.8960495975065479, 0.34495273234336], [0.07864079430570191, -0.33669931735795533, 0.9383225432449414]], "trans": [-151.2273648176382, 125.9392696823013, 169.9756140229969]}], "rb_4XMM.renamed.noAb_Nup120_2-711_3F7F_updated_1.pdb_43": [{"rot": [[0.48293923872466826, 0.8301882972941429, 0.2784907228901695], [-0.8674915357523697, 0.41027308691893727, 0.28130842423930463], [0.11928171317529057, -0.3774432211417467, 0.9183182932491925]], "trans": [-330.78120421074277, 344.0986536378657, 183.26695670240875]}], "rb_4XMM.renamed.noAb_Nup120_2-711_3F7F_updated_1.pdb_44": [{"rot": [[-0.2668385475514817, 0.8703319650211512, 0.4139075503092885], [-0.9468907428972764, -0.3167231146546379, 0.055537281702546154], [0.17942996002913944, -0.37710574021868937, 0.9086232168165498]], "trans": [-304.0116025933322, 625.667753216202, 179.8045253619013]}], "rb_4XMM.renamed.noAb_Nup120_2-711_3F7F_updated_1.pdb_45": [{"rot": [[-0.8531740730543734, 0.38627337616232515, 0.3505522499371077], [-0.4711531051706691, -0.859054381685935, -0.2001007765957724], [0.22384984376998335, -0.33588457567199137, 0.9149168264218334]], "trans": [-86.59865670500557, 805.6995365551962, 161.64066600221233]}], "rb_4XMM.renamed.noAb_Nup120_2-711_3F7F_updated_1.pdb_46": [{"rot": [[-0.9325837196135035, -0.33841912270273233, 0.12553925004138575], [0.28102756134651374, -0.8990154110771549, -0.3358493716078742], [0.22651957018207505, -0.2779276669115285, 0.9335122368183724]], "trans": [194.09597756958283, 778.7289633219, 139.4400284478511]}], "rb_4XMM.renamed.noAb_Nup120_2-711_3F7F_updated_1.pdb_47": [{"rot": [[-0.4585481965985176, -0.8792104475746363, -0.12931566135566475], [0.8690132164611084, -0.4131964683604073, -0.2721850623204803], [0.18587517589006886, -0.2371869882815933, 0.9535159944005875]], "trans": [373.6393390172995, 560.5558923966403, 126.23206410833853]}], "rb_4XMM.renamed.noAb_Nup120_2-711_3F7F_updated_1.pdb_48": [{"rot": [[0.29123580270753163, -0.9192974151857455, -0.2647148837034012], [0.9483535728092488, 0.3138028597737454, -0.046403298780907126], [0.12572672015618158, -0.2375290037671706, 0.9632096159238357]], "trans": [346.8543082799396, 278.98930176291344, 129.77818962724461]}], "rb_4XMM.renamed.noAb_Nup120_2-711_3F7F_updated_1.pdb_49": [{"rot": [[0.8775342395567697, -0.43519651468322806, -0.20133964342148425], [0.47256993094316935, 0.8560961162137893, 0.2092297784064975], [0.0813100164425501, -0.2787533558743907, 0.9569144412197338]], "trans": [129.43384737164558, 98.97498709806473, 148.0250395764113]}]}
