{"rb_ScNup133N_56-480_renamed_1.pdb_0": [{"rot": [[-0.609879804489897, -0.5712023014362274, 0.5493401085933245], [0.4884968416912977, -0.8167889712709476, -0.30696353540408927], [0.6240332200556278, 0.08114004710441988, 0.777173618326626]], "trans": [930.5480293327189, 155.4931547977625, -303.7730645441472]}], "rb_ScNup133N_56-480_renamed_1.pdb_1": [{"rot": [[-0.07564768343878348, -0.9791730207065946, 0.18840813016075372], [0.8111810877064803, -0.17031499192455113, -0.5594444087423472], [0.5798816007925066, 0.11051243842240566, 0.8071705705836016]], "trans": [447.6044667754963, -424.68756322840204, -262.4153807515758]}], "rb_ScNup133N_56-480_renamed_1.pdb_2": [{"rot": [[0.5297081333089346, -0.8120624826383913, -0.24487510652889782], [0.6603004577683711, 0.5760215152703068, -0.481873966319599], [0.5323650993230549, 0.09356141425221728, 0.8413285106222668]], "trans": [-302.97831522627405, -492.1899002554309, -202.21961635011706]}], "rb_ScNup133N_56-480_renamed_1.pdb_3": [{"rot": [[0.851561672785428, -0.16776639669055782, -0.49668617212919475], [0.12424295231159664, 0.9850061010541264, -0.11969406705032853], [0.509319552190748, 0.04021712356219189, 0.8596372355410167]], "trans": [-881.4964264194654, -7.469918674759015, -158.42529398523703]}], "rb_ScNup133N_56-480_renamed_1.pdb_4": [{"rot": [[0.7013665934304607, 0.5762775054138529, -0.41951059387545847], [-0.48296138355643764, 0.8170498283920875, 0.3149251973369457], [0.5242453658479059, -0.018270596006954937, 0.8513712361294268]], "trans": [-949.0438868224749, 745.516698547095, -156.66374029704133]}], "rb_ScNup133N_56-480_renamed_1.pdb_5": [{"rot": [[0.16710929048079098, 0.9841978148030579, -0.05855891368438104], [-0.8056036883031017, 0.17054384999305655, 0.5673777336325307], [0.568398788200193, -0.04763881365477107, 0.8213728513933976]], "trans": [-466.04852837276354, 1325.6598907254454, -197.94289337279525]}], "rb_ScNup133N_56-480_renamed_1.pdb_6": [{"rot": [[-0.4382347749676927, 0.8170290625604981, 0.37471828476941355], [-0.6546755505513029, -0.5757795162625183, 0.4897732864937111], [0.6159141218703841, -0.030683213391296843, 0.7872155580885198]], "trans": [284.5460710545367, 1393.1037126583851, -258.05683840347723]}], "rb_ScNup133N_56-480_renamed_1.pdb_7": [{"rot": [[-0.760046514023946, 0.17270106082927217, 0.6265011094231946], [-0.11859280148278713, -0.9847135192626577, 0.12757363527711207], [0.6389562144282767, 0.02266337507516049, 0.7689091802506266]], "trans": [863.0329250703255, 908.3387392948879, -301.76597388230243]}], "rb_ScNup133C_490_881_renamed_relative_3CQC_1.pdb_7": [{"rot": [[0.7873622356484193, 0.3550274082215775, -0.5040002473076712], [-0.2701198735363831, 0.9335508313059724, 0.23562279025726202], [0.5541623983954638, -0.049380003841622444, 0.8309426282392727]], "trans": [184.50191695084732, 96.91698989644337, -246.04955435483578]}], "rb_ScNup133C_490_881_renamed_relative_3CQC_1.pdb_8": [{"rot": [[0.37871770547282946, 0.908861322183691, -0.1747684084722107], [-0.7139869193449939, 0.40705889662905004, 0.5696716016086698], [0.5888935205668693, -0.09096236427036605, 0.8030755068614064]], "trans": [-121.45342381557424, 63.00443253229167, -221.4567803089488]}], "rb_ScNup133C_490_881_renamed_relative_3CQC_1.pdb_9": [{"rot": [[-0.22322264376587408, 0.9295040519030306, 0.2935879234676093], [-0.7378468406692578, -0.357940723718119, 0.572241625555626], [0.6369879834224267, -0.08888563325981508, 0.7657321027457534]], "trans": [-361.7798479382072, 256.06767059418854, -203.19938172016845]}], "rb_ScNup133C_490_881_renamed_relative_3CQC_1.pdb_10": [{"rot": [[-0.6658336681247344, 0.4048627952475181, 0.6266990054371617], [-0.32772215917253, -0.9133004656415158, 0.24182730583266618], [0.6702713724894243, -0.044366389117857646, 0.7407887085652608]], "trans": [-395.6888342241694, 563.0076538289973, -201.94879520993584]}], "rb_ScNup133C_490_881_renamed_relative_3CQC_1.pdb_11": [{"rot": [[-0.6898275887188876, -0.3577202021923279, 0.6294236687524275], [0.2761303039663965, -0.9336827617500536, -0.22800999022459162], [0.6692458091566289, 0.016515367215805085, 0.7428575163327193]], "trans": [-203.314107051174, 804.0147289991829, -218.41362708802836]}], "rb_ScNup133C_490_881_renamed_relative_3CQC_1.pdb_12": [{"rot": [[-0.2811484285499987, -0.911513068095982, 0.30016576722557076], [0.7199652615210086, -0.4071473755929761, -0.5620329498799315], [0.634512082884835, 0.05809424444814931, 0.7707265892877619]], "trans": [102.65041925844912, 837.9036700654702, -242.92454178494359]}], "rb_ScNup133C_490_881_renamed_relative_3CQC_1.pdb_13": [{"rot": [[0.32079379797883883, -0.932096133137675, -0.16819077789256393], [0.7437779372829135, 0.3578538394699559, -0.5645662136435243], [0.5864177002696, 0.0560127500342989, 0.8080698315393966]], "trans": [342.96832443196564, 644.8219743123386, -261.0986949661448]}], "rb_ScNup133C_490_881_renamed_relative_3CQC_1.pdb_14": [{"rot": [[0.7633728471816377, -0.40741154759476533, -0.5012760986444872], [0.3336185300320586, 0.9131723851377442, -0.23412575988363832], [0.5531370287777232, 0.011490252750958455, 0.8330110452368988]], "trans": [376.8599044755306, 337.8797383590625, -262.26540654133737]}], "rb_ScNup84_506-726_ScNup133C_882_1155_renamed_relative_3CQC_new_1.pdb_14": [{"rot": [[0.9828453368221559, 0.17987124285902162, 0.040760027959918926], [-0.18442158771040618, 0.9561783462876869, 0.2274019526673353], [0.0019292157254868457, -0.23101797783483194, 0.9729475690106786]], "trans": [-55.99451726647055, 56.81313975186083, 75.83139112809829]}], "rb_ScNup84_506-726_ScNup133C_882_1155_renamed_relative_3CQC_new_1.pdb_15": [{"rot": [[0.5668031876450501, 0.797047116265079, 0.2084467340327767], [-0.8229672667322945, 0.5360403591914895, 0.1881106355447108], [0.0381971774164805, -0.2781665468229062, 0.9597730710256636]], "trans": [-313.8609812587508, 222.68027848525995, 95.61916136844499]}], "rb_ScNup84_506-726_ScNup133C_882_1155_renamed_relative_3CQC_new_1.pdb_16": [{"rot": [[-0.17759768309103285, 0.9374640158529078, 0.29936646763062036], [-0.9791823229930147, -0.19871813706407115, 0.041389374720906535], [0.09829059618651036, -0.28578369614574456, 0.9532400734959563]], "trans": [-379.34755328617314, 522.8396392398504, 99.4196679220779]}], "rb_ScNup84_506-726_ScNup133C_882_1155_renamed_relative_3CQC_new_1.pdb_17": [{"rot": [[-0.8142767492566182, 0.5188637419656738, 0.2602571668435894], [-0.561553773902744, -0.8176652552776903, -0.12681044644371522], [0.1470059000028883, -0.2494071923282228, 0.9571756984897247]], "trans": [-214.08936275514424, 781.4537530337858, 85.030525363923]}], "rb_ScNup84_506-726_ScNup133C_882_1155_renamed_relative_3CQC_new_1.pdb_18": [{"rot": [[-0.9702584367170732, -0.2135317626896195, 0.11402961151386765], [0.18526568791889508, -0.9582130464454631, -0.21795500109344082], [0.15580497700419627, -0.19034690421534897, 0.9692744013933068]], "trans": [85.10492552003655, 847.0229423427536, 60.905101192644054]}], "rb_ScNup84_506-726_ScNup133C_882_1155_renamed_relative_3CQC_new_1.pdb_19": [{"rot": [[-0.5541664736162706, -0.8306748847092855, -0.05365403463786371], [0.8237786915823744, -0.5380266327774532, -0.17865052397624037], [0.11953320381608236, -0.14320118133370702, 0.982448591454073]], "trans": [342.96499216756735, 681.1359683391711, 41.200413957443686]}], "rb_ScNup84_506-726_ScNup133C_882_1155_renamed_relative_3CQC_new_1.pdb_20": [{"rot": [[0.1902466011646602, -0.9710344814961834, -0.14456232735650976], [0.9799353165082761, 0.19674285997118646, -0.03192213198049731], [0.05943909660414564, -0.13558865290205527, 0.9889806423783465]], "trans": [408.4346876576487, 380.97187619584975, 37.483752177978715]}], "rb_ScNup84_506-726_ScNup133C_882_1155_renamed_relative_3CQC_new_1.pdb_21": [{"rot": [[0.8268931121946951, -0.5523859221822343, -0.10543990696056035], [0.5622568100065963, 0.8156571026984555, 0.13627461399235494], [0.010726630700050373, -0.1719688454123063, 0.9850439866327699]], "trans": [243.1628545887487, 122.37114019922569, 51.95639363077754]}], "rb_4XMM.renamed.noAb_Nup145c_149-550_Sec13_Nup84_7-436_3IKO_updated_1.pdb_21": [{"rot": [[0.9979885601087224, -0.04414098936179315, -0.045501724695658254], [0.04418887883318435, 0.9990231933292106, 4.66665963398589e-05], [0.04545521839771056, -0.002057242928563747, 0.9989642590563226]], "trans": [33.05881971350425, -23.863647745713934, -22.587098998331953]}], "rb_4XMM.renamed.noAb_Nup145c_149-550_Sec13_Nup84_7-436_3IKO_updated_1.pdb_22": [{"rot": [[0.7395673326298756, 0.672966933687114, -0.0124766450014622], [-0.6694821790092877, 0.7373996205425563, 0.08964045745458914], [0.06952533707724753, -0.05794226253310815, 0.9958960396129898]], "trans": [-309.549265037278, 97.20333705047014, 4.173077043527826]}], "rb_4XMM.renamed.noAb_Nup145c_149-550_Sec13_Nup84_7-436_3IKO_updated_1.pdb_23": [{"rot": [[0.053706803088474586, 0.9958081719114362, 0.0740382607603467], [-0.9906064994430803, 0.043794928154502866, 0.12954060185542765], [0.12575508961127702, -0.08029999391247306, 0.9888061328766697]], "trans": [-466.558539843393, 425.8089558763381, 15.130105242643992]}], "rb_4XMM.renamed.noAb_Nup145c_149-550_Sec13_Nup84_7-436_3IKO_updated_1.pdb_24": [{"rot": [[-0.6578062596766611, 0.7352577758979068, 0.16336134093432952], [-0.7310649277051592, -0.6754674752078648, 0.09637303261680819], [0.18120429412585382, -0.05603296278061409, 0.9818479061811839]], "trans": [-345.9888443533804, 769.45152067965, 3.889208887063205]}], "rb_4XMM.renamed.noAb_Nup145c_149-550_Sec13_Nup84_7-436_3IKO_updated_1.pdb_25": [{"rot": [[-0.9781574711635304, 0.04394984139183498, 0.20316587569913672], [-0.04290057605576065, -0.9990335320549848, 0.00956777946144031], [0.20339002478255522, 0.0006428618602867895, 0.979097586835744]], "trans": [-18.46969287873185, 926.820488433642, -22.940531540290237]}], "rb_4XMM.renamed.noAb_Nup145c_149-550_Sec13_Nup84_7-436_3IKO_updated_1.pdb_26": [{"rot": [[-0.7196805747310433, -0.6731376961312456, 0.17013380734560404], [0.6707501751915397, -0.7373536840044128, -0.080023416358192], [0.17931556774388321, 0.056525982806462434, 0.9821663506924116]], "trans": [324.1354909659313, 805.7270157207594, -49.61787089654598]}], "rb_4XMM.renamed.noAb_Nup145c_149-550_Sec13_Nup84_7-436_3IKO_updated_1.pdb_27": [{"rot": [[-0.03379498083359078, -0.9959248462560354, 0.08361578726739474], [0.9918206534804804, -0.04372367573003155, -0.11991676909508713], [0.1230840793929362, 0.07887927985563782, 0.9892564726143803]], "trans": [481.1256730905772, 477.10948306935404, -60.49084273513813]}], "rb_4XMM.renamed.noAb_Nup145c_149-550_Sec13_Nup84_7-436_3IKO_updated_1.pdb_28": [{"rot": [[0.6776978586368259, -0.7353183451406161, -0.005704708469593124], [0.7322232455356569, 0.6755182537379101, -0.08674219021969826], [0.06763675846968459, 0.0546078764149176, 0.9962144592090416]], "trans": [360.5357045842841, 133.47679140900857, -49.16590194292962]}], "rb_4XMM.renamed.noAb_Seh1_Nup85_47_544_3F3F_1.pdb_28": [{"rot": [[0.6881395667629223, -0.7092398538784661, 0.15311030770587933], [0.3416740399773877, 0.5029050084899659, 0.793942946842679], [-0.6400959202032672, -0.4940297380787503, 0.5883976808528167]], "trans": [477.6231703650612, -121.14778597803388, 690.6334420985348]}], "rb_4XMM.renamed.noAb_Seh1_Nup85_47_544_3F3F_1.pdb_29": [{"rot": [[0.7160736480314664, -0.15803359338208403, 0.6798999293702365], [-0.280247243168426, 0.8269950063476506, 0.48738151603496993], [-0.6392964987323203, -0.5395411410066842, 0.5479008522258391]], "trans": [-48.86355816021262, -243.81827422737388, 733.2357825331317]}], "rb_4XMM.renamed.noAb_Seh1_Nup85_47_544_3F3F_1.pdb_30": [{"rot": [[0.29744503174212666, 0.4603200629782114, 0.8364400114244053], [-0.7396485690404282, 0.6650673002210772, -0.10298291359780504], [-0.603694001467938, -0.5880399015342255, 0.5382960401073431]], "trans": [-507.75134049903903, 42.94414164579602, 768.457983966583]}], "rb_4XMM.renamed.noAb_Seh1_Nup85_47_544_3F3F_1.pdb_31": [{"rot": [[-0.32250773601931215, 0.7835808245200047, 0.5310271665858965], [-0.7674061633841054, 0.11198142353984902, -0.6313065350383085], [-0.5541448733028067, -0.6111147619118171, 0.5652098788641947]], "trans": [-630.2153301003392, 571.1501118680886, 775.6903890673194]}], "rb_4XMM.renamed.noAb_Seh1_Nup85_47_544_3F3F_1.pdb_32": [{"rot": [[-0.7806075825641735, 0.6223779791553755, -0.05742345431777865], [-0.3472592360508513, -0.508257118625309, -0.788089921483631], [-0.5196756921587676, -0.5952481435747343, 0.6128758622675038]], "trans": [-344.5124817741544, 1031.3692481742837, 750.7201578516039]}], "rb_4XMM.renamed.noAb_Seh1_Nup85_47_544_3F3F_1.pdb_33": [{"rot": [[-0.8084931585786418, 0.07114642665904365, -0.5841891804074929], [0.27466421885583836, -0.8323038429106032, -0.48148715450835444], [-0.5204789903654529, -0.5497349352641591, 0.6533705851492456]], "trans": [181.9903608591389, 1153.9988082215702, 708.1992087470494]}], "rb_4XMM.renamed.noAb_Seh1_Nup85_47_544_3F3F_1.pdb_34": [{"rot": [[-0.38982870044681955, -0.5471946171517499, -0.7406832219431538], [0.7340326723309107, -0.6703276091708958, 0.10888954189439032], [-0.5560841845068814, -0.5012374161446633, 0.6629716678697033]], "trans": [640.86232223414, 867.2007834526305, 673.060918185673]}], "rb_4XMM.renamed.noAb_Seh1_Nup85_47_544_3F3F_1.pdb_35": [{"rot": [[0.23012624908881174, -0.8704122502039242, -0.43522916282718577], [0.7617416072334746, -0.11721637899580328, 0.6371891746604558], [-0.605633249821767, -0.4781661167314671, 0.6360546607959664]], "trans": [763.2916506219822, 338.9856174244383, 665.9137971294122]}], "rb_4XMM.renamed.noAb_Nup120_715-1036_Nup85_553-744_Nup145c_92-99_554-712_remaining_updated_1.pdb_35": [{"rot": [[0.9938740047253541, -0.044978481667964754, 0.10095245870225905], [0.042170706266061134, 0.9986665694937361, 0.029777751906989773], [-0.10215720368240486, -0.025338097056748346, 0.9944455171467838]], "trans": [-4.892081079467175, -31.46658568484031, 71.21115813053683]}], "rb_4XMM.renamed.noAb_Nup120_715-1036_Nup85_553-744_Nup145c_92-99_554-712_remaining_updated_1.pdb_36": [{"rot": [[0.7323094083711601, 0.6716615445175325, 0.1122216557862327], [-0.6765117876164262, 0.736396728952067, 0.00718740598012052], [-0.07781215603688427, -0.08118267798624494, 0.9936572050601116]], "trans": [-339.9599465975323, 123.97642505612885, 97.20307641147159]}], "rb_4XMM.renamed.noAb_Nup120_715-1036_Nup85_553-744_Nup145c_92-99_554-712_remaining_updated_1.pdb_37": [{"rot": [[0.040692837114413016, 0.9937162583525558, 0.10426931904148765], [-0.998948525091137, 0.042667146789214516, -0.016773753399547488], [-0.02111722580788139, -0.10347711085386621, 0.9944076378947995]], "trans": [-467.4040885527616, 471.53100102388703, 105.71138482967075]}], "rb_4XMM.renamed.noAb_Nup120_715-1036_Nup85_553-744_Nup145c_92-99_554-712_remaining_updated_1.pdb_38": [{"rot": [[-0.6758169698090303, 0.7325214675010836, 0.08175403946104376], [-0.7362515189873875, -0.6761256061767141, -0.028068941215057465], [0.0347148974779377, -0.07916100253425626, 0.9962572015151844]], "trans": [-312.56401828611615, 807.5948878921802, 91.77580124779115]}], "rb_4XMM.renamed.noAb_Nup120_715-1036_Nup85_553-744_Nup145c_92-99_554-712_remaining_updated_1.pdb_39": [{"rot": [[-0.9974784647151389, 0.04108876329045952, 0.057865585288567056], [-0.04231237950854022, -0.9989026002804609, -0.02008127718193549], [0.056976968766801805, -0.022479072138169832, 0.9981223954735974]], "trans": [33.854681134476095, 935.2972390279364, 63.58399192101297]}], "rb_4XMM.renamed.noAb_Nup120_715-1036_Nup85_553-744_Nup145c_92-99_554-712_remaining_updated_1.pdb_40": [{"rot": [[-0.7358578084608367, -0.6755308269516037, 0.04659814980549824], [0.6763495608968294, -0.7365765212204345, 0.0025099524831527116], [0.032627552802489204, 0.033363606293147025, 0.9989105628499657]], "trans": [368.91696442403423, 779.8283333278583, 37.6751211586606]}], "rb_4XMM.renamed.noAb_Nup120_715-1036_Nup85_553-744_Nup145c_92-99_554-712_remaining_updated_1.pdb_41": [{"rot": [[-0.044216070331146995, -0.997531442925083, 0.05455235558865934], [0.9987320044058963, -0.04282168490771293, 0.026470486906060187], [-0.024069119216340668, 0.05565360435286304, 0.9981599840820523]], "trans": [496.34053499260455, 432.26416465780164, 29.250975669584875]}], "rb_4XMM.renamed.noAb_Nup120_715-1036_Nup85_553-744_Nup145c_92-99_554-712_remaining_updated_1.pdb_42": [{"rot": [[0.6722732673290506, -0.736280583584029, 0.07706851673597298], [0.7359787700185955, 0.6759505436025193, 0.0377639071783124], [-0.07989933739798183, 0.031333126888623906, 0.9963103587952618]], "trans": [341.48078186803735, 96.21284047464349, 43.270543562923876]}], "rb_4XMM.renamed.noAb_Nup120_2-711_3F7F_updated_1.pdb_42": [{"rot": [[0.9507942322713879, 0.2726579078855037, 0.14713256997334448], [-0.3072535094679726, 0.8908361731682414, 0.3346732637880963], [-0.03981970365378704, -0.3634124073865151, 0.9307769944290959]], "trans": [-172.96857725774953, 149.24322357187674, 263.1459192301454]}], "rb_4XMM.renamed.noAb_Nup120_2-711_3F7F_updated_1.pdb_43": [{"rot": [[0.45666024499308433, 0.8141446190651646, 0.3586501915377891], [-0.8896379395428767, 0.4168184212563417, 0.18656564589246882], [0.002399410085704573, -0.4042659309768849, 0.9146383437636056]], "trans": [-327.92353188725747, 381.2658272346275, 274.40912736652274]}], "rb_4XMM.renamed.noAb_Nup120_2-711_3F7F_updated_1.pdb_44": [{"rot": [[-0.3033924638658874, 0.8630420617217032, 0.40387053936693196], [-0.9507622960092446, -0.3023328696873678, -0.06816078340093437], [0.06327771611408076, -0.40466434931403505, 0.9122733663971743]], "trans": [-273.9814151119593, 655.1843824721254, 268.8181018255433]}], "rb_4XMM.renamed.noAb_Nup120_2-711_3F7F_updated_1.pdb_45": [{"rot": [[-0.8841143007127473, 0.3907054244929778, 0.2563028960955569], [-0.45481906899565155, -0.8453287333948606, -0.2802836901693845], [0.10715184437580413, -0.3643742633183644, 0.9250674994172375]], "trans": [-42.74036618340756, 810.533654169795, 249.6721491037597]}], "rb_4XMM.renamed.noAb_Nup120_2-711_3F7F_updated_1.pdb_46": [{"rot": [[-0.9453102253447052, -0.3261638305858391, 0.0023944678558054933], [0.3076612063138384, -0.8940745366646089, -0.3255384846949382], [0.10831971190994831, -0.3069981734563494, 0.945525759303367]], "trans": [230.33726127652608, 756.3079653375901, 228.2112431647125]}], "rb_4XMM.renamed.noAb_Nup120_2-711_3F7F_updated_1.pdb_47": [{"rot": [[-0.4511308022498232, -0.86761358603308, -0.2091116079806376], [0.8900068336710443, -0.42001430062536843, -0.17741427025192344], [0.06609716544807964, -0.26614780217202544, 0.9616634089528038]], "trans": [385.28065604652915, 524.2736058708081, 217.03149020745587]}], "rb_4XMM.renamed.noAb_Nup120_2-711_3F7F_updated_1.pdb_48": [{"rot": [[0.30892669459305155, -0.9164549406661999, -0.25431208995311494], [0.9510715334967696, 0.2991408042017458, 0.07731569978751832], [0.005218768045465713, -0.26575387295398445, 0.9640267856600473]], "trans": [331.3237061077314, 250.35969202473768, 222.70615205005402]}], "rb_4XMM.renamed.noAb_Nup120_2-711_3F7F_updated_1.pdb_49": [{"rot": [[0.8896098667226572, -0.4440759402780162, -0.10672789839535339], [0.45508274362083634, 0.8420995773220322, 0.2894270172817044], [-0.03865205671403869, -0.306047155092557, 0.9512313900263828]], "trans": [100.07706686653876, 95.02897351177239, 241.93493667356756]}]}
