{"rb_ScNup133N_56-480_renamed_1.pdb_0": [{"rot": [[-0.5852255388562366, -0.07796259841197448, 0.8071139336669171], [0.14769463573725405, -0.9889654191048057, 0.011562628996024012], [0.7973063170732257, 0.1259731442161902, 0.590282477879379]], "trans": [745.0258617544977, 303.7977608780197, -363.52345810504795]}], "rb_ScNup133N_56-480_renamed_1.pdb_1": [{"rot": [[-0.29500582586414403, -0.749990975780038, 0.5920178197949149], [0.5628048481300283, -0.6370961193804847, -0.5266490649300222], [0.7721543016959458, 0.17782595681968677, 0.6100456240754561]], "trans": [419.4520115273209, -192.51364516938338, -335.1171786306373]}], "rb_ScNup133N_56-480_renamed_1.pdb_2": [{"rot": [[0.20289429401982922, -0.9773308396765402, 0.06048417372625137], [0.6503441015253656, 0.08831862398535184, -0.7544881511783352], [0.732042659320728, 0.1924168663981573, 0.6535206916847803]], "trans": [-160.6938088408096, -312.3664871368212, -288.2515854967246]}], "rb_ScNup133N_56-480_renamed_1.pdb_3": [{"rot": [[0.6167979101759615, -0.626803292338829, -0.47610710004764056], [0.35903066698080466, 0.7623206259811155, -0.5384832804935376], [0.7004693556251324, 0.1611983123887087, 0.6952393731033559]], "trans": [-655.5520843829122, 14.450836520482852, -250.3571990648323]}], "rb_ScNup133N_56-480_renamed_1.pdb_4": [{"rot": [[0.7042344482190027, 0.09624768656424669, -0.703413267413055], [-0.14047993802802358, 0.9900700104094599, -0.0051731517914602385], [0.6959304770976208, 0.10245856391168753, 0.7107622765227734]], "trans": [-775.2259464454745, 596.4842462749954, -243.60908031642515]}], "rb_ScNup133N_56-480_renamed_1.pdb_5": [{"rot": [[0.4139823513081533, 0.7682486385724625, -0.48827517051037245], [-0.555567357987417, 0.6381479766059406, 0.533021641861405], [0.721084962777797, 0.050608193855386285, 0.6909958662469997]], "trans": [-449.6068458915288, 1092.7704808166247, -271.936367461608]}], "rb_ScNup133N_56-480_renamed_1.pdb_6": [{"rot": [[-0.08392460963164522, 0.9955319307859825, 0.043276260047649284], [-0.6430675295525414, -0.08728458592666416, 0.7608190017966192], [0.7611969602759652, 0.03602188008900403, 0.6475195841219679]], "trans": [130.55487028437014, 1212.5781831101574, -318.720531374797]}], "rb_ScNup133N_56-480_renamed_1.pdb_7": [{"rot": [[-0.49780551639370946, 0.6449518059317068, 0.5798507013649503], [-0.3517216184681282, -0.7612590534576229, 0.5447720226213593], [0.7927682958785343, 0.0672444908839116, 0.6058024492320998]], "trans": [625.394201805446, 885.7224286586193, -356.5307442777488]}], "rb_ScNup133C_490_881_renamed_relative_3CQC_1.pdb_7": [{"rot": [[0.7832604303814471, 0.36205015844818617, -0.5053936890843763], [-0.27360158676899776, 0.9307165872783191, 0.24271136331553866], [0.5582519770821762, -0.05182969161247368, 0.8280509725561579]], "trans": [185.5314172451479, 97.99697654062348, -246.7207909039838]}], "rb_ScNup133C_490_881_renamed_relative_3CQC_1.pdb_8": [{"rot": [[0.37343603853386353, 0.9117935043108614, -0.17081607248925718], [-0.7133224777043246, 0.39996432237213075, 0.5754994210519824], [0.5930569685332931, -0.09306527991642574, 0.7997638937512614]], "trans": [-119.97545808332171, 63.00387362217299, -222.15850496605543]}], "rb_ScNup133C_490_881_renamed_relative_3CQC_1.pdb_9": [{"rot": [[-0.22641630765042997, 0.9265396250703273, 0.3004329855466676], [-0.7334148748602716, -0.36514491829356366, 0.5733862659482524], [0.6409666738322977, -0.09051801930513617, 0.7622127073313832]], "trans": [-360.7463223581232, 254.98523975548335, -203.8604179273591]}], "rb_ScNup133C_490_881_renamed_relative_3CQC_1.pdb_10": [{"rot": [[-0.6648946458585937, 0.397650035265386, 0.6322891422142355], [-0.32210836868008486, -0.9163993534965078, 0.2376098140596007], [0.6739149120881885, -0.04568013096107308, 0.7373954277730161]], "trans": [-395.73229507862777, 561.4758005175785, -202.52180227700387]}], "rb_ScNup133C_490_881_renamed_relative_3CQC_1.pdb_11": [{"rot": [[-0.685132183023716, -0.3650442860530114, 0.6303463817657758], [0.2796478900941446, -0.9308663624072799, -0.23512735464962875], [0.672600140760505, 0.015181717909585724, 0.7398503673650931]], "trans": [-204.43618678368495, 802.9291806922955, -218.90283303626165]}], "rb_ScNup133C_490_881_renamed_relative_3CQC_1.pdb_12": [{"rot": [[-0.27527348452519496, -0.9147462514666173, 0.29574280066491887], [0.7193366003092246, -0.4000709672211249, -0.5678891411554906], [0.63779257143128, 0.056413798086339284, 0.7681393878799276]], "trans": [101.07995835166486, 837.8987024758042, -243.38326651263924]}], "rb_ScNup133C_490_881_renamed_relative_3CQC_1.pdb_13": [{"rot": [[0.3245804450488872, -0.929432698838429, -0.17550610536895977], [0.7393819159103475, 0.3650394053468358, -0.5657389989816615], [0.5898829690003009, 0.05386177562931488, 0.8056903822247399]], "trans": [341.842388068751, 645.898843732248, -261.59811470037585]}], "rb_ScNup133C_490_881_renamed_relative_3CQC_1.pdb_14": [{"rot": [[0.7630267158136265, -0.4005001002191316, -0.5073360825716391], [0.3280410083794256, 0.9162523109900379, -0.22993651173057503], [0.5569374540970298, 0.009020661277354014, 0.8305054484433189]], "trans": [376.81098962830924, 339.4059457067893, -262.85285780054954]}], "rb_ScNup84_506-726_ScNup133C_882_1155_renamed_relative_3CQC_new_1.pdb_14": [{"rot": [[0.9766992555808253, 0.1895333900817514, 0.10067600603906839], [-0.20387124572525223, 0.9659423218375743, 0.1593485050117126], [-0.06704535266738258, -0.17616050898868518, 0.9820755550152706]], "trans": [-73.6838652095771, 86.75775502751702, 96.87301808181417]}], "rb_ScNup84_506-726_ScNup133C_882_1155_renamed_relative_3CQC_new_1.pdb_15": [{"rot": [[0.5473706055853828, 0.8118649982471713, 0.20312716401852843], [-0.8363614567380222, 0.5392946754474391, 0.09828919939185894], [-0.029747837301943636, -0.22368834939522408, 0.9742066456972541]], "trans": [-304.87508740174667, 257.53290470983643, 114.51072658574006]}], "rb_ScNup84_506-726_ScNup133C_882_1155_renamed_relative_3CQC_new_1.pdb_16": [{"rot": [[-0.20216022838016123, 0.9513402746383703, 0.2325573561774993], [-0.9788715449926422, -0.2037222212992349, -0.017542945950447225], [0.030687790161493006, -0.2311902645006765, 0.9724244552329546]], "trans": [-348.0328673355534, 542.2391300584476, 116.60667694959395]}], "rb_ScNup84_506-726_ScNup133C_882_1155_renamed_relative_3CQC_new_1.pdb_17": [{"rot": [[-0.8328075153940316, 0.5262526357439881, 0.1717259609835466], [-0.5479170913973124, -0.8278385937500021, -0.12029182704043359], [0.07885748701249891, -0.19427152665926553, 0.9777730159252449]], "trans": [-177.87285566181345, 774.0916267015368, 101.95703679851658]}], "rb_ScNup84_506-726_ScNup133C_882_1155_renamed_relative_3CQC_new_1.pdb_18": [{"rot": [[-0.9751291825967565, -0.21437558583593844, 0.0562688674639599], [0.20404270867402788, -0.9674382708823515, -0.14976570057636276], [0.0865427656430292, -0.13455965305269316, 0.9871190655058748]], "trans": [105.92472686409599, 817.2680497805585, 79.16777679412178]}], "rb_ScNup84_506-726_ScNup133C_882_1155_renamed_relative_3CQC_new_1.pdb_19": [{"rot": [[-0.5457511906054723, -0.8366739350419637, -0.04617753105246819], [0.8364992017064062, -0.5407417934767054, -0.08869835585927069], [0.049241481468890624, -0.08703470117710743, 0.9949875563512124]], "trans": [337.109168191847, 646.4751586634361, 61.61317167673661]}], "rb_ScNup84_506-726_ScNup133C_882_1155_renamed_relative_3CQC_new_1.pdb_20": [{"rot": [[0.20379077864163914, -0.9760912645024751, -0.07559868982059509], [0.9789504564449041, 0.2022860255823769, 0.02713609552600964], [-0.01119474729259965, -0.07953745794304783, 0.9967690155783384]], "trans": [380.25127623028516, 361.76595394152434, 59.60096154524393]}], "rb_ScNup84_506-726_ScNup133C_882_1155_renamed_relative_3CQC_new_1.pdb_21": [{"rot": [[0.8344044710178543, -0.5509549368351588, -0.014759279195713439], [0.5479465193010172, 0.8263690131978368, 0.12988019869221648], [-0.059361525682135034, -0.11645991414815604, 0.9914198392534262]], "trans": [210.07970912603264, 129.9272189358852, 74.33393236802183]}], "rb_4XMM.renamed.noAb_Nup145c_149-550_Sec13_Nup84_7-436_3IKO_updated_1.pdb_21": [{"rot": [[0.9976028035466022, 0.009608475502837187, 0.06852972752368827], [-0.008288368401734754, 0.9997750783604482, -0.019521670999106174], [-0.06870188720258494, 0.01890687409043589, 0.9974580596731535]], "trans": [-24.091517704899275, 11.00851051204512, 29.539238179531253]}], "rb_4XMM.renamed.noAb_Nup145c_149-550_Sec13_Nup84_7-436_3IKO_updated_1.pdb_22": [{"rot": [[0.7000411641254777, 0.7120166990018505, 0.0545397916420155], [-0.7128923164373023, 0.7012581110454444, -0.004648317720699936], [-0.041556151103096475, -0.03562698465326037, 0.998500778302157]], "trans": [-324.4505438714523, 165.14136168373105, 52.77102159068443]}], "rb_4XMM.renamed.noAb_Nup145c_149-550_Sec13_Nup84_7-436_3IKO_updated_1.pdb_23": [{"rot": [[-0.007114627676929053, 0.9984539525758199, 0.05512791179376294], [-0.9998433826748395, -0.0079962514165548, 0.01578828947725262], [0.016204696675746692, -0.05500695000638989, 0.9983544677401115]], "trans": [-428.2663452230913, 487.1490056346033, 59.5203028428611]}], "rb_4XMM.renamed.noAb_Nup145c_149-550_Sec13_Nup84_7-436_3IKO_updated_1.pdb_24": [{"rot": [[-0.7096027381261035, 0.701121254315839, 0.0699495589015428], [-0.7010415865023633, -0.7124968030087995, 0.02981609794202942], [0.07074353707714455, -0.027879965007577924, 0.9971048387772423]], "trans": [-274.7202481859635, 788.3949410256408, 45.85726271485726]}], "rb_4XMM.renamed.noAb_Nup145c_149-550_Sec13_Nup84_7-436_3IKO_updated_1.pdb_25": [{"rot": [[-0.9958957270385624, -0.005799708746349691, 0.09032200310439344], [0.00847076677696354, -0.9995371871507758, 0.029217419682864825], [0.0901107483963086, 0.029862600040382974, 0.9954839416797665]], "trans": [46.24019193487743, 892.4051681322646, 19.80990766370968]}], "rb_4XMM.renamed.noAb_Nup145c_149-550_Sec13_Nup84_7-436_3IKO_updated_1.pdb_26": [{"rot": [[-0.6982791247782436, -0.708184668863337, 0.10431077933682165], [0.7130513364879302, -0.7009650995426975, 0.014342968865340922], [0.06296074516479294, 0.08439433636223014, 0.9944413208220342]], "trans": [346.59373711370057, 738.2491461663911, -3.338849552726458]}], "rb_4XMM.renamed.noAb_Nup145c_149-550_Sec13_Nup84_7-436_3IKO_updated_1.pdb_27": [{"rot": [[0.008899066656666454, -0.9945666127706544, 0.10372106524012611], [0.9999468903078196, 0.00831172102818828, -0.006093591491880268], [0.005198382090665005, 0.10376978392314339, 0.9945877582034592]], "trans": [450.3909589390286, 416.2337631907186, -10.004135658399548]}], "rb_4XMM.renamed.noAb_Nup145c_149-550_Sec13_Nup84_7-436_3IKO_updated_1.pdb_28": [{"rot": [[0.7113638915110978, -0.6971789597419861, 0.08889832364711983], [0.7010899675816319, 0.7127889122682858, -0.020120236176037493], [-0.0493383340879317, 0.0766385323481291, 0.9958374687412357]], "trans": [296.8278946640202, 115.00028776447562, 3.7426728291142126]}], "rb_4XMM.renamed.noAb_Seh1_Nup85_47_544_3F3F_1.pdb_28": [{"rot": [[0.6808123509968951, -0.7178903342876702, 0.1453547751758547], [0.2957077743785229, 0.4509475310035285, 0.8421420524198562], [-0.670113016514518, -0.5303581735187688, 0.5192964017588169]], "trans": [488.2583700218853, -86.36941165879375, 746.6746389022096]}], "rb_4XMM.renamed.noAb_Seh1_Nup85_47_544_3F3F_1.pdb_29": [{"rot": [[0.6778799272108055, -0.2015139434107628, 0.7070155124859159], [-0.30931498412218206, 0.7942599418440329, 0.5229487406805883], [-0.6669355627661286, -0.5731869462862554, 0.476081589357192]], "trans": [-15.697545197407521, -223.49387111484992, 787.551459399839]}], "rb_4XMM.renamed.noAb_Seh1_Nup85_47_544_3F3F_1.pdb_30": [{"rot": [[0.24932904471064782, 0.40575198987060324, 0.8793181165992923], [-0.7348767948131343, 0.6706257528158317, -0.10108014693983286], [-0.6307068446662483, -0.6209882626718879, 0.4653842001130894]], "trans": [-468.8362990865525, 37.06985170148165, 822.4428966805298]}], "rb_4XMM.renamed.noAb_Seh1_Nup85_47_544_3F3F_1.pdb_31": [{"rot": [[-0.3537891469675419, 0.7481625193905443, 0.5613252925596502], [-0.7316775485700437, 0.152471615093711, -0.6643796892660484], [-0.5826501561027123, -0.6457594375384018, 0.4934709154788928]], "trans": [-605.7009070215954, 542.6799708110815, 830.9330597171745]}], "rb_4XMM.renamed.noAb_Seh1_Nup85_47_544_3F3F_1.pdb_32": [{"rot": [[-0.7781595071721779, 0.6251287289678134, -0.06067827961176914], [-0.30159140895148495, -0.4566604714713696, -0.8369610718798152], [-0.5509177828353484, -0.6329891673754277, 0.5438881415706279]], "trans": [-346.11223854395223, 997.1430661320462, 808.0722961927938]}], "rb_4XMM.renamed.noAb_Seh1_Nup85_47_544_3F3F_1.pdb_33": [{"rot": [[-0.7751798952733053, 0.10872554780849078, -0.6223141370865805], [0.3034310992394218, -0.7999323418071649, -0.5177236874484936], [-0.5540989965506414, -0.5901584565052449, 0.5871007564608681]], "trans": [157.86091749121152, 1134.2283652908898, 767.2767686179225]}], "rb_4XMM.renamed.noAb_Seh1_Nup85_47_544_3F3F_1.pdb_34": [{"rot": [[-0.3465958099338118, -0.49853075927943774, -0.7945680754904494], [0.728959259887078, -0.6762504941375947, 0.10631870298092749], [-0.5903301973990596, -0.5423581392686297, 0.5977942010490408]], "trans": [610.9858935962611, 873.6294839328234, 732.4690771640455]}], "rb_4XMM.renamed.noAb_Seh1_Nup85_47_544_3F3F_1.pdb_35": [{"rot": [[0.2565221486188241, -0.8409008852899339, -0.4765313089258576], [0.7257126765370213, -0.15806949874154522, 0.6695932680971883], [-0.6383866370636673, -0.5175903154872643, 0.569704104717826]], "trans": [747.817603045959, 368.0090379968092, 724.0640631744795]}], "rb_4XMM.renamed.noAb_Nup120_715-1036_Nup85_553-744_Nup145c_92-99_554-712_remaining_updated_1.pdb_35": [{"rot": [[0.9850687814998499, -0.08168553201732204, 0.1515485716641731], [0.0673177417729473, 0.9929429488047518, 0.09763514767499398], [-0.15845446461679372, -0.08597542833841629, 0.9836159862288912]], "trans": [5.954383831106952, -61.2871285601251, 136.1805465981942]}], "rb_4XMM.renamed.noAb_Nup120_715-1036_Nup85_553-744_Nup145c_92-99_554-712_remaining_updated_1.pdb_36": [{"rot": [[0.742682473806471, 0.6404045404261882, 0.1957160384389225], [-0.6557673934305628, 0.7547267032456204, 0.01888727405649783], [-0.13561662440124594, -0.14237144379938843, 0.9804787112306372]], "trans": [-352.009224900077, 98.9883082324643, 163.97388534987755]}], "rb_4XMM.renamed.noAb_Nup120_715-1036_Nup85_553-744_Nup145c_92-99_554-712_remaining_updated_1.pdb_37": [{"rot": [[0.06152858470764405, 0.9832696551127212, 0.1714497553173725], [-0.9949202172505384, 0.07413265623280746, -0.06810367527536446], [-0.07967430307205799, -0.16638850505482955, 0.9828361362992322]], "trans": [-492.2426986662983, 466.19974544774755, 173.4059427933948]}], "rb_4XMM.renamed.noAb_Nup120_715-1036_Nup85_553-744_Nup145c_92-99_554-712_remaining_updated_1.pdb_38": [{"rot": [[-0.659363333292702, 0.7460545934607888, 0.09296525310671908], [-0.7514602234384219, -0.650137603117519, -0.11237717562960248], [-0.023399301250598907, -0.1439570789807385, 0.9893072485897996]], "trans": [-332.59337790406, 825.2296622789269, 158.9752915875103]}], "rb_4XMM.renamed.noAb_Nup120_715-1036_Nup85_553-744_Nup145c_92-99_554-712_remaining_updated_1.pdb_39": [{"rot": [[-0.9976846300539204, 0.06772328331846271, 0.00623985983344421], [-0.06800970915526429, -0.9937963446672803, -0.08799718624234848], [0.00024169151859494437, -0.08821781125442546, 0.9961011792798412]], "trans": [33.41582756795896, 965.753387919649, 129.1596155819998]}], "rb_4XMM.renamed.noAb_Nup120_715-1036_Nup85_553-744_Nup145c_92-99_554-712_remaining_updated_1.pdb_40": [{"rot": [[-0.7552419196030055, -0.6543482293614096, -0.037921466294922546], [0.6550563776796094, -0.7555234320283709, -0.009245848654506374], [-0.022600551666668234, -0.031823550833639594, 0.9992379479767082]], "trans": [391.37347779371663, 805.4502593002271, 101.4493630831094]}], "rb_4XMM.renamed.noAb_Nup120_715-1036_Nup85_553-744_Nup145c_92-99_554-712_remaining_updated_1.pdb_41": [{"rot": [[-0.0740615601643207, -0.9971602712426305, -0.013648397757685587], [0.9941557281665062, -0.07490249707273228, 0.07774319318110602], [-0.07854472267283237, -0.00781085063194914, 0.9968799913493374]], "trans": [531.5848474073606, 438.22822623521165, 92.10159562043594]}], "rb_4XMM.renamed.noAb_Nup120_715-1036_Nup85_553-744_Nup145c_92-99_554-712_remaining_updated_1.pdb_42": [{"rot": [[0.6468113890598847, -0.7598887145413897, 0.0648395596457753], [0.7506391614893597, 0.6493491197474398, 0.12201053201169709], [-0.1348179373116753, -0.03024668900657721, 0.9904086336372305]], "trans": [371.9140524481695, 79.2112503199346, 106.6163720783214]}], "rb_4XMM.renamed.noAb_Nup120_2-711_3F7F_updated_1.pdb_42": [{"rot": [[0.9984663268912187, 0.04467068574363188, -0.032703576250140844], [-0.043660407604231205, 0.9985659547821527, 0.030980683624432095], [0.03404060622532277, -0.02950531791386848, 0.9989848213774878]], "trans": [-16.008417712325013, 18.524599371900877, -2.4641920017073744]}], "rb_4XMM.renamed.noAb_Nup120_2-711_3F7F_updated_1.pdb_43": [{"rot": [[0.6777475487497655, 0.735064292169244, 0.018405068361988425], [-0.7325945800684425, 0.6729040590868685, 0.1024954073056728], [0.06295586881318951, -0.08294946438731057, 0.9945631930349281]], "trans": [-314.05400613913787, 162.91593964391194, 20.63059314721363]}], "rb_4XMM.renamed.noAb_Nup120_2-711_3F7F_updated_1.pdb_44": [{"rot": [[-0.0347433004542117, 0.9938685279866091, 0.10496786246882955], [-0.992043311895997, -0.047014243008785095, 0.11678924726501307], [0.12100814185816516, -0.10007502201867184, 0.9875940560635187]], "trans": [-423.1000868894293, 476.39704440955506, 27.838245692960868]}], "rb_4XMM.renamed.noAb_Nup120_2-711_3F7F_updated_1.pdb_45": [{"rot": [[-0.7216190351360489, 0.6694722227141907, 0.1762751007471981], [-0.6700178777551955, -0.7394506592891135, 0.06548867051112799], [0.17418958527345302, -0.07084959767713832, 0.9821600291659429]], "trans": [-279.26401497067695, 775.3263792087189, 14.96042604752131]}], "rb_4XMM.renamed.noAb_Nup120_2-711_3F7F_updated_1.pdb_46": [{"rot": [[-0.9804981649712675, -0.04808869403152467, 0.19055399758156613], [0.04483468247565947, -0.998766173743632, -0.02135372175542435], [0.1913457596480254, -0.012393857020463531, 0.9814444419185798]], "trans": [33.19492393776443, 884.5870416076118, -10.434852562363176]}], "rb_4XMM.renamed.noAb_Nup120_2-711_3F7F_updated_1.pdb_47": [{"rot": [[-0.6597256455066656, -0.7384569196119707, 0.1394397738739154], [0.7337436595922339, -0.6730501016561293, -0.09286443166716664], [0.16242633613119903, 0.041048002848729184, 0.9858664954207144]], "trans": [331.23579109155463, 740.172711792802, -33.44667295240714]}], "rb_4XMM.renamed.noAb_Nup120_2-711_3F7F_updated_1.pdb_48": [{"rot": [[0.05278545846286836, -0.9972050132901417, 0.05287586258274202], [0.9931364611830612, 0.046888489347918616, -0.1071514770567905], [0.10437272078300239, 0.058168986888842575, 0.9928356883798422]], "trans": [440.2639574750408, 426.6834572070352, -40.57038137026876]}], "rb_4XMM.renamed.noAb_Nup120_2-711_3F7F_updated_1.pdb_49": [{"rot": [[0.7396360958254156, -0.672754693441244, -0.018427376506435455], [0.6710571266377322, 0.7392994215242077, -0.055845305287714274], [0.05119354003038551, 0.02893938124330326, 0.998269369294885]], "trans": [296.4110992628941, 127.76582018032252, -27.608804079289428]}]}
