{"rb_ScNup133N_56-480_renamed_1.pdb_0": [{"rot": [[0.7794047198266788, -0.3335511800760656, -0.5303507263893957], [0.31285303881894916, 0.940611691841248, -0.1318052399310948], [0.5428178873375901, -0.0631922102905764, 0.8374696924336701]], "trans": [363.6065057041184, -127.1553061934128, -257.9069697070508]}], "rb_ScNup133N_56-480_renamed_1.pdb_1": [{"rot": [[0.7838418843187197, 0.425403806696501, -0.45235329294236765], [-0.29681213053877653, 0.8965413901043994, 0.32881011997002496], [0.5454305267884351, -0.12347119938591332, 0.8290117027940517]], "trans": [-152.68171257836633, -222.34647764999534, -216.2512135404333]}], "rb_ScNup133N_56-480_renamed_1.pdb_2": [{"rot": [[0.35723159521841563, 0.931198125487462, -0.07249578240382082], [-0.730882941801005, 0.3270231921478023, 0.5990542188999], [0.5815459678838928, -0.16101516352846323, 0.7974198419602357]], "trans": [-584.9854217379861, 76.60449443313834, -183.20723043040306]}], "rb_ScNup133N_56-480_renamed_1.pdb_3": [{"rot": [[-0.25051182491419965, 0.887530332649177, 0.38669591956186555], [-0.7350745933318839, -0.43431111145897827, 0.5206142532636144], [0.6300072760025246, -0.153830319153626, 0.7612010674539091]], "trans": [-680.0531001274724, 594.5680321961619, -178.10864670179063]}], "rb_ScNup133N_56-480_renamed_1.pdb_4": [{"rot": [[-0.6833637113832157, 0.31998163694219334, 0.6562208393401946], [-0.3069315565623381, -0.9414611508494085, 0.13944146093442025], [0.6624251335439918, -0.10612564940248692, 0.7415728480655984]], "trans": [-382.19084795273557, 1028.113908726793, -203.91827969166178]}], "rb_ScNup133N_56-480_renamed_1.pdb_5": [{"rot": [[-0.687753325883484, -0.4389699332517289, 0.5781874786236522], [0.302733940751214, -0.8973312821330197, -0.32116776180486895], [0.659808702468711, -0.045847222451106756, 0.7500336714708695]], "trans": [134.1113409437716, 1123.2649533517078, -245.49247757753773]}], "rb_ScNup133N_56-480_renamed_1.pdb_6": [{"rot": [[-0.2611091703471837, -0.9447198468958502, 0.19830888039037564], [0.7367712539989815, -0.32777340463502175, -0.5913820376835369], [0.6236907249922604, -0.008306990733424113, 0.7816270680213047]], "trans": [566.3982777848764, 824.2804592950828, -278.4524841404961]}], "rb_ScNup133N_56-480_renamed_1.pdb_7": [{"rot": [[0.3466345932299286, -0.9009926735036625, -0.26087671622634734], [0.7409152051543056, 0.43355744624018633, -0.5129060338705703], [0.5752296215838268, -0.015496551306924539, 0.8178451805507672]], "trans": [661.4320930625131, 306.30987565183364, -283.4658578986764]}], "rb_ScNup133C_490_881_renamed_relative_3CQC_1.pdb_7": [{"rot": [[0.9947637347073618, 0.028044679623214667, -0.09827821760640625], [-0.005692400607274609, 0.9753249460030099, 0.22070080715654689], [0.1020426807095305, -0.21898572019439133, 0.9703775273905285]], "trans": [26.552968506272123, -57.85962505249594, 6.096692176234001]}], "rb_ScNup133C_490_881_renamed_relative_3CQC_1.pdb_8": [{"rot": [[0.7032340113879947, 0.703146906244713, 0.10510163398176858], [-0.6992210937837674, 0.6572738453717457, 0.28121336063222435], [0.12865374940117658, -0.27124807912449145, 0.9538724717362861]], "trans": [-337.56129795754987, 79.40203783458375, 34.492249311584374]}], "rb_ScNup133C_490_881_renamed_relative_3CQC_1.pdb_9": [{"rot": [[0.008151868504314486, 0.9564993348552367, 0.29162059162784953], [-0.982622722184468, -0.04641798233236455, 0.17971632302875817], [0.1854349829095714, -0.2880180434238121, 0.9394995868948772]], "trans": [-498.36779845153643, 434.7098879987469, 45.62202094619607]}], "rb_ScNup133C_490_881_renamed_relative_3CQC_1.pdb_10": [{"rot": [[-0.683293773984204, 0.6396845405054974, 0.3520132200254597], [-0.6898766159292853, -0.7235179423854823, -0.024331909917510705], [0.23912313403010482, -0.2594715315493148, 0.9356787114640751]], "trans": [-361.6619042753895, 799.9196937683182, 32.990034827920226]}], "rb_ScNup133C_490_881_renamed_relative_3CQC_1.pdb_11": [{"rot": [[-0.9660443093242277, -0.06170290318582686, 0.25090066592321847], [0.0075224282173961265, -0.9773713310790544, -0.21139700626657357], [0.25826692683343744, -0.20233149266289738, 0.9446481681455874]], "trans": [-7.5259424513402, 961.0865182604014, 4.020291437033563]}], "rb_ScNup133C_490_881_renamed_relative_3CQC_1.pdb_12": [{"rot": [[-0.6744604871310227, -0.7367803421414024, 0.04751608920123186], [0.7010282168679279, -0.6592672539836061, -0.2718935949592909], [0.23165165756789868, -0.15007136721877148, 0.9611535227460448]], "trans": [356.5841606062855, 823.7966800304881, -24.2923201735141]}], "rb_ScNup133C_490_881_renamed_relative_3CQC_1.pdb_13": [{"rot": [[0.02064377822273844, -0.9900778940291642, -0.13899495737422876], [0.9843752805992089, 0.04444443527086189, -0.17038192133756835], [0.17486892624453768, -0.13330587356987478, 0.9755257058149996]], "trans": [517.3694859131415, 468.4766188955601, -35.33786801325391]}], "rb_ScNup133C_490_881_renamed_relative_3CQC_1.pdb_14": [{"rot": [[0.7120666071226813, -0.6732102814577793, -0.19937167291350189], [0.6915749142838555, 0.7215195067842641, 0.03367104487639101], [0.12118285750909091, -0.16185647428919142, 0.9793452898628763]], "trans": [380.641636170648, 103.27795347649999, -22.621709514254746]}], "rb_ScNup84_506-726_ScNup133C_882_1155_renamed_relative_3CQC_new_1.pdb_14": [{"rot": [[0.9793334191753532, 0.2021868514772471, 0.005150842264287404], [-0.20214808260261366, 0.9776925183924957, 0.05703939147140455], [0.006496675026567762, -0.05690181516488624, 0.9983586412930688]], "trans": [-50.95340975067518, 110.57701422963694, 14.263993893818622]}], "rb_ScNup84_506-726_ScNup133C_882_1155_renamed_relative_3CQC_new_1.pdb_15": [{"rot": [[0.5519067405039318, 0.8314769626104017, 0.06360039649646938], [-0.8327635139092644, 0.5455547334691603, 0.09420702039067892], [0.04363346981185358, -0.10495757922882927, 0.9935190118334948]], "trans": [-273.6012804240248, 253.59768553237467, 31.35578302406566]}], "rb_ScNup84_506-726_ScNup133C_882_1155_renamed_relative_3CQC_new_1.pdb_16": [{"rot": [[-0.19495718307906296, 0.9720044868100272, 0.1311448603150489], [-0.9752976438296875, -0.206278748997057, 0.07901635053879913], [0.10385664497824867, -0.11250046814740855, 0.9882092096112428]], "trans": [-330.27973159833846, 512.6262334346179, 34.65434863219889]}], "rb_ScNup84_506-726_ScNup133C_882_1155_renamed_relative_3CQC_new_1.pdb_17": [{"rot": [[-0.8237349343573902, 0.541446418961892, 0.16821573443816223], [-0.5462519693252678, -0.8373732741253432, 0.020366290503441277], [0.15188661536650894, -0.07511175123738659, 0.9855397916363196]], "trans": [-187.78381407027797, 735.9201990678872, 22.251349376385633]}], "rb_ScNup84_506-726_ScNup133C_882_1155_renamed_relative_3CQC_new_1.pdb_18": [{"rot": [[-0.9660796408659131, -0.20797025391980936, 0.1530963781051645], [0.2030325039352953, -0.9780247706627442, -0.04738512758083548], [0.15958674710060908, -0.014694266045562746, 0.9870745405972284]], "trans": [70.41226781904538, 792.670945714477, 1.4366420041569654]}], "rb_ScNup84_506-726_ScNup133C_882_1155_renamed_relative_3CQC_new_1.pdb_19": [{"rot": [[-0.538603766471577, -0.8372266780858888, 0.09464392343885002], [0.8336143666048907, -0.5458376087515492, -0.08454816770526687], [0.12244619443885575, 0.03335857271615143, 0.9919143789127082]], "trans": [293.055522073375, 649.6332025984668, -15.572219517274618]}], "rb_ScNup84_506-726_ScNup133C_882_1155_renamed_relative_3CQC_new_1.pdb_20": [{"rot": [[0.2082712941955867, -0.9776955677442766, 0.027100642562356635], [0.9760898723274064, 0.2060068783216807, -0.06935219696609525], [0.062222416812296615, 0.040896734556117254, 0.9972240610558312]], "trans": [349.7203044199039, 390.600613264573, -18.787199382520896]}], "rb_ScNup84_506-726_ScNup133C_882_1155_renamed_relative_3CQC_new_1.pdb_21": [{"rot": [[0.8370155996583982, -0.5470882667217446, -0.009965658226605499], [0.5469948609459617, 0.8370675890221794, -0.010699229285514752], [0.014195352309834508, 0.0035042579804007708, 0.9998931003606369]], "trans": [207.2134997258679, 167.31823769927962, -6.300912154117611]}], "rb_4XMM.renamed.noAb_Nup145c_149-550_Sec13_Nup84_7-436_3IKO_updated_1.pdb_21": [{"rot": [[0.9962774651888934, -0.008550273058508475, 0.08577939838573982], [0.009273299650087686, 0.9999247277029178, -0.008033980448460414], [-0.0857042488467999, 0.008799531741604479, 0.9962817623397185]], "trans": [-22.125718828428717, -3.435972864226869, 43.4427607759863]}], "rb_4XMM.renamed.noAb_Nup145c_149-550_Sec13_Nup84_7-436_3IKO_updated_1.pdb_22": [{"rot": [[0.7111462502279406, 0.6990488881429076, 0.07484425677969507], [-0.7005197346204266, 0.7135793842571327, -0.008750072601942736], [-0.059524047191595306, -0.04620729757708122, 0.997156844962996]], "trans": [-332.96525868286676, 154.34307672152238, 67.49216554675962]}], "rb_4XMM.renamed.noAb_Nup145c_149-550_Sec13_Nup84_7-436_3IKO_updated_1.pdb_23": [{"rot": [[0.009125568928163186, 0.9977377341943172, 0.06660433737023402], [-0.9999561312843506, 0.009245946885009348, -0.001499324192663208], [-0.002111752488446944, -0.06658773333723109, 0.997778339246968]], "trans": [-441.62444088724635, 486.36232897971655, 74.57878304134749]}], "rb_4XMM.renamed.noAb_Nup145c_149-550_Sec13_Nup84_7-436_3IKO_updated_1.pdb_24": [{"rot": [[-0.6985309651134226, 0.7125401275660754, 0.06588670113028261], [-0.7136218271227648, -0.7004671256993952, 0.009470674125669633], [0.052899703512185516, -0.04040262890640508, 0.9977821650770143]], "trans": [-284.44727107250907, 798.120341261228, 60.57517771130051]}], "rb_4XMM.renamed.noAb_Nup145c_149-550_Sec13_Nup84_7-436_3IKO_updated_1.pdb_25": [{"rot": [[-0.9972681762981261, 0.010528847507260151, 0.07311174948787538], [-0.00925549482721505, -0.9997999086218133, 0.017733542661200113], [0.07328383422360199, 0.017008412329846387, 0.9971660812279493]], "trans": [46.491561825041174, 906.9849909787536, 33.708863910981734]}], "rb_4XMM.renamed.noAb_Nup145c_149-550_Sec13_Nup84_7-436_3IKO_updated_1.pdb_26": [{"rot": [[-0.7120815941192709, -0.6970479997646261, 0.08404694724195262], [0.7005151365782804, -0.7133990370540539, 0.018448776519368146], [0.04709932845881172, 0.07201319291964581, 0.9962909983053378]], "trans": [357.32533659573954, 749.1819481313853, 9.742511980829022]}], "rb_4XMM.renamed.noAb_Nup145c_149-550_Sec13_Nup84_7-436_3IKO_updated_1.pdb_27": [{"rot": [[-0.010037539548038654, -0.9956819202841658, 0.09228630136188755], [0.9998964234504792, -0.009042179812799311, 0.011197381621261479], [-0.010314561103639888, 0.09238913682608238, 0.9956695522239144]], "trans": [465.96515856195066, 417.1545770371954, 2.7399537082747543]}], "rb_4XMM.renamed.noAb_Nup145c_149-550_Sec13_Nup84_7-436_3IKO_updated_1.pdb_28": [{"rot": [[0.6975966814265735, -0.7104289526727335, 0.09300308202932918], [0.7135065866635032, 0.7006484846983367, 0.00022732734285905998], [-0.06532396842222586, 0.06619972880795648, 0.9956657948605669]], "trans": [308.77020153364197, 105.40931006427206, 16.827391366639176]}], "rb_4XMM.renamed.noAb_Seh1_Nup85_47_544_3F3F_1.pdb_28": [{"rot": [[0.6504751447064253, -0.7330126425645265, 0.19893353653852136], [0.24597290168655378, 0.4511046877161272, 0.8579055264750488], [-0.7185954479086618, -0.5091139622531515, 0.47373363368442034]], "trans": [494.7229986748651, -68.76318361828953, 768.9644405167644]}], "rb_4XMM.renamed.noAb_Seh1_Nup85_47_544_3F3F_1.pdb_29": [{"rot": [[0.6203515867545196, -0.21170401218606305, 0.7552121026807447], [-0.32589448338676974, 0.8062523726808667, 0.4937103373887788], [-0.7134120089465966, -0.5523934492468159, 0.43116676903488876]], "trans": [1.7383575774219366, -214.31667348571386, 809.0077937455245]}], "rb_4XMM.renamed.noAb_Seh1_Nup85_47_544_3F3F_1.pdb_30": [{"rot": [[0.1959376179387399, 0.40739342844676385, 0.891986011288788], [-0.7087332620381616, 0.6874848789912972, -0.1583088893242131], [-0.6777208962081934, -0.6011614888003978, 0.4234374230344434]], "trans": [-449.5812550512148, 32.50671833499992, 843.8210874021104]}], "rb_4XMM.renamed.noAb_Seh1_Nup85_47_544_3F3F_1.pdb_31": [{"rot": [[-0.37413907457166906, 0.7616036693373307, 0.5291311781879484], [-0.6782710797068574, 0.16437787907242973, -0.7161900971843586], [-0.6324304667802987, -0.6268490757140518, 0.4550735555539237]], "trans": [-594.844533187388, 527.1144855006321, 853.0342080962403]}], "rb_4XMM.renamed.noAb_Seh1_Nup85_47_544_3F3F_1.pdb_32": [{"rot": [[-0.7559195262227455, 0.6434253570075473, -0.12078691913815523], [-0.2523531123193061, -0.4566251707145637, -0.8531186085021545], [-0.604072492816828, -0.6144080593787835, 0.5075422740939493]], "trans": [-348.9522869474423, 979.7585408312174, 831.2739847214775]}], "rb_4XMM.renamed.noAb_Seh1_Nup85_47_544_3F3F_1.pdb_33": [{"rot": [[-0.725751365332921, 0.12208901313440493, -0.6770370954307194], [0.31951188938552433, -0.8117319276614612, -0.4888797706556262], [-0.6092594753130152, -0.5711265625821236, 0.5501066635248423]], "trans": [144.05025207985415, 1125.2737312280985, 791.3118678510941]}], "rb_4XMM.renamed.noAb_Seh1_Nup85_47_544_3F3F_1.pdb_34": [{"rot": [[-0.30130752592252297, -0.49699918119876124, -0.8137601542900744], [0.7023173441124204, -0.692915846543497, 0.16315016937711618], [-0.6449528067861406, -0.52235949641666, 0.5578319043600941]], "trans": [595.3571585357745, 878.415323187778, 756.582233914795]}], "rb_4XMM.renamed.noAb_Seh1_Nup85_47_544_3F3F_1.pdb_35": [{"rot": [[0.2687668062237013, -0.8511686326080422, -0.45086180004128024], [0.6718104189254549, -0.16978106298631837, 0.7210028791027376], [-0.6902428303832736, -0.4966752958577543, 0.5261924415925185]], "trans": [740.5883965303237, 383.7965696390079, 747.4541970614895]}], "rb_4XMM.renamed.noAb_Nup120_715-1036_Nup85_553-744_Nup145c_92-99_554-712_remaining_updated_1.pdb_35": [{"rot": [[0.9972566546096169, -0.04012042956607208, 0.062205433591203], [0.03678510530009711, 0.99787035415475, 0.0538666160728052], [-0.06423410982411513, -0.05143060791501572, 0.9966086853447527]], "trans": [3.676728323301063, -35.888975666625925, 62.276398110444774]}], "rb_4XMM.renamed.noAb_Nup120_715-1036_Nup85_553-744_Nup145c_92-99_554-712_remaining_updated_1.pdb_36": [{"rot": [[0.7316604203437758, 0.6740284749618682, 0.10177742501629508], [-0.6805195769655229, 0.7309070391678762, 0.05165273914822585], [-0.039574419377108906, -0.10705379505382767, 0.99346532415356]], "trans": [-337.1795281012696, 114.29573174182877, 88.755271117272]}], "rb_4XMM.renamed.noAb_Nup120_715-1036_Nup85_553-744_Nup145c_92-99_554-712_remaining_updated_1.pdb_37": [{"rot": [[0.03816321466194761, 0.9910126538355069, 0.1282087710906383], [-0.9991225880519718, 0.03562710668361213, 0.022017341203788773], [0.017251756171347603, -0.12893653170168695, 0.9915027724125355]], "trans": [-472.4247263776562, 462.2396593904426, 97.8834776489195]}], "rb_4XMM.renamed.noAb_Nup120_715-1036_Nup85_553-744_Nup145c_92-99_554-712_remaining_updated_1.pdb_38": [{"rot": [[-0.6769745210368522, 0.7251383055937443, 0.12601561660190277], [-0.732381791762352, -0.6806646554017123, -0.017678743785543724], [0.07295484193589336, -0.10425960218369085, 0.9918707206035507]], "trans": [-322.82840905899235, 804.1124652484573, 84.33759051262263]}], "rb_4XMM.renamed.noAb_Nup120_715-1036_Nup85_553-744_Nup145c_92-99_554-712_remaining_updated_1.pdb_39": [{"rot": [[-0.9948150177381937, 0.0321583722649153, 0.09648274237306807], [-0.03655770760835021, -0.9983544331446685, -0.04418098951822234], [0.09490318486214817, -0.04747909975618773, 0.9943536194882393]], "trans": [23.9757052006384, 939.6403560328645, 56.07698629101907]}], "rb_4XMM.renamed.noAb_Nup120_715-1036_Nup85_553-744_Nup145c_92-99_554-712_remaining_updated_1.pdb_40": [{"rot": [[-0.7291628309234277, -0.681969730189892, 0.05691092254091213], [0.6807261047930325, -0.7313350753175669, -0.04196400676237912], [0.07023913619227673, 0.008142156653706885, 0.9974969518910763]], "trans": [364.8267896691971, 789.4292991740779, 29.681130312830533]}], "rb_4XMM.renamed.noAb_Nup120_715-1036_Nup85_553-744_Nup145c_92-99_554-712_remaining_updated_1.pdb_41": [{"rot": [[-0.03564075732447819, -0.9988996901464072, 0.030481887125771587], [0.9992746744353115, -0.03603028670846914, -0.01232653527584391], [0.013411243400175993, 0.030020450781361355, 0.999459309369493]], "trans": [500.05138640397473, 441.4751665510561, 20.637092092835587]}], "rb_4XMM.renamed.noAb_Nup120_715-1036_Nup85_553-744_Nup145c_92-99_554-712_remaining_updated_1.pdb_42": [{"rot": [[0.6794761936831522, -0.7329694683496683, 0.03267813772323508], [0.732477757687208, 0.680240583717896, 0.02736937625622304], [-0.04228991264325309, 0.005339169442848523, 0.9990911152433923]], "trans": [350.4349333101891, 99.61451200281476, 34.26700164243272]}], "rb_4XMM.renamed.noAb_Nup120_2-711_3F7F_updated_1.pdb_42": [{"rot": [[0.9994004586105326, 0.033211320433377337, -0.00978424877703805], [-0.027408083644274037, 0.9315706868078398, 0.36252565761794103], [0.02115467513359436, -0.36204014097257736, 0.9319224302722576]], "trans": [-16.327146072808887, -51.000313401481094, 222.95554227978025]}], "rb_4XMM.renamed.noAb_Nup120_2-711_3F7F_updated_1.pdb_43": [{"rot": [[0.6896127718877693, 0.6731354103046437, 0.26706355843369645], [-0.7225031253154156, 0.6144541415359436, 0.3169153544067967], [0.049228637587549376, -0.41150313163246727, 0.9100778614481005]], "trans": [-358.8379833066151, 126.96349700188384, 249.43113716882468]}], "rb_4XMM.renamed.noAb_Nup120_2-711_3F7F_updated_1.pdb_44": [{"rot": [[-0.01948854795018956, 0.9022627721931858, 0.4307459650572042], [-0.9940605035615665, -0.06362334015270615, 0.08829374749516408], [0.107069658436552, -0.42646683400011554, 0.8981437121865297]], "trans": [-475.67226831537647, 495.71592394086144, 256.9906367370491]}], "rb_4XMM.renamed.noAb_Nup120_2-711_3F7F_updated_1.pdb_45": [{"rot": [[-0.7125019494136577, 0.5863673668088932, 0.385375509371501], [-0.6829980772470982, -0.7054344085924062, -0.18940940222346486], [0.1607936521088624, -0.3981653002403503, 0.9031111753964776]], "trans": [-298.3849162382785, 839.236713100558, 241.2295844496306]}], "rb_4XMM.renamed.noAb_Nup120_2-711_3F7F_updated_1.pdb_46": [{"rot": [[-0.9834504104363753, -0.08949482324889946, 0.15753084404069706], [0.02845939831276239, -0.9349970903551159, -0.35351167402950645], [0.17892834560293042, -0.3431779678812682, 0.9220702410883255]], "trans": [69.16855566551442, 956.2866593432758, 211.4050318685625]}], "rb_4XMM.renamed.noAb_Nup120_2-711_3F7F_updated_1.pdb_47": [{"rot": [[-0.673608502177934, -0.7293941973874574, -0.11931341337464152], [0.7235301023846434, -0.6178303296304268, -0.307879643256949], [0.15085017977075282, -0.29371719154020565, 0.9439144212569626]], "trans": [411.6720543900705, 778.296370550968, 185.01262732321248]}], "rb_4XMM.renamed.noAb_Nup120_2-711_3F7F_updated_1.pdb_48": [{"rot": [[0.03551401673296478, -0.9584686796552384, -0.2829779933765799], [0.9950318160263103, 0.06026511309781174, -0.07924519694399064], [0.09300774005895737, -0.27875779139470347, 0.955847087156661]], "trans": [528.4841144224764, 409.53518435642013, 177.53741843033714]}], "rb_4XMM.renamed.noAb_Nup120_2-711_3F7F_updated_1.pdb_49": [{"rot": [[0.7285031760908001, -0.642523208389576, -0.23758587732940464], [0.6839150072123117, 0.7020513663336552, 0.19845438251354464], [0.03928594322911386, -0.30706319497753887, 0.9508779148527877]], "trans": [351.1764972849662, 66.02871996030342, 193.38249286101498]}]}
