{"rb_ScNup133N_56-480_renamed_1.pdb_0": [{"rot": [[0.6564491951309128, 0.11592400754981325, 0.7454100071005022], [0.5102687340959157, 0.6595362577226354, -0.5519399820210312], [-0.5556080211949171, 0.7426799776638761, 0.3737996489579092]], "trans": [-22.31608596376566, -80.3800637042284, 399.9312431127535]}], "rb_ScNup133N_56-480_renamed_1.pdb_1": [{"rot": [[0.8141347679612031, 0.5618316838456479, 0.14673015580965212], [-0.13383330133571533, 0.42743665787471274, -0.8940841967949564], [-0.5650426771938067, 0.7082676489379298, 0.4231828333210078]], "trans": [-380.29757874687016, 120.6035178366811, 427.52794298731794]}], "rb_ScNup133N_56-480_renamed_1.pdb_2": [{"rot": [[0.47165291789922, 0.7136462604507293, -0.5179310185554096], [-0.7009522749385521, -0.052922685749008935, -0.7112419402647615], [-0.5349854514803394, 0.6985042621758323, 0.4752708306077451]], "trans": [-491.8487981477442, 516.6009554933115, 434.533789671278]}], "rb_ScNup133N_56-480_renamed_1.pdb_3": [{"rot": [[-0.17036565829464095, 0.4824326178042707, -0.8592056283290713], [-0.8588618955985251, -0.5001404965870087, -0.11052478438165214], [-0.48304429068434696, 0.7191093470065738, 0.4995497575667885]], "trans": [-291.6195536298985, 875.6314835177174, 416.8686642959185]}], "rb_ScNup133N_56-480_renamed_1.pdb_4": [{"rot": [[-0.7358174262240915, 0.003638967880928934, -0.6771701951339245], [-0.5150564810073712, -0.6522302752792533, 0.5561586908261483], [-0.4396470591704889, 0.75801215420461, 0.4817966764526604]], "trans": [103.09495347502911, 987.3700730579359, 384.905051285579]}], "rb_ScNup133N_56-480_renamed_1.pdb_5": [{"rot": [[-0.8934527673661317, -0.44225061820373845, -0.07846364243529419], [0.1290579093110661, -0.4200956850019463, 0.8982559053449098], [-0.43021646706054756, 0.792422870783749, 0.43241159250046024]], "trans": [461.0673127696852, 786.3587996423739, 357.3916907298468]}], "rb_ScNup133N_56-480_renamed_1.pdb_6": [{"rot": [[-0.5509266762214448, -0.5940277338781699, 0.586183289433569], [0.6961499834953429, 0.06027555816274238, 0.7153614873388178], [-0.4602770881838754, 0.8021832137808281, 0.38032498421907146]], "trans": [572.5941821082588, 390.3530182920025, 350.47030208183963]}], "rb_ScNup133N_56-480_renamed_1.pdb_7": [{"rot": [[0.09110423339952656, -0.3627792047229519, 0.9274110562621454], [0.8540092084900632, 0.50747520673441, 0.11461756568713444], [-0.5122189868316689, 0.7815754366473217, 0.3560499211609073]], "trans": [372.3434622426192, 31.33861619856623, 368.21953730432705]}], "rb_ScNup133C_490_881_renamed_relative_3CQC_1.pdb_7": [{"rot": [[0.7781571735073048, 0.3189423113323581, -0.541061193730524], [-0.2664513767816003, 0.9477434069430714, 0.17545967743938606], [0.5687486941789986, 0.007631293331858177, 0.8224759487254149]], "trans": [209.83174138113992, 108.54829601409185, -266.35561235728585]}], "rb_ScNup133C_490_881_renamed_relative_3CQC_1.pdb_8": [{"rot": [[0.37506645905661884, 0.8944117567810739, -0.24362422010655477], [-0.7040653722253536, 0.44580974014462593, 0.5527618178070546], [0.6030067188049466, -0.035795040494158714, 0.7969326271097938]], "trans": [-95.6975273374162, 52.20776980746962, -241.68767623284702]}], "rb_ScNup133C_490_881_renamed_relative_3CQC_1.pdb_9": [{"rot": [[-0.21853757376488936, 0.9476696948886876, 0.2327304841281886], [-0.7274451414814815, -0.3171788857554705, 0.6084579858674789], [0.6504343894567279, -0.03632772798433359, 0.7586932194184639]], "trans": [-351.5318909737097, 229.11624376257794, -222.11559828334282]}], "rb_ScNup133C_490_881_renamed_relative_3CQC_1.pdb_10": [{"rot": [[-0.6549133127135176, 0.4475168745748321, 0.6089476166316637], [-0.32289448606499777, -0.8942529755653161, 0.30992058105489306], [0.6832479079363732, 0.006345286703971886, 0.7301589098526547]], "trans": [-407.79805870580896, 535.6383562222109, -219.08097283670537]}], "rb_ScNup133C_490_881_renamed_relative_3CQC_1.pdb_11": [{"rot": [[-0.67842569701524, -0.3130501298658695, 0.6646338765217665], [0.27259511591687985, -0.9473543907296369, -0.16796297551408235], [0.6822246524478952, 0.06722554987684107, 0.7280454992897819]], "trans": [-231.5326027840215, 792.209248540909, -234.33752136660695]}], "rb_ScNup133C_490_881_renamed_relative_3CQC_1.pdb_12": [{"rot": [[-0.2753008404214895, -0.8884804432372916, 0.36716746757861063], [0.7101774592197797, -0.4453755735152204, -0.5452417582431939], [0.647964060484347, 0.11064854495589643, 0.7535910534366654]], "trans": [74.00760070900492, 848.526191143977, -258.9237377257105]}], "rb_ScNup133C_490_881_renamed_relative_3CQC_1.pdb_13": [{"rot": [[0.318305032014637, -0.9416788743990371, -0.10919159356253719], [0.7335106372258225, 0.3176172070524055, -0.6009005365788918], [0.6005364698923218, 0.11117646915959684, 0.7918306264817474]], "trans": [329.83470578945014, 671.5980417808263, -278.41266480401595]}], "rb_ScNup133C_490_881_renamed_relative_3CQC_1.pdb_14": [{"rot": [[0.7546492303772554, -0.4414810322786757, -0.48538545222243046], [0.32892574526125856, 0.8946520219185197, -0.30233361338334946], [0.567725631969655, 0.06850005704568331, 0.8203629373572385]], "trans": [386.0835004782714, 365.07192183047647, -281.36340942399346]}], "rb_ScNup84_506-726_ScNup133C_882_1155_renamed_relative_3CQC_new_1.pdb_14": [{"rot": [[0.9704361370697694, 0.23403494070013534, 0.05900296942173899], [-0.24043591018519386, 0.9587457480602468, 0.15164815748900393], [-0.02107787851079726, -0.16135128480392238, 0.9866719241620299]], "trans": [-70.74364595500083, 109.89047567162308, 65.03459814352081]}], "rb_ScNup84_506-726_ScNup133C_882_1155_renamed_relative_3CQC_new_1.pdb_15": [{"rot": [[0.518061439631872, 0.8386332712354985, 0.16824559769394656], [-0.8551546181196121, 0.503695891549443, 0.12247868363477052], [0.017970082783524022, -0.20732748301431922, 0.9781065335185605]], "trans": [-287.1117281546602, 269.98402164131016, 81.54278165057525]}], "rb_ScNup84_506-726_ScNup133C_882_1155_renamed_relative_3CQC_new_1.pdb_16": [{"rot": [[-0.23524437553702016, 0.9455440923966394, 0.22495878091776506], [-0.9687556329264893, -0.2468170562627815, 0.024369333412432345], [0.07856594333035645, -0.21219733756950043, 0.9740634899620357]], "trans": [-327.3135108767047, 536.6254130880267, 83.49101468024594]}], "rb_ScNup84_506-726_ScNup133C_882_1155_renamed_relative_3CQC_new_1.pdb_17": [{"rot": [[-0.8481841402989762, 0.4921375377047835, 0.19591913670479807], [-0.5146898783576478, -0.8531320283154614, -0.08520605247592664], [0.1252117936197318, -0.1731080190060917, 0.9769112654147818]], "trans": [-167.7963096181607, 753.612480053846, 69.76199975485315]}], "rb_ScNup84_506-726_ScNup133C_882_1155_renamed_relative_3CQC_new_1.pdb_18": [{"rot": [[-0.9616890980057593, -0.2559744400691588, 0.09813849809398523], [0.24104452423334544, -0.960061164939031, -0.14205666796396482], [0.1305818368456451, -0.1129586012979296, 0.9849815928629458]], "trans": [97.99436327044293, 793.8312559877263, 48.42239229798855]}], "rb_ScNup84_506-726_ScNup133C_882_1155_renamed_relative_3CQC_new_1.pdb_19": [{"rot": [[-0.5092664440128326, -0.8605372959663256, -0.011101858109455041], [0.8557277059536099, -0.5049638701985774, -0.11287862090511108], [0.09153022596874666, -0.06698546144524517, 0.9935467606957769]], "trans": [314.35649730173833, 633.7211316580396, 31.997240147535308]}], "rb_ScNup84_506-726_ScNup133C_882_1155_renamed_relative_3CQC_new_1.pdb_20": [{"rot": [[0.24404825181132617, -0.9673895846658884, -0.06780739095252487], [0.9692695919185528, 0.24555744377508615, -0.014764822676905463], [0.030933945268437093, -0.06212031299501278, 0.9975891728279352]], "trans": [354.54401699336665, 367.0769922450487, 30.132633929060717]}], "rb_ScNup84_506-726_ScNup133C_882_1155_renamed_relative_3CQC_new_1.pdb_21": [{"rot": [[0.8569526189157143, -0.513935728830373, -0.03875919974774099], [0.5151557443893184, 0.851836808905661, 0.09480828031401421], [-0.01570884961348446, -0.10121322850797178, 0.9947407272343921]], "trans": [195.0164200052078, 150.10285109442896, 43.944891157481464]}], "rb_4XMM.renamed.noAb_Nup145c_149-550_Sec13_Nup84_7-436_3IKO_updated_1.pdb_21": [{"rot": [[0.9935100468557856, -0.013622091956448848, 0.1129257517457681], [0.016624411069343967, 0.9995317752513608, -0.02568772507370864], [-0.11252295656093592, 0.02739833705893512, 0.9932713201201335]], "trans": [-26.130868923450407, -2.489658622037041, 50.04366534607084]}], "rb_4XMM.renamed.noAb_Nup145c_149-550_Sec13_Nup84_7-436_3IKO_updated_1.pdb_22": [{"rot": [[0.7138365890532714, 0.6955439152742245, 0.08158422674631957], [-0.69491612299132, 0.7179472377806355, -0.04053820136451442], [-0.08676926953423839, -0.02775654315939747, 0.9958416883101133]], "trans": [-335.00704275454586, 158.21510702725553, 73.92234269736036]}], "rb_4XMM.renamed.noAb_Nup145c_149-550_Sec13_Nup84_7-436_3IKO_updated_1.pdb_23": [{"rot": [[0.014444740108535747, 0.998696956404092, 0.04894628435746261], [-0.9994591735755307, 0.01586738142821914, -0.028802544372501505], [-0.029541662764904972, -0.04850376764557712, 0.9983860349009646]], "trans": [-440.21508787098895, 490.90958939671094, 80.73059788313111]}], "rb_4XMM.renamed.noAb_Nup145c_149-550_Sec13_Nup84_7-436_3IKO_updated_1.pdb_24": [{"rot": [[-0.6949518934415249, 0.7182457054813971, 0.03413169142557736], [-0.7185991275940447, -0.6954195146286678, 0.002644332563645404], [0.025635124792333378, -0.02268931975973456, 0.9994138457844794]], "trans": [-280.12073467086776, 800.6967865172803, 66.50406392034711]}], "rb_4XMM.renamed.noAb_Nup145c_149-550_Sec13_Nup84_7-436_3IKO_updated_1.pdb_25": [{"rot": [[-0.9987787611707521, 0.01848245965929272, 0.045819045375922476], [-0.016867760109464645, -0.999231557534667, 0.03538040553376656], [0.04643775299374184, 0.03456433294288845, 0.9983230148529614]], "trans": [51.49240075007083, 906.0991071114343, 39.60084989972256]}], "rb_4XMM.renamed.noAb_Nup145c_149-550_Sec13_Nup84_7-436_3IKO_updated_1.pdb_26": [{"rot": [[-0.7190498000045301, -0.690661604997866, 0.07716172947269513], [0.6946507993934605, -0.7175913688056393, 0.05022842141333616], [0.020679748921877798, 0.08971719343259221, 0.9957525662468099]], "trans": [360.36258125629485, 745.3705023975766, 15.805242831043643]}], "rb_4XMM.renamed.noAb_Nup145c_149-550_Sec13_Nup84_7-436_3IKO_updated_1.pdb_27": [{"rot": [[-0.019634179572383892, -0.9937598964826045, 0.1097987574401601], [0.9991389463462289, -0.015487742125710025, 0.03849020314307844], [-0.03654948545010344, 0.11045993837917545, 0.9932083050028336]], "trans": [465.55121337697767, 412.66817208559075, 9.081049754388516]}], "rb_4XMM.renamed.noAb_Nup145c_149-550_Sec13_Nup84_7-436_3IKO_updated_1.pdb_28": [{"rot": [[0.6897405679162874, -0.7132531619572529, 0.12461089811288205], [0.7182232309810366, 0.695777118334882, 0.007042164494587985], [-0.0917242576948906, 0.08464117532022584, 0.9921806952318377]], "trans": [305.43922659537355, 102.89394917027528, 23.391402686370895]}], "rb_4XMM.renamed.noAb_Seh1_Nup85_47_544_3F3F_1.pdb_28": [{"rot": [[0.6773344278501889, -0.6993275438881597, 0.228383579112478], [0.25850730522490106, 0.5168917212726754, 0.8160863444667754], [-0.6887612401944749, -0.4937245536117673, 0.5308898371288]], "trans": [455.70887553085123, -97.2749544385274, 728.5187808975486]}], "rb_4XMM.renamed.noAb_Seh1_Nup85_47_544_3F3F_1.pdb_29": [{"rot": [[0.6488196788133626, -0.14113981945127935, 0.747738306996371], [-0.3342424369551807, 0.8299167488351217, 0.44667682203268305], [-0.6836044307366658, -0.5397385861398233, 0.49129140121622045]], "trans": [-46.82046773739626, -209.3112318726548, 769.1598289249876]}], "rb_4XMM.renamed.noAb_Seh1_Nup85_47_544_3F3F_1.pdb_30": [{"rot": [[0.21082389029577653, 0.47435266409460586, 0.854717987026667], [-0.7329824912577032, 0.6552157691933839, -0.18283589174444656], [-0.6467533956541851, -0.58794714547031, 0.48582733490727825]], "trans": [-481.2656173006806, 67.97336373277997, 802.4799152476073]}], "rb_4XMM.renamed.noAb_Seh1_Nup85_47_544_3F3F_1.pdb_31": [{"rot": [[-0.38006882904834904, 0.7865857314442986, 0.48665241422813066], [-0.704125311637483, 0.09513107950540473, -0.7036743730047066], [-0.5997959908979448, -0.6101089778067419, 0.5176985652890863]], "trans": [-593.120565528958, 572.1417233544947, 808.983668385587]}], "rb_4XMM.renamed.noAb_Seh1_Nup85_47_544_3F3F_1.pdb_32": [{"rot": [[-0.7777051926398828, 0.6126488492580988, -0.14084040912927936], [-0.264575840802278, -0.5222318118154727, -0.8107240956032509], [-0.570240526273557, -0.5932413692846012, 0.5682344762196332]], "trans": [-316.85719325606897, 1007.8450299473975, 784.8851029489649]}], "rb_4XMM.renamed.noAb_Seh1_Nup85_47_544_3F3F_1.pdb_33": [{"rot": [[-0.7491442120141776, 0.05443669563072226, -0.6601663394739825], [0.32817164358510964, -0.8352130182167109, -0.4412738226407639], [-0.5754010096900397, -0.547225602809438, 0.6078304185194605]], "trans": [185.68743406624185, 1119.8422598879224, 744.3255032614734]}], "rb_4XMM.renamed.noAb_Seh1_Nup85_47_544_3F3F_1.pdb_34": [{"rot": [[-0.311117312331599, -0.5610421790515485, -0.7670969243144343], [0.7268773074310191, -0.6604637359534548, 0.18824726673248063], [-0.612254357199201, -0.49901836320471016, 0.6132905308865432]], "trans": [620.1175012125843, 842.5239735111477, 711.0892596115874]}], "rb_4XMM.renamed.noAb_Seh1_Nup85_47_544_3F3F_1.pdb_35": [{"rot": [[0.27977317239451377, -0.8732315717477063, -0.39899071932985186], [0.6979737511046561, -0.1003545585403991, 0.7090568421142762], [-0.6592113581979742, -0.4768601311529457, 0.5814162025086592]], "trans": [731.9396627239475, 338.34724995960494, 704.6706370616321]}], "rb_4XMM.renamed.noAb_Nup120_715-1036_Nup85_553-744_Nup145c_92-99_554-712_remaining_updated_1.pdb_35": [{"rot": [[0.9964519992869393, -0.054736546758406966, 0.06393217942495694], [0.05237281754115836, 0.9979012205161307, 0.03808204399997077], [-0.06588247946048095, -0.03459862051267222, 0.9972273734503873]], "trans": [11.149568577516334, -39.89847925164861, 54.54221648026285]}], "rb_4XMM.renamed.noAb_Nup120_715-1036_Nup85_553-744_Nup145c_92-99_554-712_remaining_updated_1.pdb_36": [{"rot": [[0.7420465554338815, 0.6640210076038201, 0.09188585870261674], [-0.6690253607911029, 0.7421992845954679, 0.039310158538331946], [-0.04209484751183333, -0.09064393750704755, 0.9949933167645761]], "trans": [-334.86127330005513, 105.74854211208992, 81.4540198504069]}], "rb_4XMM.renamed.noAb_Nup120_715-1036_Nup85_553-744_Nup145c_92-99_554-712_remaining_updated_1.pdb_37": [{"rot": [[0.05357985923935066, 0.9922032625287162, 0.11252503948570987], [-0.9984599772108239, 0.0516099470973464, 0.020349134349342234], [0.014383066156068255, -0.11344205211462946, 0.9934405005937545]], "trans": [-476.9512368623172, 454.14157485010617, 91.12561145005222]}], "rb_4XMM.renamed.noAb_Nup120_715-1036_Nup85_553-744_Nup145c_92-99_554-712_remaining_updated_1.pdb_38": [{"rot": [[-0.6656345912854806, 0.7375564257114834, 0.11375899865905133], [-0.7429435883912417, -0.6693098207621755, -0.007693393246647105], [0.07046570337798437, -0.08963750734488057, 0.9934785865454978]], "trans": [-331.88010464674784, 801.1871848378888, 77.91524145187168]}], "rb_4XMM.renamed.noAb_Nup120_715-1036_Nup85_553-744_Nup145c_92-99_554-712_remaining_updated_1.pdb_39": [{"rot": [[-0.9942708300994139, 0.04925620468005538, 0.09486486554007334], [-0.05216129768394926, -0.9982350540022628, -0.02838971618426643], [0.09329906450413172, -0.03317534116800098, 0.9950852633322623]], "trans": [15.369321931072761, 943.5812771966727, 49.585735768202994]}], "rb_4XMM.renamed.noAb_Nup120_715-1036_Nup85_553-744_Nup145c_92-99_554-712_remaining_updated_1.pdb_40": [{"rot": [[-0.7398091147342802, -0.6694814260522404, 0.0669110897171502], [0.6692168889844221, -0.7424767131450845, -0.02961563666850494], [0.06950704463642134, 0.02286811335305012, 0.9973193170382192]], "trans": [361.37534590420586, 797.9075016611598, 22.756923175755787]}], "rb_4XMM.renamed.noAb_Nup120_715-1036_Nup85_553-744_Nup145c_92-99_554-712_remaining_updated_1.pdb_41": [{"rot": [[-0.051316705961161224, -0.9976098282018322, 0.04627338721558934], [0.998597458431109, -0.051861640457381064, -0.010652993194216871], [0.013027344480838067, 0.04566181034713227, 0.9988720075022612]], "trans": [503.4446730835162, 449.5037267354679, 13.169505278629913]}], "rb_4XMM.renamed.noAb_Nup120_715-1036_Nup85_553-744_Nup145c_92-99_554-712_remaining_updated_1.pdb_42": [{"rot": [[0.667877835417686, -0.7429067571790184, 0.04504161515241041], [0.7430246288082125, 0.6690381168078654, 0.017389630318086824], [-0.04305343124770518, 0.02185288072398455, 0.9988337467576169]], "trans": [358.3530017691143, 102.46991305947392, 26.463931564740562]}], "rb_4XMM.renamed.noAb_Nup120_2-711_3F7F_updated_1.pdb_42": [{"rot": [[0.9962345034746336, 0.08100454220209342, -0.030904339974816643], [-0.06504813375835634, 0.9340103794719707, 0.3512738978819519], [0.05731975559268172, -0.34794090759963, 0.9357625609296092]], "trans": [-35.26017062946073, -26.632312552950793, 191.08104874619792]}], "rb_4XMM.renamed.noAb_Nup120_2-711_3F7F_updated_1.pdb_43": [{"rot": [[0.6615473957689305, 0.7090167195170022, 0.24423417982889722], [-0.7448040701499506, 0.5833084142359878, 0.32406510298019486], [0.08730372408673615, -0.3962910361424359, 0.9139647008685517]], "trans": [-355.7113390987993, 155.70147517563058, 215.777089437205]}], "rb_4XMM.renamed.noAb_Nup120_2-711_3F7F_updated_1.pdb_44": [{"rot": [[-0.05435450056613533, 0.9060438529768732, 0.4196785969656152], [-0.9878569417521511, -0.11005812667936377, 0.10966253409398974], [0.14554810510718558, -0.4086217630457908, 0.9010238642039713]], "trans": [-453.86098924882884, 511.89455339023834, 221.908415073362]}], "rb_4XMM.renamed.noAb_Nup120_2-711_3F7F_updated_1.pdb_45": [{"rot": [[-0.7320857604407439, 0.5566646697183324, 0.39265109811036636], [-0.6518229493348993, -0.739905347137644, -0.16633376084690316], [0.19793251900647837, -0.37770957462646, 0.9045209755197762]], "trans": [-272.2097587723319, 833.2841113455315, 205.90721354650316]}], "rb_4XMM.renamed.noAb_Nup120_2-711_3F7F_updated_1.pdb_46": [{"rot": [[-0.9746218558095853, -0.13444957845928285, 0.17898477318028921], [0.06644445626448535, -0.9372598645485838, -0.3422412607183501], [0.2137694375021727, -0.3216632667223442, 0.9224073776978983]], "trans": [82.83041357447382, 931.595731193712, 177.17121922919046]}], "rb_4XMM.renamed.noAb_Nup120_2-711_3F7F_updated_1.pdb_47": [{"rot": [[-0.639881722246648, -0.7624344202626263, -0.09615163198539534], [0.7461741012754644, -0.5865086199141598, -0.3150108717999095], [0.18378137043894022, -0.2733155567566159, 0.9442049641441229]], "trans": [403.2739021036637, 749.2371966290555, 152.55838767121196]}], "rb_4XMM.renamed.noAb_Nup120_2-711_3F7F_updated_1.pdb_48": [{"rot": [[0.07603915017101637, -0.9594074807770304, -0.27157933181731664], [0.9891707754626121, 0.10687336206623355, -0.10059453986848747], [0.12553575033416806, -0.2609892149299091, 0.9571444013722828]], "trans": [501.40230632091357, 393.036825250054, 146.511267541343]}], "rb_4XMM.renamed.noAb_Nup120_2-711_3F7F_updated_1.pdb_49": [{"rot": [[0.7537442198968389, -0.6099791638330034, -0.24453030622336747], [0.6530836008339909, 0.7366931396625356, 0.1753996245602087], [0.07315368270847511, -0.29190518608572846, 0.9536455846080565]], "trans": [319.73253676452265, 71.66193383094333, 162.5963519772415]}]}
