{"rb_ScNup133N_56-480_renamed_1.pdb_0": [{"rot": [[0.794378065721027, 0.2521806241367423, 0.5526015033560095], [0.2673683983903192, 0.6717091696953833, -0.690884166043291], [-0.5454150971906758, 0.6965714063591335, 0.466165901369184]], "trans": [-76.3099499584431, 104.38743881409295, 375.70282233487694]}], "rb_ScNup133N_56-480_renamed_1.pdb_1": [{"rot": [[0.7408776229465561, 0.666099980655147, -0.08608811525566398], [-0.4022082749174377, 0.3373595632125412, -0.851126916914852], [-0.5378929739316163, 0.6652062393575809, 0.5178530754130415]], "trans": [-288.79589394374887, 287.90997916764843, 391.78758226693276]}], "rb_ScNup133N_56-480_renamed_1.pdb_2": [{"rot": [[0.23105299533186058, 0.7232117368215776, -0.6508296989779208], [-0.8375273849124583, -0.19258101683167778, -0.5113320168714006], [-0.49513876122746897, 0.6632324899155595, 0.5612132138951588]], "trans": [-309.7366380130816, 568.3576290903824, 392.1334172840369]}], "rb_ScNup133N_56-480_renamed_1.pdb_3": [{"rot": [[-0.4364333617391213, 0.3900590205979775, -0.8107896652099321], [-0.7835728589602089, -0.607665906485191, 0.1294438905335185], [-0.44219847971472237, 0.6918064082860722, 0.5708453363147593]], "trans": [-126.86288568687127, 781.4403177408726, 376.5617372580826]}], "rb_ScNup133N_56-480_renamed_1.pdb_4": [{"rot": [[-0.8705585287365739, -0.13819260939856975, -0.4722612102974624], [-0.2719520191223332, -0.664732524692027, 0.6958252438018095], [-0.41008529276151295, 0.7341889901954237, 0.5411068095455149]], "trans": [152.69725374154416, 802.3313184369318, 354.2186568101487]}], "rb_ScNup133N_56-480_renamed_1.pdb_5": [{"rot": [[-0.8170058616685348, -0.5520858999681035, 0.1664409236205495], [0.39762043277029935, -0.33035044186730417, 0.8560178602118266], [-0.4176115580809663, 0.7655519215667109, 0.4894188818820762]], "trans": [365.17542213629696, 618.7925052028778, 338.2170724052556]}], "rb_ScNup133N_56-480_renamed_1.pdb_6": [{"rot": [[-0.3071472679960672, -0.6091563255995947, 0.7311560207948441], [0.8328995134274135, 0.19959460308288668, 0.5161786463546905], [-0.46036828332860613, 0.7675223549853016, 0.44606107014946594]], "trans": [386.1008258488302, 338.34361952366555, 337.95494271131645]}], "rb_ScNup133N_56-480_renamed_1.pdb_7": [{"rot": [[0.3603348991013268, -0.2759712262651137, 0.8910660148178492], [0.778892599965034, 0.6146533306015901, -0.12460979455917331], [-0.5133079759845386, 0.7389459827714737, 0.43643299180579204]], "trans": [203.21698167541354, 125.27568975464544, 353.6098319002561]}], "rb_ScNup133C_490_881_renamed_relative_3CQC_1.pdb_7": [{"rot": [[0.8050884709224989, 0.3131535859756163, -0.503753298329931], [-0.26376813499197965, 0.9496976231182642, 0.1688217865276032], [0.5312804579038505, -0.003042405977368323, 0.847190544573854]], "trans": [186.13318621159635, 109.09962095864057, -249.47659140682538]}], "rb_ScNup133C_490_881_renamed_relative_3CQC_1.pdb_8": [{"rot": [[0.39531013496939493, 0.8914745797697562, -0.22136614649673672], [-0.7233063969351764, 0.4506564548010502, 0.5231984479132192], [0.5661781992828153, -0.04671009923437364, 0.8229583302247953]], "trans": [-111.77606890327968, 70.27171491903826, -225.5012247166717]}], "rb_ScNup133C_490_881_renamed_relative_3CQC_1.pdb_9": [{"rot": [[-0.21847876801518706, 0.9487885103579727, 0.22818280070869496], [-0.7574387701753409, -0.31231045631563253, 0.5733661032108434], [0.6152670455678837, -0.04756618009278524, 0.7868824061761373]], "trans": [-349.8757602600986, 254.15315787949197, -207.37663674848005]}], "rb_ScNup133C_490_881_renamed_relative_3CQC_1.pdb_10": [{"rot": [[-0.6767120442393473, 0.45152006907526776, 0.5815414313732666], [-0.3461700292019224, -0.8922463358661847, 0.2899358325831879], [0.6497900584525301, -0.005109144315005171, 0.7600965574061131]], "trans": [-388.68181811712384, 553.023724620602, -205.69646178952115]}], "rb_ScNup133C_490_881_renamed_relative_3CQC_1.pdb_11": [{"rot": [[-0.7109501794017777, -0.30902387968992806, 0.6317072772969796], [0.26957279863360273, -0.9494165685139909, -0.16105491506925082], [0.6495231702144468, 0.05578907789613824, 0.7582923118046704]], "trans": [-205.45919327703064, 791.800939865614, -221.42096512003326]}], "rb_ScNup133C_490_881_renamed_relative_3CQC_1.pdb_12": [{"rot": [[-0.30113599116662126, -0.8873059670812854, 0.3492924785992958], [0.7290788828113114, -0.45033002587368665, -0.5154094008021322], [0.6146227277466273, 0.09945344930442412, 0.7825266218849973]], "trans": [92.4596305291081, 830.6058609604448, -245.31450607231903]}], "rb_ScNup133C_490_881_renamed_relative_3CQC_1.pdb_13": [{"rot": [[0.31265559061791365, -0.9445603925275153, -0.10026039359402031], [0.7631630801841153, 0.31264135825578726, -0.5655417704748856], [0.5655339023429589, 0.10030476547124179, 0.8186026870982663]], "trans": [330.5515189995044, 646.7061347735345, -263.35590655641556]}], "rb_ScNup133C_490_881_renamed_relative_3CQC_1.pdb_14": [{"rot": [[0.7708568028811429, -0.44724670631481733, -0.45359692805662605], [0.3518583873438428, 0.892538189154868, -0.2820837750667999], [0.5310136200773486, 0.05784431338251138, 0.8453866397700243]], "trans": [369.34080011183664, 347.83293068649414, -264.9522548838052]}], "rb_ScNup84_506-726_ScNup133C_882_1155_renamed_relative_3CQC_new_1.pdb_14": [{"rot": [[0.9755431338792546, 0.20794711524981413, 0.07122914572226205], [-0.21894686616191245, 0.9479437802823316, 0.2312246942303533], [-0.019438717522519834, -0.24116506107503072, 0.97028941536933]], "trans": [-69.67724062046534, 77.39408052206105, 92.71877546324683]}], "rb_ScNup84_506-726_ScNup133C_882_1155_renamed_relative_3CQC_new_1.pdb_15": [{"rot": [[0.5368639623636143, 0.8109454003454091, 0.2326900160597003], [-0.8434645312477242, 0.5098463742503619, 0.16918705385110377], [0.01856530210624692, -0.28709620743295033, 0.9577218266466102]], "trans": [-308.71804171694816, 247.84884677343487, 110.98370282741178]}], "rb_ScNup84_506-726_ScNup133C_882_1155_renamed_relative_3CQC_new_1.pdb_16": [{"rot": [[-0.21366132000695953, 0.9286740747209516, 0.30317206875645314], [-0.9737066294976879, -0.22754924932809611, 0.010804573220248304], [0.07902050370084572, -0.2928921338503373, 0.9528745761764559]], "trans": [-357.6541854767743, 537.8967561614684, 113.5142347528222]}], "rb_ScNup84_506-726_ScNup133C_882_1155_renamed_relative_3CQC_new_1.pdb_17": [{"rot": [[-0.8363644204133036, 0.4921660209529398, 0.24138592354581972], [-0.5333755033433892, -0.8322663368824899, -0.15114005731568114], [0.1265113777488181, -0.2551575049093237, 0.9585872516305146]], "trans": [-187.81627554654642, 777.6237704863091, 98.85195485825955]}], "rb_ScNup84_506-726_ScNup133C_882_1155_renamed_relative_3CQC_new_1.pdb_18": [{"rot": [[-0.9664570825236654, -0.2428661882977661, 0.08352677547683662], [0.21957666484510438, -0.9500530920125204, -0.22177738976944644], [0.13321710061153771, -0.1959977983018235, 0.971513287179075]], "trans": [101.30415906134101, 826.5945414007424, 75.61023834529135]}], "rb_ScNup84_506-726_ScNup133C_882_1155_renamed_relative_3CQC_new_1.pdb_19": [{"rot": [[-0.5277291905672598, -0.8458303208979526, -0.07792926069769811], [0.8440598783174021, -0.5119083727697692, -0.15972707880324447], [0.09520936528533112, -0.1500696043103734, 0.9840804289406891]], "trans": [340.3382044947237, 656.1214176104029, 57.42841535660381]}], "rb_ScNup84_506-726_ScNup133C_882_1155_renamed_relative_3CQC_new_1.pdb_20": [{"rot": [[0.22280627028457406, -0.963501486176161, -0.14839896245663203], [0.9742430654081224, 0.22549646647281868, -0.0013390714904608636], [0.034753639033358215, -0.14427830656270016, 0.9889266680747046]], "trans": [389.25825989794976, 366.0700754978966, 54.981659063860775]}], "rb_ScNup84_506-726_ScNup133C_882_1155_renamed_relative_3CQC_new_1.pdb_21": [{"rot": [[0.8454750445148345, -0.5269462563489862, -0.0866001848867868], [0.5338630795365829, 0.8301792734787026, 0.16060070421417255], [-0.01273426128023511, -0.1820165289366889, 0.9832130093644431]], "trans": [219.4081803822914, 126.35679779183295, 69.72731870380147]}], "rb_4XMM.renamed.noAb_Nup145c_149-550_Sec13_Nup84_7-436_3IKO_updated_1.pdb_21": [{"rot": [[0.9991319176897852, -0.03625227844167074, -0.0205227522841896], [0.035867632875481364, 0.9991795081772991, -0.018810192728369726], [0.021187825878091475, 0.018057761388286752, 0.9996124215355676]], "trans": [20.77135029065795, -13.318736804070284, -18.635531606659242]}], "rb_4XMM.renamed.noAb_Nup145c_149-550_Sec13_Nup84_7-436_3IKO_updated_1.pdb_22": [{"rot": [[0.7340317721723076, 0.6790674265278852, -0.008049078852570286], [-0.6775697088872593, 0.7331090791092324, 0.05873983083093001], [0.04578915854232842, -0.0376630901069825, 0.9982408750414787]], "trans": [-310.74819682080727, 113.54701366315298, 7.2126055915095435]}], "rb_4XMM.renamed.noAb_Nup145c_149-550_Sec13_Nup84_7-436_3IKO_updated_1.pdb_23": [{"rot": [[0.043611545978676, 0.9975091796295468, 0.05543888177205765], [-0.9937911109223279, 0.03762974284649234, 0.10470544544134247], [0.10235849212016028, -0.0596610342526277, 0.9929568470395839]], "trans": [-455.82630171763105, 438.38560507743955, 17.236974037770835]}], "rb_4XMM.renamed.noAb_Nup145c_149-550_Sec13_Nup84_7-436_3IKO_updated_1.pdb_24": [{"rot": [[-0.6676708574616903, 0.7325253118676418, 0.13274898707554234], [-0.7275496171958127, -0.6798368991695658, 0.09215934594892203], [0.1577567133740897, -0.03504936519711746, 0.9868557956381883]], "trans": [-329.4722516107115, 770.9021271593406, 5.58916225389612]}], "rb_4XMM.renamed.noAb_Nup145c_149-550_Sec13_Nup84_7-436_3IKO_updated_1.pdb_25": [{"rot": [[-0.9831361771315368, 0.03934710924963003, 0.1785918872986177], [-0.034813248737768226, -0.9989887717662833, 0.02845121433633144], [0.17953076317864514, 0.02175405430229665, 0.9835118027730541]], "trans": [-5.704117305524619, 916.3038295854969, -20.883372481788115]}], "rb_4XMM.renamed.noAb_Nup145c_149-550_Sec13_Nup84_7-436_3IKO_updated_1.pdb_26": [{"rot": [[-0.71798038070726, -0.6759518633182002, 0.166112165105713], [0.6786032622262879, -0.7328622079350995, -0.04909782761311798], [0.15492509614421576, 0.07747298017464285, 0.9848838266148761]], "trans": [325.81207633052094, 789.4124617058413, -46.64864115719166]}], "rb_4XMM.renamed.noAb_Nup145c_149-550_Sec13_Nup84_7-436_3IKO_updated_1.pdb_27": [{"rot": [[-0.027535472430930907, -0.9943393819901013, 0.1026206177215148], [0.9947704644008074, -0.037357901152871964, -0.09505845768394731], [0.09835405895947556, 0.09946648000704601, 0.990168116251579]], "trans": [470.87138202636356, 464.5628927877424, -56.588981190788445]}], "rb_4XMM.renamed.noAb_Nup145c_149-550_Sec13_Nup84_7-436_3IKO_updated_1.pdb_28": [{"rot": [[0.68372618515597, -0.7292995490640601, 0.025311488834504466], [0.7284731527944059, 0.6800879190566449, -0.08250629073578074], [0.04295776285886956, 0.07485045148933671, 0.996269060305498]], "trans": [344.4979265084322, 132.05669747752415, -44.857196330916]}], "rb_4XMM.renamed.noAb_Seh1_Nup85_47_544_3F3F_1.pdb_28": [{"rot": [[0.6906068596028694, -0.690125896095136, 0.2163062944261054], [0.2458252204948567, 0.5052686053129642, 0.8272083156338261], [-0.6801706597892344, -0.5181021945755317, 0.518592315347904]], "trans": [447.3373648784971, -89.6193100877191, 741.710084901101]}], "rb_4XMM.renamed.noAb_Seh1_Nup85_47_544_3F3F_1.pdb_29": [{"rot": [[0.6494581523092333, -0.14329248302905725, 0.7467739769879829], [-0.35206905772330854, 0.8138089249533007, 0.46234447359104336], [-0.6739818150313128, -0.5631893979592697, 0.47808599125405965]], "trans": [-47.09745432711554, -197.2381806568356, 781.684456468831]}], "rb_4XMM.renamed.noAb_Seh1_Nup85_47_544_3F3F_1.pdb_30": [{"rot": [[0.19889917759597625, 0.46100710193591204, 0.8648188071014066], [-0.7454834105906156, 0.6439923023873606, -0.17183829317126562], [-0.636155328269623, -0.6105295786696021, 0.4717626859806637]], "trans": [-472.7030090942846, 77.42683429483145, 814.3127178479581]}], "rb_4XMM.renamed.noAb_Seh1_Nup85_47_544_3F3F_1.pdb_31": [{"rot": [[-0.3971262642683324, 0.7687656413031451, 0.5012884588538282], [-0.7039501630550208, 0.09529970952864991, -0.7038267779067291], [-0.5888504888026262, -0.632390191349868, 0.5033266809154756]], "trans": [-580.1516510628162, 573.4732130270645, 820.5047783652906]}], "rb_4XMM.renamed.noAb_Seh1_Nup85_47_544_3F3F_1.pdb_32": [{"rot": [[-0.7894580654808505, 0.5996938433159116, -0.13085586397341006], [-0.25180007714166575, -0.5108369961606392, -0.8219746252196779], [-0.5597791385883256, -0.615964980857329, 0.5542873427733543]], "trans": [-306.4965374024294, 1000.3101094197601, 796.6572465629083]}], "rb_4XMM.renamed.noAb_Seh1_Nup85_47_544_3F3F_1.pdb_33": [{"rot": [[-0.7482627250128876, 0.052836351147485, -0.6612951038331605], [0.34609095150519453, -0.8193343859601708, -0.45706916026953953], [-0.5659716844882965, -0.570876067093982, 0.5947911972926219]], "trans": [187.95322110678222, 1107.890567961018, 756.7643477220317]}], "rb_4XMM.renamed.noAb_Seh1_Nup85_47_544_3F3F_1.pdb_34": [{"rot": [[-0.2976730541648775, -0.5514500055992311, -0.7792904748222994], [0.7394699280407258, -0.6494703391121838, 0.17712285040883902], [-0.6038004457994387, -0.5235371714960801, 0.6011105153915427]], "trans": [613.543897527792, 833.1925559480833, 724.2199093747067]}], "rb_4XMM.renamed.noAb_Seh1_Nup85_47_544_3F3F_1.pdb_35": [{"rot": [[0.2983491645660569, -0.8591657587043804, -0.41571862488065814], [0.6978899013668445, -0.100753609343289, 0.7090827848527133], [-0.6511048007601503, -0.501680086583302, 0.5695433514253841]], "trans": [720.9603861238982, 337.13815885528203, 718.1129272825631]}], "rb_4XMM.renamed.noAb_Nup120_715-1036_Nup85_553-744_Nup145c_92-99_554-712_remaining_updated_1.pdb_35": [{"rot": [[0.9994550349498748, 0.0009363888702826765, 0.03299630720594192], [1.121353300299519e-05, 0.9995878817952739, -0.02870655747899505], [-0.033009589327981065, 0.02869128341363941, 0.999043130834939]], "trans": [-10.693760716088718, 8.148252743670469, 2.862455404595323]}], "rb_4XMM.renamed.noAb_Nup120_715-1036_Nup85_553-744_Nup145c_92-99_554-712_remaining_updated_1.pdb_36": [{"rot": [[0.7079110097105226, 0.7059301488889079, 0.022904742310570894], [-0.7062732233894135, 0.7078010915860307, 0.013991021147576208], [-0.006335317968102487, -0.026081404090052725, 0.9996397471624141]], "trans": [-317.4961368128047, 152.1400585439454, 26.657154677032395]}], "rb_4XMM.renamed.noAb_Nup120_715-1036_Nup85_553-744_Nup145c_92-99_554-712_remaining_updated_1.pdb_37": [{"rot": [[0.0038273098056060273, 0.9989403816989157, 0.045863553186342824], [-0.9986807162554194, 0.00146968714512824, 0.05132900738625346], [0.051207213156102625, -0.045999498159436804, 0.9976281208395568]], "trans": [-433.018103354228, 471.55043483351005, 34.352126713464145]}], "rb_4XMM.renamed.noAb_Nup120_715-1036_Nup85_553-744_Nup145c_92-99_554-712_remaining_updated_1.pdb_38": [{"rot": [[-0.700333905780405, 0.7083175614759214, 0.08842314470299717], [-0.7059148327984595, -0.7056274355331491, 0.06143428243281367], [0.10590877796238607, -0.019394698443541317, 0.9941866909302288]], "trans": [-289.5833501414016, 779.264396290811, 21.46355329702959]}], "rb_4XMM.renamed.noAb_Nup120_715-1036_Nup85_553-744_Nup145c_92-99_554-712_remaining_updated_1.pdb_39": [{"rot": [[-0.9920650682840861, 0.004312634088319902, 0.12565150805983744], [0.0005180444534227389, -0.9992628119144373, 0.03838703368060366], [0.12572442849516324, 0.03814752825638619, 0.9913314955994752]], "trans": [28.78393530284484, 895.018882322484, -4.434252634852044]}], "rb_4XMM.renamed.noAb_Nup120_715-1036_Nup85_553-744_Nup145c_92-99_554-712_remaining_updated_1.pdb_40": [{"rot": [[-0.7004659493013898, -0.7006583875307555, 0.13573974308250325], [0.706779575302505, -0.707420698255771, -0.004311335585124525], [0.09904587727166075, 0.0929181341941317, 0.9907351485303062]], "trans": [335.5816215258106, 751.0033996681017, -28.145986307034434]}], "rb_4XMM.renamed.noAb_Nup120_715-1036_Nup85_553-744_Nup145c_92-99_554-712_remaining_updated_1.pdb_41": [{"rot": [[0.003640575720042394, -0.9936135388254456, 0.11277801945060317], [0.9991317966898102, -0.0010663197121997814, -0.04164751860150063], [0.04150179576617866, 0.11283172614582018, 0.9927469982443342]], "trans": [451.0852114299705, 431.5843654800866, -35.75697489772176]}], "rb_4XMM.renamed.noAb_Nup120_715-1036_Nup85_553-744_Nup145c_92-99_554-712_remaining_updated_1.pdb_42": [{"rot": [[0.7077789765206539, -0.7029355614996882, 0.07021763862800744], [0.7063106551603338, 0.706007969168716, -0.051749452917351106], [-0.013197681703822448, 0.08622264116450604, 0.9961884748120011]], "trans": [307.6329867881137, 123.88207058933858, -22.784589074363737]}], "rb_4XMM.renamed.noAb_Nup120_2-711_3F7F_updated_1.pdb_42": [{"rot": [[0.99804568969372, 0.045610062840229365, 0.04271444078406651], [-0.057938870138722925, 0.9314811651038684, 0.35914610729309976], [-0.023407020545840443, -0.36091905079179304, 0.93230335737072]], "trans": [-35.07558037957597, -31.504716952747344, 250.66315567208812]}], "rb_4XMM.renamed.noAb_Nup120_2-711_3F7F_updated_1.pdb_43": [{"rot": [[0.6662474901074561, 0.6818844507672129, 0.3019070680315551], [-0.7457033628770152, 0.6057172285339173, 0.2775484347840914], [0.006385649491175399, -0.4100490639656247, 0.9120411112562247]], "trans": [-357.8375903489002, 155.5579846370458, 275.5203763405092]}], "rb_4XMM.renamed.noAb_Nup120_2-711_3F7F_updated_1.pdb_44": [{"rot": [[-0.05325606894068058, 0.9023346469104834, 0.4277335339974133], [-0.996466100171238, -0.07588346476337315, 0.03601403872141795], [0.06495461746871697, -0.42430400040588445, 0.9031871416871774]], "trans": [-454.28847147030143, 516.7327585830493, 281.49206126412747]}], "rb_4XMM.renamed.noAb_Nup120_2-711_3F7F_updated_1.pdb_45": [{"rot": [[-0.7389696575601087, 0.5778178180215481, 0.34648292076567144], [-0.6633267347598404, -0.7140296180846746, -0.223962826046422], [0.11798935612309197, -0.3953331173512644, 0.9109282288780973]], "trans": [-267.92402428617584, 840.4384465385616, 265.10391811511647]}], "rb_4XMM.renamed.noAb_Nup120_2-711_3F7F_updated_1.pdb_46": [{"rot": [[-0.9891925869759679, -0.10155950184916772, 0.10575298320113036], [0.058556995834128975, -0.9348862169536071, -0.3500840464646346], [0.13442136776075247, -0.340107966584612, 0.9307295348032136]], "trans": [92.08274364357442, 937.0438090442224, 235.9803571241718]}], "rb_4XMM.renamed.noAb_Nup120_2-711_3F7F_updated_1.pdb_47": [{"rot": [[-0.6573407369931434, -0.7378084995011884, -0.153433286978782], [0.7462954236681212, -0.6090723516747061, -0.2684660333030231], [0.10462454827299288, -0.29098022009965796, 0.9509911752531798]], "trans": [414.8367049095378, 749.9561794037838, 211.2063758631852]}], "rb_4XMM.renamed.noAb_Nup120_2-711_3F7F_updated_1.pdb_48": [{"rot": [[0.06218239955734145, -0.9582055409990935, -0.27924091817626356], [0.9970016806051514, 0.0725456214961478, -0.026921769485645133], [0.046054294650897554, -0.27672960448851375, 0.9598435955632751]], "trans": [511.265951510523, 388.77424579137244, 205.31892676916516]}], "rb_4XMM.renamed.noAb_Nup120_2-711_3F7F_updated_1.pdb_49": [{"rot": [[0.7478700240079874, -0.633638931835125, -0.19797002614822978], [0.6638085063732846, 0.7106662830620467, 0.2330487094691595], [-0.006978112693133989, -0.3057043313098678, 0.9521009230967195]], "trans": [324.8827844745594, 65.08359437758236, 221.79096543560732]}]}
