{"rb_ScNup133N_56-480_renamed_1.pdb_0": [{"rot": [[-0.714358615453091, -0.2871887354397292, 0.6381335273784591], [0.2709845436259758, -0.9542859447263285, -0.12611785287421737], [0.6451814827192167, 0.0828309479259432, 0.7595260946287001]], "trans": [912.2222547809998, 260.1143096965541, -311.86218278218263]}], "rb_ScNup133N_56-480_renamed_1.pdb_1": [{"rot": [[-0.30264293999452596, -0.87472438445853, 0.37850297502809366], [0.7322291926694537, -0.46760419385942753, -0.4951633339492304], [0.6101210210065802, 0.12729324066392098, 0.7820158378237408]], "trans": [508.2094719990105, -338.2605432830077, -276.707247822133]}], "rb_ScNup133N_56-480_renamed_1.pdb_2": [{"rot": [[0.3137191927861803, -0.9472685241953256, -0.06528867548357206], [0.7661934124575889, 0.2931632997597845, -0.5718417039535957], [0.560827890519172, 0.1293739647022016, 0.8177618568220525]], "trans": [-199.36526251356293, -474.61278743986725, -219.60450380353979]}], "rb_ScNup133N_56-480_renamed_1.pdb_3": [{"rot": [[0.7736541548000184, -0.46232377471993086, -0.43326201782453216], [0.3529804841429925, 0.8823482115475134, -0.3112336925737391], [0.526178702129656, 0.08785420256095164, 0.8458236296755557]], "trans": [-795.992779136235, -69.06523878511445, -173.98153841999857]}], "rb_ScNup133N_56-480_renamed_1.pdb_4": [{"rot": [[0.8077255602163175, 0.296022392004, -0.5098530796273252], [-0.26534363256535526, 0.9547977126712514, 0.13399285255105878], [0.5264714389501667, 0.027056816331161367, 0.8497621741756715]], "trans": [-932.1583528441961, 640.8067472540399, -166.54092317581342]}], "rb_ScNup133N_56-480_renamed_1.pdb_5": [{"rot": [[0.3959738993353934, 0.8835200988286378, -0.2501937369539037], [-0.7265559517296589, 0.46806986383474714, 0.5030179435924051], [0.5615346116236598, -0.017402227890612243, 0.8272702354207542]], "trans": [-528.0923572854697, 1239.1502688560352, -201.6174704925163]}], "rb_ScNup133N_56-480_renamed_1.pdb_6": [{"rot": [[-0.2203908992002902, 0.9560049053784434, 0.1936039060609102], [-0.7604717936897691, -0.2927032982509067, 0.5796614789644958], [0.6108277192072682, -0.019478195126730657, 0.7915239082697707]], "trans": [179.4995633503687, 1375.4473712179479, -258.63883947147883]}], "rb_ScNup133N_56-480_renamed_1.pdb_7": [{"rot": [[-0.6802936456648708, 0.4710141899407687, 0.5615569325922722], [-0.3472227800120822, -0.8818501283343488, 0.31902459497251123], [0.6454741642456974, 0.02204504550086231, 0.7634638951909806]], "trans": [776.1019982480279, 969.8534067822062, -304.1771032623358]}], "rb_ScNup133C_490_881_renamed_relative_3CQC_1.pdb_7": [{"rot": [[0.7850218642531172, 0.38555745753613124, -0.4848568031726846], [-0.282121256001293, 0.9193362462271425, 0.2742780765669038], [0.5514963912455039, -0.07852587669846049, 0.8304730080694523]], "trans": [172.24718170117575, 93.65346637899322, -238.15504952644824]}], "rb_ScNup133C_490_881_renamed_relative_3CQC_1.pdb_8": [{"rot": [[0.36854496315830493, 0.9199080365206642, -0.13395452390770607], [-0.720977245424206, 0.37381251183206304, 0.5834860903040692], [0.5868274207219428, -0.11846269599540774, 0.8009994806155194]], "trans": [-132.28600427100724, 69.78820730731707, -213.72451487427662]}], "rb_ScNup133C_490_881_renamed_relative_3CQC_1.pdb_9": [{"rot": [[-0.23540348050636795, 0.9133535204031968, 0.33222063170816907], [-0.7357393231566252, -0.3908185581443693, 0.5531261185037162], [0.6350376758323233, -0.11421996925688227, 0.7639901497378339]], "trans": [-364.5241691667567, 268.9442601747065, -196.14144504977048]}], "rb_ScNup133C_490_881_renamed_relative_3CQC_1.pdb_10": [{"rot": [[-0.6730219527690809, 0.3697336371440192, 0.6405766844454673], [-0.3177596559176039, -0.9266253016118741, 0.20098346072209425], [0.6678849093683875, -0.0682831456287595, 0.7411256032961098]], "trans": [-388.4170080927537, 574.4533179062795, -195.68224537622353]}], "rb_ScNup133C_490_881_renamed_relative_3CQC_1.pdb_11": [{"rot": [[-0.6879473821578777, -0.39249142060328884, 0.6104743107903354], [0.2881033737109315, -0.9197245733721038, -0.26665174890084786], [0.6661267487787157, -0.007562664101606692, 0.7458002149860135]], "trans": [-189.96584577785666, 807.3439836003453, -212.59191659592835]}], "rb_ScNup133C_490_881_renamed_relative_3CQC_1.pdb_12": [{"rot": [[-0.27143624168824665, -0.9267994666370395, 0.25954790567341857], [0.7269266603038668, -0.3741589173281844, -0.575832210911535], [0.6307931493268022, 0.03237056108718045, 0.7752755313675743]], "trans": [114.57574207174258, 831.1857383301135, -236.94052998083106]}], "rb_ScNup133C_490_881_renamed_relative_3CQC_1.pdb_13": [{"rot": [[0.33251336974562135, -0.9201853138472132, -0.20662489472548137], [0.74164133516672, 0.3904716127336057, -0.5454356512195924], [0.5825830317753303, 0.028123083563535156, 0.8122844965025136]], "trans": [346.8049125966244, 632.0118628013241, -254.44031959342055]}], "rb_ScNup133C_490_881_renamed_relative_3CQC_1.pdb_14": [{"rot": [[0.7700992540762455, -0.37652362619764457, -0.5149534908962031], [0.32362733428791624, 0.9262356710125963, -0.19326880308405173], [0.5497385627486094, -0.01781686444975794, 0.8351467367883751]], "trans": [370.68045661127223, 326.50133844556615, -254.81565703042156]}], "rb_ScNup84_506-726_ScNup133C_882_1155_renamed_relative_3CQC_new_1.pdb_14": [{"rot": [[0.9837281732808255, 0.15620715026666956, 0.08875926599029806], [-0.16686736644714759, 0.9774865642824241, 0.12913287212145605], [-0.06658951200124331, -0.1418426693661293, 0.987646948073312]], "trans": [-62.917986160450596, 68.02546751756992, 84.91420123098334]}], "rb_ScNup84_506-726_ScNup133C_882_1155_renamed_relative_3CQC_new_1.pdb_15": [{"rot": [[0.5784500639021116, 0.7970556277576248, 0.17348731893582697], [-0.8151234910402925, 0.572921416377984, 0.08564312587552264], [-0.031132265030493073, -0.19095386069766462, 0.9811051957658402]], "trans": [-310.6851861049263, 236.01108668435452, 103.88669018403266]}], "rb_ScNup84_506-726_ScNup133C_882_1155_renamed_relative_3CQC_new_1.pdb_16": [{"rot": [[-0.16518151731537734, 0.9651949223515848, 0.20276545120929085], [-0.9858376049538005, -0.16762216992409407, -0.005198539111321621], [0.028970381363445638, -0.20075250936577546, 0.9792135349284139]], "trans": [-367.5345760196013, 530.5038683917126, 107.02633042437657]}], "rb_ScNup84_506-726_ScNup133C_882_1155_renamed_relative_3CQC_new_1.pdb_17": [{"rot": [[-0.8115367048891418, 0.5621266645113544, 0.15944212010322945], [-0.5790029731881329, -0.8103233201034864, -0.09017579462230699], [0.0785094494756894, -0.16549842881973628, 0.9830801271520152]], "trans": [-200.16106837679757, 778.9859055624315, 92.51788133148091]}], "rb_ScNup84_506-726_ScNup133C_882_1155_renamed_relative_3CQC_new_1.pdb_18": [{"rot": [[-0.9819715163303252, -0.17602607705782383, 0.06889674383854219], [0.16705094060007455, -0.9786786382988872, -0.1195077661997956], [0.0884642547052254, -0.10584395652595248, 0.9904398681931075]], "trans": [93.38748941913627, 835.8930340203592, 68.88460185428272]}], "rb_ScNup84_506-726_ScNup133C_882_1155_renamed_relative_3CQC_new_1.pdb_19": [{"rot": [[-0.5766428359658419, -0.8168430183910693, -0.01582791947911183], [0.8152752343535055, -0.5740632053014448, -0.07601137131289543], [0.05300313178583775, -0.056735523482182, 0.9969813179774708]], "trans": [341.14812651594156, 667.8883723195098, 49.99520524095169]}], "rb_ScNup84_506-726_ScNup133C_882_1155_renamed_relative_3CQC_new_1.pdb_20": [{"rot": [[0.1670020801124012, -0.9849245597364941, -0.045098967460498136], [0.9859309768288581, 0.16649355316133402, 0.014832588614479551], [-0.0071002934744630875, -0.046941542194371445, 0.9988724029869827]], "trans": [397.98108161659013, 373.3915369451506, 46.93937126925624]}], "rb_ScNup84_506-726_ScNup133C_882_1155_renamed_relative_3CQC_new_1.pdb_21": [{"rot": [[0.8133255546724523, -0.5818061642242154, -0.0017690074763441095], [0.5790456278381022, 0.8091630461316592, 0.09980644095703808], [-0.05663658709989673, -0.0821994649960564, 0.9950052989587725]], "trans": [230.5947216177193, 124.9230432601396, 61.531255468260866]}], "rb_4XMM.renamed.noAb_Nup145c_149-550_Sec13_Nup84_7-436_3IKO_updated_1.pdb_21": [{"rot": [[0.9986364946025905, -0.02699712901744734, 0.04468004781402942], [0.027236297191505488, 0.9996177248262426, -0.0047527180118973646], [-0.04453465799963712, 0.0059631567160293615, 0.9989900424923333]], "trans": [-1.9818185994494115, -12.933470194175982, 21.569323848125748]}], "rb_4XMM.renamed.noAb_Nup145c_149-550_Sec13_Nup84_7-436_3IKO_updated_1.pdb_22": [{"rot": [[0.7262962748385507, 0.6856986306254661, 0.04807399623500375], [-0.6871093274970158, 0.7261996079472929, 0.02269144076067131], [-0.019351827361808176, -0.049512800118322764, 0.9985859949960244]], "trans": [-325.8124549450732, 132.17081294012783, 46.715868174479226]}], "rb_4XMM.renamed.noAb_Nup145c_149-550_Sec13_Nup84_7-436_3IKO_updated_1.pdb_23": [{"rot": [[0.030114421369605127, 0.9971049561385024, 0.06981996898887144], [-0.9988369394950538, 0.027388090474007754, 0.03968199592182249], [0.03765487917555747, -0.07093376448646073, 0.9967700392417758]], "trans": [-452.5954610585165, 464.4465899974174, 55.245818543736846]}], "rb_4XMM.renamed.noAb_Nup145c_149-550_Sec13_Nup84_7-436_3IKO_updated_1.pdb_24": [{"rot": [[-0.6820759198780033, 0.7247956312069351, 0.09717886861820098], [-0.7253321083348289, -0.6874431874153655, 0.03626564069132609], [0.09309012912830884, -0.04575103342593171, 0.9946059877154025]], "trans": [-308.0576509788745, 789.2421424842555, 42.18621465847394]}], "rb_4XMM.renamed.noAb_Nup145c_149-550_Sec13_Nup84_7-436_3IKO_updated_1.pdb_25": [{"rot": [[-0.9930636051176147, 0.028293297937158193, 0.11412346595964633], [-0.02681782052812011, -0.999535984012214, 0.014443724133815597], [0.11447917143709983, 0.011282994131498409, 0.9933615723141804]], "trans": [23.130601505340394, 916.2877729317415, 15.211561516278834]}], "rb_4XMM.renamed.noAb_Nup145c_149-550_Sec13_Nup84_7-436_3IKO_updated_1.pdb_26": [{"rot": [[-0.7206676634095026, -0.6843811561584939, 0.11072737697176628], [0.6875064050764442, -0.726061938561672, -0.013000167342295855], [0.08929200353194415, 0.06675698066289852, 0.9937657891264025]], "trans": [346.9564616737784, 771.1584764755286, -9.852003828354782]}], "rb_4XMM.renamed.noAb_Nup145c_149-550_Sec13_Nup84_7-436_3IKO_updated_1.pdb_27": [{"rot": [[-0.024461478189057584, -0.9957329871609856, 0.08898007846851572], [0.9991793651481294, -0.02722600287270821, -0.029989015151432378], [0.03228362351074949, 0.08817348267496435, 0.9955818422440119]], "trans": [473.72008803440474, 438.87315809792585, -18.29788649908261]}], "rb_4XMM.renamed.noAb_Nup145c_149-550_Sec13_Nup84_7-436_3IKO_updated_1.pdb_28": [{"rot": [[0.6877075507343724, -0.7233679024082404, 0.06162144455000769], [0.7256186450882056, 0.6875838783413895, -0.026570512704247668], [-0.02314965579191006, 0.06298641131634937, 0.9977458621443642]], "trans": [329.16347423729627, 114.08935932270128, -5.154364439260007]}], "rb_4XMM.renamed.noAb_Seh1_Nup85_47_544_3F3F_1.pdb_28": [{"rot": [[0.7390195205208862, -0.6337627011379352, 0.22846222211873796], [0.25929515028787375, 0.5805849449244781, 0.7718077135946708], [-0.6217846679729826, -0.5111418202156743, 0.5933952024581416]], "trans": [390.8915058050768, -118.65008918382523, 688.8720551544428]}], "rb_4XMM.renamed.noAb_Seh1_Nup85_47_544_3F3F_1.pdb_29": [{"rot": [[0.6944303165355319, -0.05009940653422332, 0.7178137536584844], [-0.37330098507272746, 0.8277432631509896, 0.41891224003588956], [-0.6151527534036535, -0.5588659407881948, 0.55610785842931]], "trans": [-108.62525014350251, -181.0282614297741, 729.031371187898]}], "rb_4XMM.renamed.noAb_Seh1_Nup85_47_544_3F3F_1.pdb_30": [{"rot": [[0.2169765382852846, 0.5369846244558241, 0.8152108285172464], [-0.7888027572644958, 0.5884151820810725, -0.177645105838665], [-0.5750751185416272, -0.6044957291780805, 0.5512472416618494]], "trans": [-505.93572343077534, 129.21866226955473, 759.2312165808544]}], "rb_4XMM.renamed.noAb_Seh1_Nup85_47_544_3F3F_1.pdb_31": [{"rot": [[-0.41364265883258716, 0.7835672885934, 0.4635968669440059], [-0.7438033695625057, 0.00280246613142765, -0.6683926193571019], [-0.5250298069837306, -0.6213006119665203, 0.5816607699928344]], "trans": [-568.2879233881202, 630.34377632465, 761.8041009854849]}], "rb_4XMM.renamed.noAb_Seh1_Nup85_47_544_3F3F_1.pdb_32": [{"rot": [[-0.8280016574157549, 0.5451969844111484, -0.13104771461477457], [-0.2646640977739497, -0.5860346985553482, -0.7658434875603801], [-0.4943340678794721, -0.5994360518671986, 0.6295317696952245]], "trans": [-259.15313877524153, 1028.7810398531078, 735.266797341073]}], "rb_4XMM.renamed.noAb_Seh1_Nup85_47_544_3F3F_1.pdb_33": [{"rot": [[-0.7833631136323191, -0.03848560287967845, -0.6203717357933615], [0.36792851682370376, -0.8331471983017196, -0.412909617797778], [-0.5009698980060481, -0.5517106164765957, 0.6668167341622636]], "trans": [240.37502812043698, 1091.1204027097212, 695.1892371996837]}], "rb_4XMM.renamed.noAb_Seh1_Nup85_47_544_3F3F_1.pdb_34": [{"rot": [[-0.30587691583408405, -0.6255509837196336, -0.7177222855166402], [0.7833928010432838, -0.5937730464700162, 0.18365535265620847], [-0.5410499345101051, -0.5060825387751655, 0.6716736054911614]], "trans": [637.6678471235379, 780.8427039432501, 665.0734252869267]}], "rb_4XMM.renamed.noAb_Seh1_Nup85_47_544_3F3F_1.pdb_35": [{"rot": [[0.3247387887533556, -0.8720879803908015, -0.36607003911396285], [0.7383439191425527, -0.00814099637879051, 0.6743752525435509], [-0.591094726879052, -0.4892813900363015, 0.6412571599755635]], "trans": [699.9874963725601, 279.71311120182463, 662.5856337554301]}], "rb_4XMM.renamed.noAb_Nup120_715-1036_Nup85_553-744_Nup145c_92-99_554-712_remaining_updated_1.pdb_35": [{"rot": [[0.9930784718184095, -0.08806495271340566, 0.07771558990574755], [0.08164095149729843, 0.993258634034326, 0.08229241128367001], [-0.08443875798132318, -0.07537804733375997, 0.9935734729403364]], "trans": [24.958355937750298, -68.30695055872752, 89.06786452740403]}], "rb_4XMM.renamed.noAb_Nup120_715-1036_Nup85_553-744_Nup145c_92-99_554-712_remaining_updated_1.pdb_36": [{"rot": [[0.7599218120352137, 0.6363139556408977, 0.13275311465178974], [-0.6470211533429757, 0.7600563097090968, 0.060646790501354256], [-0.06230944326378638, -0.1319808922837824, 0.9892919575899392]], "trans": [-344.41678369216777, 77.91762954652575, 117.83913700501404]}], "rb_4XMM.renamed.noAb_Nup120_715-1036_Nup85_553-744_Nup145c_92-99_554-712_remaining_updated_1.pdb_37": [{"rot": [[0.08136549547859867, 0.9843323960123138, 0.15642694878498203], [-0.9966629846206827, 0.08138260347384157, 0.006306103298543891], [-0.006523130576234257, -0.15641804887057215, 0.987669399523448]], "trans": [-502.62674689319596, 443.2924714141378, 128.71296787119832]}], "rb_4XMM.renamed.noAb_Nup120_715-1036_Nup85_553-744_Nup145c_92-99_554-712_remaining_updated_1.pdb_38": [{"rot": [[-0.6450826199685074, 0.752116258971258, 0.1348686264690391], [-0.762459427623521, -0.6451858582595692, -0.048896109557665234], [0.05023977152195632, -0.13437388620167992, 0.9896563161342826]], "trans": [-356.98799312242676, 813.7759576879712, 115.34331858471734]}], "rb_4XMM.renamed.noAb_Nup120_715-1036_Nup85_553-744_Nup145c_92-99_554-712_remaining_updated_1.pdb_39": [{"rot": [[-0.9938589853587615, 0.0757010318439133, 0.08070731688898498], [-0.08161022831058168, -0.9940150259923929, -0.07262161342490453], [0.07472675462474566, -0.0787621855912364, 0.9940887436562913]], "trans": [7.1841554940582455, 972.3337550868367, 85.58632311083312]}], "rb_4XMM.renamed.noAb_Nup120_715-1036_Nup85_553-744_Nup145c_92-99_554-712_remaining_updated_1.pdb_40": [{"rot": [[-0.7606454880998013, -0.6486597078638193, 0.025671478871280448], [0.647033552386905, -0.7607558547754768, -0.05097167360814074], [0.052592998764058096, -0.02216106538181802, 0.9983701035498536]], "trans": [376.5544328086906, 826.0805870247154, 56.89805387296974]}], "rb_4XMM.renamed.noAb_Nup120_715-1036_Nup85_553-744_Nup145c_92-99_554-712_remaining_updated_1.pdb_41": [{"rot": [[-0.0820618831962372, -0.9966252253447204, 0.002001882332012833], [0.9966221138590438, -0.08205485606200458, 0.0033708698838145175], [-0.0031952297909579935, 0.0022717401321030034, 0.999992314822146]], "trans": [534.7424355889127, 460.69373831724727, 46.108508396450475]}], "rb_4XMM.renamed.noAb_Nup120_715-1036_Nup85_553-744_Nup145c_92-99_554-712_remaining_updated_1.pdb_42": [{"rot": [[0.6443679855705943, -0.7643524141446817, 0.02356451066519632], [0.762361547596739, 0.6444953554175904, 0.058571388843510604], [-0.05995640013875154, -0.01977685102208599, 0.9980050632366807]], "trans": [389.08131469449484, 90.22209368701328, 59.56235945519802]}], "rb_4XMM.renamed.noAb_Nup120_2-711_3F7F_updated_1.pdb_42": [{"rot": [[0.9985479716972931, 0.03852172688596638, 0.03765666975379092], [-0.04801513794165705, 0.9533727236006913, 0.29795133230553766], [-0.02442324195651967, -0.29932678873085233, 0.9538380254531742]], "trans": [-35.158477499053106, -33.06685325571891, 206.58259186793157]}], "rb_4XMM.renamed.noAb_Nup120_2-711_3F7F_updated_1.pdb_43": [{"rot": [[0.6735796176584299, 0.6935101719884454, 0.25560543817313675], [-0.7390988171357632, 0.629740010929642, 0.23908253207386637], [0.004841196509153045, -0.3499587975503578, 0.9367525835744828]], "trans": [-359.8690788757251, 151.9728184469106, 231.60497033295547]}], "rb_4XMM.renamed.noAb_Nup120_2-711_3F7F_updated_1.pdb_44": [{"rot": [[-0.04343241158748978, 0.9287003474305574, 0.36827882141939366], [-0.9970524049132133, -0.0636291998748778, 0.04286988196929409], [0.0632465610169694, -0.36533134221641267, 0.9287264844473221]], "trans": [-459.1243484386927, 513.0999181110382, 237.80041433813824]}], "rb_4XMM.renamed.noAb_Nup120_2-711_3F7F_updated_1.pdb_45": [{"rot": [[-0.7324523594385937, 0.6063145322568394, 0.3096711628922007], [-0.67076305240839, -0.7205494486177078, -0.17574248097855402], [0.11657816552261106, -0.3364389693107622, 0.9344615301083803]], "trans": [-274.77723643940544, 838.7612156564923, 221.56355033067007]}], "rb_4XMM.renamed.noAb_Nup120_2-711_3F7F_updated_1.pdb_46": [{"rot": [[-0.9898426252624403, -0.0847891173639506, 0.11411565532477272], [0.04862433700151124, -0.9561875910097909, -0.28868835212051114], [0.13359360413104956, -0.2802072382639945, 0.9505980499452654]], "trans": [85.1810329579389, 938.1798479520296, 192.43016708709473]}], "rb_4XMM.renamed.noAb_Nup120_2-711_3F7F_updated_1.pdb_47": [{"rot": [[-0.664820362136673, -0.7397523389224939, -0.10382852761723417], [0.7396824872379791, -0.6325034807400378, -0.22980244760483573], [0.1043249929877773, -0.22957748999071367, 0.9676830431126009]], "trans": [409.88374346804136, 753.1150951913892, 167.49101619338876]}], "rb_4XMM.renamed.noAb_Nup120_2-711_3F7F_updated_1.pdb_48": [{"rot": [[0.05221180538572434, -0.9748884422483722, -0.21648661055341303], [0.997579789972573, 0.060884166449575616, -0.033580960588064104], [0.0459182971879403, -0.21420934490885835, 0.9757078797145575]], "trans": [509.1173823051298, 391.98061574994676, 161.37980878629952]}], "rb_4XMM.renamed.noAb_Nup120_2-711_3F7F_updated_1.pdb_49": [{"rot": [[0.7412063234165689, -0.6524513825942293, -0.15786190002078088], [0.6712363689113992, 0.7177790900695487, 0.18502679511241193], [-0.007411017334506206, -0.24310567909822495, 0.969971497319513]], "trans": [324.7513979833938, 66.33419647583969, 177.70058123411084]}]}
