{"rb_ScNup133N_56-480_renamed_1.pdb_0": [{"rot": [[0.687832972388351, 0.20863947256150867, 0.6952376374914284], [0.43694740314113684, 0.6458131147449504, -0.626100940513304], [-0.5796229541552198, 0.7344351511962663, 0.35304707859391044]], "trans": [-45.11626419809545, -11.992621577373058, 421.84880651174205]}], "rb_ScNup133N_56-480_renamed_1.pdb_1": [{"rot": [[0.7842185158027632, 0.6177239071083113, 0.0584678891268941], [-0.20918019557139392, 0.3519156180025854, -0.9123590540936024], [-0.5841617629157403, 0.7032585387982873, 0.4051943513358416]], "trans": [-347.8158560188182, 186.2914426552791, 445.0523309984316]}], "rb_ScNup133N_56-480_renamed_1.pdb_2": [{"rot": [[0.39694728400517965, 0.6999300299138146, -0.5937430479136232], [-0.7342474002287157, -0.14600294266740846, -0.6629961508107197], [-0.5507391478533958, 0.6991288107046548, 0.4559663332576336]], "trans": [-422.1653933817312, 541.1663207863005, 449.2930539401321]}], "rb_ScNup133N_56-480_renamed_1.pdb_3": [{"rot": [[-0.24711177489300723, 0.4071003351322233, -0.879320810537576], [-0.8306624388949837, -0.5562548537728434, -0.024092535424705075], [-0.4989345481305798, 0.7244652198617851, 0.47562008146455526]], "trans": [-224.60795563189947, 844.7414222659372, 432.11070494458846]}], "rb_ScNup133N_56-480_renamed_1.pdb_4": [{"rot": [[-0.7706597829565088, -0.08922141313470974, -0.6309699187534004], [-0.441944022467453, -0.6385087612362095, 0.6300730456303372], [-0.45909582870977445, 0.7644253405420618, 0.45264215313914236]], "trans": [129.12643797621706, 919.1782890336661, 403.5949512256976]}], "rb_ScNup133N_56-480_renamed_1.pdb_5": [{"rot": [[-0.8669949350348123, -0.49828293661556455, 0.005822173284159821], [0.20419111978095703, -0.3445791662853713, 0.9162811712376704], [-0.4545610731536307, 0.7955999706132773, 0.4004933426832111]], "trans": [431.81710535129736, 720.8708717723098, 380.4747282852995]}], "rb_ScNup133N_56-480_renamed_1.pdb_6": [{"rot": [[-0.47968274071480344, -0.580450227087776, 0.6580136792910039], [0.7292279110156223, 0.1533458299501811, 0.6668670858819483], [-0.48798680520699156, 0.7997265722174296, 0.3497231585600734]], "trans": [506.1454989458738, 365.9905684433338, 376.3181936182096]}], "rb_ScNup133N_56-480_renamed_1.pdb_7": [{"rot": [[0.1643838554689166, -0.2875885272339263, 0.9435416191480879], [0.8255923959125195, 0.5635747439332142, 0.027941077503155998], [-0.5397917597301756, 0.7743877239497233, 0.33007349048865936]], "trans": [308.5709111011574, 62.431381344308875, 393.5843087407344]}], "rb_ScNup133C_490_881_renamed_relative_3CQC_1.pdb_7": [{"rot": [[0.818025772635868, 0.3687161510225913, -0.441454680888734], [-0.29328323492383274, 0.9276196886393577, 0.23131506081798908], [0.49479165253276075, -0.05975042446463219, 0.8669550780520252]], "trans": [146.13572232115575, 113.04286937148999, -221.9876134962907]}], "rb_ScNup133C_490_881_renamed_relative_3CQC_1.pdb_8": [{"rot": [[0.3829527442154012, 0.91417943999021, -0.1327522022306086], [-0.7553959865541108, 0.3926203274805579, 0.524620035784946], [0.5317180636350736, -0.10062420160300584, 0.8409225118023196]], "trans": [-136.80857241674863, 102.83209549182868, -199.3442826728923]}], "rb_ScNup133C_490_881_renamed_relative_3CQC_1.pdb_9": [{"rot": [[-0.25054351290684845, 0.9229042423437942, 0.2923622882728199], [-0.7734051452854841, -0.372454764662387, 0.5129541202936394], [0.5822992610215398, -0.09759717077922647, 0.8070950147719012]], "trans": [-344.1505257559546, 296.32522005799694, -183.71804224746882]}], "rb_ScNup133C_490_881_renamed_relative_3CQC_1.pdb_10": [{"rot": [[-0.7113519590114421, 0.38977944584490143, 0.584850727970327], [-0.3367606920039765, -0.919413811253341, 0.20315137212828524], [0.6169040660682847, -0.052442609330998674, 0.7852892116888974]], "trans": [-354.4243845695496, 580.1713592412566, -184.23895929003686]}], "rb_ScNup133C_490_881_renamed_relative_3CQC_1.pdb_11": [{"rot": [[-0.7295245089712186, -0.37288292665778633, 0.5733692648001132], [0.2987448958713136, -0.9278404906767661, -0.22330139061710286], [0.6152604960511738, 0.008387303965989232, 0.7882792494611549]], "trans": [-161.60966416385673, 788.0895592726711, -200.57786835094322]}], "rb_ScNup133C_490_881_renamed_relative_3CQC_1.pdb_12": [{"rot": [[-0.29441542678678656, -0.9183045038127422, 0.26464390177592084], [0.7608234843342523, -0.39279833531024033, -0.5165821265423218], [0.5783313774605678, 0.04925754820058431, 0.8143135218021527]], "trans": [121.34196689917508, 798.2785237223966, -223.13920122250443]}], "rb_ScNup133C_490_881_renamed_relative_3CQC_1.pdb_13": [{"rot": [[0.3390822521601547, -0.9269696352783556, -0.16046969041505982], [0.7787829209551529, 0.37227741613813464, -0.5048828452840021], [0.5277503086674158, 0.046225758029717096, 0.8481407848912943]], "trans": [328.6753668640881, 604.769530346565, -238.6822060925801]}], "rb_ScNup133C_490_881_renamed_relative_3CQC_1.pdb_14": [{"rot": [[0.7998566552252142, -0.39380216486371633, -0.45293397536570235], [0.34210231453343565, 0.9191946009018059, -0.1950571507631329], [0.4931483929638163, 0.0010679988837229426, 0.8699445510465511]], "trans": [338.93361996976023, 320.92299273672444, -238.07756665072463]}], "rb_ScNup84_506-726_ScNup133C_882_1155_renamed_relative_3CQC_new_1.pdb_14": [{"rot": [[0.9803837606344068, 0.17399957976730326, 0.09258416778878276], [-0.1890996669546621, 0.9628254540777232, 0.1928949479319342], [-0.055578753512250424, -0.20661870975502097, 0.9768417020874962]], "trans": [-68.15143506005631, 68.7868306744453, 100.99071196832764]}], "rb_ScNup84_506-726_ScNup133C_882_1155_renamed_relative_3CQC_new_1.pdb_15": [{"rot": [[0.5606231994801808, 0.7980529392417637, 0.2209369465983202], [-0.8278527156042708, 0.5462840411908073, 0.1274112538470465], [-0.019013402410974004, -0.2543329560002476, 0.9669297999446166]], "trans": [-313.54082800473554, 241.16378557063211, 119.75230905808809]}], "rb_ScNup84_506-726_ScNup133C_882_1155_renamed_relative_3CQC_new_1.pdb_16": [{"rot": [[-0.1865541240982695, 0.9458699423846522, 0.265570350143203], [-0.9815766709929388, -0.19081090444705867, -0.009921577823952837], [0.04128919646043949, -0.2625285714686145, 0.9640404303857288]], "trans": [-365.6128135333499, 537.0737403439703, 122.50426537083348]}], "rb_ScNup84_506-726_ScNup133C_882_1155_renamed_relative_3CQC_new_1.pdb_17": [{"rot": [[-0.8234411987484248, 0.5308573045351203, 0.20033750129584899], [-0.5602178725462134, -0.8166587706424788, -0.13865203789526576], [0.0900029304164719, -0.2264044490605744, 0.9698662268385398]], "trans": [-193.86097496897779, 783.1685879530551, 107.65845099716029]}], "rb_ScNup84_506-726_ScNup133C_882_1155_renamed_relative_3CQC_new_1.pdb_18": [{"rot": [[-0.976940596032472, -0.20386471937638212, 0.06345272269420689], [0.18938575444675498, -0.9646290529232632, -0.18336800775763018], [0.09859060724203074, -0.167122609032883, 0.9809943555972634]], "trans": [101.10195229571161, 835.2826135263134, 83.93575822433507]}], "rb_ScNup84_506-726_ScNup133C_882_1155_renamed_relative_3CQC_new_1.pdb_19": [{"rot": [[-0.5571302046799147, -0.82788560816196, -0.06489495228150319], [0.8281058358823453, -0.5480386735483481, -0.11787424177049804], [0.062021444766460314, -0.1194111891477064, 0.9909058019284236]], "trans": [346.4844398310527, 662.886802870349, 65.25727986983378]}], "rb_ScNup84_506-726_ScNup133C_882_1155_renamed_relative_3CQC_new_1.pdb_20": [{"rot": [[0.1900591287284013, -0.9756451264764902, -0.10951764592829308], [0.9817711421024408, 0.18906784932009219, 0.01946208848876827], [0.0017181739931407536, -0.11122021190480133, 0.9937943008198331]], "trans": [398.5398798850322, 366.9731694435354, 62.58913682145459]}], "rb_ScNup84_506-726_ScNup133C_882_1155_renamed_relative_3CQC_new_1.pdb_21": [{"rot": [[0.8269133573122829, -0.5605836650821125, -0.04427475512789287], [0.5603623700424913, 0.8148831213837524, 0.14818742431203388], [-0.04699269878279946, -0.14734806726584074, 0.9879677288930699]], "trans": [226.77537503158823, 120.89220888471152, 77.51836979894154]}], "rb_4XMM.renamed.noAb_Nup145c_149-550_Sec13_Nup84_7-436_3IKO_updated_1.pdb_21": [{"rot": [[0.9971551756474555, 0.0007261203151826833, 0.07537259733339001], [0.0012688864593028834, 0.9996501960362716, -0.026417333169691075], [-0.0753654138623737, 0.02643781976511947, 0.9968054454503255]], "trans": [-21.989619454464446, 7.765950493233163, 29.60708568879653]}], "rb_4XMM.renamed.noAb_Nup145c_149-550_Sec13_Nup84_7-436_3IKO_updated_1.pdb_22": [{"rot": [[0.7063298562382008, 0.7057804628109828, 0.05451671762715651], [-0.7062027245041808, 0.7078635460848512, -0.014384436973797723], [-0.04874265164510786, -0.028339697219553005, 0.9984092424813129]], "trans": [-325.2450498351286, 161.37111396319088, 53.07229790030351]}], "rb_4XMM.renamed.noAb_Nup145c_149-550_Sec13_Nup84_7-436_3IKO_updated_1.pdb_23": [{"rot": [[0.0019177134065065937, 0.9988336484909628, 0.048245880834771215], [-0.9999591527510407, 0.0014892663033717612, 0.008914870458910804], [0.008832621621694462, -0.0482610062898618, 0.9987957048702094]], "trans": [-431.4816335484697, 485.06035645388465, 60.00634872532743]}], "rb_4XMM.renamed.noAb_Nup145c_149-550_Sec13_Nup84_7-436_3IKO_updated_1.pdb_24": [{"rot": [[-0.7034266873656068, 0.7082109891338728, 0.06023363156801221], [-0.7079137406486287, -0.7056686303348314, 0.02983152631411902], [0.06363199904698741, -0.021655923701962163, 0.9977384375004801]], "trans": [-278.46256858011895, 789.212072491127, 46.37117832163898]}], "rb_4XMM.renamed.noAb_Nup145c_149-550_Sec13_Nup84_7-436_3IKO_updated_1.pdb_25": [{"rot": [[-0.9965026507497838, 0.004163336370593012, 0.08345737642006157], [-0.0011508084468479635, -0.9993470770527558, 0.03611225866699842], [0.08355323266381268, 0.03588991803248981, 0.9958568025047819]], "trans": [44.17333258191144, 895.6500150762838, 20.178466668808312]}], "rb_4XMM.renamed.noAb_Nup145c_149-550_Sec13_Nup84_7-436_3IKO_updated_1.pdb_26": [{"rot": [[-0.7056221450244906, -0.7008682677382432, 0.10431231820178634], [0.7062979528131539, -0.7075050988969432, 0.02407772594690607], [0.05692618293004005, 0.09066535342908369, 0.9942530881946482]], "trans": [347.4233232099618, 742.02145346316, -3.2037215285155867]}], "rb_4XMM.renamed.noAb_Nup145c_149-550_Sec13_Nup84_7-436_3IKO_updated_1.pdb_27": [{"rot": [[-0.001187071858734734, -0.9938663685600619, 0.11058133796277307], [0.9999990837577344, -0.001107841642960572, 0.0007779271081833905], [-0.0006506489788851988, 0.11058216009885571, 0.993866773025327]], "trans": [453.64119630851604, 418.3242820026213, -10.053765834300293]}], "rb_4XMM.renamed.noAb_Nup145c_149-550_Sec13_Nup84_7-436_3IKO_updated_1.pdb_28": [{"rot": [[0.7041345703524524, -0.7031885473602202, 0.09859195553385702], [0.707898320693612, 0.7060272212084815, -0.020137787162282178], [-0.055447943097384766, 0.08397279186767936, 0.9949241658700507]], "trans": [300.60493748369447, 114.18498466154892, 3.665191192594193]}], "rb_4XMM.renamed.noAb_Seh1_Nup85_47_544_3F3F_1.pdb_28": [{"rot": [[0.7593405994476126, -0.611142923982785, 0.22339691245922008], [0.28118256391654334, 0.617798973150095, 0.7343437849699601], [-0.5868033910773348, -0.4948017332633951, 0.6409625768948453]], "trans": [371.73781895631987, -138.05800167624022, 650.6196745447355]}], "rb_4XMM.renamed.noAb_Seh1_Nup85_47_544_3F3F_1.pdb_29": [{"rot": [[0.7249587286360737, -0.007504764075424275, 0.6887514212620837], [-0.3701310696185479, 0.8390568692155069, 0.3987311895567009], [-0.5808939946990309, -0.5439919565016051, 0.6055038548053664]], "trans": [-136.6426928233268, -183.4560705960111, 691.4028705818612]}], "rb_4XMM.renamed.noAb_Seh1_Nup85_47_544_3F3F_1.pdb_30": [{"rot": [[0.24153143193482912, 0.5754517754640353, 0.7813563985165795], [-0.8061033581411728, 0.5672525935456942, -0.16858787355325078], [-0.5402406346999773, -0.5891347462431429, 0.6008829398376963]], "trans": [-528.2539245798673, 145.08027153160361, 721.0594644778901]}], "rb_4XMM.renamed.noAb_Seh1_Nup85_47_544_3F3F_1.pdb_31": [{"rot": [[-0.40774276392364744, 0.7962225340861712, 0.4469625428168448], [-0.7713355878255098, -0.038387076731679126, -0.635269897991295], [-0.4886586225799959, -0.60378481974408, 0.6298068291347982]], "trans": [-573.682581692689, 655.0899199210022, 722.2402102717408]}], "rb_4XMM.renamed.noAb_Seh1_Nup85_47_544_3F3F_1.pdb_32": [{"rot": [[-0.8425098802392995, 0.5254768885224393, -0.11853751021485032], [-0.2861952087480357, -0.6230698832487769, -0.7279259736250812], [-0.4563654283453427, -0.5793599573815316, 0.6753315005195897]], "trans": [-246.3140029417719, 1047.802148204812, 694.277415330047]}], "rb_4XMM.renamed.noAb_Seh1_Nup85_47_544_3F3F_1.pdb_33": [{"rot": [[-0.8080772100580783, -0.07817854454232329, -0.5838658559617913], [0.36511570454832, -0.8442803939203118, -0.392276864897671], [-0.462278860512716, -0.5301685879180373, 0.7107879595969939]], "trans": [262.07659568290006, 1093.160712607138, 653.5760841062474]}], "rb_4XMM.renamed.noAb_Seh1_Nup85_47_544_3F3F_1.pdb_34": [{"rot": [[-0.3246158970727924, -0.6611139008771727, -0.6764265883557451], [0.8010500355706749, -0.572430372526698, 0.17504944764598554], [-0.5029347471390749, -0.4850277091836218, 0.7154053127033941]], "trans": [653.6687465388175, 764.5940433405194, 624.003635221201]}], "rb_4XMM.renamed.noAb_Seh1_Nup85_47_544_3F3F_1.pdb_35": [{"rot": [[0.3246556047652643, -0.8818374293526298, -0.34199632525400697], [0.766231306532066, 0.033226605314383484, 0.6417052108168078], [-0.5545162965906971, -0.4703814844272957, 0.6864786492843824]], "trans": [699.0641595445206, 254.58124484655752, 622.9080311044836]}], "rb_4XMM.renamed.noAb_Nup120_715-1036_Nup85_553-744_Nup145c_92-99_554-712_remaining_updated_1.pdb_35": [{"rot": [[0.9738074280776455, -0.14547752876478087, 0.17474375996096067], [0.14335876087474264, 0.9893611063503377, 0.02475614916934245], [-0.17648614308568208, 0.0009433269468928744, 0.9843026726739147]], "trans": [37.85198859349413, -80.88185200073258, 100.54070840855363]}], "rb_4XMM.renamed.noAb_Nup120_715-1036_Nup85_553-744_Nup145c_92-99_554-712_remaining_updated_1.pdb_36": [{"rot": [[0.7879504896220787, 0.5943728497954681, 0.16079471798022682], [-0.5951008148832992, 0.8021587253723957, -0.04895303294145111], [-0.1580792397171743, -0.05711650142426112, 0.9857731276695937]], "trans": [-343.91431417317233, 60.599777903117456, 130.32271000708457]}], "rb_4XMM.renamed.noAb_Nup120_715-1036_Nup85_553-744_Nup145c_92-99_554-712_remaining_updated_1.pdb_37": [{"rot": [[0.13594622910495174, 0.9857603460681448, 0.09897051536571524], [-0.9852199800630799, 0.1450239170374658, -0.09115730564038407], [-0.10421234896425738, -0.08511523721826497, 0.9909062431515052]], "trans": [-514.2326432531218, 431.4119420333849, 142.13519746893508]}], "rb_4XMM.renamed.noAb_Nup120_715-1036_Nup85_553-744_Nup145c_92-99_554-712_remaining_updated_1.pdb_38": [{"rot": [[-0.6002520644027292, 0.799404646173018, 0.025488641730263682], [-0.7984614270220549, -0.5970844823310526, -0.07713281090017646], [-0.046441454953149726, -0.0666508262248165, 0.996694967693418]], "trans": [-373.3262066436158, 814.3277629862245, 129.08225398406626]}], "rb_4XMM.renamed.noAb_Nup120_715-1036_Nup85_553-744_Nup145c_92-99_554-712_remaining_updated_1.pdb_39": [{"rot": [[-0.9893690501682254, 0.1444755467240214, -0.016604185256062037], [-0.1442309494272545, -0.98942890865465, -0.015095295485017746], [-0.018609561965163692, -0.012539980752072868, 0.9997481848376627]], "trans": [-3.738068351996219, 985.0298705295662, 98.83448279360425]}], "rb_4XMM.renamed.noAb_Nup120_715-1036_Nup85_553-744_Nup145c_92-99_554-712_remaining_updated_1.pdb_40": [{"rot": [[-0.803454511380611, -0.5953602513213202, -0.0026493940358118875], [0.5942140142965527, -0.8021684649365527, 0.05861278934592472], [-0.03702098534235264, 0.045518402959111526, 0.9982772769307794]], "trans": [378.0237423570207, 843.5186799599842, 69.13545965568181]}], "rb_4XMM.renamed.noAb_Nup120_715-1036_Nup85_553-744_Nup145c_92-99_554-712_remaining_updated_1.pdb_41": [{"rot": [[-0.15141980625666723, -0.9866965057832935, 0.059178101931635425], [0.9842819923259725, -0.14500295947907832, 0.10081220821468874], [-0.0908900536692896, 0.07351290510751461, 0.9931439225644216]], "trans": [548.3196872678257, 472.6935588161061, 57.4072959819066]}], "rb_4XMM.renamed.noAb_Nup120_715-1036_Nup85_553-744_Nup145c_92-99_554-712_remaining_updated_1.pdb_42": [{"rot": [[0.5847639412526577, -0.8002829209568869, 0.13265888374085608], [0.7974656631728805, 0.5970907885871579, 0.08678194653614635], [-0.14865950716619156, 0.05504395161212152, 0.9873553131066981]], "trans": [407.38991401810955, 89.78920849340318, 70.54452032067087]}], "rb_4XMM.renamed.noAb_Nup120_2-711_3F7F_updated_1.pdb_42": [{"rot": [[0.8583179201337698, 0.48889263421914386, 0.15580224704254586], [-0.5081562099692306, 0.7677610894017088, 0.3902821746767447], [0.07118717754587058, -0.41415806379565795, 0.9074169295015853]], "trans": [-250.97827220727686, 329.52538226425395, 230.73764438633404]}], "rb_4XMM.renamed.noAb_Nup120_2-711_3F7F_updated_1.pdb_43": [{"rot": [[0.2516600749184931, 0.8796726515637504, 0.4035383907174386], [-0.96012833914287, 0.1744747137669757, 0.21843110270903945], [0.12174062208964345, -0.4424190325322066, 0.8885069614732874]], "trans": [-256.77150740448303, 561.8550407560103, 230.1102459022612]}], "rb_4XMM.renamed.noAb_Nup120_2-711_3F7F_updated_1.pdb_44": [{"rot": [[-0.4960614419684374, 0.7378935840890618, 0.4576418953203406], [-0.8492553752142588, -0.522073444229536, -0.07876945156593504], [0.18079920758090548, -0.42772932725090107, 0.8856405981816824]], "trans": [-97.10097506286775, 730.1820305185462, 216.6057637932479]}], "rb_4XMM.renamed.noAb_Nup120_2-711_3F7F_updated_1.pdb_45": [{"rot": [[-0.9468208230612694, 0.146611608606603, 0.2864181649954573], [-0.2404882637615698, -0.9138356523044414, -0.3272152129260833], [0.21376558191281964, -0.378694384430375, 0.9004969956587159]], "trans": [134.49798895660746, 735.8981443335921, 198.15931899313867]}], "rb_4XMM.renamed.noAb_Nup120_2-711_3F7F_updated_1.pdb_46": [{"rot": [[-0.8365568672085483, -0.5477919565701476, -0.009827524778297264], [0.5095486377099406, -0.7713120851203269, -0.3813631512813953], [0.20132757817587266, -0.3240395649675859, 0.9243730667871358]], "trans": [302.35335932520525, 575.654918926268, 185.60110386189564]}], "rb_4XMM.renamed.noAb_Nup120_2-711_3F7F_updated_1.pdb_47": [{"rot": [[-0.22986375447057672, -0.9385257118703806, -0.25755027186723173], [0.9614731367979511, -0.17799505791594517, -0.20949264085739877], [0.15077155433502085, -0.29578243273679033, 0.9432818724473121]], "trans": [308.1350066595433, 343.325211964843, 186.31190279542062]}], "rb_4XMM.renamed.noAb_Nup120_2-711_3F7F_updated_1.pdb_48": [{"rot": [[0.5178491353378527, -0.7966923140932699, -0.3116305981359145], [0.8505414898012679, 0.5185419490022942, 0.08771214996533236], [0.09171394199617132, -0.31047641422435246, 0.9461463676693529]], "trans": [148.45787376920242, 175.011158431367, 199.89932465737638]}], "rb_4XMM.renamed.noAb_Nup120_2-711_3F7F_updated_1.pdb_49": [{"rot": [[0.9685610486152156, -0.20537976750755574, -0.14038748592355085], [0.2417390196667709, 0.9102577358098887, 0.3361444641352915], [0.05875152317975598, -0.3595135678897196, 0.9312884907628041]], "trans": [-83.13501011181796, 169.31362090908465, 218.4276710395677]}]}
