{"rb_ScNup133N_56-480_renamed_1.pdb_0": [{"rot": [[0.7785416996917278, 0.11923184549188116, 0.6161627941232078], [0.35699608126680865, 0.7233375270861166, -0.5910470538536559], [-0.5161653027870631, 0.6801224808294051, 0.5205831261856246]], "trans": [-61.78769923329287, 6.887309641723363, 345.47816581634186]}], "rb_ScNup133N_56-480_renamed_1.pdb_1": [{"rot": [[0.7934153855229974, 0.6079192832012165, 0.030433059779049004], [-0.32598689248016277, 0.46661602217439013, -0.8221934284469066], [-0.5140277929708887, 0.6424201374196412, 0.5683940491342331]], "trans": [-347.8345532552794, 206.99198101736593, 367.34550587264465]}], "rb_ScNup133N_56-480_renamed_1.pdb_2": [{"rot": [[0.3225062992745374, 0.7726390018377479, -0.546825986733818], [-0.8192833620377918, -0.06149260010898039, -0.5700819527224942], [-0.4740933026486428, 0.631860453716648, 0.6131785281732367]], "trans": [-409.12117091385585, 551.3409986501317, 370.5962465095102]}], "rb_ScNup133N_56-480_renamed_1.pdb_3": [{"rot": [[-0.3583203765111882, 0.5168958676761624, -0.7774478566155995], [-0.8339133000589984, -0.5516148624988217, 0.01759691606841307], [-0.41975601932741025, 0.6546294413251785, 0.6287011840204324]], "trans": [-209.7430741040555, 838.2099694847773, 353.35006292760636]}], "rb_ScNup133N_56-480_renamed_1.pdb_4": [{"rot": [[-0.8502267755027727, -0.009492185313491414, -0.5263310067211828], [-0.361306282568834, -0.7166302329632657, 0.5965726103160514], [-0.38284748973246435, 0.6973887062614303, 0.6058686260110856]], "trans": [133.50315017103924, 899.547122349058, 325.7340175415876]}], "rb_ScNup133N_56-480_renamed_1.pdb_5": [{"rot": [[-0.8650471932907202, -0.4981596136183269, 0.0594167715336989], [0.3216778358280164, -0.45987038076751724, 0.8276730047728653], [-0.38498925091079134, 0.7350892682201116, 0.5580564885661395]], "trans": [419.54093729857965, 699.4204050364021, 303.9499840260098]}], "rb_ScNup133N_56-480_renamed_1.pdb_6": [{"rot": [[-0.39409962016696065, -0.662838147526633, 0.6366561706036628], [0.8149373284986088, 0.06825115235823798, 0.5755162298504922], [-0.4249266289652947, 0.7456456064279032, 0.5132737959519816]], "trans": [480.80723178571805, 355.0669871304574, 300.78336127035783]}], "rb_ScNup133N_56-480_renamed_1.pdb_7": [{"rot": [[0.2867282151718268, -0.40705677990759526, 0.8672322114379973], [0.8295138296776632, 0.5583533257953156, -0.012180720291015967], [-0.4792637447146158, 0.722873669118312, 0.49775488093795117]], "trans": [281.41328780639986, 68.21407301889826, 318.1132064354599]}], "rb_ScNup133C_490_881_renamed_relative_3CQC_1.pdb_7": [{"rot": [[0.826868051557879, 0.36896651179532536, -0.4244442701774484], [-0.2646827239652275, 0.921207590068376, 0.2851659720842617], [0.4962179772511511, -0.12345156610592195, 0.8593761864741023]], "trans": [135.9086611307, 80.44326351457735, -204.2567811587578]}], "rb_ScNup133C_490_881_renamed_relative_3CQC_1.pdb_8": [{"rot": [[0.40941266837349904, 0.908577159301536, -0.08287829975839367], [-0.7413221337266084, 0.3842407571198411, 0.5502731454605063], [0.5318108319903981, -0.16384927880073866, 0.8308613920589631]], "trans": [-166.69082926342446, 88.00986370839684, -180.13330485528502]}], "rb_ScNup133C_490_881_renamed_relative_3CQC_1.pdb_9": [{"rot": [[-0.2218612063900362, 0.9117751422837748, 0.3456062716626527], [-0.7820961821703121, -0.37807338268417173, 0.4953645921342878], [0.5823256536799484, -0.1603951595876551, 0.7969756745642058]], "trans": [-375.40505107418255, 308.0108940980299, -164.52665961454142]}], "rb_ScNup133C_490_881_renamed_relative_3CQC_1.pdb_10": [{"rot": [[-0.6971444359346136, 0.37668703721948626, 0.6099971405147846], [-0.36311885680393385, -0.9191604576171003, 0.152606516854707], [0.6181701475150776, -0.11511268020477644, 0.7775697650868758]], "trans": [-367.964356955041, 611.5667658618804, -166.55543337106604]}], "rb_ScNup133C_490_881_renamed_relative_3CQC_1.pdb_11": [{"rot": [[-0.7380094028994831, -0.38322499920238795, 0.5554104079131725], [0.2701670175926141, -0.9220440298554787, -0.2772085669905963], [0.6183461035998037, -0.05452895555755233, 0.7840119190221166]], "trans": [-148.7256970955164, 820.8502859780722, -185.00713695139024]}], "rb_ScNup133C_490_881_renamed_relative_3CQC_1.pdb_12": [{"rot": [[-0.3205168334405907, -0.9227937812862003, 0.21382375148877059], [0.7467736464670048, -0.38503486212369664, -0.5422889228923611], [0.5827504443787135, -0.014134785774844394, 0.8125282317602939]], "trans": [153.87974363284172, 813.260334260086, -209.04849732795304]}], "rb_ScNup133C_490_881_renamed_relative_3CQC_1.pdb_13": [{"rot": [[0.31076023860781593, -0.9259323085674266, -0.214656549053151], [0.7874981464711538, 0.3772795032917034, -0.4873467407303156], [0.5322356089223166, -0.01759364507315639, 0.8464134452193735]], "trans": [362.58334465391073, 593.2433282378167, -224.5717417077962]}], "rb_ScNup133C_490_881_renamed_relative_3CQC_1.pdb_14": [{"rot": [[0.7860108034330637, -0.3908019875114893, -0.47902069208289705], [0.3684835312871798, 0.9183245624978271, -0.1445679254997545], [0.4963939001001502, -0.06287928490562143, 0.8658171235735166]], "trans": [355.1255071080377, 289.68844907407487, -222.4591297542749]}], "rb_ScNup84_506-726_ScNup133C_882_1155_renamed_relative_3CQC_new_1.pdb_14": [{"rot": [[0.982497932321261, 0.1716899942339455, 0.0722520509355585], [-0.1811184487188583, 0.9711369542695185, 0.15520671243795403], [-0.043519197121742424, -0.16557645343487465, 0.9852362749867707]], "trans": [-61.57963780652574, 71.75275828729104, 78.35335058274603]}], "rb_ScNup84_506-726_ScNup133C_882_1155_renamed_relative_3CQC_new_1.pdb_15": [{"rot": [[0.5679871063900465, 0.8030864635813473, 0.18011879132135916], [-0.8230045692208712, 0.5561528130007506, 0.11557477074569647], [-0.007357038550282788, -0.21388356786756033, 0.9768314559738606]], "trans": [-307.2383748858741, 237.32553440216293, 97.16952161056798]}], "rb_ScNup84_506-726_ScNup133C_882_1155_renamed_relative_3CQC_new_1.pdb_16": [{"rot": [[-0.17768521322458286, 0.9571954458139709, 0.22848379267319563], [-0.9826669666299142, -0.18505029357809388, 0.011046336090496697], [0.05285449551076514, -0.22256070488667706, 0.9734850460816785]], "trans": [-364.29710649382287, 528.6172228828484, 100.34142251023778]}], "rb_ScNup84_506-726_ScNup133C_882_1155_renamed_relative_3CQC_new_1.pdb_17": [{"rot": [[-0.8176936677126705, 0.5437377262032954, 0.18901415525264298], [-0.5665731573039661, -0.8182651346693257, -0.09714436065570062], [0.10184263942580928, -0.18652467527879432, 0.977157419409444]], "trans": [-199.32810978705604, 774.9851621997342, 86.03491391211293]}], "rb_ScNup84_506-726_ScNup133C_882_1155_renamed_relative_3CQC_new_1.pdb_18": [{"rot": [[-0.977112280315886, -0.19507733334889832, 0.08483174918254867], [0.18152323833112066, -0.9725455280324413, -0.14561768385014898], [0.11090944775658747, -0.12688589329622726, 0.9856972478812883]], "trans": [91.02936424001223, 832.1036565082233, 62.654955175932685]}], "rb_ScNup84_506-726_ScNup133C_882_1155_renamed_relative_3CQC_new_1.pdb_19": [{"rot": [[-0.562551379968829, -0.8264414536645956, -0.02303190308930055], [0.8233768035531339, -0.5575118438817819, -0.10597727729168352], [0.07474345634093246, -0.07858159833118969, 0.9941017795668236]], "trans": [336.68172660120575, 666.5120032668125, 43.92186068795604]}], "rb_ScNup84_506-726_ScNup133C_882_1155_renamed_relative_3CQC_new_1.pdb_20": [{"rot": [[0.18313341259650007, -0.980492630828765, -0.07138875318455834], [0.9829806697197491, 0.18370333363225, -0.0014450500719858164], [0.014531212890613938, -0.0699091274647595, 0.9974475213007661]], "trans": [393.72427306629163, 375.2162445818109, 40.833746237058676]}], "rb_ScNup84_506-726_ScNup133C_882_1155_renamed_relative_3CQC_new_1.pdb_21": [{"rot": [[0.8231094317397564, -0.5669855131370378, -0.031910676485836384], [0.5668366416160497, 0.8168857023879316, 0.10674254519924146], [-0.034454101388538896, -0.10594893641233073, 0.9937744904004141]], "trans": [228.74258895538145, 128.86165995626914, 55.22367771217648]}], "rb_4XMM.renamed.noAb_Nup145c_149-550_Sec13_Nup84_7-436_3IKO_updated_1.pdb_21": [{"rot": [[0.9980856861549451, -0.022735302822195554, 0.05751581606997405], [0.0237908099178714, 0.9995596574802951, -0.017733823652177096], [-0.05708730555967527, 0.019068223395425982, 0.9981870778568905]], "trans": [-7.4882594825053275, -7.842891357082067, 23.431961618618914]}], "rb_4XMM.renamed.noAb_Nup145c_149-550_Sec13_Nup84_7-436_3IKO_updated_1.pdb_22": [{"rot": [[0.7232285972511734, 0.688938155688986, 0.048006392844685414], [-0.6898804628459239, 0.7239098079128261, 0.004420066867004507], [-0.03170714590740782, -0.03631539127523488, 0.9988372486320947]], "trans": [-326.0905743896824, 139.7583875154035, 48.14962728900525]}], "rb_4XMM.renamed.noAb_Nup145c_149-550_Sec13_Nup84_7-436_3IKO_updated_1.pdb_23": [{"rot": [[0.025741741614035363, 0.9980482060525134, 0.056895879763256975], [-0.9993460762126133, 0.024246032374827975, 0.02682442678850109], [0.025392571691916256, -0.05754918165740971, 0.998019693690176]], "trans": [-447.4151261134473, 470.09035460824805, 56.253962597805355]}], "rb_4XMM.renamed.noAb_Nup145c_149-550_Sec13_Nup84_7-436_3IKO_updated_1.pdb_24": [{"rot": [[-0.6857772461595689, 0.7235138223137226, 0.07897669004702396], [-0.723316710406842, -0.6895587641643046, 0.03635446616882506], [0.08076202756259476, -0.0321940939487761, 0.9962133482436353]], "trans": [-300.3863682385753, 789.640002712907, 43.02133855118291]}], "rb_4XMM.renamed.noAb_Nup145c_149-550_Sec13_Nup84_7-436_3IKO_updated_1.pdb_25": [{"rot": [[-0.9945105106141344, 0.026161117401607988, 0.10131357369233066], [-0.023494259931688882, -0.9993476672443168, 0.02742735356542738], [0.10196501374625647, 0.02489650396421167, 0.9944763949245272]], "trans": [28.866093105610787, 911.2107591148117, 16.22761779683475]}], "rb_4XMM.renamed.noAb_Nup145c_149-550_Sec13_Nup84_7-436_3IKO_updated_1.pdb_26": [{"rot": [[-0.719597752293148, -0.6854908614731744, 0.11082126930969699], [0.6901554162279496, -0.7236419694174041, 0.0052727174136661115], [0.07658052197440715, 0.08027813484669478, 0.9938263654782264]], "trans": [347.463436943246, 763.5848773612412, -8.407055354692659]}], "rb_4XMM.renamed.noAb_Nup145c_149-550_Sec13_Nup84_7-436_3IKO_updated_1.pdb_27": [{"rot": [[-0.02208674129093624, -0.9945463507928753, 0.10193003474796158], [0.999566275317324, -0.02395395592091154, -0.01713094404838726], [0.01947914544833014, 0.10150745844671923, 0.9946440563197916]], "trans": [468.76876037095946, 433.24379730354906, -16.427337121156597]}], "rb_4XMM.renamed.noAb_Nup145c_149-550_Sec13_Nup84_7-436_3IKO_updated_1.pdb_28": [{"rot": [[0.6894107372421503, -0.7199562872316142, 0.07984848057979632], [0.7234810733887652, 0.6898292693379253, -0.026659250044635235], [-0.03588832433358962, 0.0761480376659279, 0.9964504526247924]], "trans": [321.72160785899996, 113.70609824393966, -3.110828456602974]}], "rb_4XMM.renamed.noAb_Seh1_Nup85_47_544_3F3F_1.pdb_28": [{"rot": [[0.6438866676785997, -0.7512657489681351, 0.1449473477270396], [0.3047404410803058, 0.42557903524644586, 0.8520655774815065], [-0.7018142366438125, -0.5044623466484484, 0.5029657225477812]], "trans": [521.6885373281872, -80.47335140134919, 750.690930532499]}], "rb_4XMM.renamed.noAb_Seh1_Nup85_47_544_3F3F_1.pdb_29": [{"rot": [[0.6574429932532784, -0.2425477690992054, 0.7133998109946317], [-0.27873006150863, 0.8013352474397306, 0.5293121706725711], [-0.7000559002205274, -0.5468385510511419, 0.4592268890763286]], "trans": [12.238564696592107, -242.65380797962092, 792.1275706828686]}], "rb_4XMM.renamed.noAb_Seh1_Nup85_47_544_3F3F_1.pdb_30": [{"rot": [[0.2557477407043948, 0.38217028561240973, 0.8879971654907095], [-0.7007546907431647, 0.706065504317967, -0.1020508060412772], [-0.6659849521768919, -0.5961689160021275, 0.44838227782417855]], "trans": [-462.4483087627944, 4.097081742643407, 828.8037324755653]}], "rb_4XMM.renamed.noAb_Seh1_Nup85_47_544_3F3F_1.pdb_31": [{"rot": [[-0.325880347121854, 0.756919770192074, 0.5664578191287721], [-0.7141054682704346, 0.19558016470526246, -0.6721620186830944], [-0.6195606342772353, -0.6235550181549717, 0.4767848149718589]], "trans": [-624.2919061532839, 515.2292841737753, 839.2580080997329]}], "rb_4XMM.renamed.noAb_Seh1_Nup85_47_544_3F3F_1.pdb_32": [{"rot": [[-0.7467153354208131, 0.6621671526052882, -0.06285594528757338], [-0.31096132036900304, -0.431071261609972, -0.8470422803192059], [-0.5879789665300585, -0.6129536927244985, 0.5277958937824851]], "trans": [-378.48005278954105, 991.3144649607428, 817.3901403906341]}], "rb_4XMM.renamed.noAb_Seh1_Nup85_47_544_3F3F_1.pdb_33": [{"rot": [[-0.7602261542736172, 0.15341985224629937, -0.6312832512391537], [0.27251022678798636, -0.8067875333071612, -0.5242442678714885], [-0.5897409352031731, -0.570575345626567, 0.5715325050325808]], "trans": [130.9891150200848, 1153.455329192671, 776.0346394903801]}], "rb_4XMM.renamed.noAb_Seh1_Nup85_47_544_3F3F_1.pdb_34": [{"rot": [[-0.3584979754937484, -0.47129078899766175, -0.8058313680745194], [0.6945033139271543, -0.7114687608266611, 0.10713239151620912], [-0.62381435420411, -0.5212458101258399, 0.5823731251656213]], "trans": [605.6632885967128, 906.66758921149, 739.4421458400889]}], "rb_4XMM.renamed.noAb_Seh1_Nup85_47_544_3F3F_1.pdb_35": [{"rot": [[0.22313116942222605, -0.8460004690658414, -0.4842475478230658], [0.7078084404998477, -0.2009540250822402, 0.6772183483636768], [-0.6702385342469125, -0.4938630236650937, 0.5539671660549275]], "trans": [767.4735574925706, 395.52309960048916, 729.0730630754483]}], "rb_4XMM.renamed.noAb_Nup120_715-1036_Nup85_553-744_Nup145c_92-99_554-712_remaining_updated_1.pdb_35": [{"rot": [[0.9972262171140973, -0.020671347944502223, 0.07150221866812181], [0.022252510870717734, 0.9995235766711843, -0.021387974153515225], [-0.07102603508753091, 0.0229197524550369, 0.9972111046750052]], "trans": [-9.661327770707999, -4.568315790525958, 27.627035063882772]}], "rb_4XMM.renamed.noAb_Nup120_715-1036_Nup85_553-744_Nup145c_92-99_554-712_remaining_updated_1.pdb_36": [{"rot": [[0.72125924367216, 0.690452084370955, 0.05532650906452039], [-0.6911653299969158, 0.7226515390675671, -0.00807710923103539], [-0.045558643830971655, -0.0324140752001226, 0.9984356452477058]], "trans": [-325.2396794753307, 143.84697209741833, 52.09971160429262]}], "rb_4XMM.renamed.noAb_Nup120_715-1036_Nup85_553-744_Nup145c_92-99_554-712_remaining_updated_1.pdb_37": [{"rot": [[0.02316593559380553, 0.9983115523838924, 0.0532670987094829], [-0.9996645106888662, 0.02251406086109109, 0.012805589901758091], [0.01158470963177657, -0.0535458816381356, 0.9984981888127497]], "trans": [-443.8513918857289, 472.6092335702897, 59.99545418087877]}], "rb_4XMM.renamed.noAb_Nup120_715-1036_Nup85_553-744_Nup145c_92-99_554-712_remaining_updated_1.pdb_38": [{"rot": [[-0.6881008041330227, 0.7225586389138317, 0.06653041922667627], [-0.7225218613173408, -0.6907384512764481, 0.02902674364681698], [0.06692864312095204, -0.028096356689143277, 0.9973620964678692]], "trans": [-296.01013810748196, 789.1250171045729, 46.71283036349348]}], "rb_4XMM.renamed.noAb_Nup120_715-1036_Nup85_553-744_Nup145c_92-99_554-712_remaining_updated_1.pdb_39": [{"rot": [[-0.9958708905153179, 0.02473328878761508, 0.08734663044430935], [-0.022091453595535746, -0.9992726188744583, 0.03108377142201803], [0.08805190004913355, 0.029025809093432834, 0.995692907127598]], "trans": [31.67850417369783, 907.9750306285165, 20.056993370543353]}], "rb_4XMM.renamed.noAb_Nup120_715-1036_Nup85_553-744_Nup145c_92-99_554-712_remaining_updated_1.pdb_40": [{"rot": [[-0.7198482673921139, -0.686368568553383, 0.1035213023225145], [0.6913047035643666, -0.7223447762222625, 0.01777163735255679], [0.06258017866986973, 0.08435764557162212, 0.9944684554430361]], "trans": [347.2518212389031, 759.5353772297829, -4.332686739013354]}], "rb_4XMM.renamed.noAb_Nup120_715-1036_Nup85_553-744_Nup145c_92-99_554-712_remaining_updated_1.pdb_41": [{"rot": [[-0.021730879307970352, -0.994173438542618, 0.10557908401216565], [0.9997490824122799, -0.022183158228098687, -0.0031112227225859046], [0.005435172518404759, 0.10548498275760698, 0.9944060424757688]], "trans": [465.8444277068304, 430.7642156636431, -12.144386561322221]}], "rb_4XMM.renamed.noAb_Nup120_715-1036_Nup85_553-744_Nup145c_92-99_554-712_remaining_updated_1.pdb_42": [{"rot": [[0.6895142643422507, -0.7183648882917287, 0.09231449798474335], [0.7225506167533547, 0.6910476870082392, -0.01933133492306451], [-0.04990676805714646, 0.08003112863238318, 0.9955422306220443]], "trans": [317.98501589207984, 114.26044484409908, 1.22210270567939]}], "rb_4XMM.renamed.noAb_Nup120_2-711_3F7F_updated_1.pdb_42": [{"rot": [[0.9942654922759915, 0.09150853344030288, 0.05533822527680329], [-0.10599643858585023, 0.9118720698480423, 0.3965527496288032], [-0.014173421474624467, -0.40014436962008243, 0.9163425110650767]], "trans": [-64.42489659990008, -1.209422593281829, 273.2085646517656]}], "rb_4XMM.renamed.noAb_Nup120_2-711_3F7F_updated_1.pdb_43": [{"rot": [[0.6298700004033169, 0.6998241501987961, 0.3369123645556197], [-0.7764888677558639, 0.5572447104673381, 0.29418254691158896], [0.01813341785605757, -0.4469054614285952, 0.8943973880228813]], "trans": [-356.840984542467, 198.96271726140452, 295.5832438240643]}], "rb_4XMM.renamed.noAb_Nup120_2-711_3F7F_updated_1.pdb_44": [{"rot": [[-0.10051682028460324, 0.8801516157018862, 0.4639283373725219], [-0.9919203228209229, -0.12492452402773818, 0.022089284082549593], [0.0773979458041962, -0.45795960157398474, 0.8855972907092073]], "trans": [-422.5854255885591, 547.8774702822112, 299.1670861292979]}], "rb_4XMM.renamed.noAb_Nup120_2-711_3F7F_updated_1.pdb_45": [{"rot": [[-0.7690240717746144, 0.5268525580405989, 0.3619783959261522], [-0.6260880198203991, -0.7350112774837658, -0.2603309689780577], [0.12890216626792794, -0.42683111889570574, 0.8950974402117768]], "trans": [-223.14228583749238, 841.1357712467118, 281.88463111407077]}], "rb_4XMM.renamed.noAb_Nup120_2-711_3F7F_updated_1.pdb_46": [{"rot": [[-0.9840307801916213, -0.1531054532903699, 0.09078625340996817], [0.10669831991252811, -0.915618127502979, -0.38763244590176105], [0.14247418069008994, -0.3717555174582998, 0.9173325149998766]], "trans": [124.65374463555077, 906.9428893030374, 253.88418951010507]}], "rb_4XMM.renamed.noAb_Nup120_2-711_3F7F_updated_1.pdb_47": [{"rot": [[-0.6195829841503534, -0.7613934278453792, -0.19077990928083993], [0.7771621262749197, -0.5609430347875384, -0.2852401465558305], [0.11016331165677655, -0.32499686114977955, 0.9392768947480834]], "trans": [417.0607605946963, 706.7482036086077, 231.5928197164169]}], "rb_4XMM.renamed.noAb_Nup120_2-711_3F7F_updated_1.pdb_48": [{"rot": [[0.11082065871429053, -0.9416676932696636, -0.31777466395910303], [0.9925362479600172, 0.12124033043104382, -0.013136923628533054], [0.05089772183095609, -0.3139470301327302, 0.9480752523841429]], "trans": [482.7845224914155, 357.82870058346714, 228.09312536764975]}], "rb_4XMM.renamed.noAb_Nup120_2-711_3F7F_updated_1.pdb_49": [{"rot": [[0.7792993957208378, -0.5883210430105347, -0.2158026927082535], [0.6266514877095747, 0.7312993340222729, 0.2692753182338774], [-0.0006039706225893782, -0.34507917121955634, 0.938573385948009]], "trans": [283.3250372408312, 64.58646165991581, 245.45928166018814]}]}
