{"rb_ScNup133N_56-480_renamed_1.pdb_0": [{"rot": [[-0.6605001973753999, -0.23769811921684394, 0.712207198354404], [0.28514704281462916, -0.9569089547121568, -0.054921911526787236], [0.694572280789499, 0.16680784307837343, 0.6998174692349504]], "trans": [851.1611165553492, 230.71010034838508, -340.80337978199583]}], "rb_ScNup133N_56-480_renamed_1.pdb_1": [{"rot": [[-0.2534996215619258, -0.8398274613376325, 0.4800289335562429], [0.7071308925111824, -0.4995011262011154, -0.5004643101961936], [0.6600786640426237, 0.21257577497683222, 0.7204912887528206]], "trans": [443.61886325953816, -317.68555727335877, -305.6102965532294]}], "rb_ScNup133N_56-480_renamed_1.pdb_2": [{"rot": [[0.3318525279600638, -0.943329684243528, 0.0017339295017129719], [0.7166894891629355, 0.25092709336955343, -0.650685615283198], [0.6133759661169336, 0.2171743553878064, 0.7593452597810861]], "trans": [-231.22249190694404, -416.20787967723606, -251.30066598764353]}], "rb_ScNup133N_56-480_renamed_1.pdb_3": [{"rot": [[0.7526487085352794, -0.48757172637491364, -0.4424858564744846], [0.3082232720750785, 0.8547642719374561, -0.41758406814743143], [0.5818232859653384, 0.17790967106656363, 0.7936181782503969]], "trans": [-778.029454485201, -7.140984439130023, -209.66583053516246]}], "rb_ScNup133N_56-480_renamed_1.pdb_4": [{"rot": [[0.7623805843566138, 0.26045697436157, -0.5924002102485112], [-0.278982489408661, 0.9582740761932975, 0.062286158167159045], [0.5839046285134329, 0.11778352772053688, 0.8032324852732808]], "trans": [-876.4728824794536, 669.8780901624333, -205.07205895384334]}], "rb_ScNup133N_56-480_renamed_1.pdb_5": [{"rot": [[0.35534708534848036, 0.8625506578698106, -0.3601871895871539], [-0.7009343806098713, 0.500819003315766, 0.5078103189152955], [0.618400713949613, 0.07201866790044964, 0.7825559842340029]], "trans": [-468.8813143790703, 1218.2421410520851, -240.18644250701504]}], "rb_ScNup133N_56-480_renamed_1.pdb_6": [{"rot": [[-0.23000582559782068, 0.9659943548297432, 0.11811954380257272], [-0.7104470341412177, -0.24961731488695305, 0.657994078840053], [0.66510324903056, 0.06742479177343264, 0.7437012609800369]], "trans": [205.9742755208981, 1316.7118920807304, -294.41447529523543]}], "rb_ScNup133N_56-480_renamed_1.pdb_7": [{"rot": [[-0.6507701597739015, 0.5101892890061127, 0.5623211613760261], [-0.30194780343562283, -0.8534187020596199, 0.424857673786494], [0.6966532302001104, 0.10669305674834562, 0.7094299602451541]], "trans": [752.755880532496, 907.6024914674783, -335.9646061947159]}], "rb_ScNup133C_490_881_renamed_relative_3CQC_1.pdb_7": [{"rot": [[0.8119378101164246, 0.36455239264657074, -0.45591506393078124], [-0.3052760503554158, 0.9308798755847664, 0.20067184732964047], [0.4975575600699335, -0.023753110258519977, 0.8671056822385056]], "trans": [154.1346833587471, 127.4497757396802, -232.90962441721433]}], "rb_ScNup133C_490_881_renamed_relative_3CQC_1.pdb_8": [{"rot": [[0.37023660035586237, 0.9142376062214463, -0.16460394626926664], [-0.759426214310762, 0.3999334862371404, 0.51315205505175], [0.5349735365179858, -0.06498312055210295, 0.8423660185861919]], "trans": [-121.19697043338641, 106.75273921870806, -210.8220475955348]}], "rb_ScNup133C_490_881_renamed_relative_3CQC_1.pdb_9": [{"rot": [[-0.2623354329584352, 0.9288057691102658, 0.2617249775661474], [-0.767105527094569, -0.3652717289635412, 0.5273762170604124], [0.5854308079657888, -0.06242120863516867, 0.8083157562469327]], "trans": [-330.5456960000549, 287.43390367126415, -194.97351876174775]}], "rb_ScNup133C_490_881_renamed_relative_3CQC_1.pdb_10": [{"rot": [[-0.7152086734452823, 0.39972264608166197, 0.5733222127548487], [-0.32381533899977255, -0.9164677655591844, 0.23501161869026882], [0.6193707933516917, -0.017568178631615416, 0.7849020190077649]], "trans": [-351.2701447480097, 563.6478121518016, -194.62432466975508]}], "rb_ScNup133C_490_881_renamed_relative_3CQC_1.pdb_11": [{"rot": [[-0.7230835913147936, -0.3630674093221743, 0.5876497054022806], [0.3107587073960435, -0.930756213447946, -0.1926704359926134], [0.616910970682839, 0.043300432054752425, 0.7858409042770877]], "trans": [-171.22772904670762, 773.5845792514916, -209.95502324109685]}], "rb_ScNup133C_490_881_renamed_relative_3CQC_1.pdb_12": [{"rot": [[-0.28134694864266746, -0.9127112273058946, 0.29631420829793076], [0.764874188220156, -0.39976669838947415, -0.5051277690380309], [0.5794923387621439, 0.08452693303644987, 0.8105823998258499]], "trans": [104.11207872723065, 794.260403490099, -231.9606701886442]}], "rb_ScNup133C_490_881_renamed_relative_3CQC_1.pdb_13": [{"rot": [[0.3512257008071028, -0.9272197093168022, -0.13001583652396315], [0.7725038517775202, 0.3654396347428158, -0.5193184690995823], [0.5290352597714598, 0.08196025874473459, 0.8446325887064988]], "trans": [313.4532502278068, 613.5632122947053, -247.7260423497155]}], "rb_ScNup133C_490_881_renamed_relative_3CQC_1.pdb_14": [{"rot": [[0.8040643797124851, -0.39809358202331085, -0.4415902775531041], [0.32917813357797615, 0.9165941265907318, -0.22692942399233995], [0.4950982020283432, 0.0371040031698011, 0.8680443901650876]], "trans": [334.16268881872844, 337.34808489314776, -247.99155751942118]}], "rb_ScNup84_506-726_ScNup133C_882_1155_renamed_relative_3CQC_new_1.pdb_14": [{"rot": [[0.9781523481677474, 0.17067924307790752, 0.1186868979975109], [-0.191664464076669, 0.9615107034032748, 0.19688042170601955], [-0.0805153214246969, -0.21532710749761486, 0.9732170979758759]], "trans": [-73.93860848305576, 68.17781305168072, 118.67589350491187]}], "rb_ScNup84_506-726_ScNup133C_882_1155_renamed_relative_3CQC_new_1.pdb_15": [{"rot": [[0.5567401306050646, 0.794599970980084, 0.24218033176189718], [-0.8295299892609251, 0.5471928383754194, 0.11162434567521057], [-0.04382264130130015, -0.2630416007955758, 0.9637887176971287]], "trans": [-317.72333090647544, 245.83039154313153, 137.2839200179804]}], "rb_ScNup84_506-726_ScNup133C_882_1155_renamed_relative_3CQC_new_1.pdb_16": [{"rot": [[-0.19097990958252797, 0.9438905193580219, 0.2694389756547667], [-0.981455015094521, -0.1882363772129434, -0.03623699269471278], [0.01651446280263444, -0.27136277150668076, 0.9623354502243748]], "trans": [-364.94147401260244, 544.3309795278757, 139.63639038059551]}], "rb_ScNup84_506-726_ScNup133C_882_1155_renamed_relative_3CQC_new_1.pdb_17": [{"rot": [[-0.8269828300005714, 0.5310943799751934, 0.18449433173679747], [-0.5584397193012726, -0.8139521393182102, -0.16008433654177848], [0.06514966454985395, -0.23541596049985727, 0.9697086401342249]], "trans": [-187.9300704547863, 788.8138405013395, 124.37919918569179]}], "rb_ScNup84_506-726_ScNup133C_882_1155_renamed_relative_3CQC_new_1.pdb_18": [{"rot": [[-0.9786891522269983, -0.20196664829237532, 0.037108170134615245], [0.1917075733274649, -0.9634013319068706, -0.18736616559282707], [0.07359177700049269, -0.17625931651293783, 0.9815889688155109]], "trans": [109.61701704127802, 836.0575840921072, 100.47422906282594]}], "rb_ScNup84_506-726_ScNup133C_882_1155_renamed_relative_3CQC_new_1.pdb_19": [{"rot": [[-0.5572271736424246, -0.8258550789250436, -0.08637861754034304], [0.8295400016929506, -0.5490345107268718, -0.10210039971596485], [0.03689529164718092, -0.12854763570214006, 0.9910167722141009]], "trans": [353.39442254572594, 658.3862759631019, 81.9493534712384]}], "rb_ScNup84_506-726_ScNup133C_882_1155_renamed_relative_3CQC_new_1.pdb_20": [{"rot": [[0.19050473608440843, -0.9750882724313233, -0.1136257299043807], [0.9814063358214437, 0.18640639780236412, 0.04576307319084348], [-0.023442472969667852, -0.12023109342112866, 0.9924691101670732]], "trans": [400.5958179918987, 359.88239037691915, 79.68071063441317]}], "rb_ScNup84_506-726_ScNup133C_882_1155_renamed_relative_3CQC_new_1.pdb_21": [{"rot": [[0.826474681215595, -0.5622433198672068, -0.02867142435036015], [0.5583411358651613, 0.8120897397476008, 0.16960374582382165], [-0.07207480357502252, -0.15618163740136626, 0.9850951826236112]], "trans": [223.57187372701566, 115.41382920991123, 95.02130841521338]}], "rb_4XMM.renamed.noAb_Nup145c_149-550_Sec13_Nup84_7-436_3IKO_updated_1.pdb_21": [{"rot": [[0.9959518947238507, -0.004737325616915338, 0.08976291629603451], [0.006113863973033142, 0.9998678015352079, -0.01506652317115539], [-0.08967967475012846, 0.015554330559269743, 0.9958491947767804]], "trans": [-24.21529196810468, 0.26845127879124675, 41.92160784892343]}], "rb_4XMM.renamed.noAb_Nup145c_149-550_Sec13_Nup84_7-436_3IKO_updated_1.pdb_22": [{"rot": [[0.7086094799540463, 0.7018454501696672, 0.07270191878754323], [-0.7027533019019194, 0.7112409746954893, -0.016555137575910712], [-0.06332773156527047, -0.039360386054317464, 0.9972163047325537]], "trans": [-331.8651359233879, 158.34751304872256, 65.71531440487416]}], "rb_4XMM.renamed.noAb_Nup145c_149-550_Sec13_Nup84_7-436_3IKO_updated_1.pdb_23": [{"rot": [[0.005677308986834773, 0.9982071367035816, 0.05958422942946015], [-0.9999667512052028, 0.00601591814248309, -0.005505017076478078], [-0.005853601180246082, -0.059550994642721816, 0.998208101745464]], "trans": [-438.05655809291244, 488.31619335403815, 72.61521314506274]}], "rb_4XMM.renamed.noAb_Nup145c_149-550_Sec13_Nup84_7-436_3IKO_updated_1.pdb_24": [{"rot": [[-0.7010570410815813, 0.7107348793134806, 0.0580943756071702], [-0.7114146546253183, -0.7026765863217624, 0.011610521931875804], [0.049073560440158974, -0.0331895520072749, 0.9982435771410098]], "trans": [-280.579212731454, 796.8743035086711, 58.603251000101466]}], "rb_4XMM.renamed.noAb_Nup145c_149-550_Sec13_Nup84_7-436_3IKO_updated_1.pdb_25": [{"rot": [[-0.9975786230267876, 0.007833979737315089, 0.06910513469670986], [-0.006134898923324467, -0.9996744770177795, 0.024764955368957262], [0.06927664754573266, 0.02428103705983724, 0.9973019489322779]], "trans": [48.31636415693879, 903.2642687098642, 31.911837864360905]}], "rb_4XMM.renamed.noAb_Nup145c_149-550_Sec13_Nup84_7-436_3IKO_updated_1.pdb_26": [{"rot": [[-0.7101809131909771, -0.6987263041505134, 0.08616624877172346], [0.7027096905659955, -0.7109922019055824, 0.026252230649812462], [0.042920406846501634, 0.07919369114779451, 0.9959348362009008]], "trans": [355.9604195426753, 745.1614640394281, 8.201184802869989]}], "rb_4XMM.renamed.noAb_Nup145c_149-550_Sec13_Nup84_7-436_3IKO_updated_1.pdb_27": [{"rot": [[-0.0072255423036763355, -0.9950329955485123, 0.09928307664535971], [0.9998679586110862, -0.005743908165975475, 0.015201080944335012], [-0.014555304232930652, 0.09937980322344891, 0.9949431128612086]], "trans": [462.1326413388741, 415.18485851802996, 1.3853316004447151]}], "rb_4XMM.renamed.noAb_Nup145c_149-550_Sec13_Nup84_7-436_3IKO_updated_1.pdb_28": [{"rot": [[0.6994863216986045, -0.7075054567113851, 0.10077159560196937], [0.7112604018595542, 0.7029260097274377, -0.0019145744287956054], [-0.0694804037347065, 0.07301406420870182, 0.9949077444288921]], "trans": [304.63775832825837, 106.63951712542234, 15.481106067782548]}], "rb_4XMM.renamed.noAb_Seh1_Nup85_47_544_3F3F_1.pdb_28": [{"rot": [[0.6885661591714234, -0.6998481597589549, 0.18997157083604863], [0.31567714415157433, 0.5251171069392748, 0.7903163699810536], [-0.6528587788367539, -0.4842154244566439, 0.5825039378528285]], "trans": [463.3458317505796, -122.08874499650244, 691.5657216816307]}], "rb_4XMM.renamed.noAb_Seh1_Nup85_47_544_3F3F_1.pdb_29": [{"rot": [[0.6977962258261086, -0.13552210808079934, 0.70335921508442], [-0.29966542071362745, 0.8366475466982772, 0.45849920199742494], [-0.6506005401560623, -0.530711447799166, 0.5431982108987012]], "trans": [-59.6302995515922, -234.36777484793308, 733.8376864277908]}], "rb_4XMM.renamed.noAb_Seh1_Nup85_47_544_3F3F_1.pdb_30": [{"rot": [[0.2705743152739925, 0.48325889617131007, 0.832616585941749], [-0.7411489950327268, 0.6565359105548925, -0.1402097190419925], [-0.6144002824510958, -0.5791557971937622, 0.5358085996891693]], "trans": [-508.70993264817326, 57.24926804826841, 768.2544975813603]}], "rb_4XMM.renamed.noAb_Seh1_Nup85_47_544_3F3F_1.pdb_31": [{"rot": [[-0.3428269534545567, 0.7940042158943278, 0.5020228930308829], [-0.7501462760511971, 0.0902941345359844, -0.6550782653965213], [-0.5654646271090568, -0.6011690896997512, 0.5646640426642944]], "trans": [-620.8139731090956, 581.9291249583817, 774.6783067927277]}], "rb_4XMM.renamed.noAb_Seh1_Nup85_47_544_3F3F_1.pdb_32": [{"rot": [[-0.7830684681804657, 0.6146748612855022, -0.0947554169699226], [-0.32138652968675663, -0.5303653649575282, -0.7844891829651749], [-0.5324607710220526, -0.5838556281797006, 0.6128606144675024]], "trans": [-330.26838002611726, 1032.3070545136593, 749.3699609513503]}], "rb_4XMM.renamed.noAb_Seh1_Nup85_47_544_3F3F_1.pdb_33": [{"rot": [[-0.7922505421719395, 0.05032449681858339, -0.6081171954880245], [0.29395673912788167, -0.8418515018234028, -0.4526317315422987], [-0.5347228384402207, -0.5373578825118632, 0.6521640837648115]], "trans": [192.72305481915458, 1144.5454320469926, 707.17945079997]}], "rb_4XMM.renamed.noAb_Seh1_Nup85_47_544_3F3F_1.pdb_34": [{"rot": [[-0.3649941870175296, -0.5684424766615688, -0.7373278742664421], [0.7354067671810127, -0.6616913051310808, 0.14608731463852143], [-0.5709256783748476, -0.48891488772667224, 0.6595499240629409]], "trans": [641.7864880543923, 852.8935502334109, 672.8465769726449]}], "rb_4XMM.renamed.noAb_Seh1_Nup85_47_544_3F3F_1.pdb_35": [{"rot": [[0.248407800118703, -0.879143641475955, -0.4066940158062073], [0.7443559035937168, -0.0954251583616974, 0.6609298963860102], [-0.619861156732186, -0.46690523321551886, 0.6306914059748984]], "trans": [753.8561420352488, 328.2053105260239, 666.5080259521297]}], "rb_4XMM.renamed.noAb_Nup120_715-1036_Nup85_553-744_Nup145c_92-99_554-712_remaining_updated_1.pdb_35": [{"rot": [[0.988962344035465, -0.12078222534628681, 0.0858203712429407], [0.11487019474172651, 0.9908548782714418, 0.07079158541580416], [-0.09358589872344658, -0.06015200949331669, 0.9937924407611681]], "trans": [41.379739995109674, -79.86334036696644, 84.5231353113058]}], "rb_4XMM.renamed.noAb_Nup120_715-1036_Nup85_553-744_Nup145c_92-99_554-712_remaining_updated_1.pdb_36": [{"rot": [[0.7802491584897532, 0.6117256871534283, 0.13039530034743088], [-0.6211507299719957, 0.7822915738055892, 0.046815213425020104], [-0.07336907612398941, -0.11752266687511453, 0.9903561992734088]], "trans": [-341.0119544687574, 57.91113697518587, 114.3730215483017]}], "rb_4XMM.renamed.noAb_Nup120_715-1036_Nup85_553-744_Nup145c_92-99_554-712_remaining_updated_1.pdb_37": [{"rot": [[0.11379614804449689, 0.9828621950899996, 0.14502531555938886], [-0.9933330177492581, 0.11526686056635738, -0.0017512008239512072], [-0.018437801913048182, -0.14385915444642833, 0.9894263950100439]], "trans": [-514.3858121544399, 426.54663771090173, 126.43964405522303]}], "rb_4XMM.renamed.noAb_Nup120_715-1036_Nup85_553-744_Nup145c_92-99_554-712_remaining_updated_1.pdb_38": [{"rot": [[-0.6199791167940246, 0.7752102990894223, 0.12113994768443517], [-0.7836470366398836, -0.6194667793822545, -0.04645676707762146], [0.03902840894564133, -0.12373318644350774, 0.9915477204187936]], "trans": [-377.175069319009, 810.0914045438185, 113.67821012932433]}], "rb_4XMM.renamed.noAb_Nup120_715-1036_Nup85_553-744_Nup145c_92-99_554-712_remaining_updated_1.pdb_39": [{"rot": [[-0.9912207396521718, 0.11041540772056772, 0.07273158200740476], [-0.11492979095007679, -0.9914920200140266, -0.06111233427610646], [0.06536503985748573, -0.0689348386986125, 0.9954774731645228]], "trans": [-9.757800447669638, 983.8596218771796, 83.58855260180218]}], "rb_4XMM.renamed.noAb_Nup120_715-1036_Nup85_553-744_Nup145c_92-99_554-712_remaining_updated_1.pdb_40": [{"rot": [[-0.7824501433527601, -0.6220762580447204, 0.028158521699858028], [0.6210747278819088, -0.7828712298109742, -0.03713246451103621], [0.0451437210878307, -0.011565755977405423, 0.9989135486792704]], "trans": [372.62969111052047, 846.0555346604182, 53.821622017636514]}], "rb_4XMM.renamed.noAb_Nup120_715-1036_Nup85_553-744_Nup145c_92-99_554-712_remaining_updated_1.pdb_41": [{"rot": [[-0.11596808687339233, -0.9931607522686494, 0.013532293970106204], [0.9932046950605808, -0.1158174092271873, 0.011435096393047435], [-0.00978961370746513, 0.014766444157964029, 0.9998430454778319]], "trans": [545.9813344764061, 477.40683701792176, 41.83931092793961]}], "rb_4XMM.renamed.noAb_Nup120_715-1036_Nup85_553-744_Nup145c_92-99_554-712_remaining_updated_1.pdb_42": [{"rot": [[0.6177908437033213, -0.7854515459434728, 0.03742114925204889], [0.7834611287801359, 0.6188999081804816, 0.05613878645592357], [-0.06725424244529692, -0.005364012415825462, 0.9977214512297052]], "trans": [408.7472060473438, 93.8732507704816, 54.68503102082866]}], "rb_4XMM.renamed.noAb_Nup120_2-711_3F7F_updated_1.pdb_42": [{"rot": [[0.9763046867639804, 0.057147701972955524, 0.20871822814956947], [-0.08263095668447326, 0.9898659892786696, 0.11548787064782395], [-0.20000320897449164, -0.12999793624734998, 0.971132973887374]], "trans": [-82.80045274359588, 23.17877308941479, 206.79888025552705]}], "rb_4XMM.renamed.noAb_Nup120_2-711_3F7F_updated_1.pdb_43": [{"rot": [[0.6299355814406824, 0.7357897475218607, 0.2485852181379749], [-0.7580126486550902, 0.6521706754230854, -0.00949918928593188], [-0.16910939569959638, -0.18244686229122126, 0.9685634489935102]], "trans": [-353.98761713432145, 225.33289414271266, 227.47183949602052]}], "rb_4XMM.renamed.noAb_Nup120_2-711_3F7F_updated_1.pdb_44": [{"rot": [[-0.09114639012967851, 0.9777990473752703, 0.188683222673192], [-0.9896870362446429, -0.06791705500780576, -0.12612233715072252], [-0.11050749230537396, -0.1982329351825261, 0.9739054356318674]], "trans": [-403.31834734341277, 560.5897091832579, 229.81385973085455]}], "rb_4XMM.renamed.noAb_Nup120_2-711_3F7F_updated_1.pdb_45": [{"rot": [[-0.7645212417453867, 0.6414031413479286, 0.06410367531662667], [-0.6419359965943057, -0.7485596562905894, -0.16606208854096874], [-0.05852732008699765, -0.16810845083791046, 0.984029522707683]], "trans": [-201.89209271182352, 832.5511656343867, 212.47695738516506]}], "rb_4XMM.renamed.noAb_Nup120_2-711_3F7F_updated_1.pdb_46": [{"rot": [[-0.9957164907445518, -0.076332505627072, -0.05217296851862731], [0.08152300797909404, -0.9910270955331321, -0.10592117394176971], [-0.04361959685042059, -0.10972075694167939, 0.9930048772623171]], "trans": [132.29472002633383, 881.8985244456711, 185.6413392045663]}], "rb_4XMM.renamed.noAb_Nup120_2-711_3F7F_updated_1.pdb_47": [{"rot": [[-0.6492947004104526, -0.7549482314791538, -0.09203021137320021], [0.7568774918244943, -0.6532785280362596, 0.019069010887767888], [-0.07451747706652727, -0.057274187844729, 0.9955736100451656]], "trans": [403.4726572742514, 679.7235238228812, 165.05169360265583]}], "rb_4XMM.renamed.noAb_Nup120_2-711_3F7F_updated_1.pdb_48": [{"rot": [[0.07180535993195153, -0.9969013755224333, -0.03211911839575902], [0.9884952758070379, 0.06682817310555805, 0.13568745331289483], [-0.13312054684461128, -0.04149268322067705, 0.9902309211729039]], "trans": [452.7837731224479, 344.4632465935356, 162.7937301882224]}], "rb_4XMM.renamed.noAb_Nup120_2-711_3F7F_updated_1.pdb_49": [{"rot": [[0.7451531074232304, -0.6604523744370263, 0.09246354740110033], [0.6406913962589966, 0.7474443488589592, 0.17561742544093364], [-0.18509830160538718, -0.07162127099750837, 0.9801066331188156]], "trans": [251.34283395957982, 72.5180071236731, 180.21420066791188]}]}
