{"rb_ScNup133N_56-480_renamed_1.pdb_0": [{"rot": [[-0.4288056972512586, -0.0058354412386952825, 0.9033778952522659], [-0.5359385019765853, -0.8033596004551524, -0.2595828855214336], [0.7272520856649073, -0.5954656161207713, 0.34135773598082503]], "trans": [611.0497372028981, 756.5069572665733, -95.31082441581776]}], "rb_ScNup133N_56-480_renamed_1.pdb_1": [{"rot": [[-0.6674524130465849, -0.5822689574441675, 0.46418761025599914], [-0.03486615557107947, -0.5982411465951799, -0.80055723200542], [0.743835753049009, -0.550518293717265, 0.3789960168242496]], "trans": [648.928302175286, 237.4673094224714, -95.76336931506194]}], "rb_ScNup133N_56-480_renamed_1.pdb_2": [{"rot": [[-0.48306043986420516, -0.8454319487088526, -0.22781007778532164], [0.48858681561504747, -0.04436346036634259, -0.8713867149500693], [0.7265917251423595, -0.5322374502857513, 0.4344971363173457]], "trans": [309.8554855642433, -156.26705389973415, -66.78022438401581]}], "rb_ScNup133N_56-480_renamed_1.pdb_3": [{"rot": [[0.016350804478820424, -0.6411598241517215, -0.7672331660496894], [0.7277742803740684, 0.5338040999631308, -0.4305784245506966], [0.6856217966334672, -0.5513322616683035, 0.475347756095273]], "trans": [-207.53316239350323, -194.04087421619295, -25.316119684442867]}], "rb_ScNup133N_56-480_renamed_1.pdb_4": [{"rot": [[0.5382191713478023, -0.08911807457529794, -0.8380800035662932], [0.5425768493068962, 0.7975628253896342, 0.2636359272798508], [0.6449267293188334, -0.596616718120182, 0.4776170070983827]], "trans": [-600.1421632051057, 146.27440182052203, 4.362692507957092]}], "rb_ScNup133N_56-480_renamed_1.pdb_5": [{"rot": [[0.7768268130869178, 0.48729945932988006, -0.3988475139774975], [0.04148578881645834, 0.5923991355602933, 0.8045757848168773], [0.6283462674318195, -0.6415625465410402, 0.43997553009261375]], "trans": [-637.9737150689521, 665.3174038578904, 4.893950440811068]}], "rb_ScNup133N_56-480_renamed_1.pdb_6": [{"rot": [[0.5923940087976453, 0.7504192587149315, 0.2931557171374777], [-0.4819526924779939, 0.038500812785163235, 0.8753509522632021], [0.645593479330351, -0.6598398469057587, 0.38447423305277184]], "trans": [-298.8636481390563, 1059.0255395912732, -24.009559372497563]}], "rb_ScNup133N_56-480_renamed_1.pdb_7": [{"rot": [[0.09296409573518033, 0.5461020351109217, 0.8325444397459214], [-0.721100951751584, -0.5396506954877344, 0.4345003385989068], [0.6865647050985801, -0.6407415189507502, 0.3436265583530842]], "trans": [218.53449226436902, 1096.7591486185197, -65.39174844265716]}], "rb_ScNup133C_490_881_renamed_relative_3CQC_1.pdb_7": [{"rot": [[0.7489851766987061, 0.40779582036457607, -0.5222296180597127], [-0.27710033590089667, 0.9087151272885288, 0.31217338336348655], [0.601860954813669, -0.08910323411739043, 0.7936145189829906]], "trans": [199.3400096527489, 80.60016906242262, -251.67653922897466]}], "rb_ScNup133C_490_881_renamed_relative_3CQC_1.pdb_8": [{"rot": [[0.3475323956134252, 0.9279768635800313, -0.1344625399855468], [-0.6891286413911387, 0.3500202782750056, 0.6344978490197536], [0.6358639395449314, -0.12784656998315858, 0.7611388210635063]], "trans": [-122.54850606773056, 40.68534953504235, -225.78458864070927]}], "rb_ScNup133C_490_881_renamed_relative_3CQC_1.pdb_9": [{"rot": [[-0.22687783285256824, 0.9021150627373717, 0.36703523338021976], [-0.6955858197612157, -0.41386916382551897, 0.5872586164386912], [0.6816794087452269, -0.12206854147042123, 0.7213961844063526]], "trans": [-378.376476652085, 240.8083469600051, -206.32596987572873]}], "rb_ScNup133C_490_881_renamed_relative_3CQC_1.pdb_10": [{"rot": [[-0.6377478976796739, 0.3453606254216197, 0.6884792352813162], [-0.2926891648757217, -0.9354559929894242, 0.1981290941394652], [0.712468014558907, -0.07515399915214174, 0.6976684059364671]], "trans": [-418.2743564183503, 563.7344045066833, -204.6758112718964]}], "rb_ScNup133C_490_881_renamed_relative_3CQC_1.pdb_11": [{"rot": [[-0.6443843216242594, -0.4161318487500908, 0.6415630370436536], [0.2835387819905867, -0.9091872903182032, -0.3049331569887731], [0.7101933575809756, -0.014586143413415104, 0.703855552843185]], "trans": [-218.86749150008012, 820.2890012020009, -221.77679410538735]}], "rb_ScNup133C_490_881_renamed_relative_3CQC_1.pdb_12": [{"rot": [[-0.2428993939660089, -0.9362693313640865, 0.2537708091132502], [0.6955355647493756, -0.35045163222536524, -0.627227177057361], [0.6761879639417685, 0.024153521847246895, 0.7363331072297794]], "trans": [103.03067833607122, 860.1789536772069, -247.58691660729795]}], "rb_ScNup133C_490_881_renamed_relative_3CQC_1.pdb_13": [{"rot": [[0.33151135373539425, -0.910347951166584, -0.2477232935178502], [0.7019476589059097, 0.41343575460552634, -0.579948584764437], [0.6303726727111834, 0.01837075449086817, 0.7760752598030667]], "trans": [358.84957977515586, 660.0362821191752, -266.96224019209507]}], "rb_ScNup133C_490_881_renamed_relative_3CQC_1.pdb_14": [{"rot": [[0.7423500062849256, -0.35355281816874057, -0.5691369544615018], [0.29901876929276344, 0.9349788681567807, -0.19079384610334715], [0.5995867274877033, -0.02854681882816494, 0.7998004972212632]], "trans": [398.72880664691127, 337.1075023334497, -268.5284222105552]}], "rb_ScNup84_506-726_ScNup133C_882_1155_renamed_relative_3CQC_new_1.pdb_14": [{"rot": [[0.9862915122094396, 0.14414111857071232, 0.08032677561562507], [-0.15373603920187567, 0.979530473897271, 0.12994337596472205], [-0.05995234102300326, -0.1405111691068493, 0.9882622770105567]], "trans": [-58.535596471855, 59.9130543258774, 80.2463399788029]}], "rb_ScNup84_506-726_ScNup133C_882_1155_renamed_relative_3CQC_new_1.pdb_15": [{"rot": [[0.5896559826388488, 0.7899687684352328, 0.16809273343942496], [-0.8072625850174711, 0.5829470613716659, 0.09219459023745347], [-0.02515831809017144, -0.1900580662194143, 0.9814504523896317]], "trans": [-313.38977221802907, 226.9173857518737, 99.78847921429545]}], "rb_ScNup84_506-726_ScNup133C_882_1155_renamed_relative_3CQC_new_1.pdb_16": [{"rot": [[-0.15157721425979537, 0.9672564348592627, 0.20356654278292005], [-0.9878325923234432, -0.1554868783424071, 0.0032557958905834877], [0.0348011157980275, -0.2005961611962797, 0.9790556993616502]], "trans": [-375.9439533430002, 525.7437551292816, 103.36174168802393]}], "rb_ScNup84_506-726_ScNup133C_882_1155_renamed_relative_3CQC_new_1.pdb_17": [{"rot": [[-0.8031832203551914, 0.5721465030955096, 0.16596714595197917], [-0.5896656048028511, -0.803186331441894, -0.08477140731049115], [0.08480087884186885, -0.16595208941285866, 0.9824808980164219]], "trans": [-209.55110519054261, 781.3355786201873, 88.89686476106385]}], "rb_ScNup84_506-726_ScNup133C_882_1155_renamed_relative_3CQC_new_1.pdb_18": [{"rot": [[-0.98344204963197, -0.16390005777878247, 0.07732079976166287], [0.15398654210021845, -0.9807198257388268, -0.12031944254701575], [0.09555040485361144, -0.10642083660129127, 0.9897195186866802]], "trans": [88.31540899173854, 843.9636789740861, 64.89158219317966]}], "rb_ScNup84_506-726_ScNup133C_882_1155_renamed_relative_3CQC_new_1.pdb_19": [{"rot": [[-0.5867555382503014, -0.8096967941469446, -0.010442216276260283], [0.8074819352346758, -0.5840857370517922, -0.08256376955013744], [0.060752469927259675, -0.056876650049258404, 0.9965310753192357]], "trans": [343.1630986172766, 676.9397487426284, 45.4325318883088]}], "rb_ScNup84_506-726_ScNup133C_882_1155_renamed_relative_3CQC_new_1.pdb_20": [{"rot": [[0.1544917621426216, -0.9869268721105249, -0.04590908990824888], [0.9879937590173129, 0.15436209292569325, 0.006377806083583178], [0.0007921949935528992, -0.04634321281197128, 0.9989252619957896]], "trans": [405.70050709027237, 378.1088780879984, 41.94310478884029]}], "rb_ScNup84_506-726_ScNup133C_882_1155_renamed_relative_3CQC_new_1.pdb_21": [{"rot": [[0.8060667313896898, -0.591766413054359, -0.00830282647776574], [0.5897756418595459, 0.8020305132784168, 0.09440205527169619], [-0.0492048454514669, -0.0809911609444977, 0.9954995304031841]], "trans": [239.29425208904854, 122.530521350134, 56.49146139175156]}], "rb_4XMM.renamed.noAb_Nup145c_149-550_Sec13_Nup84_7-436_3IKO_updated_1.pdb_21": [{"rot": [[0.9984482654770762, -0.004284038071635821, 0.055522141381775324], [0.005883212182168347, 0.9995715864607585, -0.02867108917954678], [-0.05537552690707926, 0.0289532477992144, 0.9980457206268859]], "trans": [-15.291576022023378, 3.6479640812160596, 18.347176428509954]}], "rb_4XMM.renamed.noAb_Nup145c_149-550_Sec13_Nup84_7-436_3IKO_updated_1.pdb_22": [{"rot": [[0.7108948141928536, 0.7022228596034201, 0.03887953965908442], [-0.702699858171072, 0.711483826533679, -0.0019167439442051692], [-0.029008145064140626, -0.025958043674124187, 0.9992420665126888]], "trans": [-323.62226049240405, 153.09018607902098, 42.23717249315547]}], "rb_4XMM.renamed.noAb_Nup145c_149-550_Sec13_Nup84_7-436_3IKO_updated_1.pdb_23": [{"rot": [[0.008013620180634784, 0.9989108572582172, 0.04596608688210677], [-0.9995628034059542, 0.006693617547306574, 0.028799262687777206], [0.028460216774117038, -0.04617677701814249, 0.9985277769423274]], "trans": [-436.38333816033145, 477.43713637341665, 49.688065827232776]}], "rb_4XMM.renamed.noAb_Nup145c_149-550_Sec13_Nup84_7-436_3IKO_updated_1.pdb_24": [{"rot": [[-0.6984376024823873, 0.711975942565808, 0.07263038376728008], [-0.7107991244363557, -0.7019229985321956, 0.04548306093569157], [0.08336378193894049, -0.019858533155774443, 0.9963212928176013]], "trans": [-287.5158664574748, 786.6819149851261, 36.35902295923046]}], "rb_4XMM.renamed.noAb_Nup145c_149-550_Sec13_Nup84_7-436_3IKO_updated_1.pdb_25": [{"rot": [[-0.9946097665979747, 0.009508634335303667, 0.10325210923268362], [-0.005570655970541785, -0.9992484165111687, 0.03836104654435437], [0.10353926781650725, 0.0375790895711663, 0.9939152036502018]], "trans": [35.77340400054521, 899.6646870472116, 10.082390041914948]}], "rb_4XMM.renamed.noAb_Nup145c_149-550_Sec13_Nup84_7-436_3IKO_updated_1.pdb_26": [{"rot": [[-0.7070010423997022, -0.6969758134828204, 0.11989262473435508], [0.7029898214428086, -0.7111052142491364, 0.011605395964613872], [0.07716759030538797, 0.09248832189875736, 0.9927190304002484]], "trans": [344.0989735399706, 750.1986684237963, -13.724605960039582]}], "rb_4XMM.renamed.noAb_Nup145c_149-550_Sec13_Nup84_7-436_3IKO_updated_1.pdb_27": [{"rot": [[-0.00409667580592965, -0.9936088499259933, 0.11280368166014665], [0.9997975894322236, -0.006291742450349913, -0.019110053439244747], [0.019697649932249185, 0.1127025613093201, 0.9934335082236068]], "trans": [456.8412894733397, 425.84327709051945, -21.091486208858043]}], "rb_4XMM.renamed.noAb_Nup145c_149-550_Sec13_Nup84_7-436_3IKO_updated_1.pdb_28": [{"rot": [[0.7023320442811429, -0.7066186597199907, 0.08613808281702698], [0.7109784725199756, 0.7023023292355102, -0.03579175831860456], [-0.03520385190616519, 0.08638002133537123, 0.9956400859372165]], "trans": [307.9562267994937, 116.6105914966115, -7.678623480584463]}], "rb_4XMM.renamed.noAb_Seh1_Nup85_47_544_3F3F_1.pdb_28": [{"rot": [[0.6479701096873678, -0.7345285474096686, 0.20150074439559784], [0.226132079485937, 0.4381470130302343, 0.8699951020552052], [-0.7273231878464371, -0.5181650393580439, 0.45000663595992707]], "trans": [495.9951875047494, -56.255266340501294, 784.4101692281516]}], "rb_4XMM.renamed.noAb_Seh1_Nup85_47_544_3F3F_1.pdb_29": [{"rot": [[0.6044155491578592, -0.22209265817999943, 0.7650860703991039], [-0.33866117769295356, 0.7976370236978328, 0.4990829441586655], [-0.7211036337863111, -0.5607584414068163, 0.40689005853076937]], "trans": [11.763564700316351, -205.47925918363256, 823.7737114301485]}], "rb_4XMM.renamed.noAb_Seh1_Nup85_47_544_3F3F_1.pdb_30": [{"rot": [[0.1754874481264103, 0.39378938129577823, 0.9022937873712562], [-0.7069724765405119, 0.688232693380098, -0.16286705368781132], [-0.6851233998078397, -0.6093157497894349, 0.39917445320847245]], "trans": [-435.9517712399888, 32.54075272721019, 858.3425545171208]}], "rb_4XMM.renamed.noAb_Seh1_Nup85_47_544_3F3F_1.pdb_31": [{"rot": [[-0.3875420639365315, 0.7523251883559974, 0.5327456800809585], [-0.6630398650025247, 0.17402462137821612, -0.7280752492507895], [-0.64046021429691, -0.6353914085973135, 0.4313797303808728]], "trans": [-584.8709503968348, 518.369407127667, 867.8897876892192]}], "rb_4XMM.renamed.noAb_Seh1_Nup85_47_544_3F3F_1.pdb_32": [{"rot": [[-0.7548423601483751, 0.643479431869902, -0.1270717595928198], [-0.2325996863677673, -0.4437568533952951, -0.8654347121339191], [-0.6132784010767406, -0.6237099292340079, 0.4846395845859702]], "trans": [-347.75310452045125, 967.4015448811025, 846.8465120394274]}], "rb_4XMM.renamed.noAb_Seh1_Nup85_47_544_3F3F_1.pdb_33": [{"rot": [[-0.7112437480540456, 0.13101549071221358, -0.69062817206328], [0.33219013351300014, -0.8032066322993183, -0.49447833221183624], [-0.6195014495952732, -0.5811144870194012, 0.5277536422664743]], "trans": [136.49670225241266, 1116.5879251335914, 807.5641800547662]}], "rb_4XMM.renamed.noAb_Seh1_Nup85_47_544_3F3F_1.pdb_34": [{"rot": [[-0.28228690935883227, -0.4848580326453236, -0.8277842647598108], [0.7004677546171639, -0.6937539666099946, 0.16748241267214575], [-0.6554838102853668, -0.5325580925985451, 0.5354650805249324]], "trans": [584.2000185312021, 878.5331796004435, 773.0789405939179]}], "rb_4XMM.renamed.noAb_Seh1_Nup85_47_544_3F3F_1.pdb_35": [{"rot": [[0.28073919153818394, -0.8433537444031854, -0.4581920646798775], [0.6564909537874476, -0.1795177711707156, 0.7326615845184878], [-0.7001465089034792, -0.5064857664683389, 0.5032564300982603]], "trans": [733.0878423623064, 392.6932515820689, 763.6167380761104]}], "rb_4XMM.renamed.noAb_Nup120_715-1036_Nup85_553-744_Nup145c_92-99_554-712_remaining_updated_1.pdb_35": [{"rot": [[0.9959531491530895, -0.043602731424385976, 0.07858833567634524], [0.0435972152088331, 0.9990475915814647, 0.001786779592104751], [-0.07859139595451747, 0.0016466838217864385, 0.9969055526549708]], "trans": [0.5491423586462361, -24.63774934288449, 41.95182411636944]}], "rb_4XMM.renamed.noAb_Nup120_715-1036_Nup85_553-744_Nup145c_92-99_554-712_remaining_updated_1.pdb_36": [{"rot": [[0.7352549480771621, 0.673438950857903, 0.0766820761029438], [-0.675611038945951, 0.7372508707911564, 0.0032981164405536632], [-0.054312847305435355, -0.054232213536694024, 0.9970501399791728]], "trans": [-331.8666039940424, 123.2850036861203, 67.7689416826754]}], "rb_4XMM.renamed.noAb_Nup120_715-1036_Nup85_553-744_Nup145c_92-99_554-712_remaining_updated_1.pdb_37": [{"rot": [[0.043880630672150034, 0.9961112817006377, 0.07639898376632956], [-0.9990339758256894, 0.04357078221458327, 0.0057185735219324255], [0.002367572117333204, -0.07657611511380596, 0.997060927524666]], "trans": [-462.735706676902, 463.6428204109534, 76.58525631041533]}], "rb_4XMM.renamed.noAb_Nup120_715-1036_Nup85_553-744_Nup145c_92-99_554-712_remaining_updated_1.pdb_38": [{"rot": [[-0.6731529795482152, 0.7353882600162795, 0.07790489814889312], [-0.737205878742822, -0.6756250973708489, 0.007630212949524508], [0.058245673422016475, -0.052295648316664986, 0.9969315957951959]], "trans": [-315.3912867447017, 797.0494095441713, 63.26005148180985]}], "rb_4XMM.renamed.noAb_Nup120_715-1036_Nup85_553-744_Nup145c_92-99_554-712_remaining_updated_1.pdb_39": [{"rot": [[-0.9957974835429397, 0.044005108102131194, 0.08031763337193591], [-0.04350933874466105, -0.9990216810420922, 0.00791316939253054], [0.08058727698310263, 0.004385347050381871, 0.9967379091414637]], "trans": [23.852130389218075, 928.1906069338079, 35.623424972030364]}], "rb_4XMM.renamed.noAb_Nup120_715-1036_Nup85_553-744_Nup145c_92-99_554-712_remaining_updated_1.pdb_40": [{"rot": [[-0.7350431815844075, -0.6730161751480569, 0.08222377512223286], [0.6756784299166564, -0.7371686901927025, 0.006401682976951727], [0.05630435641789724, 0.06026234469928388, 0.996593331936207]], "trans": [356.26288097488924, 780.2421668533096, 9.889307168126265]}], "rb_4XMM.renamed.noAb_Nup120_715-1036_Nup85_553-744_Nup145c_92-99_554-712_remaining_updated_1.pdb_41": [{"rot": [[-0.04364362039558467, -0.9956344120062315, 0.08250667868586128], [0.9990470918117931, -0.04346329898942336, 0.00398120375699261], [-0.00037781101732246164, 0.08260181154164743, 0.9965825595448043]], "trans": [487.11197366690647, 439.87448837001773, 1.1571120318718613]}], "rb_4XMM.renamed.noAb_Nup120_715-1036_Nup85_553-744_Nup145c_92-99_554-712_remaining_updated_1.pdb_42": [{"rot": [[0.6733695883453039, -0.7348552904037335, 0.08100061516630741], [0.7371627253044448, 0.6757120931548484, 0.0020696825884622405], [-0.056254012420443915, 0.058316972914733464, 0.9967119025860294]], "trans": [339.74807833334285, 106.4798735188906, 14.566287499223392]}], "rb_4XMM.renamed.noAb_Nup120_2-711_3F7F_updated_1.pdb_42": [{"rot": [[0.9860711966511682, 0.13850120783168304, 0.09209240231472714], [-0.16198639129252443, 0.9253320373388378, 0.34281340363290963], [-0.03773597979326611, -0.35295613906478523, 0.9348785802046817]], "trans": [-98.21015834527793, 39.530074681062615, 254.1127043769722]}], "rb_4XMM.renamed.noAb_Nup120_2-711_3F7F_updated_1.pdb_43": [{"rot": [[0.5841225744924081, 0.7435612342701262, 0.3254497025026247], [-0.8116614938112717, 0.5363615125509347, 0.2313481085250702], [-0.0025372095725991473, -0.39929064444932755, 0.9168208897177379]], "trans": [-352.4493589281475, 250.480336885938, 273.3920085792666]}], "rb_4XMM.renamed.noAb_Nup120_2-711_3F7F_updated_1.pdb_44": [{"rot": [[-0.15815406790350467, 0.8973775322312896, 0.41194763678415913], [-0.9857403572269443, -0.16777277516466554, -0.012970892322492517], [0.05747381090260795, -0.4081248100275533, 0.9111151960648576]], "trans": [-383.59132820883286, 579.9323155181891, 274.31251521281706]}], "rb_4XMM.renamed.noAb_Nup120_2-711_3F7F_updated_1.pdb_45": [{"rot": [[-0.8059226073203863, 0.5098423455597223, 0.3009144956363341], [-0.582245128838667, -0.7745790317707071, -0.2470180833153643], [0.10714177968259017, -0.374283457042003, 0.9211039750381781]], "trans": [-173.39074814167833, 834.8885130173237, 256.35898341373286]}], "rb_4XMM.renamed.noAb_Nup120_2-711_3F7F_updated_1.pdb_46": [{"rot": [[-0.9797110998314225, -0.192020749146239, 0.057395058710835896], [0.16245099728098678, -0.9285815961791534, -0.333685319904528], [0.11737050033767418, -0.3175913272346893, 0.9409356590733455]], "trans": [155.01583098106232, 865.9921108011439, 230.0728501559022]}], "rb_4XMM.renamed.noAb_Nup120_2-711_3F7F_updated_1.pdb_47": [{"rot": [[-0.5777117961059034, -0.797050454738207, -0.17595355421731812], [0.8120945302357457, -0.539563594723378, -0.2222017128880156], [0.08216784408315046, -0.27125946960576675, 0.958992568035813]], "trans": [409.245117915785, 655.0222995223382, 210.87690783742806]}], "rb_4XMM.renamed.noAb_Nup120_2-711_3F7F_updated_1.pdb_48": [{"rot": [[0.1645784435435791, -0.9508118387615583, -0.26243243547937306], [0.9861151284468974, 0.16458274219000502, 0.022124068825041032], [0.022156023310372266, -0.2624297396334506, 0.9646967100529509]], "trans": [440.3679250824481, 325.5682860975496, 210.0404150324455]}], "rb_4XMM.renamed.noAb_Nup120_2-711_3F7F_updated_1.pdb_49": [{"rot": [[0.8123155304379792, -0.563229314419899, -0.15138103707979134], [0.5825690717919147, 0.7713585619337855, 0.2561625373136111], [-0.02750919120529407, -0.2962747176347164, 0.9547065183027179]], "trans": [230.15398655050276, 70.62899368778812, 228.07740592184857]}]}
