{"rb_ScNup133N_56-480_renamed_1.pdb_0": [{"rot": [[0.5792660857145323, 0.0450836977046471, 0.8138908170892665], [0.5950271073628042, 0.6590455913386343, -0.4600017935188487], [-0.5571297366362808, 0.7507505369551057, 0.35493673776773577]], "trans": [15.017099059561701, -161.20494723758577, 404.8086403247114]}], "rb_ScNup133N_56-480_renamed_1.pdb_1": [{"rot": [[0.819140111049526, 0.5114236437807339, 0.259721649178117], [-0.0195924494555538, 0.47748025811134615, -0.8784240086872896], [-0.5732587673940064, 0.7144637567406431, 0.40114327354443485]], "trans": [-410.7147996782119, 37.42210844918773, 437.8169326779609]}], "rb_ScNup133N_56-480_renamed_1.pdb_2": [{"rot": [[0.5555776094319008, 0.7133125935760435, -0.4272220309672081], [-0.6241734117341561, 0.01834579339011222, -0.781070409085522], [-0.5493096321584682, 0.7006058633145309, 0.45542326720011006]], "trans": [-571.8514731988073, 479.8129904796963, 448.5493210761524]}], "rb_ScNup133N_56-480_renamed_1.pdb_3": [{"rot": [[-0.05702278945946576, 0.5324811536662912, -0.8445189296116874], [-0.8645437271786294, -0.449390359595416, -0.22497210604601525], [-0.49931207203345107, 0.7172950060420827, 0.48597873310335654]], "trans": [-373.99487278749933, 906.8089992442108, 430.74262597013535]}], "rb_ScNup133N_56-480_renamed_1.pdb_4": [{"rot": [[-0.6597911342883864, 0.0748629312739128, -0.747710639643114], [-0.5998910757801534, -0.6517217673465591, 0.46410067352461415], [-0.4525553627057882, 0.7547544497965862, 0.47490984849598306]], "trans": [66.94972859596544, 1068.2699689599344, 394.85226532860224]}], "rb_ScNup133N_56-480_renamed_1.pdb_5": [{"rot": [[-0.8996172296204176, -0.3914628665067005, -0.1935088223219671], [0.014747287669659492, -0.47011983832984827, 0.8824793794276998], [-0.4364302437692257, 0.7910399242484966, 0.4287009220522621]], "trans": [492.67267948153784, 869.6099037629026, 361.92732337063455]}], "rb_ScNup133N_56-480_renamed_1.pdb_6": [{"rot": [[-0.6360075672621113, -0.5933160121419171, 0.4934272835194014], [0.6193075434609846, -0.010969543150471717, 0.7850718666054611], [-0.4603830372609789, 0.8048948868386944, 0.3744217944287881]], "trans": [653.7813858861059, 427.206787747636, 351.279700238078]}], "rb_ScNup133N_56-480_renamed_1.pdb_7": [{"rot": [[-0.02338840431920286, -0.4124480867892735, 0.9106808212800255], [0.859629769451657, 0.4567524012563296, 0.2289408295150962], [-0.5103818590191906, 0.7882029051268696, 0.34386994392309167]], "trans": [455.89800930437724, 0.22672095499251554, 369.1709285946569]}], "rb_ScNup133C_490_881_renamed_relative_3CQC_1.pdb_7": [{"rot": [[0.7757284869882428, 0.3897080961305782, -0.49635966222610733], [-0.2723838472392398, 0.91626796894631, 0.2937006109053201], [0.5692559654830908, -0.09263157611358969, 0.816925355750836]], "trans": [180.4067875927072, 83.24479385503983, -240.47748675288847]}], "rb_ScNup133C_490_881_renamed_relative_3CQC_1.pdb_8": [{"rot": [[0.36917235914764285, 0.9204086391282567, -0.1286845222217424], [-0.7065193521604651, 0.3679052369973717, 0.6045462278541388], [0.6037732805152314, -0.13226365187753622, 0.7861069597248822]], "trans": [-133.88523542418983, 56.54387056282047, -215.25531551572016]}], "rb_ScNup133C_490_881_renamed_relative_3CQC_1.pdb_9": [{"rot": [[-0.22443102513102753, 0.9092710197297833, 0.35050952574530625], [-0.7249822481631059, -0.39614332113091544, 0.5634458349936937], [0.6511769765639818, -0.1276584576239735, 0.7481121997334779]], "trans": [-375.0253140008108, 260.61809935928443, -196.98663729814814]}], "rb_ScNup133C_490_881_renamed_relative_3CQC_1.pdb_10": [{"rot": [[-0.6573404335296047, 0.3628198124192173, 0.6605038517398654], [-0.3169567104419812, -0.9282872870023313, 0.1944766219771731], [0.6836973000918698, -0.08151378107987764, 0.7251989419057039]], "trans": [-401.7482766925997, 575.9180363640162, -196.34949648720243]}], "rb_ScNup133C_490_881_renamed_relative_3CQC_1.pdb_11": [{"rot": [[-0.6759514305855441, -0.3988261605988883, 0.6196994086743257], [0.27853014784579144, -0.9167892221794818, -0.2862140437444416], [0.6822833870396969, -0.020861824404719315, 0.7307900957540057]], "trans": [-198.3975218216687, 817.7366495457118, -213.693134252434]}], "rb_ScNup133C_490_881_renamed_relative_3CQC_1.pdb_12": [{"rot": [[-0.2693614318084178, -0.9294839491223079, 0.2520000146391276], [0.7126337287505335, -0.3683848551583062, -0.597030792453042], [0.6477635276095998, 0.0187666409886047, 0.7616102845187784]], "trans": [115.9031245022108, 844.4133024552674, -238.833398144491]}], "rb_ScNup133C_490_881_renamed_relative_3CQC_1.pdb_13": [{"rot": [[0.3242434085991505, -0.9182867383592043, -0.22719084077845383], [0.7310500337177562, 0.39566280335861553, -0.5558927902389732], [0.6003599421857473, 0.014156701311323239, 0.7996046070569567]], "trans": [357.03382536266093, 640.3205524726391, -257.0187621964991]}], "rb_ScNup133C_490_881_renamed_relative_3CQC_1.pdb_14": [{"rot": [[0.7571210052981581, -0.3717940122552755, -0.5371563978837384], [0.32299053162776087, 0.9277638619400861, -0.1868992588450682], [0.5678423194999871, -0.03199107577346297, 0.8225154535057282]], "trans": [383.73872959201174, 325.0189270406047, -257.5719788319724]}], "rb_ScNup84_506-726_ScNup133C_882_1155_renamed_relative_3CQC_new_1.pdb_14": [{"rot": [[0.9861891257169594, 0.15303687134304855, 0.06333027970212582], [-0.16192963473805155, 0.9712264664721747, 0.17463660617858504], [-0.034782203944251404, -0.18247977102545967, 0.9825941845214002]], "trans": [-56.806231931999946, 54.43282610182649, 79.7535963704639]}], "rb_ScNup84_506-726_ScNup133C_882_1155_renamed_relative_3CQC_new_1.pdb_15": [{"rot": [[0.5843045853868862, 0.7895914241843293, 0.18743941514638945], [-0.8115343384475263, 0.5683885380721563, 0.13544920564082946], [0.00041111603442232914, -0.23125711371276447, 0.9728925831461799]], "trans": [-316.0369982292601, 221.79514194350915, 99.64283520966643]}], "rb_ScNup84_506-726_ScNup133C_882_1155_renamed_relative_3CQC_new_1.pdb_16": [{"rot": [[-0.15787710402237715, 0.955910846886234, 0.24760709365999461], [-0.9856088993652105, -0.1678882991157385, 0.019713358722491234], [0.06041454723495665, -0.2409314670715848, 0.9686599561544433]], "trans": [-381.43469117689546, 523.9790977099432, 103.42640693954081]}], "rb_ScNup84_506-726_ScNup133C_882_1155_renamed_relative_3CQC_new_1.pdb_17": [{"rot": [[-0.8055754440930635, 0.5545628765261266, 0.20858624080540444], [-0.5821779852542155, -0.8062826923634366, -0.10477124357622541], [0.11007723361169869, -0.20583545849594148, 0.9723758361179897]], "trans": [-214.6865067994474, 783.9611881145547, 88.91184679355212]}], "rb_ScNup84_506-726_ScNup133C_882_1155_renamed_relative_3CQC_new_1.pdb_18": [{"rot": [[-0.9793596146651699, -0.17933718685265937, 0.09323582237886303], [0.1624228860233482, -0.9728142047454917, -0.16507976599583996], [0.12030607324127489, -0.14652882466316713, 0.9818634081602666]], "trans": [86.52603068463918, 849.440355646027, 64.6259936617048]}], "rb_ScNup84_506-726_ScNup133C_882_1155_renamed_relative_3CQC_new_1.pdb_19": [{"rot": [[-0.5774243982607512, -0.8158603381319376, -0.03087026006446175], [0.8119960252007989, -0.5699263282141716, -0.12588262575277614], [0.08510886764204094, -0.09775422789603812, 0.9915647188041417]], "trans": [345.7502830596715, 682.0580975033408, 44.81984764035104]}], "rb_ScNup84_506-726_ScNup133C_882_1155_renamed_relative_3CQC_new_1.pdb_20": [{"rot": [[0.1647708880639323, -0.9821223403158743, -0.0910289135335079], [0.9860123283667244, 0.16636353843941737, -0.010142060281098153], [0.025104636134626962, -0.08808451470255295, 0.9957966034859538]], "trans": [411.1309415616613, 379.8694173915012, 41.120133236644904]}], "rb_ScNup84_506-726_ScNup133C_882_1155_renamed_relative_3CQC_new_1.pdb_21": [{"rot": [[0.8124377806263441, -0.5807245682308882, -0.05199835058909425], [0.58253059149665, 0.8047264096424829, 0.11433947522391193], [-0.024555296404259734, -0.12318433941441127, 0.9920799644895222]], "trans": [244.36900791212173, 119.90082177559282, 55.71820021543752]}], "rb_4XMM.renamed.noAb_Nup145c_149-550_Sec13_Nup84_7-436_3IKO_updated_1.pdb_21": [{"rot": [[0.9999031840129933, -0.013378557378115784, -0.0038258075176950414], [0.01337429452826161, 0.999909912932281, -0.001137657959740709], [0.0038406830842051686, 0.0010863803397123677, 0.9999920344338791]], "trans": [6.311928419894571, -7.923274198104309, -1.395206935453018]}], "rb_4XMM.renamed.noAb_Nup145c_149-550_Sec13_Nup84_7-436_3IKO_updated_1.pdb_22": [{"rot": [[0.7183780487425429, 0.695462988832963, 0.01625454546834502], [-0.6950174860773825, 0.7165274383019495, 0.059490538803453584], [0.029726640098337313, -0.054033890513007075, 0.9980965211563939]], "trans": [-316.8545190579274, 128.54565090829368, 23.740412519920483]}], "rb_4XMM.renamed.noAb_Nup145c_149-550_Sec13_Nup84_7-436_3IKO_updated_1.pdb_23": [{"rot": [[0.01989592125839107, 0.9971191630270066, 0.07319512990359985], [-0.9960214395252747, 0.013406922755081652, 0.08809963920608285], [0.08686451705548474, -0.07465674213735976, 0.993418807215847]], "trans": [-449.25470773052916, 454.2466420856322, 32.750076558901696]}], "rb_4XMM.renamed.noAb_Nup145c_149-550_Sec13_Nup84_7-436_3IKO_updated_1.pdb_24": [{"rot": [[-0.686362519561248, 0.7148755250090886, 0.1336393485636566], [-0.7133052057298968, -0.697553721701698, 0.06793002884397126], [0.14178213999008543, -0.048701017269592015, 0.9886991633943775]], "trans": [-313.3248268915768, 778.3795831134306, 20.37980185237916]}], "rb_4XMM.renamed.noAb_Nup145c_149-550_Sec13_Nup84_7-436_3IKO_updated_1.pdb_25": [{"rot": [[-0.9866611208402147, 0.014074377565401024, 0.16217812589397096], [-0.012487940747477215, -0.9998637250005215, 0.010797349858749828], [0.16230799104856686, 0.008628054487037217, 0.9867024235895796]], "trans": [11.307395991415433, 911.0629436583151, -6.099725354506404]}], "rb_4XMM.renamed.noAb_Nup145c_149-550_Sec13_Nup84_7-436_3IKO_updated_1.pdb_26": [{"rot": [[-0.7050807277390121, -0.6947450858353647, 0.1420930437376844], [0.695881720071846, -0.716425624637891, -0.049829268829265014], [0.1364177372663707, 0.06374629455758273, 0.988598306133135]], "trans": [334.4697407785117, 774.5690570728881, -31.15241976144108]}], "rb_4XMM.renamed.noAb_Nup145c_149-550_Sec13_Nup84_7-436_3IKO_updated_1.pdb_27": [{"rot": [[-0.006575104819867839, -0.9963464291786063, 0.08515022642160798], [0.9968308414078962, -0.013281456283451398, -0.07843389915731068], [0.07927825436168585, 0.084364660741534, 0.9932761762990858]], "trans": [466.8510626436337, 448.8580834778737, -40.07805484066523]}], "rb_4XMM.renamed.noAb_Nup145c_149-550_Sec13_Nup84_7-436_3IKO_updated_1.pdb_28": [{"rot": [[0.6996613050819006, -0.7140473329549115, 0.024707579223223444], [0.714059184599404, 0.6976570119079933, -0.0582595453539304], [0.024362657086785592, 0.05840462340936916, 0.9979956717862478]], "trans": [330.902430000818, 124.73622052513804, -27.62386281012772]}], "rb_4XMM.renamed.noAb_Seh1_Nup85_47_544_3F3F_1.pdb_28": [{"rot": [[0.7179915085592647, -0.6700546758580624, 0.18845403948319656], [0.28553510306734764, 0.5304520901733918, 0.7981793563773717], [-0.6347896490595184, -0.5192757565989606, 0.5721842273738997]], "trans": [432.7861296782995, -111.59497585575093, 707.4250231470635]}], "rb_4XMM.renamed.noAb_Seh1_Nup85_47_544_3F3F_1.pdb_29": [{"rot": [[0.6977644745545477, -0.11133225574734418, 0.707622686804076], [-0.34067601072279424, 0.8174030954469116, 0.464534213241399], [-0.6301306164340963, -0.5652055452523541, 0.5324266126410011]], "trans": [-73.58383511732211, -204.49677535570422, 748.2790942209581]}], "rb_4XMM.renamed.noAb_Seh1_Nup85_47_544_3F3F_1.pdb_30": [{"rot": [[0.2420444344523364, 0.4861590457542625, 0.8396808167285643], [-0.7689461494252937, 0.6238931969831695, -0.13956753935686295], [-0.5917231709462272, -0.6118877846381806, 0.5248400022634679]], "trans": [-497.25794261937307, 89.03680788699748, 780.6616027988906]}], "rb_4XMM.renamed.noAb_Seh1_Nup85_47_544_3F3F_1.pdb_31": [{"rot": [[-0.38220138660292796, 0.7724003995997649, 0.5072669147272644], [-0.7483886271792707, 0.06328322179179402, -0.6602345769106404], [-0.5420669357076862, -0.6319753607046474, 0.5538687395716653]], "trans": [-590.0400135089724, 597.0497787804352, 785.6264236637237]}], "rb_4XMM.renamed.noAb_Seh1_Nup85_47_544_3F3F_1.pdb_32": [{"rot": [[-0.8092809847709954, 0.5797075847033789, -0.09488626837144407], [-0.2910463303775096, -0.536013602059457, -0.7924528074157012], [-0.5102512334741274, -0.6137006881571959, 0.6025073809452551]], "trans": [-297.5750890925294, 1021.941092787523, 760.2890996500503]}], "rb_4XMM.renamed.noAb_Seh1_Nup85_47_544_3F3F_1.pdb_33": [{"rot": [[-0.7890051096226773, 0.020962769000097525, -0.6140289075484558], [0.33516317498713305, -0.8229207450733045, -0.4587669271651309], [-0.5149141512153711, -0.5677693278470057, 0.642262724462745]], "trans": [208.80866749063279, 1114.8035439905607, 719.5165973225355]}], "rb_4XMM.renamed.noAb_Seh1_Nup85_47_544_3F3F_1.pdb_34": [{"rot": [[-0.33325165470969864, -0.5765134561691958, -0.7460399248626653], [0.7633975311180243, -0.6293639574815202, 0.14534517021937488], [-0.5533240859714564, -0.5210885182759669, 0.6498455293412461]], "trans": [632.4664249623943, 821.2371159094266, 687.2180283381066]}], "rb_4XMM.renamed.noAb_Seh1_Nup85_47_544_3F3F_1.pdb_35": [{"rot": [[0.29099257995620437, -0.862711093685554, -0.41358540501606433], [0.7427910140892664, -0.06873153460607606, 0.6659861001094], [-0.6029799563821885, -0.501004535890209, 0.6208136815653832]], "trans": [725.21540876068, 313.21727819586454, 682.3383547188516]}], "rb_4XMM.renamed.noAb_Nup120_715-1036_Nup85_553-744_Nup145c_92-99_554-712_remaining_updated_1.pdb_35": [{"rot": [[0.9870600456618455, -0.10530402847281159, 0.1209277794612695], [0.09271124642046077, 0.9900954690319748, 0.10543048415671563], [-0.13083230123024187, -0.0928548533451653, 0.987046546605097]], "trans": [25.209963080510192, -78.01741409321778, 124.45455620798805]}], "rb_4XMM.renamed.noAb_Nup120_715-1036_Nup85_553-744_Nup145c_92-99_554-712_remaining_updated_1.pdb_36": [{"rot": [[0.762542385430336, 0.6215169526268949, 0.17957112245456266], [-0.637624008478054, 0.7689624654356647, 0.04617738151393424], [-0.1093834276048802, -0.14971106955894378, 0.9826606033707291]], "trans": [-350.38462498295576, 72.91228186583382, 153.69866462640132]}], "rb_4XMM.renamed.noAb_Nup120_715-1036_Nup85_553-744_Nup145c_92-99_554-712_remaining_updated_1.pdb_37": [{"rot": [[0.08891761355192468, 0.9797704182081962, 0.17928632297073527], [-0.9945765717356797, 0.09708729527643628, -0.03730281558285459], [-0.05395461940124295, -0.17499709911893477, 0.9830894742317327]], "trans": [-509.6774110673553, 446.0245880807694, 164.62115676354995]}], "rb_4XMM.renamed.noAb_Nup120_715-1036_Nup85_553-744_Nup145c_92-99_554-712_remaining_updated_1.pdb_38": [{"rot": [[-0.6391953804977317, 0.7595864367597016, 0.12024022056308621], [-0.7690385987649575, -0.631936093326535, -0.09610623060357287], [0.002983145988783506, -0.15390002937587877, 0.9880819205906528]], "trans": [-359.35052171689983, 822.7451714825414, 150.84748761953986]}], "rb_4XMM.renamed.noAb_Nup120_715-1036_Nup85_553-744_Nup145c_92-99_554-712_remaining_updated_1.pdb_39": [{"rot": [[-0.995257738411128, 0.08995188920807773, 0.03702285457206018], [-0.09313341421755564, -0.9910355200998495, -0.09578499390093202], [0.02807492277722972, -0.09877882125394132, 0.99471329697694]], "trans": [12.534345017037708, 982.3859193493456, 120.47047168885354]}], "rb_4XMM.renamed.noAb_Nup120_715-1036_Nup85_553-744_Nup145c_92-99_554-712_remaining_updated_1.pdb_40": [{"rot": [[-0.7706831104433508, -0.6368518646438137, -0.0216158686399393], [0.6371841945355561, -0.7698454775377823, -0.036527290464776645], [0.006621594327371161, -0.04192425567998793, 0.9990988496011004]], "trans": [388.1237039643598, 831.4271474414421, 91.30939812079822]}], "rb_4XMM.renamed.noAb_Nup120_715-1036_Nup85_553-744_Nup145c_92-99_554-712_remaining_updated_1.pdb_41": [{"rot": [[-0.09703048016017796, -0.9950529378566055, -0.021324558209325654], [0.9940838748085212, -0.09794221135279241, 0.046952881498375024], [-0.04880917706293384, -0.016642538816615052, 0.9986694598996086]], "trans": [547.3939261830278, 458.3027496563447, 80.47123988386454]}], "rb_4XMM.renamed.noAb_Nup120_715-1036_Nup85_553-744_Nup145c_92-99_554-712_remaining_updated_1.pdb_42": [{"rot": [[0.6310649431164205, -0.7748120911071119, 0.037726132106170554], [0.7684887616119451, 0.6310638712878996, 0.10575166018208404], [-0.10574526393936802, -0.03774405687459428, 0.9936766704139931]], "trans": [397.0441831264764, 81.59437606575182, 94.32914779246607]}], "rb_4XMM.renamed.noAb_Nup120_2-711_3F7F_updated_1.pdb_42": [{"rot": [[0.975294970631595, 0.21669047449623563, 0.0429529803775287], [-0.21989024200605434, 0.9336493614825916, 0.28274927280837947], [0.02116605138505937, -0.2852088849698494, 0.9582316474647556]], "trans": [-126.7331421556828, 88.16166057087355, 168.18458306434087]}], "rb_4XMM.renamed.noAb_Nup120_2-711_3F7F_updated_1.pdb_43": [{"rot": [[0.5368256751241415, 0.8061958148414659, 0.2487297783933681], [-0.841617895712399, 0.4910399024718165, 0.22485357857303898], [0.059139767873594734, -0.3300426068139887, 0.9421116523763432]], "trans": [-340.08445064024625, 300.02030653644204, 184.20044937110004]}], "rb_4XMM.renamed.noAb_Nup120_2-711_3F7F_updated_1.pdb_44": [{"rot": [[-0.21158448725903517, 0.9111995180886998, 0.35347905593719586], [-0.9700368358313525, -0.23997364196734566, 0.03796298580492477], [0.11941751078308366, -0.33485532606761426, 0.9346717973291603]], "trans": [-341.6633889141444, 601.110321649265, 182.90259372319994]}], "rb_4XMM.renamed.noAb_Nup120_2-711_3F7F_updated_1.pdb_45": [{"rot": [[-0.8315062908105805, 0.4701889343234923, 0.2958372092590244], [-0.5299174365341762, -0.8311532302114572, -0.16843936109504365], [0.16668772840097257, -0.2968276839326108, 0.940270454311803]], "trans": [-130.54307933423394, 815.0490464822169, 165.0753231601317]}], "rb_4XMM.renamed.noAb_Nup120_2-711_3F7F_updated_1.pdb_46": [{"rot": [[-0.9597808021125691, -0.25848571823526706, 0.10957164489296474], [0.22091215238731354, -0.9361775238349231, -0.2734400570397736], [0.17325886073663366, -0.23823680936141747, 0.9556278511227756]], "trans": [169.6011372904719, 816.5082762873137, 141.18610904344212]}], "rb_4XMM.renamed.noAb_Nup120_2-711_3F7F_updated_1.pdb_47": [{"rot": [[-0.5212630037736873, -0.8479565538060561, -0.09620064321088778], [0.8426053710457047, -0.49352181079057766, -0.21552821383502946], [0.13528144581487078, -0.19340606280917072, 0.9717474081709154]], "trans": [382.9424601670301, 604.6332904647693, 125.2535947417935]}], "rb_4XMM.renamed.noAb_Nup120_2-711_3F7F_updated_1.pdb_48": [{"rot": [[0.22715719483819152, -0.9529032453727246, -0.20093534729203416], [0.9709655660765282, 0.23749995077464792, -0.028629405787139628], [0.07500318877840301, -0.18859792771970302, 0.9791860616516671]], "trans": [384.50444758096415, 303.5435599419096, 126.63527668272991]}], "rb_4XMM.renamed.noAb_Nup120_2-711_3F7F_updated_1.pdb_49": [{"rot": [[0.8470446886514287, -0.5118465412671681, -0.14327740094041141], [0.5307975253519784, 0.8286449055290066, 0.17776841007624863], [0.027735942522617393, -0.22662907742312935, 0.9735861434709931]], "trans": [173.37397862043275, 89.62181101940575, 144.54575100472186]}]}
