{"rb_ScNup133N_56-480_renamed_1.pdb_0": [{"rot": [[-0.6891152633093729, 0.005582251479958, 0.7246302452578608], [-0.704310942348795, -0.2404217586876617, -0.6679397236557226], [0.1704882704522666, -0.9706524694338058, 0.16960994434362775]], "trans": [817.7342435797561, 869.1761680846735, 370.3093203746731]}], "rb_ScNup133N_56-480_renamed_1.pdb_1": [{"rot": [[-0.9817043020688788, -0.1847262013882166, 0.04618326342014219], [-0.0025346155778113583, -0.22984510812289366, -0.9732239218164782], [0.19039495535157153, -0.9555351677424824, 0.22517172154606296]], "trans": [884.0911124314437, 198.29123349747502, 368.3256773396527]}], "rb_ScNup133N_56-480_renamed_1.pdb_2": [{"rot": [[-0.693994387818359, -0.31188857709525053, -0.6489201069115671], [0.7010441128887269, -0.08737308909881236, -0.7077450777542628], [0.16403945092774935, -0.9460927326530045, 0.27928408433079666]], "trans": [458.128139135587, -322.97157823742566, 404.8549919067028]}], "rb_ScNup133N_56-480_renamed_1.pdb_3": [{"rot": [[0.005469954964440971, -0.3014113629624655, -0.95347851043943], [0.9942589034550504, 0.1035321807848068, -0.02702444157242312], [0.10686118328488703, -0.9478566757791229, 0.3002472475942166]], "trans": [-210.61764713391386, -389.24904540489877, 458.5218814402969]}], "rb_ScNup133N_56-480_renamed_1.pdb_4": [{"rot": [[0.7069326518301239, -0.15943225875756634, -0.689077340103335], [0.7053403974788597, 0.23103570266583484, 0.6701622398927487], [0.05235598782174755, -0.9597936543659591, 0.2757806947160092]], "trans": [-730.3836221255351, 38.285223569227696, 497.91153024969947]}], "rb_ScNup133N_56-480_renamed_1.pdb_5": [{"rot": [[0.9994669643307469, 0.03087537437084753, -0.01060652954266849], [0.0035411295119421576, 0.2204441156267068, 0.9753931783067465], [0.03245377656389377, -0.9749108180459468, 0.22021727735062419]], "trans": [-796.681635649674, 709.175742481897, 499.9729315695007]}], "rb_ScNup133N_56-480_renamed_1.pdb_6": [{"rot": [[0.7117021674696389, 0.1580266415985243, 0.6844761539777025], [-0.700014993901004, 0.07796212069632102, 0.7098597861904189], [0.058813545487355234, -0.9843523191833407, 0.1661068288348886]], "trans": [-370.67146324263547, 1230.4055025929306, 463.5224923419892]}], "rb_ScNup133N_56-480_renamed_1.pdb_7": [{"rot": [[0.012214936731672676, 0.14753453775062303, 0.988981473785707], [-0.9931748755233349, -0.11294232049897349, 0.0291152686663394], [0.11599337028402618, -0.9825871932866899, 0.14514801286664472]], "trans": [298.0860426953701, 1296.6308778848475, 409.9373987190209]}], "rb_ScNup133C_490_881_renamed_relative_3CQC_1.pdb_7": [{"rot": [[0.7920823309279852, 0.35242860839303525, -0.49839708768996677], [-0.23205938550066774, 0.9290427143335522, 0.2881459292525239], [0.5645830520240085, -0.11257757738509325, 0.8176626849975246]], "trans": [181.41274856817824, 60.2815638047484, -232.03547582142482]}], "rb_ScNup133C_490_881_renamed_relative_3CQC_1.pdb_8": [{"rot": [[0.40910223533517764, 0.9025913941782431, -0.1340303555137364], [-0.6898006863700028, 0.40206262198087606, 0.6020968867959196], [0.59733606464639, -0.15386495104877096, 0.7870928806129078]], "trans": [-149.19401655196253, 40.08386189420895, -205.54455986000949]}], "rb_ScNup133C_490_881_renamed_relative_3CQC_1.pdb_9": [{"rot": [[-0.18446382922452326, 0.9202931923640704, 0.34501237049731454], [-0.7416723956549361, -0.36067790498383706, 0.5655382448428579], [0.6448993357348851, -0.15156480114070192, 0.7490880841555856]], "trans": [-397.29051578921843, 260.32763737297955, -186.80008432131996]}], "rb_ScNup133C_490_881_renamed_relative_3CQC_1.pdb_10": [{"rot": [[-0.6408964928505338, 0.3951640399779048, 0.6581011069434756], [-0.3572873346652526, -0.912354711223228, 0.19988657132629403], [0.6794096304437308, -0.10702458790914673, 0.7259120412578868]], "trans": [-417.5364083905024, 591.9910979235417, -186.75882237183845]}], "rb_ScNup133C_490_881_renamed_relative_3CQC_1.pdb_11": [{"rot": [[-0.6928110654901806, -0.36516800119138876, 0.6218240574634019], [0.23817630804193085, -0.9297877449992938, -0.28065422771917214], [0.6806503315373301, -0.04633659628215685, 0.7311416046314889]], "trans": [-198.06945166363266, 840.7812286957616, -205.4209409421789]}], "rb_ScNup133C_490_881_renamed_relative_3CQC_1.pdb_12": [{"rot": [[-0.3097952584956839, -0.9152897007450576, 0.2574328291489182], [0.695887534531384, -0.4027644893202389, -0.5945765765874401], [0.647894618821167, -0.005052707455505123, 0.7617132223152916]], "trans": [132.54542999596418, 860.9533799376084, -231.82990293677693]}], "rb_ScNup133C_490_881_renamed_relative_3CQC_1.pdb_13": [{"rot": [[0.2837748678727012, -0.9329320103685995, -0.22160705853703144], [0.747712654597292, 0.35997740160924113, -0.5579803370063596], [0.6003312506599191, -0.00735760560667631, 0.7997176096103142]], "trans": [380.6312905815292, 640.6905378194555, -250.49096115164684]}], "rb_ScNup133C_490_881_renamed_relative_3CQC_1.pdb_14": [{"rot": [[0.7401775642495928, -0.4077598163279774, -0.5346672849256019], [0.3632917821708529, 0.911612973421995, -0.19230410212950572], [0.5658235187659365, -0.05190104889965057, 0.8228912605772712]], "trans": [400.8578482906677, 309.0258977553701, -250.44819966240976]}], "rb_ScNup84_506-726_ScNup133C_882_1155_renamed_relative_3CQC_new_1.pdb_14": [{"rot": [[0.988790763882093, 0.1424851087995981, 0.04461859513512643], [-0.14847143955731537, 0.9699079372928956, 0.1929632732206246], [-0.015781536593250045, -0.1974248893797478, 0.9801909794301051]], "trans": [-49.035590974205434, 41.758788070154026, 73.42974197625276]}], "rb_ScNup84_506-726_ScNup133C_882_1155_renamed_relative_3CQC_new_1.pdb_15": [{"rot": [[0.5960125087254841, 0.780885836635546, 0.18704651716820642], [-0.8027571692669218, 0.5740318815938129, 0.16145688620936408], [0.018708731472534476, -0.24638325644383444, 0.9689918855753222]], "trans": [-319.58814627026004, 206.99261584961306, 94.23175360310691]}], "rb_ScNup84_506-726_ScNup133C_882_1155_renamed_relative_3CQC_new_1.pdb_16": [{"rot": [[-0.1430273259764112, 0.9534185598514289, 0.26558658429006254], [-0.9865999591629531, -0.15863376085981262, 0.03815560896026758], [0.07850926444499694, -0.2565704184942155, 0.9633316748399828]], "trans": [-394.4948486025874, 515.7032811499238, 98.74149673725591]}], "rb_ScNup84_506-726_ScNup133C_882_1155_renamed_relative_3CQC_new_1.pdb_17": [{"rot": [[-0.7953887845935539, 0.5590111764759852, 0.23422891776576513], [-0.5923021107409766, -0.7988831261330887, -0.10470893176613486], [0.12858806692135402, -0.22201859236279295, 0.96652617848182]], "trans": [-229.87238222114308, 787.0438402129633, 84.3411051645237]}], "rb_ScNup84_506-726_ScNup133C_882_1155_renamed_relative_3CQC_new_1.pdb_18": [{"rot": [[-0.9789093263714549, -0.17128690716534417, 0.1113432807883455], [0.14915113679375092, -0.9716491085328796, -0.18344467362229253], [0.1396082702998407, -0.16296872497810247, 0.9767040112249439]], "trans": [77.84300423031016, 862.0592844328992, 59.49053621492453]}], "rb_ScNup84_506-726_ScNup133C_882_1155_renamed_relative_3CQC_new_1.pdb_19": [{"rot": [[-0.5860800302969814, -0.8096567764724893, -0.031082187813342377], [0.8034060165445958, -0.5757229595690367, -0.15192710885490815], [0.10511408405647196, -0.1140130612572259, 0.9879028551409912]], "trans": [348.38921192082654, 696.8046256631094, 38.771608473342155]}], "rb_ScNup84_506-726_ScNup133C_882_1155_renamed_relative_3CQC_new_1.pdb_20": [{"rot": [[0.15297416309636586, -0.9821323609901678, -0.10961264033332266], [0.9871907949597092, 0.156956200136721, -0.028619671302378684], [0.04531268886063919, -0.10383051928271117, 0.9935622695602417]], "trans": [423.27837102303624, 388.0884898968045, 34.345766848863434]}], "rb_ScNup84_506-726_ScNup133C_882_1155_renamed_relative_3CQC_new_1.pdb_21": [{"rot": [[0.8053048866546367, -0.5876750314021814, -0.07824383040601027], [0.5928417574781414, 0.7971745880526083, 0.11424240348215463], [-0.004763414782266509, -0.1383861757170708, 0.9903668897181551]], "trans": [258.64126953698593, 116.76125915858051, 48.829736670661504]}], "rb_4XMM.renamed.noAb_Nup145c_149-550_Sec13_Nup84_7-436_3IKO_updated_1.pdb_21": [{"rot": [[0.9896423782285958, 0.0034251506030317067, 0.14351387235175664], [-0.0017923120923586193, 0.9999322055273857, -0.011505301669348229], [-0.14354355029541846, 0.011128912457453944, 0.9895814248843305]], "trans": [-40.7114059562673, 2.8354006292769895, 74.81953065575436]}], "rb_4XMM.renamed.noAb_Nup145c_149-550_Sec13_Nup84_7-436_3IKO_updated_1.pdb_22": [{"rot": [[0.6974977905311915, 0.7075900905366977, 0.113194946788163], [-0.7069995514226627, 0.7052789958770079, -0.05227975002689261], [-0.11682665146387175, -0.043563766469262785, 0.9921964179328363]], "trans": [-341.0998920338318, 173.68336035852457, 97.97233530813924]}], "rb_4XMM.renamed.noAb_Nup145c_149-550_Sec13_Nup84_7-436_3IKO_updated_1.pdb_23": [{"rot": [[-0.00625141748562047, 0.9979935236306134, 0.063006718457422], [-0.9982196479975709, -0.00249052239098696, -0.05959305034839018], [-0.05931655865798565, -0.06326708535701922, 0.9962323131576298]], "trans": [-433.15416165344266, 507.5264680688848, 103.72656453347116]}], "rb_4XMM.renamed.noAb_Nup145c_149-550_Sec13_Nup84_7-436_3IKO_updated_1.pdb_24": [{"rot": [[-0.7093390369017574, 0.7045130240899569, 0.022350159169701227], [-0.704851763040141, -0.7087549859249984, -0.02916096818797312], [-0.004703495135756906, -0.036438562184571324, 0.9993248262299045]], "trans": [-262.945612367468, 808.7948408709892, 88.73531461810529]}], "rb_4XMM.renamed.noAb_Nup145c_149-550_Sec13_Nup84_7-436_3IKO_updated_1.pdb_25": [{"rot": [[-0.9998864267278136, -0.0009263933793120379, 0.015042454613233443], [0.0012450599543870286, -0.9997747136578683, 0.02118895363242779], [0.015019436447297318, 0.02120527589148417, 0.9996623193874876]], "trans": [69.81710105108812, 901.0013348884881, 61.804676040272966]}], "rb_4XMM.renamed.noAb_Nup145c_149-550_Sec13_Nup84_7-436_3IKO_updated_1.pdb_26": [{"rot": [[-0.7076868292854885, -0.7050683713279091, 0.0453645611558317], [0.7064293461106141, -0.7050662457055199, 0.061961020976524006], [-0.011701735323511486, 0.07589585574807708, 0.9970470843800132]], "trans": [370.1988024666396, 730.1302026095445, 38.73500150205916]}], "rb_4XMM.renamed.noAb_Nup145c_149-550_Sec13_Nup84_7-436_3IKO_updated_1.pdb_27": [{"rot": [[-0.003914888770820191, -0.9954166106716573, 0.09555336124313966], [0.9975941974997882, 0.0027260420161631105, 0.06927038190799442], [-0.06921337125632153, 0.09559466456803933, 0.9930111627496734]], "trans": [462.23356914723075, 396.2802794013081, 33.06483653154686]}], "rb_4XMM.renamed.noAb_Nup145c_149-550_Sec13_Nup84_7-436_3IKO_updated_1.pdb_28": [{"rot": [[0.6991498688783373, -0.7018810188928142, 0.13620754812193112], [0.7041711387537262, 0.7089674474885614, 0.03883510973119456], [-0.12382434410762602, 0.06876186239143267, 0.989918854294016]], "trans": [292.00805042042447, 95.02567435826063, 48.13984861897501]}], "rb_4XMM.renamed.noAb_Seh1_Nup85_47_544_3F3F_1.pdb_28": [{"rot": [[0.6377866531800824, -0.7344765632184143, 0.2318886868913655], [0.2747058079940421, 0.4981903568516248, 0.8224008070243956], [-0.7195588260035974, -0.46081508918752134, 0.5195041380945942]], "trans": [490.49185349877905, -96.42037416329731, 729.7937726935907]}], "rb_4XMM.renamed.noAb_Seh1_Nup85_47_544_3F3F_1.pdb_29": [{"rot": [[0.6315935382961894, -0.17859211674390862, 0.7544497718333645], [-0.2966905489138458, 0.8433603339838246, 0.4480156975462785], [-0.7162850833067003, -0.5068019365586597, 0.4796743442510673]], "trans": [-21.53367749823292, -233.1473070690093, 771.3118573816864]}], "rb_4XMM.renamed.noAb_Seh1_Nup85_47_544_3F3F_1.pdb_30": [{"rot": [[0.22443918329175067, 0.45792987025146015, 0.8601902620553188], [-0.6961715728826848, 0.6930138760411539, -0.18728830375773683], [-0.6818886962792139, -0.5568051737779405, 0.4743372263914534]], "trans": [-480.10039183434066, 33.42161686371287, 806.6067185810168]}], "rb_4XMM.renamed.noAb_Seh1_Nup85_47_544_3F3F_1.pdb_31": [{"rot": [[-0.3451596497952273, 0.8022058428257881, 0.48716588744429534], [-0.6897156473890909, 0.1352260579714863, -0.7113411551373395], [-0.6365195534308968, -0.5815321994366641, 0.5066193434112762]], "trans": [-616.5715291215163, 547.1266801684327, 815.0261338446578]}], "rb_4XMM.renamed.noAb_Seh1_Nup85_47_544_3F3F_1.pdb_32": [{"rot": [[-0.7435239331988466, 0.652554081953821, -0.146100413708886], [-0.2811047446157612, -0.5032431515917317, -0.8171453071091541], [-0.6067555383472074, -0.5664975732528885, 0.5576093759824734]], "trans": [-350.998459554633, 1007.0323303150316, 791.6618958985996]}], "rb_4XMM.renamed.noAb_Seh1_Nup85_47_544_3F3F_1.pdb_33": [{"rot": [[-0.7372862527648711, 0.09664269924418561, -0.6686323131338456], [0.2902911071789588, -0.8483694872705128, -0.4427191956095491], [-0.6100328307367837, -0.5205087912332987, 0.5974366440653782]], "trans": [161.04428147301178, 1143.7194695731448, 750.2251096685852]}], "rb_4XMM.renamed.noAb_Seh1_Nup85_47_544_3F3F_1.pdb_34": [{"rot": [[-0.3301007296428182, -0.5398675789613174, -0.7743232564476603], [0.6897401613322116, -0.6979730753428939, 0.19259308383683482], [-0.6444315465079888, -0.4705067303267967, 0.6027697724525454]], "trans": [619.5967498040392, 877.1149612718858, 715.0140336880287]}], "rb_4XMM.renamed.noAb_Seh1_Nup85_47_544_3F3F_1.pdb_35": [{"rot": [[0.23949761540653824, -0.8841000568949823, -0.40125799881479673], [0.6832395296893586, -0.14015825450548203, 0.7166166400271661], [-0.6898004329401587, -0.4457833028414704, 0.5704845393376619]], "trans": [756.0343572395939, 363.39960229287806, 706.6798176436986]}], "rb_4XMM.renamed.noAb_Nup120_715-1036_Nup85_553-744_Nup145c_92-99_554-712_remaining_updated_1.pdb_35": [{"rot": [[0.9994427240965933, -0.010407522008124722, 0.031716316558438686], [0.01609783041303176, 0.9826392942483777, -0.18482661403338838], [-0.02924211186590261, 0.18523417850036275, 0.9822592315722574]], "trans": [-6.095421299251598, 55.124702501224135, -76.02900366544736]}], "rb_4XMM.renamed.noAb_Nup120_715-1036_Nup85_553-744_Nup145c_92-99_554-712_remaining_updated_1.pdb_36": [{"rot": [[0.719317659659644, 0.6890340940486298, -0.08839752112112559], [-0.6946726994442677, 0.7128282637267815, -0.09646609289838277], [-0.0034561754281246942, 0.13079710880156825, 0.9914031325250914]], "trans": [-282.6778766773773, 177.57227449126475, -54.53819632637942]}], "rb_4XMM.renamed.noAb_Nup120_715-1036_Nup85_553-744_Nup145c_92-99_554-712_remaining_updated_1.pdb_37": [{"rot": [[0.020149130323650843, 0.9936074965377759, -0.11107724956595466], [-0.9983511465880144, 0.02596819737560352, 0.05119219502484792], [0.05374942468158053, 0.10986262125490426, 0.9924924200201247]], "trans": [-392.0096789825876, 460.3181151112076, -47.15822843008834]}], "rb_4XMM.renamed.noAb_Nup120_715-1036_Nup85_553-744_Nup145c_92-99_554-712_remaining_updated_1.pdb_38": [{"rot": [[-0.6884800811500981, 0.7248892917961964, -0.023036764068896577], [-0.7170383948152963, -0.6755685932097011, 0.1716479426890155], [0.10886284131998614, 0.1346944338414809, 0.9848889740838127]], "trans": [-270.040803506814, 737.7258410047167, -58.1883843265818]}], "rb_4XMM.renamed.noAb_Nup120_715-1036_Nup85_553-744_Nup145c_92-99_554-712_remaining_updated_1.pdb_39": [{"rot": [[-0.9914449910083986, 0.040298393088195834, 0.1241485775950265], [-0.01553142062437222, -0.9808119644355131, 0.1943364746864085], [0.12959785792113962, 0.19074572061952402, 0.9730470005542349]], "trans": [11.77957607435485, 847.2862116896188, -81.14303826530966]}], "rb_4XMM.renamed.noAb_Nup120_715-1036_Nup85_553-744_Nup145c_92-99_554-712_remaining_updated_1.pdb_40": [{"rot": [[-0.7112644832510295, -0.6591221983914072, 0.24425552696577085], [0.6952170992553782, -0.7109460455062182, 0.10596652906465302], [0.10380760939635104, 0.2451808474713124, 0.9639036944968442]], "trans": [288.3590210741817, 724.8173340126511, -102.55102540715768]}], "rb_4XMM.renamed.noAb_Nup120_715-1036_Nup85_553-744_Nup145c_92-99_554-712_remaining_updated_1.pdb_41": [{"rot": [[-0.01207224986741745, -0.9636420383235218, 0.26692373959396853], [0.9988406603242677, -0.02406209684005417, -0.04169353401479335], [0.046600386973946, 0.2661109495517799, 0.9628153335206759]], "trans": [397.6753061808579, 442.0633201233361, -109.8472401306264]}], "rb_4XMM.renamed.noAb_Nup120_715-1036_Nup85_553-744_Nup145c_92-99_554-712_remaining_updated_1.pdb_42": [{"rot": [[0.6965350402158277, -0.6948691107461723, 0.17887385690022317], [0.7174722994159294, 0.6774535793706642, -0.16214236759310152], [-0.00851101182919474, 0.2412748779477492, 0.9704194948314591]], "trans": [275.6913235585358, 164.6655749848096, -98.73345207289344]}], "rb_4XMM.renamed.noAb_Nup120_2-711_3F7F_updated_1.pdb_42": [{"rot": [[-0.7281472733616696, 0.6575141507386763, 0.19358897146884096], [0.430222965210289, 0.2185625550214016, 0.8758644928002184], [0.5335819979175018, 0.7210447636041155, -0.4420234160963116]], "trans": [591.5308876555814, -53.497014288032915, -309.62658664881405]}], "rb_4XMM.renamed.noAb_Nup120_2-711_3F7F_updated_1.pdb_43": [{"rot": [[-0.20236307279520696, 0.6344780933559482, 0.745980385680671], [0.8481163685837638, -0.26731512812061264, 0.4574289536290307], [0.48964049271804644, 0.7252449043800732, -0.48401654575186526]], "trans": [59.80934624446502, -333.87459325609666, -265.83967974661294]}], "rb_4XMM.renamed.noAb_Nup120_2-711_3F7F_updated_1.pdb_44": [{"rot": [[0.46412928184912006, 0.2756911620343797, 0.8417709860207546], [0.770524010358767, -0.5944022539717715, -0.2301710449511848], [0.43689444856951754, 0.7554338777480204, -0.48830615105661535]], "trans": [-513.948062961482, -154.8692988364794, -220.93736849547764]}], "rb_4XMM.renamed.noAb_Nup120_2-711_3F7F_updated_1.pdb_45": [{"rot": [[0.8808891716784635, -0.20866419996212227, 0.42484528816240585], [0.24290058803575315, -0.5710865722799907, -0.7841297286121577], [0.40624324185334526, 0.7939265574444895, -0.4523793207396046]], "trans": [-793.6242463306821, 378.6551603203342, -201.20005504772507]}], "rb_4XMM.renamed.noAb_Nup120_2-711_3F7F_updated_1.pdb_46": [{"rot": [[0.803772776916348, -0.5348457921654028, -0.2605557554366144], [-0.4256646580982016, -0.21102673813142803, -0.8799302896478506], [0.41564278164587837, 0.8181733889565045, -0.397282498568845]], "trans": [-615.3790388720091, 954.1527501405883, -218.16613101598176]}], "rb_4XMM.renamed.noAb_Nup120_2-711_3F7F_updated_1.pdb_47": [{"rot": [[0.27795596895558716, -0.5117718387023305, -0.8129145492812856], [-0.8435167800878562, 0.2748491207860269, -0.4614514086156444], [0.4595866850031397, 0.8139702365040032, -0.3552921798371604]], "trans": [-83.6290830329151, 1234.4889847867416, -261.8726249751855]}], "rb_4XMM.renamed.noAb_Nup120_2-711_3F7F_updated_1.pdb_48": [{"rot": [[-0.38853035208341336, -0.15295938685431687, -0.9086515236784062], [-0.7658721131567511, 0.6019080754689186, 0.22615608542357224], [0.5123319937294081, 0.78377936605811, -0.3510068853210655]], "trans": [490.1209127209456, 1055.4390620573479, -306.69165160128284]}], "rb_4XMM.renamed.noAb_Nup120_2-711_3F7F_updated_1.pdb_49": [{"rot": [[-0.8052491018788803, 0.3313941698305007, -0.491682609134804], [-0.23821599798293108, 0.5785543787327482, 0.78008202719596], [0.5429797622639828, 0.7452870152173025, -0.3869370009707417]], "trans": [769.7620243412848, 521.8930680863766, -326.34358824724427]}]}
