{"rb_ScNup133N_56-480_renamed_1.pdb_0": [{"rot": [[0.9462851897292527, -0.16743717322690851, -0.27660284293704596], [0.07548073882489054, 0.9462319376393066, -0.31455965770869876], [0.31439942392682996, 0.2767849584300912, 0.908043550178807]], "trans": [149.43410974730102, 64.56716888776225, -223.81118038079745]}], "rb_ScNup133N_56-480_renamed_1.pdb_1": [{"rot": [[0.7302898402606814, 0.5538522353435444, -0.3999055521207339], [-0.5954260847447457, 0.8030267037016217, 0.024817146243125088], [0.33487986923309215, 0.2199904874013164, 0.9162203111890503]], "trans": [-168.68112392630587, 66.12531515729555, -198.42176929832135]}], "rb_ScNup133N_56-480_renamed_1.pdb_2": [{"rot": [[0.10458417636721107, 0.9631236279612502, -0.2479012450883467], [-0.9164188113317125, 0.19015625609862652, 0.3521607026684347], [0.38631426622759374, 0.1903509273140376, 0.9025119457268822]], "trans": [-392.6059796285672, 292.88562124462766, -181.63562941964358]}], "rb_ScNup133N_56-480_renamed_1.pdb_3": [{"rot": [[-0.5642846015925026, 0.8206200521041209, 0.09036381183981379], [-0.6994553757039204, -0.5333512554905327, 0.47570854066913804], [0.43857161992595817, 0.20522955038517998, 0.8749490075679945]], "trans": [-391.16020620936905, 612.008819318663, -183.26231326907936]}], "rb_ScNup133N_56-480_renamed_1.pdb_4": [{"rot": [[-0.8844837324398901, 0.20982211180968274, 0.41672917877792853], [-0.07163601763657206, -0.9436549293210134, 0.3230845947199074], [0.46103883570299636, 0.2559102494310829, 0.8496782545232914]], "trans": [-165.18884478381926, 836.5481571057179, -202.32488161020058]}], "rb_ScNup133N_56-480_renamed_1.pdb_5": [{"rot": [[-0.6684360505168068, -0.5114561472466241, 0.5400054220219761], [0.5992538306615307, -0.8003930879811186, -0.01630187564455987], [0.44055430176877686, 0.31270355635279995, 0.8415036500439773]], "trans": [152.9328082680625, 834.9654413206524, -227.63220822537795]}], "rb_ScNup133N_56-480_renamed_1.pdb_6": [{"rot": [[-0.0427053341661105, -0.9206797508861633, 0.3879755800845639], [0.920197436510499, -0.18749053811972244, -0.34363349073552696], [0.3891181469338939, 0.3423391511699617, 0.8552139926959585]], "trans": [376.8465164124403, 608.1879659818305, -244.33489944894905]}], "rb_ScNup133N_56-480_renamed_1.pdb_7": [{"rot": [[0.6261465401708606, -0.7781197420440804, 0.04970087799339912], [0.7031815102991641, 0.5360057646284166, -0.46715477505693237], [0.33686239595040507, 0.32745608457678776, 0.8827775704378722]], "trans": [375.38238557431623, 289.0652905003154, -242.6242783530128]}], "rb_ScNup133C_490_881_renamed_relative_3CQC_1.pdb_7": [{"rot": [[0.9848465351784068, 0.14318282939680402, 0.09785693390359787], [-0.15248918375455658, 0.983695264057469, 0.0953450381969382], [-0.08260963009817002, -0.10882235449039064, 0.9906227052607928]], "trans": [-52.63321130007341, 60.66105043887521, 78.48953224357783]}], "rb_ScNup133C_490_881_renamed_relative_3CQC_1.pdb_8": [{"rot": [[0.589062685577553, 0.7928519875799541, 0.15617579278069055], [-0.8066676065462285, 0.5883926000504675, 0.05551144706121188], [-0.047880319643252296, -0.15868167504903302, 0.9861681403262291]], "trans": [-308.7127241977853, 223.18531506798084, 98.15113607785898]}], "rb_ScNup133C_490_881_renamed_relative_3CQC_1.pdb_9": [{"rot": [[-0.1520275654223105, 0.9737597988095393, 0.1693501507946487], [-0.9883025166381244, -0.15186107429897883, -0.014012484416030702], [0.012072901826593554, -0.16949946411468444, 0.985456329172592]], "trans": [-375.2916373173233, 519.7142843786071, 102.05637254901484]}], "rb_ScNup133C_490_881_renamed_relative_3CQC_1.pdb_10": [{"rot": [[-0.804283099412925, 0.5799279164671305, 0.1296622832624477], [-0.5909896226461797, -0.8034147189801563, -0.07249865688798701], [0.06212859183390917, -0.13493850832186047, 0.9889042608102192]], "trans": [-213.36517125132315, 776.5372238853017, 87.94150396959463]}], "rb_ScNup133C_490_881_renamed_relative_3CQC_1.pdb_11": [{"rot": [[-0.9856034277795591, -0.15793138974154813, 0.06036190258338306], [0.15251958001731913, -0.984579022032441, -0.0856850458655532], [0.0729634213871799, -0.07524510288347408, 0.9944920882699527]], "trans": [82.20978035484438, 843.2037512167751, 64.0992242742563]}], "rb_ScNup133C_490_881_renamed_relative_3CQC_1.pdb_12": [{"rot": [[-0.5897685455484089, -0.8075697344232351, 0.002046148894618457], [0.8066669169523368, -0.5892253803111318, -0.04584687875758645], [0.038230194563003125, -0.025388486382348717, 0.9989463834375132]], "trans": [338.2831565827324, 680.6597914593942, 44.5206819858592]}], "rb_ScNup133C_490_881_renamed_relative_3CQC_1.pdb_13": [{"rot": [[0.1513358919976786, -0.9884198153627384, -0.011122787040840867], [0.9882436547048896, 0.15104246837708013, 0.023678084425910108], [-0.021723874626520208, -0.014575367743136218, 0.999657757398182]], "trans": [404.84547634270325, 384.1260049040451, 40.699268135579246]}], "rb_ScNup133C_490_881_renamed_relative_3CQC_1.pdb_14": [{"rot": [[0.8035604557716356, -0.5945371051595557, 0.02856964312999386], [0.5908795800675296, 0.8025651804939737, 0.08216113995006331], [-0.07177684709779175, -0.0491402243296601, 0.9962094772554262]], "trans": [242.9055075299214, 127.3161816364211, 54.897625740032225]}], "rb_ScNup84_506-726_ScNup133C_882_1155_renamed_relative_3CQC_new_1.pdb_14": [{"rot": [[0.9867090380949736, 0.10759852852040325, 0.12176958077424764], [-0.12993036570419736, 0.9724469005796738, 0.19355910110599298], [-0.09758777694806652, -0.20680808062846687, 0.9735024620292977]], "trans": [-59.864767740015395, 31.109663624661323, 124.95221598860337]}], "rb_ScNup84_506-726_ScNup133C_882_1155_renamed_relative_3CQC_new_1.pdb_15": [{"rot": [[0.6059907220455576, 0.757757720310073, 0.24202991985534528], [-0.7928916231740671, 0.5998735207181685, 0.10711971359923494], [-0.06401655016553791, -0.25681704860010784, 0.9643375367853482]], "trans": [-333.7543785752299, 210.06228492786485, 145.9534631965238]}], "rb_ScNup84_506-726_ScNup133C_882_1155_renamed_relative_3CQC_new_1.pdb_16": [{"rot": [[-0.13063364083432455, 0.9550338885129674, 0.26616747298302507], [-0.991421223072628, -0.12466225800732217, -0.03928460092313253], [-0.004337086988132566, -0.26901597205429373, 0.9631259504634586]], "trans": [-401.3513137471494, 530.8368190093311, 149.82187620739484]}], "rb_ScNup84_506-726_ScNup133C_882_1155_renamed_relative_3CQC_new_1.pdb_17": [{"rot": [[-0.7916391123661205, 0.5838598722018593, 0.18004212119559299], [-0.6092177265119447, -0.7767171604649251, -0.1598881307130717], [0.046489541574394694, -0.23625854962674162, 0.9705774674143586]], "trans": [-223.0544221760142, 805.519137678386, 134.3152890360114]}], "rb_ScNup84_506-726_ScNup133C_882_1155_renamed_relative_3CQC_new_1.pdb_18": [{"rot": [[-0.9897993671493567, -0.13832535631457404, 0.03410730993758706], [0.129818669153433, -0.9743082308208529, -0.18403962750986633], [0.058688379854652716, -0.17773454125516788, 0.9823268839418223]], "trans": [96.68937640889772, 873.1965824331835, 108.54168399143543]}], "rb_ScNup84_506-726_ScNup133C_882_1155_renamed_relative_3CQC_new_1.pdb_19": [{"rot": [[-0.6090293338724203, -0.7884555073596838, -0.08614629067521415], [0.7927500229295478, -0.6016838340265107, -0.09759080395384927], [0.025113176384446583, -0.12772813623215837, 0.9914912261772879]], "trans": [370.57156974824846, 694.2228686795713, 87.62360721779737]}], "rb_ScNup84_506-726_ScNup133C_882_1155_renamed_relative_3CQC_new_1.pdb_20": [{"rot": [[0.12761053311358972, -0.9856751716161153, -0.11027242582806313], [0.9912218004422638, 0.12286740427198106, 0.048815400187452576], [-0.03456724123300801, -0.11553379171050286, 0.9927018932219944]], "trans": [438.1500205841843, 373.44343825895953, 83.83916793516326]}], "rb_ScNup84_506-726_ScNup133C_882_1155_renamed_relative_3CQC_new_1.pdb_21": [{"rot": [[0.7885862131061443, -0.6144502889651849, -0.024137665369915247], [0.6089664359725689, 0.7748931525069056, 0.1694121662005862], [-0.08539124286351776, -0.1482951266512449, 0.9852496592507471]], "trans": [259.838232900121, 98.77552129689059, 99.42934893708085]}], "rb_4XMM.renamed.noAb_Nup145c_149-550_Sec13_Nup84_7-436_3IKO_updated_1.pdb_21": [{"rot": [[0.9991019691594996, -0.008903910667519542, 0.041424335799592864], [0.009166490347182523, 0.9999390551857246, -0.006153159269641796], [-0.04136702402068112, 0.006527349317096555, 0.9991226966867319]], "trans": [-9.655049124423385, -3.2284358160953275, 19.623720173826655]}], "rb_4XMM.renamed.noAb_Nup145c_149-550_Sec13_Nup84_7-436_3IKO_updated_1.pdb_22": [{"rot": [[0.7139498636209134, 0.6987633614989415, 0.04478121104191918], [-0.7000320816827845, 0.7137078704750182, 0.024003338036282587], [-0.015188049596592269, -0.048485464303401365, 0.9987084073445747]], "trans": [-324.44884443078445, 144.32899196010405, 44.038036605822015]}], "rb_4XMM.renamed.noAb_Nup145c_149-550_Sec13_Nup84_7-436_3IKO_updated_1.pdb_23": [{"rot": [[0.012333437575075823, 0.997580856697752, 0.06841286916773959], [-0.9990334819540259, 0.009406807886177038, 0.04293732525681002], [0.042189906996795444, -0.06887631171580763, 0.9967326950752795]], "trans": [-443.11028806016657, 471.9283721658454, 51.943401034981946]}], "rb_4XMM.renamed.noAb_Nup145c_149-550_Sec13_Nup84_7-436_3IKO_updated_1.pdb_24": [{"rot": [[-0.6947305138087544, 0.7124970729147673, 0.09847555164056893], [-0.7126784742679051, -0.700374639471273, 0.03955700570893574], [0.09715402975788756, -0.04269994699498616, 0.9943529599837426]], "trans": [-296.1239198688594, 787.6574855205241, 38.73274441425281]}], "rb_4XMM.renamed.noAb_Nup145c_149-550_Sec13_Nup84_7-436_3IKO_updated_1.pdb_25": [{"rot": [[-0.9930339582082148, 0.010518110371410622, 0.11735811518400087], [-0.008717859732559782, -0.9998364918169301, 0.0158426182463101], [0.11750556057910537, 0.014709146318863286, 0.9929632844408506]], "trans": [30.405486488141946, 906.5578824356503, 12.169060563502512]}], "rb_4XMM.renamed.noAb_Nup145c_149-550_Sec13_Nup84_7-436_3IKO_updated_1.pdb_26": [{"rot": [[-0.7078265318155361, -0.6971268567710474, 0.11399888783014701], [0.7004583078125395, -0.7135497736345906, -0.014313614582597549], [0.0913222857487949, 0.06971991189427196, 0.9933777599740551]], "trans": [345.19431404154005, 758.9761506979261, -12.16226506837046]}], "rb_4XMM.renamed.noAb_Nup145c_149-550_Sec13_Nup84_7-436_3IKO_updated_1.pdb_27": [{"rot": [[-0.0061867664362612595, -0.9958894289665187, 0.0903657523280007], [0.9994046300355116, -0.009225281078195313, -0.033245746383730256], [0.03394273684672719, 0.09010626760537085, 0.9953535809718997]], "trans": [463.83674242734986, 431.36786645690745, -19.98359395333705]}], "rb_4XMM.renamed.noAb_Nup145c_149-550_Sec13_Nup84_7-436_3IKO_updated_1.pdb_28": [{"rot": [[0.7008548702497389, -0.7107502788706279, 0.06030333268192974], [0.7129941362349961, 0.7005337671373749, -0.029863067404926065], [-0.021019337328627048, 0.06392559882898274, 0.9977332836347711]], "trans": [316.8322775781873, 115.6506986929702, -6.689076448659989]}], "rb_4XMM.renamed.noAb_Seh1_Nup85_47_544_3F3F_1.pdb_28": [{"rot": [[0.6595589191123367, -0.7280941936372175, 0.18671067835326444], [0.2620201069383151, 0.45552987746051044, 0.850786691422031], [-0.7045051424790312, -0.5122219986808281, 0.49122411207921945]], "trans": [490.95076722527085, -75.81429794884764, 758.1514894062663]}], "rb_4XMM.renamed.noAb_Seh1_Nup85_47_544_3F3F_1.pdb_29": [{"rot": [[0.6383831211200642, -0.20515884694630654, 0.7418738694607506], [-0.3201378338621305, 0.8057360581539473, 0.49829827605622024], [-0.6999848269777481, -0.5556071022855991, 0.44868919074425156]], "trans": [-6.120659789391993, -217.26679948412433, 798.5006315334167]}], "rb_4XMM.renamed.noAb_Seh1_Nup85_47_544_3F3F_1.pdb_30": [{"rot": [[0.2130447508067083, 0.4116060439610181, 0.8861108275653037], [-0.7165973163716644, 0.6823218932256835, -0.1446551768650092], [-0.6641537625600232, -0.6041666149330652, 0.4403208842170502]], "trans": [-457.44036723118853, 35.35423289076336, 833.285724488227]}], "rb_4XMM.renamed.noAb_Seh1_Nup85_47_544_3F3F_1.pdb_31": [{"rot": [[-0.3672869772271457, 0.7608909096062838, 0.5349255088681669], [-0.6951067856574978, 0.1575851406304214, -0.7014224689767149], [-0.6180022919797682, -0.6294536894252122, 0.4710214644543717]], "trans": [-598.6169935335756, 534.0599532492294, 842.1531752491451]}], "rb_4XMM.renamed.noAb_Seh1_Nup85_47_544_3F3F_1.pdb_32": [{"rot": [[-0.7626455540219007, 0.6380797507778885, -0.10595277522488289], [-0.26825569762847323, -0.46107601117332275, -0.8458414701410412], [-0.5885665974386314, -0.6166548009767899, 0.5228060986750119]], "trans": [-346.9453670789203, 986.7016356498065, 819.9323110305558]}], "rb_4XMM.renamed.noAb_Seh1_Nup85_47_544_3F3F_1.pdb_33": [{"rot": [[-0.7414243507352569, 0.11511707595484583, -0.6610884895083314], [0.3139005617476657, -0.8112411363366752, -0.4933094931680095], [-0.5930905238421037, -0.5732677189052117, 0.5653386179891771]], "trans": [150.1436381249709, 1128.115517089694, 779.6644323070809]}], "rb_4XMM.renamed.noAb_Seh1_Nup85_47_544_3F3F_1.pdb_34": [{"rot": [[-0.31605504747149654, -0.5016382061777911, -0.8052753051413638], [0.71032664732512, -0.6877785672106796, 0.1496552591307032], [-0.6289238913156688, -0.5247092076458647, 0.5737028728741073]], "trans": [601.4501872139493, 875.4594686808579, 744.9630351132084]}], "rb_4XMM.renamed.noAb_Seh1_Nup85_47_544_3F3F_1.pdb_35": [{"rot": [[0.26427502021029353, -0.8508821550972451, -0.454046552492049], [0.6887905685648098, -0.16301441761156907, 0.7063949690555033], [-0.675075007942831, -0.49942552776948335, 0.5429989648822159]], "trans": [742.5944536486129, 376.74308282665595, 736.1806921159958]}], "rb_4XMM.renamed.noAb_Nup120_715-1036_Nup85_553-744_Nup145c_92-99_554-712_remaining_updated_1.pdb_35": [{"rot": [[0.9973773986191243, -0.07112556359334368, 0.013396974556883321], [0.0718457936177607, 0.9953280731257073, -0.06449968052092492], [-0.008746808742775404, 0.06529303983884094, 0.9978277969095777]], "trans": [34.75468341102044, -17.954544793588298, -28.797266058058824]}], "rb_4XMM.renamed.noAb_Nup120_715-1036_Nup85_553-744_Nup145c_92-99_554-712_remaining_updated_1.pdb_36": [{"rot": [[0.7575603723527992, 0.6525628624447888, -0.016247855198531207], [-0.6526172448204286, 0.757683874074007, 0.002424609493857303], [0.013892947983838947, 0.00876684242293004, 0.9998650551300662]], "trans": [-304.3039085050044, 99.82877898011743, -2.304030012285864]}], "rb_4XMM.renamed.noAb_Nup120_715-1036_Nup85_553-744_Nup145c_92-99_554-712_remaining_updated_1.pdb_37": [{"rot": [[0.07725263139217975, 0.9969618304519378, 0.009956885301421466], [-0.9945665300355616, 0.07636036077281938, 0.07075671442108682], [0.0697814321722216, -0.015368927241890786, 0.9974439070942422]], "trans": [-461.1170228474512, 423.59559169351405, 8.660906059889214]}], "rb_4XMM.renamed.noAb_Nup120_715-1036_Nup85_553-744_Nup145c_92-99_554-712_remaining_updated_1.pdb_38": [{"rot": [[-0.6450119572688551, 0.7603175689440665, 0.07666008958502801], [-0.7536833492636922, -0.6495135460244821, 0.1004667237117131], [0.12617838175719098, 0.0070248050283827634, 0.9919826954596784]], "trans": [-343.81941283033876, 763.6788461422142, -2.3018670970255926]}], "rb_4XMM.renamed.noAb_Nup120_715-1036_Nup85_553-744_Nup145c_92-99_554-712_remaining_updated_1.pdb_39": [{"rot": [[-0.9861206136619713, 0.08125962299657373, 0.1447860800677713], [-0.07108046625383048, -0.9947106768939526, 0.07415009501215628], [0.1500456684748828, 0.06282947511819942, 0.9866806750049868]], "trans": [-21.123758958729127, 920.8530934914611, -28.746197491421754]}], "rb_4XMM.renamed.noAb_Nup120_715-1036_Nup85_553-744_Nup145c_92-99_554-712_remaining_updated_1.pdb_40": [{"rot": [[-0.7462470772400263, -0.6424102879374617, 0.1744256909483945], [0.653363725426196, -0.7570096852927112, 0.007223480479081411], [0.12740149923733057, 0.11935392044309631, 0.9846438440710136]], "trans": [317.932188059933, 803.0435602823574, -55.156618612016814]}], "rb_4XMM.renamed.noAb_Nup120_715-1036_Nup85_553-744_Nup145c_92-99_554-712_remaining_updated_1.pdb_41": [{"rot": [[-0.06591264785585943, -0.9867561262871376, 0.14821562025451518], [0.9952596036271253, -0.07565916368474696, -0.0611065654287713], [0.0715111476666786, 0.14348532393706975, 0.9870654069381963]], "trans": [474.7265871125265, 479.2648489783944, -66.03752847824165]}], "rb_4XMM.renamed.noAb_Nup120_715-1036_Nup85_553-744_Nup145c_92-99_554-712_remaining_updated_1.pdb_42": [{"rot": [[0.6563331730418309, -0.7500552446708936, 0.08151009696060454], [0.7543197421669706, 0.6501961453296408, -0.0908113383649345], [0.01511596976697193, 0.12108716918056088, 0.9925267779349034]], "trans": [357.4089817722789, 139.19121073644203, -54.99073176844638]}], "rb_4XMM.renamed.noAb_Nup120_2-711_3F7F_updated_1.pdb_42": [{"rot": [[-0.711151168074403, 0.6719962145810502, 0.2066037360145009], [0.39884743000631373, 0.14363179666226278, 0.9056989756894547], [0.57895141741235, 0.7264922536244331, -0.37016788312861676]], "trans": [569.4286470853298, 3.5202500811627715, -363.8098918458087]}], "rb_4XMM.renamed.noAb_Nup120_2-711_3F7F_updated_1.pdb_43": [{"rot": [[-0.21153633821013879, 0.5920273197978956, 0.7776606137831363], [0.816565730955302, -0.3301913203980466, 0.4734913927023656], [0.537096625055564, 0.7351716429152535, -0.41358175831050387]], "trans": [83.26556947082656, -281.1017454960805, -323.63362551687493]}], "rb_4XMM.renamed.noAb_Nup120_2-711_3F7F_updated_1.pdb_44": [{"rot": [[0.43632125676953204, 0.20146520231146697, 0.8769467105523879], [0.757412978466673, -0.6083724550913888, -0.23708339447611448], [0.4857461692502546, 0.7676553446330413, -0.41803819312956003]], "trans": [-461.25717894807843, -137.41360781579104, -280.8896631081028]}], "rb_4XMM.renamed.noAb_Nup120_2-711_3F7F_updated_1.pdb_45": [{"rot": [[0.8528975029334286, -0.2708933425288291, 0.4462988309008639], [0.25604168900207563, -0.5279491763604048, -0.8097606564123326], [0.45498187104859883, 0.8049139482913227, -0.3809265452330509]], "trans": [-745.1485810375749, 350.41024286135587, -260.5940155872346]}], "rb_4XMM.renamed.noAb_Nup120_2-711_3F7F_updated_1.pdb_46": [{"rot": [[0.7941561615536701, -0.5483340189000651, -0.2620034251364696], [-0.3938377667349474, -0.13603457485393566, -0.9090579783146592], [0.46282589011373126, 0.8251208385207643, -0.32398734123298745]], "trans": [-602.0991372456024, 896.5958332875723, -274.6121545394383]}], "rb_4XMM.renamed.noAb_Nup120_2-711_3F7F_updated_1.pdb_47": [{"rot": [[0.2945087386634323, -0.46832816667043403, -0.8330266089111328], [-0.8115168402733222, 0.3377822498696484, -0.47680558892047276], [0.5046830894766284, 0.8164385341078075, -0.2805763696753824]], "trans": [-115.9073154033922, 1181.180060169535, -314.70805160956735]}], "rb_4XMM.renamed.noAb_Nup120_2-711_3F7F_updated_1.pdb_48": [{"rot": [[-0.35334426037952077, -0.07774434215857062, -0.9322572879410367], [-0.752313241059332, 0.6159327210700427, 0.2337769673044221], [0.556032931563994, 0.783953251398054, -0.2761243897933803]], "trans": [428.6107732884649, 1037.449587557371, -357.36896004060446]}], "rb_4XMM.renamed.noAb_Nup120_2-711_3F7F_updated_1.pdb_49": [{"rot": [[-0.7698814140085406, 0.39460794300455027, -0.5015647312978895], [-0.2509092722832813, 0.5354723707964127, 0.8064204097094392], [0.5867939548482761, 0.746695327045364, -0.31323943417477407]], "trans": [712.4706681084923, 549.6038697021294, -377.57951325365326]}]}
