{"rb_ScNup133N_56-480_renamed_1.pdb_0": [{"rot": [[-0.5357240853249082, -0.2627223677428478, 0.8024815648289904], [0.3149416058009526, -0.9439557639801037, -0.09878917240395721], [0.7834612238894217, 0.1998110936267886, 0.5884420426221761]], "trans": [746.9800115861407, 224.47256201892245, -368.51101496795576]}], "rb_ScNup133N_56-480_renamed_1.pdb_1": [{"rot": [[-0.1422784873667779, -0.8477838955332044, 0.5109004780846944], [0.6453808509318646, -0.470804781127201, -0.6015200872109207], [0.7504934305395929, 0.244142017158694, 0.6141288840093747]], "trans": [364.8153476540341, -250.26897385497756, -335.69904483261945]}], "rb_ScNup133N_56-480_renamed_1.pdb_2": [{"rot": [[0.36895613460765475, -0.9281156751351396, -0.04972589168455466], [0.5998492175231838, 0.2786438705141675, -0.750025672668416], [0.7099663984810861, 0.2468985358266219, 0.6595368268978374]], "trans": [-240.15644723052685, -314.7328374867389, -287.124161340945]}], "rb_ScNup133N_56-480_renamed_1.pdb_3": [{"rot": [[0.6984913306375973, -0.4566582173797479, -0.5509747122361169], [0.20501977842174643, 0.8653526035864998, -0.45730926288668805], [0.6856214345249271, 0.2064658421279871, 0.6980652580915083]], "trans": [-713.532452182595, 68.8449281747813, -251.21821124702632]}], "rb_ScNup133N_56-480_renamed_1.pdb_4": [{"rot": [[0.653280736442445, 0.290402051429708, -0.6992073568825171], [-0.3078108138517337, 0.9456191696628872, 0.10515174198274943], [0.6917201618206251, 0.1465299781324306, 0.707143679346255]], "trans": [-778.000415560315, 675.7591763537473, -248.9914014885905]}], "rb_ScNup133N_56-480_renamed_1.pdb_5": [{"rot": [[0.25980935557109675, 0.8754266922748587, -0.407587052309605], [-0.6382191674321013, 0.47242228257720065, 0.6078597545872111], [0.7246898599263054, 0.10220221806423208, 0.6814538234853071]], "trans": [-395.79218207947144, 1150.4710997712014, -281.7242237189602]}], "rb_ScNup133N_56-480_renamed_1.pdb_6": [{"rot": [[-0.2514217291155413, 0.955700021701179, 0.15305091521751285], [-0.5926474100341915, -0.27703264913965653, 0.7563213329600256], [0.7652164148189171, 0.09945038879275897, 0.6360451702989756]], "trans": [209.19118929002946, 1214.8878770462582, -330.217324241605]}], "rb_ScNup133N_56-480_renamed_1.pdb_7": [{"rot": [[-0.580926139849743, 0.48419679147678596, 0.6542769193261092], [-0.19779211970347943, -0.8637043591734126, 0.46356559118214347], [0.7895587992179446, 0.13988655070603306, 0.5975187490858233]], "trans": [682.5438226736613, 831.2733685698098, -366.0387561164556]}], "rb_ScNup133C_490_881_renamed_relative_3CQC_1.pdb_7": [{"rot": [[0.682089586225326, 0.36504515737227294, -0.6336369855382641], [-0.2730194369554938, 0.9309585450979403, 0.2424388053790761], [0.6783908780396969, 0.007630228579856874, 0.7346615521478923]], "trans": [280.37198146399453, 97.08993787112243, -301.12478363817524]}], "rb_ScNup133C_490_881_renamed_relative_3CQC_1.pdb_8": [{"rot": [[0.3044972133253247, 0.9152628267527088, -0.2637715015723915], [-0.6346893830654612, 0.4014494841112725, 0.6603087904388212], [0.7102470232961893, -0.03364921501960538, 0.703147848057198]], "trans": [-54.453963164990455, -7.611322630230006, -273.8864232290286]}], "rb_ScNup133C_490_881_renamed_relative_3CQC_1.pdb_9": [{"rot": [[-0.21753768820990232, 0.9312207942977355, 0.29241269889624716], [-0.622477784021811, -0.3631174993816105, 0.6933015866433188], [0.7517970222125041, -0.031201184438128138, 0.6586559978335207]], "trans": [-365.10097350149476, 155.89657765593302, -249.8802378168349]}], "rb_ScNup133C_490_881_renamed_relative_3CQC_1.pdb_10": [{"rot": [[-0.5781997123689078, 0.40357065761213395, 0.7090950690358969], [-0.2435383667278599, -0.9148482860561108, 0.32208954877754775], [0.7787002995684799, 0.013540229492428002, 0.6272499546729785]], "trans": [-469.5857374282846, 491.8285220757628, -243.14538440208491]}], "rb_ScNup133C_490_881_renamed_relative_3CQC_1.pdb_11": [{"rot": [[-0.5662079600648056, -0.3585826933667431, 0.7421772011973317], [0.2801408151198116, -0.9305312016742138, -0.23586607728698916], [0.7751965361527745, 0.074364875637607, 0.6273278214842254]], "trans": [-306.6976936626114, 803.3909577428857, -257.6032301753858]}], "rb_ScNup133C_490_881_renamed_relative_3CQC_1.pdb_12": [{"rot": [[-0.1885873688810466, -0.9087590792732205, 0.3722791159023202], [0.6417811129183735, -0.4009789731377252, -0.6537070186273588], [0.743338285977373, 0.11564081865805215, 0.6588439827913111]], "trans": [28.142958375440173, 908.0663336083379, -284.76016032592594]}], "rb_ScNup133C_490_881_renamed_relative_3CQC_1.pdb_13": [{"rot": [[0.3334465944165875, -0.9246574157562432, -0.18390767292031762], [0.6295285410892294, 0.36358923739025795, -0.6866561602491001], [0.7017885611963527, 0.11318802914159026, 0.7033358269226703]], "trans": [338.7837568080497, 744.5344553625175, -308.6832573576174]}], "rb_ScNup133C_490_881_renamed_relative_3CQC_1.pdb_14": [{"rot": [[0.6940790734494606, -0.3969642331375115, -0.6005611021445582], [0.2505608289711547, 0.9152785917706749, -0.31541143040729974], [0.6748877764375546, 0.06844338577129679, 0.7347394042511506]], "trans": [443.2488552174002, 408.59471987648885, -315.3340288124403]}], "rb_ScNup84_506-726_ScNup133C_882_1155_renamed_relative_3CQC_new_1.pdb_14": [{"rot": [[0.9819134623210404, 0.1802214890256676, 0.05801868152654153], [-0.18744233603764132, 0.9685207445647499, 0.16380762500108023], [-0.026670642539298246, -0.1717200694185562, 0.9847846945324787]], "trans": [-60.47320457781882, 73.95519070228016, 71.28589049806885]}], "rb_ScNup84_506-726_ScNup133C_882_1155_renamed_relative_3CQC_new_1.pdb_15": [{"rot": [[0.5634475553177927, 0.8071689447429233, 0.17608278464687765], [-0.8260938132478908, 0.5479363349703987, 0.131661628931007], [0.009791022416583126, -0.21964532196658057, 0.9755306599068199]], "trans": [-305.04100256289314, 237.6960201593943, 90.02402021048596]}], "rb_ScNup84_506-726_ScNup133C_882_1155_renamed_relative_3CQC_new_1.pdb_16": [{"rot": [[-0.18274237649181546, 0.9541832521254415, 0.23693785091757574], [-0.9806643452299807, -0.1940692213301597, 0.02519085800361802], [0.07001903904493785, -0.22775306517283417, 0.9711981648847994]], "trans": [-362.6193678279143, 526.9189898476801, 93.2474044240002]}], "rb_ScNup84_506-726_ScNup133C_882_1155_renamed_relative_3CQC_new_1.pdb_17": [{"rot": [[-0.8195277497756768, 0.5351413570068092, 0.20493412446082648], [-0.5606043349043021, -0.8228186071777138, -0.09323260893395202], [0.11873098598984129, -0.19129366874791454, 0.9743252461384968]], "trans": [-199.47616880641874, 772.1933228750466, 79.09174411780435]}], "rb_ScNup84_506-726_ScNup133C_882_1155_renamed_relative_3CQC_new_1.pdb_18": [{"rot": [[-0.9738707141903427, -0.20447608996175728, 0.09881983948753664], [0.18800914083421663, -0.9699815669764267, -0.1542346351787909], [0.12739071789251707, -0.13162556119502913, 0.9830800153776507]], "trans": [88.81892153495903, 829.8339733811465, 55.87362959526445]}], "rb_ScNup84_506-726_ScNup133C_882_1155_renamed_relative_3CQC_new_1.pdb_19": [{"rot": [[-0.5553549849459033, -0.8313907597400697, -0.01924175965352247], [0.8266277524479434, -0.549347963878479, -0.12207937362810194], [0.09092524170215792, -0.08370316123897471, 0.9923338053397178]], "trans": [333.38048765272964, 666.0743523615133, 37.21856462028592]}], "rb_ScNup84_506-726_ScNup133C_882_1155_renamed_relative_3CQC_new_1.pdb_20": [{"rot": [[0.19084702269446635, -0.9783471992751492, -0.08008852351697057], [0.981139712731134, 0.19266910648754793, -0.015603829887466617], [0.03069654753429054, -0.07560008647984728, 0.9966656153864815]], "trans": [390.94282913628507, 376.8472716152844, 34.07895419281368]}], "rb_ScNup84_506-726_ScNup133C_882_1155_renamed_relative_3CQC_new_1.pdb_21": [{"rot": [[0.8275996512067294, -0.5592562542015482, -0.04807555989222932], [0.5610297367312544, 0.8213855818605429, 0.10281712121468417], [-0.018012546342960664, -0.11206323236489782, 0.9935378101140246]], "trans": [227.7870280548073, 131.58614994061895, 48.31803127095495]}], "rb_4XMM.renamed.noAb_Nup145c_149-550_Sec13_Nup84_7-436_3IKO_updated_1.pdb_21": [{"rot": [[0.9936538671592329, -0.018149579918398724, 0.11100713953745718], [0.019299325754319675, 0.9997705747975306, -0.009291598056594184], [-0.11081303310049538, 0.011374995288012621, 0.993776172574724]], "trans": [-24.80731036074235, -8.682574081520613, 55.71800255998903]}], "rb_4XMM.renamed.noAb_Nup145c_149-550_Sec13_Nup84_7-436_3IKO_updated_1.pdb_22": [{"rot": [[0.7158581399652727, 0.6921857743245103, 0.09179312211837604], [-0.6930275604753058, 0.7203839721995174, -0.027563254882035128], [-0.0852051868556564, -0.04388378311886756, 0.9953965489753668]], "trans": [-338.3224816776285, 153.2301381703561, 79.96055950512226]}], "rb_4XMM.renamed.noAb_Nup145c_149-550_Sec13_Nup84_7-436_3IKO_updated_1.pdb_23": [{"rot": [[0.017240239886733122, 0.9977152820460689, 0.06532220220095199], [-0.9994583976035851, 0.01902817723628819, -0.026848462353349596], [-0.02803008363031981, -0.06482394960813914, 0.9975029673985336]], "trans": [-445.96052365555454, 490.06911650298065, 86.94233555747167]}], "rb_4XMM.renamed.noAb_Nup145c_149-550_Sec13_Nup84_7-436_3IKO_updated_1.pdb_24": [{"rot": [[-0.6929396166979861, 0.719455449656929, 0.04710141791278291], [-0.7204816805659686, -0.6934326962859886, -0.007565956012416223], [0.027218294937156755, -0.03917845939403937, 0.9988614582314326]], "trans": [-284.66364026819633, 804.5094547746864, 72.59731276371565]}], "rb_4XMM.renamed.noAb_Nup145c_149-550_Sec13_Nup84_7-436_3IKO_updated_1.pdb_25": [{"rot": [[-0.9986480562655788, 0.020414810434285956, 0.047804761602936646], [-0.019525903774802737, -0.9996290229596466, 0.01898830004290679], [0.04817466967980767, 0.018029197754600143, 0.9986761983894314]], "trans": [51.080093249339825, 912.3476860123185, 45.3530126424439]}], "rb_4XMM.renamed.noAb_Nup145c_149-550_Sec13_Nup84_7-436_3IKO_updated_1.pdb_26": [{"rot": [[-0.7207967644283517, -0.6898987726922231, 0.06702020462057516], [0.692779155249195, -0.7201866772510515, 0.03725844820040085], [0.022562500788504265, 0.07328596965214053, 0.9970557157001381]], "trans": [364.58917715510273, 750.4107706329905, 21.193535250515765]}], "rb_4XMM.renamed.noAb_Nup145c_149-550_Sec13_Nup84_7-436_3IKO_updated_1.pdb_27": [{"rot": [[-0.02215494564776682, -0.9953735873055674, 0.09349106950821923], [0.9991551494284348, -0.018806925413371867, 0.03654157806031692], [-0.03461424206864663, 0.0942216602005189, 0.9949493117717461]], "trans": [472.2074829582772, 413.5637537715994, 14.295847993940754]}], "rb_4XMM.renamed.noAb_Nup145c_149-550_Sec13_Nup84_7-436_3IKO_updated_1.pdb_28": [{"rot": [[0.6880031717848639, -0.7170581798103635, 0.11171035037549198], [0.7201227014711997, 0.6936320844723779, 0.017257642258585157], [-0.08986061673385168, 0.06857184668325846, 0.993590947725803]], "trans": [310.89260304051544, 99.13648424366534, 28.72471822619724]}], "rb_4XMM.renamed.noAb_Seh1_Nup85_47_544_3F3F_1.pdb_28": [{"rot": [[0.6491108458118362, -0.7305347827216115, 0.21207083977608274], [0.2871850990243659, 0.4934984231351824, 0.8209653008875929], [-0.70440033272835, -0.4719938957200386, 0.5301338827647346]], "trans": [488.71682605961627, -99.32491217793836, 724.9563044072031]}], "rb_4XMM.renamed.noAb_Seh1_Nup85_47_544_3F3F_1.pdb_29": [{"rot": [[0.6487191737295611, -0.17932638159920775, 0.7395981898964955], [-0.2949742101450423, 0.8366207541163903, 0.4615798188082235], [-0.7015366341004193, -0.5175980705569326, 0.48983526656499177]], "trans": [-24.935370244385012, -234.22876420778343, 766.595174243309]}], "rb_4XMM.renamed.noAb_Seh1_Nup85_47_544_3F3F_1.pdb_30": [{"rot": [[0.2380818292517979, 0.4524445560867383, 0.8594247880109077], [-0.7061779815783509, 0.688143955477768, -0.16664499654456902], [-0.6668055945431514, -0.5672317165029539, 0.48334095510216035]], "trans": [-483.36765502775046, 34.78263202760945, 801.8674367937924]}], "rb_4XMM.renamed.noAb_Seh1_Nup85_47_544_3F3F_1.pdb_31": [{"rot": [[-0.34224404123982227, 0.794677707069578, 0.5013545233888633], [-0.7055372479967504, 0.13504782938468146, -0.6956861903672225], [-0.6205531467368514, -0.5918187439285152, 0.514455407600958]], "trans": [-618.0220186299058, 550.1187243480396, 810.1341082188651]}], "rb_4XMM.renamed.noAb_Seh1_Nup85_47_544_3F3F_1.pdb_32": [{"rot": [[-0.7522953602165349, 0.6468880660161351, -0.12484999416331308], [-0.2934273601666861, -0.49865611484216177, -0.8156239718375936], [-0.5898746267659636, -0.576955725490636, 0.5649513390738091]], "trans": [-350.01412288691756, 1009.888480428477, 786.5764607388384]}], "rb_4XMM.renamed.noAb_Seh1_Nup85_47_544_3F3F_1.pdb_33": [{"rot": [[-0.7518582832981842, 0.09565288848945587, -0.6523493287798587], [0.2887318988715717, -0.8417351714490632, -0.4561970974476205], [-0.592741944196566, -0.531349626958786, 0.6052475208712836]], "trans": [163.6551413029053, 1144.75241119862, 745.018901311528]}], "rb_4XMM.renamed.noAb_Seh1_Nup85_47_544_3F3F_1.pdb_34": [{"rot": [[-0.34118885630632445, -0.5361064860993286, -0.7721269325017837], [0.6999034267278598, -0.6932087916610019, 0.17203710186612187], [-0.6274753840486358, -0.4817171438989122, 0.6117378815202578]], "trans": [622.0729895798036, 875.7054412270743, 709.8304391122269]}], "rb_4XMM.renamed.noAb_Seh1_Nup85_47_544_3F3F_1.pdb_35": [{"rot": [[0.2391369799882923, -0.8782965083089262, -0.4140153962045713], [0.6992171448654212, -0.14008582297977906, 0.7010501740434327], [-0.6737276075153283, -0.4571336847054995, 0.5806202762384769]], "trans": [756.6936960707731, 360.359195880628, 701.6489763557892]}], "rb_4XMM.renamed.noAb_Nup120_715-1036_Nup85_553-744_Nup145c_92-99_554-712_remaining_updated_1.pdb_35": [{"rot": [[0.9988763716538679, -0.04711547891152005, 0.005111340190456582], [0.0468728438272595, 0.9980921273608719, 0.04018758280607193], [-0.00699504561456238, -0.039902843848373226, 0.9991790792393839]], "trans": [22.77808576773475, -37.32021847404303, 24.82065113563823]}], "rb_4XMM.renamed.noAb_Nup120_715-1036_Nup85_553-744_Nup145c_92-99_554-712_remaining_updated_1.pdb_36": [{"rot": [[0.7410520169717525, 0.6694536309117235, 0.051708260473619774], [-0.6712311356464015, 0.7366577025708021, 0.08236620533902342], [0.01704906686420046, -0.09574583699680056, 0.9952597972473531]], "trans": [-325.3872477784096, 97.66433403588151, 51.95605877830707]}], "rb_4XMM.renamed.noAb_Nup120_715-1036_Nup85_553-744_Nup145c_92-99_554-712_remaining_updated_1.pdb_37": [{"rot": [[0.052488957676439574, 0.9920470599999084, 0.114400787005943], [-0.9959121265913226, 0.04356891349911041, 0.0791251280242657], [0.07351153263529706, -0.11808632656681818, 0.9902785840598414]], "trans": [-476.51713070241414, 440.0492241191437, 62.377420377694136]}], "rb_4XMM.renamed.noAb_Nup120_715-1036_Nup85_553-744_Nup145c_92-99_554-712_remaining_updated_1.pdb_38": [{"rot": [[-0.6634428573577402, 0.7316850290258257, 0.1564627537801671], [-0.7369674265099966, -0.6751530546640799, 0.03236301965197391], [0.1293158431292516, -0.09383693876740676, 0.987153504597199]], "trans": [-342.0756333167845, 789.2606723331978, 50.003760268866586]}], "rb_4XMM.renamed.noAb_Nup120_715-1036_Nup85_553-744_Nup145c_92-99_554-712_remaining_updated_1.pdb_39": [{"rot": [[-0.9873404762451725, 0.04089128683873023, 0.15325366758622025], [-0.046090491830336026, -0.9984707389890211, -0.03052621734763527], [0.15177104641792763, -0.037203306887829586, 0.9877152744722623]], "trans": [-0.8185670758716128, 940.7258052280107, 22.10774791336962]}], "rb_4XMM.renamed.noAb_Nup120_715-1036_Nup85_553-744_Nup145c_92-99_554-712_remaining_updated_1.pdb_40": [{"rot": [[-0.7294601068851737, -0.6756574521964128, 0.10665345636463175], [0.6719932277475354, -0.7369800812188141, -0.07270118120194916], [0.1277225677964523, 0.0186377889826476, 0.9916348009712639]], "trans": [347.34278023102735, 805.7143290906065, -4.944734415985977]}], "rb_4XMM.renamed.noAb_Nup120_715-1036_Nup85_553-744_Nup145c_92-99_554-712_remaining_updated_1.pdb_41": [{"rot": [[-0.04087170576203858, -0.9981968334155963, 0.043961180911986364], [0.9966201643144544, -0.04386599569352023, -0.06945518341812035], [0.07125834512483446, 0.040973847523647494, 0.9966159702057648]], "trans": [498.45249561579806, 463.31798709926966, -15.281956229476123]}], "rb_4XMM.renamed.noAb_Nup120_715-1036_Nup85_553-744_Nup145c_92-99_554-712_remaining_updated_1.pdb_42": [{"rot": [[0.6750399326498442, -0.7377787394953477, 0.0019028601495276447], [0.7376192811897146, 0.674835513377537, -0.02268977526648448], [0.015455916189647497, 0.016720090703426924, 0.9997407430037082]], "trans": [363.9902904983186, 114.11750097612708, -2.8242223327442275]}], "rb_4XMM.renamed.noAb_Nup120_2-711_3F7F_updated_1.pdb_42": [{"rot": [[0.9850205100505136, 0.12754259255729344, 0.1160494802383446], [-0.16423649504754262, 0.8989926201130141, 0.40600325451507896], [-0.052544918634671055, -0.4189810927310464, 0.9064733175662556]], "trans": [-99.23505813377733, 38.19223920748482, 311.9627053620621]}], "rb_4XMM.renamed.noAb_Nup120_2-711_3F7F_updated_1.pdb_43": [{"rot": [[0.5814986406210085, 0.715917946697553, 0.3864205281196617], [-0.8133650380359584, 0.5216571704482535, 0.257509439478799], [-0.017223410135122907, -0.4640423365559234, 0.8856455634321418]], "trans": [-352.9754760294596, 253.58877656599003, 331.18062026753023]}], "rb_4XMM.renamed.noAb_Nup120_2-711_3F7F_updated_1.pdb_44": [{"rot": [[-0.16150559764924927, 0.866133557974605, 0.47299957894083733], [-0.9859415917930354, -0.16241786401275343, -0.039237928362101326], [0.042838294790683046, -0.47268710284900445, 0.8801884930511421]], "trans": [-380.630472972173, 585.8296556450899, 331.80962429667375]}], "rb_4XMM.renamed.noAb_Nup120_2-711_3F7F_updated_1.pdb_45": [{"rot": [[-0.8087298456217826, 0.4901910032622335, 0.32506740396621014], [-0.5808683777984701, -0.7524916826247624, -0.31040005678853594], [0.09245520252717018, -0.439851165624598, 0.8932989351971383]], "trans": [-165.99744847815617, 840.2836016790319, 313.5052429214504]}], "rb_4XMM.renamed.noAb_Nup120_2-711_3F7F_updated_1.pdb_46": [{"rot": [[-0.9810210129723856, -0.19167726809903263, 0.029284757139584047], [0.1645570036574035, -0.9028907224040166, -0.3971263475822887], [0.10256102892390527, -0.3847702798954762, 0.9172966080037717]], "trans": [165.1904587176149, 867.8880220756732, 287.01444574442974]}], "rb_4XMM.renamed.noAb_Nup120_2-711_3F7F_updated_1.pdb_47": [{"rot": [[-0.5774485045616156, -0.7800232084031375, -0.24107471649268314], [0.8136538536198563, -0.5255091052213682, -0.2486113167556793], [0.0672356383855288, -0.3397116051622474, 0.9381233363737297]], "trans": [418.92061616962934, 652.4719749395133, 267.87992017333727]}], "rb_4XMM.renamed.noAb_Nup120_2-711_3F7F_updated_1.pdb_48": [{"rot": [[0.1655692138111302, -0.9301854701421787, -0.32763062520823116], [0.9861720851152992, 0.15857769649678533, 0.04814283657113011], [0.007173142777428171, -0.33107114841095053, 0.9435785291710208]], "trans": [446.5562333865415, 320.22933484435896, 267.3349459857159]}], "rb_4XMM.renamed.noAb_Nup120_2-711_3F7F_updated_1.pdb_49": [{"rot": [[0.8127618861732678, -0.5541968831015349, -0.17967729724317927], [0.5810480856266376, 0.7486219886800453, 0.31929334514573243], [-0.04244100109198311, -0.3639106110369357, 0.9304664575367735]], "trans": [231.90988947974483, 65.79264177435596, 285.7227816459971]}]}
