{"rb_ScNup133N_56-480_renamed_1.pdb_0": [{"rot": [[0.6723680617235133, 0.1358178332147963, 0.7276501259224799], [0.47090682154640845, 0.6799629276277142, -0.5620473133758441], [-0.5711111581778299, 0.7205580706874242, 0.3932278115443922]], "trans": [-31.62301973999979, -57.51635204137676, 407.4691517248576]}], "rb_ScNup133N_56-480_renamed_1.pdb_1": [{"rot": [[0.7973640989210259, 0.5898985152177555, 0.12739794148943337], [-0.1737781133309844, 0.42658569982017536, -0.8875955205137371], [-0.5779374196909048, 0.685597828506491, 0.44265557318100046]], "trans": [-370.62795819616383, 143.7638127273519, 433.55185969857735]}], "rb_ScNup133N_56-480_renamed_1.pdb_2": [{"rot": [[0.4313478907534819, 0.732495939925957, -0.5266770311438577], [-0.7181206091241059, -0.07461064985300489, -0.6919075383891494], [-0.5461151782305106, 0.6766704876972972, 0.4938372841187233]], "trans": [-468.54674286533157, 526.5097692615302, 439.5355916349515]}], "rb_ScNup133N_56-480_renamed_1.pdb_3": [{"rot": [[-0.2112631072060363, 0.4800745253216481, -0.851408450551697], [-0.8432371565681547, -0.530018232884747, -0.08962014613121266], [-0.49428635153775047, 0.6990058103813734, 0.5167899764281183]], "trans": [-268.0152556941771, 866.5036563006287, 421.9389978962187]}], "rb_ScNup133N_56-480_renamed_1.pdb_4": [{"rot": [[-0.7540183115377714, -0.01949370477802098, -0.6565640725319589], [-0.47583271802708826, -0.6728528658881358, 0.5664382096231431], [-0.45281299707569966, 0.7395194496023385, 0.4980676393213803]], "trans": [113.49424397773203, 964.572377698516, 391.0944161076864]}], "rb_ScNup133N_56-480_renamed_1.pdb_5": [{"rot": [[-0.8789640706958124, -0.4735546372686198, -0.05628648103433648], [0.16886200599915305, -0.41944000688146116, 0.8919392936502001], [-0.4459907906625256, 0.7744779442622377, 0.44863808186059]], "trans": [452.49002529790977, 763.2660104865172, 365.09504209086674]}], "rb_ScNup133N_56-480_renamed_1.pdb_6": [{"rot": [[-0.5129053972301747, -0.6161129756380075, 0.5977732469278233], [0.7131757559803884, 0.08176751820785522, 0.6961999813616236], [-0.47781627700817586, 0.7834021152745273, 0.397457835763038]], "trans": [550.3854930677435, 380.51277979237864, 359.19568063717287]}], "rb_ScNup133N_56-480_renamed_1.pdb_7": [{"rot": [[0.12971537651567552, -0.36365603519682593, 0.9224577004721233], [0.838241862353736, 0.5371552741563882, 0.09388712182036524], [-0.5296456374720113, 0.761064057429397, 0.37450901083414057]], "trans": [349.8340152808323, 40.53504177245884, 376.87626576836186]}], "rb_ScNup133C_490_881_renamed_relative_3CQC_1.pdb_7": [{"rot": [[0.755255576106894, 0.3369032820557153, -0.5622145438349417], [-0.26783448562513845, 0.9415315901427126, 0.20440878912916965], [0.598208745396924, -0.00380043463606021, 0.8013313007908875]], "trans": [225.3599486123302, 102.42127598106836, -272.31522642576965]}], "rb_ScNup133C_490_881_renamed_relative_3CQC_1.pdb_8": [{"rot": [[0.358437873138903, 0.9025397831215058, -0.23862990378962426], [-0.6872062754229817, 0.42810066395357466, 0.5869219339416292], [0.6318780152204484, -0.046387082312797034, 0.7736784942568671]], "trans": [-89.1262301127258, 36.58836636210148, -246.88718418463702]}], "rb_ScNup133C_490_881_renamed_relative_3CQC_1.pdb_9": [{"rot": [[-0.21787003128752874, 0.9407378847384064, 0.2598939816245858], [-0.7021418877962203, -0.33603940278591465, 0.6277533665200421], [0.6778859925302572, -0.04571380528018981, 0.7337443895104572]], "trans": [-357.98752907578614, 213.14106581581734, -226.27504781536976]}], "rb_ScNup133C_490_881_renamed_relative_3CQC_1.pdb_10": [{"rot": [[-0.636058840817945, 0.42912060038600347, 0.6413147911452599], [-0.30389183042447604, -0.9032445846048214, 0.30298345793677506], [0.7092805555057842, -0.002175018717145899, 0.7049229481829815]], "trans": [-423.71929506071126, 528.6524304043462, -222.52969253302058]}], "rb_ScNup133C_490_881_renamed_relative_3CQC_1.pdb_11": [{"rot": [[-0.6511476543672134, -0.3325994509583555, 0.6821908365217729], [0.2742433977580738, -0.9412380884005662, -0.19713300010438317], [0.707670326492628, 0.058723642310812965, 0.7040981769863979]], "trans": [-247.81301939636765, 798.2915708366663, -237.82119537031298]}], "rb_ScNup133C_490_881_renamed_relative_3CQC_1.pdb_12": [{"rot": [[-0.25429723220590195, -0.8981959229644212, 0.35857635402032384], [0.6935840283753745, -0.4277627839411987, -0.5796207348408636], [0.6739986003509243, 0.101306883502388, 0.731753238516939]], "trans": [66.6848346938487, 864.1001935308243, -263.1675734537843]}], "rb_ScNup133C_490_881_renamed_relative_3CQC_1.pdb_13": [{"rot": [[0.32201185277294075, -0.9363344274207853, -0.13995072954553509], [0.7084744073089194, 0.3363802554191906, -0.6204130381869766], [0.6279907490258219, 0.10062884174385367, 0.7716874077936462]], "trans": [335.53890320341065, 687.5267962061818, -283.6965562170194]}], "rb_ScNup133C_490_881_renamed_relative_3CQC_1.pdb_14": [{"rot": [[0.7401696126306105, -0.4246728906639969, -0.5213462193910454], [0.3101915406250953, 0.9035452628064311, -0.29561320367109173], [0.5965988205342692, 0.05708672345774844, 0.8005066853824374]], "trans": [401.25259529631444, 372.01068149559626, -287.35797119747167]}], "rb_ScNup84_506-726_ScNup133C_882_1155_renamed_relative_3CQC_new_1.pdb_14": [{"rot": [[0.9749380799034401, 0.18573799045291334, 0.12246280764668599], [-0.20393028874495495, 0.9661171019619333, 0.15820930007138337], [-0.08892793535551716, -0.17921814695836805, 0.9797819543726126]], "trans": [-77.19640245421022, 84.68412372113923, 111.13085640953435]}], "rb_ScNup84_506-726_ScNup133C_882_1155_renamed_relative_3CQC_new_1.pdb_15": [{"rot": [[0.545647812304269, 0.8092370516521458, 0.21772427324694443], [-0.8364224110476531, 0.5419170057593763, 0.0819970070552888], [-0.05163347000539825, -0.2268509490880231, 0.9725598344950643]], "trans": [-308.54529781779934, 259.3633890804688, 128.76213707522862]}], "rb_ScNup84_506-726_ScNup133C_882_1155_renamed_relative_3CQC_new_1.pdb_16": [{"rot": [[-0.20385721850313726, 0.9512634071011062, 0.2313874775664434], [-0.9789610769806391, -0.20019805309996902, -0.03944552309060495], [0.008800239830460493, -0.23456058885793063, 0.972061667762673]], "trans": [-349.06262483860684, 546.9409661208799, 130.63365651028522]}], "rb_ScNup84_506-726_ScNup133C_882_1155_renamed_relative_3CQC_new_1.pdb_17": [{"rot": [[-0.8345063974508649, 0.528616015206182, 0.15544832286363944], [-0.5480451262451796, -0.8254866093139679, -0.13497554386715827], [0.056970274814904215, -0.19783065058495802, 0.978579287271424]], "trans": [-175.01084871426968, 778.9499721634423, 115.67305714241093]}], "rb_ScNup84_506-726_ScNup133C_882_1155_renamed_relative_3CQC_new_1.pdb_18": [{"rot": [[-0.9768565433579126, -0.2111123225323548, 0.03439303670551653], [0.20388880130298737, -0.9676458100838177, -0.1486302221301733], [0.06465794925655266, -0.13817805000154232, 0.988294579614656]], "trans": [111.64995931079648, 819.4763769366178, 92.66847392694393]}], "rb_ScNup84_506-726_ScNup133C_882_1155_renamed_relative_3CQC_new_1.pdb_19": [{"rot": [[-0.5475169336148743, -0.8345783156977066, -0.06086248739696216], [0.8363472086377671, -0.5433967911538092, -0.07241045482221233], [0.02735971507127844, -0.09054812163111663, 0.9955161895520815]], "trans": [342.9917693173781, 644.7793578971521, 75.12032097731463]}], "rb_ScNup84_506-726_ScNup133C_882_1155_renamed_relative_3CQC_new_1.pdb_20": [{"rot": [[0.20199923470228032, -0.9765467946231075, -0.07451622032167482], [0.9788270430789028, 0.19872939027569103, 0.049033143669001994], [-0.0330745962500827, -0.08284314909506632, 0.9960135961576568]], "trans": [383.49320042336285, 357.19900882151205, 73.33255862155912]}], "rb_ScNup84_506-726_ScNup133C_882_1155_renamed_relative_3CQC_new_1.pdb_21": [{"rot": [[0.8326148220153891, -0.5538506225985044, 0.0014303871963094739], [0.547861608645111, 0.823984753144124, 0.14455720099257768], [-0.08124171301168785, -0.11957681394512239, 0.9894954116284018]], "trans": [209.42985655594987, 125.20406987630963, 88.37648815631482]}], "rb_4XMM.renamed.noAb_Nup145c_149-550_Sec13_Nup84_7-436_3IKO_updated_1.pdb_21": [{"rot": [[0.9902881130569778, -0.02498202841922662, 0.13676750854685432], [0.026252700358369078, 0.99962724370276, -0.0074946228136698045], [-0.13652929671666297, 0.011012352304864081, 0.9905748226331867]], "trans": [-27.623722362217222, -11.415363097113072, 70.26744650659978]}], "rb_4XMM.renamed.noAb_Nup145c_149-550_Sec13_Nup84_7-436_3IKO_updated_1.pdb_22": [{"rot": [[0.7178656873206999, 0.6872337484504579, 0.11125929155946804], [-0.6872200031976444, 0.7250769979322789, -0.04463198712298358], [-0.11134416092733165, -0.044419838588735994, 0.9927886762887366]], "trans": [-341.9581142603853, 154.1207245230975, 94.55767097256222]}], "rb_4XMM.renamed.noAb_Nup145c_149-550_Sec13_Nup84_7-436_3IKO_updated_1.pdb_23": [{"rot": [[0.02224100051285416, 0.9975025200719252, 0.06703775314214808], [-0.9982723042261954, 0.025805747712899008, -0.052787024919979], [-0.05438514972960439, -0.06574789605104166, 0.9963530848317537]], "trans": [-447.62155168068085, 494.1018936992261, 101.36677057263097]}], "rb_4XMM.renamed.noAb_Nup145c_149-550_Sec13_Nup84_7-436_3IKO_updated_1.pdb_24": [{"rot": [[-0.6890791975264379, 0.7240644652396404, 0.030008494023452147], [-0.7246853789473147, -0.6885435488522382, -0.02718240007714321], [0.0009803449948322645, -0.040477543295024045, 0.9991799674795787]], "trans": [-282.7129897885645, 809.3624985885905, 86.72988365396782]}], "rb_4XMM.renamed.noAb_Nup145c_149-550_Sec13_Nup84_7-436_3IKO_updated_1.pdb_25": [{"rot": [[-0.999393505170968, 0.027103451950928982, 0.02186377630766591], [-0.026730305765016955, -0.9994950015101947, 0.017182337147380287], [0.022318435782927765, 0.01658749072286786, 0.9996132965180704]], "trans": [56.163723988104095, 915.2185484676518, 59.24550985481761]}], "rb_4XMM.renamed.noAb_Nup145c_149-550_Sec13_Nup84_7-436_3IKO_updated_1.pdb_26": [{"rot": [[-0.7269154255708322, -0.6850909310593944, 0.04737489047321666], [0.6867209922839759, -0.7248888648784566, 0.054317698144670745], [-0.0028710318160643927, 0.07201770445797331, 0.9973992216865404]], "trans": [370.49174589655144, 749.6581935421318, 35.03838777757983]}], "rb_4XMM.renamed.noAb_Nup145c_149-550_Sec13_Nup84_7-436_3IKO_updated_1.pdb_27": [{"rot": [[-0.031266459696712656, -0.9953051722830822, 0.09159706613521508], [0.9977186851392615, -0.02559328574242309, 0.062469264833925404], [-0.059831712511161386, 0.09334129713825393, 0.9938347792397542]], "trans": [476.13520201696434, 409.66914092358434, 28.31339575670819]}], "rb_4XMM.renamed.noAb_Nup145c_149-550_Sec13_Nup84_7-436_3IKO_updated_1.pdb_28": [{"rot": [[0.6800324195919127, -0.7218113951904968, 0.12862432925818568], [0.7240759392587444, 0.6887345255723518, 0.03686173451148853], [-0.11519523640557766, 0.0680666075089445, 0.9910080698216777]], "trans": [311.20857952053734, 94.42188827677603, 43.03413384160325]}], "rb_4XMM.renamed.noAb_Seh1_Nup85_47_544_3F3F_1.pdb_28": [{"rot": [[0.7015011268344573, -0.6842720136514052, 0.19916822131916267], [0.3180653185047996, 0.5506978897459811, 0.7717294133268245], [-0.6377543588360869, -0.4780205493101478, 0.6039583861681177]], "trans": [443.99215626614347, -131.0034544219318, 676.9530440989702]}], "rb_4XMM.renamed.noAb_Seh1_Nup85_47_544_3F3F_1.pdb_29": [{"rot": [[0.7089486056336959, -0.10632287004445495, 0.6971996284247071], [-0.30622283960015073, 0.8441150281569291, 0.44011065852447684], [-0.635310512330199, -0.525514287669839, 0.5658756810268516]], "trans": [-79.92458942206991, -227.87327036657962, 719.2250085340509]}], "rb_4XMM.renamed.noAb_Seh1_Nup85_47_544_3F3F_1.pdb_30": [{"rot": [[0.27416006233612844, 0.509326702803499, 0.8157343746779138], [-0.7527648470466429, 0.6415369485984161, -0.1475649979970795], [-0.5984825354767631, -0.5735997327355986, 0.5592870473513181]], "trans": [-518.8077273596, 75.30253626288493, 752.7728570426939]}], "rb_4XMM.renamed.noAb_Seh1_Nup85_47_544_3F3F_1.pdb_31": [{"rot": [[-0.3481592438760694, 0.8020205044591477, 0.4853331343837324], [-0.7599700996302168, 0.061636746426741496, -0.6470288704207596], [-0.5488447763909958, -0.5941077527831293, 0.5880521996483798]], "trans": [-615.5514137511332, 600.9194199592273, 757.9677918450586]}], "rb_4XMM.renamed.noAb_Seh1_Nup85_47_544_3F3F_1.pdb_32": [{"rot": [[-0.7934458887215741, 0.6002943789300094, -0.10045038723601715], [-0.3236176587933538, -0.555871863333077, -0.7656879798401706], [-0.5154757342377427, -0.5750244605055053, 0.6353201061137707]], "trans": [-313.4799196832676, 1041.0637158502493, 731.7905517865256]}], "rb_4XMM.renamed.noAb_Seh1_Nup85_47_544_3F3F_1.pdb_33": [{"rot": [[-0.8008446771081975, 0.022322334889423062, -0.5984559436688313], [0.3006710630522962, -0.8492436302123407, -0.4340301468639789], [-0.5179234644138735, -0.5275291175933793, 0.6734005606625834]], "trans": [210.4509277502387, 1137.892806163598, 689.6001380936548]}], "rb_4XMM.renamed.noAb_Seh1_Nup85_47_544_3F3F_1.pdb_34": [{"rot": [[-0.36602129447613907, -0.5933114548578147, -0.7169448580780213], [0.7471789301785732, -0.6466172366312637, 0.15365479357491735], [-0.5547540520692154, -0.47944516560901, 0.6799854960857141]], "trans": [649.3169640371526, 834.6829612987196, 656.1362948937496]}], "rb_4XMM.renamed.noAb_Seh1_Nup85_47_544_3F3F_1.pdb_35": [{"rot": [[0.25629859061904614, -0.8859600358413369, -0.38650465370899123], [0.7543353382619782, -0.06669408098179064, 0.6530927170097527], [-0.6043916196439831, -0.4589408616085639, 0.6512173643647038]], "trans": [746.0261904487525, 309.0589004314523, 651.02661827469]}], "rb_4XMM.renamed.noAb_Nup120_715-1036_Nup85_553-744_Nup145c_92-99_554-712_remaining_updated_1.pdb_35": [{"rot": [[0.9907446488702657, -0.0604942623338237, 0.12151331186179462], [0.052635898846023696, 0.9963720960592323, 0.06687382408091004], [-0.12511795589605193, -0.05985892096605035, 0.990334492327302]], "trans": [-2.2049707534122263, -47.455618057613265, 103.07349770537115]}], "rb_4XMM.renamed.noAb_Nup120_715-1036_Nup85_553-744_Nup145c_92-99_554-712_remaining_updated_1.pdb_36": [{"rot": [[0.7370148174307181, 0.6583617329095396, 0.15286918436334423], [-0.6682289142615055, 0.743720899329007, 0.01869069410544593], [-0.10138676951385461, -0.11592692759493803, 0.9880696688118422]], "trans": [-348.6971563248445, 112.61204796669536, 129.9535039026379]}], "rb_4XMM.renamed.noAb_Nup120_715-1036_Nup85_553-744_Nup145c_92-99_554-712_remaining_updated_1.pdb_37": [{"rot": [[0.0494019923520293, 0.9887640676959417, 0.14108529896848232], [-0.9977657866719689, 0.05521805454147649, -0.037608528281794146], [-0.044976417137406806, -0.13891214808658933, 0.9892828397457687]], "trans": [-480.96258810953674, 471.53931840590724, 138.79076544500427]}], "rb_4XMM.renamed.noAb_Nup120_715-1036_Nup85_553-744_Nup145c_92-99_554-712_remaining_updated_1.pdb_38": [{"rot": [[-0.6692805380938717, 0.7371583956345877, 0.09306482189430296], [-0.7429273720574157, -0.6658017639367128, -0.06904296478732937], [0.01106712142519986, -0.11534951618538596, 0.9932633124902769]], "trans": [-321.51639788616444, 819.0616541573985, 124.43229481675101]}], "rb_4XMM.renamed.noAb_Nup120_715-1036_Nup85_553-744_Nup145c_92-99_554-712_remaining_updated_1.pdb_39": [{"rot": [[-0.9980184141480966, 0.050938867058995495, 0.036938825699587265], [-0.05300160692069781, -0.9969549800615967, -0.05719787928066244], [0.033912751070096676, -0.05904235389216269, 0.9976792699869684]], "trans": [36.23750126040267, 951.5956876681907, 95.31349146753104]}], "rb_4XMM.renamed.noAb_Nup120_715-1036_Nup85_553-744_Nup145c_92-99_554-712_remaining_updated_1.pdb_40": [{"rot": [[-0.7442323528140282, -0.6678974424959003, 0.005586710331745959], [0.667843267567807, -0.7442473705668713, -0.009012289867304513], [0.010177179827925105, -0.0029761908092780166, 0.9999437820692803]], "trans": [382.7237442193911, 791.5012301729691, 68.51656587563133]}], "rb_4XMM.renamed.noAb_Nup120_715-1036_Nup85_553-744_Nup145c_92-99_554-712_remaining_updated_1.pdb_41": [{"rot": [[-0.056593807204629254, -0.9982460873008774, 0.017374987038087153], [0.9973261600200027, -0.05571861627184094, 0.047286005757588595], [-0.0462349599960962, 0.020004624196414748, 0.9987302656297741]], "trans": [514.9677177486641, 432.56398899946464, 59.76353979062412]}], "rb_4XMM.renamed.noAb_Nup120_715-1036_Nup85_553-744_Nup145c_92-99_554-712_remaining_updated_1.pdb_42": [{"rot": [[0.6620688669586223, -0.7465841733132884, 0.06539791710933465], [0.7424313463286095, 0.6652814303020307, 0.07871667221098622], [-0.10227664148188406, -0.003562394334910783, 0.9947496157092941]], "trans": [355.50095085401017, 85.0545778373961, 74.20606421196092]}], "rb_4XMM.renamed.noAb_Nup120_2-711_3F7F_updated_1.pdb_42": [{"rot": [[0.9472027633163106, 0.3176453755149597, 0.04368455768238092], [-0.30910624416232974, 0.8684237435559351, 0.3876770968836738], [0.08520712990004559, -0.38071198699575437, 0.9207595386266391]], "trans": [-168.63743571726184, 148.27659419722613, 197.7374069442784]}], "rb_4XMM.renamed.noAb_Nup120_2-711_3F7F_updated_1.pdb_43": [{"rot": [[0.45527960040365933, 0.8298955988037547, 0.322480666928175], [-0.8812154316478834, 0.36826861173958025, 0.29637407550768646], [0.12720003334086777, -0.4191080107723527, 0.8989819947165364]], "trans": [-326.8275292616852, 373.76241721393524, 209.29028020882046]}], "rb_4XMM.renamed.noAb_Nup120_2-711_3F7F_updated_1.pdb_44": [{"rot": [[-0.2959662945024548, 0.8396880668730307, 0.4553327386313421], [-0.9366453044453142, -0.34861804523575457, 0.03407392252948416], [0.18734867541306527, -0.4164005390090571, 0.889669076080503]], "trans": [-279.78157467047873, 645.3555094849769, 204.26023597063534]}], "rb_4XMM.renamed.noAb_Nup120_2-711_3F7F_updated_1.pdb_45": [{"rot": [[-0.8664444835989127, 0.3412862138540055, 0.3644141559739558], [-0.44292426150868036, -0.8622739156120557, -0.24556423400414532], [0.23041713349489162, -0.3741756468401579, 0.8982764217676793]], "trans": [-55.05784215186699, 803.9529248905536, 185.61794996926247]}], "rb_4XMM.renamed.noAb_Nup120_2-711_3F7F_updated_1.pdb_46": [{"rot": [[-0.9219607999705425, -0.37333912728864793, 0.10298630662872871], [0.3107189487430322, -0.8717921479751131, -0.3787244190977946], [0.23117529757675398, -0.3171692714691758, 0.9197617273109433]], "trans": [215.6992505193823, 756.6461780577006, 164.30834110172503]}], "rb_4XMM.renamed.noAb_Nup120_2-711_3F7F_updated_1.pdb_47": [{"rot": [[-0.4299930027067833, -0.8855503554962532, -0.17580268912522945], [0.8827895073751058, -0.371596827599572, -0.28739951876499426], [0.18917902444938384, -0.2787765513783248, 0.9415385977802428]], "trans": [373.87829412070863, 531.1483451014133, 152.83888360929802]}], "rb_4XMM.renamed.noAb_Nup120_2-711_3F7F_updated_1.pdb_48": [{"rot": [[0.3212572358093132, -0.8952869111064777, -0.30863430665041003], [0.9381604149459953, 0.3452905740845583, -0.02508894730179345], [0.12903032305824563, -0.2814884833341788, 0.9508498354007885]], "trans": [326.8176879252044, 259.55935288210867, 157.95255231158262]}], "rb_4XMM.renamed.noAb_Nup120_2-711_3F7F_updated_1.pdb_49": [{"rot": [[0.8916969332266557, -0.39684498255741774, -0.21769391147475503], [0.4443946130708769, 0.8589073090583511, 0.2545420639496072], [0.08596515077495787, -0.32371637935875774, 0.9422407858860143]], "trans": [102.0881119360065, 100.97997924182505, 176.67769288123793]}]}
