{"rb_ScNup133N_56-480_renamed_1.pdb_0": [{"rot": [[-0.6556508686169733, -0.3148377210947146, 0.6862937766421117], [0.32521835416902306, -0.9380414444638692, -0.11962972281054286], [0.681435954872795, 0.14476000084285068, 0.717418693346206]], "trans": [869.4086640598847, 223.3953784561976, -333.70006085813105]}], "rb_ScNup133N_56-480_renamed_1.pdb_1": [{"rot": [[-0.22207156133940192, -0.881649431319795, 0.416387442050981], [0.7312910373772809, -0.4330646429015023, -0.5269425336032874], [0.6449012639900293, 0.1874814532749124, 0.7409136686429709]], "trans": [451.53893888748735, -335.3088636069433, -297.6336580416334]}], "rb_ScNup133N_56-480_renamed_1.pdb_2": [{"rot": [[0.3708658101292047, -0.9266380934465244, -0.061647340988856936], [0.7107495561816095, 0.325933523296117, -0.6233798254510825], [0.5977404279993542, 0.18737444373651174, 0.7794852138235714]], "trans": [-237.87417566057624, -433.7916526013536, -242.1627603731601]}], "rb_ScNup133N_56-480_renamed_1.pdb_3": [{"rot": [[0.7758101731655994, -0.42344871486092756, -0.46777105628222465], [0.27562739990131685, 0.8943212264962804, -0.35244727302367473], [0.5675809295918943, 0.14450165992407846, 0.8105375738624235]], "trans": [-794.9608430178718, -14.360265331602761, -199.75899694537253]}], "rb_ScNup133N_56-480_renamed_1.pdb_4": [{"rot": [[0.755539410187543, 0.3331432714913136, -0.5640707050658815], [-0.3191747370921967, 0.9391289358977168, 0.12713901431797106], [0.5720906281836671, 0.08397858310118744, 0.8158798384104919]], "trans": [-893.3699251852216, 677.2765943523071, -195.23908536614675]}], "rb_ScNup133N_56-480_renamed_1.pdb_5": [{"rot": [[0.3219284199653396, 0.8999156120580492, -0.2941325952573136], [-0.725213376238, 0.4341076635443628, 0.5344306272824672], [0.608627678752862, 0.041260485046071715, 0.7923824335695877]], "trans": [-475.4500809216705, 1235.9484187629998, -231.22684866816002]}], "rb_ScNup133N_56-480_renamed_1.pdb_6": [{"rot": [[-0.27100736551388227, 0.9448450782452836, 0.18390972229027147], [-0.7046253575796696, -0.324894008419247, 0.6308303961834694], [0.6557881619036315, 0.04137222992460038, 0.7538104704089207]], "trans": [213.97726567265326, 1334.3774926831472, -286.6161427804436]}], "rb_ScNup133N_56-480_renamed_1.pdb_7": [{"rot": [[-0.6759178027218192, 0.44161135525506184, 0.5900123175608212], [-0.2694714327383186, -0.8932421986332553, 0.35986597716202884], [0.6859448016434424, 0.08424835601132877, 0.7227599488126903]], "trans": [771.0377673764717, 914.9027935555644, -328.93513332178844]}], "rb_ScNup133C_490_881_renamed_relative_3CQC_1.pdb_7": [{"rot": [[0.7614042185730313, 0.3487689888169489, -0.5464648281260164], [-0.2573503534661539, 0.9362965091720189, 0.23899715998969337], [0.5950079087794037, -0.04134052916807482, 0.8026559344688521]], "trans": [213.76960950689954, 87.16443368437658, -263.7527863765048]}], "rb_ScNup133C_490_881_renamed_relative_3CQC_1.pdb_8": [{"rot": [[0.3701248313591776, 0.9065190726518572, -0.2030536385533624], [-0.6843106539457636, 0.41387413993890476, 0.6003558321413688], [0.628272662231665, -0.08325483294230462, 0.7735257556695105]], "trans": [-107.92975333950892, 34.461897426651205, -237.81369416322605]}], "rb_ScNup133C_490_881_renamed_relative_3CQC_1.pdb_9": [{"rot": [[-0.2076145466444509, 0.9328005790521532, 0.29458323058447944], [-0.7085386058154832, -0.3510269861396389, 0.6121708087378673], [0.6744399484688551, -0.0816280265698689, 0.7338035303728365]], "trans": [-372.63790142634633, 225.41210959764555, -217.60264033320874]}], "rb_ScNup133C_490_881_renamed_relative_3CQC_1.pdb_10": [{"rot": [[-0.6333660416780977, 0.4122174309993037, 0.6549230846667061], [-0.31584113325591007, -0.9103170043009224, 0.2675207098977905], [0.7064643202544921, -0.03741311616171049, 0.7067590982409988]], "trans": [-425.2831558801921, 548.153860304779, -214.93554029474916]}], "rb_ScNup133C_490_881_renamed_relative_3CQC_1.pdb_11": [{"rot": [[-0.6577184248549733, -0.35026542315494436, 0.6668737563800072], [0.2637340472731948, -0.9363559359168109, -0.23169357691195108], [0.705585449052908, 0.02348818033483474, 0.7082354689433207]], "trans": [-235.02327100463185, 813.6205981203072, -231.35081395530136]}], "rb_ScNup133C_490_881_renamed_relative_3CQC_1.pdb_12": [{"rot": [[-0.2664057267414617, -0.9079747764387893, 0.32343437373025974], [0.6906636230078367, -0.41388980769778105, -0.5930252835567669], [0.6723181900060741, 0.06539902472380998, 0.7373677637055556]], "trans": [86.68674331511886, 866.2982817460697, -257.20815764796845]}], "rb_ScNup133C_490_881_renamed_relative_3CQC_1.pdb_13": [{"rot": [[0.3113355565984996, -0.9341966259966734, -0.174203430431019], [0.7148462287756443, 0.3510133556730521, -0.6048012015070603], [0.6261509725319787, 0.06376745341924761, 0.7770898734906293]], "trans": [351.38653791861145, 675.3276981539357, -277.3359699478535]}], "rb_ScNup133C_490_881_renamed_relative_3CQC_1.pdb_14": [{"rot": [[0.7370564352322654, -0.4135698426295093, -0.5345164137331132], [0.32211535314309453, 0.9102624959584501, -0.2601228319871061], [0.5941292035847129, 0.01954926389651579, 0.8041320263046979]], "trans": [404.01315419928017, 352.58222469258556, -279.9190897063436]}], "rb_ScNup84_506-726_ScNup133C_882_1155_renamed_relative_3CQC_new_1.pdb_14": [{"rot": [[0.9821170847334292, 0.1881942144970212, 0.005382332631668265], [-0.18561874112841822, 0.9631030882277626, 0.19487976905786378], [0.031491503879776825, -0.19239381246805795, 0.9808123704906021]], "trans": [-47.80578026517867, 64.51496141106466, 45.13983180464149]}], "rb_ScNup84_506-726_ScNup133C_882_1155_renamed_relative_3CQC_new_1.pdb_15": [{"rot": [[0.5660273357156215, 0.8085930536790579, 0.16059367597962787], [-0.8215977654377004, 0.5372958320338478, 0.19050013308874883], [0.0677507715856501, -0.2397716881139844, 0.9684623743483881]], "trans": [-303.2326789163553, 220.58730156678968, 64.78080990165671]}], "rb_ScNup84_506-726_ScNup133C_882_1155_renamed_relative_3CQC_new_1.pdb_16": [{"rot": [[-0.1765979874268283, 0.9472935399640388, 0.26729777398847154], [-0.9759648946785298, -0.2037560412909838, 0.07730459231217232], [0.12769367718065772, -0.2472214084172832, 0.9605081467787012]], "trans": [-373.8978740624798, 512.092989128149, 69.03618899047262]}], "rb_ScNup84_506-726_ScNup133C_882_1155_renamed_relative_3CQC_new_1.pdb_17": [{"rot": [[-0.8107184993800172, 0.5230429728093651, 0.2629858615168366], [-0.558289687965106, -0.8259338955216321, -0.07839530942782226], [0.17620482137227536, -0.21037882218322573, 0.9616093864464723]], "trans": [-218.40278466843625, 768.2639988866836, 55.4371129012024]}], "rb_ScNup84_506-726_ScNup133C_882_1155_renamed_relative_3CQC_new_1.pdb_18": [{"rot": [[-0.9648574631425478, -0.21562668361275797, 0.1501839176885729], [0.1867478293894321, -0.9647571709420383, -0.18538837432333147], [0.1848656918859203, -0.1508268359081887, 0.9711209716268421]], "trans": [72.16328675724685, 839.0318581097849, 31.97411705509967]}], "rb_ScNup84_506-726_ScNup133C_882_1155_renamed_relative_3CQC_new_1.pdb_19": [{"rot": [[-0.5487181003829414, -0.8359923293280952, -0.005027088294314891], [0.8226941746898017, -0.5389012354027456, -0.18099655635635112], [0.14860262865642507, -0.10345184283509531, 0.9834708816077985]], "trans": [327.58455193106187, 682.9398738329253, 12.416160148239726]}], "rb_ScNup84_506-726_ScNup133C_882_1155_renamed_relative_3CQC_new_1.pdb_20": [{"rot": [[0.19391928262920943, -0.9746350219209977, -0.1117223606518667], [0.9770030120155776, 0.20216149948863726, -0.06779264441657164], [0.08865904543281954, -0.09600678189356592, 0.9914243649887667]], "trans": [398.2335456136127, 391.4290481376469, 8.24457400503968]}], "rb_ScNup84_506-726_ScNup133C_882_1155_renamed_relative_3CQC_new_1.pdb_21": [{"rot": [[0.8280072357382867, -0.5503359172085779, -0.10739830443368847], [0.5592780487067143, 0.8243060346481762, 0.08790691370652583], [0.04015073847201526, -0.13285307475850772, 0.9903221590610597]], "trans": [242.72500449411382, 135.27064981406534, 21.9271375087377]}], "rb_4XMM.renamed.noAb_Nup145c_149-550_Sec13_Nup84_7-436_3IKO_updated_1.pdb_21": [{"rot": [[0.9996632601783357, -0.02591586998630647, 0.0013167886975031355], [0.02592929572164156, 0.9995978666380567, -0.011479400508101202], [-0.0010187605217485483, 0.011509678340361767, 0.9999332424874676]], "trans": [10.395455496027353, -10.340065857349089, -4.104218602072763]}], "rb_4XMM.renamed.noAb_Nup145c_149-550_Sec13_Nup84_7-436_3IKO_updated_1.pdb_22": [{"rot": [[0.726963036060531, 0.6865608300433609, 0.012608364359683608], [-0.6862506568786183, 0.7257430087934971, 0.048550191771268625], [0.024182227674885058, -0.04394669313536029, 0.9987411616766111]], "trans": [-315.7169027098254, 123.8027786904854, 21.27752565981899]}], "rb_4XMM.renamed.noAb_Nup145c_149-550_Sec13_Nup84_7-436_3IKO_updated_1.pdb_23": [{"rot": [[0.03205309572963594, 0.997504344317033, 0.0629101114511176], [-0.9961921585573017, 0.026778185260585785, 0.08297054913095978], [0.08107886458930011, -0.0653300226756044, 0.9945643296710949]], "trans": [-451.8405683446668, 449.949346789241, 30.581805926473237]}], "rb_4XMM.renamed.noAb_Nup145c_149-550_Sec13_Nup84_7-436_3IKO_updated_1.pdb_24": [{"rot": [[-0.677978519538352, 0.7247595778696421, 0.12275455727100906], [-0.7223271074558624, -0.6878331549310851, 0.07161774090262642], [0.13634029807445172, -0.04011365433074908, 0.989849593553082]], "trans": [-318.23046539665785, 777.0384969752358, 18.382048528518965]}], "rb_4XMM.renamed.noAb_Nup145c_149-550_Sec13_Nup84_7-436_3IKO_updated_1.pdb_25": [{"rot": [[-0.9871852780736707, 0.028104260587276785, 0.1570839816513796], [-0.025089512006744415, -0.9994616126773389, 0.02114240222102226], [0.15759360120852606, 0.01693030777199575, 0.9873589122182838]], "trans": [6.844637264070002, 913.4569099076762, -8.150951732556791]}], "rb_4XMM.renamed.noAb_Nup145c_149-550_Sec13_Nup84_7-436_3IKO_updated_1.pdb_26": [{"rot": [[-0.714429500911035, -0.6843510998260799, 0.14578772374532425], [0.6870690133258633, -0.7255508434691655, -0.038886301811893564], [0.13238828934400806, 0.07238470631297653, 0.9885513619112312]], "trans": [332.9530742791787, 779.2888725862953, -33.4497842873252]}], "rb_4XMM.renamed.noAb_Nup145c_149-550_Sec13_Nup84_7-436_3IKO_updated_1.pdb_27": [{"rot": [[-0.01949536816877523, -0.9952401076197016, 0.09548329071144686], [0.9969559629669119, -0.02656163805055939, -0.07330270996891214], [0.07548998956602974, 0.0937635727198673, 0.992728388788255]], "trans": [469.0578384555198, 453.1320298384643, -42.67003141047746]}], "rb_4XMM.renamed.noAb_Nup145c_149-550_Sec13_Nup84_7-436_3IKO_updated_1.pdb_28": [{"rot": [[0.6905149066214213, -0.7224395984930753, 0.03563972871349848], [0.7230351924106856, 0.688028271296464, -0.061945205080296946], [0.020230528150557647, 0.06854286560949512, 0.997443031608716]], "trans": [335.4287532006813, 126.05377575252453, -30.386337430600122]}], "rb_4XMM.renamed.noAb_Seh1_Nup85_47_544_3F3F_1.pdb_28": [{"rot": [[0.6717471375639609, -0.7114888558468031, 0.20625079679949151], [0.23816330124427135, 0.47107078166054117, 0.8493353640383463], [-0.7014513704563193, -0.5214172289745773, 0.485890983877472]], "trans": [470.75569925816455, -74.07379056503237, 763.8184582848236]}], "rb_4XMM.renamed.noAb_Seh1_Nup85_47_544_3F3F_1.pdb_29": [{"rot": [[0.630265430440784, -0.1826122293616517, 0.7545980790320458], [-0.345420899066636, 0.8044925490070882, 0.4831936889903132], [-0.6953056088363468, -0.5651942252709578, 0.4439657622396931]], "trans": [-19.098721990052127, -201.4769195703771, 803.5240035328738]}], "rb_4XMM.renamed.noAb_Seh1_Nup85_47_544_3F3F_1.pdb_30": [{"rot": [[0.1895579831754343, 0.42652409951966586, 0.8843895994093286], [-0.7284843934286253, 0.6650003558838334, -0.16457525696560601], [-0.6583147116276397, -0.6130674670893127, 0.4367722761935614]], "trans": [-455.41005192248264, 55.9550661121942, 837.0894283081525]}], "rb_4XMM.renamed.noAb_Seh1_Nup85_47_544_3F3F_1.pdb_31": [{"rot": [[-0.39220256764903977, 0.7590794805162361, 0.51959165523389], [-0.6866231856491724, 0.13431069586230288, -0.7144992917462957], [-0.6121484679867086, -0.6369921343597401, 0.4685245712930543]], "trans": [-582.579048135693, 547.4149962740123, 844.8756384059984]}], "rb_4XMM.renamed.noAb_Seh1_Nup85_47_544_3F3F_1.pdb_32": [{"rot": [[-0.7742126885358948, 0.6202382824093966, -0.12609197414528484], [-0.24436016148851092, -0.4766909454926846, -0.8444251618483377], [-0.583851714382447, -0.6229528196574151, 0.5206217053615279]], "trans": [-326.1064062258747, 984.9988310364483, 822.3453670667177]}], "rb_4XMM.renamed.noAb_Seh1_Nup85_47_544_3F3F_1.pdb_33": [{"rot": [[-0.7326854643269066, 0.09133563671102732, -0.6744107144987008], [0.33922076359140296, -0.8100711915522342, -0.4782404606111875], [-0.5900010880604565, -0.579173951489297, 0.5625444426920798]], "trans": [163.76449725121358, 1112.3639068587765, 782.721169818873]}], "rb_4XMM.renamed.noAb_Seh1_Nup85_47_544_3F3F_1.pdb_34": [{"rot": [[-0.2919481284975619, -0.5177898292014627, -0.8041517164330887], [0.7222496551877122, -0.6705311935131926, 0.16953865077614488], [-0.6269941992139905, -0.5313018081103102, 0.5697338526458764]], "trans": [600.0622931982184, 854.8980832718877, 749.2394650126199]}], "rb_4XMM.renamed.noAb_Seh1_Nup85_47_544_3F3F_1.pdb_35": [{"rot": [[0.28980917322687394, -0.8503038287274678, -0.4393108716671562], [0.6803427878959276, -0.13981544974080254, 0.7194340351774897], [-0.6731599617264415, -0.5073805661090873, 0.5379782775013034]], "trans": [727.1994942897256, 363.4285867962732, 741.5383123166855]}], "rb_4XMM.renamed.noAb_Nup120_715-1036_Nup85_553-744_Nup145c_92-99_554-712_remaining_updated_1.pdb_35": [{"rot": [[0.9964092831860011, -0.012780909310416328, 0.08369700554954079], [0.015562287949930635, 0.9993452292955655, -0.032663861957193945], [-0.08322472934485514, 0.033849092179762987, 0.9959557637686943]], "trans": [-17.302210090573112, 1.4181066712419579, 27.490493996230896]}], "rb_4XMM.renamed.noAb_Nup120_715-1036_Nup85_553-744_Nup145c_92-99_554-712_remaining_updated_1.pdb_36": [{"rot": [[0.7157223908284057, 0.696136277110958, 0.05599770492589595], [-0.6960228743638821, 0.7175940539782054, -0.024717039818018413], [-0.0573900481713676, -0.021285144707549566, 0.9981249045012693]], "trans": [-326.43895546348824, 153.4571238373687, 51.432103471253754]}], "rb_4XMM.renamed.noAb_Nup120_715-1036_Nup85_553-744_Nup145c_92-99_554-712_remaining_updated_1.pdb_37": [{"rot": [[0.015582214261310678, 0.9989958488558051, 0.04200581587810765], [-0.9998785842956965, 0.015572916993279229, 0.0005485646320085198], [-0.00010613929369911873, -0.04200926356402007, 0.9991172156004822]], "trans": [-437.9397495280505, 480.2113230934365, 58.77083199550577]}], "rb_4XMM.renamed.noAb_Nup120_715-1036_Nup85_553-744_Nup145c_92-99_554-712_remaining_updated_1.pdb_38": [{"rot": [[-0.6938592591057905, 0.7183783984760316, 0.049917984296005864], [-0.7180018826019455, -0.6954643011154117, 0.028332004061038314], [0.05506927576449692, -0.016182783353452267, 0.9983513872328269]], "trans": [-286.48394162077943, 790.2636040762105, 45.231553824594755]}], "rb_4XMM.renamed.noAb_Nup120_715-1036_Nup85_553-744_Nup145c_92-99_554-712_remaining_updated_1.pdb_39": [{"rot": [[-0.9970012110496751, 0.018673585110159593, 0.07509915035881112], [-0.015520115596322822, -0.998981972355021, 0.04235734790504937], [0.07581366088877697, 0.04106477966343225, 0.9962760524542562]], "trans": [39.20543379861755, 901.9810856439997, 18.76977391604902]}], "rb_4XMM.renamed.noAb_Nup120_715-1036_Nup85_553-744_Nup145c_92-99_554-712_remaining_updated_1.pdb_40": [{"rot": [[-0.7162588118200935, -0.6902216457342146, 0.10279783193249059], [0.6960429926163633, -0.7171751653142213, 0.034408351982871815], [0.049974662777507554, 0.09619699588070402, 0.9941069716402772]], "trans": [348.3368617285286, 749.9182086730821, -5.088819047422305]}], "rb_4XMM.renamed.noAb_Nup120_715-1036_Nup85_553-744_Nup145c_92-99_554-712_remaining_updated_1.pdb_41": [{"rot": [[-0.016094917353563942, -0.993026472405702, 0.11678775079977265], [0.9998437402052954, -0.015130281033492343, 0.009141650186559783], [-0.007310869145856352, 0.11691663567403653, 0.9931148229157578]], "trans": [459.81870627374144, 423.1556673747664, -12.343520000469994]}], "rb_4XMM.renamed.noAb_Nup120_715-1036_Nup85_553-744_Nup145c_92-99_554-712_remaining_updated_1.pdb_42": [{"rot": [[0.6933245906605088, -0.7123535578920892, 0.10887341523034745], [0.7179113656423364, 0.6958848884426465, -0.018641167311111838], [-0.06248426255460805, 0.09108584190557456, 0.9938808209928187]], "trans": [308.3452443449265, 113.11568258861769, 1.2795820676710719]}], "rb_4XMM.renamed.noAb_Nup120_2-711_3F7F_updated_1.pdb_42": [{"rot": [[0.9898585938487631, 0.09549340378351999, 0.10517116533340011], [-0.12783935942785826, 0.9216436853128985, 0.36637414688257164], [-0.06194402606242701, -0.3761036122622261, 0.9245047379426895]], "trans": [-79.86502689267229, 14.142804998120482, 286.66058575364826]}], "rb_4XMM.renamed.noAb_Nup120_2-711_3F7F_updated_1.pdb_43": [{"rot": [[0.6104023541062507, 0.7100133420486149, 0.35112678652376034], [-0.7915797166148116, 0.5627305524879971, 0.23819294183616477], [-0.028469603888363948, -0.42333837460063617, 0.9055242140577631]], "trans": [-356.69804701864723, 221.47474628286992, 307.7583621151721]}], "rb_4XMM.renamed.noAb_Nup120_2-711_3F7F_updated_1.pdb_44": [{"rot": [[-0.12587844081131766, 0.8917085218780282, 0.4347534130389453], [-0.9915552594815226, -0.12686901656325617, -0.02687787251254667], [0.03118950999038106, -0.4344653779605142, 0.900148348784902]], "trans": [-406.3726537387552, 564.3962615905081, 310.09049905112033]}], "rb_4XMM.renamed.noAb_Nup120_2-711_3F7F_updated_1.pdb_45": [{"rot": [[-0.7876601196820217, 0.5341393450256539, 0.3070613879309258], [-0.6106174953615174, -0.7431778709367131, -0.27355607561960515], [0.08208416547013352, -0.40296626688289605, 0.9115263998006486]], "trans": [-199.78684868513838, 842.0192088556338, 292.31480276247026]}], "rb_4XMM.renamed.noAb_Nup120_2-711_3F7F_updated_1.pdb_46": [{"rot": [[-0.9872616439017308, -0.15322512298299312, 0.04285449996553378], [0.12807486230123033, -0.9251535937855558, -0.3573340979422321], [0.09439955575621212, -0.3472936647745168, 0.9329929443894591]], "trans": [142.04040402120643, 891.7082678819595, 264.86853167361744]}], "rb_4XMM.renamed.noAb_Nup120_2-711_3F7F_updated_1.pdb_47": [{"rot": [[-0.6077536262010487, -0.7677170849494486, -0.20309113056998385], [0.79178541482564, -0.5661922408072411, -0.22913359273371792], [0.06092115157202904, -0.30006136693415464, 0.9519725780529298]], "trans": [418.8637933199039, 684.3550040713113, 243.8541032820204]}], "rb_4XMM.renamed.noAb_Nup120_2-711_3F7F_updated_1.pdb_48": [{"rot": [[0.1285427855879161, -0.9493584852170994, -0.2866970854745304], [0.9917031622241222, 0.12342156606845822, 0.035943776427666246], [0.0012610741341778642, -0.28893871941209326, 0.9573467637781644]], "trans": [468.5181878892512, 341.4299998401656, 241.60607094410383]}], "rb_4XMM.renamed.noAb_Nup120_2-711_3F7F_updated_1.pdb_49": [{"rot": [[0.7902947716597812, -0.5917412303654122, -0.15898581752105834], [0.6107134692304079, 0.7397023352190799, 0.2826119490962765], [-0.04963096198715661, -0.3204415259560862, 0.945967227791302]], "trans": [261.91725660282555, 63.82367470486679, 259.46536860186177]}]}
