{"rb_ScNup133N_56-480_renamed_1.pdb_0": [{"rot": [[0.7863104640418741, -0.5471573978630125, -0.28694012633654015], [0.5870020185259209, 0.8064921882081157, 0.07070346954555821], [0.19272904395743506, -0.22402931130337023, 0.9553357437530487]], "trans": [323.9262864287355, -329.4640811474628, -58.775685595167886]}], "rb_ScNup133N_56-480_renamed_1.pdb_1": [{"rot": [[0.9750889363560834, 0.17623693086036252, -0.1346926516068389], [-0.12799316790209342, 0.9429833822736805, 0.3072459759314612], [0.18116101999698497, -0.28235241269840305, 0.9420497863048652]], "trans": [-319.50164915182086, -325.9640023807773, -7.4662862408486035]}], "rb_ScNup133N_56-480_renamed_1.pdb_2": [{"rot": [[0.6046290373866698, 0.7841534555409365, 0.13973934775887858], [-0.7672767105055162, 0.5263147146229246, 0.3664413605029089], [0.21379938415417032, -0.3287798341361543, 0.9198878431638824]], "trans": [-772.1728939197516, 132.9310615489117, 26.422912040453127]}], "rb_ScNup133N_56-480_renamed_1.pdb_3": [{"rot": [[-0.10804860056550836, 0.9204661043978312, 0.37558973704098375], [-0.9563472961293117, -0.19942343420612452, 0.21361213232302487], [0.2715241225047771, -0.3361137375117471, 0.9018326931054864]], "trans": [-768.9043366861877, 778.3940285663699, 23.063143959041838]}], "rb_ScNup133N_56-480_renamed_1.pdb_4": [{"rot": [[-0.7454473684333701, 0.5053210057223289, 0.43469403270753076], [-0.584444709819803, -0.809083423721512, -0.06171219184829743], [0.3205192694042092, -0.3000578188197216, 0.8984612976115006]], "trans": [-311.6088310259447, 1232.3037083601148, -15.553386069075259]}], "rb_ScNup133N_56-480_renamed_1.pdb_5": [{"rot": [[-0.9341700806772955, -0.2180839881355695, 0.2824281049864874], [0.1305652695364321, -0.9455178358592716, -0.29824274083852653], [0.332082776967208, -0.2417341436183198, 0.9117486676989791]], "trans": [331.8253813178414, 1228.7535271756653, -66.78056535916727]}], "rb_ScNup133N_56-480_renamed_1.pdb_6": [{"rot": [[-0.5636603114745502, -0.8259680317634938, 0.007991481286421909], [0.7698197143918023, -0.5288014682638928, -0.35741658396844567], [0.2994405794179122, -0.19530954320434324, 0.9339108746187581]], "trans": [784.4673796710504, 769.8233480036063, -100.58478507868381]}], "rb_ScNup133N_56-480_renamed_1.pdb_7": [{"rot": [[0.14903209218815155, -0.9622240812391912, -0.22784699467277347], [0.9588343574623598, 0.1969473552264684, -0.20456884958136007], [0.24171493633568464, -0.1879802030871653, 0.951964985070114]], "trans": [781.1550124854598, 124.36105751363561, -97.13905177524737]}], "rb_ScNup133C_490_881_renamed_relative_3CQC_1.pdb_7": [{"rot": [[0.9810802929379805, 0.1935571146386088, -0.004135478388698613], [-0.190104178945098, 0.9671804686831491, 0.1685892705525906], [0.03663140669339776, -0.16461343921630722, 0.985677713896912]], "trans": [-36.070719151608614, 60.81782325428031, 22.877119170123876]}], "rb_ScNup133C_490_881_renamed_relative_3CQC_1.pdb_8": [{"rot": [[0.5622317340553714, 0.815818740570406, 0.13540775367462252], [-0.8237426703667896, 0.5379994944109515, 0.17889817503415656], [0.07309918083044005, -0.21212337576909712, 0.9745050965563195]], "trans": [-297.9597570152923, 208.42029513110413, 43.07437968487642]}], "rb_ScNup133C_490_881_renamed_relative_3CQC_1.pdb_9": [{"rot": [[-0.1806952519110705, 0.9534587876351267, 0.24138261374454725], [-0.9744984897853924, -0.20675836587723673, 0.08719903408733483], [0.13304856009286317, -0.21947054112369901, 0.9665044036299506]], "trans": [-379.16640645594543, 498.52326401311245, 48.1768028427926]}], "rb_ScNup133C_490_881_renamed_relative_3CQC_1.pdb_10": [{"rot": [[-0.8124835613117015, 0.5258457755375937, 0.2517075345465868], [-0.5540567525284353, -0.830803456538765, -0.05278950256333895], [0.18136035282249213, -0.18235086222035563, 0.9663625538438428]], "trans": [-232.11675387821248, 761.1804370725436, 35.219322114985175]}], "rb_ScNup133C_490_881_renamed_relative_3CQC_1.pdb_11": [{"rot": [[-0.963022694284469, -0.2165185638919872, 0.160334031893523], [0.19128184349046096, -0.9685613644283311, -0.15906017630953334], [0.18973282964203267, -0.12250957034811805, 0.9741626448027795]], "trans": [57.04735417703262, 842.5236556602214, 11.816617313468555]}], "rb_ScNup133C_490_881_renamed_relative_3CQC_1.pdb_12": [{"rot": [[-0.5441247041321515, -0.8387467332785817, 0.020789992005908114], [0.824887439449223, -0.5393315647177269, -0.16935812805422792], [0.1532612755786749, -0.07500253804795845, 0.9853352732417334]], "trans": [318.931419336368, 694.9010321832817, -8.297672209704615]}], "rb_ScNup133C_490_881_renamed_relative_3CQC_1.pdb_13": [{"rot": [[0.19881406005236246, -0.9763286975783347, -0.0851777189791307], [0.9755849433963053, 0.20543707378240028, -0.07765067246426101], [0.09331124125164605, -0.06766005469046572, 0.9933353558871041]], "trans": [400.12197700339976, 404.7920977486866, -13.316307139190712]}], "rb_ScNup133C_490_881_renamed_relative_3CQC_1.pdb_14": [{"rot": [[0.8305695947732092, -0.5486670021987539, -0.0954917218218328], [0.5550936326847011, 0.8294485814008725, 0.06233866990064097], [0.045002302065203614, -0.10478345055547442, 0.9934763315240676]], "trans": [253.05836704918175, 142.14687347937718, -0.2752954693574452]}], "rb_ScNup84_506-726_ScNup133C_882_1155_renamed_relative_3CQC_new_1.pdb_14": [{"rot": [[0.9891134536738891, 0.14675329532919468, 0.010864900889271242], [-0.14715374398963782, 0.9861083570839525, 0.07704598444448872], [0.0005927825433113525, -0.07780603060952558, 0.996968339622501]], "trans": [-39.734573647436605, 70.1535309826221, 22.9948184448362]}], "rb_ScNup84_506-726_ScNup133C_882_1155_renamed_relative_3CQC_new_1.pdb_15": [{"rot": [[0.597493942980182, 0.7976976086990133, 0.08172828872471918], [-0.8011097002864893, 0.5893690759641608, 0.1042465366525079], [0.034989086997039696, -0.12775999911172245, 0.9911877452925286]], "trans": [-293.9733133548649, 217.6105043333852, 42.58301074463657]}], "rb_ScNup84_506-726_ScNup133C_882_1155_renamed_relative_3CQC_new_1.pdb_16": [{"rot": [[-0.14049377980875155, 0.9784947597387026, 0.15102815300118225], [-0.9855413609456389, -0.15280456509899554, 0.07320512789637339], [0.09470862526965308, -0.1385596263303468, 0.9858151481138474]], "trans": [-369.8709606002469, 502.1838554575618, 47.28917775555476]}], "rb_ScNup84_506-726_ScNup133C_882_1155_renamed_relative_3CQC_new_1.pdb_17": [{"rot": [[-0.792526101056263, 0.5832312281293831, 0.17816765609742208], [-0.5924060586665417, -0.8056367825223804, 0.002106253109292265], [0.14476684979556498, -0.10387833836598465, 0.9839978912673492]], "trans": [-222.96369013114847, 757.1666195775376, 34.38038538682662]}], "rb_ScNup84_506-726_ScNup133C_882_1155_renamed_relative_3CQC_new_1.pdb_18": [{"rot": [[-0.9766332933198304, -0.1565420360964101, 0.1472480944326677], [0.14799200326794504, -0.9866892584051093, -0.06739936436432886], [0.1558389468265303, -0.04403292271431969, 0.986800549437034]], "trans": [60.690060958383015, 833.1864150100364, 11.442791123212032]}], "rb_ScNup84_506-726_ScNup133C_882_1155_renamed_relative_3CQC_new_1.pdb_19": [{"rot": [[-0.5849627674600454, -0.8074554239521817, 0.07638258319595173], [0.8019172005639256, -0.5898988995351699, -0.09459435377923633], [0.12143872580524148, 0.00591833231554207, 0.99258128594962]], "trans": [314.9238391014731, 685.7098905067637, -8.062433994397963]}], "rb_ScNup84_506-726_ScNup133C_882_1155_renamed_relative_3CQC_new_1.pdb_20": [{"rot": [[0.15303935992001505, -0.9881946949532521, 0.007085138073450844], [0.986290932300133, 0.15228890711736698, -0.0635475068868267], [0.06171832124908595, 0.016713277214411716, 0.9979536638476496]], "trans": [390.80582570489236, 401.13099033591266, -12.684849167246568]}], "rb_ScNup84_506-726_ScNup133C_882_1155_renamed_relative_3CQC_new_1.pdb_21": [{"rot": [[0.8050410367711162, -0.5928802357234734, -0.020048820488097797], [0.5931044667558795, 0.805090079567372, 0.007553495642785367], [0.0116627882047638, -0.017971918948191643, 0.9997704684079288]], "trans": [243.8851964196097, 146.1601635752388, 0.30742649016116275]}], "rb_4XMM.renamed.noAb_Nup145c_149-550_Sec13_Nup84_7-436_3IKO_updated_1.pdb_21": [{"rot": [[0.9970620065488145, 0.005385537270919949, 0.07640910341807086], [-0.0032411834981615124, 0.9995981620774737, -0.028160417270811828], [-0.07653005831946794, 0.02783002622417959, 0.9966788047380051]], "trans": [-24.710618598050246, 8.248081001385742, 30.828733133693618]}], "rb_4XMM.renamed.noAb_Nup145c_149-550_Sec13_Nup84_7-436_3IKO_updated_1.pdb_22": [{"rot": [[0.7030612282604151, 0.7090745584288991, 0.054020180542244244], [-0.7093932145563662, 0.7046231539159281, -0.016354757930162306], [-0.049660612746325404, -0.026823153327496248, 0.9984059004168734]], "trans": [-326.8100326814915, 163.70005618440672, 54.1928180771576]}], "rb_4XMM.renamed.noAb_Nup145c_149-550_Sec13_Nup84_7-436_3IKO_updated_1.pdb_23": [{"rot": [[-0.002666963948553591, 0.9989145089505281, 0.046504742891663876], [-0.9999644105289335, -0.003036222525150789, 0.007871405738357009], [0.008004060145775288, -0.0464820950571337, 0.9988870556075296]], "trans": [-430.92708392015766, 487.87463554363256, 60.9555676466814]}], "rb_4XMM.renamed.noAb_Nup145c_149-550_Sec13_Nup84_7-436_3IKO_updated_1.pdb_24": [{"rot": [[-0.7066970443145668, 0.7051130590769352, 0.05826543980971064], [-0.7047340677612712, -0.7088231265293707, 0.030326045468819805], [0.0626831819047538, -0.019630313708432802, 0.997840402815]], "trans": [-276.06662230875247, 790.8658964240396, 47.179272690855385]}], "rb_4XMM.renamed.noAb_Nup145c_149-550_Sec13_Nup84_7-436_3IKO_updated_1.pdb_25": [{"rot": [[-0.9965982649350814, -0.00021675925548622762, 0.08241268921596615], [0.0033477162054914356, -0.9992776381357137, 0.03785491669670075], [0.08234495202858372, 0.03800203859442048, 0.9958790860029522]], "trans": [47.05382354751839, 895.1774028202863, 20.95828594174793]}], "rb_4XMM.renamed.noAb_Nup145c_149-550_Sec13_Nup84_7-436_3IKO_updated_1.pdb_26": [{"rot": [[-0.7025424031633893, -0.7038827933171649, 0.1048006919320293], [0.7094766483704708, -0.7042474090365705, 0.02604750049962288], [0.05547122834776673, 0.09265311725624717, 0.994152072214451]], "trans": [349.14765380702835, 739.7021202883905, -2.322763945914005]}], "rb_4XMM.renamed.noAb_Nup145c_149-550_Sec13_Nup84_7-436_3IKO_updated_1.pdb_27": [{"rot": [[0.0032084709870014994, -0.9936675586636894, 0.11231424029599205], [0.9999924438534786, 0.003434692635550851, 0.0018207477704027947], [-0.0021949828859706283, 0.11230754981674013, 0.9936710704776945]], "trans": [453.24595652001403, 415.5197783322001, -9.001504783948235]}], "rb_4XMM.renamed.noAb_Nup145c_149-550_Sec13_Nup84_7-436_3IKO_updated_1.pdb_28": [{"rot": [[0.707215544351466, -0.6998110537898742, 0.100551791735213], [0.7047068533878525, 0.7091985134034875, -0.0206329681449689], [-0.05687200203832665, 0.08545149255446344, 0.9947178583921994]], "trans": [298.36839151040385, 112.54108063585284, 4.858568881998167]}], "rb_4XMM.renamed.noAb_Seh1_Nup85_47_544_3F3F_1.pdb_28": [{"rot": [[0.672458554571055, -0.7090331100419288, 0.2123005917289661], [0.26570089995660884, 0.4989816330331246, 0.8248759674386423], [-0.6907984685466864, -0.4982864424804852, 0.5239352031441354]], "trans": [467.2738207242373, -94.07009178970532, 735.2389784125326]}], "rb_4XMM.renamed.noAb_Seh1_Nup85_47_544_3F3F_1.pdb_29": [{"rot": [[0.6503941031519928, -0.16073711391226997, 0.7423955083351871], [-0.32583685041284177, 0.8238299000660246, 0.46382609097617056], [-0.6861616846619653, -0.5435695686555212, 0.4834400340616157]], "trans": [-36.22934546222916, -214.80855225833267, 775.99998638618]}], "rb_4XMM.renamed.noAb_Seh1_Nup85_47_544_3F3F_1.pdb_30": [{"rot": [[0.21781536293864612, 0.45609241847183624, 0.862865095759707], [-0.7282957954337441, 0.6645025637628923, -0.16739646682670584], [-0.6497243277124745, -0.5919594990918263, 0.4769090578019235]], "trans": [-477.4974564426437, 57.015955943835976, 809.8904708852763]}], "rb_4XMM.renamed.noAb_Seh1_Nup85_47_544_3F3F_1.pdb_31": [{"rot": [[-0.3718669406917688, 0.7801080497433742, 0.5031365710680598], [-0.7059098104417291, 0.11433582424554439, -0.6990126313709968], [-0.6028319151659587, -0.6151087302417941, 0.5081682123447522]], "trans": [-598.0275175850517, 562.1649199815841, 817.0809131356059]}], "rb_4XMM.renamed.noAb_Seh1_Nup85_47_544_3F3F_1.pdb_32": [{"rot": [[-0.773208599752074, 0.6214968544830759, -0.12605602380318978], [-0.27179292108750736, -0.5043748851257295, -0.8195941576787367], [-0.5729546834751836, -0.599456116093614, 0.5589054442048338]], "trans": [-327.20940625910407, 1004.7150709163852, 793.3830555828768]}], "rb_4XMM.renamed.noAb_Seh1_Nup85_47_544_3F3F_1.pdb_33": [{"rot": [[-0.7510980114473499, 0.07317550729227738, -0.6561227951628755], [0.31974307779707783, -0.8291801069802347, -0.4585026874393307], [-0.5775951362335722, -0.5541711787171493, 0.5993981675635628]], "trans": [176.30972272435253, 1125.414407168684, 752.7034422224549]}], "rb_4XMM.renamed.noAb_Seh1_Nup85_47_544_3F3F_1.pdb_34": [{"rot": [[-0.3184878701657994, -0.5436416153136558, -0.776543154407018], [0.7221680574078524, -0.6698043626019745, 0.17272930469124648], [-0.6140348307848764, -0.5057824729451502, 0.6059251741299965]], "trans": [617.5631773263548, 853.5556724964226, 718.8967690446112]}], "rb_4XMM.renamed.noAb_Seh1_Nup85_47_544_3F3F_1.pdb_35": [{"rot": [[0.2711927035268535, -0.8676143457907399, -0.416773157163333], [0.6997357904966122, -0.1196122102457293, 0.7043172173518142], [-0.6609268802612489, -0.482636784899605, 0.5746628514267257]], "trans": [738.0603755066036, 348.39766367395015, 711.7914667722042]}], "rb_4XMM.renamed.noAb_Nup120_715-1036_Nup85_553-744_Nup145c_92-99_554-712_remaining_updated_1.pdb_35": [{"rot": [[0.9991374653379297, -0.03835185577912799, 0.015920443347923655], [0.039764476521075495, 0.9941170649844504, -0.1007474442043435], [-0.011962932964048352, 0.10129361413731588, 0.9947846460264145]], "trans": [14.426501289801081, 11.507080217288717, -45.31035798129636]}], "rb_4XMM.renamed.noAb_Nup120_715-1036_Nup85_553-744_Nup145c_92-99_554-712_remaining_updated_1.pdb_36": [{"rot": [[0.736127581675031, 0.6756554687865577, -0.040073320252859146], [-0.6767276164948737, 0.7358034465477814, -0.025159911000915698], [0.012486655694715004, 0.045639626940016186, 0.9988799266590247]], "trans": [-298.2717180437494, 134.03651825923052, -20.94129894181674]}], "rb_4XMM.renamed.noAb_Nup120_715-1036_Nup85_553-744_Nup145c_92-99_554-712_remaining_updated_1.pdb_37": [{"rot": [[0.045032662114453226, 0.9986366132814685, -0.02640026432829211], [-0.996590914074002, 0.04673771949957106, 0.0679862895084305], [0.06912748605316274, 0.023248659954879358, 0.9973368991881688]], "trans": [-433.09288807942806, 442.4591178457807, -11.654600163356292]}], "rb_4XMM.renamed.noAb_Nup120_715-1036_Nup85_553-744_Nup145c_92-99_554-712_remaining_updated_1.pdb_38": [{"rot": [[-0.6692941450268508, 0.741384669226349, 0.0489297421709249], [-0.7324449864219607, -0.6694156974285871, 0.12412479970389292], [0.12477856105160816, 0.04723765735443302, 0.9910594908629626]], "trans": [-311.0549530925736, 756.0966881756633, -22.8665358316037]}], "rb_4XMM.renamed.noAb_Nup120_715-1036_Nup85_553-744_Nup145c_92-99_554-712_remaining_updated_1.pdb_39": [{"rot": [[-0.9883901241175245, 0.05460145270109915, 0.14178731928445878], [-0.03903024241489541, -0.9931240348369993, 0.11036888875997593], [0.1468386962758044, 0.10355352621715531, 0.9837250959917684]], "trans": [-3.647542794104936, 891.216035055071, -47.98499104261998]}], "rb_4XMM.renamed.noAb_Nup120_715-1036_Nup85_553-744_Nup145c_92-99_554-712_remaining_updated_1.pdb_40": [{"rot": [[-0.7253243513529467, -0.6593857444104365, 0.19777518904736424], [0.6774411837599643, -0.7347543843842611, 0.03477696326597042], [0.12238475346351073, 0.15920563650951253, 0.9796303065050997]], "trans": [309.047660757914, 768.6624566944353, -72.27121566238696]}], "rb_4XMM.renamed.noAb_Nup120_715-1036_Nup85_553-744_Nup145c_92-99_554-712_remaining_updated_1.pdb_41": [{"rot": [[-0.03420446564600266, -0.9823131548208416, 0.18409486792356752], [0.9972502284022772, -0.04566333031765735, -0.05836816097758573], [0.06574219711476237, 0.1815921973274867, 0.9811739078207786]], "trans": [443.85131165960405, 460.2296840980509, -81.47399197169113]}], "rb_4XMM.renamed.noAb_Nup120_715-1036_Nup85_553-744_Nup145c_92-99_554-712_remaining_updated_1.pdb_42": [{"rot": [[0.6801017591657914, -0.7250053482352138, 0.10876048091991662], [0.7330482438530467, 0.6704698717067332, -0.1145007568425655], [0.010093035398700642, 0.15759884569340105, 0.9874516365233021]], "trans": [321.79544382054115, 146.60210115015275, -70.17819894820991]}], "rb_4XMM.renamed.noAb_Nup120_2-711_3F7F_updated_1.pdb_42": [{"rot": [[-0.7254123451912093, 0.6618259636442666, 0.189111933231429], [0.39311209575441086, 0.17282628951039125, 0.9031024049495419], [0.5650131057026602, 0.7294638219270434, -0.38554211557730783]], "trans": [589.2845311183928, -10.152374139113249, -351.6308758161209]}], "rb_4XMM.renamed.noAb_Nup120_2-711_3F7F_updated_1.pdb_43": [{"rot": [[-0.225965583879411, 0.6054577616582115, 0.7631254508597297], [0.8217582049997436, -0.30220911366975134, 0.48309740646224064], [0.5231185405026636, 0.7362679882099807, -0.42925102459934983]], "trans": [87.94394868253954, -304.0618652628006, -310.1996803218099]}], "rb_4XMM.renamed.noAb_Nup120_2-711_3F7F_updated_1.pdb_44": [{"rot": [[0.4294760656529012, 0.2307354465234439, 0.8731044970385458], [0.7704486617757882, -0.5979883832252236, -0.2209496619042008], [0.47112542767208215, 0.7675747828357251, -0.43459151413193464]], "trans": [-473.8615501284784, -156.17207386002798, -266.09861872075044]}], "rb_4XMM.renamed.noAb_Nup120_2-711_3F7F_updated_1.pdb_45": [{"rot": [[0.8569456433824403, -0.2428233659694457, 0.45462179581177603], [0.26924131996769757, -0.5412398525627289, -0.796598100437057], [0.4394920658099614, 0.8050442440867112, -0.3984350501059719]], "trans": [-767.0164693143702, 346.8811918145806, -245.13870982262483]}], "rb_4XMM.renamed.noAb_Nup120_2-711_3F7F_updated_1.pdb_46": [{"rot": [[0.8060254433541965, -0.5378012462828666, -0.24716958583585075], [-0.3882494925698296, -0.1652076110986393, -0.9066249372007976], [0.4467497243255338, 0.8267262332427076, -0.3419625989540134]], "trans": [-619.7846103924157, 910.4023524729731, -259.5745588934842]}], "rb_4XMM.renamed.noAb_Nup120_2-711_3F7F_updated_1.pdb_47": [{"rot": [[0.3065452367195357, -0.4813959929411047, -0.8211503612766734], [-0.8168563872318528, 0.3098233520627769, -0.48657489984082547], [0.4886467645273921, 0.8199191353400845, -0.2982565188224373]], "trans": [-118.4145589490434, 1204.272883348277, -300.9254371009608]}], "rb_4XMM.renamed.noAb_Nup120_2-711_3F7F_updated_1.pdb_48": [{"rot": [[-0.3488924288040446, -0.10665059866583604, -0.9310744991285247], [-0.7654954017681448, 0.6055732007649817, 0.21748077705186136], [0.5406393095170208, 0.7886106443102792, -0.29292044770805115]], "trans": [443.38595290175806, 1056.339400674434, -344.9434120425453]}], "rb_4XMM.renamed.noAb_Nup120_2-711_3F7F_updated_1.pdb_49": [{"rot": [[-0.7763229270817471, 0.3669038006664278, -0.5125468895074461], [-0.26425452565324026, 0.5487875035653565, 0.7930963507684828], [0.5722693933446108, 0.7511417156482748, -0.32908033130826453]], "trans": [736.5081772698359, 553.2635412590665, -365.81812844282445]}]}
