{"rb_ScNup133N_56-480_renamed_1.pdb_0": [{"rot": [[-0.6862932507560091, -0.5114751527776303, 0.5171022549340172], [0.43802834664441886, -0.8582268083002045, -0.26754048861956714], [0.5806313301077564, 0.04289421413127463, 0.8130358816751901]], "trans": [974.0986484372327, 183.1468667892585, -280.7749389700286]}], "rb_ScNup133N_56-480_renamed_1.pdb_1": [{"rot": [[-0.1662581653965352, -0.9667992637411069, 0.19405516243745558], [0.826848349618055, -0.2439121453407102, -0.5067826675106268], [0.5372895208105892, 0.07619743424119482, 0.8399487614385663]], "trans": [498.4295615369965, -434.5018597197212, -239.81477637729]}], "rb_ScNup133N_56-480_renamed_1.pdb_2": [{"rot": [[0.4756738090966548, -0.8558538112317146, -0.20309771328014295], [0.7327845054481484, 0.5132838877686476, -0.44672868626517603], [0.4865812325959429, 0.0636702784448615, 0.8713121138421995]], "trans": [-273.4184555665473, -533.6475042660222, -177.77008142987347]}], "rb_ScNup133N_56-480_renamed_1.pdb_3": [{"rot": [[0.8634498708246099, -0.2436322056603356, -0.4416986177678616], [0.2109407403496334, 0.9697851783683404, -0.12255901385793533], [0.4582120956868207, 0.012651331240663387, 0.8887528448247723]], "trans": [-889.2840380578378, -56.20903352565432, -130.96350635698724]}], "rb_ScNup133N_56-480_renamed_1.pdb_4": [{"rot": [[0.7699053351846239, 0.5112175041046777, -0.3819717769040417], [-0.43297951008569224, 0.8581668337568709, 0.2758231848225526], [0.46880115048941706, -0.04697178873202461, 0.8820539282623869]], "trans": [-988.3825306695005, 718.1234812544172, -126.79099790785051]}], "rb_ScNup133N_56-480_renamed_1.pdb_5": [{"rot": [[0.24983991013255286, 0.9664937147020727, -0.05890601621516514], [-0.8217586838772835, 0.24381645402629687, 0.5150400006002566], [0.5121451793946982, -0.0802710171072103, 0.855139683932012]], "trans": [-512.6587258016139, 1335.7352516227472, -167.6728654631499]}], "rb_ScNup133N_56-480_renamed_1.pdb_6": [{"rot": [[-0.3920847454136063, 0.8554892025693261, 0.3382421864599985], [-0.7276444592316758, -0.5133708460368569, 0.4549548498354953], [0.5628526391191427, -0.06773919638358974, 0.8237768556532259]], "trans": [259.20357728782955, 1434.8207109667856, -229.63592967347188]}], "rb_ScNup133N_56-480_renamed_1.pdb_7": [{"rot": [[-0.7798201170972705, 0.24323197607742222, 0.5768178142046806], [-0.20577027595683398, -0.9698240697146643, 0.13076646104689166], [0.591218384780989, -0.016717643839732232, 0.8063382304476207]], "trans": [875.0384715298238, 957.3343168929975, -276.357348944018]}], "rb_ScNup133C_490_881_renamed_relative_3CQC_1.pdb_7": [{"rot": [[0.8022845864517737, 0.32621851655534406, -0.4999209155439834], [-0.2839220262420189, 0.9452096590351872, 0.16114274256450062], [0.5250978245589389, 0.01265622072394798, 0.8509477626273271]], "trans": [182.29364140443465, 127.64444816697957, -251.33167879100108]}], "rb_ScNup133C_490_881_renamed_relative_3CQC_1.pdb_8": [{"rot": [[0.3789918342533288, 0.8978832362426149, -0.22398857927086993], [-0.7359372480490022, 0.4391795521518889, 0.5152840846617762], [0.5610361454517486, -0.030446921784504394, 0.8272311819863234]], "trans": [-101.46084567282998, 85.9838803976543, -228.47075252338686]}], "rb_ScNup133C_490_881_renamed_relative_3CQC_1.pdb_9": [{"rot": [[-0.23905376966235187, 0.9455622857200868, 0.22082857386221771], [-0.755165671622673, -0.32400561696709, 0.5698641667770042], [0.6103917624058284, -0.030533981030600676, 0.7915109426846395]], "trans": [-331.5446557593835, 257.82238836070394, -210.92648536157475]}], "rb_ScNup133C_490_881_renamed_relative_3CQC_1.pdb_10": [{"rot": [[-0.6897923960784478, 0.44132460552925884, 0.5739503836280575], [-0.33034301531280225, -0.8972612153409674, 0.29290920722792635], [0.644251459095279, 0.012446043519557776, 0.7647124645605756]], "trans": [-373.1695353855366, 542.4946679635909, -208.95255148193462]}], "rb_ScNup133C_490_881_renamed_relative_3CQC_1.pdb_11": [{"rot": [[-0.7091750022257772, -0.31944026152279087, 0.6285131148483033], [0.2896636188148333, -0.9447660305383889, -0.15333667361667783], [0.6427797477776974, 0.07331484746614184, 0.7625346739577503]], "trans": [-201.94912981622275, 773.2358007309815, -223.6813042824411]}], "rb_ScNup133C_490_881_renamed_relative_3CQC_1.pdb_12": [{"rot": [[-0.28584698412848825, -0.8910655295323463, 0.3525531502396244], [0.7416456023947239, -0.43869107199881063, -0.5074563466911193], [0.6068387776940519, 0.11641462720710699, 0.7862533513181456]], "trans": [81.81514649759953, 814.8744944329451, -246.46042779595604]}], "rb_ScNup133C_490_881_renamed_relative_3CQC_1.pdb_13": [{"rot": [[0.33220013628697204, -0.9386850565831313, -0.09226827189471365], [0.7608255164998012, 0.3244978139083666, -0.5620015144210002], [0.5574832758870205, 0.11649692406330153, 0.8219737610106916]], "trans": [311.892092754261, 643.0183319884703, -263.92158538143457]}], "rb_ScNup133C_490_881_renamed_relative_3CQC_1.pdb_14": [{"rot": [[0.7829056414168295, -0.4344026522934644, -0.44536849048636384], [0.3359674970105221, 0.8977138168554276, -0.2850188484632911], [0.5236263912277377, 0.07351352737598103, 0.8487703833797179]], "trans": [353.50130309093083, 358.3431933246004, -265.8117798217948]}], "rb_ScNup84_506-726_ScNup133C_882_1155_renamed_relative_3CQC_new_1.pdb_14": [{"rot": [[0.9721775627641365, 0.20540697275014547, 0.1126000088969914], [-0.23134512363675186, 0.9173425646023763, 0.32397847604158686], [-0.036745342935908636, -0.3410140682059232, 0.9393397601816749]], "trans": [-78.61696674846144, 67.76608638425861, 139.21754325080647]}], "rb_ScNup84_506-726_ScNup133C_882_1155_renamed_relative_3CQC_new_1.pdb_15": [{"rot": [[0.5253951895040745, 0.785597129846654, 0.32679817077620676], [-0.8508562509147604, 0.48424724289937776, 0.20383387359226346], [0.0018801928766697118, -0.3851516030358022, 0.9228514005806654]], "trans": [-320.9241905052311, 250.0195791483763, 157.68541835090411]}], "rb_ScNup84_506-726_ScNup133C_882_1155_renamed_relative_3CQC_new_1.pdb_16": [{"rot": [[-0.22733294900912104, 0.8907180394714812, 0.39362558917694235], [-0.9718115842170313, -0.2334337519191506, -0.03302920293513062], [0.06246579124927468, -0.3900385335130711, 0.9186772922515134]], "trans": [-363.8540464619186, 550.7241125550539, 159.68536243928193]}], "rb_ScNup84_506-726_ScNup133C_882_1155_renamed_relative_3CQC_new_1.pdb_17": [{"rot": [[-0.8450480957676676, 0.45918839056157723, 0.27393382013344775], [-0.5233537838248943, -0.8152727737864883, -0.24785302354146918], [0.10951955439829718, -0.3528120268584259, 0.9292626867083628]], "trans": [-182.25570634886316, 793.7228477959184, 144.0697849709433]}], "rb_ScNup84_506-726_ScNup133C_882_1155_renamed_relative_3CQC_new_1.pdb_18": [{"rot": [[-0.9658840080168394, -0.2561956639835858, 0.03783998960534579], [0.23180424753695061, -0.9204203197625408, -0.31479076509968845], [0.11547672441297943, -0.2952798955639017, 0.9484065106243298]], "trans": [117.48987499837517, 836.6638162798836, 120.01051630766972]}], "rb_ScNup84_506-726_ScNup133C_882_1155_renamed_relative_3CQC_new_1.pdb_19": [{"rot": [[-0.5190533045747087, -0.8363520580962828, -0.17634880756099106], [0.8512802873684927, -0.48727947483413797, -0.19462935478282764], [0.07684750710262342, -0.251145273344882, 0.9648940420215234]], "trans": [359.7894229531509, 654.3917099965668, 101.62582016928155]}], "rb_ScNup84_506-726_ScNup133C_882_1155_renamed_relative_3CQC_new_1.pdb_20": [{"rot": [[0.23368428816940545, -0.9414169959001387, -0.2431577539234827], [0.9721765369242531, 0.2304097467537478, 0.04223895896961066], [0.016261442639599735, -0.24626284419544175, 0.969066652533275]], "trans": [402.7023592391945, 353.68421563861284, 99.70971567904868]}], "rb_ScNup84_506-726_ScNup133C_882_1155_renamed_relative_3CQC_new_1.pdb_21": [{"rot": [[0.8513644747859435, -0.509841955414032, -0.12344922669683775], [0.5236702685773488, 0.8122148795769091, 0.2570533781182242], [-0.03078929815014339, -0.28349280395357407, 0.9584799680879921]], "trans": [221.09159404700353, 110.70014017176163, 115.40868876560953]}], "rb_4XMM.renamed.noAb_Nup145c_149-550_Sec13_Nup84_7-436_3IKO_updated_1.pdb_21": [{"rot": [[0.9986600533090537, -0.04053797348749897, 0.032167850880728634], [0.040769853049723935, 0.999146862604017, -0.00658528897269592], [-0.03187345301441121, 0.007887943589860771, 0.9994607862937201]], "trans": [7.000022951983965, -19.55801045164293, 14.114197417586638]}], "rb_4XMM.renamed.noAb_Nup145c_149-550_Sec13_Nup84_7-436_3IKO_updated_1.pdb_22": [{"rot": [[0.7361042928839701, 0.6758050551458774, 0.03792093665863527], [-0.6768270810673294, 0.735520625781239, 0.030240889276830496], [-0.007454685215981331, -0.04792636528730694, 0.9988230529872038]], "trans": [-324.26246284242313, 120.72711499899584, 39.876553641060525]}], "rb_4XMM.renamed.noAb_Nup145c_149-550_Sec13_Nup84_7-436_3IKO_updated_1.pdb_23": [{"rot": [[0.04455180953620508, 0.9966935680535594, 0.06794900784937352], [-0.9977934365316525, 0.04104299282249346, 0.052189373961827934], [0.04922798270703843, -0.0701242050995038, 0.9963228400361791]], "trans": [-459.69950158163545, 454.8684358698447, 49.08720724511414]}], "rb_4XMM.renamed.noAb_Nup145c_149-550_Sec13_Nup84_7-436_3IKO_updated_1.pdb_24": [{"rot": [[-0.6708762010991048, 0.7341465498461949, 0.10466119695360517], [-0.7341025966866331, -0.6774512467503616, 0.04640243328019087], [0.10496904465972538, -0.04570176829520358, 0.9934248074403595]], "trans": [-319.96825297071223, 787.1213717973155, 36.3744323794636]}], "rb_4XMM.renamed.noAb_Nup145c_149-550_Sec13_Nup84_7-436_3IKO_updated_1.pdb_25": [{"rot": [[-0.9910719228568454, 0.041967745702615106, 0.12655098595220496], [-0.040228373554325444, -0.99905803662677, 0.016270138679085906], [0.127114600601222, 0.011033937289275712, 0.9918266635566356]], "trans": [13.076660682725617, 922.8475849438788, 9.209556711719017]}], "rb_4XMM.renamed.noAb_Nup145c_149-550_Sec13_Nup84_7-436_3IKO_updated_1.pdb_26": [{"rot": [[-0.7284601871716553, -0.6743547411887325, 0.12079502780376816], [0.6773479293278184, -0.7353755846413941, -0.020555586798805817], [0.10269147160866077, 0.06684633534909737, 0.9924646236059209]], "trans": [344.3347463664755, 782.5368627038516, -16.46984766602111]}], "rb_4XMM.renamed.noAb_Nup145c_149-550_Sec13_Nup84_7-436_3IKO_updated_1.pdb_27": [{"rot": [[-0.03688265163339266, -0.9951890978598317, 0.09076524395065903], [0.998259995905568, -0.04087278908984093, -0.04250171392580608], [0.04600707101200287, 0.08903973614600523, 0.994964961596108]], "trans": [479.7522600872531, 448.3853213418056, -25.596418688488654]}], "rb_4XMM.renamed.noAb_Nup145c_149-550_Sec13_Nup84_7-436_3IKO_updated_1.pdb_28": [{"rot": [[0.6785248121963775, -0.7325860344083234, 0.054053505193981194], [0.7345130127175393, 0.6776008199043729, -0.03671189199052565], [-0.009732080069181068, 0.06461293256621946, 0.9978629442777794]], "trans": [340.00162625974656, 116.14376211953959, -12.799677464883928]}], "rb_4XMM.renamed.noAb_Seh1_Nup85_47_544_3F3F_1.pdb_28": [{"rot": [[0.6344732675011858, -0.7512355503711301, 0.18190332785563007], [0.26298037247446143, 0.4311031651633469, 0.8631288343459141], [-0.7268321653033534, -0.49979516688812453, 0.4710836386839491]], "trans": [515.4348449791783, -66.6848669639686, 769.7492563389437]}], "rb_4XMM.renamed.noAb_Seh1_Nup85_47_544_3F3F_1.pdb_29": [{"rot": [[0.6208344425870034, -0.2385396401106423, 0.7467686623001589], [-0.3030653860003898, 0.805488901499819, 0.5092533763943531], [-0.7229909866008831, -0.5424817689623304, 0.42778214506613216]], "trans": [17.902562489132492, -227.39885297123226, 810.2288477184445]}], "rb_4XMM.renamed.noAb_Seh1_Nup85_47_544_3F3F_1.pdb_30": [{"rot": [[0.21218484500973245, 0.3880262290651837, 0.8968908724620002], [-0.6934828512051914, 0.7064287147417299, -0.14156272840216272], [-0.6885195179749901, -0.5919409738696924, 0.4189830030224211]], "trans": [-447.3204329938297, 11.934694882867127, 846.1867687064287]}], "rb_4XMM.renamed.noAb_Seh1_Nup85_47_544_3F3F_1.pdb_31": [{"rot": [[-0.352082829010535, 0.7614109364143934, 0.5443262509051834], [-0.6795599671367111, 0.19195345904060168, -0.708062229346756], [-0.6436116317944296, -0.6191988820006884, 0.4498408740299251]], "trans": [-607.6980377322891, 511.1109264575524, 856.5823670826353]}], "rb_4XMM.renamed.noAb_Seh1_Nup85_47_544_3F3F_1.pdb_32": [{"rot": [[-0.7414126198585231, 0.6628804556474466, -0.10438787590114329], [-0.26945295559493043, -0.43655000671273914, -0.8583817311431212], [-0.6145750009849695, -0.6082874264356768, 0.5022787821564669]], "trans": [-369.27687620696565, 977.7054837066873, 835.3497596415323]}], "rb_4XMM.renamed.noAb_Seh1_Nup85_47_544_3F3F_1.pdb_33": [{"rot": [[-0.7277296465054296, 0.15015533167739936, -0.6692256256046464], [0.29659171355011305, -0.8108954903811186, -0.5044619501339724], [-0.6184196932912857, -0.5655986916961646, 0.5455778614470136]], "trans": [128.27448676149237, 1138.3808128056507, 794.951312103069]}], "rb_4XMM.renamed.noAb_Seh1_Nup85_47_544_3F3F_1.pdb_34": [{"rot": [[-0.31904958767142066, -0.4764028284498464, -0.8192970802167427], [0.6869770918834176, -0.7117861293602804, 0.14636591569661886], [-0.6528934337501764, -0.5161403405037176, 0.5543729007361449]], "trans": [593.4853606112082, 899.0111572413095, 759.077009554574]}], "rb_4XMM.renamed.noAb_Seh1_Nup85_47_544_3F3F_1.pdb_35": [{"rot": [[0.245217015789711, -0.8497474200616926, -0.4666882656181567], [0.6730099203434992, -0.19728158477822244, 0.7128377258721841], [-0.6978010191210834, -0.4888857723496232, 0.5235116419982339]], "trans": [753.8305693069613, 399.822753150578, 748.7665291578082]}], "rb_4XMM.renamed.noAb_Nup120_715-1036_Nup85_553-744_Nup145c_92-99_554-712_remaining_updated_1.pdb_35": [{"rot": [[0.9961353127195949, -0.04537704776543474, 0.07520214284930754], [0.03670617126297949, 0.9929259792104776, 0.11291880622875115], [-0.07979408339123284, -0.10972202761983067, 0.9907542484949259]], "trans": [1.620112894921931, -50.91212700449228, 104.86676170453029]}], "rb_4XMM.renamed.noAb_Nup120_715-1036_Nup85_553-744_Nup145c_92-99_554-712_remaining_updated_1.pdb_36": [{"rot": [[0.7305022009182169, 0.6656637403119122, 0.15250678439858173], [-0.6806813510903503, 0.7277580112814488, 0.08391171130113596], [-0.055131050520153026, -0.16510621384316526, 0.9847337231043318]], "trans": [-348.3867457446254, 107.57546064524378, 132.0345969357266]}], "rb_4XMM.renamed.noAb_Nup120_715-1036_Nup85_553-744_Nup145c_92-99_554-712_remaining_updated_1.pdb_37": [{"rot": [[0.03692051587433448, 0.9817148707268846, 0.18674257174321118], [-0.9993167559130278, 0.035951822934354116, 0.008572501336124708], [0.0017020161673818451, -0.18693148215694488, 0.9823714796957272]], "trans": [-484.25212574811525, 467.8790513236378, 141.15210019427644]}], "rb_4XMM.renamed.noAb_Nup120_715-1036_Nup85_553-744_Nup145c_92-99_554-712_remaining_updated_1.pdb_38": [{"rot": [[-0.6782998118115865, 0.7176291349614526, 0.15785369793211046], [-0.7325389303007205, -0.6772227662298222, -0.06896405218591847], [0.057411504859573505, -0.16241228264667432, 0.9850513537655051]], "trans": [-326.38225846838156, 818.9278381258372, 126.90211441571194]}], "rb_4XMM.renamed.noAb_Nup120_715-1036_Nup85_553-744_Nup145c_92-99_554-712_remaining_updated_1.pdb_39": [{"rot": [[-0.9961726295745136, 0.028111680635881032, 0.08276367257694311], [-0.03663008606445955, -0.9939780261169989, -0.10327594294637604], [0.07936201157674558, -0.10591230810618313, 0.9912034372973652]], "trans": [32.74237521624258, 955.0726087503991, 97.65648709510202]}], "rb_4XMM.renamed.noAb_Nup120_715-1036_Nup85_553-744_Nup145c_92-99_554-712_remaining_updated_1.pdb_40": [{"rot": [[-0.7304835587621938, -0.6829084453098043, 0.005461291300123662], [0.6807365635274497, -0.7287542592361037, -0.07426278154011226], [0.05469461998183395, -0.05053004027093205, 0.9972237530139658]], "trans": [382.7434145752332, 796.557953719369, 70.57172398139187]}], "rb_4XMM.renamed.noAb_Nup120_715-1036_Nup85_553-744_Nup145c_92-99_554-712_remaining_updated_1.pdb_41": [{"rot": [[-0.0368770032723823, -0.9989056277128454, -0.02876862098281109], [0.9993175202743079, -0.03692328788107768, 0.001079112995507706], [-0.002140164118640665, -0.028709192528787626, 0.9995855150820703]], "trans": [518.5872290767027, 436.2441098017398, 61.538466102939424]}], "rb_4XMM.renamed.noAb_Nup120_715-1036_Nup85_553-744_Nup145c_92-99_554-712_remaining_updated_1.pdb_42": [{"rot": [[0.6783225368365569, -0.7347642615612691, 0.00012630098524522154], [0.7324835677223154, 0.6762305501116086, 0.07861339652080475], [-0.057847722828164416, -0.05323272516105122, 0.9969051699813387]], "trans": [360.69651012716946, 85.20812398483724, 75.8725281950646]}], "rb_4XMM.renamed.noAb_Nup120_2-711_3F7F_updated_1.pdb_42": [{"rot": [[0.9942918865917704, 0.10652920206308661, 0.005930713749646661], [-0.10272292662564947, 0.940779238079407, 0.32308269149583363], [0.028838248962785883, -0.321847719125882, 0.9463521549033572]], "trans": [-61.4194470346697, 0.7604835103453524, 189.5892636467224]}], "rb_4XMM.renamed.noAb_Nup120_2-711_3F7F_updated_1.pdb_43": [{"rot": [[0.6330468028640921, 0.7324000353126953, 0.25068293451592183], [-0.771715334319346, 0.5716087595720702, 0.2787810408848838], [0.060886682944066225, -0.3699373112494088, 0.927059435843046]], "trans": [-354.97460293063705, 193.42110500621388, 212.09128067185182]}], "rb_4XMM.renamed.noAb_Nup120_2-711_3F7F_updated_1.pdb_44": [{"rot": [[-0.09405416992236837, 0.9148941199356466, 0.39258446534139946], [-0.9883213022966058, -0.1332927154528183, 0.0738515770580083], [0.11989502302829405, -0.3810535412699798, 0.9167460837869188]], "trans": [-426.8196024229856, 537.8345731219933, 216.18327613673142]}], "rb_4XMM.renamed.noAb_Nup120_2-711_3F7F_updated_1.pdb_45": [{"rot": [[-0.7610650297855862, 0.5471038479932226, 0.34850738865693], [-0.6256500003722014, -0.7609839638148806, -0.17165513056956927], [0.17129535157653342, -0.34868436490270127, 0.9214538057877186]], "trans": [-234.8647184553409, 832.2387388007389, 199.49210630208574]}], "rb_4XMM.renamed.noAb_Nup120_2-711_3F7F_updated_1.pdb_46": [{"rot": [[-0.9772414101645646, -0.15551405336786994, 0.14427267747105715], [0.10384060912119342, -0.9437546017770193, -0.3139177910250364], [0.18497663138059334, -0.29179210206891176, 0.9384247519184972]], "trans": [108.44208471945046, 904.1676074842851, 171.81969870373092]}], "rb_4XMM.renamed.noAb_Nup120_2-711_3F7F_updated_1.pdb_47": [{"rot": [[-0.6159441393463344, -0.7813561106178941, -0.10047609469410718], [0.7728046413247542, -0.5745350125550178, -0.2695969319100681], [0.15292417582521012, -0.24370504251755093, 0.9577171026455032]], "trans": [401.98875451493456, 711.4843504959412, 149.4009447949171]}], "rb_4XMM.renamed.noAb_Nup120_2-711_3F7F_updated_1.pdb_48": [{"rot": [[0.11117374713226585, -0.9637952222467787, -0.24236164614652222], [0.9893535337807815, 0.13038076248866665, -0.06465633741832641], [0.09391476531435063, -0.2325932637613458, 0.968029126890712]], "trans": [473.81342609613716, 367.0656534085824, 145.39307162104402]}], "rb_4XMM.renamed.noAb_Nup120_2-711_3F7F_updated_1.pdb_49": [{"rot": [[0.7781563390098737, -0.5959559842708491, -0.1982654202590878], [0.6266298919491506, 0.7580431230210162, 0.18084690253454416], [0.04251694455796462, -0.26496620247176167, 0.9633198954517378]], "trans": [281.84210746218366, 72.67696207479196, 162.16795269956486]}]}
