{"rb_ScNup133N_56-480_renamed_1.pdb_0": [{"rot": [[-0.7133120323233015, -0.04973165732723096, 0.6990799001561174], [0.11290642545985353, -0.9926044819314368, 0.0445923932919227], [0.6916921885005489, 0.11073890332267992, 0.7136517439607433]], "trans": [851.1060653483836, 315.5105424422135, -332.59293467663184]}], "rb_ScNup133N_56-480_renamed_1.pdb_1": [{"rot": [[-0.41242493862894275, -0.7328435429357943, 0.5411524845865756], [0.6223935634543908, -0.6604429275047358, -0.42004927291868777], [0.6652307285201555, 0.1635710276494143, 0.7285002379864103]], "trans": [503.525581055785, -257.2114655207782, -302.0608165415058]}], "rb_ScNup133N_56-480_renamed_1.pdb_2": [{"rot": [[0.15954660443896634, -0.9819153678676247, 0.1019170807930721], [0.769073318126452, 0.05890413632573771, -0.6364405188779909], [0.6189273885989885, 0.17992363121364713, 0.7645628650234919]], "trans": [-146.04832423248962, -415.4623041377855, -249.47455075272103]}], "rb_ScNup133N_56-480_renamed_1.pdb_3": [{"rot": [[0.6675336021524871, -0.6510373451649245, -0.3613160184629651], [0.4670186210046035, 0.7440330567744922, -0.4778163015864588], [0.5799073181399604, 0.15021712827574032, 0.8007136296706248]], "trans": [-717.0841844672407, -66.53628401496235, -205.61590837450854]}], "rb_ScNup133N_56-480_renamed_1.pdb_4": [{"rot": [[0.8139501086343721, 0.06595751409294444, -0.5771783320506502], [-0.10682262736594682, 0.9935856519248694, -0.03710092413493503], [0.5710290246009634, 0.0918540071184114, 0.8157749042717366]], "trans": [-875.0592277780582, 585.1609291980375, -196.1538956176965]}], "rb_ScNup133N_56-480_renamed_1.pdb_5": [{"rot": [[0.5130232699147913, 0.7490435117252067, -0.4192146730116955], [-0.6162861325281282, 0.6613704928461867, 0.42752833127865564], [0.5974935375210806, 0.0390242070356317, 0.800923581801524]], "trans": [-527.4275330060908, 1157.8560358655113, -226.60748806841826]}], "rb_ScNup133N_56-480_renamed_1.pdb_6": [{"rot": [[-0.058959728815899004, 0.998059238806317, 0.020037619901286607], [-0.7629209897225127, -0.05799609603952077, 0.6438850955605309], [0.6437975720820752, 0.022676169816075065, 0.7648597763666849]], "trans": [122.16526478361067, 1316.0562842958295, -279.11253697220144]}], "rb_ScNup133N_56-480_renamed_1.pdb_7": [{"rot": [[-0.566923181940978, 0.6671277712904086, 0.4832583600425413], [-0.46082643205314283, -0.7430990238941019, 0.4852245255639914], [0.6828155719512292, 0.0523868061702821, 0.7287101736906042]], "trans": [693.1804587266539, 967.0858551301877, -322.88683945883315]}], "rb_ScNup133C_490_881_renamed_relative_3CQC_1.pdb_7": [{"rot": [[0.8322220953591688, 0.35697851704977573, -0.4242319204879992], [-0.2763315380524421, 0.9304010457252678, 0.24082104391206816], [0.48067376158218256, -0.08318793469169367, 0.8729447304658893]], "trans": [135.68309641112575, 99.1773441130297, -209.9706444459352]}], "rb_ScNup133C_490_881_renamed_relative_3CQC_1.pdb_8": [{"rot": [[0.4046887878594977, 0.9073556294852843, -0.11372223451098729], [-0.7542276786164972, 0.4015093047925543, 0.5195487339737896], [0.5170760038810333, -0.12448309044348688, 0.8468390439771057]], "trans": [-153.75636621082253, 101.08658533733521, -186.86857812046935]}], "rb_ScNup133C_490_881_renamed_relative_3CQC_1.pdb_9": [{"rot": [[-0.23459973233144316, 0.9238615265431985, 0.3023951807871347], [-0.7887411839337576, -0.36273444650481135, 0.49629735651685725], [0.5681991819395621, -0.1220803059142499, 0.8137850382939549]], "trans": [-357.1494631059318, 307.75375326628773, -171.62118394691868]}], "rb_ScNup133C_490_881_renamed_relative_3CQC_1.pdb_10": [{"rot": [[-0.7111392361176659, 0.39682682099384403, 0.5803528762691712], [-0.3596535559489472, -0.9146254428199386, 0.18468789629996407], [0.604094617214272, -0.07738716616047175, 0.7931462160071063]], "trans": [-355.3437369311174, 598.1104237152186, -173.13659551921984]}], "rb_ScNup133C_490_881_renamed_relative_3CQC_1.pdb_11": [{"rot": [[-0.7457661629741981, -0.36500412546261923, 0.557319314718239], [0.28166962272887736, -0.9308581568483784, -0.23273443118844472], [0.6037342575956005, -0.01658554262318611, 0.7970130902195902]], "trans": [-149.39509420106077, 802.06168190127, -190.50305846982934]}], "rb_ScNup133C_490_881_renamed_relative_3CQC_1.pdb_12": [{"rot": [[-0.31819557090881456, -0.9153400025756498, 0.24678788126409226], [0.7595321913734271, -0.40192323583100287, -0.5114377408508417], [0.5673292068292362, 0.024706116326573213, 0.823120391494807]], "trans": [140.05075963637216, 800.1301218614922, -213.52304903396612]}], "rb_ScNup133C_490_881_renamed_relative_3CQC_1.pdb_13": [{"rot": [[0.32109565850123434, -0.9317862937965677, -0.16932773188261827], [0.7939955194105073, 0.36232178551782246, -0.48815370417032866], [0.5162060569653308, 0.022298574663645904, 0.8561740946327867]], "trans": [343.43427555593837, 593.447395497363, -228.68712725610516]}], "rb_ScNup133C_490_881_renamed_relative_3CQC_1.pdb_14": [{"rot": [[0.7976017090612086, -0.40470852983545264, -0.44726113131040446], [0.36487050334307064, 0.9141713978371562, -0.17652243813926724], [0.48031347003057345, -0.0223977957594875, 0.8768108742780867]], "trans": [341.61243556364445, 303.09127493461096, -227.0879573990279]}], "rb_ScNup84_506-726_ScNup133C_882_1155_renamed_relative_3CQC_new_1.pdb_14": [{"rot": [[0.9786357630230568, 0.18623404459014378, 0.08711443030793574], [-0.20114538719438804, 0.9549728498059741, 0.21809949413943328], [-0.04257436485374229, -0.2309626306765952, 0.9720307025440337]], "trans": [-69.02750384579315, 69.27743159209425, 101.0587367029629]}], "rb_ScNup84_506-726_ScNup133C_882_1155_renamed_relative_3CQC_new_1.pdb_15": [{"rot": [[0.5511489464617854, 0.8007092054004296, 0.2347330551947836], [-0.8343892751850851, 0.530706867807706, 0.14881114849984506], [-0.005419988023320707, -0.2778758515034139, 0.9606017046003406]], "trans": [-313.8146966309745, 242.1320292216808, 119.77001075372209]}], "rb_ScNup84_506-726_ScNup133C_882_1155_renamed_relative_3CQC_new_1.pdb_16": [{"rot": [[-0.19761029856082268, 0.9363059152897957, 0.29031259513848223], [-0.9787385906816957, -0.20505361238795206, -0.004877207916359566], [0.05496308773268109, -0.2851039267354789, 0.9569194375426283]], "trans": [-365.1240188183914, 537.9524175983647, 122.46161385854748]}], "rb_ScNup84_506-726_ScNup133C_882_1155_renamed_relative_3CQC_new_1.pdb_17": [{"rot": [[-0.8290082488051689, 0.5135897096914427, 0.22129377196849984], [-0.5496314693409575, -0.821289727259613, -0.15293276891474258], [0.10320160523502911, -0.24841254798598575, 0.9631410253332702]], "trans": [-192.8958326699481, 783.4429589387886, 107.58077186821515]}], "rb_ScNup84_506-726_ScNup133C_882_1155_renamed_relative_3CQC_new_1.pdb_18": [{"rot": [[-0.9731630823070168, -0.2198062978566155, 0.06810878546321883], [0.20155508674531422, -0.9570016717862383, -0.20862249927904106], [0.11103676076775115, -0.18929604227482796, 0.9756217741201204]], "trans": [101.9780752904361, 834.7919495042783, 83.86889674172028]}], "rb_ScNup84_506-726_ScNup133C_882_1155_renamed_relative_3CQC_new_1.pdb_19": [{"rot": [[-0.5456268650178315, -0.8342483852490199, -0.07950443937425748], [0.8347654012913408, -0.5326874753257128, -0.13932256973665083], [0.07387860974408554, -0.14238569219033217, 0.9870502852852838]], "trans": [346.7583253967296, 661.9185433959822, 65.24074416678945]}], "rb_ScNup84_506-726_ScNup133C_882_1155_renamed_relative_3CQC_new_1.pdb_20": [{"rot": [[0.20314365871371792, -0.9697877140578679, -0.1350719940876653], [0.9790559437706248, 0.20308362300521693, 0.014370143857489213], [0.013494920963625125, -0.13516224224793227, 0.9907315758462005]], "trans": [398.0511090744036, 366.0945362223464, 62.632953479955006]}], "rb_ScNup84_506-726_ScNup133C_882_1155_renamed_relative_3CQC_new_1.pdb_21": [{"rot": [[0.8345081584213059, -0.5470234343624004, -0.0660416216233689], [0.549899279902153, 0.8192865394318065, 0.1624202828126703], [-0.03474068927602462, -0.17185729127453025, 0.9845090938860885]], "trans": [225.81030375608992, 120.61791929936692, 77.59721013659976]}], "rb_4XMM.renamed.noAb_Nup145c_149-550_Sec13_Nup84_7-436_3IKO_updated_1.pdb_21": [{"rot": [[0.9986133860235268, -0.03098720573308925, -0.04255700101606177], [0.03061519700656565, 0.9994873655170627, -0.00936567584370676], [0.04282540095404893, 0.008049798296567415, 0.9990501417749303]], "trans": [26.71817085313154, -13.739020551676049, -26.021265109892454]}], "rb_4XMM.renamed.noAb_Nup145c_149-550_Sec13_Nup84_7-436_3IKO_updated_1.pdb_22": [{"rot": [[0.7303890039535119, 0.6828192464659671, -0.017022912777895725], [-0.6796719572402282, 0.7290396816979237, 0.08091460344725096], [0.06766042746711314, -0.04752914017144899, 0.9965756606447544]], "trans": [-306.9745502101175, 108.63331470967407, 0.021950095398608482]}], "rb_4XMM.renamed.noAb_Nup145c_149-550_Sec13_Nup84_7-436_3IKO_updated_1.pdb_23": [{"rot": [[0.039979344660472094, 0.9971050773034927, 0.06467701922718197], [-0.991450552483561, 0.03153984929433279, 0.12661374288176927], [0.12420730244457923, -0.06918600091120217, 0.98984132228219]], "trans": [-456.75726412474415, 431.8374238269159, 10.429257539680123]}], "rb_4XMM.renamed.noAb_Nup145c_149-550_Sec13_Nup84_7-436_3IKO_updated_1.pdb_24": [{"rot": [[-0.6681638786655342, 0.7277572156446501, 0.15468182286155555], [-0.7220762915516954, -0.6844068951240497, 0.10096054222124135], [0.1793400692137104, -0.04423388953960828, 0.982792197054198]], "trans": [-334.88323180402995, 766.5358992964104, -0.8720853197561951]}], "rb_4XMM.renamed.noAb_Nup145c_149-550_Sec13_Nup84_7-436_3IKO_updated_1.pdb_25": [{"rot": [[-0.9792003809806836, 0.03256343665403896, 0.20026541508847773], [-0.029352414675597648, -0.999388853827839, 0.018983008122733736], [0.20076117562913814, 0.012709895277082613, 0.9795577619120016]], "trans": [-12.746066466041214, 916.6577717348027, -27.23758758573183]}], "rb_4XMM.renamed.noAb_Nup145c_149-550_Sec13_Nup84_7-436_3IKO_updated_1.pdb_26": [{"rot": [[-0.7109205936140792, -0.6812219417033568, 0.1747242848527671], [0.6809136636640502, -0.7288851541627378, -0.07129526405561698], [0.17592183551510443, 0.06828688148588707, 0.9820327945674352]], "trans": [320.9436516394605, 794.2596483444606, -53.19796137606977]}], "rb_4XMM.renamed.noAb_Nup145c_149-550_Sec13_Nup84_7-436_3IKO_updated_1.pdb_27": [{"rot": [[-0.02048659875007991, -0.9954533804119404, 0.09302078637643929], [0.9926380600241781, -0.031360677494727984, -0.11698798954809528], [0.11937328454510585, 0.08993928693018194, 0.9887673859929853]], "trans": [470.70769396051134, 471.0441924161663, -63.52124878193297]}], "rb_4XMM.renamed.noAb_Nup145c_149-550_Sec13_Nup84_7-436_3IKO_updated_1.pdb_28": [{"rot": [[0.6876356343006564, -0.7260496720129377, 0.0030179810862556097], [0.7232082277030345, 0.68456490264895, -0.09132772549377793], [0.06424246121193622, 0.0649828272017825, 0.995816317573825]], "trans": [348.8140861717064, 136.35569216582223, -52.135917581427805]}], "rb_4XMM.renamed.noAb_Seh1_Nup85_47_544_3F3F_1.pdb_28": [{"rot": [[0.6699065842930824, -0.7080147489447585, 0.2234732279210725], [0.22883529598951546, 0.48324455287483725, 0.8450497674256748], [-0.7062999190359318, -0.5149658409967469, 0.4857474724343369]], "trans": [464.6586384064459, -74.66114469655918, 761.7586480718023]}], "rb_4XMM.renamed.noAb_Seh1_Nup85_47_544_3F3F_1.pdb_29": [{"rot": [[0.6222885867491128, -0.17143936877062538, 0.7637836458299685], [-0.3509988468378341, 0.8110237899827437, 0.46801733044892085], [-0.6996833028737357, -0.5593290220590679, 0.4445158273471758]], "trans": [-23.875983626982475, -197.71389250376754, 801.3378304913865]}], "rb_4XMM.renamed.noAb_Seh1_Nup85_47_544_3F3F_1.pdb_30": [{"rot": [[0.1798839253790985, 0.4391654164217913, 0.8802133323287478], [-0.7270589193655423, 0.6620821972140754, -0.18174843026334145], [-0.6625912021459488, -0.6072733331468241, 0.43839707764483293]], "trans": [-456.1871768142343, 61.856821795223844, 834.5740136744403]}], "rb_4XMM.renamed.noAb_Seh1_Nup85_47_544_3F3F_1.pdb_31": [{"rot": [[-0.3981405112806812, 0.766098713939303, 0.5045561354078459], [-0.6790436286598551, 0.12367185968917682, -0.7236055703886435], [-0.616752692457529, -0.6307123208100214, 0.4709756731773118]], "trans": [-579.0190352591301, 551.9909306121735, 842.0209777833345]}], "rb_4XMM.renamed.noAb_Seh1_Nup85_47_544_3F3F_1.pdb_32": [{"rot": [[-0.7731698580903701, 0.6178383883366562, -0.14312266220999603], [-0.2350810090317631, -0.48879885528410777, -0.8401265370559071], [-0.5890206191069388, -0.6159150955858329, 0.5231666133234893]], "trans": [-320.41301101618177, 985.5610789063575, 819.3401911420713]}], "rb_4XMM.renamed.noAb_Seh1_Nup85_47_544_3F3F_1.pdb_33": [{"rot": [[-0.7255066357750628, 0.08123742882247267, -0.6834036886091998], [0.3447493770676606, -0.8165359670373469, -0.4630517050458197], [-0.5956408216851884, -0.5715500806514636, 0.5643957094534783]], "trans": [168.1377539074129, 1108.5758772631311, 779.8423832653809]}], "rb_4XMM.renamed.noAb_Seh1_Nup85_47_544_3F3F_1.pdb_34": [{"rot": [[-0.28307263201850097, -0.5293557564463098, -0.7997827005626401], [0.7207747138529299, -0.6675464544122177, 0.18672317229497823], [-0.6327350921770829, -0.523606927302178, 0.570510375724076]], "trans": [600.4352461928913, 848.9716390916194, 746.6899318277061]}], "rb_4XMM.renamed.noAb_Seh1_Nup85_47_544_3F3F_1.pdb_35": [{"rot": [[0.2949480754592686, -0.8562470701753263, -0.4240832319239227], [0.6727140570779852, -0.1291104746566488, 0.7285508099944769], [-0.6785730838992563, -0.5001714107684494, 0.5379285544171718]], "trans": [723.2354128040424, 358.82830432763177, 739.3280152319887]}], "rb_4XMM.renamed.noAb_Nup120_715-1036_Nup85_553-744_Nup145c_92-99_554-712_remaining_updated_1.pdb_35": [{"rot": [[0.9975449089621358, -0.06185588752717723, 0.03283296791259304], [0.05876376777973072, 0.9943860921227909, 0.08799499638669443], [-0.03809165525484611, -0.08584957175775361, 0.9955796687502996]], "trans": [23.312595878975912, -55.292794140153205, 67.2364499422956]}], "rb_4XMM.renamed.noAb_Nup120_715-1036_Nup85_553-744_Nup145c_92-99_554-712_remaining_updated_1.pdb_36": [{"rot": [[0.7478763160017379, 0.6554824978018133, 0.10499386191185034], [-0.6636758364901213, 0.7417791812983763, 0.0964262943986168], [-0.014676512624148777, -0.14179683095121207, 0.9897869764294673]], "trans": [-336.84027222914506, 87.02233894543946, 95.29167158077894]}], "rb_4XMM.renamed.noAb_Nup120_715-1036_Nup85_553-744_Nup145c_92-99_554-712_remaining_updated_1.pdb_37": [{"rot": [[0.062026214199198126, 0.9848425433128744, 0.16198121382785124], [-0.9972066615988401, 0.05438416269875984, 0.051198016665209393], [0.04161277225818329, -0.16470436463124982, 0.9854647885421399]], "trans": [-491.28245491186163, 443.09204349010867, 105.91046089642523]}], "rb_4XMM.renamed.noAb_Nup120_715-1036_Nup85_553-744_Nup145c_92-99_554-712_remaining_updated_1.pdb_38": [{"rot": [[-0.6582247363231195, 0.7332804903689849, 0.1704110293865404], [-0.7464416474131046, -0.6651132695106403, -0.02119447399858166], [0.09780114262916306, -0.14115261657187586, 0.9851451036955636]], "trans": [-349.53763057959947, 804.3257827839326, 92.89618628438603]}], "rb_4XMM.renamed.noAb_Nup120_715-1036_Nup85_553-744_Nup145c_92-99_554-712_remaining_updated_1.pdb_39": [{"rot": [[-0.9909433732108394, 0.048164936609621845, 0.12534500377323837], [-0.05828247502961845, -0.9952213746277635, -0.07834263582778922], [0.1209726588694484, -0.08493853286591904, 0.9890151977804184]], "trans": [5.3599974110433095, 959.1078557480441, 63.89679821485254]}], "rb_4XMM.renamed.noAb_Nup120_715-1036_Nup85_553-744_Nup145c_92-99_554-712_remaining_updated_1.pdb_40": [{"rot": [[-0.7412184276423555, -0.6691537664436716, 0.053183450223178594], [0.6641375093250411, -0.7425581701507175, -0.08676826983378172], [0.09755312004710116, -0.02899311636690919, 0.9948079151134703]], "trans": [365.50830786585715, 816.7648584080182, 35.924552011515686]}], "rb_4XMM.renamed.noAb_Nup120_715-1036_Nup85_553-744_Nup145c_92-99_554-712_remaining_updated_1.pdb_41": [{"rot": [[-0.05534229385341788, -0.9984602083485634, -0.0038003757161088475], [0.9976144926941355, -0.055137323813338524, -0.041535520814409296], [0.0412620222197498, -0.006089980890338836, 0.9991298002037026]], "trans": [519.9292557684985, 460.68344243708344, 25.389988810148225]}], "rb_4XMM.renamed.noAb_Nup120_715-1036_Nup85_553-744_Nup145c_92-99_554-712_remaining_updated_1.pdb_42": [{"rot": [[0.6648891181289274, -0.7468420322163375, -0.012224545337443677], [0.746792956194584, 0.6643403399660033, 0.030857629073018547], [-0.014924515800863965, -0.02964610613259315, 0.9994490318266778]], "trans": [378.1627858414987, 99.46123885415852, 38.488409172639024]}], "rb_4XMM.renamed.noAb_Nup120_2-711_3F7F_updated_1.pdb_42": [{"rot": [[0.963774475992429, 0.22807037592473445, 0.13828471734457856], [-0.2639622133706564, 0.8899489696136428, 0.37190695260519174], [-0.03824538322443302, -0.39493636843062024, 0.917912063082761]], "trans": [-151.84739332706806, 114.27861648687491, 284.5080173351837]}], "rb_4XMM.renamed.noAb_Nup120_2-711_3F7F_updated_1.pdb_43": [{"rot": [[0.49641352339059774, 0.7812859770901364, 0.37837261502022657], [-0.8680839986781175, 0.44579900950143947, 0.21838821938590613], [0.0019455163694062638, -0.4368700780894105, 0.8995225121341932]], "trans": [-337.17721533832207, 342.8873497703854, 298.20890057564606]}], "rb_4XMM.renamed.noAb_Nup120_2-711_3F7F_updated_1.pdb_44": [{"rot": [[-0.26002336230984063, 0.859533652401218, 0.4399883537582644], [-0.9635643272861021, -0.2605610866826766, -0.0604293578356134], [0.0627027769302703, -0.43967012690944207, 0.8959679354020813]], "trans": [-307.12767122807526, 635.9394758092144, 294.4291671628582]}], "rb_4XMM.renamed.noAb_Nup120_2-711_3F7F_updated_1.pdb_45": [{"rot": [[-0.8624047877054807, 0.41697481036852674, 0.2870365650240333], [-0.4944694764234197, -0.8153356149166936, -0.3012105109951617], [0.1084339385442311, -0.4016962068112524, 0.9093306540556289]], "trans": [-79.30029429541932, 821.7610439300176, 275.40704312545915]}], "rb_4XMM.renamed.noAb_Nup120_2-711_3F7F_updated_1.pdb_46": [{"rot": [[-0.9578472202214585, -0.2871333392655147, 0.009118563278267183], [0.264398176037173, -0.8935298342402764, -0.36290224555761597], [0.11234904192845162, -0.34519397562063414, 0.9317825990932542]], "trans": [212.84233902574533, 791.495276238698, 252.30996183769238]}], "rb_4XMM.renamed.noAb_Nup120_2-711_3F7F_updated_1.pdb_47": [{"rot": [[-0.4904391371516158, -0.8403143145203747, -0.23095736741253967], [0.8684832592503612, -0.449336468435178, -0.20936467356283314], [0.07215456431749775, -0.3032632370505113, 0.9501711045394914]], "trans": [398.16086826401414, 562.872402991334, 238.69252408796459]}], "rb_4XMM.renamed.noAb_Nup120_2-711_3F7F_updated_1.pdb_48": [{"rot": [[0.2660052159877619, -0.9185069002400056, -0.2925513617790899], [0.9639042138701862, 0.25702974568351705, 0.06945773043487774], [0.011396997438000628, -0.30046760897867564, 0.9537239246260079]], "trans": [368.0949993396112, 269.82304371392433, 242.55602181712513]}], "rb_4XMM.renamed.noAb_Nup120_2-711_3F7F_updated_1.pdb_49": [{"rot": [[0.8683500712622481, -0.47590477719438884, -0.1395807894461379], [0.49476209924489434, 0.8117695201214581, 0.31022687077776134], [-0.03433101935033732, -0.3384448097479642, 0.9403597672513591]], "trans": [140.25965553646733, 84.01976186232059, 261.66116848130025]}]}
