{"rb_ScNup133N_56-480_renamed_1.pdb_0": [{"rot": [[0.8514416002784029, 0.19055955330952848, -0.4886043982178473], [-0.4242806306586695, 0.7979137135570891, -0.42815844282860593], [0.30827446823120697, 0.5718572919531654, 0.7602276566113324]], "trans": [192.86149069976767, 425.13566635583345, -230.59026638914173]}], "rb_ScNup133N_56-480_renamed_1.pdb_1": [{"rot": [[0.31060356001617506, 0.7089216354004486, -0.6332105047821229], [-0.8823177233539308, 0.4628436559092911, 0.085388437390886], [0.3536111756729613, 0.5321708983453288, 0.769255010639197]], "trans": [116.16941209703145, 290.08672210256816, -223.77911766507935]}], "rb_ScNup133N_56-480_renamed_1.pdb_2": [{"rot": [[-0.3948343976237809, 0.8394048153385173, -0.3735041558531501], [-0.8224211961950091, -0.141693113179306, 0.5509504857305465], [0.4095475241070746, 0.5247119377945051, 0.7462896273121442]], "trans": [-33.27428246520378, 249.035759988013, -211.62655923774565]}], "rb_ScNup133N_56-480_renamed_1.pdb_3": [{"rot": [[-0.8516167703807753, 0.5055702065031773, 0.13837500750695847], [-0.27967927933263426, -0.6615504304081572, 0.695794889848121], [0.44331521191833073, 0.5538499745627106, 0.704784951995067]], "trans": [-167.92145621702394, 326.03112923261995, -201.2277262837601]}], "rb_ScNup133N_56-480_renamed_1.pdb_4": [{"rot": [[-0.7921540036623058, -0.09701717018184505, 0.6025609539056482], [0.42796215967418727, -0.7921885493564291, 0.4350697555054363], [0.43513265146249736, 0.602515535864812, 0.6690550087046307]], "trans": [-208.89198291019875, 475.96797369337105, -198.65039686992537]}], "rb_ScNup133N_56-480_renamed_1.pdb_5": [{"rot": [[-0.25128022463706245, -0.6153531329724521, 0.7471270109207223], [0.8859567881109692, -0.45707781794674707, -0.07848845737516852], [0.3897933020287042, 0.6421996497056239, 0.6600309020125734]], "trans": [-132.18283698417636, 611.0112925708308, -205.38040200602416]}], "rb_ScNup133N_56-480_renamed_1.pdb_6": [{"rot": [[0.45415308062168297, -0.7457891663288313, 0.4873843439713467], [0.826004894915184, 0.1474691722997845, -0.5440301065174337], [0.33385759380009444, 0.6496548026511936, 0.6829990808590065]], "trans": [17.270595617885533, 652.0509223509669, -217.45120488907077]}], "rb_ScNup133N_56-480_renamed_1.pdb_7": [{"rot": [[0.9108931352837534, -0.411914002762745, -0.02450613027193052], [0.2832271444426166, 0.6673002703841849, -0.6888343297165673], [0.3000934533504733, 0.6205136609883497, 0.7245044622243678]], "trans": [151.91830012356314, 575.0453860449752, -227.76755409066914]}], "rb_ScNup133C_490_881_renamed_relative_3CQC_1.pdb_7": [{"rot": [[0.9912819963147655, 0.1213938841050244, -0.05122039324438681], [-0.10580746598398937, 0.9650936480902804, 0.23958094781898057], [0.07851613798615324, -0.23207278021709063, 0.9695243373727395]], "trans": [-8.88691023984859, -6.126119945803907, 22.88273006234465]}], "rb_ScNup133C_490_881_renamed_relative_3CQC_1.pdb_8": [{"rot": [[0.629720479836187, 0.7618544024657689, 0.1517563399611647], [-0.7689137456949616, 0.5834963433762631, 0.2613497062326144], [0.11056115482494798, -0.2812647982063456, 0.953239919607712]], "trans": [-325.88268838389615, 141.92639960052645, 47.47014930601739]}], "rb_ScNup133C_490_881_renamed_relative_3CQC_1.pdb_9": [{"rot": [[-0.0934552337057365, 0.9459091502634892, 0.3106798975486019], [-0.9811348199622666, -0.14053792063737203, 0.13275374917694158], [0.1692352928635655, -0.29241233269259914, 0.941198408062113]], "trans": [-445.75275353120276, 471.43770770412584, 55.46254592194032]}], "rb_ScNup133C_490_881_renamed_relative_3CQC_1.pdb_10": [{"rot": [[-0.7545986145405854, 0.565736261066337, 0.33245061866104214], [-0.6181485911629698, -0.782859663208315, -0.07087359850183018], [0.22016641473363732, -0.2589850007935678, 0.9404538899846664]], "trans": [-298.27361801129376, 789.3755507636407, 42.20186618090031]}], "rb_ScNup133C_490_881_renamed_relative_3CQC_1.pdb_11": [{"rot": [[-0.9664025480536358, -0.15595362619625808, 0.2043149079036503], [0.10740248976647443, -0.9671877508019373, -0.2302445653878742], [0.23351835111485703, -0.2005650048610837, 0.9514425145628457]], "trans": [30.16127447172107, 909.4875741863997, 15.480408151969357]}], "rb_ScNup133C_490_881_renamed_relative_3CQC_1.pdb_12": [{"rot": [[-0.6047893035574802, -0.7963843997384575, 0.001336471351628149], [0.7704803693473564, -0.58554019067986, -0.2519973919487128], [0.20146934941280306, -0.15137560223433882, 0.9677269905791467]], "trans": [347.1520463085714, 761.4105778669997, -9.024016377760063]}], "rb_ScNup133C_490_881_renamed_relative_3CQC_1.pdb_13": [{"rot": [[0.11840298157528595, -0.9803826823453342, -0.1575770608668943], [0.9826446763230939, 0.13850849520780606, -0.12338896567015227], [0.14279416671546272, -0.14023263854265727, 0.9797676423721086]], "trans": [467.00294712661145, 431.89027093017296, -16.93236510519995]}], "rb_ScNup133C_490_881_renamed_relative_3CQC_1.pdb_14": [{"rot": [[0.7795180697026679, -0.6001596856899949, -0.17933190089750245], [0.6196065681505714, 0.7808003775815954, 0.08024008395501611], [0.09186555236701394, -0.17366381903241415, 0.9805108863482236]], "trans": [319.5055426681956, 113.96441221102009, -3.587810936912433]}], "rb_ScNup84_506-726_ScNup133C_882_1155_renamed_relative_3CQC_new_1.pdb_14": [{"rot": [[0.970473494301987, 0.23651639377483538, 0.047341232905741826], [-0.24073960677773856, 0.9619737384194356, 0.12903863111422356], [-0.015021271110944253, -0.13662548103146746, 0.9905088789844991]], "trans": [-68.8253833396459, 115.93003418040692, 51.95946698318758]}], "rb_ScNup84_506-726_ScNup133C_882_1155_renamed_relative_3CQC_new_1.pdb_15": [{"rot": [[0.5179935539578042, 0.8431569821690161, 0.1441144735194863], [-0.8550468345564028, 0.5056537496097766, 0.11493126737596904], [0.02403307664941523, -0.18275828004555233, 0.9828640914702056]], "trans": [-281.7524474511565, 272.14955388731926, 68.21222900880679]}], "rb_ScNup84_506-726_ScNup133C_882_1155_renamed_relative_3CQC_new_1.pdb_16": [{"rot": [[-0.23509665682695197, 0.9506171197808602, 0.2026244149364277], [-0.9682823525549149, -0.2472056382335735, 0.03631333303689391], [0.0846099738772394, -0.18766050198449022, 0.9785830002178759]], "trans": [-322.25094568646364, 533.6118045966765, 70.20931106746241]}], "rb_ScNup84_506-726_ScNup133C_882_1155_renamed_relative_3CQC_new_1.pdb_17": [{"rot": [[-0.8476262740025989, 0.4959451428094089, 0.18859510848434774], [-0.5141111977089426, -0.8555687803946115, -0.06075967745429728], [0.13122262004221796, -0.14846035611512196, 0.9801735288465118]], "trans": [-166.59437341123567, 747.1486300203816, 56.80479923152342]}], "rb_ScNup84_506-726_ScNup133C_882_1155_renamed_relative_3CQC_new_1.pdb_18": [{"rot": [[-0.9607668111600405, -0.25450569376058557, 0.11024511969609586], [0.24140676365945948, -0.9630479702750969, -0.11942102582241688], [0.1365646697825955, -0.08812184060978025, 0.9867039232590046]], "trans": [94.03336791729339, 787.6672637511692, 35.87525043928633]}], "rb_ScNup84_506-726_ScNup133C_882_1155_renamed_relative_3CQC_new_1.pdb_19": [{"rot": [[-0.5082389463508739, -0.8611107085096253, 0.013472976738671968], [0.8556784569774266, -0.5066803829864643, -0.1053060670684085], [0.0975066750375576, -0.04199210862456288, 0.9943485863299546]], "trans": [306.9547859169821, 631.4314356319877, 19.705494381068092]}], "rb_ScNup84_506-726_ScNup133C_882_1155_renamed_relative_3CQC_new_1.pdb_20": [{"rot": [[0.24486011657679696, -0.9685121306670151, -0.04503083455624939], [0.9688548630684183, 0.24618741405462408, -0.026683543051288647], [0.03692935984647331, -0.03709460758563115, 0.9986291666426501]], "trans": [347.4394250708838, 369.9664134954097, 17.792007050519942]}], "rb_ScNup84_506-726_ScNup133C_882_1155_renamed_relative_3CQC_new_1.pdb_21": [{"rot": [[0.8573543278631562, -0.5137926927729033, -0.03099395662836403], [0.5146356474570051, 0.8545148499055616, 0.07038836308212525], [-0.009680230411575985, -0.07629836265635588, 0.9970380398937316]], "trans": [191.77272626849356, 156.44221076103406, 31.279741207234906]}], "rb_4XMM.renamed.noAb_Nup145c_149-550_Sec13_Nup84_7-436_3IKO_updated_1.pdb_21": [{"rot": [[0.9979671512710636, -0.013967957542760921, 0.06218087443901722], [0.01481359900754447, 0.9998036729956804, -0.013159511723068909], [-0.06198485515318136, 0.014053882966267323, 0.9979781390918384]], "trans": [-12.549576644424405, -3.782398873293232, 26.90885232714544]}], "rb_4XMM.renamed.noAb_Nup145c_149-550_Sec13_Nup84_7-436_3IKO_updated_1.pdb_22": [{"rot": [[0.7167189024314755, 0.6952265949979556, 0.054534360773447525], [-0.6964268028031887, 0.7176146210741279, 0.004354762675876155], [-0.03610710781478379, -0.04110033124177123, 0.9985023983632022]], "trans": [-326.74741494416924, 146.39686065333996, 51.262910846017064]}], "rb_4XMM.renamed.noAb_Nup145c_149-550_Sec13_Nup84_7-436_3IKO_updated_1.pdb_23": [{"rot": [[0.016424660626155496, 0.9979737098364097, 0.06147117209447388], [-0.9996406282806094, 0.015087233307842618, 0.022158286979421453], [0.02118595794537718, -0.06181302343735932, 0.9978628689952684]], "trans": [-443.13918661643896, 475.42665788182677, 58.98040871203523]}], "rb_4XMM.renamed.noAb_Nup145c_149-550_Sec13_Nup84_7-436_3IKO_updated_1.pdb_24": [{"rot": [[-0.6926733331465307, 0.7169198583659152, 0.07892762652119938], [-0.7172009431451049, -0.6962280409135183, 0.02982150562085748], [0.07633125637277204, -0.03595040648336146, 0.996434196309136]], "trans": [-293.5390373523734, 790.5568150707584, 45.56433175975343]}], "rb_4XMM.renamed.noAb_Nup145c_149-550_Sec13_Nup84_7-436_3IKO_updated_1.pdb_25": [{"rot": [[-0.9951754758528311, 0.016710349637194245, 0.0966774869144408], [-0.014564897348614778, -0.9996326844057148, 0.022855197068648154], [0.097023894099925, 0.0213368339456713, 0.9950533169086264]], "trans": [34.417069386296646, 907.1797595988216, 18.898011935689738]}], "rb_4XMM.renamed.noAb_Nup145c_149-550_Sec13_Nup84_7-436_3IKO_updated_1.pdb_26": [{"rot": [[-0.7138717470151832, -0.6924622131823954, 0.1043226347828058], [0.6966534063130314, -0.7173879790055456, 0.005340323097628309], [0.07114183218007801, 0.07648902465632154, 0.9945291694169578]], "trans": [348.6097354302171, 756.9762429731387, -5.373039710923251]}], "rb_4XMM.renamed.noAb_Nup145c_149-550_Sec13_Nup84_7-436_3IKO_updated_1.pdb_27": [{"rot": [[-0.01355383736925797, -0.9951545434600029, 0.09738443470842123], [0.99981225737676, -0.014836852786775823, -0.012462656160255672], [0.013847147422950463, 0.09719723468440133, 0.9951688068252292]], "trans": [464.9823802335324, 427.9377198977986, -13.006494002484999]}], "rb_4XMM.renamed.noAb_Nup145c_149-550_Sec13_Nup84_7-436_3IKO_updated_1.pdb_28": [{"rot": [[0.6955221471318361, -0.7140452061571485, 0.07992738212348253], [0.7173169263496386, 0.6964563385407597, -0.0201245044337278], [-0.04129612598567725, 0.07133030260970015, 0.9965975205207872]], "trans": [315.36418095543206, 112.81971342869076, 0.49343911789384265]}], "rb_4XMM.renamed.noAb_Seh1_Nup85_47_544_3F3F_1.pdb_28": [{"rot": [[0.6512580565322608, -0.7204648430342526, 0.23831356183282365], [0.3248862201402762, 0.5485213739778594, 0.7704370488575949], [-0.6857928898470598, -0.42432854280741666, 0.5912980635805833]], "trans": [474.24463167321926, -132.15195279109298, 673.5992572007381]}], "rb_4XMM.renamed.noAb_Seh1_Nup85_47_544_3F3F_1.pdb_29": [{"rot": [[0.677188172423941, -0.13245447057229576, 0.7237900195184583], [-0.2687572572493044, 0.8711760274288258, 0.4108793812168671], [-0.6849713248048772, -0.47276647772313257, 0.5543520016526584]], "trans": [-59.35331891945253, -250.1994011899896, 716.7459127951646]}], "rb_4XMM.renamed.noAb_Seh1_Nup85_47_544_3F3F_1.pdb_30": [{"rot": [[0.2770748588450848, 0.5109214096698204, 0.8137498606678677], [-0.7067497532901622, 0.68212661427603, -0.18763813130760287], [-0.6509487758804571, -0.5231277045209114, 0.5500937155998156]], "trans": [-520.0125896016045, 44.875050107689766, 752.0688708413751]}], "rb_4XMM.renamed.noAb_Seh1_Nup85_47_544_3F3F_1.pdb_31": [{"rot": [[-0.31468986351209266, 0.8327641354463526, 0.455493341901968], [-0.732509088107369, 0.09212094634110529, -0.6744954907820538], [-0.6036561319516642, -0.5459099064493168, 0.5810177694336438]], "trans": [-637.8705709726521, 580.212743777181, 758.8994493633776]}], "rb_4XMM.renamed.noAb_Seh1_Nup85_47_544_3F3F_1.pdb_32": [{"rot": [[-0.7514418764081713, 0.6445337000149751, -0.1411078166692623], [-0.33094508015838403, -0.5532073370197516, -0.764484791337584], [-0.5707980906582649, -0.5277669483896416, 0.6290084163891275]], "trans": [-343.8824824086343, 1042.205427400594, 733.2602040530123]}], "rb_4XMM.renamed.noAb_Seh1_Nup85_47_544_3F3F_1.pdb_33": [{"rot": [[-0.7773256924852465, 0.05649814650052851, -0.6265562442784605], [0.2627004126477651, -0.875815828284955, -0.40488903185962594], [-0.5716233558883148, -0.47932723098895197, 0.665952058811622]], "trans": [189.73122191686195, 1160.2113896096746, 690.1949712276365]}], "rb_4XMM.renamed.noAb_Seh1_Nup85_47_544_3F3F_1.pdb_34": [{"rot": [[-0.3771782073235615, -0.5868630065469198, -0.7164694072093294], [0.7006614902237878, -0.6867159244916228, 0.19363552144942353], [-0.6056484756338107, -0.4289674237005874, 0.670206590064672]], "trans": [650.3740233959943, 865.1011906534557, 654.9559763973249]}], "rb_4XMM.renamed.noAb_Seh1_Nup85_47_544_3F3F_1.pdb_35": [{"rot": [[0.2145885401896283, -0.9086597242799167, -0.35817490684136843], [0.7263743780744562, -0.09668501559053178, 0.6804647460649219], [-0.6529410549936527, -0.40618901170735444, 0.63927964575135]], "trans": [768.1967871980496, 329.754662929475, 648.2107245046875]}], "rb_4XMM.renamed.noAb_Nup120_715-1036_Nup85_553-744_Nup145c_92-99_554-712_remaining_updated_1.pdb_35": [{"rot": [[0.9969872003044846, -0.07665147657739502, -0.01187743943479672], [0.0746906138783695, 0.9900115313584952, -0.11957625172113434], [0.020924498261476136, 0.11832885918367012, 0.9927539707585122]], "trans": [43.475007223217744, 0.3982754383982865, -71.55323183512769]}], "rb_4XMM.renamed.noAb_Nup120_715-1036_Nup85_553-744_Nup145c_92-99_554-712_remaining_updated_1.pdb_36": [{"rot": [[0.7598758857293726, 0.645945669590056, -0.0730946661860624], [-0.6486216332881808, 0.7608738300411761, -0.018999778657658714], [0.04334299386948644, 0.06184825540240872, 0.9971440107557705]], "trans": [-286.0283996828406, 104.19757876543443, -45.75356433791359]}], "rb_4XMM.renamed.noAb_Nup120_715-1036_Nup85_553-744_Nup145c_92-99_554-712_remaining_updated_1.pdb_37": [{"rot": [[0.08229325929515752, 0.9955688775929216, -0.0455019718577798], [-0.9916768265543393, 0.08633698073900331, 0.09551438337749735], [0.09901965032098706, 0.03726306113618655, 0.9943875366903319]], "trans": [-445.9397426282496, 411.30219444997306, -34.4606108052144]}], "rb_4XMM.renamed.noAb_Nup120_715-1036_Nup85_553-744_Nup145c_92-99_554-712_remaining_updated_1.pdb_38": [{"rot": [[-0.6388232225179646, 0.7674039424958903, 0.054736454155553095], [-0.7535083966265654, -0.6384458192572353, 0.15688222361445467], [0.15533829722583292, 0.05897562983739566, 0.9860993299360146]], "trans": [-342.57878882638977, 741.8060252441097, -44.26593774594323]}], "rb_4XMM.renamed.noAb_Nup120_715-1036_Nup85_553-744_Nup145c_92-99_554-712_remaining_updated_1.pdb_39": [{"rot": [[-0.9810333569214734, 0.09511310040438826, 0.16889952853351908], [-0.07363876793141132, -0.9888865862722632, 0.12915359595585638], [0.17930667713424397, 0.11426643261364908, 0.9771347388732127]], "trans": [-36.49392906457541, 902.0953837598045, -69.40144148192496]}], "rb_4XMM.renamed.noAb_Nup120_715-1036_Nup85_553-744_Nup145c_92-99_554-712_remaining_updated_1.pdb_40": [{"rot": [[-0.7438656220188987, -0.6274661940835092, 0.23010891260615693], [0.6496548448797371, -0.7596921777738627, 0.028572321457759342], [0.15688377514171634, 0.17074533759829838, 0.9727453473472498]], "trans": [293.00792335146383, 798.2706204937879, -95.11838461283219]}], "rb_4XMM.renamed.noAb_Nup120_715-1036_Nup85_553-744_Nup145c_92-99_554-712_remaining_updated_1.pdb_41": [{"rot": [[-0.06625622098123074, -0.9770368018887399, 0.20250728613140004], [0.9926568449821691, -0.08512790990155616, -0.0859396710828808], [0.10120524339839079, 0.19532620589877575, 0.9755025228044553]], "trans": [452.9018506395574, 491.1538624916335, -106.32741434249488]}], "rb_4XMM.renamed.noAb_Nup120_715-1036_Nup85_553-744_Nup145c_92-99_554-712_remaining_updated_1.pdb_42": [{"rot": [[0.6548417047711099, -0.7488153320134293, 0.10226407108109424], [0.7544318243876779, 0.6396369578688819, -0.1472996418166622], [0.044888350866804996, 0.17360921827441847, 0.9837910729858239]], "trans": [349.52164902922846, 160.65855373247155, -96.43811810677056]}], "rb_4XMM.renamed.noAb_Nup120_2-711_3F7F_updated_1.pdb_42": [{"rot": [[-0.6706028472570451, 0.6994202967780955, 0.2471903511579382], [0.41758311476635146, 0.08050820788030993, 0.9050650643605312], [0.6131200237414989, 0.7101617258897731, -0.3460551394915009]], "trans": [515.026492407811, 30.724232225986043, -380.10952518294494]}], "rb_4XMM.renamed.noAb_Nup120_2-711_3F7F_updated_1.pdb_43": [{"rot": [[-0.16890598629524872, 0.5666450891776316, 0.806463954993962], [0.8032048204189735, -0.39509412747529044, 0.445828046325333], [0.571255445706519, 0.7230587620279647, -0.38839830381353824]], "trans": [63.5538940240848, -224.46398430474954, -342.84151408729525]}], "rb_4XMM.renamed.noAb_Nup120_2-711_3F7F_updated_1.pdb_44": [{"rot": [[0.45779968726821285, 0.13747540586783252, 0.878362088844117], [0.7198886665286837, -0.6370744313215262, -0.27549315192923973], [0.5217084953694733, 0.758443591665081, -0.39061946203625286]], "trans": [-435.68229990297283, -84.57933662105312, -303.68866471270604]}], "rb_4XMM.renamed.noAb_Nup120_2-711_3F7F_updated_1.pdb_45": [{"rot": [[0.8423811533098667, -0.336675101375886, 0.4207658121352953], [0.21644243080218356, -0.503677229742988, -0.8363384018367627], [0.49350447484980287, 0.7955872826736016, -0.3514174283544488]], "trans": [-690.2205744012936, 368.4318930856132, -285.56326337680133]}], "rb_4XMM.renamed.noAb_Nup120_2-711_3F7F_updated_1.pdb_46": [{"rot": [[0.7595451664238405, -0.5780423798880019, -0.2982585241289736], [-0.41220798328001873, -0.07304848432492578, -0.908156648083385], [0.50316569704462, 0.8127305371346917, -0.293757306847601]], "trans": [-550.9469059408268, 869.1894557899241, -299.0594208491264]}], "rb_4XMM.renamed.noAb_Nup120_2-711_3F7F_updated_1.pdb_47": [{"rot": [[0.2578182157153847, -0.44523007463749076, -0.8574963255219398], [-0.7977902991777311, 0.40254341400144894, -0.4488757493805643], [0.5450324817689679, 0.7998305948651573, -0.2514172097021345]], "trans": [-99.44785992517615, 1124.3426273732402, -336.2468928853868]}], "rb_4XMM.renamed.noAb_Nup120_2-711_3F7F_updated_1.pdb_48": [{"rot": [[-0.3688809767404835, -0.016041506693606156, -0.9293382027346041], [-0.7144249595274195, 0.6444900253507796, 0.27245106795091617], [0.5945786762096587, 0.7644444239356767, -0.24920056282123315]], "trans": [399.7839696924059, 984.4191990575149, -375.3167291221977]}], "rb_4XMM.renamed.noAb_Nup120_2-711_3F7F_updated_1.pdb_49": [{"rot": [[-0.7534231875445025, 0.45809860928331647, -0.47169817112531925], [-0.21094855574752547, 0.5110556133474087, 0.8332603836101506], [0.6227794210619942, 0.7273017422217505, -0.28840590920245]], "trans": [654.293451292406, 531.3884048656191, -393.35726370615885]}]}
