{"rb_ScNup133N_56-480_renamed_1.pdb_0": [{"rot": [[-0.6998418437000542, -0.32992467788886104, 0.6335385550433704], [0.17643342411335353, -0.939299974385676, -0.29425635927657895], [0.6921651830756498, -0.09415553642245834, 0.7155711664809117]], "trans": [909.8441980745824, 368.1123748067359, -293.0811480596025]}], "rb_ScNup133N_56-480_renamed_1.pdb_1": [{"rot": [[-0.3580801290876071, -0.8979555845210099, 0.2558405546041037], [0.6578474354519641, -0.437083137215208, -0.6133474405517534], [0.662582351728355, -0.05132347795740749, 0.7472285646229533]], "trans": [583.0323677308018, -259.1373886743046, -263.9391169655998]}], "rb_ScNup133N_56-480_renamed_1.pdb_2": [{"rot": [[0.22301618029097714, -0.9457521459533238, -0.236255501000731], [0.7556899411852658, 0.32082907503015146, -0.5709653381832457], [0.615789327708619, -0.051201396855764414, 0.7862454583908174]], "trans": [-90.28674968341636, -470.66185987400195, -209.20100936053575]}], "rb_ScNup133N_56-480_renamed_1.pdb_3": [{"rot": [[0.7030326729437617, -0.4453144625672369, -0.5544728038434374], [0.41264342187535913, 0.8904410018548778, -0.1919380853261708], [0.5791981242688415, -0.09386080994821512, 0.8097652012770868]], "trans": [-715.6714080480039, -142.54690427334992, -160.90917558558743]}], "rb_ScNup133N_56-480_renamed_1.pdb_4": [{"rot": [[0.8007689192421991, 0.3101940145383447, -0.5123951710547884], [-0.17033063451008967, 0.9380659449968781, 0.30169480901153123], [0.574244384320013, -0.15431123154747747, 0.8040095962706105]], "trans": [-926.7605432300385, 532.9932275110946, -147.32964787978977]}], "rb_ScNup133N_56-480_renamed_1.pdb_5": [{"rot": [[0.45896964802359175, 0.8781857668054445, -0.1346722732169967], [-0.6517178058062898, 0.43580454125187085, 0.6207562351030244], [0.6038300785718902, -0.1971399523297589, 0.7723503579382126]], "trans": [-599.8932501438146, 1160.2177179593252, -176.39350014335264]}], "rb_ScNup133N_56-480_renamed_1.pdb_6": [{"rot": [[-0.12213430826247551, 0.9259232170722886, 0.3574204902236995], [-0.7495146995088122, -0.32211139718052617, 0.5783355107778043], [0.6506234901734345, -0.1972573037758359, 0.7333339144902723]], "trans": [73.44891543118894, 1371.6897334966332, -231.05071301877751]}], "rb_ScNup133N_56-480_renamed_1.pdb_7": [{"rot": [[-0.6021240584578411, 0.4254410938745112, 0.6756082399357762], [-0.40643051635051813, -0.8916840269518829, 0.1992832944777981], [0.6872123788213577, -0.1545945397539414, 0.7098166486304456]], "trans": [698.8145321158643, 1043.5261024610236, -279.25831563575247]}], "rb_ScNup133C_490_881_renamed_relative_3CQC_1.pdb_7": [{"rot": [[0.6863248934473732, 0.3732774899943406, -0.6241971291971607], [-0.2735718133346636, 0.9277129404479553, 0.2539826038810391], [0.6738817430256113, -0.0035518430333819906, 0.7388306848174556]], "trans": [273.8129739781526, 93.94037379026904, -296.2115707024004]}], "rb_ScNup133C_490_881_renamed_relative_3CQC_1.pdb_8": [{"rot": [[0.3070212397946604, 0.9185898970543991, -0.24885851270257686], [-0.638324582269157, 0.3927085889802054, 0.6620586770159295], [0.7058892873431756, -0.044413569669247255, 0.7069283901806316]], "trans": [-61.22719985783522, -4.93283033046086, -268.98449114527045]}], "rb_ScNup133C_490_881_renamed_relative_3CQC_1.pdb_9": [{"rot": [[-0.2183972257296632, 0.9272044529940986, 0.3042935328617756], [-0.6270780773977078, -0.3722630015891443, 0.6842465509558926], [0.7477136728994467, -0.041378255107660855, 0.6627307925269992]], "trans": [-367.9175898988364, 162.84641893396395, -245.31445499990156]}], "rb_ScNup133C_490_881_renamed_relative_3CQC_1.pdb_10": [{"rot": [[-0.5821329576210845, 0.3940746294787252, 0.7112147397604561], [-0.2464206598497298, -0.9190706874051414, 0.30754825629787597], [0.774853584911725, 0.0037759705832644264, 0.6321294677481837]], "trans": [-466.5927279850694, 498.9907884722081, -239.04369828657417]}], "rb_ScNup133C_490_881_renamed_relative_3CQC_1.pdb_11": [{"rot": [[-0.5711044354637898, -0.36848460574590397, 0.7335249274032007], [0.28065318790558386, -0.9273868161284051, -0.2473610345014996], [0.7714100802504582, 0.06459712531920232, 0.6330511033782946]], "trans": [-299.44541356690803, 806.582283768337, -253.82171380443884]}], "rb_ScNup133C_490_881_renamed_relative_3CQC_1.pdb_12": [{"rot": [[-0.19177232303968428, -0.9137553005999846, 0.35815447329524397], [0.6453761741119173, -0.39233968229543253, -0.6554076346709596], [0.7394004124996321, 0.10545531907755873, 0.6649557922701501]], "trans": [35.60901313161892, 905.4295866329742, -280.96732679192456]}], "rb_ScNup133C_490_881_renamed_relative_3CQC_1.pdb_13": [{"rot": [[0.333645279610405, -0.9223101937211987, -0.19499931782357027], [0.6340884308554947, 0.3726325589298336, -0.6775520923741722], [0.6975762963639959, 0.10241524585415623, 0.709153317814788]], "trans": [342.2928580223625, 737.6266700962245, -304.55424950663274]}], "rb_ScNup133C_490_881_renamed_relative_3CQC_1.pdb_14": [{"rot": [[0.6973513324658596, -0.3891377080951467, -0.6018911556473858], [0.25340247729310905, 0.9193983825290317, -0.3008218720517421], [0.670438888795843, 0.05725782340829688, 0.7397521463630494]], "trans": [440.9483138653752, 401.4749654816186, -310.7409251454907]}], "rb_ScNup84_506-726_ScNup133C_882_1155_renamed_relative_3CQC_new_1.pdb_14": [{"rot": [[0.9796372602707476, 0.18231156757902062, 0.0841030951636369], [-0.19419854993385588, 0.9667447997823876, 0.16640737753266616], [-0.05096824004035497, -0.17935156654066842, 0.9824638690998245]], "trans": [-67.87067984962528, 77.33979277154725, 88.86865745568747]}], "rb_ScNup84_506-726_ScNup133C_882_1155_renamed_relative_3CQC_new_1.pdb_15": [{"rot": [[0.5565904596209496, 0.8072477993877805, 0.19636203971879573], [-0.8306664668043573, 0.544767985081903, 0.11498288288510189], [-0.0141520735479196, -0.2271097373812696, 0.9737663405565552]], "trans": [-307.55168022018256, 246.31549759628896, 107.19180899839492]}], "rb_ScNup84_506-726_ScNup133C_882_1155_renamed_relative_3CQC_new_1.pdb_16": [{"rot": [[-0.19130066461059592, 0.9518579374906166, 0.23952144487634755], [-0.9804441361622551, -0.19679507887736714, -0.0009963908367800478], [0.04618821911042978, -0.23502800634341378, 0.9708905626535087]], "trans": [-357.98326010064267, 535.7721058862842, 109.84441340147396]}], "rb_ScNup84_506-726_ScNup133C_882_1155_renamed_relative_3CQC_new_1.pdb_17": [{"rot": [[-0.8259109465841978, 0.5314273239839408, 0.1882979225473858], [-0.5557896874325553, -0.8235262931888809, -0.11358814977894174], [0.09470444369730562, -0.19846773982148455, 0.9755212066347583]], "trans": [-189.6199755724923, 776.1419719622564, 95.29654250506542]}], "rb_ScNup84_506-726_ScNup133C_882_1155_renamed_relative_3CQC_new_1.pdb_18": [{"rot": [[-0.9754767351147443, -0.20774985966838605, 0.07269893436388114], [0.19452831569115708, -0.9682776755988314, -0.1568345540092638], [0.10297511177094937, -0.13884645744378596, 0.9849455759640074]], "trans": [98.91050070463007, 826.6131558569687, 72.09454910645155]}], "rb_ScNup84_506-726_ScNup133C_882_1155_renamed_relative_3CQC_new_1.pdb_19": [{"rot": [[-0.5523802824034232, -0.832653196884541, -0.039556002450536046], [0.830963007495167, -0.5462518252969781, -0.10540125015532391], [0.06615514935740067, -0.09109114708725537, 0.9936427422045745]], "trans": [338.58486078713423, 657.6190431963848, 53.85449298783391]}], "rb_ScNup84_506-726_ScNup133C_882_1155_renamed_relative_3CQC_new_1.pdb_20": [{"rot": [[0.19552254389149026, -0.9772055015862465, -0.08270636311537112], [0.9806819717915317, 0.19532256404536397, 0.010581407175655491], [0.005814209599986478, -0.08317754290862443, 0.9965177827426916]], "trans": [389.0003984694765, 368.15888478924364, 51.28566110947622]}], "rb_ScNup84_506-726_ScNup133C_882_1155_renamed_relative_3CQC_new_1.pdb_21": [{"rot": [[0.8300997226965854, -0.5567259954917465, -0.03147405793307831], [0.5559777282580436, 0.8220207589525614, 0.12316914196371842], [-0.0426991341841495, -0.119741545817554, 0.9918864582930575]], "trans": [220.6248942575226, 127.80263961386106, 65.9169163074369]}], "rb_4XMM.renamed.noAb_Nup145c_149-550_Sec13_Nup84_7-436_3IKO_updated_1.pdb_21": [{"rot": [[0.9997524655346832, -0.0030703323228707976, 0.022035896095912458], [0.0033396857585574363, 0.9999200364052243, -0.012197019898710476], [-0.021996685122008808, 0.012267593684279958, 0.9996827756787856]], "trans": [-5.886960604310957, 1.640949628813587, 6.273974344321516]}], "rb_4XMM.renamed.noAb_Nup145c_149-550_Sec13_Nup84_7-436_3IKO_updated_1.pdb_22": [{"rot": [[0.7106861234763103, 0.7029991012523156, 0.02678614449023975], [-0.7034949456911848, 0.7099137600367239, 0.03342625760504036], [0.0044827765026186715, -0.042599494703084086, 0.99908217267944]], "trans": [-318.60853316727025, 144.34758693081702, 30.546723178611785]}], "rb_4XMM.renamed.noAb_Nup145c_149-550_Sec13_Nup84_7-436_3IKO_updated_1.pdb_23": [{"rot": [[0.007967224649909177, 0.9980253018527276, 0.06230586002255094], [-0.9980488835552583, 0.004077823346678944, 0.062304072024674126], [0.061926967998444604, -0.06268068457288187, 0.9961105272087001]], "trans": [-439.2234467211528, 467.0483920134315, 38.631625137819924]}], "rb_4XMM.renamed.noAb_Nup145c_149-550_Sec13_Nup84_7-436_3IKO_updated_1.pdb_24": [{"rot": [[-0.6967415916755402, 0.7091777612972161, 0.10778709250602918], [-0.7077682778223655, -0.7040991296651737, 0.057519392495986144], [0.11668427202411409, -0.03621213175460876, 0.9925086710835271]], "trans": [-297.0718708965499, 780.700799973089, 25.816435558310445]}], "rb_4XMM.renamed.noAb_Nup145c_149-550_Sec13_Nup84_7-436_3IKO_updated_1.pdb_25": [{"rot": [[-0.9906119645022802, 0.005667441593521323, 0.13658629466647487], [-0.002703600287375626, -0.9997570546294547, 0.021875151750863114], [0.13667708780340315, 0.02130051230419615, 0.9903866224082186]], "trans": [24.57371019053113, 901.5629245232498, -0.3675219088802919]}], "rb_4XMM.renamed.noAb_Nup145c_149-550_Sec13_Nup84_7-436_3IKO_updated_1.pdb_26": [{"rot": [[-0.7014904858561491, -0.7003793924804242, 0.13183248780954848], [0.7041083195377607, -0.7096953703253455, -0.023747751398407357], [0.11019334195410184, 0.0761655297856037, 0.990987507217656]], "trans": [337.290693275848, 758.8321457416524, -24.557310884485048]}], "rb_4XMM.renamed.noAb_Nup145c_149-550_Sec13_Nup84_7-436_3IKO_updated_1.pdb_27": [{"rot": [[0.0012514054590999635, -0.9953505502637435, 0.09631051902071412], [0.9986070929714098, -0.0038363012879422675, -0.05262277700404824], [0.052747586215547246, 0.09624221985225889, 0.9939593187179958]], "trans": [457.88697369782545, 436.1222831377174, -32.558207009383636]}], "rb_4XMM.renamed.noAb_Nup145c_149-550_Sec13_Nup84_7-436_3IKO_updated_1.pdb_28": [{"rot": [[0.705937600850327, -0.7064477684336429, 0.05082965847623094], [0.7082711861034342, 0.7043179572277708, -0.04783452792841407], [-0.0020076457154593434, 0.06976937438178517, 0.9975611278297963]], "trans": [315.7174633169782, 122.48144122907195, -19.65916761978832]}], "rb_4XMM.renamed.noAb_Seh1_Nup85_47_544_3F3F_1.pdb_28": [{"rot": [[0.6751910028647505, -0.6987917980939047, 0.23623533302024494], [0.2977989530741206, 0.551227137303721, 0.7794000427559061], [-0.6748576836626047, -0.4558932616486432, 0.5802830695315102]], "trans": [452.63116960672585, -123.85531768630585, 687.8473957818953]}], "rb_4XMM.renamed.noAb_Seh1_Nup85_47_544_3F3F_1.pdb_29": [{"rot": [[0.6752751792357666, -0.11580600661187626, 0.7284177380739151], [-0.3041478775357931, 0.8559967917682371, 0.4180473191792565], [-0.6719356374672957, -0.5038436873824074, 0.5428112358696379]], "trans": [-68.54529687054332, -228.2797834240323, 729.9376999345399]}], "rb_4XMM.renamed.noAb_Seh1_Nup85_47_544_3F3F_1.pdb_30": [{"rot": [[0.2510263394976078, 0.5114086355470848, 0.8218558172613405], [-0.7296754022555079, 0.6578701220930978, -0.18649587073305565], [-0.6360499856313967, -0.5528725982946584, 0.5383050304736327]], "trans": [-510.81527684284475, 67.6124182046733, 763.7909389024912]}], "rb_4XMM.renamed.noAb_Seh1_Nup85_47_544_3F3F_1.pdb_31": [{"rot": [[-0.34902456412247274, 0.815420947279805, 0.46181222631761126], [-0.7295035971661162, 0.07291252496004264, -0.6800796022714201], [-0.5882230489880687, -0.5742581670653556, 0.5694042520019705]], "trans": [-615.088866696423, 590.4835802008512, 769.5994128688408]}], "rb_4XMM.renamed.noAb_Seh1_Nup85_47_544_3F3F_1.pdb_32": [{"rot": [[-0.7733592515660909, 0.6181362297996611, -0.14079442256780414], [-0.3037331081114358, -0.5561995913282658, -0.7735555659700484], [-0.5564725213827791, -0.5554724259721051, 0.6178905379843275]], "trans": [-320.27921389817095, 1034.028520178936, 743.9844407858043]}], "rb_4XMM.renamed.noAb_Seh1_Nup85_47_544_3F3F_1.pdb_33": [{"rot": [[-0.7733964798096816, 0.03512665232103837, -0.6329486577240797], [0.2982137090564059, -0.860923478569296, -0.4121642242831961], [-0.5593983095691464, -0.5075203270262821, 0.6553599384356062]], "trans": [200.911943465854, 1138.4124751112913, 701.9756393719174]}], "rb_4XMM.renamed.noAb_Seh1_Nup85_47_544_3F3F_1.pdb_34": [{"rot": [[-0.3491144400232319, -0.5920725542340437, -0.7263395888219539], [0.7237079213903654, -0.6627475870104431, 0.19238627921106102], [-0.5952864455739828, -0.4584928859149452, 0.6598623502529017]], "trans": [643.1653899557517, 842.4859691799584, 668.2063617207216]}], "rb_4XMM.renamed.noAb_Seh1_Nup85_47_544_3F3F_1.pdb_35": [{"rot": [[0.2509364665095952, -0.8960392511568056, -0.3662574916121635], [0.7234890198368149, -0.07776614820695393, 0.6859417354036879], [-0.6431131533029375, -0.43711106892803486, 0.6287601971096352]], "trans": [747.404734183408, 319.6070389184255, 662.4831317282888]}], "rb_4XMM.renamed.noAb_Nup120_715-1036_Nup85_553-744_Nup145c_92-99_554-712_remaining_updated_1.pdb_35": [{"rot": [[0.9918614490412961, -0.10479326164094746, 0.07231347191465291], [0.09507491366057166, 0.9873638920748132, 0.1267805403810473], [-0.08468545741822624, -0.1188735333938024, 0.9892913910271014]], "trans": [36.79609806507813, -84.77611655793567, 111.3718171430846]}], "rb_4XMM.renamed.noAb_Nup120_715-1036_Nup85_553-744_Nup145c_92-99_554-712_remaining_updated_1.pdb_36": [{"rot": [[0.7685249406485793, 0.6194389595344052, 0.1602023439654672], [-0.6366784968043628, 0.7651723440740049, 0.09566491295782523], [-0.06332382891166191, -0.17551825909353339, 0.9824374959338332]], "trans": [-347.19417516257784, 59.21416018009867, 141.31887720682064]}], "rb_4XMM.renamed.noAb_Nup120_715-1036_Nup85_553-744_Nup145c_92-99_554-712_remaining_updated_1.pdb_37": [{"rot": [[0.09473602720250685, 0.9751150625419425, 0.20043876858958148], [-0.9954712960567731, 0.09438532354900331, 0.011327375053227187], [-0.007872983991627794, -0.20060415125907005, 0.9796407456923655]], "trans": [-517.3173372713497, 433.3770694075256, 153.09950569545032]}], "rb_4XMM.renamed.noAb_Nup120_715-1036_Nup85_553-744_Nup145c_92-99_554-712_remaining_updated_1.pdb_38": [{"rot": [[-0.6347902453765327, 0.7538749712067968, 0.16945168090860255], [-0.7711176033161283, -0.6320406747796563, -0.07682595446894887], [0.0491831905308067, -0.17943554054876149, 0.9825395160283287]], "trans": [-373.91092782206954, 818.5228199970783, 139.83644923465923]}], "rb_4XMM.renamed.noAb_Nup120_715-1036_Nup85_553-744_Nup145c_92-99_554-712_remaining_updated_1.pdb_39": [{"rot": [[-0.9926871002912944, 0.08532425051838416, 0.08539375380398402], [-0.0950469751769655, -0.9885550584844688, -0.1171536122126659], [0.0744203831283387, -0.1244132975941174, 0.9894356664062534]], "trans": [-0.9825301612349335, 989.0277174934922, 109.32339820946129]}], "rb_4XMM.renamed.noAb_Nup120_715-1036_Nup85_553-744_Nup145c_92-99_554-712_remaining_updated_1.pdb_40": [{"rot": [[-0.7692935135870568, -0.6388906607788611, -0.0024926938096163226], [0.6366888818009366, -0.7663066747383448, -0.08603108765168037], [0.053054290532918325, -0.06777022813159407, 0.996289334699031]], "trans": [383.00305541029337, 845.0077056194932, 79.45933304562362]}], "rb_4XMM.renamed.noAb_Nup120_715-1036_Nup85_553-744_Nup145c_92-99_554-712_remaining_updated_1.pdb_41": [{"rot": [[-0.09547659820473475, -0.9945144562167642, -0.04272254172124005], [0.9954287851243401, -0.0954917604419746, -0.001690394501413884], [-0.002398528951151488, -0.04268864091961695, 0.9990855453840296]], "trans": [553.1035720072223, 470.83185480821686, 67.7630491006276]}], "rb_4XMM.renamed.noAb_Nup120_715-1036_Nup85_553-744_Nup145c_92-99_554-712_remaining_updated_1.pdb_42": [{"rot": [[0.6340321960062001, -0.7732177021322854, -0.011728577783402496], [0.7710178411937582, 0.6309168491195363, 0.08646049998693403], [-0.059453031785348, -0.06386168339734197, 0.9961862388154061]], "trans": [409.67365192905027, 85.69777113958492, 81.11039932824204]}], "rb_4XMM.renamed.noAb_Nup120_2-711_3F7F_updated_1.pdb_42": [{"rot": [[0.9796274532270994, 0.19628880276369876, 0.04243534839471085], [-0.19967208257102298, 0.9294232349365774, 0.3103280680212113], [0.021473526155182394, -0.31247904932910425, 0.9496819106442123]], "trans": [-117.75533785423522, 70.34012700940991, 187.2686160295552]}], "rb_4XMM.renamed.noAb_Nup120_2-711_3F7F_updated_1.pdb_43": [{"rot": [[0.5541568255851428, 0.7882137327142393, 0.2676365524701042], [-0.8303573054581213, 0.5008592326721808, 0.24422689106517767], [0.05845475113047337, -0.35757396522638424, 0.9320535936643097]], "trans": [-345.9064319786427, 282.1906946025149, 204.46415619773424]}], "rb_4XMM.renamed.noAb_Nup120_2-711_3F7F_updated_1.pdb_44": [{"rot": [[-0.1913726490332825, 0.9048295227074106, 0.38034200930092255], [-0.9743282998341165, -0.22194305550966825, 0.03775770455670627], [0.11857855347550542, -0.3633521913352268, 0.9240748409666528]], "trans": [-357.95993435742395, 593.7733003522301, 203.95013675978328]}], "rb_4XMM.renamed.noAb_Nup120_2-711_3F7F_updated_1.pdb_45": [{"rot": [[-0.8202192924311105, 0.47782099868257377, 0.31452727312873097], [-0.5472448272025302, -0.8155558576797789, -0.18812693083201054], [0.16662356203094555, -0.3264287613280837, 0.9304197183819416]], "trans": [-146.85282000344233, 822.5585772908106, 186.05168245131495]}], "rb_4XMM.renamed.noAb_Nup120_2-711_3F7F_updated_1.pdb_46": [{"rot": [[-0.9639958741682217, -0.24266422516633263, 0.1087475443909796], [0.20070159229209023, -0.9322324243863899, -0.3011006107169035], [0.1744443333503965, -0.2684339411235026, 0.9473713072575284]], "trans": [163.74730022369124, 834.5210011104103, 161.27796507562195]}], "rb_4XMM.renamed.noAb_Nup120_2-711_3F7F_updated_1.pdb_47": [{"rot": [[-0.5384760454132143, -0.8345557458669631, -0.1164485103235817], [0.8313534000652812, -0.5036219777131781, -0.23498176049251587], [0.13745934932204815, -0.22334191412429186, 0.9649991278126914]], "trans": [391.88840977249066, 622.6529320625116, 144.16578248198687]}], "rb_4XMM.renamed.noAb_Nup120_2-711_3F7F_updated_1.pdb_48": [{"rot": [[0.20706467831964293, -0.9511151649224464, -0.2291378668987915], [0.975265874933018, 0.21918943927139078, -0.028503734896082364], [0.07733493507798185, -0.21756822554416988, 0.9729765542139458]], "trans": [403.9241432188886, 311.0697891303266, 144.76369741672244]}], "rb_4XMM.renamed.noAb_Nup120_2-711_3F7F_updated_1.pdb_49": [{"rot": [[0.8358780289434379, -0.524060331162272, -0.16330551133296423], [0.548133059951885, 0.8127687068567772, 0.19737572733784564], [0.029292820236612435, -0.254495183562381, 0.966630297593725]], "trans": [192.80571154540695, 82.30148756102403, 162.74544778164625]}]}
