{"rb_ScNup133N_56-480_renamed_1.pdb_0": [{"rot": [[-0.7333900738996983, -0.40621324918158636, 0.5450961343604693], [0.26977363997626896, -0.9099048713663528, -0.31511158061507183], [0.6239881270339548, -0.08404713709052133, 0.7769008276913713]], "trans": [973.9930987913448, 311.987668615511, -271.24260039012387]}], "rb_ScNup133N_56-480_renamed_1.pdb_1": [{"rot": [[-0.31740778690416793, -0.9311166820347695, 0.17964971819948372], [0.7435649286180267, -0.3619501983861605, -0.5622306028823775], [0.5885265446365703, -0.044875141501444005, 0.8072315206515155]], "trans": [589.3746089348591, -342.7751072369866, -237.35915679498248]}], "rb_ScNup133N_56-480_renamed_1.pdb_2": [{"rot": [[0.3108164473020898, -0.9161660203396589, -0.25304734588904887], [0.7833708172635441, 0.39769772713164, -0.4776679605062156], [0.5382595087375115, -0.049762847680898226, 0.8413087187497426]], "trans": [-144.2287341854447, -532.7408769711806, -177.92091638171655]}], "rb_ScNup133N_56-480_renamed_1.pdb_3": [{"rot": [[0.7832600143593468, -0.37011957252158056, -0.4995150167334621], [0.36587245508124744, 0.9240264393829715, -0.11096164172379974], [0.5026341577316538, -0.09584696843230242, 0.8591695188516179]], "trans": [-797.059835023291, -146.62489736424766, -127.72363356242062]}], "rb_ScNup133N_56-480_renamed_1.pdb_4": [{"rot": [[0.8231588112311664, 0.387140953032721, -0.41536905755893994], [-0.2643537306355671, 0.9087051574961612, 0.32306662136303627], [0.5025203245556775, -0.1561307760333815, 0.8503508124201818]], "trans": [-986.6791164500838, 589.3807632899377, -116.14957949313981]}], "rb_ScNup133N_56-480_renamed_1.pdb_5": [{"rot": [[0.4071395601370011, 0.9120016630801254, -0.04990335770794191], [-0.7381123541047708, 0.3607093044305773, 0.5701569524395143], [0.5379846942891171, -0.19529916598973615, 0.8200187220267294]], "trans": [-602.0030164348764, 1244.1137280955177, -149.9549933406339]}], "rb_ScNup133N_56-480_renamed_1.pdb_6": [{"rot": [[-0.22108779576074694, 0.8969917531388522, 0.38278712278044935], [-0.7778689337015138, -0.39893742234643265, 0.48556035158736555], [0.5882517390945107, -0.19040674319063544, 0.7859422139062204]], "trans": [131.62169503967664, 1434.02231132976, -209.31218211551965]}], "rb_ScNup133N_56-480_renamed_1.pdb_7": [{"rot": [[-0.6934988133714585, 0.35090424009222887, 0.6292261995003594], [-0.36033350453025137, -0.9252232592700489, 0.11883470039785066], [0.6238743153595265, -0.144319557894954, 0.7680837869944129]], "trans": [784.429231222614, 1047.855504018201, -259.42486279592026]}], "rb_ScNup133C_490_881_renamed_relative_3CQC_1.pdb_7": [{"rot": [[0.8205587058120772, 0.28054292999101293, -0.49797497401784263], [-0.2838350581166439, 0.9562398881621584, 0.07101363299781878], [0.49610590613288896, 0.08307190090328438, 0.864278883914437]], "trans": [179.38055097465724, 156.41197988761087, -254.681034373368]}], "rb_ScNup133C_490_881_renamed_relative_3CQC_1.pdb_8": [{"rot": [[0.3914352952827038, 0.8746701396347117, -0.28588556528502995], [-0.7504246022265159, 0.4832254128547886, 0.450950237547891], [0.5325798775584022, 0.03801772221895697, 0.8455254737837081]], "trans": [-83.31145940024169, 108.18551843139562, -233.4669717453425]}], "rb_ScNup133C_490_881_renamed_relative_3CQC_1.pdb_9": [{"rot": [[-0.2410080643376148, 0.9615109004058912, 0.13195416372700391], [-0.7758184362510313, -0.27255753850065767, 0.5690502105961049], [0.5831130824267665, 0.03477321680718248, 0.8116464479658863]], "trans": [-303.1246386339651, 260.4423528565901, -216.64606337030375]}], "rb_ScNup133C_490_881_renamed_relative_3CQC_1.pdb_10": [{"rot": [[-0.7062771355319254, 0.4901926701900674, 0.5107678082228302], [-0.345140494165569, -0.8683606564605459, 0.356128922721197], [0.6181024568079057, 0.07523906168570502, 0.7824886174793149]], "trans": [-351.2874136263066, 523.9883995307295, -214.04822964797114]}], "rb_ScNup133C_490_881_renamed_relative_3CQC_1.pdb_11": [{"rot": [[-0.7318107361006969, -0.2631796861652834, 0.6286409939844066], [0.289312012997223, -0.9551540737000104, -0.06308133344955258], [0.6170507318391694, 0.13570979435627303, 0.775133050548438]], "trans": [-199.5834383523616, 744.4347851080244, -227.17131330115615]}], "rb_ScNup133C_490_881_renamed_relative_3CQC_1.pdb_12": [{"rot": [[-0.3026509228069752, -0.8572700197569726, 0.41652194678068266], [0.7558678607610309, -0.4820929826129899, -0.4430012789867068], [0.5805740228365656, 0.18076080698313712, 0.7938887419948564]], "trans": [63.11887278560525, 792.6410254184377, -248.30362198915674]}], "rb_ScNup133C_490_881_renamed_relative_3CQC_1.pdb_13": [{"rot": [[0.32979443456841, -0.944051836493285, -0.0013270046578346406], [0.7812120550683622, 0.2736967594803545, -0.5610684529233687], [0.5300409002554162, 0.18400058115020237, 0.8277683433140088]], "trans": [282.92671515965003, 640.3673419753213, -265.041546415803]}], "rb_ScNup133C_490_881_renamed_relative_3CQC_1.pdb_14": [{"rot": [[0.7950299281954194, -0.4726871245064728, -0.3801240529082468], [0.3504976095408428, 0.8694628650263783, -0.34811744002028927], [0.49505437982078715, 0.14353121146958625, 0.8569247063507575]], "trans": [331.07546875574343, 376.8179223937684, -267.5557695460449]}], "rb_ScNup84_506-726_ScNup133C_882_1155_renamed_relative_3CQC_new_1.pdb_14": [{"rot": [[-0.9384535994355532, 0.26210198969512977, -0.2249608603831073], [0.29293057312523185, 0.2588313719964961, -0.9204335935845315], [-0.18302054812227225, -0.9296821327035737, -0.3196789187556124]], "trans": [1096.3251857202101, 325.08428963197866, 767.1116917538611]}], "rb_ScNup84_506-726_ScNup133C_882_1155_renamed_relative_3CQC_new_1.pdb_15": [{"rot": [[-0.46241430605973244, 0.34990965014255554, -0.8147000959177618], [0.8579775531914007, -0.055249294106895386, -0.5107073856137061], [-0.22371304783358748, -0.9351527961984629, -0.2746665614726389]], "trans": [705.8611902767202, -359.9214085424271, 801.6082044378361]}], "rb_ScNup84_506-726_ScNup133C_882_1155_renamed_relative_3CQC_new_1.pdb_16": [{"rot": [[0.27261777089812034, 0.1906284236624306, -0.943048437293926], [0.9196830202376486, -0.3395344576249989, 0.19722954741076126], [-0.282599881948128, -0.9210739146112399, -0.2678808513978358]], "trans": [-53.19510465431529, -567.1169302412517, 863.1590335953342]}], "rb_ScNup84_506-726_ScNup133C_882_1155_renamed_relative_3CQC_new_1.pdb_17": [{"rot": [[0.8360504768038094, -0.12243250140789436, -0.5348176164218299], [0.44189904162119836, -0.42748586134810396, 0.7886577682123818], [-0.32518431273723525, -0.8956930952879308, -0.30329695317153516]], "trans": [-736.1759054692727, -175.12410060128815, 915.730840540389]}], "rb_ScNup84_506-726_ScNup133C_882_1155_renamed_relative_3CQC_new_1.pdb_18": [{"rot": [[0.897816988136629, -0.40587762100317964, 0.17084499577707807], [-0.29548179123033474, -0.2675803328604233, 0.9171102859076526], [-0.32651978020417605, -0.873878780057682, -0.36016761500766864]], "trans": [-942.9795156821951, 586.422270470654, 928.5503244032955]}], "rb_ScNup84_506-726_ScNup133C_882_1155_renamed_relative_3CQC_new_1.pdb_19": [{"rot": [[0.4217336116500041, -0.49366078748832076, 0.7605522912338459], [-0.8604913893627795, 0.04650721458200828, 0.5073378044501853], [-0.285823948676725, -0.8684101023642183, -0.40517720132629725]], "trans": [-552.455551160185, 1271.3976977919783, 894.1316556836273]}], "rb_ScNup84_506-726_ScNup133C_882_1155_renamed_relative_3CQC_new_1.pdb_20": [{"rot": [[-0.31330329793459233, -0.3343573841936746, 0.8888454213970333], [-0.9221391635548164, 0.33077986705299534, -0.2006091787302473], [-0.22693701007488765, -0.882490690708726, -0.4119584618268013]], "trans": [206.62345663112836, 1478.5340346795076, 832.6617807217816]}], "rb_ScNup84_506-726_ScNup133C_882_1155_renamed_relative_3CQC_new_1.pdb_21": [{"rot": [[-0.8766987549620782, -0.021289590947231568, 0.48056846168390943], [-0.444310978451134, 0.4187066964906338, -0.792005338834085], [-0.1843557633374545, -0.9078719379026964, -0.37653883849221276]], "trans": [889.5802352528472, 1086.4880111573566, 780.1746238968308]}], "rb_4XMM.renamed.noAb_Nup145c_149-550_Sec13_Nup84_7-436_3IKO_updated_1.pdb_21": [{"rot": [[0.999196904993873, -0.035393736640587654, 0.01878372852453641], [0.035610991275598684, 0.999301155306937, -0.011360383030162232], [-0.01836851521043532, 0.012020166755893489, 0.999759027586211]], "trans": [10.065470479409555, -17.517127844725792, 4.685717436705772]}], "rb_4XMM.renamed.noAb_Nup145c_149-550_Sec13_Nup84_7-436_3IKO_updated_1.pdb_22": [{"rot": [[0.7331149248035926, 0.6796424855499724, 0.02507187399617023], [-0.6800753922275734, 0.732242266222288, 0.036314245746836886], [0.006322018406857385, -0.043673280081817235, 0.9990258638744844]], "trans": [-320.8368289464637, 119.46673362952035, 30.435426784439017]}], "rb_4XMM.renamed.noAb_Nup145c_149-550_Sec13_Nup84_7-436_3IKO_updated_1.pdb_23": [{"rot": [[0.04041484703259823, 0.9971869534854614, 0.06312543019827287], [-0.9971899917856544, 0.03626535695373123, 0.06555108059785172], [0.06307741610005345, -0.06559728411606527, 0.9958505088087961]], "trans": [-458.3461233660907, 451.0191564718026, 39.82384820910647]}], "rb_4XMM.renamed.noAb_Nup145c_149-550_Sec13_Nup84_7-436_3IKO_updated_1.pdb_24": [{"rot": [[-0.6731098556897651, 0.7312176404722722, 0.11065208735251011], [-0.7299626036616672, -0.6809164857747924, 0.05922277142778642], [0.11864956564937115, -0.040908454655131245, 0.9920931301591327]], "trans": [-321.9056158881387, 782.9121732871297, 27.37511696458239]}], "rb_4XMM.renamed.noAb_Nup145c_149-550_Sec13_Nup84_7-436_3IKO_updated_1.pdb_25": [{"rot": [[-0.9894663518104282, 0.03754312024084473, 0.13981005957206397], [-0.034938799724816116, -0.9991680262289308, 0.021036530977624535], [0.14048351828151154, 0.01593014389027425, 0.9899548533175055]], "trans": [8.557833734916073, 920.7182919287252, 0.40588024220619445]}], "rb_4XMM.renamed.noAb_Nup145c_149-550_Sec13_Nup84_7-436_3IKO_updated_1.pdb_26": [{"rot": [[-0.723328545275312, -0.6774722924465155, 0.1335181956033114], [0.6807266758430559, -0.7320530246639299, -0.026637602670938756], [0.11578863668583464, 0.0716216590680132, 0.9906883110074436]], "trans": [339.45599051851235, 783.708861825249, -25.260897918630008]}], "rb_4XMM.renamed.noAb_Nup145c_149-550_Sec13_Nup84_7-436_3IKO_updated_1.pdb_27": [{"rot": [[-0.030603715695759537, -0.9949624871202345, 0.09546235807442975], [0.9977868965710845, -0.03605121531808936, -0.055871449821290664], [0.05903153069891855, 0.09354121603660218, 0.9938638333724277]], "trans": [476.94596189407275, 452.1460557594618, -34.56525206854968]}], "rb_4XMM.renamed.noAb_Nup145c_149-550_Sec13_Nup84_7-436_3IKO_updated_1.pdb_28": [{"rot": [[0.6829001643404304, -0.7289372311287023, 0.04793619319714691], [0.7305035146076777, 0.6811097282682861, -0.0495394106155102], [0.003461313283093053, 0.06884802925808844, 0.9976211546361846]], "trans": [340.48609736046126, 120.26415735544651, -22.032555453949726]}], "rb_4XMM.renamed.noAb_Seh1_Nup85_47_544_3F3F_1.pdb_28": [{"rot": [[0.6023871986977947, -0.7763931387333416, 0.18531960763181282], [0.18479384986865677, 0.3615122809268901, 0.9138709448219442], [-0.7765184453029685, -0.5162582346721674, 0.36124304732054474]], "trans": [542.3858535351006, -9.40804439596036, 832.5532835172125]}], "rb_4XMM.renamed.noAb_Seh1_Nup85_47_544_3F3F_1.pdb_29": [{"rot": [[0.5419843425591294, -0.3057612229792747, 0.7827918286127936], [-0.3385998478510925, 0.773063099863584, 0.5363987198572702], [-0.7691574061633678, -0.5557729015987731, 0.3154573923567416]], "trans": [78.63040549466598, -202.27506057134383, 870.4970917182478]}], "rb_4XMM.renamed.noAb_Seh1_Nup85_47_544_3F3F_1.pdb_30": [{"rot": [[0.13032060353066632, 0.31724741735319256, 0.9393458449783694], [-0.6656977057421105, 0.7301102226370104, -0.1542258972112664], [-0.7347537715895631, -0.6052215618958556, 0.30633928274259525]], "trans": [-385.36445597704807, -9.627667724707635, 906.5842730104371]}], "rb_4XMM.renamed.noAb_Seh1_Nup85_47_544_3F3F_1.pdb_31": [{"rot": [[-0.3914455956060008, 0.7276655363354724, 0.563270106529955], [-0.6048811865720428, 0.2578160503620651, -0.7534252678978166], [-0.6934616758061363, -0.6356364931352736, 0.3392302356554183]], "trans": [-577.782085363101, 455.67869188132977, 919.6984526647459]}], "rb_4XMM.renamed.noAb_Seh1_Nup85_47_544_3F3F_1.pdb_32": [{"rot": [[-0.7176562584932045, 0.6850644129722675, -0.1251249164814558], [-0.19177746478363558, -0.36714283149475946, -0.9101799521430725], [-0.6694706107415695, -0.6292001997464456, 0.39486226711644234]], "trans": [-385.89960894130496, 921.0611087650598, 902.1811642309336]}], "rb_4XMM.renamed.noAb_Seh1_Nup85_47_544_3F3F_1.pdb_33": [{"rot": [[-0.6572125792412744, 0.21440038600558303, -0.7225677132059544], [0.3316114746369852, -0.7786566980215018, -0.5326608456751157], [-0.6768348805847032, -0.5896831531482839, 0.4406453486841565]], "trans": [77.87742639679828, 1113.8921180190953, 864.318287168481]}], "rb_4XMM.renamed.noAb_Seh1_Nup85_47_544_3F3F_1.pdb_34": [{"rot": [[-0.2455233174118685, -0.4086049212047169, -0.8790678693788959], [0.6586770111931739, -0.7356549238612783, 0.15797603591772352], [-0.711240392225225, -0.5402349964283484, 0.4497591056347433]], "trans": [541.8638074332132, 921.2087123003715, 828.3144336283256]}], "rb_4XMM.renamed.noAb_Seh1_Nup85_47_544_3F3F_1.pdb_35": [{"rot": [[0.2762381525967556, -0.8189862153200074, -0.502945386861969], [0.5978195419462502, -0.2633285546421631, 0.7571458694183298], [-0.7525319118264028, -0.5098231570121873, 0.4168645706425761]], "trans": [734.2516832880992, 455.8876643101164, 815.2851735698122]}], "rb_4XMM.renamed.noAb_Nup120_715-1036_Nup85_553-744_Nup145c_92-99_554-712_remaining_updated_1.pdb_35": [{"rot": [[0.9993020150440417, -0.01966899506293303, -0.031758673809416764], [0.01621897230545445, 0.9942919341396632, -0.10545375594147112], [0.03365156261265619, 0.10486505775530174, 0.9939169442140046]], "trans": [18.326819596583505, 26.86445220230968, -71.39782525156556]}], "rb_4XMM.renamed.noAb_Nup120_715-1036_Nup85_553-744_Nup145c_92-99_554-712_remaining_updated_1.pdb_36": [{"rot": [[0.7205466549193817, 0.6890944186706355, -0.077210104529584], [-0.6908652515360342, 0.7229658028131172, 0.005064798400547563], [0.059310389516024645, 0.04969235474159894, 0.9970019797250622]], "trans": [-285.1955538453991, 140.64429419829548, -47.71756703045787]}], "rb_4XMM.renamed.noAb_Nup120_715-1036_Nup85_553-744_Nup145c_92-99_554-712_remaining_updated_1.pdb_37": [{"rot": [[0.024945461261108914, 0.9991937621109743, -0.031457109228097614], [-0.992909751839302, 0.028422370589304136, 0.11542267347666252], [0.11622370096020218, 0.028354798687386502, 0.9928182395214704]], "trans": [-419.69357267621507, 436.3735765459353, -38.39486642177263]}], "rb_4XMM.renamed.noAb_Nup120_715-1036_Nup85_553-744_Nup145c_92-99_554-712_remaining_updated_1.pdb_38": [{"rot": [[-0.6800085787089291, 0.7289684674699907, 0.07869756233019788], [-0.7129726014992407, -0.6824650268726711, 0.16097067002124707], [0.17105087662349827, 0.053352230788762396, 0.98381661760523]], "trans": [-306.3744877034446, 740.8100326582797, -48.86708799096954]}], "rb_4XMM.renamed.noAb_Nup120_715-1036_Nup85_553-744_Nup145c_92-99_554-712_remaining_updated_1.pdb_39": [{"rot": [[-0.9813434485243208, 0.036720322525027535, 0.18872375036558403], [-0.015044930298878174, -0.9932485286272796, 0.11502612943173228], [0.19167338393917716, 0.11004080285694796, 0.9752703910177437]], "trans": [-11.620303363970322, 875.610610785866, -72.97545178330256]}], "rb_4XMM.renamed.noAb_Nup120_715-1036_Nup85_553-744_Nup145c_92-99_554-712_remaining_updated_1.pdb_40": [{"rot": [[-0.702532932625546, -0.6720219487163123, 0.2341665625576803], [0.6920173911924495, -0.7218667772992975, 0.004504011403478322], [0.16601026734436103, 0.165211550065534, 0.9721860597957559]], "trans": [291.8997364614085, 761.8073483685816, -96.57293346010692]}], "rb_4XMM.renamed.noAb_Nup120_715-1036_Nup85_553-744_Nup145c_92-99_554-712_remaining_updated_1.pdb_41": [{"rot": [[-0.006908162454380917, -0.9820671304948272, 0.18840495878070485], [0.9940072854663893, -0.027299029299350186, -0.10585026896069949], [0.1090953423902372, 0.18654467079219506, 0.9763704686581767]], "trans": [426.3812261496872, 466.06791795165213, -105.81179062943232]}], "rb_4XMM.renamed.noAb_Nup120_715-1036_Nup85_553-744_Nup145c_92-99_554-712_remaining_updated_1.pdb_42": [{"rot": [[0.6980240633136471, -0.7117863836876005, 0.07824673176582311], [0.7140148143997586, 0.6835671351889469, -0.15138961822811273], [0.05427017461537317, 0.16154292211825097, 0.9853723318932356]], "trans": [313.044926191731, 161.6407645944621, -95.25576559241546]}], "rb_4XMM.renamed.noAb_Nup120_2-711_3F7F_updated_1.pdb_42": [{"rot": [[-0.6953145782479191, 0.7019886335319477, 0.15410903824197772], [0.3958523985859582, 0.195091366910629, 0.897351791155891], [0.5998654147470599, 0.6849462146394352, -0.4135337558669748]], "trans": [557.8918349239691, -23.422251385119466, -337.5675498442307]}], "rb_4XMM.renamed.noAb_Nup120_2-711_3F7F_updated_1.pdb_43": [{"rot": [[-0.2020071312214805, 0.6487473456906291, 0.7337029374311043], [0.8044915162586105, -0.31733485695789965, 0.5020876306258014], [0.5585575343718759, 0.6916830705018541, -0.4578078317127589]], "trans": [56.61123930458757, -290.5105187939042, -296.2716335891256]}], "rb_4XMM.renamed.noAb_Nup120_2-711_3F7F_updated_1.pdb_44": [{"rot": [[0.4349889767530469, 0.2498803593553335, 0.8650690123405105], [0.7433955921181502, -0.6417607830700556, -0.1884305997777796], [0.5080822607832731, 0.7250537244382365, -0.46491882404953194]], "trans": [-486.2457217077635, -123.7055129048755, -253.7729192310136]}], "rb_4XMM.renamed.noAb_Nup120_2-711_3F7F_updated_1.pdb_45": [{"rot": [[0.8425124439790621, -0.2609504208542156, 0.47125116402661016], [0.24835547997858942, -0.5881331295037795, -0.7696875843773853], [0.4780087209508125, 0.7655091768464294, -0.43070101330141997]], "trans": [-752.663872729635, 379.2761586767698, -234.94374797156217]}], "rb_4XMM.renamed.noAb_Nup120_2-711_3F7F_updated_1.pdb_46": [{"rot": [[0.781830277274678, -0.5844931211772632, -0.21704655913665283], [-0.39062734240313585, -0.18786773186811132, -0.9011747858710838], [0.4859544185452609, 0.7893500532838341, -0.3751996754757988]], "trans": [-586.5697910572216, 923.7808574921138, -250.79050892468632]}], "rb_4XMM.renamed.noAb_Nup120_2-711_3F7F_updated_1.pdb_47": [{"rot": [[0.2884909455138733, -0.5312118658124936, -0.7966096459223423], [-0.7992277280180153, 0.3245542961598678, -0.5058651476543259], [0.5272646518814547, 0.7826100321770613, -0.3309282768397804]], "trans": [-85.26181832151087, 1190.830170254054, -292.0059411835301]}], "rb_4XMM.renamed.noAb_Nup120_2-711_3F7F_updated_1.pdb_48": [{"rot": [[-0.34850041467329496, -0.13231956541828982, -0.9279218682518778], [-0.7380818097074159, 0.6489489054107724, 0.184663370339613], [0.5777393037967612, 0.749237512924756, -0.3238216269410654]], "trans": [457.58867994576633, 1023.9829609465164, -334.4214584920811]}], "rb_4XMM.renamed.noAb_Nup120_2-711_3F7F_updated_1.pdb_49": [{"rot": [[-0.7559852829110042, 0.37850704605298824, -0.5340586747822826], [-0.24300972857513456, 0.5952811598214323, 0.7658894258177795], [0.6078096115066018, 0.7087825878574399, -0.358042901494084]], "trans": [723.9741410068768, 520.9807941226866, -353.1654478510096]}]}
