{"rb_ScNup133N_56-480_renamed_1.pdb_0": [{"rot": [[0.6236974755483184, 0.09523935325855762, 0.7758420745135873], [0.5436239272084956, 0.6603528517484025, -0.5180802418102478], [-0.5616711535774891, 0.7448916543891765, 0.3600860153633973]], "trans": [-7.7797013952288125, -110.57946220429983, 406.7243227633073]}], "rb_ScNup133N_56-480_renamed_1.pdb_1": [{"rot": [[0.8143109012838969, 0.5477868762529788, 0.19190438831671125], [-0.0875148512329019, 0.44271925969654113, -0.8923792959876589], [-0.5737934357100041, 0.7098797048083219, 0.4084506063618455]], "trans": [-391.1480956096432, 89.39608448309556, 436.34942044415425]}], "rb_ScNup133N_56-480_renamed_1.pdb_2": [{"rot": [[0.5042588199835285, 0.7144952509627004, -0.48499441112302255], [-0.6688286748921634, -0.03212523403248779, -0.7427221371282474], [-0.5462519987247759, 0.6989023577654506, 0.4616754793132095]], "trans": [-521.3677108972571, 502.68934649756216, 444.75910152301685]}], "rb_ScNup133N_56-480_renamed_1.pdb_3": [{"rot": [[-0.12482588739268535, 0.497704360894684, -0.8583174628207457], [-0.8597757093447795, -0.48601002970485774, -0.15678003905779608], [-0.4951810047420128, 0.718390297938869, 0.48858075317187144]], "trans": [-322.1521471867469, 887.1874203112104, 427.0508611485809]}], "rb_ScNup133N_56-480_renamed_1.pdb_4": [{"rot": [[-0.704416529169384, 0.02441336620232376, -0.7093668592369038], [-0.5484964894552227, -0.6530430142400754, 0.5221938553904413], [-0.4504985621378328, 0.7569272151950328, 0.47340493914706594]], "trans": [89.79722270008597, 1017.6460296563441, 393.6224411195667]}], "rb_ScNup133N_56-480_renamed_1.pdb_5": [{"rot": [[-0.8949807351657284, -0.4281171950205705, -0.12539996415442134], [0.08265722872820463, -0.4353739101323281, 0.8964470653167758], [-0.4383802758122046, 0.7919376400347475, 0.42503824307350163]], "trans": [473.1565627366828, 817.6407985073711, 364.0806861308796]}], "rb_ScNup133N_56-480_renamed_1.pdb_6": [{"rot": [[-0.584883306553756, -0.5947885393287142, 0.5514871813541624], [0.6639466978262241, 0.039483652297697514, 0.7467367833761012], [-0.465925208762519, 0.8029119719399183, 0.3718145574814871]], "trans": [603.3504795021751, 404.3377281402992, 355.7555776948247]}], "rb_ScNup133N_56-480_renamed_1.pdb_7": [{"rot": [[0.0442163106118971, -0.37796224316044225, 0.9247645433411674], [0.854844350659702, 0.4933514174868623, 0.1607654036442394], [-0.5169971508829269, 0.7834212925424158, 0.3449130678447917]], "trans": [404.1114541603745, 19.855701544630506, 373.548086618458]}], "rb_ScNup133C_490_881_renamed_relative_3CQC_1.pdb_7": [{"rot": [[0.806864157301626, 0.38725900573736316, -0.44609493847974396], [-0.31367151745637634, 0.920759732560074, 0.23197347700225518], [0.500580074312344, -0.04724380775520258, 0.8644001456676407]], "trans": [148.7118027967539, 124.71730318977147, -226.61441902996705]}], "rb_ScNup133C_490_881_renamed_relative_3CQC_1.pdb_8": [{"rot": [[0.36078070944855933, 0.9227362943758093, -0.13562820772757575], [-0.7616128261750752, 0.37542168944841325, 0.5282087258814592], [0.5383151332587719, -0.08727133626397326, 0.8382127004354514]], "trans": [-126.84339316939008, 109.00505721414646, -204.53327787268438]}], "rb_ScNup133C_490_881_renamed_relative_3CQC_1.pdb_9": [{"rot": [[-0.27051459000064526, 0.917109667276316, 0.29279978617667707], [-0.7617950363264726, -0.38987736731414857, 0.5173625045212853], [0.588634164167466, -0.08309931795456263, 0.8041171084676382]], "trans": [-332.83649869070473, 293.36814002937416, -188.9701270060923]}], "rb_ScNup133C_490_881_renamed_relative_3CQC_1.pdb_10": [{"rot": [[-0.7172000533649221, 0.3736752819292088, 0.5882098835691895], [-0.3141114066347171, -0.9268144595594027, 0.2057886823262446], [0.6220595692337773, -0.03717177997808167, 0.7820870482867932]], "trans": [-348.5919347107523, 569.8041749980059, -189.01807474708096]}], "rb_ScNup133C_490_881_renamed_relative_3CQC_1.pdb_11": [{"rot": [[-0.7176010379404437, -0.38921533630434346, 0.5775466841150542], [0.31917868028758234, -0.920844267837078, -0.22398840247091495], [0.6190102748716492, 0.02360627834056174, 0.7850280397707032]], "trans": [-164.8780313180776, 776.3731518825034, -204.62502773172963]}], "rb_ScNup133C_490_881_renamed_relative_3CQC_1.pdb_12": [{"rot": [[-0.2714826413089878, -0.9246501065054088, 0.2670568404056162], [0.767084962131117, -0.37546421463781643, -0.5201992737391218], [0.581272600713467, 0.06363021346768394, 0.8112172086401143]], "trans": [110.68492985311678, 792.0641681965337, -226.6242079424075]}], "rb_ScNup133C_490_881_renamed_relative_3CQC_1.pdb_13": [{"rot": [[0.35981268951334644, -0.9189637906599437, -0.16137031920733932], [0.7672176235133708, 0.38983437501550466, -0.5093194265161756], [0.5309538083822991, 0.059453439868331404, 0.8453125705040443]], "trans": [316.67019405025655, 607.6853221351873, -242.10418052207183]}], "rb_ScNup133C_490_881_renamed_relative_3CQC_1.pdb_14": [{"rot": [[0.8064632484666713, -0.3754875127672747, -0.4567561237995928], [0.3194989495260934, 0.9267287965938559, -0.197722428711124], [0.4975313559207159, 0.013522770409512733, 0.8673405816380003]], "trans": [332.41060245369573, 331.2484582581098, -241.97255436475547]}], "rb_ScNup84_506-726_ScNup133C_882_1155_renamed_relative_3CQC_new_1.pdb_14": [{"rot": [[0.9699470190402125, 0.19763913309164036, 0.14192094040623635], [-0.22378280509827284, 0.9535922448601334, 0.20145244273763485], [-0.09551982201278464, -0.22715766245803043, 0.9691621948823889]], "trans": [-83.17856422950297, 87.4035429751369, 131.84415358774814]}], "rb_ScNup84_506-726_ScNup133C_882_1155_renamed_relative_3CQC_new_1.pdb_15": [{"rot": [[0.527983305984418, 0.8078966601681047, 0.2617949867567868], [-0.8473222896963187, 0.5219119105320947, 0.09824914772417168], [-0.057258763395238, -0.27369863743533773, 0.9601096238870265]], "trans": [-310.4596597609652, 266.69536985755065, 149.1287631289676]}], "rb_ScNup84_506-726_ScNup133C_882_1155_renamed_relative_3CQC_new_1.pdb_16": [{"rot": [[-0.22417583737865387, 0.9352836296024155, 0.2738425206817062], [-0.9745430851482922, -0.21609737996791267, -0.05973020643403007], [0.003311966972604441, -0.2802614039940836, 0.9599180049910707]], "trans": [-344.84819779217014, 554.6476819783896, 150.5099568687436]}], "rb_ScNup84_506-726_ScNup133C_882_1155_renamed_relative_3CQC_new_1.pdb_17": [{"rot": [[-0.845904979422994, 0.5051749585436844, 0.1710059269375485], [-0.530917455665211, -0.8280993783339885, -0.17993908656220217], [0.050709181193962484, -0.24300140094914627, 0.9686995912455983]], "trans": [-166.19697452678804, 782.5740715648448, 135.20261694067034]}], "rb_ScNup84_506-726_ScNup133C_882_1155_renamed_relative_3CQC_new_1.pdb_18": [{"rot": [[-0.9729864223581253, -0.23046562896962164, 0.013528332135613053], [0.22367244988035967, -0.9555746846951089, -0.19195743573605162], [0.057166922877244036, -0.18374606345029293, 0.9813100056023413]], "trans": [120.83951780333575, 816.9521626302568, 112.19800380929252]}], "rb_ScNup84_506-726_ScNup133C_882_1155_renamed_relative_3CQC_new_1.pdb_19": [{"rot": [[-0.5309740650643027, -0.8406895042399241, -0.10633766825503967], [0.8471772251021563, -0.5238464671831097, -0.08874473555081414], [0.018902155890225078, -0.1372080037046106, 0.9903618895242767]], "trans": [348.11316811593707, 637.6429014926032, 94.99654911320289]}], "rb_ScNup84_506-726_ScNup133C_882_1155_renamed_relative_3CQC_new_1.pdb_20": [{"rot": [[0.22119502118151468, -0.9680189169772387, -0.11837288109495983], [0.9743389812579205, 0.21417279701561276, 0.06923555892592556], [-0.041669079732884196, -0.13064987329776231, 0.9905525217783718]], "trans": [382.48578083868836, 349.6882983820825, 93.69911245506859]}], "rb_ScNup84_506-726_ScNup133C_882_1155_renamed_relative_3CQC_new_1.pdb_21": [{"rot": [[0.8428895800724109, -0.5378625018553271, -0.015526909006021161], [0.5306645686108433, 0.8261410168618218, 0.18943636366754127], [-0.08906330010964411, -0.1679135174917186, 0.9817702273022625]], "trans": [203.82330812402643, 121.77633675592188, 109.08975542426833]}], "rb_4XMM.renamed.noAb_Nup145c_149-550_Sec13_Nup84_7-436_3IKO_updated_1.pdb_21": [{"rot": [[0.9932464483090886, -0.034018945789341636, 0.1109243176619214], [0.03448414664265264, 0.9994026498681701, -0.0022775132948290285], [-0.1107805784048316, 0.006087262427555545, 0.9938262467274794]], "trans": [-17.542957541548617, -18.34148347676694, 57.352677034299006]}], "rb_4XMM.renamed.noAb_Nup145c_149-550_Sec13_Nup84_7-436_3IKO_updated_1.pdb_22": [{"rot": [[0.7262750866939198, 0.6805713974887453, 0.09668025324726666], [-0.6820013725942469, 0.7310033998353842, -0.02254234257287816], [-0.08601526740819158, -0.04956412361099411, 0.9950601848247027]], "trans": [-339.9495919075989, 141.37482710906747, 82.31462517198057]}], "rb_4XMM.renamed.noAb_Nup145c_149-550_Sec13_Nup84_7-436_3IKO_updated_1.pdb_23": [{"rot": [[0.032382584917690804, 0.9968556540401509, 0.07231993640920258], [-0.9990499298670633, 0.034395383582213224, -0.026761823944710418], [-0.029165147465147468, -0.07138461036116245, 0.997022382686026]], "trans": [-455.4253844334087, 482.9685486680606, 89.89798440363126]}], "rb_4XMM.renamed.noAb_Nup145c_149-550_Sec13_Nup84_7-436_3IKO_updated_1.pdb_24": [{"rot": [[-0.6819390455948081, 0.7295500467690444, 0.05211398423193457], [-0.7309300099407238, -0.6823386007972059, -0.012464125728019079], [0.026466179574974324, -0.0465914490158377, 0.998563357137297]], "trans": [-296.3210743094202, 806.3293794346594, 75.6843208671715]}], "rb_4XMM.renamed.noAb_Nup145c_149-550_Sec13_Nup84_7-436_3IKO_updated_1.pdb_25": [{"rot": [[-0.9982301217543651, 0.03524596942390309, 0.04789932840483188], [-0.03471004239894895, -0.9993256793042298, 0.011974958864313143], [0.04828909793035911, 0.010291176925313932, 0.998780383617221]], "trans": [44.159703562224934, 922.0281021532562, 48.02420397610166]}], "rb_4XMM.renamed.noAb_Nup145c_149-550_Sec13_Nup84_7-436_3IKO_updated_1.pdb_26": [{"rot": [[-0.7312028714425378, -0.679323459798999, 0.062144973738058426], [0.6817544990707471, -0.7308703518316371, 0.03223866948700532], [0.023519434325273734, 0.06594062314094003, 0.9975463249537849]], "trans": [366.56042206461285, 762.2868904984862, 23.145325114045306]}], "rb_4XMM.renamed.noAb_Nup145c_149-550_Sec13_Nup84_7-436_3IKO_updated_1.pdb_27": [{"rot": [[-0.03728562297622451, -0.9955533938319342, 0.08650562033181093], [0.9987485839253821, -0.03423753443299027, 0.036456238738964586], [-0.03333239304816589, 0.08775665938073524, 0.9955841101122571]], "trans": [482.01610778817815, 420.6845154039771, 15.64608721177342]}], "rb_4XMM.renamed.noAb_Nup145c_149-550_Sec13_Nup84_7-436_3IKO_updated_1.pdb_28": [{"rot": [[0.6770151152598055, -0.7281918784763386, 0.10671045792635214], [0.7305726076405141, 0.6824754459368584, 0.022156955084666776], [-0.08896178210383299, 0.06295914400931649, 0.9940432322140332]], "trans": [322.89310545015064, 97.33658158876153, 29.94365447287811]}], "rb_4XMM.renamed.noAb_Seh1_Nup85_47_544_3F3F_1.pdb_28": [{"rot": [[0.6679299642474451, -0.7163825292816424, 0.20165722055121166], [0.22694150282964226, 0.4541147280790056, 0.8615552031269678], [-0.7087786094076391, -0.5296941433334561, 0.46589376188612536]], "trans": [477.5629981466264, -61.971620847981285, 775.3907140706445]}], "rb_4XMM.renamed.noAb_Seh1_Nup85_47_544_3F3F_1.pdb_29": [{"rot": [[0.6195031719064512, -0.19819902872179374, 0.759561034421579], [-0.3510876676703656, 0.7954750674232522, 0.49391989909068357], [-0.7021063093347221, -0.5726574561827565, 0.42321409271273747]], "trans": [-5.512065336941816, -197.05046378194118, 814.593248499589]}], "rb_4XMM.renamed.noAb_Seh1_Nup85_47_544_3F3F_1.pdb_30": [{"rot": [[0.17779870953404822, 0.40896919063415016, 0.8950596739883163], [-0.7252982278330873, 0.6691792338907814, -0.16168374572456443], [-0.6650790175537082, -0.6204380340061292, 0.4156038334380461]], "trans": [-442.43846654098166, 50.147206198856324, 848.2574930423449]}], "rb_4XMM.renamed.noAb_Seh1_Nup85_47_544_3F3F_1.pdb_31": [{"rot": [[-0.3984267207790911, 0.7494344248155845, 0.5287761256624105], [-0.676472355146302, 0.149213107536167, -0.7211938721746121], [-0.6193878436747292, -0.645045340608495, 0.4475211812498208]], "trans": [-577.256645638646, 534.8096253276929, 856.6864634811043]}], "rb_4XMM.renamed.noAb_Seh1_Nup85_47_544_3F3F_1.pdb_32": [{"rot": [[-0.771612137176962, 0.6237473390792235, -0.12471554334879081], [-0.2332129342747339, -0.45981982329967563, -0.8568415590922388], [-0.5917993216016428, -0.6320640688191649, 0.5002685037653202]], "trans": [-330.9862990389339, 973.0148315339654, 834.9663549855449]}], "rb_4XMM.renamed.noAb_Seh1_Nup85_47_544_3F3F_1.pdb_33": [{"rot": [[-0.7231402608193213, 0.10553720043733615, -0.6825906991059931], [0.34481241607721835, -0.8011394803687858, -0.48916247884871344], [-0.598475196563024, -0.589098830688261, 0.5429456757177171]], "trans": [152.10584514742004, 1108.056153123812, 795.8451182670821]}], "rb_4XMM.renamed.noAb_Seh1_Nup85_47_544_3F3F_1.pdb_34": [{"rot": [[-0.28140660032993087, -0.5016211851307051, -0.8180382093269314], [0.7189882955159415, -0.6747959959529138, 0.16645177907427558], [-0.6355046468766588, -0.541319268522724, 0.5505518080291728]], "trans": [589.0195105960804, 860.824596622445, 762.2645303060153]}], "rb_4XMM.renamed.noAb_Seh1_Nup85_47_544_3F3F_1.pdb_35": [{"rot": [[0.2948150375319111, -0.842045874425905, -0.45171101271428543], [0.6701171979863307, -0.15480316466600774, 0.7259331382244044], [-0.6811952984335705, -0.516715323530952, 0.5186311211451708]], "trans": [723.8064249438028, 376.15201058849203, 753.9205779174142]}], "rb_4XMM.renamed.noAb_Nup120_715-1036_Nup85_553-744_Nup145c_92-99_554-712_remaining_updated_1.pdb_35": [{"rot": [[0.9944153680598468, -0.049675282529134196, 0.09311520859693295], [0.04513736700823266, 0.9977174853332315, 0.0502238744014965], [-0.09539755691821333, -0.045740417203867755, 0.9943878118561452]], "trans": [-1.179138974462603, -39.54565337116742, 78.39210407251878]}], "rb_4XMM.renamed.noAb_Nup120_715-1036_Nup85_553-744_Nup145c_92-99_554-712_remaining_updated_1.pdb_36": [{"rot": [[0.7349183002510814, 0.6672593567350281, 0.12107866370925038], [-0.6744062457455661, 0.7378606112036222, 0.02716494309929815], [-0.07121311435004399, -0.101620220840999, 0.9922711439222619]], "trans": [-342.88138474107154, 116.0605863709828, 104.91202935342528]}], "rb_4XMM.renamed.noAb_Nup120_715-1036_Nup85_553-744_Nup145c_92-99_554-712_remaining_updated_1.pdb_37": [{"rot": [[0.04415723196681942, 0.9912233541749732, 0.12460497984889643], [-0.9989182504326187, 0.04562757574450915, -0.008969575481316563], [-0.01457627585031479, -0.12407411684067894, 0.9921658861866501]], "trans": [-474.9034046970132, 468.4366659892811, 113.76176410267482]}], "rb_4XMM.renamed.noAb_Nup120_715-1036_Nup85_553-744_Nup145c_92-99_554-712_remaining_updated_1.pdb_38": [{"rot": [[-0.6732102632609555, 0.732434032198017, 0.10162839130020895], [-0.7382949390879832, -0.6734617483863587, -0.03701157085911151], [0.041334300008410076, -0.0999482963263615, 0.9941337001149653]], "trans": [-319.90292470235175, 811.1558263357848, 99.78101382408363]}], "rb_4XMM.renamed.noAb_Nup120_715-1036_Nup85_553-744_Nup145c_92-99_554-712_remaining_updated_1.pdb_39": [{"rot": [[-0.9969401918461304, 0.04249382454770094, 0.06560890760490755], [-0.04521312228603795, -0.9981546959536495, -0.040533646749639635], [0.06376540954896993, -0.04337600512940308, 0.9970218125618242]], "trans": [31.320501894535937, 943.448467734531, 71.18390406061559]}], "rb_4XMM.renamed.noAb_Nup120_715-1036_Nup85_553-744_Nup145c_92-99_554-712_remaining_updated_1.pdb_40": [{"rot": [[-0.7373869970315166, -0.6744205669774922, 0.037647250186419935], [0.6743100992370211, -0.7382415601018832, -0.017472521434959504], [0.03957659252386036, 0.012501910897712198, 0.9991383265334709]], "trans": [373.0171528821415, 787.8158123230695, 44.747029832144904]}], "rb_4XMM.renamed.noAb_Nup120_715-1036_Nup85_553-744_Nup145c_92-99_554-712_remaining_updated_1.pdb_41": [{"rot": [[-0.04660060003956218, -0.9983305833291839, 0.03412375221986566], [0.9987678770355625, -0.045983120588240334, 0.018662272713722325], [-0.017062000991289412, 0.034951380667684225, 0.999243358302468]], "trans": [505.01822552841105, 435.4297808570558, 35.98148972282257]}], "rb_4XMM.renamed.noAb_Nup120_715-1036_Nup85_553-744_Nup145c_92-99_554-712_remaining_updated_1.pdb_42": [{"rot": [[0.6707465876836483, -0.7394851697973226, 0.057102528495373596], [0.7380882700205338, 0.6730858678761897, 0.04670246378351054], [-0.07297068431113607, 0.010821188251739673, 0.9972753787775888]], "trans": [349.99754360129947, 92.72319600750382, 50.04626562399187]}], "rb_4XMM.renamed.noAb_Nup120_2-711_3F7F_updated_1.pdb_42": [{"rot": [[0.9890232269778501, 0.14769557201000397, 0.004367437115593599], [-0.14055502389853589, 0.9312679364366065, 0.3361313966620604], [0.045577864750369027, -0.3330556238434401, 0.9418049743291095]], "trans": [-81.80404052831034, 23.801758493890475, 187.41872068562222]}], "rb_4XMM.renamed.noAb_Nup120_2-711_3F7F_updated_1.pdb_43": [{"rot": [[0.6029713176103589, 0.7546576663741388, 0.25868397074803007], [-0.7937890556041486, 0.5352251825450655, 0.288847605447364], [0.07952688439956891, -0.379507326085204, 0.9217644298330009]], "trans": [-353.22514706646064, 223.95489105507343, 208.120062317735]}], "rb_4XMM.renamed.noAb_Nup120_2-711_3F7F_updated_1.pdb_44": [{"rot": [[-0.1305691916675008, 0.9048342550674018, 0.405248882841046], [-0.9816598511470624, -0.17525713648636598, 0.0750258139344494], [0.13890868523322353, -0.38802049812763717, 0.9111226427872143]], "trans": [-404.13184376707767, 557.9633162346842, 210.593770846557]}], "rb_4XMM.renamed.noAb_Nup120_2-711_3F7F_updated_1.pdb_45": [{"rot": [[-0.7818799275995775, 0.5102497749433792, 0.35820238132529236], [-0.5941100495200218, -0.7839684603683764, -0.18007415752115757], [0.18893657103958628, -0.3536080037525568, 0.9161137220923694]], "trans": [-204.70035657925308, 830.1603058388911, 193.4147178378006]}], "rb_4XMM.renamed.noAb_Nup120_2-711_3F7F_updated_1.pdb_46": [{"rot": [[-0.9694138775954847, -0.19794262190010653, 0.14510497014436902], [0.1418282110316501, -0.9343171127412179, -0.32701114873116494], [0.20030350092009996, -0.29642916738105546, 0.9338138231172881]], "trans": [128.24145065768016, 881.0891421751757, 166.67063966982903]}], "rb_4XMM.renamed.noAb_Nup120_2-711_3F7F_updated_1.pdb_47": [{"rot": [[-0.5833110095189246, -0.8048738438793461, -0.10920788255844158], [0.79503192074731, -0.5382267331288813, -0.2797073984331744], [0.1663505670770484, -0.24998015758115155, 0.9538539771101479]], "trans": [399.6534861241079, 680.9151116163297, 146.0525993261291]}], "rb_4XMM.renamed.noAb_Nup120_2-711_3F7F_updated_1.pdb_48": [{"rot": [[0.15024417246041327, -0.9549950234286714, -0.2557561218586098], [0.9828451363032175, 0.17226734921737358, -0.06587411053462797], [0.10696787689205826, -0.2414714592246668, 0.9644943792957605]], "trans": [450.5406658733615, 346.9031005127358, 143.66294045559533]}], "rb_4XMM.renamed.noAb_Nup120_2-711_3F7F_updated_1.pdb_49": [{"rot": [[0.8015246996109677, -0.5603630568594559, -0.20868972284392312], [0.5952442278603828, 0.7809476828925503, 0.18922215986414645], [0.05694264757142857, -0.27588758778147693, 0.9595017320441237]], "trans": [251.0944758383564, 74.72217133341474, 160.92556381996306]}]}
