{"rb_ScNup133N_56-480_renamed_1.pdb_0": [{"rot": [[-0.7287077583867, -0.3415435707404539, 0.5935764417098196], [0.3259272921941662, -0.9352650292755331, -0.1380243645781934], [0.6022926224602198, 0.09288333704220589, 0.7928532541586082]], "trans": [943.67397471082, 226.70199251063232, -297.3553116214193]}], "rb_ScNup133N_56-480_renamed_1.pdb_1": [{"rot": [[-0.27492945216499004, -0.8996505369406242, 0.33917946240110675], [0.7787215976747828, -0.4152681728615502, -0.4702605851260153], [0.5639206235341025, 0.13483788781598083, 0.814746754741762]], "trans": [507.23836682106725, -383.2168408548446, -259.5599098212278]}], "rb_ScNup133N_56-480_renamed_1.pdb_2": [{"rot": [[0.36522977650324473, -0.9278942180214168, -0.07496352791732985], [0.7768756154678481, 0.3481717094910123, -0.524633909313492], [0.5129049506944158, 0.13337458855617346, 0.8480210673566014]], "trans": [-231.4084580108366, -504.7293063906309, -200.05273033504676]}], "rb_ScNup133N_56-480_renamed_1.pdb_3": [{"rot": [[0.8167556252190287, -0.40972906736979964, -0.40624172610078657], [0.32147074797853314, 0.9078207701976821, -0.2692916771677286], [0.4791313044116349, 0.08935066060169881, 0.8731836305055449]], "trans": [-839.554861538869, -66.6515716649194, -153.6699130559249]}], "rb_ScNup133N_56-480_renamed_1.pdb_4": [{"rot": [[0.8151378852901882, 0.35129646363388534, -0.46058769263080007], [-0.3207104122092893, 0.9358286984447363, 0.14618303139481323], [0.4823847628866254, 0.028555941685672125, 0.8754938599038012]], "trans": [-960.9381923727548, 674.3843662190876, -147.55916144250887]}], "rb_ScNup133N_56-480_renamed_1.pdb_5": [{"rot": [[0.36132425157717174, 0.9093628884676923, -0.2061647940359607], [-0.7734690867032343, 0.4157880549532622, 0.47839927390480586], [0.5207594042709736, -0.013395164645361474, 0.8535983905956375]], "trans": [-524.4484704657755, 1284.2693230373939, -185.27623505034921]}], "rb_ScNup133N_56-480_renamed_1.pdb_6": [{"rot": [[-0.27883485051870055, 0.9375470267273873, 0.20798244832400467], [-0.7715728600874387, -0.34765401874636104, 0.5327400912508764], [0.5717748225592844, -0.011927108792083307, 0.8203238972278928]], "trans": [214.21438392314542, 1405.7242085031248, -244.7019354480484]}], "rb_ScNup133N_56-480_renamed_1.pdb_7": [{"rot": [[-0.7303251927463275, 0.41933821282409167, 0.5392407403985111], [-0.3161325686502311, -0.9072623913476556, 0.27737186642617206], [0.6055454664008679, 0.03210010142706894, 0.7951630471857487]], "trans": [822.3331688859953, 967.5991549917492, -290.99984453907217]}], "rb_ScNup133C_490_881_renamed_relative_3CQC_1.pdb_7": [{"rot": [[0.7757412768456174, 0.3377607289072674, -0.5330508056517365], [-0.25196871413834354, 0.9402311802574609, 0.22907879597888287], [0.5785648092421485, -0.04339375162043908, 0.8144812728521774]], "trans": [204.50784728764796, 86.431837066459, -256.8299395639377]}], "rb_ScNup133C_490_881_renamed_relative_3CQC_1.pdb_8": [{"rot": [[0.3837579105128215, 0.9014481668160413, -0.20030244297769884], [-0.6915566472056213, 0.42429630556439757, 0.5845699691141564], [0.6119471135846265, -0.08581286400304061, 0.7862295355346571]], "trans": [-114.87542091739152, 40.869984191353865, -231.11019723144466]}], "rb_ScNup133C_490_881_renamed_relative_3CQC_1.pdb_9": [{"rot": [[-0.2033805742078994, 0.9365025499045243, 0.2856559399998393], [-0.7242106861575328, -0.3402310235199728, 0.5998014110435137], [0.6589045637192866, -0.08488712892352035, 0.747421535181467]], "trans": [-372.9118206853291, 235.22443818186065, -211.44748629811187]}], "rb_ScNup133C_490_881_renamed_relative_3CQC_1.pdb_10": [{"rot": [[-0.6417201743145123, 0.422388526292681, 0.6401430705194358], [-0.3308016345540985, -0.9054799177826859, 0.265850328321406], [0.6919288232571981, -0.04115885504432586, 0.7207915455923103]], "trans": [-418.4380773796063, 555.6397362877183, -209.33649517172302]}], "rb_ScNup133C_490_881_renamed_relative_3CQC_1.pdb_11": [{"rot": [[-0.674475371476202, -0.3397186599799373, 0.655495389254171], [0.25820593810776143, -0.9403196049552354, -0.2216500260832894], [0.6916738153189929, 0.019755318227448998, 0.7219397901513684]], "trans": [-224.78235456923272, 814.4121958179918, -225.9898673179053]}], "rb_ScNup133C_490_881_renamed_relative_3CQC_1.pdb_12": [{"rot": [[-0.28245770934737063, -0.9033658734835045, 0.32271929142154276], [0.6977630907559552, -0.4243405050523527, -0.577115070805305], [0.6582889271504833, 0.06217100929935537, 0.7501936110056968]], "trans": [94.6110081170471, 859.9493780833468, -251.62781761969103]}], "rb_ScNup133C_490_881_renamed_relative_3CQC_1.pdb_13": [{"rot": [[0.30468333814787574, -0.9383606291219209, -0.1632402927251156], [0.7303710456133188, 0.34018954989754424, -0.5923083705893535], [0.6113314969677057, 0.06124050828022637, 0.7890015215199555]], "trans": [352.63878871046074, 665.5750764336484, -271.20726839400857]}], "rb_ScNup133C_490_881_renamed_relative_3CQC_1.pdb_14": [{"rot": [[0.742992266698053, -0.4242025056161475, -0.5177013867625552], [0.3369276029522451, 0.9053980738310318, -0.25832947619641244], [0.5783098494714963, 0.017508915787132276, 0.8156293005233538]], "trans": [398.1465884869433, 345.1566142481223, -273.23429640582]}], "rb_ScNup84_506-726_ScNup133C_882_1155_renamed_relative_3CQC_new_1.pdb_14": [{"rot": [[0.9860761084014161, 0.16205661629872334, 0.037303639952796404], [-0.16593982463247328, 0.9735416082732175, 0.15710095977345892], [-0.010857395675921852, -0.16110366251145966, 0.986877766942052]], "trans": [-51.1314183952843, 61.50807104801848, 58.83314148659491]}], "rb_ScNup84_506-726_ScNup133C_882_1155_renamed_relative_3CQC_new_1.pdb_15": [{"rot": [[0.5818702902274326, 0.7980406360129115, 0.15671026967863821], [-0.8129122440712306, 0.5649000293965345, 0.1416391196911038], [0.02450813721439575, -0.20980729267569012, 0.9774355483357346]], "trans": [-307.4394868425155, 221.5936424919437, 78.52482800730667]}], "rb_ScNup84_506-726_ScNup133C_882_1155_renamed_relative_3CQC_new_1.pdb_16": [{"rot": [[-0.16009791295451814, 0.9598655275471922, 0.2302755464528486], [-0.9834796450594786, -0.17507423118479992, 0.046008709270455084], [0.0844774882515429, -0.21910541435939396, 0.972037227361745]], "trans": [-375.8990913306119, 516.56102267898, 82.58756509432482]}], "rb_ScNup84_506-726_ScNup133C_882_1155_renamed_relative_3CQC_new_1.pdb_17": [{"rot": [[-0.8051730659687848, 0.5527319877098135, 0.21490389387069259], [-0.5777212390979477, -0.812893817985166, -0.07376862867528423], [0.1339197660301092, -0.18355105677674177, 0.9738452165629724]], "trans": [-216.40371693076008, 773.6142780506804, 68.6653489786678]}], "rb_ScNup84_506-726_ScNup133C_882_1155_renamed_relative_3CQC_new_1.pdb_18": [{"rot": [[-0.9754610486199519, -0.18485541527957675, 0.1196002427550985], [0.16666397840757333, -0.9749150238007349, -0.147525640717035], [0.1438709870912937, -0.12397246391609301, 0.981800370372689]], "trans": [77.61391048809139, 842.1681039545812, 44.938015065321395]}], "rb_ScNup84_506-726_ScNup133C_882_1155_renamed_relative_3CQC_new_1.pdb_19": [{"rot": [[-0.5712047596104115, -0.8208075807674112, 0.0001948157110622517], [0.8136046512107832, -0.5662235417657455, -0.13205442922686994], [0.10850158582523775, -0.07527161553337518, 0.9912424475214952]], "trans": [333.9160324746969, 682.0628193624116, 25.329375017318398]}], "rb_ScNup84_506-726_ScNup133C_882_1155_renamed_relative_3CQC_new_1.pdb_20": [{"rot": [[0.17077676694437305, -0.9825747632853833, -0.07336300448249854], [0.9841138113200752, 0.17376339539380925, -0.03641824803980974], [0.04853145620215464, -0.06597815529314648, 0.9966401460823314]], "trans": [402.3591654486468, 387.09047426795735, 21.350451557790507]}], "rb_ScNup84_506-726_ScNup133C_882_1155_renamed_relative_3CQC_new_1.pdb_21": [{"rot": [[0.8158202908490846, -0.5753914663971919, -0.05798200959093124], [0.5783047885642688, 0.8115510060740481, 0.08335787943461104], [-0.0009080542659258006, -0.10153632324192227, 0.9948314181307105]], "trans": [242.85027040489, 130.05014433279462, 35.356159053336285]}], "rb_4XMM.renamed.noAb_Nup145c_149-550_Sec13_Nup84_7-436_3IKO_updated_1.pdb_21": [{"rot": [[0.9967352951287515, 0.001678387985164147, 0.08072133830885017], [-0.00032770383748207386, 0.9998597721831811, -0.016743015857128257], [-0.08073812020845844, 0.0166619021593696, 0.9965960751285529]], "trans": [-24.466681832883523, 3.6873286125542677, 37.37718329163869]}], "rb_4XMM.renamed.noAb_Nup145c_149-550_Sec13_Nup84_7-436_3IKO_updated_1.pdb_22": [{"rot": [[0.7048003925537335, 0.7064100541208231, 0.0651248193327148], [-0.7073452199040222, 0.7067775289784891, -0.011325387851692736], [-0.05402912672840029, -0.038083591848412555, 0.9978128549467028]], "trans": [-329.7229224477186, 160.68041619989467, 60.98538861727485]}], "rb_4XMM.renamed.noAb_Nup145c_149-550_Sec13_Nup84_7-436_3IKO_updated_1.pdb_23": [{"rot": [[-7.654350187813463e-05, 0.9983217342064438, 0.05791121784361525], [-0.9999935967156003, -0.00028360943898186886, 0.0035673650616578102], [0.0035778022429050864, -0.057910573963003184, 0.9983153633769171]], "trans": [-434.9866863592187, 488.1835943968785, 67.82334308218401]}], "rb_4XMM.renamed.noAb_Nup145c_149-550_Sec13_Nup84_7-436_3IKO_updated_1.pdb_24": [{"rot": [[-0.7049686651319077, 0.7064074500931802, 0.06330636330564701], [-0.7068352887938808, -0.7071172586222257, 0.019210858238466563], [0.05833571545636853, -0.031204118501227278, 0.9978092238954068]], "trans": [-278.5910631096922, 794.3410004160796, 53.90928144685125]}], "rb_4XMM.renamed.noAb_Nup145c_149-550_Sec13_Nup84_7-436_3IKO_updated_1.pdb_25": [{"rot": [[-0.9969402285065689, 0.0016747054059885005, 0.07814970343560088], [0.0003934335484508119, -0.999650300525245, 0.026440912802505146], [0.07816665526496683, 0.026390756366384802, 0.9965909401470079]], "trans": [47.84709936226369, 899.8014257872046, 27.418262106709733]}], "rb_4XMM.renamed.noAb_Nup145c_149-550_Sec13_Nup84_7-436_3IKO_updated_1.pdb_26": [{"rot": [[-0.7049501750019418, -0.7030341212856742, 0.09374580029425399], [0.7073880128382718, -0.7065127544853598, 0.021022060846390418], [0.0514533775125718, 0.08113416085465025, 0.9953741999293326]], "trans": [353.0976360417505, 742.78478313103, 3.8931026157738415]}], "rb_4XMM.renamed.noAb_Nup145c_149-550_Sec13_Nup84_7-436_3IKO_updated_1.pdb_27": [{"rot": [[-5.039502079157154e-05, -0.9948906629113762, 0.10095824043684172], [0.9999810559040375, 0.0005712717878652573, 0.006128742251826948], [-0.006155103036247167, 0.10095663673233995, 0.9948717868179329]], "trans": [458.3423918486219, 415.27375244538416, -2.8608219902309315]}], "rb_4XMM.renamed.noAb_Nup145c_149-550_Sec13_Nup84_7-436_3IKO_updated_1.pdb_28": [{"rot": [[0.7048188812370263, -0.7029212422095438, 0.09556187473243007], [0.7067674325559147, 0.707381985818805, -0.009514326952697771], [-0.06091092619641626, 0.07424589813339333, 0.9953780214974904]], "trans": [301.92941821941906, 109.12903020663055, 11.13703745441677]}], "rb_4XMM.renamed.noAb_Seh1_Nup85_47_544_3F3F_1.pdb_28": [{"rot": [[0.640140955342616, -0.7418797499472772, 0.19958455328810804], [0.26318179339756764, 0.45583306593988515, 0.8502655818154052], [-0.7217720560655478, -0.49176280116944066, 0.48704665738397385]], "trans": [501.80637782713404, -76.50623114371103, 756.1689776060759]}], "rb_4XMM.renamed.noAb_Seh1_Nup85_47_544_3F3F_1.pdb_29": [{"rot": [[0.6250945376980476, -0.21431380414799478, 0.7505507393185911], [-0.3066258851229942, 0.8168444373796123, 0.48861613941265764], [-0.7178003799891786, -0.5355695645512395, 0.4448908360640747]], "trans": [1.0483406752730957, -225.52089878426722, 796.8487588977852]}], "rb_4XMM.renamed.noAb_Seh1_Nup85_47_544_3F3F_1.pdb_30": [{"rot": [[0.2127975036176205, 0.41334312482497904, 0.8853613294096571], [-0.6987038663107572, 0.6977828547695789, -0.15783534075745154], [-0.6830301088945588, -0.5850184174447358, 0.43729088899032476]], "trans": [-458.209671984521, 24.370161418821226, 832.2798665364759]}], "rb_4XMM.renamed.noAb_Seh1_Nup85_47_544_3F3F_1.pdb_31": [{"rot": [[-0.35522073094617135, 0.7734007580165774, 0.5250423790566391], [-0.6833673404863949, 0.16839627197105733, -0.7103884666454021], [-0.6378301578497395, -0.6111415245960934, 0.46869897231778]], "trans": [-606.9259274588976, 526.7773597298158, 841.7302629899723]}], "rb_4XMM.renamed.noAb_Seh1_Nup85_47_544_3F3F_1.pdb_32": [{"rot": [[-0.746207075128751, 0.6549322570905343, -0.1193261901264644], [-0.26960066072283345, -0.4611931864617609, -0.8453498261069575], [-0.6086792954960851, -0.5986356015002364, 0.5207157879792428]], "trans": [-357.97843305250177, 987.3835922318189, 819.6877776664123]}], "rb_4XMM.renamed.noAb_Seh1_Nup85_47_544_3F3F_1.pdb_33": [{"rot": [[-0.7311162156005104, 0.12733814029518897, -0.6702641847153664], [0.30020581786424855, -0.8221631385675672, -0.48365715181437063], [-0.6126545080275257, -0.5548267942402334, 0.562869151923127]], "trans": [142.7977721909927, 1136.3593501724583, 779.089214168567]}], "rb_4XMM.renamed.noAb_Seh1_Nup85_47_544_3F3F_1.pdb_34": [{"rot": [[-0.3187885906542123, -0.5003095196736987, -0.8050243592541643], [0.6922514258471905, -0.7030522967264551, 0.16280488776505395], [-0.6474270598926465, -0.5053789198131764, 0.5704650291886736]], "trans": [602.0428396347166, 886.4326507871001, 743.7417883344062]}], "rb_4XMM.renamed.noAb_Seh1_Nup85_47_544_3F3F_1.pdb_35": [{"rot": [[0.24922846319708986, -0.8603258737743485, -0.4446623033795696], [0.6768703182265122, -0.17363747155181905, 0.715329714730931], [-0.6926266999158788, -0.4792592402734648, 0.5390536477718563]], "trans": [750.7264467539496, 384.01419533732826, 734.3765255174717]}], "rb_4XMM.renamed.noAb_Nup120_715-1036_Nup85_553-744_Nup145c_92-99_554-712_remaining_updated_1.pdb_35": [{"rot": [[0.9996447715096926, -0.02607751089500972, -0.005504018427891787], [0.025251712979402343, 0.9927651369378505, -0.11738711118507197], [0.008525361279136875, 0.11720642604520973, 0.9930709802973645]], "trans": [14.708164985208214, 24.96068821532458, -64.45302237400358]}], "rb_4XMM.renamed.noAb_Nup120_715-1036_Nup85_553-744_Nup145c_92-99_554-712_remaining_updated_1.pdb_36": [{"rot": [[0.7266609177441401, 0.6837187529993627, -0.06702669184914217], [-0.6861670121317434, 0.7271135476210555, -0.021925335302300425], [0.03374525278375132, 0.061923789151818606, 0.9975102517025283]], "trans": [-288.96581213358854, 142.24845482803062, -40.777748110838445]}], "rb_4XMM.renamed.noAb_Nup120_715-1036_Nup85_553-744_Nup145c_92-99_554-712_remaining_updated_1.pdb_37": [{"rot": [[0.03208693163426535, 0.9985486473863763, -0.043255376788733355], [-0.9953692692235834, 0.03584833553948985, 0.0891903286481036], [0.09061151529251983, 0.04019322880642291, 0.9950749005248334]], "trans": [-421.0983571821393, 440.56474783770886, -31.656177438172676]}], "rb_4XMM.renamed.noAb_Nup120_715-1036_Nup85_553-744_Nup145c_92-99_554-712_remaining_updated_1.pdb_38": [{"rot": [[-0.6771859522635626, 0.733980381032608, 0.051884355215404826], [-0.721220016339893, -0.6760775912299749, 0.1508667579931317], [0.14581109041350443, 0.06474481366025628, 0.9871915898226252]], "trans": [-304.28244886285444, 745.151793334738, -42.407850169013614]}], "rb_4XMM.renamed.noAb_Nup120_715-1036_Nup85_553-744_Nup145c_92-99_554-712_remaining_updated_1.pdb_39": [{"rot": [[-0.9856556778143335, 0.04500177478065075, 0.16265830768502698], [-0.024319751324403723, -0.9916079866302191, 0.12697303078481273], [0.1670072887268232, 0.12119587912859671, 0.978478474159938]], "trans": [-6.948580034214217, 877.5783221847963, -66.7102799178628]}], "rb_4XMM.renamed.noAb_Nup120_715-1036_Nup85_553-744_Nup145c_92-99_554-712_remaining_updated_1.pdb_40": [{"rot": [[-0.7126163303672753, -0.6647737892287506, 0.2241735373506986], [0.687077524283074, -0.7259006960572043, 0.031506429323333515], [0.1417830783941377, 0.1764765951000672, 0.9740398195469048]], "trans": [296.7227898756767, 760.2671233686419, -90.30275577239826]}], "rb_4XMM.renamed.noAb_Nup120_715-1036_Nup85_553-744_Nup145c_92-99_554-712_remaining_updated_1.pdb_41": [{"rot": [[-0.01801820951167432, -0.9795497777634363, 0.200393555309531], [0.9962252557300939, -0.034610796801400334, -0.07960736517609074], [0.08491515748970087, 0.19820273870048521, 0.9764758524408704]], "trans": [428.838603946553, 461.9408680358615, -99.34046782193701]}], "rb_4XMM.renamed.noAb_Nup120_715-1036_Nup85_553-744_Nup145c_92-99_554-712_remaining_updated_1.pdb_42": [{"rot": [[0.691233311721755, -0.7149259783983495, 0.1052490103389869], [0.7220203429519783, 0.677294340965564, -0.14127632519119493], [0.02971755591701649, 0.17364682867010106, 0.9843595104244861]], "trans": [312.0054688019803, 157.36339975577732, -88.5049920149329]}], "rb_4XMM.renamed.noAb_Nup120_2-711_3F7F_updated_1.pdb_42": [{"rot": [[-0.6736359016945149, 0.7302185647321809, 0.11399789326427279], [0.39950898922410916, 0.23001528669204144, 0.8874038175583367], [0.621777483893836, 0.6433302539197521, -0.4466754357631487]], "trans": [539.421648735849, -44.230562896597576, -318.036016986321]}], "rb_4XMM.renamed.noAb_Nup120_2-711_3F7F_updated_1.pdb_43": [{"rot": [[-0.18362716790252404, 0.6925590253355647, 0.697598064528817], [0.7930608587113879, -0.3149326390083366, 0.5214133746531648], [0.5808059379758915, 0.6489833813846839, -0.4914112667597757]], "trans": [29.233423251992804, -291.0819525009647, -276.1285694411153]}], "rb_4XMM.renamed.noAb_Nup120_2-711_3F7F_updated_1.pdb_44": [{"rot": [[0.4404006389206168, 0.2817897079739251, 0.852432893381223], [0.7236409303742846, -0.6733985309145252, -0.15125548733583222], [0.5314048185003154, 0.6834683453109809, -0.5004797097111104]], "trans": [-505.6596522170642, -103.65445391161114, -234.36496423851582]}], "rb_4XMM.renamed.noAb_Nup120_2-711_3F7F_updated_1.pdb_45": [{"rot": [[0.832883230745836, -0.2614549293949147, 0.4877979539086638], [0.23191637705366386, -0.635388015178803, -0.7365438644245462], [0.5025139978116844, 0.7265833675926264, -0.4685683428712155]], "trans": [-751.9077587299204, 408.25437826526945, -217.18690527185174]}], "rb_4XMM.renamed.noAb_Nup120_2-711_3F7F_updated_1.pdb_46": [{"rot": [[0.7638987712773752, -0.6189345184509012, -0.18269846499318804], [-0.3940536245990524, -0.22316818786742823, -0.8915815727482914], [0.5110581260299705, 0.7530710602552184, -0.41437129488517366]], "trans": [-565.2533700537793, 944.7612490211055, -234.63353679323967]}], "rb_4XMM.renamed.noAb_Nup120_2-711_3F7F_updated_1.pdb_47": [{"rot": [[0.2738593295527376, -0.5812324754628322, -0.7662701071321214], [-0.7875670214386801, 0.3217767638810304, -0.525545336739331], [0.5520319323726937, 0.7474145594605441, -0.36963796064158505]], "trans": [-55.039345562741175, 1191.572985515431, -276.46037115876004]}], "rb_4XMM.renamed.noAb_Nup120_2-711_3F7F_updated_1.pdb_48": [{"rot": [[-0.3501630799096558, -0.17043518881192488, -0.9210524761829953], [-0.71809811705767, 0.6802104036085066, 0.1471356554373583], [0.6014323833536174, 0.7129275231307848, -0.3605737580803565]], "trans": [479.8456585178627, 1004.1039092595644, -318.1406541375396]}], "rb_4XMM.renamed.noAb_Nup120_2-711_3F7F_updated_1.pdb_49": [{"rot": [[-0.7426073309307618, 0.3728064987399782, -0.556371877924404], [-0.2263427751539694, 0.6421572512483247, 0.7323953937626827], [0.6303199982417573, 0.6698129434151255, -0.3924886248671118]], "trans": [726.0603782583207, 492.17616523334715, -335.2334833674324]}]}
