{"rb_ScNup133N_56-480_renamed_1.pdb_0": [{"rot": [[-0.7281572199875431, -0.11684408499915466, 0.6753773188231376], [0.20376753840897976, -0.9777138259707293, 0.050541713429902664], [0.6544202421004142, 0.17442228729837186, 0.7357384130401555]], "trans": [879.1574412462517, 253.79245049258205, -328.60057432651564]}], "rb_ScNup133N_56-480_renamed_1.pdb_1": [{"rot": [[-0.3596300019725717, -0.7686656469108705, 0.5289795694923463], [0.6949569620176551, -0.5989472223620175, -0.3978656126985874], [0.6226564724022439, 0.22453362350419587, 0.7495889335440302]], "trans": [479.9806895047437, -320.39195900349614, -293.94879891567683]}], "rb_ScNup133N_56-480_renamed_1.pdb_2": [{"rot": [[0.24728994686720462, -0.9627521568214376, 0.10934334325459297], [0.7807226794548584, 0.13114525865747806, -0.6109607343491855], [0.5738639036942889, 0.23645127546143582, 0.7840733475698677]], "trans": [-207.12151422008625, -443.0763861001115, -238.54434275155637]}], "rb_ScNup133N_56-480_renamed_1.pdb_3": [{"rot": [[0.7370603629301661, -0.5854050006054562, -0.3377025416892562], [0.41082192414926, 0.7848651474025542, -0.46390952461775636], [0.5366259107008882, 0.20319371461464783, 0.8189901991510945]], "trans": [-779.6330975058964, -42.39044675846492, -194.81991255674137]}], "rb_ScNup133N_56-480_renamed_1.pdb_4": [{"rot": [[0.8227668307237636, 0.14232053703084907, -0.5502723025921166], [-0.1980522258404706, 0.9792541155959139, -0.04285665558702842], [0.5327570347732768, 0.1442436890394885, 0.8338847043038206]], "trans": [-902.1667891112714, 646.9385028785413, -188.3658911526336]}], "rb_ScNup133N_56-480_renamed_1.pdb_5": [{"rot": [[0.4542012929533121, 0.7941125752100497, -0.4038395762834644], [-0.6892127083248343, 0.6004363647854363, 0.4055391652193445], [0.5645237179810003, 0.09413495491324661, 0.8200314518970564]], "trans": [-502.9387114294672, 1221.0919613705382, -222.9391303782748]}], "rb_ScNup133N_56-480_renamed_1.pdb_6": [{"rot": [[-0.15272536158117545, 0.9881421476990322, 0.015813281463651185], [-0.774930787301688, -0.12967132527381475, 0.6186013435919162], [0.6133165893907409, 0.08222191522022576, 0.7855458725215433]], "trans": [184.17961185688384, 1343.7228539643295, -278.2621343114245]}], "rb_ScNup133N_56-480_renamed_1.pdb_7": [{"rot": [[-0.6424669409875676, 0.6107439951167783, 0.4628477094756758], [-0.4049916034814774, -0.7833615752267004, 0.4715150512633187], [0.6505520969511855, 0.11548339658645732, 0.750630104822126]], "trans": [756.6664919375429, 942.9923914780661, -321.9019022925017]}], "rb_ScNup133C_490_881_renamed_relative_3CQC_1.pdb_7": [{"rot": [[0.8392183571540981, 0.3366539271993313, -0.4270558304447373], [-0.24593317444200846, 0.9353900609904875, 0.25409114016251977], [0.48500455948831406, -0.10821075316935913, 0.8677908792872087]], "trans": [137.7064199133041, 77.46299522393369, -204.4856965367103]}], "rb_ScNup133C_490_881_renamed_relative_3CQC_1.pdb_8": [{"rot": [[0.4311648789838683, 0.8959692013052162, -0.10647082907218883], [-0.7374142630660706, 0.41791978096520316, 0.5306253492858408], [0.5199202359569689, -0.15027390655230066, 0.8408928000952085]], "trans": [-167.52190623387827, 84.62233565601383, -180.15070423481814]}], "rb_ScNup133C_490_881_renamed_relative_3CQC_1.pdb_9": [{"rot": [[-0.20392020729429372, 0.9268485658558517, 0.3152273545046538], [-0.7953479883937281, -0.3445913868366416, 0.49867660209403236], [0.5708223247343276, -0.14902520622012388, 0.8074362894346198]], "trans": [-378.3827526250449, 306.2002844117768, -164.38063217551638]}], "rb_ScNup133C_490_881_renamed_relative_3CQC_1.pdb_10": [{"rot": [[-0.6939951034389246, 0.4112024536984358, 0.5910019784020877], [-0.38579595726251203, -0.9054536489092607, 0.17696092516939124], [0.6078916644951615, -0.1051961584340925, 0.7870206429872161]], "trans": [-371.348948967052, 612.3934716561988, -166.38980602797324]}], "rb_ScNup133C_490_881_renamed_relative_3CQC_1.pdb_11": [{"rot": [[-0.7519670252324633, -0.34889637205503604, 0.5593003795187993], [0.25132047580727207, -0.9361059839726182, -0.24605610175458303], [0.6094125133298834, -0.044462437376837624, 0.7916056343025006]], "trans": [-150.53908328012028, 823.8297277727365, -184.9772185188819]}], "rb_ScNup133C_490_881_renamed_relative_3CQC_1.pdb_12": [{"rot": [[-0.3438752034841583, -0.9081713018847369, 0.23869380147316324], [0.7427695209816386, -0.41859182194867556, -0.5225651397657469], [0.574493936547145, -0.002402713189166017, 0.8185053108196028]], "trans": [154.6952250365036, 816.6468294722903, -209.2300964273652]}], "rb_ScNup133C_490_881_renamed_relative_3CQC_1.pdb_13": [{"rot": [[0.2912144185311469, -0.9389911961199173, -0.1830019017629364], [0.8006533981659065, 0.3439217440992572, -0.49058329561972447], [0.5235917287782065, -0.0036561653423266838, 0.8519614627493646]], "trans": [365.5453277064579, 595.0527366533075, -224.91675700786857]}], "rb_ScNup133C_490_881_renamed_relative_3CQC_1.pdb_14": [{"rot": [[0.7812573854732161, -0.4233013261571004, -0.45875144132437706], [0.39106291594286385, 0.90474351573902, -0.1688459845612584], [0.48652512105524204, -0.04748850389132279, 0.8723750045595899]], "trans": [358.49417493849967, 288.8605101610363, -222.8237284092324]}], "rb_ScNup84_506-726_ScNup133C_882_1155_renamed_relative_3CQC_new_1.pdb_14": [{"rot": [[0.9881553108291451, 0.1390621652715581, 0.06489064547482454], [-0.15065097842370925, 0.9595838451807669, 0.2377038635951698], [-0.02921240113603468, -0.24466417444750235, 0.9691677240611077]], "trans": [-53.29647019296101, 34.042017974191936, 97.57433579768912]}], "rb_ScNup84_506-726_ScNup133C_882_1155_renamed_relative_3CQC_new_1.pdb_15": [{"rot": [[0.5937599420523713, 0.7702469159430332, 0.23274195946199394], [-0.8046240827842268, 0.5664231423442351, 0.178171011167704], [0.005405239828558575, -0.2930605949238592, 0.9560785904334786]], "trans": [-327.57179073913255, 205.9297107501123, 118.64070067128256]}], "rb_ScNup84_506-726_ScNup133C_882_1155_renamed_relative_3CQC_new_1.pdb_16": [{"rot": [[-0.14620341677554122, 0.9395893345107822, 0.30951000532574113], [-0.9870987954741484, -0.1592045466828627, 0.01702587116676249], [0.06527272705073979, -0.3030277129060758, 0.9507437490271866]], "trans": [-400.42158586859165, 521.9842200023392, 122.95076429628952]}], "rb_ScNup84_506-726_ScNup133C_882_1155_renamed_relative_3CQC_new_1.pdb_17": [{"rot": [[-0.7982537965698414, 0.5478862444497161, 0.25022297936963633], [-0.591178856906269, -0.7922162903180365, -0.15133046124862892], [0.11531884238418548, -0.2687266501438062, 0.9562884251593016]], "trans": [-229.16750507312645, 797.0564746375167, 108.00363553047043]}], "rb_ScNup84_506-726_ScNup133C_882_1155_renamed_relative_3CQC_new_1.pdb_18": [{"rot": [[-0.9804108909366733, -0.17539716106882267, 0.0896120573458318], [0.15120025043521354, -0.9617848836742168, -0.22827247272524706], [0.12622586581633688, -0.2102514528481728, 0.9694644693716967]], "trans": [85.86930977400436, 870.005386166747, 82.57955806054423]}], "rb_ScNup84_506-726_ScNup133C_882_1155_renamed_relative_3CQC_new_1.pdb_19": [{"rot": [[-0.5859645055809166, -0.8065512647960561, -0.07823461801012728], [0.8051423779242451, -0.5685746538461871, -0.1687264480577272], [0.09160430923160932, -0.1618577160952395, 0.9825531691825278]], "trans": [360.13776385552563, 698.0965704317341, 61.59631984907247]}], "rb_ScNup84_506-726_ScNup133C_882_1155_renamed_relative_3CQC_new_1.pdb_20": [{"rot": [[0.15401310526199313, -0.9758370934957089, -0.15499009763659763], [0.9875590066937542, 0.1570663022685524, -0.007575288095250363], [0.03173596864128412, -0.15189517322656287, 0.9878869796919427]], "trans": [432.96944292454407, 382.03675239952975, 57.37020260518068]}], "rb_ScNup84_506-726_ScNup133C_882_1155_renamed_relative_3CQC_new_1.pdb_21": [{"rot": [[0.8060326234759663, -0.5840846217853393, -0.09568993931613012], [0.591587903536096, 0.7900472810405059, 0.16077638542480913], [-0.018307437893223984, -0.186200022326468, 0.9823412794967974]], "trans": [261.70043579501726, 106.97834671201338, 72.40093029978044]}], "rb_4XMM.renamed.noAb_Nup145c_149-550_Sec13_Nup84_7-436_3IKO_updated_1.pdb_21": [{"rot": [[0.9987235773532878, -0.04134524767672936, 0.02901355774812598], [0.041233711346603426, 0.9991396975531165, 0.004432360776635598], [-0.029171854367505058, -0.003230366545637661, 0.9995691910241854]], "trans": [8.040869851275147, -24.079634329564897, 16.58010536929902]}], "rb_4XMM.renamed.noAb_Nup145c_149-550_Sec13_Nup84_7-436_3IKO_updated_1.pdb_22": [{"rot": [[0.7365297509899856, 0.6750078952168308, 0.04345419774401315], [-0.6763882466225537, 0.7354440919305273, 0.04026074360157512], [-0.0047818132020516005, -0.059045144080002505, 0.998243860598739]], "trans": [-326.66351217451677, 116.93835834631473, 42.6132362896505]}], "rb_4XMM.renamed.noAb_Nup145c_149-550_Sec13_Nup84_7-436_3IKO_updated_1.pdb_23": [{"rot": [[0.04521564845323944, 0.9958546649981759, 0.07892421261137712], [-0.9976290291391248, 0.040910253144827435, 0.05534140770305147], [0.05188318951146213, -0.08123938323866652, 0.995343306230127]], "trans": [-464.01863902709715, 454.0392101173918, 51.96237387787778]}], "rb_4XMM.renamed.noAb_Nup145c_149-550_Sec13_Nup84_7-436_3IKO_updated_1.pdb_24": [{"rot": [[-0.6702371814620796, 0.7332384999899402, 0.11464476751370647], [-0.7343012563098692, -0.6775941031161934, 0.04083988741305598], [0.10762799620692154, -0.05681138578371219, 0.9925667135652994]], "trans": [-323.55802734967165, 789.7446056893397, 39.174666413143825]}], "rb_4XMM.renamed.noAb_Nup145c_149-550_Sec13_Nup84_7-436_3IKO_updated_1.pdb_25": [{"rot": [[-0.9907063831066751, 0.04100365254187489, 0.12969025772939247], [-0.04066605037976182, -0.9991589940434055, 0.0052513777889040695], [0.12979651312035206, -7.14170590158901e-05, 0.9915406497372677]], "trans": [12.436429381762764, 927.3937076852121, 11.765338136151854]}], "rb_4XMM.renamed.noAb_Nup145c_149-550_Sec13_Nup84_7-436_3IKO_updated_1.pdb_26": [{"rot": [[-0.7284565795414009, -0.6753289431995942, 0.1152468229486743], [0.6769353047609367, -0.7354071724666867, -0.03057587043359034], [0.10540211046777767, 0.055741449222936265, 0.9928661974039938]], "trans": [347.1363542313556, 786.3498480986691, -14.184835075721253]}], "rb_4XMM.renamed.noAb_Nup145c_149-550_Sec13_Nup84_7-436_3IKO_updated_1.pdb_27": [{"rot": [[-0.037117403417024186, -0.9961215523595149, 0.07977563091852706], [0.998121817091698, -0.04084817436636279, -0.04565375008149013], [0.04873537328415385, 0.07793124903276216, 0.9957668320520867]], "trans": [484.4717252925392, 449.2386253891069, -23.449870956331324]}], "rb_4XMM.renamed.noAb_Nup145c_149-550_Sec13_Nup84_7-436_3IKO_updated_1.pdb_28": [{"rot": [[0.6783149080104113, -0.7334493413162164, 0.044056206074018556], [0.7347378989593383, 0.6776355458885231, -0.031149426658952525], [-0.007007524787358305, 0.05349888476568844, 0.9985433210057454]], "trans": [343.9914591082038, 113.54466388320714, -10.578175948624335]}], "rb_4XMM.renamed.noAb_Seh1_Nup85_47_544_3F3F_1.pdb_28": [{"rot": [[0.680098718880166, -0.7023055941853069, 0.21031544154811666], [0.2609740751605151, 0.5000085165788194, 0.8257626871218884], [-0.685097266577287, -0.5067132677606447, 0.5233387044769939]], "trans": [461.31581668647493, -93.42543115365845, 735.8107100820519]}], "rb_4XMM.renamed.noAb_Seh1_Nup85_47_544_3F3F_1.pdb_29": [{"rot": [[0.6525908812910911, -0.15541034300739204, 0.7416014879583515], [-0.3342353151103458, 0.8193293210182832, 0.46581779469316786], [-0.6800087468472769, -0.5518578521739481, 0.48274321870447034]], "trans": [-39.98744323518531, -210.1207954084805, 776.3767003322412]}], "rb_4XMM.renamed.noAb_Seh1_Nup85_47_544_3F3F_1.pdb_30": [{"rot": [[0.21357355815638993, 0.4565320773688362, 0.8636925364906848], [-0.7354281544531462, 0.6570886911618529, -0.16546867251791547], [-0.643064355172993, -0.5998440749732357, 0.4760833129037866]], "trans": [-476.8494625720073, 63.00093810659676, 809.9096804309547]}], "rb_4XMM.renamed.noAb_Seh1_Nup85_47_544_3F3F_1.pdb_31": [{"rot": [[-0.37977071248737293, 0.7750371686988562, 0.5050659294310914], [-0.707580020761839, 0.10832947557230693, -0.6982802008799209], [-0.5959066371131528, -0.6225609302369433, 0.5072604537976556]], "trans": [-593.3483973027444, 565.9413236771779, 816.7895627225331]}], "rb_4XMM.renamed.noAb_Seh1_Nup85_47_544_3F3F_1.pdb_32": [{"rot": [[-0.7798524907428656, 0.6135201575597545, -0.12418981016975919], [-0.2670047434114772, -0.5054774397530591, -0.8204882844358362], [-0.5661612488310358, -0.6067005638439317, 0.5580106326527617]], "trans": [-321.23561548788746, 1004.0709087717594, 793.010020055416]}], "rb_4XMM.renamed.noAb_Seh1_Nup85_47_544_3F3F_1.pdb_33": [{"rot": [[-0.752298229754947, 0.06659998646667414, -0.6554477975477604], [0.3282024680146866, -0.8247553091391397, -0.4605017047046282], [-0.5712534581922806, -0.5615542020583932, 0.5986036791182623]], "trans": [180.08329183446045, 1120.727321609965, 752.5254487167387]}], "rb_4XMM.renamed.noAb_Seh1_Nup85_47_544_3F3F_1.pdb_34": [{"rot": [[-0.31324960412542, -0.5453297967796461, -0.777489612959257], [0.7293608366415246, -0.6624666548816108, 0.17079432409638728], [-0.608200177152918, -0.5135692201779974, 0.6052596142127118]], "trans": [616.9305534975388, 847.5717074909327, 719.0762863303405]}], "rb_4XMM.renamed.noAb_Seh1_Nup85_47_544_3F3F_1.pdb_35": [{"rot": [[0.2800925106663174, -0.8637920969435682, -0.41882144014659756], [0.7014661337944379, -0.11368245891455764, 0.7035776870215694], [-0.6553574967970692, -0.4908558971765247, 0.5740792973090967]], "trans": [733.3967974119905, 344.62259345492987, 712.28152875655]}], "rb_4XMM.renamed.noAb_Nup120_715-1036_Nup85_553-744_Nup145c_92-99_554-712_remaining_updated_1.pdb_35": [{"rot": [[0.9859900240253338, -0.09634033460275603, 0.13616979272640287], [0.0877047601843426, 0.9938182258568734, 0.06806767952342836], [-0.14188568484357209, -0.05517131395323302, 0.988344362331847]], "trans": [14.271434647410047, -66.14500659687849, 109.83215967933609]}], "rb_4XMM.renamed.noAb_Nup120_715-1036_Nup85_553-744_Nup145c_92-99_554-712_remaining_updated_1.pdb_36": [{"rot": [[0.7580357666655682, 0.631241163357856, 0.16406209232594077], [-0.6410466469111397, 0.7674480779649713, 0.00909088069750711], [-0.12017059931501302, -0.11206266688997013, 0.986408123319034]], "trans": [-350.05855347761053, 88.17410173809303, 138.16191864012325]}], "rb_4XMM.renamed.noAb_Nup120_715-1036_Nup85_553-744_Nup145c_92-99_554-712_remaining_updated_1.pdb_37": [{"rot": [[0.08309650572340282, 0.9863409641872665, 0.1422198055922388], [-0.9944419484677374, 0.09133171523813416, -0.052380615874106036], [-0.06465432595156174, -0.13707669443707074, 0.9884481766779458]], "trans": [-498.9939664913415, 455.69151176999026, 148.2860858221663]}], "rb_4XMM.renamed.noAb_Nup120_715-1036_Nup85_553-744_Nup145c_92-99_554-712_remaining_updated_1.pdb_38": [{"rot": [[-0.6434388230976621, 0.7609365976524153, 0.0834384520701426], [-0.7654571939598435, -0.6384523637975417, -0.08033594075165838], [-0.007859080468982524, -0.11555982655965484, 0.9932694303861789]], "trans": [-345.2844261217527, 821.1104595018257, 134.29778624065418]}], "rb_4XMM.renamed.noAb_Nup120_715-1036_Nup85_553-744_Nup145c_92-99_554-712_remaining_updated_1.pdb_39": [{"rot": [[-0.995955580026111, 0.08707311987098666, 0.022152977469980788], [-0.08823488126322111, -0.9943863556874438, -0.05839847045179907], [0.016943681516068475, -0.060116947848149825, 0.9980475260417736]], "trans": [21.026764917395553, 970.3634897403066, 104.41556792664682]}], "rb_4XMM.renamed.noAb_Nup120_715-1036_Nup85_553-744_Nup145c_92-99_554-712_remaining_updated_1.pdb_40": [{"rot": [[-0.7679444783669854, -0.6404907423976218, -0.005734723062280028], [0.6404986100098391, -0.7679591093131813, 0.000580515605483084], [-0.0047758476861955975, -0.003227278396345126, 0.9999833878385329]], "trans": [385.35125926684015, 816.0161896991841, 76.1688606089549]}], "rb_4XMM.renamed.noAb_Nup120_715-1036_Nup85_553-744_Nup145c_92-99_554-712_remaining_updated_1.pdb_41": [{"rot": [[-0.0929776364287353, -0.9955378199860018, 0.01611235866173603], [0.9938409255293522, -0.09181489822497207, 0.06205029578412881], [-0.060294061623726664, 0.02178241128655284, 0.9979429606402648]], "trans": [534.2645445005705, 448.4875008346579, 66.12898861404176]}], "rb_4XMM.renamed.noAb_Nup120_715-1036_Nup85_553-744_Nup145c_92-99_554-712_remaining_updated_1.pdb_42": [{"rot": [[0.6335398527487419, -0.7700765286790859, 0.07489589412424803], [0.7647991547373384, 0.6379514650883358, 0.09000100613158693], [-0.11708760776510256, 0.00026109234767787703, 0.9931215554697372]], "trans": [380.5330317906089, 83.0810280332596, 80.20145541990948]}], "rb_4XMM.renamed.noAb_Nup120_2-711_3F7F_updated_1.pdb_42": [{"rot": [[0.9676447154228407, 0.24344739097924672, 0.06631042557281872], [-0.2523020535044121, 0.9307472746320591, 0.26467562139806566], [0.0027163416035769564, -0.2728422228878683, 0.9620549583562783]], "trans": [-145.7725955140777, 114.55750426391972, 170.91590874888516]}], "rb_4XMM.renamed.noAb_Nup120_2-711_3F7F_updated_1.pdb_43": [{"rot": [[0.5081873636870265, 0.8233634528232057, 0.2526226987898737], [-0.860207346236415, 0.47084283766407087, 0.19583243781700355], [0.042295683819213795, -0.3168274716237449, 0.947539671124524]], "trans": [-334.9195270924083, 332.26044481489464, 184.97410108894428]}], "rb_4XMM.renamed.noAb_Nup120_2-711_3F7F_updated_1.pdb_44": [{"rot": [[-0.24532575069030965, 0.9093929067227685, 0.3358866136816865], [-0.96396839009157, -0.26559293428098557, 0.015011201293807064], [0.10286019129139871, -0.3201014440178778, 0.9417828022347652]], "trans": [-315.25749963719034, 620.3118282813676, 182.04664804744567]}], "rb_4XMM.renamed.noAb_Nup120_2-711_3F7F_updated_1.pdb_45": [{"rot": [[-0.8514760207720116, 0.4511384855682714, 0.2673249948834333], [-0.502800502548809, -0.8471455822533115, -0.17186045823680024], [0.14893032158337044, -0.2807462008787732, 0.9481568066544739]], "trans": [-98.30289272701438, 809.9672094993515, 163.8724977943738]}], "rb_4XMM.renamed.noAb_Nup120_2-711_3F7F_updated_1.pdb_46": [{"rot": [[-0.9551720716254102, -0.282947909340643, 0.08710220540595594], [0.2531376654021042, -0.9331333651783823, -0.25531048773138926], [0.15351754278125485, -0.22181659854624675, 0.9629277027211225]], "trans": [188.85113918944535, 790.1239088056557, 141.12232870468324]}], "rb_4XMM.renamed.noAb_Nup120_2-711_3F7F_updated_1.pdb_47": [{"rot": [[-0.4956672945462679, -0.8628281172481643, -0.09920470353350783], [0.8610068762473565, -0.4731834273909525, -0.186452683266614], [0.1139345960275123, -0.17783442897408544, 0.9774424912492338]], "trans": [377.9876286829403, 572.4065283323662, 127.14751550968526]}], "rb_4XMM.renamed.noAb_Nup120_2-711_3F7F_updated_1.pdb_48": [{"rot": [[0.2578539330350971, -0.9488001360511352, -0.182454517750804], [0.9647087753179263, 0.263259072258979, -0.005624917592982698], [0.05336972965003449, -0.17456506724625215, 0.9831982044605214]], "trans": [358.309666722943, 284.3570961709802, 130.15870572506236]}], "rb_4XMM.renamed.noAb_Nup120_2-711_3F7F_updated_1.pdb_49": [{"rot": [[0.8639682513522124, -0.49050034492931044, -0.11387832225506017], [0.5034933279414973, 0.844775733637237, 0.18124135448639545], [0.007302696337363766, -0.2139237515609121, 0.9768230644002571]], "trans": [141.34679422414777, 94.71914797381089, 148.41590656605132]}]}
