{"rb_ScNup133N_56-480_renamed_1.pdb_0": [{"rot": [[-0.7212910907224035, -0.4216010658107956, 0.5495377182247699], [0.320234291730518, -0.9065028242955963, -0.2751411055148988], [0.6141572769611535, -0.0224760061244951, 0.7888635295818616]], "trans": [963.9365184054514, 267.231915025948, -280.8631128896823]}], "rb_ScNup133N_56-480_renamed_1.pdb_1": [{"rot": [[-0.27345041863869707, -0.9384101432290713, 0.21121380549366384], [0.770152472276434, -0.3451533893254379, -0.5364087129080393], [0.5762725379478166, 0.015985647373711054, 0.8171012306227579]], "trans": [550.5025456641004, -367.88851191327103, -244.77846618474763]}], "rb_ScNup133N_56-480_renamed_1.pdb_2": [{"rot": [[0.3604813660444846, -0.9082919271171287, -0.21227095860845896], [0.7704854785346932, 0.41822044565081634, -0.48108604865117066], [0.5257426291464924, 0.009870864880260816, 0.8505864176699793]], "trans": [-189.6381359112141, -523.5302803576535, -184.98616189141717]}], "rb_ScNup133N_56-480_renamed_1.pdb_3": [{"rot": [[0.8091380854215695, -0.3488900931401916, -0.4728332281354012], [0.32103823074381954, 0.9364235245330035, -0.14158190951553315], [0.4921686836047109, -0.037238227801749645, 0.8697029960101266]], "trans": [-822.8987657307985, -108.51613100836562, -136.48937003502806]}], "rb_ScNup133N_56-480_renamed_1.pdb_4": [{"rot": [[0.8096903072217182, 0.4120898767921912, -0.4178319516702797], [-0.3148967361340993, 0.905885177048526, 0.28321739278485514], [0.49521879201347935, -0.09774445994099168, 0.8632522045077863]], "trans": [-978.3044245321961, 634.032912541453, -127.67419018863148]}], "rb_ScNup133N_56-480_renamed_1.pdb_5": [{"rot": [[0.3618145321280764, 0.9288551864760539, -0.07948765248436099], [-0.7647797518189456, 0.3444951977444906, 0.5444584372922644], [0.5331061578604129, -0.1362024276124242, 0.8350130077811897]], "trans": [-564.8143728304958, 1269.121267433984, -163.68067409909577]}], "rb_ScNup133N_56-480_renamed_1.pdb_6": [{"rot": [[-0.27211729576107146, 0.8986774311077236, 0.3439928083046252], [-0.7650630023720156, -0.41887624790409017, 0.48910253663552683], [0.5836358280205194, -0.13008291109677794, 0.801528325445451]], "trans": [175.3450002169813, 1424.7053374225586, -223.39171089906148]}], "rb_ScNup133N_56-480_renamed_1.pdb_7": [{"rot": [[-0.72073897322949, 0.33923516528831854, 0.6045286056919938], [-0.3155805556254877, -0.937035403498895, 0.1495779579375585], [0.6172068092456591, -0.0829708094541011, 0.7824139565468667]], "trans": [808.5798109711271, 1009.6418973676628, -271.803728404303]}], "rb_ScNup133C_490_881_renamed_relative_3CQC_1.pdb_7": [{"rot": [[0.8444061320747377, 0.3147247205245407, -0.43350505695473934], [-0.276768477629608, 0.9491595750563725, 0.14998436875020382], [0.4586692641819062, -0.006667186029931035, 0.8885820472670335]], "trans": [140.77828439797906, 130.8533984308604, -219.32559986583738]}], "rb_ScNup133C_490_881_renamed_relative_3CQC_1.pdb_8": [{"rot": [[0.4125835183281574, 0.8921374464250224, -0.18402613154169398], [-0.764390947977918, 0.4489599379608637, 0.4627542033905243], [0.49546071393540403, -0.0502568482141417, 0.8671752591917055]], "trans": [-127.99782134780855, 119.35497629250307, -197.8052964182553]}], "rb_ScNup133C_490_881_renamed_relative_3CQC_1.pdb_9": [{"rot": [[-0.23659513882262367, 0.9479923018437962, 0.21291626506776076], [-0.8027365733138826, -0.3141815172975279, 0.5068569502856893], [0.5473908422231687, -0.050995782507230275, 0.8353219116105397]], "trans": [-326.2253299966892, 301.88769143402703, -182.85220610422175]}], "rb_ScNup133C_490_881_renamed_relative_3CQC_1.pdb_10": [{"rot": [[-0.7228318285996115, 0.4495687249230836, 0.5247876800520141], [-0.3693419456423767, -0.8932057659339168, 0.25645659845578], [0.5840382476794186, -0.008451110781332205, 0.8116821446687836]], "trans": [-337.77785863501356, 571.5214224094234, -183.20205516708376]}], "rb_ScNup133C_490_881_renamed_relative_3CQC_1.pdb_11": [{"rot": [[-0.7612822421941216, -0.3111497252045275, 0.5688894411263392], [0.2819042512823812, -0.9489122388552014, -0.1417587953522817], [0.5839343634594658, 0.05245389838665031, 0.8101044671616322]], "trans": [-155.88585975653297, 770.3010445728777, -198.62589219175914]}], "rb_ScNup133C_490_881_renamed_relative_3CQC_1.pdb_12": [{"rot": [[-0.32942158517165754, -0.8885234543241358, 0.31938611481856527], [0.7694928127304916, -0.4486672987628244, -0.45450903860868075], [0.547140046404126, 0.0960402318654838, 0.8315131048180269]], "trans": [112.89768235781759, 781.7787692635452, -220.0642110719039]}], "rb_ScNup133C_490_881_renamed_relative_3CQC_1.pdb_13": [{"rot": [[0.3197600803487565, -0.9443187909478944, -0.07755973232331267], [0.8077874844069349, 0.31447851498344387, -0.4985806290353888], [0.4952099262442877, 0.09677440093596548, 0.8633665758370614]], "trans": [311.11749222877205, 599.2309003168945, -234.93413742604662]}], "rb_ScNup133C_490_881_renamed_relative_3CQC_1.pdb_14": [{"rot": [[0.8059629812437782, -0.4458500401673591, -0.38941162610713786], [0.3743547076887802, 0.8934636243350657, -0.24815580755101518], [0.45856539958427844, 0.054226319004823345, 0.8870046677618434]], "trans": [322.65552367387, 329.59667008200535, -234.50065382878256]}], "rb_ScNup84_506-726_ScNup133C_882_1155_renamed_relative_3CQC_new_1.pdb_14": [{"rot": [[0.9501769315389343, 0.26578701069758826, 0.16285288979841891], [-0.3088158032293039, 0.8737052554007294, 0.3758615787241184], [-0.04238630022891477, -0.4074265475267743, 0.912253807842597]], "trans": [-98.56360517899805, 112.74102011827384, 169.98449931863448]}], "rb_ScNup84_506-726_ScNup133C_882_1155_renamed_relative_3CQC_new_1.pdb_15": [{"rot": [[0.45507047455401756, 0.7963263154846814, 0.39846613715066614], [-0.8904554197064394, 0.4070123355317506, 0.20354386318535564], [-9.329850209521817e-05, -0.4474431338076178, 0.8943123801579671]], "trans": [-302.7501056811351, 297.6511686329908, 185.40099084567686]}], "rb_ScNup84_506-726_ScNup133C_882_1155_renamed_relative_3CQC_new_1.pdb_16": [{"rot": [[-0.30514511237715036, 0.8426431579014168, 0.44366537935054645], [-0.9503635011690142, -0.29919602414860014, -0.08538708789649274], [0.06079207216495747, -0.4476988357987971, 0.892115506190926]], "trans": [-316.8419871475504, 573.1923562185295, 185.22480136104173]}], "rb_ScNup84_506-726_ScNup133C_882_1155_renamed_relative_3CQC_new_1.pdb_17": [{"rot": [[-0.8851248193905157, 0.37760447859259305, 0.27197226300805505], [-0.4534450487923035, -0.8312130090017026, -0.3216714494512698], [0.1046023031517575, -0.40804385966848133, 0.9069501456872899]], "trans": [-132.5821133804253, 777.9487868517167, 169.5831500502865]}], "rb_ScNup84_506-726_ScNup133C_882_1155_renamed_relative_3CQC_new_1.pdb_18": [{"rot": [[-0.94510835640378, -0.32636350705730244, -0.016032963450436193], [0.3091981014712367, -0.8773755678611224, -0.36689051087068913], [0.10567274342198041, -0.35170864956897285, 0.9301259576616713]], "trans": [142.08939684250174, 791.9713731971382, 147.66314169972168]}], "rb_ScNup84_506-726_ScNup133C_882_1155_renamed_relative_3CQC_new_1.pdb_19": [{"rot": [[-0.4499565216667016, -0.8568664271059635, -0.25163277749185003], [0.8907988389288063, -0.4106410228549319, -0.19455430838648907], [0.06337631397212191, -0.3116951659030262, 0.9480662246805289]], "trans": [346.26801330360996, 607.0456032503581, 132.32983117441242]}], "rb_ScNup84_506-726_ScNup133C_882_1155_renamed_relative_3CQC_new_1.pdb_20": [{"rot": [[0.31026375839086906, -0.9031281908977117, -0.29680948609334834], [0.9506472510073626, 0.29557094859515753, 0.09438018064563097], [0.0024908595535642897, -0.31144387159227244, 0.9502612853664508]], "trans": [360.344936900754, 331.5037172947367, 132.5896928809498]}], "rb_ScNup84_506-726_ScNup133C_882_1155_renamed_relative_3CQC_new_1.pdb_21": [{"rot": [[0.8902047246052588, -0.438048004912472, -0.12509793636458216], [0.4536832940486776, 0.8275514160248868, 0.3306510585743598], [-0.04131606215039409, -0.351101978387201, 0.9354252422192685]], "trans": [176.07562064536774, 126.7621540588475, 148.31450106878071]}], "rb_4XMM.renamed.noAb_Nup145c_149-550_Sec13_Nup84_7-436_3IKO_updated_1.pdb_21": [{"rot": [[0.9995874281422917, -0.011066327141736498, 0.026504903385399202], [0.011049098352523098, 0.9999386397098401, 0.0007963923842826164], [-0.02651209017549449, -0.0005032085308677704, 0.9996483661046517]], "trans": [-4.142718436904147, -7.152673557900641, 14.334169213360042]}], "rb_4XMM.renamed.noAb_Nup145c_149-550_Sec13_Nup84_7-436_3IKO_updated_1.pdb_22": [{"rot": [[0.7159149124613235, 0.6970910534807484, 0.03911395240312872], [-0.6981873923506414, 0.714826615643704, 0.03946232038258967], [-0.0004508637324831845, -0.05556053207508998, 0.9984552188242726]], "trans": [-323.41203776338534, 137.36459879763282, 39.12000441407008]}], "rb_4XMM.renamed.noAb_Nup145c_149-550_Sec13_Nup84_7-436_3IKO_updated_1.pdb_23": [{"rot": [[0.015318369804304566, 0.9970441239055217, 0.0752885285552023], [-0.998265148611152, 0.010968936887126746, 0.057847865059300105], [0.05685103881980811, -0.07604404913624192, 0.9954824267540193]], "trans": [-447.3823019598073, 465.9898725183117, 47.443523258456764]}], "rb_4XMM.renamed.noAb_Nup145c_149-550_Sec13_Nup84_7-436_3IKO_updated_1.pdb_24": [{"rot": [[-0.6917828667290316, 0.7130761461394584, 0.11383705507021151], [-0.7133943897152384, -0.6993046439510182, 0.04518251510661705], [0.11182535500942119, -0.04995422660231027, 0.9924714934050144]], "trans": [-303.42806893991724, 786.2099454373824, 34.45269594704928]}], "rb_4XMM.renamed.noAb_Nup145c_149-550_Sec13_Nup84_7-436_3IKO_updated_1.pdb_25": [{"rot": [[-0.9911589226500221, 0.011539565506405258, 0.13217726158144005], [-0.01045642290182767, -0.9999058483582562, 0.008885811108256527], [0.1322673552746224, 0.0074251496198301115, 0.9911862659872652]], "trans": [24.122155177811578, 910.435500531005, 7.781737190721742]}], "rb_4XMM.renamed.noAb_Nup145c_149-550_Sec13_Nup84_7-436_3IKO_updated_1.pdb_26": [{"rot": [[-0.7074310831977622, -0.6965955973930085, 0.11956519651769854], [0.6987577794444524, -0.714738252315845, -0.029779125950015473], [0.10620182762785321, 0.06248043189004464, 0.9923796488437954]], "trans": [343.3867439863172, 765.8935728401874, -16.921124409364154]}], "rb_4XMM.renamed.noAb_Nup145c_149-550_Sec13_Nup84_7-436_3IKO_updated_1.pdb_27": [{"rot": [[-0.006811117285921986, -0.9964937794265095, 0.08338918542344402], [0.998780537668898, -0.010857054448533354, -0.048161830763850694], [0.04889832568853077, 0.08295945957496165, 0.9953525414705514]], "trans": [467.33791307013894, 437.258978442571, -25.16059931634294]}], "rb_4XMM.renamed.noAb_Nup145c_149-550_Sec13_Nup84_7-436_3IKO_updated_1.pdb_28": [{"rot": [[0.700267920312823, -0.7124703969945063, 0.04484164567944728], [0.7138542896827378, 0.6993942148081176, -0.0354934556571666], [-0.006073951127912466, 0.0568653295024664, 0.9983633814489934]], "trans": [323.3652332077536, 117.05061327924, -12.085882051923704]}], "rb_4XMM.renamed.noAb_Seh1_Nup85_47_544_3F3F_1.pdb_28": [{"rot": [[0.7174862192038975, -0.6629113143036647, 0.21392081390245582], [0.32677974283266625, 0.5915392697620614, 0.7370863531524567], [-0.6151654451663533, -0.45894431219654486, 0.6410472629812307]], "trans": [420.15666330215925, -145.63811028847374, 645.6032129526906]}], "rb_4XMM.renamed.noAb_Seh1_Nup85_47_544_3F3F_1.pdb_29": [{"rot": [[0.7268712488031088, -0.06200950430639743, 0.683968573137018], [-0.3100254854943808, 0.8590384865862468, 0.4073537491021636], [-0.6128151319993551, -0.5081414172642197, 0.6051858508370198]], "trans": [-107.75960808765814, -223.2287616563318, 688.1001621120157]}], "rb_4XMM.renamed.noAb_Seh1_Nup85_47_544_3F3F_1.pdb_30": [{"rot": [[0.2846300627403649, 0.5516066380180553, 0.7840381650652207], [-0.7667892145908477, 0.621859525673458, -0.15913840113667388], [-0.5753433998679148, -0.555896435699676, 0.5999659365370913]], "trans": [-535.882118754939, 96.41101942021612, 720.7102169869538]}], "rb_4XMM.renamed.noAb_Seh1_Nup85_47_544_3F3F_1.pdb_31": [{"rot": [[-0.35016621658805547, 0.8184721245084225, 0.45550741175427645], [-0.7759328115834436, 0.01894516654975581, -0.6305310084148266], [-0.5247017178060531, -0.5742338043576631, 0.628445419479135]], "trans": [-613.4087520841257, 626.0318590607947, 724.3539525311792]}], "rb_4XMM.renamed.noAb_Seh1_Nup85_47_544_3F3F_1.pdb_32": [{"rot": [[-0.8056449781240248, 0.5822533903752878, -0.1091657392226417], [-0.33209982842918867, -0.5965088581177316, -0.7306756367529896], [-0.4905566972133256, -0.5524112341214344, 0.6739406169949922]], "trans": [-294.9213998061875, 1055.374518545293, 696.9208219873998]}], "rb_4XMM.renamed.noAb_Seh1_Nup85_47_544_3F3F_1.pdb_33": [{"rot": [[-0.8149803411092348, -0.018669299242007248, -0.5791877941318263], [0.30470611529509195, -0.863960902777042, -0.4009061508314082], [-0.49291097259774264, -0.5032126943336128, 0.7097998008975887]], "trans": [233.00746978205615, 1132.9241310113732, 654.5055449364888]}], "rb_4XMM.renamed.noAb_Seh1_Nup85_47_544_3F3F_1.pdb_34": [{"rot": [[-0.37270351827833154, -0.6322669597557276, -0.6792132058965031], [0.7614351187919086, -0.6267337885929222, 0.1655938347473041], [-0.5303853762438294, -0.45545938330131536, 0.7150161556422904]], "trans": [661.1115944180151, 813.2511568220492, 621.9795936314629]}], "rb_4XMM.renamed.noAb_Seh1_Nup85_47_544_3F3F_1.pdb_35": [{"rot": [[0.2620934914511398, -0.8990854299099228, -0.3506456779466185], [0.7705288919338765, -0.023798503956739492, 0.636960640781341], [-0.5810268741066171, -0.43712586394894715, 0.6865338670690491]], "trans": [738.6034549610508, 283.6246484415426, 618.4211338639061]}], "rb_4XMM.renamed.noAb_Nup120_715-1036_Nup85_553-744_Nup145c_92-99_554-712_remaining_updated_1.pdb_35": [{"rot": [[0.992022403108875, -0.09110300193703395, 0.08713090592983343], [0.08922216385624655, 0.9956916244370096, 0.02525063371081679], [-0.089055921795812, -0.01727518636801164, 0.9958768049960037]], "trans": [24.651873282586735, -55.96042674667683, 59.515162796954826]}], "rb_4XMM.renamed.noAb_Nup120_715-1036_Nup85_553-744_Nup145c_92-99_554-712_remaining_updated_1.pdb_36": [{"rot": [[0.7644265199697623, 0.6370240242979062, 0.0992596999502759], [-0.6411821448795103, 0.7672644593287726, 0.013809653820298778], [-0.06736135876471698, -0.07420001292605266, 0.9949657307802838]], "trans": [-336.51411852198396, 85.16164213711025, 87.65694148805807]}], "rb_4XMM.renamed.noAb_Nup120_715-1036_Nup85_553-744_Nup145c_92-99_554-712_remaining_updated_1.pdb_37": [{"rot": [[0.08857564132280987, 0.991059735468278, 0.09977452830156125], [-0.9959999642132074, 0.08930718337122873, -0.0028806745019895955], [-0.011765502604717412, -0.0991202690262887, 0.9950059021013964]], "trans": [-492.51393392386245, 441.10672979530455, 98.40049009633918]}], "rb_4XMM.renamed.noAb_Nup120_715-1036_Nup85_553-744_Nup145c_92-99_554-712_remaining_updated_1.pdb_38": [{"rot": [[-0.6396072586232088, 0.7636050200669504, 0.0883737972764268], [-0.7673740126479129, -0.6410232719821022, -0.01504292159122244], [0.04516281024408714, -0.07743731726959052, 0.9959737860330182]], "trans": [-351.9587681239675, 803.3573018471799, 85.47609126421827]}], "rb_4XMM.renamed.noAb_Nup120_715-1036_Nup85_553-744_Nup145c_92-99_554-712_remaining_updated_1.pdb_39": [{"rot": [[-0.9935423697010265, 0.08790605748750836, 0.07173621585970372], [-0.08923659623649337, -0.9958890283258178, -0.015552271614843221], [0.07007417142565575, -0.021853336524651674, 0.9973023825208414]], "trans": [2.8140942635482133, 959.7019822468606, 56.47904496276203]}], "rb_4XMM.renamed.noAb_Nup120_715-1036_Nup85_553-744_Nup145c_92-99_554-712_remaining_updated_1.pdb_40": [{"rot": [[-0.765889513356192, -0.6402031726356384, 0.05960831383520636], [0.6411498247496702, -0.7674047219866059, -0.004110340147179554], [0.04837515430963292, 0.035069793554014156, 0.9982133810090889]], "trans": [363.9756214939825, 818.5519695513997, 28.420234674902645]}], "rb_4XMM.renamed.noAb_Nup120_715-1036_Nup85_553-744_Nup145c_92-99_554-712_remaining_updated_1.pdb_41": [{"rot": [[-0.09001094274078364, -0.9941860169562066, 0.05909478721230385], [0.9959145864483477, -0.08941968124669591, 0.01258002802677749], [-0.007222650921273836, 0.059985700750190454, 0.9981731057382666]], "trans": [519.9542118774766, 462.5950482081569, 17.76091199767984]}], "rb_4XMM.renamed.noAb_Nup120_715-1036_Nup85_553-744_Nup145c_92-99_554-712_remaining_updated_1.pdb_42": [{"rot": [[0.6381541455908466, -0.7666743341131015, 0.0704964671274178], [0.7672314892733134, 0.6408928974393984, 0.02474137989653263], [-0.0641492660337456, 0.038298295314065645, 0.9972051505299029]], "trans": [379.37732120851916, 100.3559185277744, 30.76946335304723]}], "rb_4XMM.renamed.noAb_Nup120_2-711_3F7F_updated_1.pdb_42": [{"rot": [[0.9912703049774613, 0.13172185026014044, 0.0057040892294671144], [-0.12437824457898322, 0.9199012380232107, 0.37190289667978704], [0.043740538923785696, -0.3693657624190565, 0.9282541132724634]], "trans": [-74.32488464300172, 10.964333023935183, 214.6971450827532]}], "rb_4XMM.renamed.noAb_Nup120_2-711_3F7F_updated_1.pdb_43": [{"rot": [[0.6159325053985922, 0.7346020034401167, 0.2845822294788998], [-0.7840399453858445, 0.5363540614416045, 0.31241908522761347], [0.07686685132601871, -0.4155529055569985, 0.9063152155019585]], "trans": [-356.43384359753816, 211.1777243927134, 236.2500815444814]}], "rb_4XMM.renamed.noAb_Nup120_2-711_3F7F_updated_1.pdb_44": [{"rot": [[-0.11456002550784017, 0.8906992151784645, 0.4399214800803789], [-0.9840540497557098, -0.16240059370644933, 0.07255118416111889], [0.1360647923418503, -0.42459504853950075, 0.8951007859680993]], "trans": [-414.85829095278706, 552.8102222513986, 239.2859066369615]}], "rb_4XMM.renamed.noAb_Nup120_2-711_3F7F_updated_1.pdb_45": [{"rot": [[-0.7722744631921622, 0.5085695378681747, 0.38072191774812447], [-0.6072494751498407, -0.7670223979945829, -0.20718280793753918], [0.18665537343323768, -0.39119517651319724, 0.9011803956152773]], "trans": [-215.37044832407264, 835.7288091313328, 222.0501961170715]}], "rb_4XMM.renamed.noAb_Nup120_2-711_3F7F_updated_1.pdb_46": [{"rot": [[-0.9719124162853268, -0.18793007549393517, 0.14166348081020008], [0.12563634568314289, -0.9233153733033675, -0.36291077424767826], [0.1990019188696529, -0.3349194054492921, 0.9209925233896794]], "trans": [125.16880663738698, 894.1959044813549, 194.66387713206757]}], "rb_4XMM.renamed.noAb_Nup120_2-711_3F7F_updated_1.pdb_47": [{"rot": [[-0.5965231569702196, -0.7907803307557925, -0.13721002765119733], [0.7852685652092052, -0.5397208909659653, -0.30340507634049396], [0.1658716482481533, -0.288734875525393, 0.9429309454900591]], "trans": [407.26869011093805, 693.960776254557, 173.19424639164941]}], "rb_4XMM.renamed.noAb_Nup120_2-711_3F7F_updated_1.pdb_48": [{"rot": [[0.13398499365781308, -0.9468230481964024, -0.2925305742629118], [0.985225328415684, 0.1590459925821724, -0.0635249910803554], [0.10667274123562907, -0.27969713557279186, 0.9541438249182626]], "trans": [465.6730260886808, 352.32410267668445, 170.2425212065338]}], "rb_4XMM.renamed.noAb_Nup120_2-711_3F7F_updated_1.pdb_49": [{"rot": [[0.791670060795946, -0.5646462037367396, -0.23330919280009402], [0.6083691440258626, 0.7636377843454888, 0.21620434527814616], [0.05608475226460577, -0.31310062108785586, 0.9480624988036478]], "trans": [266.1696443929802, 69.42158100193296, 187.5618687106734]}]}
