{"rb_ScNup133N_56-480_renamed_1.pdb_0": [{"rot": [[-0.6859323697979529, -0.42677296007959653, 0.5893739259657336], [0.3493257908769719, -0.903645153695016, -0.2477840350621638], [0.6383324180170868, 0.035920422441956715, 0.7689222635351697]], "trans": [936.4119000656013, 240.58285182739843, -301.32904933967376]}], "rb_ScNup133N_56-480_renamed_1.pdb_1": [{"rot": [[-0.22739601122835862, -0.9389076483046644, 0.25834759923876766], [0.7671959840473367, -0.33612418220698764, -0.5462882537610714], [0.5997510951545393, 0.07397947073808031, 0.7967594754819315]], "trans": [511.79728213883755, -368.5125232957631, -264.47986014873567]}], "rb_ScNup133N_56-480_renamed_1.pdb_2": [{"rot": [[0.3915111250461695, -0.9011326510510813, -0.1862229421277897], [0.7372898072046163, 0.4282960147802052, -0.5224617344031728], [0.5505658717694549, 0.06724930433128479, 0.8320785731586265]], "trans": [-217.90732234907648, -497.82822966583376, -205.6474645431449]}], "rb_ScNup133N_56-480_renamed_1.pdb_3": [{"rot": [[0.808224512005391, -0.3355770943374582, -0.48390200655677595], [0.27712672042037056, 0.9418073075466871, -0.1902623879822481], [0.5195901452324659, 0.019672549598016856, 0.8541891311469703]], "trans": [-825.2287539149331, -71.6091863445871, -159.2727045042481]}], "rb_ScNup133N_56-480_renamed_1.pdb_4": [{"rot": [[0.7786275719098378, 0.4264486023800156, -0.4603050008308827], [-0.34372325176766627, 0.9035875402806252, 0.25570272435754066], [0.5249699329066847, -0.04087965970673313, 0.8501384728185225]], "trans": [-954.3876413760049, 660.4595981970592, -152.4985634457609]}], "rb_ScNup133N_56-480_renamed_1.pdb_5": [{"rot": [[0.320058609584341, 0.9385390414019197, -0.12925538362211897], [-0.7615574416671342, 0.33602639154519737, 0.554180951699461], [0.5635536793175474, -0.07893498558609155, 0.822299530936371]], "trans": [-529.7189739780194, 1269.5220245999258, -189.26942381394758]}], "rb_ScNup133N_56-480_renamed_1.pdb_6": [{"rot": [[-0.2988462110184547, 0.900704423074033, 0.31531331150901865], [-0.7316026893728474, -0.42839081511818533, 0.5303195399236108], [0.6127384817867463, -0.07220008155983534, 0.7869807501841598]], "trans": [200.00226842833703, 1398.780852492181, -248.02039223480625]}], "rb_ScNup133N_56-480_renamed_1.pdb_7": [{"rot": [[-0.7155237194314619, 0.3351088002809496, 0.6129664745361088], [-0.2714069111408065, -0.9418577017635005, 0.19809684049418902], [0.6437111895221099, -0.02462034936869198, 0.7648723703213436]], "trans": [807.297006311167, 972.5145547402485, -294.3103181175572]}], "rb_ScNup133C_490_881_renamed_relative_3CQC_1.pdb_7": [{"rot": [[0.7948557747206122, 0.3686832235868288, -0.48195121956368575], [-0.26742670626484355, 0.9257997022311297, 0.2671663678779438], [0.5446900533052139, -0.08347210309067399, 0.8344729796919654]], "trans": [172.03856332633973, 87.03129389583788, -232.92141163036763]}], "rb_ScNup133C_490_881_renamed_relative_3CQC_1.pdb_8": [{"rot": [[0.38574158629681127, 0.912404070539283, -0.136829239070349], [-0.7179093559922055, 0.3899902730591996, 0.5766400467345911], [0.5794907981841302, -0.12420305544777055, 0.8054588852557043]], "trans": [-136.99900175528393, 65.55414996813977, -208.1434693797449]}], "rb_ScNup133C_490_881_renamed_relative_3CQC_1.pdb_9": [{"rot": [[-0.22119427928890933, 0.9193253164759736, 0.325444393554743], [-0.7461121614018325, -0.3744213812307722, 0.5505681355522947], [0.6280045648067768, -0.12103549794830931, 0.7687396664790096]], "trans": [-370.7400459240125, 269.5933728407136, -190.46436969923042]}], "rb_ScNup133C_490_881_renamed_relative_3CQC_1.pdb_10": [{"rot": [[-0.6704002341807298, 0.3853923979376198, 0.6340632662615912], [-0.33551352142520896, -0.9196321353513947, 0.20422392751559137], [0.6618113046414983, -0.07582503043803535, 0.7458259594622545]], "trans": [-392.25385641781827, 579.6200255969426, -190.21677355578908]}], "rb_ScNup133C_490_881_renamed_relative_3CQC_1.pdb_11": [{"rot": [[-0.6987250961990578, -0.37660925294185943, 0.6082340918924187], [0.27335209119853554, -0.926249842067174, -0.2594992568542846], [0.6611065528180826, -0.015056582252059067, 0.7501409368591224]], "trans": [-188.935426365438, 814.016240471603, -207.5217213601673]}], "rb_ScNup133C_490_881_renamed_relative_3CQC_1.pdb_12": [{"rot": [[-0.2895757617930022, -0.9202883248539875, 0.26308796498404585], [0.7238026155892732, -0.39039775547434225, -0.5689458376565604], [0.6263031628916876, 0.025670832827155154, 0.7791568240693467]], "trans": [120.11035445784358, 835.4695265996688, -232.21772578760982]}], "rb_ScNup133C_490_881_renamed_relative_3CQC_1.pdb_13": [{"rot": [[0.31736231993675396, -0.9271499515977264, -0.19918364676021347], [0.7519577832065163, 0.37401441658659845, -0.5428376446604735], [0.5777894514089934, 0.022498520789651144, 0.8158757052411687]], "trans": [353.842023439503, 631.4123632711644, -249.8135143296721]}], "rb_ScNup133C_490_881_renamed_relative_3CQC_1.pdb_14": [{"rot": [[0.7665362628859678, -0.39317449547765665, -0.5077755151508465], [0.3413238998722206, 0.9191832455107238, -0.19646922544865303], [0.5439854345998942, -0.022715133243401603, 0.8387871420479105]], "trans": [375.3381866128148, 321.3844307651096, -249.97722105660887]}], "rb_ScNup84_506-726_ScNup133C_882_1155_renamed_relative_3CQC_new_1.pdb_14": [{"rot": [[0.9739926314953912, 0.1952820133564228, 0.11490556580142129], [-0.21707530154804966, 0.9495808775222191, 0.22621775019205584], [-0.06493587029143576, -0.24527758214642034, 0.9672756796518248]], "trans": [-76.54111437686265, 76.90263885973428, 120.18993415218785]}], "rb_ScNup84_506-726_ScNup133C_882_1155_renamed_relative_3CQC_new_1.pdb_15": [{"rot": [[0.5361847458138884, 0.8030394135323675, 0.2600646432525704], [-0.8436690071713278, 0.5196929943571031, 0.13469149176801645], [-0.026991196621152486, -0.29162800265018896, 0.9561509208149199]], "trans": [-313.387513757223, 253.9210741255, 138.24801876260676]}], "rb_ScNup84_506-726_ScNup133C_882_1155_renamed_relative_3CQC_new_1.pdb_16": [{"rot": [[-0.21518760570827755, 0.9299213645333767, 0.2982290229570566], [-0.975996542432139, -0.21527587925268532, -0.032970365064588475], [0.03354166826572397, -0.298165309176579, 0.9539247375414824]], "trans": [-356.1447243269023, 547.0517037460171, 140.27105256296932]}], "rb_ScNup84_506-726_ScNup133C_882_1155_renamed_relative_3CQC_new_1.pdb_17": [{"rot": [[-0.839959905199265, 0.5015986304275504, 0.20704147316623814], [-0.5365385713564534, -0.8247706140854143, -0.1785491405410376], [0.08120171860506645, -0.26105985538640925, 0.9619012593822764]], "trans": [-179.7630559182499, 784.5745885428888, 125.09791872943316]}], "rb_ScNup84_506-726_ScNup133C_882_1155_renamed_relative_3CQC_new_1.pdb_18": [{"rot": [[-0.9721317303278312, -0.23101129179536753, 0.03992094629202854], [0.21726423024220035, -0.9517406006003104, -0.21676273532649276], [0.08806902490137848, -0.20204853929685945, 0.9754077273740066]], "trans": [112.432536472685, 827.3455903246114, 101.64125790405717]}], "rb_ScNup84_506-726_ScNup133C_882_1155_renamed_relative_3CQC_new_1.pdb_19": [{"rot": [[-0.5342749623109276, -0.8387351798972883, -0.10523099662323132], [0.8438235525678283, -0.5218050304201375, -0.12522508678394798], [0.05012062229726158, -0.1557010219327448, 0.9865318621259186]], "trans": [349.27166820470376, 650.3089699715058, 83.666317638451]}], "rb_ScNup84_506-726_ScNup133C_882_1155_renamed_relative_3CQC_new_1.pdb_20": [{"rot": [[0.2171077303667142, -0.9655598113212849, -0.14338230077738717], [0.976092110115633, 0.2131737773520193, 0.04243975988952957], [-0.010412779889315812, -0.14916833246595845, 0.9887569886500425]], "trans": [392.01254981669643, 357.17539269794827, 81.72707628805091]}], "rb_ScNup84_506-726_ScNup133C_882_1155_renamed_relative_3CQC_new_1.pdb_21": [{"rot": [[0.8418457718385653, -0.5371895287518768, -0.05218339426354596], [0.536585116887449, 0.8226348739220412, 0.18801137343827865], [-0.058069861136485795, -0.18627741249706528, 0.9807795964542622]], "trans": [215.61888355319047, 119.66675804940769, 96.98357368041087]}], "rb_4XMM.renamed.noAb_Nup145c_149-550_Sec13_Nup84_7-436_3IKO_updated_1.pdb_21": [{"rot": [[0.9985522478894163, -0.05378289044308931, 0.0008994056822968891], [0.05378386203845866, 0.9985520019757036, -0.0010934050225941613], [-0.0008392968621057764, 0.001140195554298239, 0.9999989977669358]], "trans": [21.738415694902358, -28.47647359350185, -0.20404558791602767]}], "rb_4XMM.renamed.noAb_Nup145c_149-550_Sec13_Nup84_7-436_3IKO_updated_1.pdb_22": [{"rot": [[0.745816121378484, 0.6658624100449477, 0.019635783179928253], [-0.6657613591857257, 0.7440458747427456, 0.05619207144676497], [0.022806264646592193, -0.05498169847719413, 0.9982268715705029]], "trans": [-320.3842786472451, 103.20906544239736, 26.465777552307884]}], "rb_4XMM.renamed.noAb_Nup145c_149-550_Sec13_Nup84_7-436_3IKO_updated_1.pdb_23": [{"rot": [[0.05983638137190356, 0.9955155443900344, 0.07326942296845261], [-0.9950704076670688, 0.05367203118265834, 0.08339182726156069], [0.07908534155967413, -0.07789809976207165, 0.9938195987219454]], "trans": [-469.56525521014026, 438.9757723849291, 36.76399983313303]}], "rb_4XMM.renamed.noAb_Nup145c_149-550_Sec13_Nup84_7-436_3IKO_updated_1.pdb_24": [{"rot": [[-0.6575303681201359, 0.7420610583836249, 0.13038098262543132], [-0.7412293995476162, -0.6681387968758653, 0.06457186194892871], [0.13502885708647214, -0.05418425730639496, 0.9893590217984953]], "trans": [-338.4102811322062, 782.12689279177, 24.681782338704352]}], "rb_4XMM.renamed.noAb_Nup145c_149-550_Sec13_Nup84_7-436_3IKO_updated_1.pdb_25": [{"rot": [[-0.9860405703740303, 0.05397616363652683, 0.1575137052308152], [-0.052941976541958265, -0.9985396488234666, 0.010757176550519748], [0.15786431102781906, 0.00226792561412189, 0.9874582096560446]], "trans": [-3.7498761741673547, 931.6397786929742, -2.6789366622885495]}], "rb_4XMM.renamed.noAb_Nup145c_149-550_Sec13_Nup84_7-436_3IKO_updated_1.pdb_26": [{"rot": [[-0.7332483169155962, -0.6656493065113941, 0.13877285931098152], [0.6665833841005265, -0.743977046937228, -0.046526827440214115], [0.13421437248497328, 0.058387964268860955, 0.9892306848490917]], "trans": [338.36908906711125, 799.9277901911047, -29.265857291739792]}], "rb_4XMM.renamed.noAb_Nup145c_149-550_Sec13_Nup84_7-436_3IKO_updated_1.pdb_27": [{"rot": [[-0.04724287419155854, -0.9952486049283562, 0.0851370966516964], [0.9958385808078853, -0.05357735273479519, -0.07372237278104471], [0.07793350892046728, 0.08129994872133106, 0.9936381064176492]], "trans": [487.5304142151421, 464.14978408477407, -39.47998166814898]}], "rb_4XMM.renamed.noAb_Nup145c_149-550_Sec13_Nup84_7-436_3IKO_updated_1.pdb_28": [{"rot": [[0.6701040967735992, -0.7417378152515963, 0.02802700328302251], [0.7419412768506743, 0.6682135582843585, -0.054897925554124184], [0.021991843770564998, 0.057581715420294464, 0.9980985446622124]], "trans": [356.3552051627886, 121.00936761613639, -27.313726811475703]}], "rb_4XMM.renamed.noAb_Seh1_Nup85_47_544_3F3F_1.pdb_28": [{"rot": [[0.6906850842875177, -0.7010088689875593, 0.17759695927442773], [0.3107884432583032, 0.5094925104921083, 0.8023888865690532], [-0.6529660464984534, -0.49900295325100746, 0.5697643326560096]], "trans": [464.94443496754377, -113.91258002057475, 705.8138139295252]}], "rb_4XMM.renamed.noAb_Seh1_Nup85_47_544_3F3F_1.pdb_29": [{"rot": [[0.6958498167991666, -0.14765249720387033, 0.7028454826845105], [-0.30462174078737325, 0.8255656740076515, 0.47502306569255953], [-0.6503834465146172, -0.5446467276774445, 0.5294915622840602]], "trans": [-52.45120016148968, -228.89236981743122, 747.6541190484918]}], "rb_4XMM.renamed.noAb_Seh1_Nup85_47_544_3F3F_1.pdb_30": [{"rot": [[0.26570456152943744, 0.46657106135172155, 0.8436305652900282], [-0.7432693449389107, 0.656446320298966, -0.12895312884930277], [-0.6139639784682216, -0.5927813030748106, 0.5212087488409972]], "trans": [-499.48712630718256, 56.8571706809966, 781.9365822731955]}], "rb_4XMM.renamed.noAb_Seh1_Nup85_47_544_3F3F_1.pdb_31": [{"rot": [[-0.3477655259365628, 0.7818409855251749, 0.5174783206310033], [-0.74818841775312, 0.10120695135148688, -0.655721926229568], [-0.5650426802553442, -0.6152087664778155, 0.5497680812294361]], "trans": [-614.2814813875652, 575.9400483773884, 788.60205816506]}], "rb_4XMM.renamed.noAb_Seh1_Nup85_47_544_3F3F_1.pdb_32": [{"rot": [[-0.7851810184330178, 0.6134677084297504, -0.08454666762465701], [-0.316497297016511, -0.5148853816302498, -0.7966947375028336], [-0.5322783381593937, -0.5987907935977449, 0.5984390998496433]], "trans": [-329.58420025687985, 1024.2703112438012, 763.7698218646071]}], "rb_4XMM.renamed.noAb_Seh1_Nup85_47_544_3F3F_1.pdb_33": [{"rot": [[-0.7902977528970604, 0.060086669851154434, -0.6097696728044528], [0.2989132718986085, -0.8309151030836482, -0.4692877021085818], [-0.5348647657574013, -0.5531452644411619, 0.6387096357325383]], "trans": [187.8269489061184, 1139.2098866315637, 722.0109524323609]}], "rb_4XMM.renamed.noAb_Seh1_Nup85_47_544_3F3F_1.pdb_34": [{"rot": [[-0.36011827413369835, -0.5541237151386273, -0.750507652829687], [0.73752710043274, -0.6617475461622351, 0.1346995221800356], [-0.5712867972938249, -0.5050119735899539, 0.6469886411433653]], "trans": [634.8471327638056, 853.4256674256915, 687.8123892829767]}], "rb_4XMM.renamed.noAb_Seh1_Nup85_47_544_3F3F_1.pdb_35": [{"rot": [[0.25335221366684, -0.8693503426461524, -0.4243143145960586], [0.7423980233756065, -0.10648345097312673, 0.6614427031548838], [-0.6202078931439827, -0.4825880815041591, 0.6184261579784855]], "trans": [749.6075379670201, 334.33419558965477, 681.2321378102902]}], "rb_4XMM.renamed.noAb_Nup120_715-1036_Nup85_553-744_Nup145c_92-99_554-712_remaining_updated_1.pdb_35": [{"rot": [[0.9899681097975681, -0.04818747292840656, 0.13281983675868472], [0.04113133977725086, 0.9976184508879773, 0.05536821593658434], [-0.13517157420093143, -0.04934971023872355, 0.9895924674467744]], "trans": [-10.99253264377478, -40.435441794281246, 103.96272778949452]}], "rb_4XMM.renamed.noAb_Nup120_715-1036_Nup85_553-744_Nup145c_92-99_554-712_remaining_updated_1.pdb_36": [{"rot": [[0.7281549511100224, 0.6681729570496506, 0.15275885127051025], [-0.676395589244831, 0.7365341372759505, 0.0025439098467124957], [-0.11081233696704494, -0.10517777376754159, 0.9882602197200924]], "trans": [-349.96029743331155, 123.82038876120453, 130.22261366083154]}], "rb_4XMM.renamed.noAb_Nup120_715-1036_Nup85_553-744_Nup145c_92-99_554-712_remaining_updated_1.pdb_37": [{"rot": [[0.03717710534444579, 0.9908655641255466, 0.1296275305186723], [-0.9978392319240275, 0.043840841717109835, -0.048937182497576746], [-0.05417314898982518, -0.12752809269998766, 0.9903544090379102]], "trans": [-473.95099769574625, 480.37045113412023, 138.41189410319856]}], "rb_4XMM.renamed.noAb_Nup120_715-1036_Nup85_553-744_Nup145c_92-99_554-712_remaining_updated_1.pdb_38": [{"rot": [[-0.6781808626620612, 0.7308524691084615, 0.07697652835122007], [-0.7348933700235032, -0.674671936274708, -0.0689167113175967], [0.0015659548011220034, -0.10330753506593791, 0.9946482297697811]], "trans": [-310.32721960920725, 820.3428082257116, 123.7571780657893]}], "rb_4XMM.renamed.noAb_Nup120_715-1036_Nup85_553-744_Nup145c_92-99_554-712_remaining_updated_1.pdb_39": [{"rot": [[-0.9988521687039383, 0.040453009244044116, 0.02564954421697773], [-0.04159539698123878, -0.9980892803217272, -0.045690386919223336], [0.023752221483696344, -0.04670484503728135, 0.9986263011881028]], "trans": [45.05983386720345, 944.5769764366694, 94.86740973600058]}], "rb_4XMM.renamed.noAb_Nup120_715-1036_Nup85_553-744_Nup145c_92-99_554-712_remaining_updated_1.pdb_40": [{"rot": [[-0.7369830402364389, -0.675887077246746, 0.005714649132260651], [0.6759109590931878, -0.7369487500966525, 0.007135482373802203], [-0.0006113767911144386, 0.009121323469265627, 0.9999582129652151]], "trans": [384.0213291888146, 780.2949451224217, 68.6906276483428]}], "rb_4XMM.renamed.noAb_Nup120_715-1036_Nup85_553-744_Nup145c_92-99_554-712_remaining_updated_1.pdb_41": [{"rot": [[-0.04598010507053524, -0.9985256673023847, 0.02884998571971681], [0.9973003579717569, -0.044230150286809045, 0.05861475748486854], [-0.0572523006271905, 0.03146721379359188, 0.9978637124021297]], "trans": [507.9907563784059, 423.73556139867617, 60.58556474357982]}], "rb_4XMM.renamed.noAb_Nup120_715-1036_Nup85_553-744_Nup145c_92-99_554-712_remaining_updated_1.pdb_42": [{"rot": [[0.6693573742322001, -0.738456525664159, 0.08150254759816847], [0.7342983582008785, 0.6742621960069395, 0.07859015319613394], [-0.11298949820433238, 0.007242288306653501, 0.99356978746116]], "trans": [344.34699035865543, 83.77645653329296, 75.32428605389532]}], "rb_4XMM.renamed.noAb_Nup120_2-711_3F7F_updated_1.pdb_42": [{"rot": [[0.9880817358507168, 0.15205101170128218, 0.02397859709931799], [-0.15112385026342925, 0.9286165836211346, 0.33886991974114367], [0.029258591213376865, -0.33845491644298664, 0.9405276202088804]], "trans": [-90.48883375891455, 31.763186540282504, 200.68190244728493]}], "rb_4XMM.renamed.noAb_Nup120_2-711_3F7F_updated_1.pdb_43": [{"rot": [[0.5945303258760337, 0.755769505608756, 0.2744925244986361], [-0.8015387182692154, 0.5299698600962999, 0.2768892025790324], [0.06379165093553567, -0.3846354141019851, 0.9208616744601297]], "trans": [-353.5072375487824, 236.46909222215072, 220.69134524943416]}], "rb_4XMM.renamed.noAb_Nup120_2-711_3F7F_updated_1.pdb_44": [{"rot": [[-0.14232786740047604, 0.9018161594648272, 0.4080078341029027], [-0.982097066106076, -0.18005213178618157, 0.055376733246814774], [0.12340231321604106, -0.39282164447413126, 0.9112974403154928]], "trans": [-395.26092544638215, 567.7350082063617, 222.44884590314456]}], "rb_4XMM.renamed.noAb_Nup120_2-711_3F7F_updated_1.pdb_45": [{"rot": [[-0.7908309246569077, 0.5046347841827902, 0.3463093749800732], [-0.5870252677384743, -0.7855084978714664, -0.19590236039487852], [0.17316981158063496, -0.35821799838157375, 0.9174377809926001]], "trans": [-191.28808501503704, 831.5008068551289, 204.9488406458998]}], "rb_4XMM.renamed.noAb_Nup120_2-711_3F7F_updated_1.pdb_46": [{"rot": [[-0.971076611059336, -0.20310017033974617, 0.12554097443257461], [0.15223804683749173, -0.9317143619720323, -0.32974524225552315], [0.18393964376561117, -0.3010957796167426, 0.9356855983439978]], "trans": [138.92303114278457, 873.2488810174223, 178.4670842086546]}], "rb_4XMM.renamed.noAb_Nup120_2-711_3F7F_updated_1.pdb_47": [{"rot": [[-0.5774744620490411, -0.8067875886806213, -0.1249681256644205], [0.8026220043304857, -0.5330202673950852, -0.2677448649565194], [0.1494026902223769, -0.2549179893553605, 0.955351063671013]], "trans": [401.93200854435685, 668.522736996305, 158.54096780629948]}], "rb_4XMM.renamed.noAb_Nup120_2-711_3F7F_updated_1.pdb_48": [{"rot": [[0.15939783369344568, -0.952778869183152, -0.2584661622957812], [0.9831225120273113, 0.17701316366946634, -0.04622192372494362], [0.08979118530760372, -0.24673622823938762, 0.9649138701020186]], "trans": [443.66639314052156, 337.2539533931573, 156.86749628676185]}], "rb_4XMM.renamed.noAb_Nup120_2-711_3F7F_updated_1.pdb_49": [{"rot": [[0.8078700954228055, -0.5555502612519013, -0.1967481032805399], [0.5879998274620096, 0.7824383358326299, 0.20505231899227574], [0.040026389122585077, -0.28134348729339265, 0.958771990794161]], "trans": [239.6795073192861, 73.5045713277317, 174.45101776332183]}]}
