{"rb_ScNup133N_56-480_renamed_1.pdb_0": [{"rot": [[0.8050050444012674, 0.18070903776126426, 0.5650762091611304], [0.2718200627025815, 0.7342780464748245, -0.6220527340808675], [-0.5273336059847508, 0.6543546394246134, 0.5419771894301514]], "trans": [-73.0893342890945, 66.5360281171325, 350.54407840823364]}], "rb_ScNup133N_56-480_renamed_1.pdb_1": [{"rot": [[0.7519073652018646, 0.6587065960807212, -0.027220110854684093], [-0.4055085363131668, 0.4295409502779177, -0.8068812793785083], [-0.5198058686974828, 0.6177379641191683, 0.5900861518062953]], "trans": [-313.69488032602567, 257.4263569372639, 368.8342969714369]}], "rb_ScNup133N_56-480_renamed_1.pdb_2": [{"rot": [[0.23690335724746636, 0.7820187780072336, -0.5764750039411546], [-0.8465925616007504, -0.12492311427676195, -0.5173734146259126], [-0.4766107782742232, 0.6106069491608084, 0.632456575323058]], "trans": [-349.332977560171, 563.0284818462458, 370.2292136434582]}], "rb_ScNup133N_56-480_renamed_1.pdb_3": [{"rot": [[-0.4383103700457284, 0.47840756866648504, -0.7609272092342345], [-0.7930387718619463, -0.6043012802297731, 0.0768730709439559], [-0.4230526277356919, 0.637139043659452, 0.6442672684613479]], "trans": [-159.12441279533328, 804.3164858776152, 353.9356714706888]}], "rb_ScNup133N_56-480_renamed_1.pdb_4": [{"rot": [[-0.8781840947158117, -0.07426730459166182, -0.4725220240971428], [-0.2762197322341814, -0.7277670587337024, 0.6277402072088216], [-0.39050653683728337, 0.6817913725552609, 0.6185993606499818]], "trans": [145.505868127746, 839.9405709041183, 329.5226620980681]}], "rb_ScNup133N_56-480_renamed_1.pdb_5": [{"rot": [[-0.8250335866315307, -0.5522411082968718, 0.11978872750370145], [0.4011046767201407, -0.4229924558734705, 0.8125222585181051], [-0.3980384645271669, 0.718405971983233, 0.5704894742023576]], "trans": [386.1030646966296, 649.0317624128103, 311.3156755406962]}], "rb_ScNup133N_56-480_renamed_1.pdb_6": [{"rot": [[-0.3099951628508216, -0.6755100488080008, 0.6690210556989261], [0.8421482659614121, 0.13148126867349763, 0.5229712937879047], [-0.44123610136442826, 0.7255334933326101, 0.5281210589488929]], "trans": [421.72386008005833, 343.4272490272783, 310.00462614357843]}], "rb_ScNup133N_56-480_renamed_1.pdb_7": [{"rot": [[0.3652144059338014, -0.37186144268156834, 0.8534269184559414], [0.7885414821974879, 0.6108355889880726, -0.07128964917422553], [-0.4947936626031203, 0.6989985340988762, 0.5163141299397224]], "trans": [231.50300342846782, 102.15458050758593, 326.3815500305294]}], "rb_ScNup133C_490_881_renamed_relative_3CQC_1.pdb_7": [{"rot": [[0.8331834069437734, 0.3475323351234027, -0.43014728458661805], [-0.2599363120335408, 0.9326853099223065, 0.2500624448843372], [0.48809683883422944, -0.09653698099073425, 0.8674341976318587]], "trans": [139.6617930507914, 83.88982105990684, -208.66138204389563]}], "rb_ScNup133C_490_881_renamed_relative_3CQC_1.pdb_8": [{"rot": [[0.41707551352318223, 0.9020053192861649, -0.11150973051189991], [-0.742884551725174, 0.4090129420113237, 0.529934860218997], [0.523612985732268, -0.13818399779534635, 0.8406751000986259]], "trans": [-161.68736358557982, 87.54815086559188, -184.61854950208556]}], "rb_ScNup133C_490_881_renamed_relative_3CQC_1.pdb_9": [{"rot": [[-0.2176922453310507, 0.9250875999024135, 0.3111639741832548], [-0.7890736532503977, -0.3544470808857346, 0.501727053882539], [0.5744326384083658, -0.13630920496567037, 0.807122632920692]], "trans": [-372.27205565423253, 303.8998087819259, -168.84506027943092]}], "rb_ScNup133C_490_881_renamed_relative_3CQC_1.pdb_10": [{"rot": [[-0.699263966256716, 0.4032572515269924, 0.5902656135891882], [-0.3714453896694035, -0.9104491125694487, 0.18196355655692903], [0.6107849277677615, -0.09201088257590917, 0.786432304460677]], "trans": [-368.7268879579277, 606.2030598383228, -170.5572418675739]}], "rb_ScNup133C_490_881_renamed_relative_3CQC_1.pdb_11": [{"rot": [[-0.7455281449742939, -0.3577901499538636, 0.562293512008789], [0.2653477136535446, -0.9332793232508523, -0.24203366635917772], [0.6113741701364418, -0.031239612488330848, 0.7907248008640897]], "trans": [-153.1267563807619, 817.3645138852853, -188.72806924923384]}], "rb_ScNup133C_490_881_renamed_relative_3CQC_1.pdb_12": [{"rot": [[-0.3293825732661078, -0.9122223059843086, 0.24363412095448758], [0.7482632780091074, -0.40956345360680896, -0.521881063320683], [0.575855179026516, 0.010403938404853152, 0.8174855172136113]], "trans": [148.22865537676984, 813.6829305607798, -212.68881063438147]}], "rb_ScNup133C_490_881_renamed_relative_3CQC_1.pdb_13": [{"rot": [[0.3053888053086262, -0.9352450420683079, -0.1790373951966927], [0.7944025566883387, 0.3538983555314392, -0.4936400833392401], [0.5250354802479531, 0.008524390816348093, 0.8510376485455913]], "trans": [358.80301133506373, 597.3151500818063, -228.3789209719572]}], "rb_ScNup133C_490_881_renamed_relative_3CQC_1.pdb_14": [{"rot": [[0.7869279669043909, -0.4133713147872764, -0.4581141026150126], [0.3767365096771157, 0.9098594115591974, -0.1738546906857958], [0.4886859699029883, -0.035777189774878884, 0.8717258832407044]], "trans": [355.2407980145956, 295.0125858338316, -226.582907494467]}], "rb_ScNup84_506-726_ScNup133C_882_1155_renamed_relative_3CQC_new_1.pdb_14": [{"rot": [[0.9843418856175125, 0.15468972523286004, 0.08451118935584434], [-0.16693281053086392, 0.9720456516444426, 0.16510810969602543], [-0.056608206006053575, -0.17663051838940616, 0.9826480402393639]], "trans": [-62.16979077364624, 58.66140397356969, 91.14959494379997]}], "rb_ScNup84_506-726_ScNup133C_882_1155_renamed_relative_3CQC_new_1.pdb_15": [{"rot": [[0.5790363335597148, 0.7914563527901591, 0.19573902535217352], [-0.8150273741565489, 0.5681398239696762, 0.11378716885125087], [-0.021149557754250883, -0.22541956891051299, 0.9740321935947471]], "trans": [-316.6330591849237, 229.22161109435095, 110.64327542983045]}], "rb_ScNup84_506-726_ScNup133C_882_1155_renamed_relative_3CQC_new_1.pdb_16": [{"rot": [[-0.16450077641522037, 0.9571730347876335, 0.23824205345450314], [-0.9856078270136868, -0.16904226158970553, -0.0013874890964592768], [0.038944908372532144, -0.23504147564220704, 0.9712048181716284]], "trans": [-376.4042121154923, 530.2840510461886, 113.98383378462137]}], "rb_ScNup84_506-726_ScNup133C_882_1155_renamed_relative_3CQC_new_1.pdb_17": [{"rot": [[-0.8106949214107254, 0.5547606023059461, 0.18712140050779216], [-0.5787457346341804, -0.8076489450456105, -0.11294492555865934], [0.08847100678525358, -0.19985958995217687, 0.9758222303588637]], "trans": [-206.46655206610507, 785.4822183200719, 99.23832872325022]}], "rb_ScNup84_506-726_ScNup133C_882_1155_renamed_relative_3CQC_new_1.pdb_18": [{"rot": [[-0.980996459950989, -0.18004206769183165, 0.07232426580943058], [0.16721335251055178, -0.9735754268753327, -0.15553322129593847], [0.09841565071575359, -0.14048395654223053, 0.9851794849916593]], "trans": [93.62995692456366, 845.3175450279812, 75.06888992347598]}], "rb_ScNup84_506-726_ScNup133C_882_1155_renamed_relative_3CQC_new_1.pdb_19": [{"rot": [[-0.5756403495074318, -0.816777210403355, -0.038899570494682234], [0.8152760831479975, -0.5696196344596276, -0.10420355217042862], [0.06295312753006589, -0.09169765866034557, 0.9937949703688329]], "trans": [348.0864618682679, 674.737769901496, 55.65832032447986]}], "rb_ScNup84_506-726_ScNup133C_882_1155_renamed_relative_3CQC_new_1.pdb_20": [{"rot": [[0.1679100849009535, -0.9824364012627019, -0.08139361684150515], [0.9857981719862395, 0.16757543322771207, 0.01097443789581181], [0.002857883331943256, -0.08208039749253035, 0.9966216136780924]], "trans": [407.8406676715294, 373.67104717971984, 52.40161018757186]}], "rb_ScNup84_506-726_ScNup133C_882_1155_renamed_relative_3CQC_new_1.pdb_21": [{"rot": [[0.8140725147366094, -0.5799741504698752, -0.030264261715015756], [0.5788853750223824, 0.8061505110849881, 0.12252785831231927], [-0.04666544048441092, -0.11726610023427342, 0.9920035274132027]], "trans": [237.88963137975952, 118.48662486904004, 67.23059113175222]}], "rb_4XMM.renamed.noAb_Nup145c_149-550_Sec13_Nup84_7-436_3IKO_updated_1.pdb_21": [{"rot": [[0.9918255763304259, -0.005041414846520474, 0.12750141282810976], [0.006662892540653237, 0.9999022266507448, -0.012294023014226284], [-0.12742696731779538, 0.013043054673959664, 0.9917621926273262]], "trans": [-33.09730072774778, -0.8191275149827106, 63.95079625552364]}], "rb_4XMM.renamed.noAb_Nup145c_149-550_Sec13_Nup84_7-436_3IKO_updated_1.pdb_22": [{"rot": [[0.7053249920910181, 0.7016044924344432, 0.10133011263989081], [-0.7016312153990486, 0.7113349804583893, -0.041426840984038864], [-0.1011449114363121, -0.04187698379862601, 0.9939899522220887]], "trans": [-338.49320156974534, 165.10706779445218, 87.52666957871864]}], "rb_4XMM.renamed.noAb_Nup145c_149-550_Sec13_Nup84_7-436_3IKO_updated_1.pdb_23": [{"rot": [[0.003392248467147141, 0.9980528340689753, 0.06228188386058301], [-0.9990367727446808, 0.00610725403887824, -0.04345374727221042], [-0.04374950690270312, -0.062074486344959934, 0.9971121997001036]], "trans": [-437.55886722291643, 499.0234102231361, 93.839394161266]}], "rb_4XMM.renamed.noAb_Nup145c_149-550_Sec13_Nup84_7-436_3IKO_updated_1.pdb_24": [{"rot": [[-0.7027705560746378, 0.7106399916059503, 0.0332317294891307], [-0.7113294105848138, -0.702648606760296, -0.01718735159575137], [0.01113620903203946, -0.035717471188613834, 0.9992998784650606]], "trans": [-272.25832058248477, 805.3171149510971, 79.21489183447926]}], "rb_4XMM.renamed.noAb_Nup145c_149-550_Sec13_Nup84_7-436_3IKO_updated_1.pdb_25": [{"rot": [[-0.9994832937382153, 0.007736460681286694, 0.03119763956350724], [-0.007052158346503842, -0.9997334252253399, 0.02198512110188951], [0.03135941008474878, 0.02175375055791107, 0.9992714154501768]], "trans": [60.57496073114146, 904.5571278026383, 52.24440716805964]}], "rb_4XMM.renamed.noAb_Nup145c_149-550_Sec13_Nup84_7-436_3IKO_updated_1.pdb_26": [{"rot": [[-0.7129274591506607, -0.6988869593495611, 0.05737121264281077], [0.70121943929979, -0.7111107258034907, 0.051115883982569166], [0.0050730599316128715, 0.07667172685127382, 0.9970434846908998]], "trans": [365.96446091443687, 738.6073667603255, 28.751635264616027]}], "rb_4XMM.renamed.noAb_Nup145c_149-550_Sec13_Nup84_7-436_3IKO_updated_1.pdb_27": [{"rot": [[-0.010971500650631516, -0.9952803056423003, 0.09641960056980489], [0.9985698938233425, -0.005859755396129651, 0.05313972540702881], [-0.05232392687012402, 0.09686473283535683, 0.9939212394398378]], "trans": [465.01061810733864, 404.6836585295554, 22.52297805445596]}], "rb_4XMM.renamed.noAb_Nup145c_149-550_Sec13_Nup84_7-436_3IKO_updated_1.pdb_28": [{"rot": [[0.6951688836935406, -0.707812176792462, 0.12546770711458666], [0.7108071163228479, 0.7028735234934287, 0.02687105053265597], [-0.10720758615449058, 0.07050342088329989, 0.9917337349887207]], "trans": [299.6927102146925, 98.40333651137905, 37.23127565654454]}], "rb_4XMM.renamed.noAb_Seh1_Nup85_47_544_3F3F_1.pdb_28": [{"rot": [[0.7161553567167704, -0.6547315742607299, 0.24176035802410145], [0.29251234388987946, 0.5960651327679363, 0.7477585747889431], [-0.6336860687421844, -0.464793419880713, 0.6183923051895672]], "trans": [409.33906099101245, -136.9652577941955, 664.1364115405161]}], "rb_4XMM.renamed.noAb_Seh1_Nup85_47_544_3F3F_1.pdb_29": [{"rot": [[0.7014034485792675, -0.053135487429317035, 0.7107811352988762], [-0.3343847860379058, 0.856137034501538, 0.39397486343838756], [-0.6294600997581137, -0.5140097257159255, 0.5827297698607341]], "trans": [-108.94800663395915, -208.4048370703896, 705.8359256650983]}], "rb_4XMM.renamed.noAb_Seh1_Nup85_47_544_3F3F_1.pdb_30": [{"rot": [[0.24907275975444793, 0.5557362971137321, 0.79317080658495], [-0.7670236217963138, 0.613215813079426, -0.1887885859786106], [-0.5913015507799447, -0.5613586506500596, 0.5789982222646077]], "trans": [-525.9232925141769, 108.75211932244352, 737.5695578149623]}], "rb_4XMM.renamed.noAb_Seh1_Nup85_47_544_3F3F_1.pdb_31": [{"rot": [[-0.37585501438139635, 0.8151981028909371, 0.44066434074857563], [-0.7519582331904856, 0.00960814519989539, -0.6591407278289366], [-0.5415642378346293, -0.5791025268368583, 0.6093836555978197]], "trans": [-597.3148814902142, 628.7107112114767, 740.7713037336914]}], "rb_4XMM.renamed.noAb_Seh1_Nup85_47_544_3F3F_1.pdb_32": [{"rot": [[-0.8072883722578726, 0.5732535456665501, -0.1402350041821304], [-0.29801413728769444, -0.6010840864251075, -0.7415426454514699], [-0.5093849801416457, -0.5568467414174404, 0.6560858545791646]], "trans": [-281.2986607792408, 1046.8719808471478, 713.5895404186628]}], "rb_4XMM.renamed.noAb_Seh1_Nup85_47_544_3F3F_1.pdb_33": [{"rot": [[-0.7924875696205952, -0.028362841519126075, -0.6092282012659967], [0.32888181392045224, -0.86110876174919, -0.3877221336358918], [-0.513614840585077, -0.5076290472970753, 0.6917460125443647]], "trans": [237.00052503680735, 1118.2712771981583, 671.9717329838693]}], "rb_4XMM.renamed.noAb_Seh1_Nup85_47_544_3F3F_1.pdb_34": [{"rot": [[-0.34012312534579836, -0.6372156962616632, -0.6915724228472162], [0.7614851329833102, -0.618139759619583, 0.19504776292701512], [-0.551775907276129, -0.46028186366096013, 0.6954739061491788]], "trans": [653.957618227633, 801.0820025271876, 640.3221847368848]}], "rb_4XMM.renamed.noAb_Seh1_Nup85_47_544_3F3F_1.pdb_35": [{"rot": [[0.2848034907716775, -0.8966304314276311, -0.3390292628699859], [0.7463706958870587, -0.014511747346740156, 0.6653722217751589], [-0.6015128892761432, -0.4425418382784202, 0.665085682756607]], "trans": [725.3151878463004, 281.1182231004425, 637.2056522006092]}], "rb_4XMM.renamed.noAb_Nup120_715-1036_Nup85_553-744_Nup145c_92-99_554-712_remaining_updated_1.pdb_35": [{"rot": [[0.9823119930807027, -0.10529947741362299, 0.15483916916024765], [0.09863234676523448, 0.9938594780747199, 0.0501497558581138], [-0.15916911893140712, -0.03399055600404006, 0.986666019320183]], "trans": [17.816298646944915, -68.88132020951639, 109.41033768183252]}], "rb_4XMM.renamed.noAb_Nup120_715-1036_Nup85_553-744_Nup145c_92-99_554-712_remaining_updated_1.pdb_36": [{"rot": [[0.7627904148723048, 0.6253374556794923, 0.1646324679497817], [-0.6317231197699321, 0.7750113213647885, -0.01683305392816091], [-0.13811836564005836, -0.09116204407922975, 0.9862113357654207]], "trans": [-349.48286219879185, 83.71666605675242, 137.98513216527644]}], "rb_4XMM.renamed.noAb_Nup120_715-1036_Nup85_553-744_Nup145c_92-99_554-712_remaining_updated_1.pdb_37": [{"rot": [[0.0926854560337686, 0.9879007707540998, 0.12434417309736764], [-0.9922339643148673, 0.10204426147453288, -0.07112474084395594], [-0.08295279561181204, -0.11678628277144949, 0.9896867170254493]], "trans": [-501.7317756424514, 452.12375053232415, 148.36907716262647]}], "rb_4XMM.renamed.noAb_Nup120_715-1036_Nup85_553-744_Nup145c_92-99_554-712_remaining_updated_1.pdb_38": [{"rot": [[-0.6354459500673718, 0.7699957656967512, 0.057575735792507035], [-0.7717078509322394, -0.6308081090767909, -0.08092046918121304], [-0.025989177603752227, -0.09585223175303145, 0.9950562357552678]], "trans": [-349.73896813979405, 820.5219853866968, 134.5031161819971]}], "rb_4XMM.renamed.noAb_Nup120_715-1036_Nup85_553-744_Nup145c_92-99_554-712_remaining_updated_1.pdb_39": [{"rot": [[-0.9950541590842423, 0.09927426493061345, 0.0034410480433532237], [-0.09933208625979112, -0.9942305384017924, -0.04048176316019747], [-0.0005976022320142815, -0.04062335328068423, 0.9991743521727346]], "trans": [17.457943914800808, 973.0986070222474, 104.53412957707735]}], "rb_4XMM.renamed.noAb_Nup120_715-1036_Nup85_553-744_Nup145c_92-99_554-712_remaining_updated_1.pdb_40": [{"rot": [[-0.7754756116990137, -0.6313456192223493, -0.006347026767542233], [0.6310061262590755, -0.775325043145633, 0.02650181304622492], [-0.021652812370574988, 0.016546496909304695, 0.9996286156150563]], "trans": [384.7517453025558, 820.4721959496844, 76.04237716492673]}], "rb_4XMM.renamed.noAb_Nup120_715-1036_Nup85_553-744_Nup145c_92-99_554-712_remaining_updated_1.pdb_41": [{"rot": [[-0.1053425170274706, -0.9938564568849652, 0.03394550359589796], [0.9914643639620121, -0.1023295489968537, 0.0807903360279074], [-0.07682036904180255, 0.042166414480752104, 0.996152912152606]], "trans": [536.9784616671882, 452.05357260289134, 65.74273414347886]}], "rb_4XMM.renamed.noAb_Nup120_715-1036_Nup85_553-744_Nup145c_92-99_554-712_remaining_updated_1.pdb_42": [{"rot": [[0.6227717091951623, -0.7758942879516628, 0.10071470672209254], [0.7708811087414869, 0.6305056943357235, 0.09058082355400637], [-0.13378233968514278, 0.021227890479466424, 0.990783357881106]], "trans": [384.9634495048594, 83.66767803618791, 79.69288152085093]}], "rb_4XMM.renamed.noAb_Nup120_2-711_3F7F_updated_1.pdb_42": [{"rot": [[0.9571441483841487, 0.28280337208881773, 0.06242861482665825], [-0.28658434065473787, 0.8937841164401976, 0.34499183887550683], [0.041767151033685265, -0.3480979832380651, 0.9365272548944426]], "trans": [-160.74171798528914, 132.13025003583925, 200.76081198619113]}], "rb_4XMM.renamed.noAb_Nup120_2-711_3F7F_updated_1.pdb_43": [{"rot": [[0.47734640912813303, 0.8237181855213187, 0.3059881640422419], [-0.8747986322068553, 0.41263485227944413, 0.2538894085489489], [0.0828719420641923, -0.38887122486214665, 0.9175573070346734]], "trans": [-332.55315886553433, 356.9548685616237, 213.40260804936403]}], "rb_4XMM.renamed.noAb_Nup120_2-711_3F7F_updated_1.pdb_44": [{"rot": [[-0.2766747521298617, 0.8671841306469564, 0.4140564757227697], [-0.950213136894111, -0.31115145277509404, 0.016726264071831448], [0.1433390247201779, -0.38881416768172106, 0.9100975041182332]], "trans": [-295.6085651565101, 637.7429781369941, 209.1329667203742]}], "rb_4XMM.renamed.noAb_Nup120_2-711_3F7F_updated_1.pdb_45": [{"rot": [[-0.8632031074265283, 0.3877382439413056, 0.32332560912259384], [-0.46864897452619425, -0.8535705758355672, -0.22756408052081328], [0.1877459293959, -0.34796023659758774, 0.9185179038767937]], "trans": [-71.54868743247022, 810.0050618555327, 190.4771089928734]}], "rb_4XMM.renamed.noAb_Nup120_2-711_3F7F_updated_1.pdb_46": [{"rot": [[-0.9386420761792699, -0.3337533139764606, 0.08694698520131645], [0.28778677852707946, -0.896865746503515, -0.3358728968727551], [0.19007846519496496, -0.2902422404792604, 0.9378857174041535]], "trans": [208.3709520308305, 772.8276789747189, 168.3879042724118]}], "rb_4XMM.renamed.noAb_Nup120_2-711_3F7F_updated_1.pdb_47": [{"rot": [[-0.4587984468032711, -0.8746306154471482, -0.15660546520938087], [0.8759633923829846, -0.41567404333974767, -0.2447513532107161], [0.1489701997575256, -0.2494721952766004, 0.9568550064498145]], "trans": [380.1713949081374, 547.9899813824113, 155.82952504320903]}], "rb_4XMM.renamed.noAb_Nup120_2-711_3F7F_updated_1.pdb_48": [{"rot": [[0.2952286168178333, -0.9180401108992777, -0.26465528256936094], [0.9513187133544767, 0.3081156491393853, -0.007579734625684328], [0.08850293460337655, -0.24953376832696317, 0.9643132940238528]], "trans": [343.21143271494435, 267.2051793348995, 160.18285183206567]}], "rb_4XMM.renamed.noAb_Nup120_2-711_3F7F_updated_1.pdb_49": [{"rot": [[0.881719429033204, -0.43855190582310605, -0.17390536036672272], [0.46970853190642997, 0.8504971236449441, 0.23670348059540666], [0.044099246248257035, -0.29039088926926643, 0.9558914101035418]], "trans": [119.14464577875387, 94.96108573250422, 178.9216493253486]}]}
