{"rb_ScNup133N_56-480_renamed_1.pdb_0": [{"rot": [[0.8357879987170608, 0.25688357903035336, 0.48525173675638633], [0.21716833593359244, 0.6570581207119509, -0.7218812505352363], [-0.5042780334977595, 0.7087209978764835, 0.4933743123639464]], "trans": [-82.79044194779146, 145.36148347435272, 340.31853852921563]}], "rb_ScNup133N_56-480_renamed_1.pdb_1": [{"rot": [[0.7356575795866244, 0.6593454506546114, -0.15514993489466755], [-0.4645194972588381, 0.32438514206341795, -0.8240120850296402], [-0.49298028587677667, 0.6782609057800444, 0.5449152057222187]], "trans": [-265.2034223258248, 319.411831929305, 354.052383735258]}], "rb_ScNup133N_56-480_renamed_1.pdb_2": [{"rot": [[0.18431140042218258, 0.7095344120363083, -0.680139857537188], [-0.8753218097410818, -0.19624294142832013, -0.44192809067897104], [-0.4470358342079679, 0.6767936362554345, 0.584901134259573]], "trans": [-271.54845129372006, 571.8319466808993, 353.3712170749161]}], "rb_ScNup133N_56-480_renamed_1.pdb_3": [{"rot": [[-0.495264173040608, 0.3780490619336909, -0.7821715321292773], [-0.7745848145484342, -0.5998348575978258, 0.2005405412418289], [-0.39335958609568983, 0.7051787364786706, 0.589907777237235]], "trans": [-98.10660807791226, 754.7506821792128, 338.6980804834546]}], "rb_ScNup133N_56-480_renamed_1.pdb_4": [{"rot": [[-0.9049641878516588, -0.1409218076196912, -0.4014733650482781], [-0.22132166385638113, -0.6499607713069848, 0.7270266273458449], [-0.3633958445192133, 0.7467878145090677, 0.5570021726052239]], "trans": [153.5193433750528, 761.0117808103428, 318.65270916856423]}], "rb_ScNup133N_56-480_renamed_1.pdb_5": [{"rot": [[-0.804780598564448, -0.5433577437502058, 0.23893628958560442], [0.46035828764924813, -0.3172562155295889, 0.8291071949395304], [-0.3746977917827943, 0.777245685748419, 0.5054608875259974]], "trans": [335.92528611737663, 586.947519509862, 305.0019691874296]}], "rb_ScNup133N_56-480_renamed_1.pdb_6": [{"rot": [[-0.25340236437203256, -0.5935061007258986, 0.7638964263117116], [0.87111731268914, 0.20337578982572702, 0.4469820081905017], [-0.4206445878219707, 0.7787096997687278, 0.4654775335310858]], "trans": [342.2571603060776, 334.52731364885574, 305.7666613976198]}], "rb_ScNup133N_56-480_renamed_1.pdb_7": [{"rot": [[0.4261653707025689, -0.2619892639385752, 0.8658779950979621], [0.7703269826926729, 0.6069416751105438, -0.19549461053852746], [-0.4743199516671689, 0.7503222165142998, 0.4604749231559996]], "trans": [168.80757810125147, 151.62259574078394, 320.52282322143185]}], "rb_ScNup133C_490_881_renamed_relative_3CQC_1.pdb_7": [{"rot": [[0.8744704009518, 0.3263842135870447, -0.3588521464062412], [-0.2455012329494837, 0.9358252402105706, 0.2529036662547872], [0.4183666603345483, -0.13305812604270298, 0.8984791998786185]], "trans": [101.15543683373835, 76.23611375333553, -170.1274993666542]}], "rb_ScNup133C_490_881_renamed_relative_3CQC_1.pdb_8": [{"rot": [[0.455143682725469, 0.8885041585304156, -0.05834885045360477], [-0.7657914911505068, 0.4240340321233095, 0.4834858133210663], [0.45432105405382933, -0.1753724604246846, 0.8734053354359655]], "trans": [-193.6201450023113, 111.49362410933281, -146.7623663749241]}], "rb_ScNup133C_490_881_renamed_relative_3CQC_1.pdb_9": [{"rot": [[-0.20822310891936885, 0.9253705933933267, 0.31675290337238615], [-0.8360913738233435, -0.3364525633882724, 0.43330230464152353], [0.5075375370651395, -0.17461081716876545, 0.8437515694785458]], "trans": [-377.2808560762915, 345.5172044090352, -133.22086739901232]}], "rb_ScNup133C_490_881_renamed_relative_3CQC_1.pdb_10": [{"rot": [[-0.727020353965405, 0.4153866408163529, 0.5467132187457371], [-0.4152182184699006, -0.9001307758124936, 0.1317513471881075], [0.5468411432680427, -0.1312193776334331, 0.8268894962223159]], "trans": [-342.23374888577496, 641.2126583755744, -137.41179857295668]}], "rb_ScNup133C_490_881_renamed_relative_3CQC_1.pdb_11": [{"rot": [[-0.7973293112235166, -0.34269190900718277, 0.49681810048029246], [0.25027454619228445, -0.9367899604484501, -0.2445142562944705], [0.5492072659680307, -0.07061745891778255, 0.8326971559360081]], "trans": [-109.00799964791389, 825.3575365646301, -156.8560484217449]}], "rb_ScNup133C_490_881_renamed_relative_3CQC_1.pdb_12": [{"rot": [[-0.37796200217560466, -0.9047719526831006, 0.1962968123771173], [0.7705318751761219, -0.4249546500418956, -0.4750728099411072], [0.5132497971251206, -0.028306519492495796, 0.8577723396713393]], "trans": [185.77137258995225, 790.0772896854505, -180.13889631884712]}], "rb_ScNup133C_490_881_renamed_relative_3CQC_1.pdb_13": [{"rot": [[0.2854102904590062, -0.9415790752974328, -0.17880103764278604], [0.8407796895345415, 0.33553481369313337, -0.4248598621499966], [0.46003312898779974, -0.0290729042571517, 0.8874256512360621]], "trans": [369.42036852099704, 556.0397006065197, -193.5969167767991]}], "rb_ScNup133C_490_881_renamed_relative_3CQC_1.pdb_14": [{"rot": [[0.8041747241056352, -0.4315511454422742, -0.4087378401580732], [0.41986582912219844, 0.899172979999219, -0.12329086573973508], [0.42073233610593136, -0.07246765421058962, 0.9042857626038685]], "trans": [334.35673021723534, 260.34740573546065, -189.3222067520574]}], "rb_ScNup84_506-726_ScNup133C_882_1155_renamed_relative_3CQC_new_1.pdb_14": [{"rot": [[0.9833227238752827, 0.12172155141122663, 0.13513062063255749], [-0.14579049910317318, 0.9717567315590571, 0.18556396482320606], [-0.10872695655514192, -0.20217002396919406, 0.9732963219526484]], "trans": [-66.56804196967607, 41.767795167308634, 130.41404925765687]}], "rb_ScNup84_506-726_ScNup133C_882_1155_renamed_relative_3CQC_new_1.pdb_15": [{"rot": [[0.5921885811850249, 0.7673752524896349, 0.2458615589728047], [-0.8023613761606287, 0.589699253715807, 0.09203810196132914], [-0.074356616112426, -0.2517737318178591, 0.9649254280030244]], "trans": [-330.884763917335, 222.63747064857247, 150.642950571733]}], "rb_ScNup84_506-726_ScNup133C_882_1155_renamed_relative_3CQC_new_1.pdb_16": [{"rot": [[-0.1472990491704233, 0.9547791097395336, 0.25826312496845905], [-0.9889856122231125, -0.1383440793333987, -0.052615344996213245], [-0.014506858004594933, -0.2631687050513016, 0.9646407537277577]], "trans": [-390.3588410794786, 537.9764404626568, 153.89036808904584]}], "rb_ScNup84_506-726_ScNup133C_882_1155_renamed_relative_3CQC_new_1.pdb_17": [{"rot": [[-0.8019378865532523, 0.5741493011895453, 0.16507030639718578], [-0.5963360984034933, -0.785875217677339, -0.1636563472080906], [0.035761485587194566, -0.22967960768024828, 0.9726090653312075]], "trans": [-210.14760713077135, 803.0548066081761, 138.27792374055278]}], "rb_ScNup84_506-726_ScNup133C_882_1155_renamed_relative_3CQC_new_1.pdb_18": [{"rot": [[-0.9882312696169936, -0.1515358644314463, 0.020876770396778627], [0.14556754374455105, -0.9735612902850831, -0.17603551990045405], [0.04700051020322758, -0.17092482514093518, 0.9841624135228787]], "trans": [104.18056944249884, 862.5860413873019, 112.97561246225303]}], "rb_ScNup84_506-726_ScNup133C_882_1155_renamed_relative_3CQC_new_1.pdb_19": [{"rot": [[-0.5970459078262066, -0.7971597849418292, -0.08984687651486636], [0.802107699809342, -0.5914531494493908, -0.08250096916378218], [0.012626236753184854, -0.12132373748732565, 0.9925326840298808]], "trans": [368.48972411568474, 681.696024871191, 92.82988986475021]}], "rb_ScNup84_506-726_ScNup133C_882_1155_renamed_relative_3CQC_new_1.pdb_20": [{"rot": [[0.14245629816846395, -0.9845068644093419, -0.10223716077348612], [0.9886738891519246, 0.13660486820340279, 0.062153446343217275], [-0.047224400698642935, -0.10993336124224005, 0.992816454368398]], "trans": [427.945740661417, 366.35279607939435, 89.66640920153662]}], "rb_ScNup84_506-726_ScNup133C_882_1155_renamed_relative_3CQC_new_1.pdb_21": [{"rot": [[0.7970645291142362, -0.6038265420880952, -0.009035679157373099], [0.5959730074721442, 0.7841061103142435, 0.17318713038928538], [-0.09749005483898693, -0.1434263394143546, 0.9848474878729649]], "trans": [247.72035959663611, 101.28898157285141, 105.36238695138661]}], "rb_4XMM.renamed.noAb_Nup145c_149-550_Sec13_Nup84_7-436_3IKO_updated_1.pdb_21": [{"rot": [[0.9926672576515035, -0.007635194755358696, 0.12063755380349718], [0.008024663008024232, 0.9999640399204069, -0.0027429272077605996], [-0.12061227288402944, 0.0036908897446508663, 0.9926928311228213]], "trans": [-30.48022441893636, -2.859103245810502, 64.31000725079156]}], "rb_4XMM.renamed.noAb_Nup145c_149-550_Sec13_Nup84_7-436_3IKO_updated_1.pdb_22": [{"rot": [[0.7070164492255772, 0.6996243474858225, 0.1032158559984565], [-0.7008689737615387, 0.7126680143582295, -0.02978225863070577], [-0.09439503240586646, -0.05128424432255756, 0.9942130074291725]], "trans": [-338.06890672152576, 161.84087062136797, 88.06662498052555]}], "rb_4XMM.renamed.noAb_Nup145c_149-550_Sec13_Nup84_7-436_3IKO_updated_1.pdb_23": [{"rot": [[0.005262204430341477, 0.9974028289225658, 0.07183248611733216], [-0.9993010824751078, 0.007903526616032608, -0.03653602100814607], [-0.0370088606770233, -0.07159002112231205, 0.9967473165788288]], "trans": [-439.5500275719426, 496.4459560017588, 94.56852523919434]}], "rb_4XMM.renamed.noAb_Nup145c_149-550_Sec13_Nup84_7-436_3IKO_updated_1.pdb_24": [{"rot": [[-0.7014979453983039, 0.7112574164526384, 0.04487226474200209], [-0.7124459259555413, -0.7014684492075284, -0.019047765111327428], [0.017928613758722407, -0.04533103029386355, 0.9988111245381618]], "trans": [-275.4726021529443, 804.9398927430046, 80.0308080796629]}], "rb_4XMM.renamed.noAb_Nup145c_149-550_Sec13_Nup84_7-436_3IKO_updated_1.pdb_25": [{"rot": [[-0.9992339391726248, 0.00881612735124027, 0.03812886969325607], [-0.008347299549708777, -0.9998878075301516, 0.012437642170985612], [0.03823424375852123, 0.01210984108371209, 0.9991954235049021]], "trans": [58.0464135725843, 906.602699732755, 52.993878096983224]}], "rb_4XMM.renamed.noAb_Nup145c_149-550_Sec13_Nup84_7-436_3IKO_updated_1.pdb_26": [{"rot": [[-0.7135278336621127, -0.6984210268038534, 0.05555267687251968], [0.7005238936032211, -0.7125362805334927, 0.03947560530857139], [0.012012704959108073, 0.06708292064114466, 0.997675085725718]], "trans": [365.6287909137713, 741.8789879860152, 29.32035499690818]}], "rb_4XMM.renamed.noAb_Nup145c_149-550_Sec13_Nup84_7-436_3IKO_updated_1.pdb_27": [{"rot": [[-0.011750293930913258, -0.9961445490647155, 0.08693657435849905], [0.9989009134704386, -0.007748444388725073, 0.04622690426015194], [-0.04537505548712376, 0.08738420325326843, 0.9951407465084179]], "trans": [467.0903496518926, 407.2663472435404, 22.90252730932417]}], "rb_4XMM.renamed.noAb_Nup145c_149-550_Sec13_Nup84_7-436_3IKO_updated_1.pdb_28": [{"rot": [[0.694987502183127, -0.7099438021892691, 0.1138954324909529], [0.7119902946977478, 0.7016010489820571, 0.028736532906576163], [-0.10031047834334937, 0.06112091131781642, 0.9930770575006792]], "trans": [302.99539140944233, 98.78569728568664, 37.52405388617473]}], "rb_4XMM.renamed.noAb_Seh1_Nup85_47_544_3F3F_1.pdb_28": [{"rot": [[0.6730584347958811, -0.7138051015271434, 0.19358362633224735], [0.2850535045267841, 0.49188981356238937, 0.8226718123714685], [-0.6824491504186355, -0.49852451128042086, 0.5345432337477487]], "trans": [475.6809673233739, -98.83535839783508, 729.0971344372972]}], "rb_4XMM.renamed.noAb_Seh1_Nup85_47_544_3F3F_1.pdb_29": [{"rot": [[0.6646278270601779, -0.16912454486580264, 0.7277820689060709], [-0.3120944871644506, 0.8221646904240089, 0.4760695882972904], [-0.6788717718235341, -0.5435458675621848, 0.49365069358529917]], "trans": [-33.75004779008748, -224.45688989785862, 770.354387122268]}], "rb_4XMM.renamed.noAb_Seh1_Nup85_47_544_3F3F_1.pdb_30": [{"rot": [[0.23773858609545376, 0.44897272922343023, 0.8613384079994333], [-0.7281900946117814, 0.6692376180045355, -0.1478519420126079], [-0.6428215543917446, -0.5920679851683244, 0.4860410992376073]], "trans": [-482.6533642021208, 48.1211167588772, 804.8497786459552]}], "rb_4XMM.renamed.noAb_Seh1_Nup85_47_544_3F3F_1.pdb_31": [{"rot": [[-0.3575315516028582, 0.7783966224075187, 0.5160134570270611], [-0.7194786440244971, 0.12269543159901725, -0.683590748809111], [-0.595417223802875, -0.6156659234433045, 0.5161722583688312]], "trans": [-608.0531762825324, 559.2187387181426, 812.3994271699491]}], "rb_4XMM.renamed.noAb_Seh1_Nup85_47_544_3F3F_1.pdb_32": [{"rot": [[-0.7724649460621453, 0.6261659731823294, -0.10589655864962069], [-0.2910634259880821, -0.4972897497513644, -0.8173034851536513], [-0.5644289053169463, -0.6005156774147123, 0.5663929131105561]], "trans": [-336.4865926380025, 1009.4278993549093, 788.6046470400365]}], "rb_4XMM.renamed.noAb_Seh1_Nup85_47_544_3F3F_1.pdb_33": [{"rot": [[-0.7639877642472953, 0.0814596423161325, -0.6400679829159912], [0.3060838841171571, -0.8275218650204993, -0.4706593447460148], [-0.5680099928383062, -0.555492474824566, 0.6072830958038475]], "trans": [172.96076628293707, 1135.0098412141738, 747.4287608639061]}], "rb_4XMM.renamed.noAb_Seh1_Nup85_47_544_3F3F_1.pdb_34": [{"rot": [[-0.3370660587937112, -0.5366257212103885, -0.7735756636197285], [0.7221459722544993, -0.6745462848109028, 0.153272647280625], [-0.6040626348036079, -0.5069715425773298, 0.6148887608753996]], "trans": [621.8493677559036, 862.3970088445787, 713.017188244717]}], "rb_4XMM.renamed.noAb_Seh1_Nup85_47_544_3F3F_1.pdb_35": [{"rot": [[0.2582034156478509, -0.8660069964397721, -0.42820891894628543], [0.7133878007176466, -0.12797826096503753, 0.6889843325559754], [-0.6514666852073261, -0.4833771269285795, 0.5847544024864195]], "trans": [747.2158530480158, 351.2899600843486, 705.5527185271507]}], "rb_4XMM.renamed.noAb_Nup120_715-1036_Nup85_553-744_Nup145c_92-99_554-712_remaining_updated_1.pdb_35": [{"rot": [[0.9895154604264175, -0.07135015167918077, 0.12557192931724442], [0.06108144222399441, 0.9946077976454754, 0.08381161183664218], [-0.13087479128133866, -0.07526277113006832, 0.9885379629983319]], "trans": [4.920499311755407, -55.47749210202551, 113.38047093101414]}], "rb_4XMM.renamed.noAb_Nup120_715-1036_Nup85_553-744_Nup145c_92-99_554-712_remaining_updated_1.pdb_36": [{"rot": [[0.7419836077434008, 0.6491172057211468, 0.16765195816589587], [-0.6617223730409633, 0.7492369545275896, 0.02770355549853777], [-0.10762818802305105, -0.1314946356586254, 0.9854569163265747]], "trans": [-349.0971905951985, 102.51168087903818, 140.87041927215765]}], "rb_4XMM.renamed.noAb_Nup120_715-1036_Nup85_553-744_Nup145c_92-99_554-712_remaining_updated_1.pdb_37": [{"rot": [[0.05738823407200033, 0.9857912374427851, 0.15786775089017163], [-0.9970263368210122, 0.06473697866150407, -0.041804393059284385], [-0.05143028558517317, -0.15499922507807568, 0.9865749672223724]], "trans": [-488.15102674002975, 465.3080851510181, 150.22993351296003]}], "rb_4XMM.renamed.noAb_Nup120_715-1036_Nup85_553-744_Nup145c_92-99_554-712_remaining_updated_1.pdb_38": [{"rot": [[-0.6632250378963084, 0.7414435485993512, 0.10195103406951356], [-0.7484046593479105, -0.6579023926407686, -0.08399349750957741], [0.004797392393761625, -0.1320072194917944, 0.9912371457064484]], "trans": [-330.77939791074306, 820.3805884572677, 136.0000831431954]}], "rb_4XMM.renamed.noAb_Nup120_715-1036_Nup85_553-744_Nup145c_92-99_554-712_remaining_updated_1.pdb_39": [{"rot": [[-0.9977107927953556, 0.059216460617741586, 0.03265860884317039], [-0.061503424851053694, -0.9953488264552216, -0.07414878559898691], [0.028115879343433993, -0.07598765995950393, 0.9967122818861143]], "trans": [30.829090123762853, 959.7228286338686, 106.54092005154854]}], "rb_4XMM.renamed.noAb_Nup120_715-1036_Nup85_553-744_Nup145c_92-99_554-712_remaining_updated_1.pdb_40": [{"rot": [[-0.7501225591561357, -0.6612317789604762, -0.009417045068070496], [0.6612809381938929, -0.7499214438586322, -0.018037428375174757], [0.004864876818059738, -0.019757594331009414, 0.999792963787902]], "trans": [384.8409997324572, 801.7062734549613, 79.13404225249218]}], "rb_4XMM.renamed.noAb_Nup120_715-1036_Nup85_553-744_Nup145c_92-99_554-712_remaining_updated_1.pdb_41": [{"rot": [[-0.06550101523859808, -0.9978524330702045, 0.00037258366371602236], [0.9965311586556811, -0.06539506610217694, 0.05146974993001302], [-0.05133485006386117, 0.0037426121045917235, 0.998674484516129]], "trans": [523.8730760379049, 438.899365772957, 69.8587900988772]}], "rb_4XMM.renamed.noAb_Nup120_715-1036_Nup85_553-744_Nup145c_92-99_554-712_remaining_updated_1.pdb_42": [{"rot": [[0.6550928853665949, -0.7534483761827414, 0.05629259249368427], [0.7478529303596867, 0.6572251029024867, 0.09365446421418336], [-0.1075607088787505, -0.019253792935586392, 0.9940120649987578]], "trans": [366.48028172736247, 83.8396244805516, 84.17274198453308]}], "rb_4XMM.renamed.noAb_Nup120_2-711_3F7F_updated_1.pdb_42": [{"rot": [[0.9948055414784203, 0.10123394506352174, 0.010659409491318413], [-0.10174073934862626, 0.9854487505930338, 0.13616013334094637], [0.003279725693199905, -0.13653735137868053, 0.9906294943508762]], "trans": [-60.26679607003473, 28.441598456919905, 82.50083134028267]}], "rb_4XMM.renamed.noAb_Nup120_2-711_3F7F_updated_1.pdb_43": [{"rot": [[0.6335981194073476, 0.7638009524231902, 0.12313215729816764], [-0.7728549843452314, 0.6176001893191748, 0.14582585273418489], [0.03533548154766754, -0.1875582875544222, 0.9816176916261482]], "trans": [-336.7595737555232, 206.01386809634013, 103.7162831277301]}], "rb_4XMM.renamed.noAb_Nup120_2-711_3F7F_updated_1.pdb_44": [{"rot": [[-0.09497188202700324, 0.9731844850192881, 0.2095048919285472], [-0.9909874239822454, -0.11239753993409152, 0.07287467684866876], [0.09446833931684513, -0.20069566795152194, 0.9750881917714982]], "trans": [-407.1709023071614, 527.6593117596306, 107.80478333143054]}], "rb_4XMM.renamed.noAb_Nup120_2-711_3F7F_updated_1.pdb_45": [{"rot": [[-0.7640978831473683, 0.6067247171492113, 0.21917924758042245], [-0.6283529994529066, -0.776901474402219, -0.03995756687028666], [0.14603743714625383, -0.16825342989629516, 0.9748660678677282]], "trans": [-230.25091932040343, 804.9536101432594, 92.39523578539001]}], "rb_4XMM.renamed.noAb_Nup120_2-711_3F7F_updated_1.pdb_46": [{"rot": [[-0.9817964378208225, -0.12090105208602175, 0.14648785030451023], [0.10261193020811202, -0.986635839768303, -0.12657215911748082], [0.1598328704031467, -0.10923669387705028, 0.981081443229614]], "trans": [90.36006793861122, 875.4539701996691, 66.53877561788573]}], "rb_4XMM.renamed.noAb_Nup120_2-711_3F7F_updated_1.pdb_47": [{"rot": [[-0.6205366631700355, -0.7834393875450653, 0.03401434557374149], [0.7736978025998776, -0.6187352875463397, -0.13622905048875675], [0.12777307977002691, -0.05821829598983877, 0.9900932633333694]], "trans": [366.8455358578954, 697.8604037479176, 45.4064866723171]}], "rb_4XMM.renamed.noAb_Nup120_2-711_3F7F_updated_1.pdb_48": [{"rot": [[0.10805037105173876, -0.9927659905254822, -0.05235270166418275], [0.9917730513644938, 0.11127885137425808, -0.06327109785665269], [0.06863914264282403, -0.04508553307639936, 0.9966222768955518]], "trans": [437.23831222449905, 376.2098428799077, 41.40196667945838]}], "rb_4XMM.renamed.noAb_Nup120_2-711_3F7F_updated_1.pdb_49": [{"rot": [[0.7771481071202027, -0.6262543854962418, -0.062018257361920445], [0.6290861209146402, 0.7757540012144457, 0.049561901419812676], [0.017072553179166946, -0.07753176282338192, 0.9968436957123428]], "trans": [260.3032294439823, 98.92983822020688, 56.895124816045154]}]}
