{"rb_ScNup133N_56-480_renamed_1.pdb_0": [{"rot": [[-0.6916000831383371, -0.06766312013451653, 0.7191043228744373], [0.1270733211686201, -0.9914715805858358, 0.028921893744998935], [0.7110145540354414, 0.11138135869292612, 0.6943000049585883]], "trans": [834.5997333835649, 310.71326371592295, -338.6650040142011]}], "rb_ScNup133N_56-480_renamed_1.pdb_1": [{"rot": [[-0.386662926603627, -0.7447445259731849, 0.5439185345465714], [0.6182221268792096, -0.6469674006028885, -0.44635701450081816], [0.6843195036145471, 0.16367276373946066, 0.7105758533630467]], "trans": [488.3214780736898, -249.32029964745402, -308.2984168669745]}], "rb_ScNup133N_56-480_renamed_1.pdb_2": [{"rot": [[0.1752469239920143, -0.9808503566851118, 0.08497701702237498], [0.7490670570350279, 0.07682592237378821, -0.6580245601163334], [0.638895186784354, 0.1789702641281521, 0.7481861966527317]], "trans": [-151.38727271124458, -399.52643953814004, -256.53760623556406]}], "rb_ScNup133N_56-480_renamed_1.pdb_3": [{"rot": [[0.6649547552407669, -0.6376664875470379, -0.3888658176570807], [0.4429573066372816, 0.7559000542586032, -0.48208291036758466], [0.6013518088268562, 0.14831236843654938, 0.7850983654227055]], "trans": [-709.774199528774, -51.91216450641946, -213.6807799140932]}], "rb_ScNup133N_56-480_renamed_1.pdb_4": [{"rot": [[0.7955828147166907, 0.08376513200739849, -0.6000261557526018], [-0.12078371638354887, 0.9924437936481724, -0.02160116445465063], [0.5936828099111856, 0.0896589042371227, 0.7996886907459378]], "trans": [-859.7264540542577, 589.8852985680271, -204.81006614174441]}], "rb_ScNup133N_56-480_renamed_1.pdb_5": [{"rot": [[0.49060734332315137, 0.7608196870573726, -0.4248032938470647], [-0.6119085719934364, 0.6478864827413607, 0.45366397807405456], [0.6203807977350262, 0.03736989787174136, 0.783409954324492]], "trans": [-513.3979779206152, 1149.892063267139, -235.09804922223697]}], "rb_ScNup133N_56-480_renamed_1.pdb_6": [{"rot": [[-0.07131272764336943, 0.9968690727853836, 0.03415474491291376], [-0.742709394915645, -0.07592534747453733, 0.6652954954867059], [0.665805714589544, 0.022076986544235677, 0.7457984694842343]], "trans": [126.32903766081671, 1300.0483875299738, -286.77759670527024]}], "rb_ScNup133N_56-480_renamed_1.pdb_7": [{"rot": [[-0.560996697537683, 0.6536322307356239, 0.5079838701133921], [-0.4365612187907415, -0.7549725211122431, 0.4893166608785767], [0.7033470036900349, 0.05273897334030786, 0.7088875743665243]], "trans": [684.6954001507786, 952.3906961943705, -329.55009609247753]}], "rb_ScNup133C_490_881_renamed_relative_3CQC_1.pdb_7": [{"rot": [[0.8068868052983389, 0.34398771992640087, -0.48021467280298313], [-0.2664278870019713, 0.937494013932755, 0.22387754435832918], [0.5272095071820168, -0.0527012559630876, 0.8480994712631342]], "trans": [169.39380092167585, 96.69897448181209, -235.2887234754843]}], "rb_ScNup133C_490_881_renamed_relative_3CQC_1.pdb_8": [{"rot": [[0.3946294734626523, 0.9037490682948033, -0.16584691806260243], [-0.7266889915824868, 0.41743619293165013, 0.5455915453373132], [0.5623083568536192, -0.09478737461816286, 0.8214771241036343]], "trans": [-132.1051696863418, 74.11774329404128, -211.10628197779147]}], "rb_ScNup133C_490_881_renamed_relative_3CQC_1.pdb_9": [{"rot": [[-0.22142251473112667, 0.9331200300417015, 0.28330033445994585], [-0.7595737962638005, -0.34722032449718865, 0.5499869946512049], [0.6115715150328221, -0.093408007103461, 0.7856559210044924]], "trans": [-361.29193000928285, 272.0290366655771, -193.7603716494205]}], "rb_ScNup133C_490_881_renamed_relative_3CQC_1.pdb_10": [{"rot": [[-0.680377218266049, 0.414894681645201, 0.6041102912606926], [-0.34581791878785245, -0.908528968787052, 0.23448897611609082], [0.6461399290477179, -0.049371206358176226, 0.7616204278201492]], "trans": [-383.9037309773837, 574.4937451853167, -193.38846643688004]}], "rb_ScNup133C_490_881_renamed_relative_3CQC_1.pdb_11": [{"rot": [[-0.7133725005500373, -0.34734326082661515, 0.6086479562253695], [0.2721946138620742, -0.9376672216610534, -0.2160793224880976], [0.6457629345537428, 0.011525648822212992, 0.7634509753584467]], "trans": [-186.6923474178737, 804.323894645186, -210.18442875635327]}], "rb_ScNup133C_490_881_renamed_relative_3CQC_1.pdb_12": [{"rot": [[-0.30107925998765134, -0.9070640631187685, 0.2942551012365928], [0.7324233460829424, -0.41756548373623786, -0.5377686388260166], [0.6106613802410902, 0.0536083220273767, 0.7900752030607303]], "trans": [114.8149248388417, 826.8818596816653, -234.28494215683753]}], "rb_ScNup133C_490_881_renamed_relative_3CQC_1.pdb_13": [{"rot": [[0.3149753097649717, -0.9363753871852032, -0.15489250631395662], [0.7652597973146429, 0.3470933134765335, -0.5421288355675528], [0.5613982515580271, 0.05222418992803787, 0.8258962629373912]], "trans": [343.99278779150393, 628.9529831042579, -251.5475811699033]}], "rb_ScNup133C_490_881_renamed_relative_3CQC_1.pdb_14": [{"rot": [[0.7738977553773111, -0.4181062460981328, -0.4756778649419007], [0.3514679114316836, 0.9083612648809781, -0.2266056479827404], [0.526832583897207, 0.008184096624251624, 0.8499296730357372]], "trans": [366.5875312538396, 326.4869084043485, -251.83564355730044]}], "rb_ScNup84_506-726_ScNup133C_882_1155_renamed_relative_3CQC_new_1.pdb_14": [{"rot": [[0.9805932984251519, 0.18416905496294078, 0.06722010322618474], [-0.1937949106396904, 0.9624324841546711, 0.19017688096617774], [-0.029670114489769757, -0.19951308888874086, 0.9794458696978808]], "trans": [-63.48570765007594, 71.35188518421154, 82.7480334444233]}], "rb_ScNup84_506-726_ScNup133C_882_1155_renamed_relative_3CQC_new_1.pdb_15": [{"rot": [[0.5579738397426915, 0.8051259389337766, 0.2010905681995114], [-0.8298280808944307, 0.539248370902501, 0.14351498401931984], [0.00710987495417606, -0.246948206988842, 0.9690025968712018]], "trans": [-308.7854007226738, 238.63853628437332, 101.52724763058916]}], "rb_ScNup84_506-726_ScNup133C_882_1155_renamed_relative_3CQC_new_1.pdb_16": [{"rot": [[-0.18930854713401812, 0.9460702036005393, 0.26289435870942834], [-0.979601599948486, -0.20034526540607478, 0.01557176957625922], [0.06740162728283247, -0.2545838653343998, 0.9646989562298813]], "trans": [-364.3820574316718, 530.8869355559858, 104.57795725782847]}], "rb_ScNup84_506-726_ScNup133C_882_1155_renamed_relative_3CQC_new_1.pdb_17": [{"rot": [[-0.8234853032909453, 0.5244347114073075, 0.21642594284178004], [-0.5553760285333723, -0.82308404435122, -0.11870182334293547], [0.11588538386836475, -0.2179469876038039, 0.9690560811429381]], "trans": [-197.70445902481572, 776.8939667984881, 90.13701851268536]}], "rb_ScNup84_506-726_ScNup133C_882_1155_renamed_relative_3CQC_new_1.pdb_18": [{"rot": [[-0.9730467430791008, -0.21278052125868324, 0.08890717381649874], [0.19433131203537962, -0.9641588086100861, -0.18064643074853992], [0.12415867648200024, -0.15849997335161337, 0.9795215064008423]], "trans": [93.60722053628456, 832.5453592060614, 66.68814183048721]}], "rb_ScNup84_506-726_ScNup133C_882_1155_renamed_relative_3CQC_new_1.pdb_19": [{"rot": [[-0.5503776662542819, -0.8337044163669152, -0.04495965545676266], [0.830331290779093, -0.540925972125653, -0.13397402820338666], [0.08737489365724539, -0.11106772172966237, 0.989964438325017]], "trans": [338.9004052093181, 665.2398592168956, 47.99201470201376]}], "rb_ScNup84_506-726_ScNup133C_882_1155_renamed_relative_3CQC_new_1.pdb_20": [{"rot": [[0.1969164223455489, -0.9745910011360652, -0.10675346886743484], [0.9800461525500004, 0.19867870190650355, -0.006025967199302339], [0.027082494024179456, -0.10343671453283756, 0.9942672601489408]], "trans": [394.4808021181824, 372.98750452737374, 45.025096915703614]}], "rb_ScNup84_506-726_ScNup133C_882_1155_renamed_relative_3CQC_new_1.pdb_21": [{"rot": [[0.8310601087719619, -0.5529069277075201, -0.060274579226776995], [0.5557708203431534, 0.8213843670124427, 0.1282439740598603], [-0.02139838458931273, -0.14007730337424049, 0.9899093181783712]], "trans": [227.7905444093317, 126.99396206799815, 59.54945564550479]}], "rb_4XMM.renamed.noAb_Nup145c_149-550_Sec13_Nup84_7-436_3IKO_updated_1.pdb_21": [{"rot": [[0.9993499082902964, -0.02843695434868321, 0.022160785806248952], [0.02874300137063181, 0.9994940901117326, -0.013616302873053687], [-0.021762368262378887, 0.014244418524242368, 0.9996616907076723]], "trans": [4.326044567277563, -11.322363452855484, 5.587965395604897]}], "rb_4XMM.renamed.noAb_Nup145c_149-550_Sec13_Nup84_7-436_3IKO_updated_1.pdb_22": [{"rot": [[0.7283144403764379, 0.6847544291482588, 0.0258736874256707], [-0.6852350610222409, 0.7276039163705768, 0.03233345060533742], [0.0033146772097850993, -0.0412784767650653, 0.9991421822097963]], "trans": [-320.52066784822, 127.94395944027033, 30.843901709596537]}], "rb_4XMM.renamed.noAb_Nup145c_149-550_Sec13_Nup84_7-436_3IKO_updated_1.pdb_23": [{"rot": [[0.03331461666315061, 0.9975883793994019, 0.060889749579585546], [-0.9976284049174203, 0.029520805830379304, 0.062177871667107004], [0.06023040775649383, -0.06281677570842326, 0.9962059780342047]], "trans": [-452.13755192391665, 456.8141103637555, 39.77571206329452]}], "rb_4XMM.renamed.noAb_Nup145c_149-550_Sec13_Nup84_7-436_3IKO_updated_1.pdb_24": [{"rot": [[-0.6785088666208073, 0.7268023573889283, 0.10669606933175381], [-0.7254326047149618, -0.6858083123825531, 0.0584336776479335], [0.11564278591168463, -0.037753039094797325, 0.9925731479874385]], "trans": [-313.41966783094006, 782.6314346326739, 27.175020914163042]}], "rb_4XMM.renamed.noAb_Nup145c_149-550_Sec13_Nup84_7-436_3IKO_updated_1.pdb_25": [{"rot": [[-0.990159776256579, 0.031026632893483574, 0.1364586587022468], [-0.028103798134248518, -0.999333554678518, 0.023294270197384403], [0.1370904592375147, 0.01923004276886416, 0.9903718551337962]], "trans": [14.372005346141975, 914.5276664612, 0.44749570829520735]}], "rb_4XMM.renamed.noAb_Nup145c_149-550_Sec13_Nup84_7-436_3IKO_updated_1.pdb_26": [{"rot": [[-0.7190686151017041, -0.6821435642397852, 0.1327421731853196], [0.6858529675935651, -0.7273874134146232, -0.022655190334363553], [0.11200907828751897, 0.07475097706537402, 0.990891647865171]], "trans": [339.214396936867, 775.2362503024942, -24.725497529419727]}], "rb_4XMM.renamed.noAb_Nup145c_149-550_Sec13_Nup84_7-436_3IKO_updated_1.pdb_27": [{"rot": [[-0.024044407746080187, -0.9949230768304299, 0.09772378239923399], [0.9981917523147291, -0.029279772583849728, -0.05249686208041897], [0.05509166966967629, 0.09628481763866324, 0.9938280242704463]], "trans": [470.81216700893077, 446.3561785464736, -33.57325951993727]}], "rb_4XMM.renamed.noAb_Nup145c_149-550_Sec13_Nup84_7-436_3IKO_updated_1.pdb_28": [{"rot": [[0.6877578653000441, -0.7240812562117229, 0.05191775342578893], [0.725940091962721, 0.6860280684973991, -0.0487490729643709], [-0.000318746112219586, 0.07121673705374687, 0.9974608136485036]], "trans": [332.07539966482386, 120.5501512320069, -20.88864163458129]}], "rb_4XMM.renamed.noAb_Seh1_Nup85_47_544_3F3F_1.pdb_28": [{"rot": [[0.6268928006244792, -0.7642348441194595, 0.15149428886565913], [0.24868305710784983, 0.38055401255264126, 0.890693763668292], [-0.738350969141844, -0.5206954451152793, 0.42861882810197477]], "trans": [535.0407371708654, -41.60907670858069, 797.9654173293299]}], "rb_4XMM.renamed.noAb_Seh1_Nup85_47_544_3F3F_1.pdb_29": [{"rot": [[0.6051531564006527, -0.28380519271701693, 0.7438039189767646], [-0.3084960492531715, 0.7777031985943785, 0.547729789669383], [-0.7339072454292309, -0.5609209814964481, 0.3830767646615354]], "trans": [50.03798148165731, -221.8600640093303, 837.5413845762694]}], "rb_4XMM.renamed.noAb_Seh1_Nup85_47_544_3F3F_1.pdb_30": [{"rot": [[0.1970233572582637, 0.33598241887885966, 0.9210307328743171], [-0.6869000350795034, 0.7176208931923087, -0.11484161032334453], [-0.6995356592072118, -0.6100295631018158, 0.372174412929406]], "trans": [-420.0935533099401, -5.223532794976599, 874.0009782446111]}], "rb_4XMM.renamed.noAb_Seh1_Nup85_47_544_3F3F_1.pdb_31": [{"rot": [[-0.3584084058349082, 0.732047668789982, 0.579352764079055], [-0.66485450997788, 0.23550415801147084, -0.7088767679374108], [-0.6553715703240119, -0.6392526903959572, 0.4022985242734276]], "trans": [-599.9422719291051, 481.391899169201, 886.0096591843567]}], "rb_4XMM.renamed.noAb_Seh1_Nup85_47_544_3F3F_1.pdb_32": [{"rot": [[-0.7357623744710234, 0.672369949098391, -0.08107021562939726], [-0.25527405339473674, -0.3862162256332342, -0.8863815119467735], [-0.6272869247610626, -0.6314710433638697, 0.4558019695183021]], "trans": [-384.1483458025342, 952.9201673561759, 866.556577679788]}], "rb_4XMM.renamed.noAb_Seh1_Nup85_47_544_3F3F_1.pdb_33": [{"rot": [[-0.713979273132088, 0.1919093094552686, -0.6733531127738144], [0.3019033281190833, -0.7833276907453288, -0.5433710604938576], [-0.6317341038826416, -0.5912432205581729, 0.5013416760410043]], "trans": [100.87501378973246, 1133.1334805086162, 827.0616280659169]}], "rb_4XMM.renamed.noAb_Seh1_Nup85_47_544_3F3F_1.pdb_34": [{"rot": [[-0.30581994972417925, -0.427873632941425, -0.8505282550181474], [0.680275268271705, -0.7231967417904903, 0.1192142275128531], [-0.6661078874541029, -0.5421352477907457, 0.512239841650673]], "trans": [570.9961973084387, 916.4604555692872, 790.6855136065258]}], "rb_4XMM.renamed.noAb_Seh1_Nup85_47_544_3F3F_1.pdb_35": [{"rot": [[0.24961010905388997, -0.8239012914962195, -0.5088039458661605], [0.658186149477367, -0.24104893651284306, 0.713222547906467], [-0.7102716283889358, -0.5129152679311632, 0.48211216726902956]], "trans": [750.8135000789028, 429.831322432478, 778.7618799563259]}], "rb_4XMM.renamed.noAb_Nup120_715-1036_Nup85_553-744_Nup145c_92-99_554-712_remaining_updated_1.pdb_35": [{"rot": [[0.9960523376796173, -0.0017436827642921624, 0.08875077562133779], [0.006181846500165688, 0.9987422326945512, -0.049756782514075656], [-0.08855238775335156, 0.050109003210223074, 0.9948103147939609]], "trans": [-24.474611093485578, 11.891095631142889, 23.235672815053817]}], "rb_4XMM.renamed.noAb_Nup120_715-1036_Nup85_553-744_Nup145c_92-99_554-712_remaining_updated_1.pdb_36": [{"rot": [[0.7087509005179821, 0.7038573668715428, 0.04750755851029989], [-0.7027110892706535, 0.7103255933140212, -0.04043113279561912], [-0.06220358535488746, -0.0047284864115049695, 0.9980522808877575]], "trans": [-324.22453678604336, 165.67234789953037, 46.42061784154788]}], "rb_4XMM.renamed.noAb_Nup120_715-1036_Nup85_553-744_Nup145c_92-99_554-712_remaining_updated_1.pdb_37": [{"rot": [[0.005829550699109176, 0.9996727731687248, 0.024907085815068564], [-0.9999718209087386, 0.005945493639230803, -0.004583502356171762], [-0.004730087431504871, -0.024879664196659518, 0.9996792628550185]], "trans": [-427.8573207517323, 486.9994064456696, 53.15862284418375]}], "rb_4XMM.renamed.noAb_Nup120_715-1036_Nup85_553-744_Nup145c_92-99_554-712_remaining_updated_1.pdb_38": [{"rot": [[-0.7009304738620732, 0.7124097001211359, 0.0341890331071753], [-0.7114608204441831, -0.7017622721809226, 0.03678606144124899], [0.05019932055695798, 0.001460313932909716, 0.9987381517188767]], "trans": [-274.66150358193426, 787.6344664568865, 39.526474387733515]}], "rb_4XMM.renamed.noAb_Nup120_715-1036_Nup85_553-744_Nup145c_92-99_554-712_remaining_updated_1.pdb_39": [{"rot": [[-0.9974991854612782, 0.010350906329383949, 0.0699159047874472], [-0.006191899954230593, -0.998212516249495, 0.05944268481326449], [0.07040621690620695, 0.058861117395209425, 0.9957802636525511]], "trans": [45.62055830352483, 891.4613876194431, 13.534082152465203]}], "rb_4XMM.renamed.noAb_Nup120_715-1036_Nup85_553-744_Nup145c_92-99_554-712_remaining_updated_1.pdb_40": [{"rot": [[-0.7101424512248583, -0.6952276677743303, 0.11115839567669022], [0.7026784626463258, -0.7097405056426755, 0.05011379833015852], [0.04405311681761347, 0.11369654617069563, 0.9925383711915167]], "trans": [345.36503041433406, 737.6570123519051, -9.567839096283592]}], "rb_4XMM.renamed.noAb_Nup120_715-1036_Nup85_553-744_Nup145c_92-99_554-712_remaining_updated_1.pdb_41": [{"rot": [[-0.007197897798460973, -0.9909881448221567, 0.13375607309286427], [0.999884013873968, -0.005337211629288741, 0.014264395231034004], [-0.01342196209821317, 0.1338432329031428, 0.9909116206501312]], "trans": [448.97928793018906, 416.3222291228668, -16.22185325271994]}], "rb_4XMM.renamed.noAb_Nup120_715-1036_Nup85_553-744_Nup145c_92-99_554-712_remaining_updated_1.pdb_42": [{"rot": [[0.6995396439025271, -0.7036698671367517, 0.12447089897832306], [0.7113175512212707, 0.702347984071178, -0.02710443867205828], [-0.06834930821376897, 0.10749896443640045, 0.9918529854327206]], "trans": [295.766551176534, 115.69960156352226, -2.5059401012171065]}], "rb_4XMM.renamed.noAb_Nup120_2-711_3F7F_updated_1.pdb_42": [{"rot": [[0.9962142980070976, 0.019842884027756705, 0.08463647204181134], [-0.048305048103573556, 0.9358114677163305, 0.3491754848472557], [-0.07227513247261992, -0.3519419793716937, 0.9332272758454914]], "trans": [-32.560860739928785, -37.53615558692934, 275.3394576141253]}], "rb_4XMM.renamed.noAb_Nup120_2-711_3F7F_updated_1.pdb_43": [{"rot": [[0.6707748098803046, 0.666847301333934, 0.32461643694318276], [-0.7404153515426104, 0.6274560338845736, 0.24100629191344766], [-0.04296814669113044, -0.402011942913997, 0.9146256808795823]], "trans": [-359.8190755027472, 150.94220560054558, 300.5481657928321]}], "rb_4XMM.renamed.noAb_Nup120_2-711_3F7F_updated_1.pdb_44": [{"rot": [[-0.04729414446011021, 0.9071586984361327, 0.41812242196687444], [-0.9987603761731413, -0.04945138760200313, -0.005680779059155261], [0.015523365816365708, -0.41787277503553066, 0.9083729239678124]], "trans": [-458.4525312147195, 516.3070004271839, 306.67342899576886]}], "rb_4XMM.renamed.noAb_Nup120_2-711_3F7F_updated_1.pdb_45": [{"rot": [[-0.7373376467892765, 0.599999270521185, 0.31037730265161867], [-0.671997963901753, -0.6983688848419211, -0.2463729636071017], [0.06893425229265103, -0.39023297664176704, 0.9181319582729683]], "trans": [-270.67844544878227, 844.5224972351136, 290.1509865736306]}], "rb_4XMM.renamed.noAb_Nup120_2-711_3F7F_updated_1.pdb_46": [{"rot": [[-0.9951184838293853, -0.0746926585903985, 0.06449968909847506], [0.04844985681296123, -0.9391514382153247, -0.3400693862624024], [0.08597566234641829, -0.3352843313529304, 0.9381858038967065]], "trans": [93.50438807803232, 943.3155469509238, 260.6839231649305]}], "rb_4XMM.renamed.noAb_Nup120_2-711_3F7F_updated_1.pdb_47": [{"rot": [[-0.669625006532539, -0.7216730436688518, -0.17547184579877403], [0.7405345942820499, -0.6307452329220719, -0.23188136151402292], [0.05666449768428875, -0.28521653035511974, 0.9567866353134173]], "trans": [420.7544438470275, 754.8119048642712, 235.55846490126592]}], "rb_4XMM.renamed.noAb_Nup120_2-711_3F7F_updated_1.pdb_48": [{"rot": [[0.04846411664273975, -0.9619316527117876, -0.2689585932986781], [0.9988232509013231, 0.0461810274495551, 0.014813040289287066], [-0.0018283481472402274, -0.26935999742884664, 0.963037823207469]], "trans": [519.3659383022036, 389.43977920605016, 229.51746440363937]}], "rb_4XMM.renamed.noAb_Nup120_2-711_3F7F_updated_1.pdb_49": [{"rot": [[0.7384821522837361, -0.6547216048954665, -0.16119469855265345], [0.6720066897531518, 0.695074394913586, 0.25549676018008327], [-0.05523694131093283, -0.29700371313943597, 0.9532773335687763]], "trans": [331.57278090891043, 61.239429728997834, 246.12382984285418]}]}
