{"rb_ScNup133N_56-480_renamed_1.pdb_0": [{"rot": [[-0.28832881577901076, 0.14014628221629377, 0.9472198866010061], [-0.6677729657570326, -0.738403884593593, -0.09401579346656347], [0.6862548799065321, -0.6596352952943327, 0.3064890161268888]], "trans": [483.840899005832, 773.346371290324, -45.953384434304155]}], "rb_ScNup133N_56-480_renamed_1.pdb_1": [{"rot": [[-0.6616148550392176, -0.43425184392402194, 0.6113028051956085], [-0.229450722645145, -0.658889737676968, -0.7163914289420242], [0.7138754439459688, -0.6142390818179525, 0.33629183888162206]], "trans": [571.5919719689152, 341.8695996256622, -50.807111773099166]}], "rb_ScNup133N_56-480_renamed_1.pdb_2": [{"rot": [[-0.6166943402104033, -0.7845127231598019, -0.06502213433012838], [0.34515631105362665, -0.1952354504898643, -0.9180142917252812], [0.7074992662132628, -0.588577017961464, 0.3911801148260004]], "trans": [329.51978578494624, -25.350915540570412, -29.684520109885398]}], "rb_ScNup133N_56-480_renamed_1.pdb_3": [{"rot": [[-0.179882342258546, -0.7054485937563293, -0.6855542462203805], [0.7194352330393667, 0.38094375800806374, -0.5807708659155375], [0.6708616015283397, -0.5976823025670985, 0.4389995179871156]], "trans": [-100.56444632241715, -113.19210181955134, 5.064483431670453]}], "rb_ScNup133N_56-480_renamed_1.pdb_4": [{"rot": [[0.3929305113669851, -0.24337633752238308, -0.8867770698270607], [0.6741281734800288, 0.7321139833518898, 0.09777689451555499], [0.6254253104546992, -0.6362209315283622, 0.45173676773960225]], "trans": [-466.70940365774504, 129.80476306685193, 33.10744751716163]}], "rb_ScNup133N_56-480_renamed_1.pdb_5": [{"rot": [[0.7661823743511175, 0.3310156026213782, -0.5508114378395632], [0.23577664669501308, 0.6525547560350237, 0.7201261439840402], [0.5978076129549841, -0.6816164326050785, 0.4219302035832318]], "trans": [-554.4202942308399, 561.288806207569, 38.04041328070042]}], "rb_ScNup133N_56-480_renamed_1.pdb_6": [{"rot": [[0.7212170425064788, 0.6812403292123833, 0.12552924540842506], [-0.3388268421684907, 0.18887299320479078, 0.9216959170268623], [0.6041873456340622, -0.7072754811899417, 0.3670409310733609]], "trans": [-312.31292828116204, 928.4907080009392, 16.99758472437486]}], "rb_ScNup133N_56-480_renamed_1.pdb_7": [{"rot": [[0.2843758412388372, 0.6021312592449765, 0.7460350712665988], [-0.713071467425049, -0.38729999056000286, 0.5844037984617362], [0.6408271711342985, -0.6981666448293539, 0.319223859985014]], "trans": [117.78469884337107, 1016.2985336247704, -17.669847578449946]}], "rb_ScNup133C_490_881_renamed_relative_3CQC_1.pdb_7": [{"rot": [[0.791766994914132, 0.37536616453748767, -0.4818768185802873], [-0.27723901376316135, 0.923797016411034, 0.2640787793778593], [0.5442826058329193, -0.07549380763007112, 0.8354981328508396]], "trans": [171.50334663688045, 94.61908725295316, -234.50996414826625]}], "rb_ScNup133C_490_881_renamed_relative_3CQC_1.pdb_8": [{"rot": [[0.3766261904948926, 0.9158877384812766, -0.13893294473578285], [-0.7226942451771942, 0.384323821699795, 0.5744634262177429], [0.5795392485596371, -0.11595193216896096, 0.8066532147120062]], "trans": [-132.06052773758518, 71.20517957257337, -210.15888567009563]}], "rb_ScNup133C_490_881_renamed_relative_3CQC_1.pdb_9": [{"rot": [[-0.23102890590919267, 0.9179633621224605, 0.322442104005088], [-0.7430685631827381, -0.38040803384495925, 0.550580455697214], [0.6280722530441389, -0.1123965906379677, 0.7699949684050009]], "trans": [-363.2948796248766, 269.992670506906, -192.65403273017023]}], "rb_ScNup133C_490_881_renamed_relative_3CQC_1.pdb_10": [{"rot": [[-0.6752253708877518, 0.3803771058657406, 0.6319683187017361], [-0.32642640501426134, -0.9224078465259494, 0.2064208486970826], [0.6614503009440401, -0.06691055223626265, 0.7469983114977403]], "trans": [-386.737451945793, 574.5291617581764, -192.22599009793828]}], "rb_ScNup133C_490_881_renamed_relative_3CQC_1.pdb_11": [{"rot": [[-0.6957466520861884, -0.38194542140748305, 0.6083208784652377], [0.28315737841871164, -0.9241644838772922, -0.25640184435151525], [0.6601200611691035, -0.00614017961270627, 0.7511350098593599]], "trans": [-188.65334195520853, 806.4129995820431, -209.10150628157595]}], "rb_ScNup133C_490_881_renamed_relative_3CQC_1.pdb_12": [{"rot": [[-0.2805710936283933, -0.9224249344729217, 0.2653527872150411], [0.7285800116497992, -0.38464888296998445, -0.5667595640607392], [0.6248608069358673, 0.03431438608756837, 0.779981727262176]], "trans": [114.91889906770552, 829.803479014351, -233.3706610547435]}], "rb_ScNup133C_490_881_renamed_relative_3CQC_1.pdb_13": [{"rot": [[0.32708560836568223, -0.9244409138157073, -0.196020411344402], [0.7489066356731018, 0.38008311001449957, -0.5428403821810779], [0.5763279065296463, 0.030754289867963747, 0.8166396499129035]], "trans": [346.14428530239167, 630.9982441930739, -250.79223645505022]}], "rb_ScNup133C_490_881_renamed_relative_3CQC_1.pdb_14": [{"rot": [[0.7712495899084111, -0.38681237031152743, -0.5055197921348702], [0.33222962753037005, 0.9220407108647488, -0.19865649271810176], [0.5429526173223003, -0.014734913708718836, 0.8396340498460371]], "trans": [369.5696385538887, 326.46032162550637, -251.13642306759726]}], "rb_ScNup84_506-726_ScNup133C_882_1155_renamed_relative_3CQC_new_1.pdb_14": [{"rot": [[0.9834466535805314, 0.13462840946800494, 0.12127601133517207], [-0.1578162254813356, 0.9652671326621675, 0.20821479672919804], [-0.08903212081085021, -0.223907467419629, 0.9705352788526801]], "trans": [-65.6703947830299, 45.13183120653804, 125.86583785332715]}], "rb_ScNup84_506-726_ScNup133C_882_1155_renamed_relative_3CQC_new_1.pdb_15": [{"rot": [[0.5841877751187774, 0.7715206386340642, 0.25195346309082123], [-0.8098177008539819, 0.5747621136093557, 0.11765969634023501], [-0.05403642091536903, -0.2727717304285604, 0.9605600701120494]], "trans": [-327.96668720032767, 224.1215775763174, 145.94284516609775]}], "rb_ScNup84_506-726_ScNup133C_882_1155_renamed_relative_3CQC_new_1.pdb_16": [{"rot": [[-0.1578260782180761, 0.9467723093140251, 0.28055859165330943], [-0.9874488730774912, -0.1530371139721592, -0.03904311469470269], [0.005970937304399987, -0.28319928683395207, 0.9590424974131473]], "trans": [-387.3367303200988, 536.6985750563178, 149.1954088256735]}], "rb_ScNup84_506-726_ScNup133C_882_1155_renamed_relative_3CQC_new_1.pdb_17": [{"rot": [[-0.8079127287499686, 0.5577185217750105, 0.19033410937841827], [-0.5866508968638042, -0.7917755005960172, -0.17009492016171313], [0.05583679729956517, -0.24908152706498032, 0.9668715762407661]], "trans": [-208.99880242590945, 799.7509279822707, 133.7421360803139]}], "rb_ScNup84_506-726_ScNup133C_882_1155_renamed_relative_3CQC_new_1.pdb_18": [{"rot": [[-0.9852422503735444, -0.16772752958422094, 0.03413479014797918], [0.15778312206963713, -0.9672710931667102, -0.19872372458776427], [0.06634903517633295, -0.19040511585472147, 0.9794609218276746]], "trans": [102.57613709630436, 859.1789757671554, 108.65977689658291]}], "rb_ScNup84_506-726_ScNup133C_882_1155_renamed_relative_3CQC_new_1.pdb_19": [{"rot": [[-0.5859325089754588, -0.8045893190881069, -0.09653560242241549], [0.8097532389119556, -0.5767160990684721, -0.10815837067393325], [0.03134943376393864, -0.14154352222754327, 0.9894355180192895]], "trans": [364.86500880704654, 680.1690468782924, 88.6659358467611]}], "rb_ScNup84_506-726_ScNup133C_882_1155_renamed_relative_3CQC_new_1.pdb_20": [{"rot": [[0.15609521866593645, -0.9797842306940393, -0.12512850991249339], [0.9873261664382739, 0.15109685933053318, 0.048546680285567675], [-0.02865874693585721, -0.13112055667871675, 0.990952105724756]], "trans": [424.21720672433685, 367.5877984939543, 85.49729183217937]}], "rb_ScNup84_506-726_ScNup133C_882_1155_renamed_relative_3CQC_new_1.pdb_21": [{"rot": [[0.8061506271073522, -0.5906806149350096, -0.03489380395457126], [0.5864771799253966, 0.7898046888374546, 0.17959139989744435], [-0.07852186855376639, -0.1652421393905588, 0.9831222464823255]], "trans": [245.86528978150017, 104.54985010846872, 101.03408609564704]}], "rb_4XMM.renamed.noAb_Nup145c_149-550_Sec13_Nup84_7-436_3IKO_updated_1.pdb_21": [{"rot": [[0.9929776562862788, -0.021148460643368165, 0.11639637764391825], [0.023386724577519218, 0.9995662758231344, -0.01789752358863848], [-0.11596738864760636, 0.020493971052153847, 0.9930415710939645]], "trans": [-24.468991816707216, -7.546645636838207, 54.4386364057608]}], "rb_4XMM.renamed.noAb_Nup145c_149-550_Sec13_Nup84_7-436_3IKO_updated_1.pdb_22": [{"rot": [[0.7181584229688508, 0.69009598627968, 0.08953216874157267], [-0.6899576788784882, 0.722878260504325, -0.0374889563318411], [-0.09059183669350547, -0.0348503975718695, 0.9952781364591409]], "trans": [-337.30710746529803, 153.72122789949148, 78.63036526662418]}], "rb_4XMM.renamed.noAb_Nup145c_149-550_Sec13_Nup84_7-436_3IKO_updated_1.pdb_23": [{"rot": [[0.02092875313487219, 0.9981707720534672, 0.05671945971538739], [-0.9992191076600834, 0.022785010548394324, -0.032280306400296596], [-0.033513611849620845, -0.05599958136000156, 0.9978681700045845]], "trans": [-444.92076566786676, 489.6241488320118, 85.61475214235497]}], "rb_4XMM.renamed.noAb_Nup145c_149-550_Sec13_Nup84_7-436_3IKO_updated_1.pdb_24": [{"rot": [[-0.6902643816885677, 0.722601343317229, 0.03718039817209901], [-0.7232278562008615, -0.6905889769056495, -0.0053228743658677215], [0.021830056967529668, -0.0305640902456632, 0.9992943935599008]], "trans": [-284.2664547575042, 803.3855666424466, 71.324249622482]}], "rb_4XMM.renamed.noAb_Nup145c_149-550_Sec13_Nup84_7-436_3IKO_updated_1.pdb_25": [{"rot": [[-0.9987940152986965, 0.024820156953599345, 0.04236124186453359], [-0.023663491082280965, -0.9993391614340037, 0.02759129598588533], [0.0430180682191289, 0.026555606435941483, 0.9987213052566333]], "trans": [50.54417804797902, 911.1997355366314, 44.154440480418884]}], "rb_4XMM.renamed.noAb_Nup145c_149-550_Sec13_Nup84_7-436_3IKO_updated_1.pdb_26": [{"rot": [[-0.7239191380588677, -0.6864027293508796, 0.06922697950776688], [0.6896593187516455, -0.7225953315623577, 0.04718061957310369], [0.017638186163031453, 0.08189798498100523, 0.9964846283033817]], "trans": [363.3762565604722, 749.9077119917511, 20.04578690708138]}], "rb_4XMM.renamed.noAb_Nup145c_149-550_Sec13_Nup84_7-436_3IKO_updated_1.pdb_27": [{"rot": [[-0.02666532879194139, -0.9944229205563477, 0.10203928318349206], [0.9988660134485858, -0.022477924917522207, 0.04196939442893226], [-0.03944169643596382, 0.10304269971029222, 0.9938946395965054]], "trans": [470.9702515943136, 413.9967544131076, 13.145482998932778]}], "rb_4XMM.renamed.noAb_Nup145c_149-550_Sec13_Nup84_7-436_3IKO_updated_1.pdb_28": [{"rot": [[0.6845062997548055, -0.7187978455699454, 0.12157624274498748], [0.7228189514406765, 0.6908744100325237, 0.01501042972110124], [-0.09478337952502082, 0.07760287859490848, 0.9924685910393329]], "trans": [310.297997122613, 100.24835488995257, 27.519828980838213]}], "rb_4XMM.renamed.noAb_Seh1_Nup85_47_544_3F3F_1.pdb_28": [{"rot": [[0.6837732526244097, -0.7104382530941602, 0.16652815838756085], [0.3248710236280479, 0.5007427381235584, 0.8023188444897608], [-0.6533857643094919, -0.49450399266036127, 0.5731952932820207]], "trans": [476.1187906823122, -114.758357194714, 702.6336436728806]}], "rb_4XMM.renamed.noAb_Seh1_Nup85_47_544_3F3F_1.pdb_29": [{"rot": [[0.7008695048129617, -0.16041694270518075, 0.695016792398828], [-0.2898169164084008, 0.8262833371645172, 0.48297205062797754], [-0.6517576943824743, -0.5399280055872175, 0.5326252496792182]], "trans": [-45.1883628336783, -237.54887632191662, 744.8237239140149]}], "rb_4XMM.renamed.noAb_Seh1_Nup85_47_544_3F3F_1.pdb_30": [{"rot": [[0.2796733096319609, 0.4581210391586141, 0.8437463797609653], [-0.7364177063923596, 0.6662214945509094, -0.1176345268625121], [-0.616012825833456, -0.5884505363057989, 0.5236928152362758]], "trans": [-500.4968973067974, 45.45454241807977, 779.7789264258028]}], "rb_4XMM.renamed.noAb_Seh1_Nup85_47_544_3F3F_1.pdb_31": [{"rot": [[-0.33307266291520976, 0.7828274213358696, 0.5255890311100513], [-0.7533063064800877, 0.11432369455776747, -0.6476570863350365], [-0.5670910066610981, -0.6116464021534777, 0.551630735997195]], "trans": [-623.0787400530925, 568.464622774361, 787.0460056096704]}], "rb_4XMM.renamed.noAb_Seh1_Nup85_47_544_3F3F_1.pdb_32": [{"rot": [[-0.7784131823922054, 0.6234846267871603, -0.07307419269559287], [-0.3305891366109317, -0.5061005498199459, -0.7966009391325026], [-0.5336513283342186, -0.5959271378549744, 0.6000725840555459]], "trans": [-341.12180584853695, 1025.094802027263, 762.3918089150777]}], "rb_4XMM.renamed.noAb_Seh1_Nup85_47_544_3F3F_1.pdb_33": [{"rot": [[-0.7954614931880774, 0.07343791129252399, -0.601537933999165], [0.2841001247936607, -0.8315979682439211, -0.4772126761778304], [-0.5352832259161676, -0.5505013100779795, 0.6406404417886895]], "trans": [180.20147099633147, 1147.8447994800888, 720.2831172910772]}], "rb_4XMM.renamed.noAb_Seh1_Nup85_47_544_3F3F_1.pdb_34": [{"rot": [[-0.3742304544574215, -0.5450876035525936, -0.7502206818062804], [0.7306678412842942, -0.6714875834877931, 0.12340555471562545], [-0.5710307107936832, -0.5019800092384281, 0.649569086129756]], "trans": [635.4944775868496, 864.8060526451877, 685.4118009247468]}], "rb_4XMM.renamed.noAb_Seh1_Nup85_47_544_3F3F_1.pdb_35": [{"rot": [[0.23851685195369782, -0.8697509499421626, -0.4320219860247868], [0.7475083479359527, -0.11956431649812749, 0.653403125173423], [-0.6199524022859805, -0.47878769751847094, 0.6216279913298633]], "trans": [758.0420643701627, 341.7867670599554, 678.2299735302299]}], "rb_4XMM.renamed.noAb_Nup120_715-1036_Nup85_553-744_Nup145c_92-99_554-712_remaining_updated_1.pdb_35": [{"rot": [[0.9971047599646694, -0.0502631403181244, 0.05705886768207214], [0.04800805876752208, 0.9980365241568758, 0.04022838229703558], [-0.05896883879790941, -0.037372626001163416, 0.9975600046496471]], "trans": [9.901913183789134, -37.48214136240165, 52.82946737182357]}], "rb_4XMM.renamed.noAb_Nup120_715-1036_Nup85_553-744_Nup145c_92-99_554-712_remaining_updated_1.pdb_36": [{"rot": [[0.7395688910439051, 0.667232941709274, 0.08853280125511342], [-0.6721735033961392, 0.7389824820661846, 0.04569105526754805], [-0.034937611999808826, -0.09330108625996997, 0.9950247587725951]], "trans": [-334.07615481063556, 108.23778384506129, 79.57889136484334]}], "rb_4XMM.renamed.noAb_Nup120_715-1036_Nup85_553-744_Nup145c_92-99_554-712_remaining_updated_1.pdb_37": [{"rot": [[0.04974542240854002, 0.9921599958957755, 0.1146470038574532], [-0.9985276092832115, 0.046918641842077446, 0.027225990282248383], [0.02163345669443885, -0.11583256706034713, 0.9930331363855187]], "trans": [-474.67681317559624, 455.24038831628116, 89.13854120851545]}], "rb_4XMM.renamed.noAb_Nup120_715-1036_Nup85_553-744_Nup145c_92-99_554-712_remaining_updated_1.pdb_38": [{"rot": [[-0.6682573315039217, 0.7341711724274634, 0.12010340739438413], [-0.7398714220721548, -0.6727342408120163, -0.004349717233058541], [0.07760423759167476, -0.09176780925555467, 0.9927518579646432]], "trans": [-329.532300432352, 800.246770410474, 75.93224413454055]}], "rb_4XMM.renamed.noAb_Nup120_715-1036_Nup85_553-744_Nup145c_92-99_554-712_remaining_updated_1.pdb_39": [{"rot": [[-0.9938232336127293, 0.04439996173448631, 0.10170557373868223], [-0.04772938328344599, -0.9983933601316828, -0.03053857259842995], [0.10018625805428748, -0.03520428728072509, 0.9943457003749429]], "trans": [16.331594655738286, 941.1474437020532, 47.72044007882835]}], "rb_4XMM.renamed.noAb_Nup120_715-1036_Nup85_553-744_Nup145c_92-99_554-712_remaining_updated_1.pdb_40": [{"rot": [[-0.7362311879833239, -0.6730759351851393, 0.07023121325531217], [0.6724319415577423, -0.7392830122258796, -0.035998775077970654], [0.0761506520887899, 0.020722290145626612, 0.9968809682592861]], "trans": [360.30483900441465, 795.4009238724979, 21.054006544838842]}], "rb_4XMM.renamed.noAb_Nup120_715-1036_Nup85_553-744_Nup145c_92-99_554-712_remaining_updated_1.pdb_41": [{"rot": [[-0.04638224699325494, -0.99794902150575, 0.044118450103914984], [0.9987318940847618, -0.047193692353731775, -0.01753166107031077], [0.019577816571814725, 0.0432493454024019, 0.9988724659437473]], "trans": [500.88496939074116, 448.387694059071, 11.57852119468248]}], "rb_4XMM.renamed.noAb_Nup120_715-1036_Nup85_553-744_Nup145c_92-99_554-712_remaining_updated_1.pdb_42": [{"rot": [[0.6716003528554274, -0.7399040625502153, 0.03866450912853953], [0.7400193612779542, 0.6724389174442466, 0.014044473652555062], [-0.03639108377381329, 0.019180211888702732, 0.9991535460046522]], "trans": [355.720076593833, 103.39311396819755, 24.86886185201081]}], "rb_4XMM.renamed.noAb_Nup120_2-711_3F7F_updated_1.pdb_42": [{"rot": [[0.9682337186319298, 0.20966163707789529, 0.13625514317633286], [-0.24526593708435698, 0.9023800272420873, 0.35433727794391445], [-0.04866298603988746, -0.37650004564725825, 0.9251376272843382]], "trans": [-142.69973503409608, 99.98626336000063, 278.27977216422096]}], "rb_4XMM.renamed.noAb_Nup120_2-711_3F7F_updated_1.pdb_43": [{"rot": [[0.5125496032863599, 0.777363483434833, 0.36469016821551115], [-0.8586066229497759, 0.46862473936385385, 0.2078112621657983], [-0.009357948374359631, -0.4196389737360232, 0.9076428595675727]], "trans": [-340.89114321092427, 325.97554823344944, 293.0185483149354]}], "rb_4XMM.renamed.noAb_Nup120_2-711_3F7F_updated_1.pdb_44": [{"rot": [[-0.2421258238642029, 0.8731853769709337, 0.4229921782518089], [-0.9688860729215594, -0.24066408795565042, -0.05779770295707495], [0.05133091774671791, -0.42382554690887153, 0.904288141396688]], "trans": [-321.7858838583969, 626.2996260913319, 290.0757606853066]}], "rb_4XMM.renamed.noAb_Nup120_2-711_3F7F_updated_1.pdb_45": [{"rot": [[-0.8536930566714359, 0.44099350136405047, 0.27700703374762164], [-0.5115010302659923, -0.8099750587001946, -0.2868921405693178], [0.0978512188366058, -0.38660721157046707, 0.9170387139777137]], "trans": [-96.57417395011771, 825.0245343501819, 271.19934066326357]}], "rb_4XMM.renamed.noAb_Nup120_2-711_3F7F_updated_1.pdb_46": [{"rot": [[-0.9638873870588798, -0.266028048749858, 0.012254890744039647], [0.24560589790019277, -0.9057977789229373, -0.34526529888610813], [0.10295070658060224, -0.32978699334057526, 0.9384251121096121]], "trans": [202.81370470379738, 805.734536525938, 247.4713661564276]}], "rb_4XMM.renamed.noAb_Nup120_2-711_3F7F_updated_1.pdb_47": [{"rot": [[-0.5081554225455115, -0.8336960803102078, -0.21616871238222235], [0.8589107978495574, -0.4719979480170409, -0.19872135870393798], [0.063642029155497, -0.2866509772233439, 0.9559188822185032]], "trans": [400.99402475805977, 579.7301021281911, 232.81602409653053]}], "rb_4XMM.renamed.noAb_Nup120_2-711_3F7F_updated_1.pdb_48": [{"rot": [[0.24652862623603788, -0.9294626563097009, -0.27445000814699605], [0.9691310115926747, 0.23729837649520447, 0.06689217354892078], [0.0029527640492683915, -0.2824688496780742, 0.95927192711244]], "trans": [381.87187372163373, 279.4079322848462, 235.84262540376946]}], "rb_4XMM.renamed.noAb_Nup120_2-711_3F7F_updated_1.pdb_49": [{"rot": [[0.8580602024644494, -0.497226366219113, -0.12844699172500681], [0.5116979838138127, 0.8065754066363503, 0.29597514552793874], [-0.04356446152021685, -0.31969055998878354, 0.9465199858146213]], "trans": [156.65119063325093, 80.70110542790871, 254.80214925847207]}]}
