{"rb_ScNup133N_56-480_renamed_1.pdb_0": [{"rot": [[-0.6325313434943487, -0.2328243905534243, 0.7387130042585326], [0.2905049833424025, -0.9554385855503628, -0.052382858787569195], [0.7179909150890913, 0.18146600895196469, 0.6719814978439367]], "trans": [824.0579943601767, 227.84149242352345, -350.3102883552073]}], "rb_ScNup133N_56-480_renamed_1.pdb_1": [{"rot": [[-0.2294310698587626, -0.8350458977502573, 0.5000597292663507], [0.692556946156835, -0.5010519586107645, -0.518952609688246], [0.683905154618232, 0.22725598654994572, 0.6932737237656053]], "trans": [422.1940399570368, -301.16023717490395, -315.6641613261723]}], "rb_ScNup133N_56-480_renamed_1.pdb_2": [{"rot": [[0.33911228063639176, -0.9407429403501777, 0.0023624781252797877], [0.690793993130199, 0.2473061942440018, -0.679443379056554], [0.6385973067409736, 0.2320395795330086, 0.7337241398191316]], "trans": [-234.9600248930701, -390.00248045898684, -262.81141547506707]}], "rb_ScNup133N_56-480_renamed_1.pdb_3": [{"rot": [[0.7400379968098113, -0.4879967004698514, -0.4628206819149994], [0.28624888700313506, 0.8512371152216583, -0.4398374112766905], [0.6086093475844693, 0.19301449168301402, 0.7696363219294938]], "trans": [-762.4321697893735, 13.359918157900637, -222.68992964399894]}], "rb_ScNup133N_56-480_renamed_1.pdb_4": [{"rot": [[0.7384781410745086, 0.25796769084684396, -0.622978896620335], [-0.28409014496912594, 0.9569495553875086, 0.05950073928175477], [0.6115086464528231, 0.1330421697162275, 0.7799724074546736]], "trans": [-851.219861555112, 672.6316949513441, -218.7794310445713]}], "rb_ScNup133N_56-480_renamed_1.pdb_5": [{"rot": [[0.3353464989141903, 0.8601537750686705, -0.38428922558551426], [-0.6861104560768827, 0.5025156767469914, 0.5260517433537216], [0.6455967531888395, 0.08725524545053234, 0.7586773717552149]], "trans": [-449.3081051081984, 1201.602264138871, -253.34673999317255]}], "rb_ScNup133N_56-480_renamed_1.pdb_6": [{"rot": [[-0.23319672953747483, 0.9657924532346954, 0.11342055637290333], [-0.6843028795868252, -0.24585074707458976, 0.6865034443846947], [0.6909043742242549, 0.0824763447164048, 0.718226147003864]], "trans": [207.8594390082631, 1290.393324600583, -306.1178346074693]}], "rb_ScNup133N_56-480_renamed_1.pdb_7": [{"rot": [[-0.6340909045939804, 0.5129990981698986, 0.578585041275751], [-0.2797263192936572, -0.8497461130359766, 0.4468609735417453], [0.7208896663190664, 0.12150501494639715, 0.6823156310222309]], "trans": [735.3066707277413, 886.9899379592354, -346.15465868878584]}], "rb_ScNup133C_490_881_renamed_relative_3CQC_1.pdb_7": [{"rot": [[0.7610312441669873, 0.35084842790363313, -0.5456526606177212], [-0.2849493752253339, 0.9364322157543021, 0.20469137465018306], [0.5827823770159328, -0.00029314678721892307, 0.8126282145634756]], "trans": [213.0298253744121, 114.4242033394897, -268.7798322018217]}], "rb_ScNup133C_490_881_renamed_relative_3CQC_1.pdb_8": [{"rot": [[0.35016170287296083, 0.9089004124815314, -0.2264659401146489], [-0.7042672390875748, 0.4148688785436742, 0.5761002252767137], [0.6175714029884111, -0.04223569351647449, 0.7853799770837739]], "trans": [-89.33574183720827, 53.96909580050675, -244.34404329613557]}], "rb_ScNup133C_490_881_renamed_relative_3CQC_1.pdb_9": [{"rot": [[-0.23604798649797365, 0.936000999348788, 0.261119660861307], [-0.7091969950625042, -0.3496392216443216, 0.6122026109730903], [0.6643199306543258, -0.040676085185578914, 0.7463407303835217]], "trans": [-345.832551087659, 225.72511585998643, -224.69409520807778]}], "rb_ScNup133C_490_881_renamed_relative_3CQC_1.pdb_10": [{"rot": [[-0.654187922355702, 0.4162742826002889, 0.6314696223014575], [-0.2968507225904488, -0.9092324601553441, 0.2918492451547368], [0.6956420133527439, 0.003472037654751736, 0.7183802156331044]], "trans": [-406.1992415737524, 529.0752820023819, -221.31719969071338]}], "rb_ScNup133C_490_881_renamed_relative_3CQC_1.pdb_11": [{"rot": [[-0.6593058345016721, -0.3458164989459885, 0.6676277148597067], [0.29121331783201904, -0.9360932276049743, -0.1972923534994968], [0.6931887333975661, 0.0643460821561197, 0.7178780966165751]], "trans": [-235.07024149913494, 786.3129064593147, -236.16758485115537]}], "rb_ScNup133C_490_881_renamed_relative_3CQC_1.pdb_12": [{"rot": [[-0.2484035778382131, -0.9038278199802152, 0.3484120180863266], [0.7104989196224478, -0.414486107684397, -0.5686761396014196], [0.6583972567777827, 0.10628517472559607, 0.745128521733694]], "trans": [67.30658131284486, 846.7446785685881, -260.5216807707989]}], "rb_ScNup133C_490_881_renamed_relative_3CQC_1.pdb_13": [{"rot": [[0.3378065119594014, -0.9308687806809152, -0.13917641190751157], [0.7153826653250194, 0.35002409409652185, -0.6047402547411416], [0.6116489210570835, 0.10472080359477648, 0.7841678077198593]], "trans": [323.7965338849918, 674.9689309357831, -280.08850976597824]}], "rb_ScNup133C_490_881_renamed_relative_3CQC_1.pdb_14": [{"rot": [[0.7559142987254632, -0.41109840499207195, -0.5095013978345551], [0.30300358784635273, 0.9095765219406757, -0.28435783176578966], [0.5803295604521872, 0.060569399429728, 0.8121261903904424]], "trans": [384.1460988314743, 371.61443535741756, -283.38154261784155]}], "rb_ScNup84_506-726_ScNup133C_882_1155_renamed_relative_3CQC_new_1.pdb_14": [{"rot": [[0.9740921411174247, 0.2118661864025661, 0.07910258954359416], [-0.22442930844809927, 0.9486965806082103, 0.22272468083217772], [-0.027856527471620363, -0.23470730069923396, 0.9716668651732961]], "trans": [-71.53516500418573, 83.46120174769453, 94.5541420907195]}], "rb_ScNup84_506-726_ScNup133C_882_1155_renamed_relative_3CQC_new_1.pdb_15": [{"rot": [[0.5318038157705791, 0.8143821745652358, 0.23230664063312523], [-0.8468034166436429, 0.5079886208421229, 0.15770711669283896], [0.010424734649039605, -0.2805873034285654, 0.9597718948073972]], "trans": [-305.72166135722046, 253.55402080335378, 112.43391235281507]}], "rb_ScNup84_506-726_ScNup133C_882_1155_renamed_relative_3CQC_new_1.pdb_16": [{"rot": [[-0.219763481187208, 0.9299295260901752, 0.2948475688252823], [-0.972970235899123, -0.23091007356735538, 0.003075382825168671], [0.07094316310175687, -0.28620205175857566, 0.9555393519778749]], "trans": [-351.47916770803147, 539.9026739245681, 114.72908582303094]}], "rb_ScNup84_506-726_ScNup133C_882_1155_renamed_relative_3CQC_new_1.pdb_17": [{"rot": [[-0.8403310300991776, 0.4908189732364185, 0.2300880165580122], [-0.5290194645425275, -0.8351422289635609, -0.15058507076370428], [0.11824620918908842, -0.24826234694959334, 0.961448719953117]], "trans": [-182.00037831621046, 774.7601993921003, 100.11912242175566]}], "rb_ScNup84_506-726_ScNup133C_882_1155_renamed_relative_3CQC_new_1.pdb_18": [{"rot": [[-0.9663616108102584, -0.24571233067550807, 0.07596504265916884], [0.22497627585957314, -0.9507401290420054, -0.21325778374902257], [0.12462308154012564, -0.1889938030285581, 0.9740382076511387]], "trans": [103.4335556808469, 820.5438640911408, 77.1867496111264]}], "rb_ScNup84_506-726_ScNup133C_882_1155_renamed_relative_3CQC_new_1.pdb_19": [{"rot": [[-0.5240247321087115, -0.8481939627226128, -0.0772339416273734], [0.8473156492396888, -0.5099848940063455, -0.14822819717873367], [0.08633811841773079, -0.14311676871088155, 0.9859327156666617]], "trans": [337.6133244684591, 650.4330684864988, 59.390079631253116]}], "rb_ScNup84_506-726_ScNup133C_882_1155_renamed_relative_3CQC_new_1.pdb_20": [{"rot": [[0.22755242551210725, -0.9636836878606906, -0.13976281120087974], [0.9734234756865839, 0.22892284481071562, 0.006408440217116479], [0.025819191036982797, -0.1375066575660426, 0.99016427349163]], "trans": [383.35503089536707, 364.0812320007707, 57.17865759057884]}], "rb_ScNup84_506-726_ScNup133C_882_1155_renamed_relative_3CQC_new_1.pdb_21": [{"rot": [[0.8480853658799998, -0.5245259966987305, -0.07499127260812913], [0.5294240123473136, 0.8331205154110262, 0.16006380587545166], [-0.021480859625600104, -0.1754499518052549, 0.9842539748872114]], "trans": [213.86445171789097, 129.23741480337048, 71.87197060276799]}], "rb_4XMM.renamed.noAb_Nup145c_149-550_Sec13_Nup84_7-436_3IKO_updated_1.pdb_21": [{"rot": [[0.9986826899980764, -0.04003372515504294, 0.03209650367898301], [0.04046309618601866, 0.9990985140533836, -0.012841225150294178], [-0.03155348705366, 0.014123033191564344, 0.9994022800595478]], "trans": [6.812485477089581, -16.555131368326613, 10.67095389865949]}], "rb_4XMM.renamed.noAb_Nup145c_149-550_Sec13_Nup84_7-436_3IKO_updated_1.pdb_22": [{"rot": [[0.7359104059839522, 0.676251714334178, 0.03345882879925567], [-0.6770415125522549, 0.7354901983334238, 0.02586423082973459], [-0.007117910191025725, -0.04168677266884768, 0.9991053739916357]], "trans": [-322.3464869177492, 122.78429208009389, 36.27024836596013]}], "rb_4XMM.renamed.noAb_Nup145c_149-550_Sec13_Nup84_7-436_3IKO_updated_1.pdb_23": [{"rot": [[0.04426984070017814, 0.9971121230897795, 0.0617057144174769], [-0.9977890185592304, 0.04106608350336283, 0.05225563345994944], [0.0495707136017488, -0.06388263279706935, 0.9967255156661367]], "trans": [-456.96219030677065, 454.76503469152505, 45.425948690332405]}], "rb_4XMM.renamed.noAb_Nup145c_149-550_Sec13_Nup84_7-436_3IKO_updated_1.pdb_24": [{"rot": [[-0.6710662105780404, 0.7345829495309666, 0.10028973665740545], [-0.7338810102761868, -0.6773703925893307, 0.05087252696079346], [0.10530338919726076, -0.03946189936836063, 0.9936568596461299]], "trans": [-318.1729342240043, 784.9082133108993, 32.79852142757119]}], "rb_4XMM.renamed.noAb_Nup145c_149-550_Sec13_Nup84_7-436_3IKO_updated_1.pdb_25": [{"rot": [[-0.9910438027736006, 0.042457485189839585, 0.1266078312561777], [-0.03991852005824833, -0.9989490122952445, 0.02252515462127386], [0.12743112940093343, 0.017269417642399563, 0.991697067896186]], "trans": [12.718491528018433, 919.8114156793479, 5.809296416112659]}], "rb_4XMM.renamed.noAb_Nup145c_149-550_Sec13_Nup84_7-436_3IKO_updated_1.pdb_26": [{"rot": [[-0.7282155506942928, -0.6738074139535223, 0.12524248731269885], [0.6775654404538048, -0.7352844859321159, -0.01618019314416881], [0.10299119200031838, 0.07307731281873807, 0.9919942140564848]], "trans": [341.8731375139228, 780.4465605094598, -19.707052883071356]}], "rb_4XMM.renamed.noAb_Nup145c_149-550_Sec13_Nup84_7-436_3IKO_updated_1.pdb_27": [{"rot": [[-0.03654995028653035, -0.9946136706458601, 0.09699354256040855], [0.998258650668169, -0.04083521071328794, -0.04256937786913474], [0.04630083692781335, 0.09526873427503381, 0.9943742257165631]], "trans": [476.46948437392217, 448.4556617993929, -28.778684368807262]}], "rb_4XMM.renamed.noAb_Nup145c_149-550_Sec13_Nup84_7-436_3IKO_updated_1.pdb_28": [{"rot": [[0.6787655372458539, -0.7320284563485826, 0.0584096271453194], [0.7342945062670052, 0.6775806362032695, -0.04118324305423424], [-0.009429926481101709, 0.07084363442314619, 0.9974428584877817]], "trans": [337.66100764820175, 118.32378588035613, -16.06730350556029]}], "rb_4XMM.renamed.noAb_Seh1_Nup85_47_544_3F3F_1.pdb_28": [{"rot": [[0.725853992719264, -0.6539071046855429, 0.2134044978327976], [0.269260311859762, 0.5556075589568872, 0.7866378613359188], [-0.6329572384535007, -0.5135228708360857, 0.5793611959888052]], "trans": [412.2157209298233, -114.77297227891768, 699.311053886212]}], "rb_4XMM.renamed.noAb_Seh1_Nup85_47_544_3F3F_1.pdb_29": [{"rot": [[0.6919011856499291, -0.08203649014809436, 0.7173163622700929], [-0.3576195626995544, 0.8241416594601074, 0.4392024288604456], [-0.6272009228873925, -0.560411045061138, 0.5408867375917819]], "trans": [-90.56792200097578, -192.7140123091146, 739.8064817414731]}], "rb_4XMM.renamed.noAb_Seh1_Nup85_47_544_3F3F_1.pdb_30": [{"rot": [[0.2260005910522884, 0.5117734453907792, 0.8288616732826185], [-0.7766259501199435, 0.6082875956080431, -0.16382409660875855], [-0.5880270966922411, -0.6066911418689348, 0.5349298944099654]], "trans": [-501.1594447651143, 108.8501538340507, 771.1071547300455]}], "rb_4XMM.renamed.noAb_Seh1_Nup85_47_544_3F3F_1.pdb_31": [{"rot": [[-0.39891665355997596, 0.7796604689723148, 0.482695614890352], [-0.742299000660479, 0.03449572154753344, -0.6691802737778244], [-0.538384339604115, -0.6252516280001036, 0.5649802691707524]], "trans": [-579.0266306476257, 613.259102364349, 774.900702176921]}], "rb_4XMM.renamed.noAb_Seh1_Nup85_47_544_3F3F_1.pdb_32": [{"rot": [[-0.8167652149598508, 0.5646925849754163, -0.11839285495909388], [-0.2747479253245024, -0.5610985924313505, -0.7808213285390154], [-0.5073540786881134, -0.6052195089761513, 0.6134339286289894]], "trans": [-278.5518708919496, 1025.0230758617363, 748.9888153998872]}], "rb_4XMM.renamed.noAb_Seh1_Nup85_47_544_3F3F_1.pdb_33": [{"rot": [[-0.7827635142145736, -0.007198989107368325, -0.6222776352804885], [0.35212926348600854, -0.8295877993199514, -0.43334635687435386], [-0.5131142783155093, -0.5583298825741873, 0.6519060358774431]], "trans": [224.2443968821894, 1102.9250495745966, 708.5750479317207]}], "rb_4XMM.renamed.noAb_Seh1_Nup85_47_544_3F3F_1.pdb_34": [{"rot": [[-0.3168302270447086, -0.6009921055071498, -0.7337759169861569], [0.7710990695974947, -0.6136871360251102, 0.16968890341790105], [-0.552290532325759, -0.5120513530842143, 0.6578590880332572]], "trans": [634.8189429245897, 801.3290656792866, 677.3583594905813]}], "rb_4XMM.renamed.noAb_Seh1_Nup85_47_544_3F3F_1.pdb_35": [{"rot": [[0.30808435726628836, -0.8688343841539945, -0.38757043452714623], [0.7367230731155812, -0.03987425530429717, 0.6750178940613764], [-0.6019328387344769, -0.49349453560872447, 0.62780570320552]], "trans": [712.6533224017774, 296.9144208402315, 673.6499312217818]}], "rb_4XMM.renamed.noAb_Nup120_715-1036_Nup85_553-744_Nup145c_92-99_554-712_remaining_updated_1.pdb_35": [{"rot": [[0.9893521553245591, -0.0982985471584523, 0.10732990441245129], [0.0875744950081669, 0.9910817988125714, 0.10043692491559658], [-0.11624551853173933, -0.0899681259612212, 0.9891373593855971]], "trans": [22.70840475248758, -73.91814641034534, 114.76276862158312]}], "rb_4XMM.renamed.noAb_Nup120_715-1036_Nup85_553-744_Nup145c_92-99_554-712_remaining_updated_1.pdb_36": [{"rot": [[0.7608343680712835, 0.6272358527410224, 0.16645194320827716], [-0.6420314145228736, 0.7648889617600132, 0.05235015705273081], [-0.09448135862341982, -0.14669717520773823, 0.9846589316401599]], "trans": [-349.45974063357596, 77.01564271984667, 143.73374842673553]}], "rb_4XMM.renamed.noAb_Nup120_715-1036_Nup85_553-744_Nup145c_92-99_554-712_remaining_updated_1.pdb_37": [{"rot": [[0.0848941518923374, 0.9810125906255625, 0.17437683334835963], [-0.9956309524470941, 0.09035004486638143, -0.02357702105723644], [-0.03888430922327482, -0.1716134214645338, 0.9843966903994867]], "trans": [-506.3258913654302, 447.70027813632623, 154.47463446526223]}], "rb_4XMM.renamed.noAb_Nup120_715-1036_Nup85_553-744_Nup145c_92-99_554-712_remaining_updated_1.pdb_38": [{"rot": [[-0.6424931838176046, 0.7557842651904002, 0.12646206244768746], [-0.7660805236950018, -0.6373805433533064, -0.08286539790427508], [0.01797609421169416, -0.1501205763553049, 0.9885042602799654]], "trans": [-355.9937311923658, 820.9835905539401, 140.717269150488]}], "rb_4XMM.renamed.noAb_Nup120_715-1036_Nup85_553-744_Nup145c_92-99_554-712_remaining_updated_1.pdb_39": [{"rot": [[-0.995213881638225, 0.08349280519484209, 0.050776778898144026], [-0.08785400609061755, -0.9919879633186632, -0.09078300636527624], [0.04279022561759391, -0.09480945159415384, 0.9945753689288755]], "trans": [13.471954112041601, 978.1910690589241, 110.54491596384503]}], "rb_4XMM.renamed.noAb_Nup120_715-1036_Nup85_553-744_Nup145c_92-99_554-712_remaining_updated_1.pdb_40": [{"rot": [[-0.7666391834243653, -0.6420239727861273, -0.008341511034450012], [0.6417339433595116, -0.7657381884493619, -0.04269159976550621], [0.02102161693759551, -0.03808208395302204, 0.9990534752970541]], "trans": [385.63486996957084, 827.2284729127912, 81.65696973343506]}], "rb_4XMM.renamed.noAb_Nup120_715-1036_Nup85_553-744_Nup145c_92-99_554-712_remaining_updated_1.pdb_41": [{"rot": [[-0.09067137029294953, -0.9957481104246876, -0.016260479539693083], [0.9952804166774135, -0.09117152698566472, 0.03323619782005662], [-0.03457737392617552, -0.013170165251968227, 0.9993152415327222]], "trans": [542.478646113032, 456.5319363057314, 71.00040158226079]}], "rb_4XMM.renamed.noAb_Nup120_715-1036_Nup85_553-744_Nup145c_92-99_554-712_remaining_updated_1.pdb_42": [{"rot": [[0.636698081677474, -0.7704630203818285, 0.03165891679024213], [0.7656729047881868, 0.6365413593970678, 0.09252081198384367], [-0.09143607417995099, -0.034667448724123376, 0.9952073212841209]], "trans": [392.12390031960535, 83.26083399850631, 84.84198429207768]}], "rb_4XMM.renamed.noAb_Nup120_2-711_3F7F_updated_1.pdb_42": [{"rot": [[0.9173245395853505, 0.38278213941734157, 0.1095149433529848], [-0.39444866394592587, 0.8363905896178162, 0.3806061390861106], [0.054091964151790975, -0.39233737438822286, 0.9182295160102166]], "trans": [-210.10575808323472, 221.53239221142553, 224.97732575967987]}], "rb_4XMM.renamed.noAb_Nup120_2-711_3F7F_updated_1.pdb_43": [{"rot": [[0.3733170337664102, 0.8532609235203504, 0.3641156254447855], [-0.9222961564615993, 0.29904232158292093, 0.244833595894145], [0.10002095818382051, -0.4272229936409032, 0.8985968626856509]], "trans": [-304.0430801316302, 456.35595288472825, 231.36342277739107]}], "rb_4XMM.renamed.noAb_Nup120_2-711_3F7F_updated_1.pdb_44": [{"rot": [[-0.38357179118894724, 0.8072884844913377, 0.44850639216379196], [-0.9094947117383316, -0.4145023973726235, -0.03173534137764902], [0.1602873991432604, -0.4200869735900248, 0.893216034504454]], "trans": [-204.9647696590577, 688.9711222379852, 222.37572358973284]}], "rb_4XMM.renamed.noAb_Nup120_2-711_3F7F_updated_1.pdb_45": [{"rot": [[-0.9099457894894419, 0.27179612532488945, 0.3132499424561995], [-0.36354359659538366, -0.8862390099041224, -0.2870826896534391], [0.19958635615925324, -0.37510969539927497, 0.9052391964848484]], "trans": [29.089615394736086, 783.1087709853505, 203.3033540085807]}], "rb_4XMM.renamed.noAb_Nup120_2-711_3F7F_updated_1.pdb_46": [{"rot": [[-0.8974476510572678, -0.43951717953702446, 0.03758141167665688], [0.39573132780578196, -0.8398175569043869, -0.3716223719156565], [0.19489594609653657, -0.3186394828124174, 0.9276230108121348]], "trans": [261.00962943767263, 683.6218539449494, 185.343181956171]}], "rb_4XMM.renamed.noAb_Nup120_2-711_3F7F_updated_1.pdb_47": [{"rot": [[-0.35339896160974477, -0.9099540665886966, -0.21700868791789607], [0.9235361049745286, -0.3024323800831495, -0.2358298502855748], [0.14896387730463168, -0.2837573825928307, 0.9472547234416071]], "trans": [354.93517151046643, 448.79132667975864, 179.04053436041767]}], "rb_4XMM.renamed.noAb_Nup120_2-711_3F7F_updated_1.pdb_48": [{"rot": [[0.4034888854882472, -0.8639259742351503, -0.30137788626456596], [0.9106752543980466, 0.4111087068467158, 0.04074570139134939], [0.08869780332400637, -0.29089782088676186, 0.9526338003077721]], "trans": [255.84524805599517, 216.18433996734075, 188.111595951431]}], "rb_4XMM.renamed.noAb_Nup120_2-711_3F7F_updated_1.pdb_49": [{"rot": [[0.92982031728806, -0.32839680797319454, -0.16610151736617684], [0.3646828436820319, 0.882803274232368, 0.29608242522749517], [0.04940244004415404, -0.33587782826144597, 0.9406091023374464]], "trans": [21.790046741072274, 122.0654631775227, 207.26641584841335]}]}
