{"rb_ScNup133N_56-480_renamed_1.pdb_0": [{"rot": [[0.5298945347071374, -0.05390464043038656, 0.8463486703643954], [0.6111487342112002, 0.7161792406990996, -0.33702302571740095], [-0.587970243090207, 0.6958315779926454, 0.4124432182843004]], "trans": [56.86310990707614, -218.88622711905498, 417.1067139486116]}], "rb_ScNup133N_56-480_renamed_1.pdb_1": [{"rot": [[0.7948944374648587, 0.4804395887523154, 0.3705679895065612], [0.024826050366993563, 0.5844795746335879, -0.8110285408413926], [-0.606239639507847, 0.6538818153119486, 0.45267214525940236]], "trans": [-421.46998838328034, -32.147514615417435, 454.3654900181247]}], "rb_ScNup133N_56-480_renamed_1.pdb_2": [{"rot": [[0.5690514156265098, 0.7655824597378716, -0.3001066205787164], [-0.5775772921548196, 0.11235196845572143, -0.8085675647533935], [-0.58530757551955, 0.6334512866241863, 0.5061170907147787]], "trans": [-628.1949935193396, 439.1533726226088, 468.5908899039398]}], "rb_ScNup133N_56-480_renamed_1.pdb_3": [{"rot": [[-0.015332504228396437, 0.6344832581884631, -0.7727845167914796], [-0.8431649214178317, -0.42362456913625884, -0.3310817719455166], [-0.537436349351763, 0.6465084837051046, 0.5414692520289389]], "trans": [-442.20756933056214, 918.9218463036576, 451.4734786759949]}], "rb_ScNup133N_56-480_renamed_1.pdb_4": [{"rot": [[-0.6159169820355861, 0.16394174487047447, -0.7705643227719552], [-0.6163518594141975, -0.7094674251517907, 0.3417109276057055], [-0.49066960027786427, 0.6854043163982224, 0.5380188346385733]], "trans": [27.540142009849205, 1126.1028866050708, 413.0648820883048]}], "rb_ScNup133N_56-480_renamed_1.pdb_5": [{"rot": [[-0.8808711624544701, -0.37039222707907804, -0.2947466594815164], [-0.030008395929820603, -0.5777258241527057, 0.8156790841261027], [-0.47240394931650537, 0.7273530574806703, 0.49778714170184324]], "trans": [505.86522109521474, 939.327035660792, 375.88940248433653]}], "rb_ScNup133N_56-480_renamed_1.pdb_6": [{"rot": [[-0.6549811507417227, -0.6554982827831424, 0.37592777689524537], [0.5723772006833161, -0.1055758535608422, 0.8131654685750199], [-0.4933396723465292, 0.747780542949101, 0.4443424662079555]], "trans": [712.5600055529765, 468.01033728865764, 361.7489648915441]}], "rb_ScNup133N_56-480_renamed_1.pdb_7": [{"rot": [[-0.07057650080783634, -0.5243572748148926, 0.8485684450192701], [0.8379189542923249, 0.43039037653650086, 0.33564259238426064], [-0.541212327623253, 0.7347200637885626, 0.40899345263115444]], "trans": [526.5416895905806, -11.743124244309456, 378.95124193314155]}], "rb_ScNup133C_490_881_renamed_relative_3CQC_1.pdb_7": [{"rot": [[0.7743911193383017, 0.3741093008091455, -0.5102554510615872], [-0.277437107583841, 0.9255760890812432, 0.2575607785680537], [0.5686361276119235, -0.0578889831415447, 0.8205497059930944]], "trans": [190.76227460681423, 91.86488959877184, -249.0406500341154]}], "rb_ScNup133C_490_881_renamed_relative_3CQC_1.pdb_8": [{"rot": [[0.3646494932278753, 0.9165989528316798, -0.16394238852877863], [-0.7091856854318239, 0.38748161871021847, 0.5889937679978476], [0.6033957330535634, -0.09851068383467973, 0.7913338325278251]], "trans": [-120.63600262140164, 54.84773459090155, -223.99893491581304]}], "rb_ScNup133C_490_881_renamed_relative_3CQC_1.pdb_9": [{"rot": [[-0.2295246759181258, 0.9210385823638874, 0.3146527497763192], [-0.723701805778302, -0.37767179330310663, 0.5775982278854732], [0.6508257212633064, -0.09514171713993341, 0.753242281209546]], "trans": [-367.00098717880314, 249.57755590594343, -205.26833438388473]}], "rb_ScNup133C_490_881_renamed_relative_3CQC_1.pdb_10": [{"rot": [[-0.6600557819581894, 0.3848273918270247, 0.6451621836431297], [-0.3124817206470119, -0.9216464895382166, 0.23004982630587528], [0.6831409363850512, -0.04975567124951856, 0.7285896198913787]], "trans": [-404.00668402611853, 561.978995322245, -203.7974934302149]}], "rb_ScNup133C_490_881_renamed_relative_3CQC_1.pdb_11": [{"rot": [[-0.6747326324854506, -0.3779145427846272, 0.633968826529458], [0.28357604588893637, -0.9257744228973671, -0.25005268266315556], [0.6814106697559467, 0.011059668210712761, 0.7318177251760299]], "trans": [-209.97272083060147, 809.0430015646202, -220.42404652313434]}], "rb_ScNup133C_490_881_renamed_relative_3CQC_1.pdb_12": [{"rot": [[-0.2649573215174482, -0.9203622415142848, 0.28762990485882833], [0.7152924497782761, -0.387637391814908, -0.5814584798221846], [0.6466485359640813, 0.05167781788867065, 0.7610355274714666]], "trans": [101.43498422819727, 846.0361129689774, -245.38391952522562]}], "rb_ScNup133C_490_881_renamed_relative_3CQC_1.pdb_13": [{"rot": [[0.32921799594887774, -0.9247421939335633, -0.19096435767530887], [0.7297619344213379, 0.3775163431689182, -0.5700253763737129], [0.5992186831308168, 0.04830409298709687, 0.7991268262220097]], "trans": [347.791320017456, 651.2873600669525, -264.03126199646795]}], "rb_ScNup133C_490_881_renamed_relative_3CQC_1.pdb_14": [{"rot": [[0.7597170410697772, -0.38848856215791916, -0.5214466939013545], [0.3185080716944818, 0.921448935432923, -0.22245104552461348], [0.5669061878068038, 0.002914869122854616, 0.8237772015322781]], "trans": [384.7791847467556, 338.8834250611476, -265.41819288849166]}], "rb_ScNup84_506-726_ScNup133C_882_1155_renamed_relative_3CQC_new_1.pdb_14": [{"rot": [[0.988688862348013, 0.11931811300235663, 0.09087090501666803], [-0.13046833834743937, 0.9830634006082417, 0.12870261486627751], [-0.07397530775772093, -0.13910261785500708, 0.9875110711015012]], "trans": [-56.311199917701515, 44.92601148688823, 88.24979856713895]}], "rb_ScNup84_506-726_ScNup133C_882_1155_renamed_relative_3CQC_new_1.pdb_15": [{"rot": [[0.607481832783294, 0.7748892191416014, 0.17467833550949757], [-0.793307274184759, 0.6030206828464235, 0.0838428576861489], [-0.040365722634393586, -0.189506607055141, 0.9810493638541593]], "trans": [-322.22029353016853, 215.21336813405136, 108.65710974107864]}], "rb_ScNup84_506-726_ScNup133C_882_1155_renamed_relative_3CQC_new_1.pdb_16": [{"rot": [[-0.1294020058524875, 0.9707285057866284, 0.20233953873282182], [-0.9914037434258445, -0.1306335382618976, -0.007314109815833497], [0.019332314982265453, -0.2015466366239726, 0.9792881163697379]], "trans": [-390.28016807828516, 524.2021043138369, 112.6197653588766]}], "rb_ScNup84_506-726_ScNup133C_882_1155_renamed_relative_3CQC_new_1.pdb_17": [{"rot": [[-0.7902857108243662, 0.5921105574868397, 0.157650191815452], [-0.6087100412290523, -0.7881142754669498, -0.09136725076376664], [0.0701468529140869, -0.16816948747566332, 0.9832590922582007]], "trans": [-220.61847606826973, 790.8823784261263, 97.84039078736907]}], "rb_ScNup84_506-726_ScNup133C_882_1155_renamed_relative_3CQC_new_1.pdb_18": [{"rot": [[-0.9880142892995754, -0.13916489313067765, 0.0667899443013749], [0.13058646567753635, -0.9842600424356188, -0.11907705004106395], [0.08231001835562494, -0.10892796419909578, 0.9906360378533258]], "trans": [87.37648442981708, 859.0292424992542, 73.00095694091317]}], "rb_ScNup84_506-726_ScNup133C_882_1155_renamed_relative_3CQC_new_1.pdb_19": [{"rot": [[-0.6067555520343811, -0.7947063761103282, -0.017013989686173205], [0.793395459467294, -0.6041658832223443, -0.07421071652291485], [0.04869645749059387, -0.058526586435161405, 0.9970974344105559]], "trans": [353.27883616651667, 688.7214194835786, 52.67675930396666]}], "rb_ScNup84_506-726_ScNup133C_882_1155_renamed_relative_3CQC_new_1.pdb_20": [{"rot": [[0.13014375693307023, -0.990488447587723, -0.04466808398181741], [0.9914340859713685, 0.12950368437809268, 0.016948419000446288], [-0.011002531775062906, -0.04649119193739942, 0.9988581047209742]], "trans": [421.32114561057506, 379.72775023716645, 48.79800432462588]}], "rb_ScNup84_506-726_ScNup133C_882_1155_renamed_relative_3CQC_new_1.pdb_21": [{"rot": [[0.7909976321293892, -0.611819209564196, 2.7819775560201238e-05], [0.6086885254390392, 0.7869546829244529, 0.10099804959562364], [-0.06181443977377499, -0.0798722845016612, 0.9948866232912865]], "trans": [251.64518183236333, 113.06119981048187, 63.66092626142046]}], "rb_4XMM.renamed.noAb_Nup145c_149-550_Sec13_Nup84_7-436_3IKO_updated_1.pdb_21": [{"rot": [[0.9987253236876406, -0.03480786711968681, 0.03655325172394252], [0.03531605959476315, 0.9992870198671238, -0.013350200739309802], [-0.03606249796831632, 0.014624100370927309, 0.9992425290832174]], "trans": [3.479135393832962, -13.27213157793932, 12.134466849447904]}], "rb_4XMM.renamed.noAb_Nup145c_149-550_Sec13_Nup84_7-436_3IKO_updated_1.pdb_22": [{"rot": [[0.73222288459559, 0.6800993449374876, 0.03625642412195812], [-0.6809707431582751, 0.7319693557147389, 0.02235417761883571], [-0.011335529849883603, -0.04105780449741754, 0.9990924694205598]], "trans": [-322.36622579477364, 127.53922260527958, 37.46248434752903]}], "rb_4XMM.renamed.noAb_Nup145c_149-550_Sec13_Nup84_7-436_3IKO_updated_1.pdb_23": [{"rot": [[0.0388021567623969, 0.9973701465988813, 0.06121424102208608], [-0.9982114762203484, 0.035901053129503036, 0.047801287913432786], [0.04547792181461973, -0.06295955096342631, 0.9969793646660421]], "trans": [-453.6004379155527, 458.2098283254482, 46.35503331413105]}], "rb_4XMM.renamed.noAb_Nup145c_149-550_Sec13_Nup84_7-436_3IKO_updated_1.pdb_24": [{"rot": [[-0.6753212202149916, 0.7311428287329464, 0.0968060613790131], [-0.7305620450693584, -0.6811512616710861, 0.04808385412965131], [0.10109573597045915, -0.03825078713268591, 0.9941411013796373]], "trans": [-313.3427357664974, 785.028299091331, 33.62673808086481]}], "rb_4XMM.renamed.noAb_Nup145c_149-550_Sec13_Nup84_7-436_3IKO_updated_1.pdb_25": [{"rot": [[-0.9918037029636063, 0.037377107950730015, 0.12218169498298435], [-0.03481526033053425, -0.9991282322392049, 0.023036344993846825], [0.12293621287396435, 0.01859374474918591, 0.9922403742140341]], "trans": [16.243854439139056, 916.539883383015, 6.75801836552688]}], "rb_4XMM.renamed.noAb_Nup145c_149-550_Sec13_Nup84_7-436_3IKO_updated_1.pdb_26": [{"rot": [[-0.725245390686302, -0.6775092744168827, 0.12247573787235962], [0.6814506014664559, -0.7317544657407644, -0.012668055472347589], [0.09820489320433763, 0.0742737163978891, 0.9923906559430955]], "trans": [342.08477432723686, 775.7033576042728, -18.487046072503176]}], "rb_4XMM.renamed.noAb_Nup145c_149-550_Sec13_Nup84_7-436_3IKO_updated_1.pdb_27": [{"rot": [[-0.031799901187326896, -0.9947257956809532, 0.09751593557653815], [0.9986368991322843, -0.0356612845606592, -0.038113206043788664], [0.04138973273565369, 0.09617101533401311, 0.994503909410965]], "trans": [473.29973200964207, 445.02286114648507, -27.295535628832226]}], "rb_4XMM.renamed.noAb_Nup145c_149-550_Sec13_Nup84_7-436_3IKO_updated_1.pdb_28": [{"rot": [[0.6823026202034179, -0.7284425449320387, 0.06192409221362451], [0.7309314271675112, 0.6813701108519512, -0.03839297873910319], [-0.014226146435769815, 0.0714578950888615, 0.9973421609392905]], "trans": [333.02306848436154, 118.21580822480291, -14.483308020473316]}], "rb_4XMM.renamed.noAb_Seh1_Nup85_47_544_3F3F_1.pdb_28": [{"rot": [[0.676502975184957, -0.7115304244407568, 0.18991624380515282], [0.25140992875618046, 0.4655281133172455, 0.8485732870142084], [-0.6921970617452187, -0.5263155240028954, 0.4938169670078618]], "trans": [473.9778837158767, -76.48329310401107, 759.8267640221667]}], "rb_4XMM.renamed.noAb_Seh1_Nup85_47_544_3F3F_1.pdb_29": [{"rot": [[0.6431587273602943, -0.18664605733881345, 0.7426372605115922], [-0.33887291327901337, 0.8003204875503733, 0.4946233575690968], [-0.6866673139636693, -0.5697809811559251, 0.45148381305082314]], "trans": [-18.591966235880022, -205.68147588935756, 799.7574795361988]}], "rb_4XMM.renamed.noAb_Seh1_Nup85_47_544_3F3F_1.pdb_30": [{"rot": [[0.203485615895248, 0.4206324135944124, 0.8841164950149217], [-0.7324434855543474, 0.664628995018413, -0.14763075373990425], [-0.6497077378273476, -0.6175246323949781, 0.44333191154339097]], "trans": [-458.0894206095473, 52.40793329070602, 833.573659482292]}], "rb_4XMM.renamed.noAb_Seh1_Nup85_47_544_3F3F_1.pdb_31": [{"rot": [[-0.3849496511230865, 0.7545526974597969, 0.5314734168858847], [-0.6987425974858621, 0.1379436252966315, -0.7019475327250124], [-0.6029697741669343, -0.6415775736387346, 0.4741367613304304]], "trans": [-587.04876037966, 546.5926362730088, 841.489313741074]}], "rb_4XMM.renamed.noAb_Seh1_Nup85_47_544_3F3F_1.pdb_32": [{"rot": [[-0.7774333973381039, 0.6194995836929954, -0.10870868644012732], [-0.2575127044865976, -0.4711959057682379, -0.8436003943901679], [-0.5738331810999873, -0.6278492527601304, 0.5258524470583112]], "trans": [-329.92187264293204, 987.3723828413843, 818.8913453382122]}], "rb_4XMM.renamed.noAb_Seh1_Nup85_47_544_3F3F_1.pdb_33": [{"rot": [[-0.7440431101962256, 0.09458909058750453, -0.6614021122670798], [0.3327675007829851, -0.8059470720110075, -0.4896070950665732], [-0.579366585671086, -0.5843819136991761, 0.5681831908364725]], "trans": [162.66459961460845, 1116.5322992568317, 779.0419676966433]}], "rb_4XMM.renamed.noAb_Seh1_Nup85_47_544_3F3F_1.pdb_34": [{"rot": [[-0.30433929070821253, -0.5126788137575263, -0.8028312587682397], [0.7263035511250705, -0.6702079202552187, 0.1526580991964893], [-0.6163284414614766, -0.5366393365672598, 0.5763310460961799]], "trans": [602.1484688144988, 858.4088021235401, 745.3095130162103]}], "rb_4XMM.renamed.noAb_Seh1_Nup85_47_544_3F3F_1.pdb_35": [{"rot": [[0.28409336384600253, -0.846558028499327, -0.4501449377722621], [0.6925564793909551, -0.1434963595214521, 0.7069471816604788], [-0.6630659721869812, -0.5125897962185954, 0.5455228843415375]], "trans": [731.0758009961517, 364.2143923986805, 737.4789337775079]}], "rb_4XMM.renamed.noAb_Nup120_715-1036_Nup85_553-744_Nup145c_92-99_554-712_remaining_updated_1.pdb_35": [{"rot": [[0.9938344719679607, -0.06566443797773518, 0.08933769592525434], [0.056078989137798414, 0.9927973296658036, 0.10587071920853804], [-0.09564616722821528, -0.10020800264209735, 0.9903586052037082]], "trans": [8.881817630032174, -58.090386706313325, 108.54888035276213]}], "rb_4XMM.renamed.noAb_Nup120_715-1036_Nup85_553-744_Nup145c_92-99_554-712_remaining_updated_1.pdb_36": [{"rot": [[0.7422152941122154, 0.6513785432269985, 0.1575514221116116], [-0.6662743516342886, 0.7425128631552821, 0.06894299386634005], [-0.07207597061591464, -0.15614301608595638, 0.9851012196659564]], "trans": [-348.22642501207804, 97.59401389185584, 136.29637868968405]}], "rb_4XMM.renamed.noAb_Nup120_715-1036_Nup85_553-744_Nup145c_92-99_554-712_remaining_updated_1.pdb_37": [{"rot": [[0.055046220850976546, 0.9821667056182141, 0.17977340166189593], [-0.9983605470426086, 0.05696894006583553, -0.005545987428601518], [-0.015688584346857506, -0.1791733859780495, 0.9836924143645471]], "trans": [-491.0910330079294, 460.95365863904, 145.9568946125782]}], "rb_4XMM.renamed.noAb_Nup120_715-1036_Nup85_553-744_Nup145c_92-99_554-712_remaining_updated_1.pdb_38": [{"rot": [[-0.6651194156153887, 0.7329196795540487, 0.14298568562563913], [-0.745638821401613, -0.6622331432874224, -0.0739595291390737], [0.04048346564039599, -0.15580759690737314, 0.9869574873092013]], "trans": [-336.0179912633164, 819.1274610665272, 131.8951665817252]}], "rb_4XMM.renamed.noAb_Nup120_715-1036_Nup85_553-744_Nup145c_92-99_554-712_remaining_updated_1.pdb_39": [{"rot": [[-0.9963984311094096, 0.049649887285957484, 0.06873903676367657], [-0.05615712496812826, -0.9937746657267781, -0.09622001390014372], [0.06353380043740803, -0.09973365756915538, 0.9929837127314111]], "trans": [26.150639177142068, 962.2922742568604, 102.37275804915072]}], "rb_4XMM.renamed.noAb_Nup120_715-1036_Nup85_553-744_Nup145c_92-99_554-712_remaining_updated_1.pdb_40": [{"rot": [[-0.7447229073205707, -0.6673735927713406, 0.0005281888570948315], [0.6661764427951903, -0.7434339286717908, -0.059286935865941685], [0.03995920891036824, -0.043800472270268835, 0.9982408428090679]], "trans": [383.25328136299987, 806.5802488144561, 74.70831710038351]}], "rb_4XMM.renamed.noAb_Nup120_715-1036_Nup85_553-744_Nup145c_92-99_554-712_remaining_updated_1.pdb_41": [{"rot": [[-0.05752791470925889, -0.9981082959692116, -0.02168798161747502], [0.9982086929892853, -0.05786406569366476, 0.015203787094696549], [-0.016429980822442836, -0.02077448961671396, 0.999649176617146]], "trans": [526.0960856937909, 443.20980157821316, 65.13206821301543]}], "rb_4XMM.renamed.noAb_Nup120_715-1036_Nup85_553-744_Nup145c_92-99_554-712_remaining_updated_1.pdb_42": [{"rot": [[0.6626180306034234, -0.7488051698150278, 0.0151050712519737], [0.7454304517957284, 0.6613184309399461, 0.0836144391522354], [-0.0726001863279693, -0.04414465491329859, 0.996383692353367]], "trans": [371.00163664826033, 85.04858085760804, 79.27791791156255]}], "rb_4XMM.renamed.noAb_Nup120_2-711_3F7F_updated_1.pdb_42": [{"rot": [[0.949453059882949, 0.3132083017978849, 0.020962985564807163], [-0.29586356555626897, 0.8705590045536492, 0.39318159947648973], [0.10489822522443648, -0.3795096563665337, 0.9192218356138625]], "trans": [-159.89536127756492, 138.33853707380143, 185.16883149683832]}], "rb_4XMM.renamed.noAb_Nup120_2-711_3F7F_updated_1.pdb_43": [{"rot": [[0.46660015504789715, 0.828279076583854, 0.3102226081424043], [-0.8723032732670363, 0.37297479704263364, 0.31619108181386146], [0.14618924295888538, -0.41814300432316664, 0.8965406478117453]], "trans": [-327.88460106967443, 359.85018094378506, 197.52209365217854]}], "rb_4XMM.renamed.noAb_Nup120_2-711_3F7F_updated_1.pdb_44": [{"rot": [[-0.2812823002766954, 0.8418789354746445, 0.4605650068721351], [-0.9372280746963628, -0.3440954523109448, 0.05658494234223996], [0.20611599538123984, -0.415738111920239, 0.8858205341630974]], "trans": [-290.5716052552661, 635.5853180181806, 193.24767349148675]}], "rb_4XMM.renamed.noAb_Nup120_2-711_3F7F_updated_1.pdb_45": [{"rot": [[-0.8560742186190624, 0.34604088937402044, 0.3839174847503012], [-0.45260410572724896, -0.8605818807452439, -0.23355588198933247], [0.24957254595527545, -0.3737037990363687, 0.8933414883968986]], "trans": [-69.8129395563966, 804.0145339285541, 174.8735915154072]}], "rb_4XMM.renamed.noAb_Nup120_2-711_3F7F_updated_1.pdb_46": [{"rot": [[-0.921054389648197, -0.36876614299582205, 0.12518124096593491], [0.29766907942023585, -0.8739194560248109, -0.3842628053017975], [0.2511014346173591, -0.31666435884273864, 0.9146976294775343]], "trans": [205.06977030261305, 766.4697359378436, 153.1876489212694]}], "rb_4XMM.renamed.noAb_Nup120_2-711_3F7F_updated_1.pdb_47": [{"rot": [[-0.43815651295482044, -0.8837981232934731, -0.1640723846910447], [0.8740708700347843, -0.37629483849106365, -0.30724958695109456], [0.2098070168319119, -0.27803429966088394, 0.9373782288383778]], "trans": [373.04827037941, 544.9453128858386, 140.91778155369684]}], "rb_4XMM.renamed.noAb_Nup120_2-711_3F7F_updated_1.pdb_48": [{"rot": [[0.3097310264340257, -0.8973420555096464, -0.31439453983465726], [0.9389369699091467, 0.34077645439762116, -0.04763165613344422], [0.1498801447889398, -0.2804436548433695, 0.9480966715773965]], "trans": [335.72030017141935, 269.2135120859482, 145.27585562292947]}], "rb_4XMM.renamed.noAb_Nup120_2-711_3F7F_updated_1.pdb_49": [{"rot": [[0.8844851627300498, -0.4014637131826637, -0.23772438643938693], [0.45426790312491305, 0.8572239485618223, 0.24250314266534945], [0.10642682510011146, -0.3224809901523873, 0.9405739428080304]], "trans": [114.95502429012612, 100.80202706031912, 163.73285479155328]}]}
