{"rb_ScNup133N_56-480_renamed_1.pdb_0": [{"rot": [[0.7112205163701746, -0.21879149175274745, -0.6680536357439809], [-0.45521914127990115, 0.5808160852580284, -0.674854212788162], [0.5356686573867594, 0.7840809640860744, 0.31349024107828366]], "trans": [420.5158002246668, 566.2281376333027, -265.72827320790685]}], "rb_ScNup133N_56-480_renamed_1.pdb_1": [{"rot": [[0.19387897125392403, 0.26985935202687095, -0.9431791317820593], [-0.7922738705718376, 0.6100536986157541, 0.011687549544679932], [0.5785439123477498, 0.744990211297355, 0.3320790968376106]], "trans": [376.3372054556195, 227.38672779263734, -260.517103893169]}], "rb_ScNup133N_56-480_renamed_1.pdb_2": [{"rot": [[-0.40965868082843127, 0.6361238972194797, -0.6538548406245928], [-0.6635319927214111, 0.28409254199564876, 0.6921103396262804], [0.6260232103181671, 0.7173826140691957, 0.3057075811526181]], "trans": [106.24047799580984, 19.227658751569777, -237.93469180629108]}], "rb_ScNup133N_56-480_renamed_1.pdb_3": [{"rot": [[-0.7458315734061531, 0.6654392089211616, 0.03042898849586939], [-0.1444123150338788, -0.20611474300192134, 0.9678128930654977], [0.6502925090888397, 0.7174310921249731, 0.24982449974994558]], "trans": [-231.54599750568474, 63.69356499241016, -211.18612745859002]}], "rb_ScNup133N_56-480_renamed_1.pdb_4": [{"rot": [[-0.617704885969427, 0.3406319641911762, 0.7088092400785696], [0.4609775357139467, -0.5733978169026613, 0.6772847666516351], [0.6371345112427947, 0.7451072463360722, 0.197166949666727]], "trans": [-439.1402275715205, 334.73580846517575, -195.9170920985202]}], "rb_ScNup133N_56-480_renamed_1.pdb_5": [{"rot": [[-0.10033703860497989, -0.1480211732254999, 0.9838811975848148], [0.7979916489570942, -0.6025970763241755, -0.009278566715484104], [0.5942573574460149, 0.7841979953318565, 0.1785824662131672]], "trans": [-394.92867181122307, 673.5741380430666, -201.0483970322221]}], "rb_ScNup133N_56-480_renamed_1.pdb_6": [{"rot": [[0.503190588814447, -0.5142603054209407, 0.6945038297928466], [0.6692024052587315, -0.2766071833877838, -0.6896786258064012], [0.5467790889605225, 0.811803427171035, 0.2049581018375787]], "trans": [-124.80916963284704, 881.7123994340869, -223.55004657694735]}], "rb_ScNup133N_56-480_renamed_1.pdb_7": [{"rot": [[0.8393230024070072, -0.5435373847832929, 0.010198478976085001], [0.15005635950569518, 0.21360238616688595, -0.9653274623648238], [0.5225131449087044, 0.8117518906456278, 0.26084263729471885]], "trans": [212.9803792417979, 837.2203811610711, -250.21625225495035]}], "rb_ScNup133C_490_881_renamed_relative_3CQC_1.pdb_7": [{"rot": [[0.9431022424124257, 0.03760636385769791, -0.33036937169485997], [0.04399558385601151, 0.9707338394737463, 0.23609362867669156], [0.3295793515343805, -0.23719522402013346, 0.9138467468586927]], "trans": [122.88630640694078, -91.97070956582294, -99.9461828847451]}], "rb_ScNup133C_490_881_renamed_relative_3CQC_1.pdb_8": [{"rot": [[0.7061366991918814, 0.706328919454836, -0.04970331574611303], [-0.6145716555794384, 0.6462398929677897, 0.4524109646055536], [0.35167121322727307, -0.28891773617890454, 0.8904234383193843]], "trans": [-295.41087138909086, -18.71814236034669, -66.92047773768434]}], "rb_ScNup133C_490_881_renamed_relative_3CQC_1.pdb_9": [{"rot": [[0.07429551892315495, 0.9506270638215047, 0.30131107081891767], [-0.9119672124605259, -0.057480413479058357, 0.40621645149261654], [0.4034798374949062, -0.30496587939699127, 0.8626701763354885]], "trans": [-539.6641306076024, 329.78173896014187, -49.106358744086606]}], "rb_ScNup133C_490_881_renamed_relative_3CQC_1.pdb_10": [{"rot": [[-0.5822798260316918, 0.6273874993838747, 0.5170446110475867], [-0.6739725762889589, -0.7281778018939136, 0.12457148646207411], [0.4546550017396983, -0.2759384250984191, 0.8468452130981658]], "trans": [-466.7845546881713, 749.3729068649535, -56.91558308829275]}], "rb_ScNup133C_490_881_renamed_relative_3CQC_1.pdb_11": [{"rot": [[-0.8789582408857459, -0.07403147933263207, 0.4711175552310224], [-0.04000836065841089, -0.972948285310177, -0.22753233877717513], [0.4752175731772341, -0.2188400652983972, 0.852219035203821]], "trans": [-119.46411346715684, 994.2530557551617, -85.74939213821688]}], "rb_ScNup133C_490_881_renamed_relative_3CQC_1.pdb_12": [{"rot": [[-0.6419413270518537, -0.7427287445882861, 0.1904346202380555], [0.6185402580193026, -0.6484018632787862, -0.44382763873604314], [0.4531217075271482, -0.16711982425465158, 0.8756435818920703]], "trans": [298.8338947092133, 920.9680583959623, -118.69252909451967]}], "rb_ScNup133C_490_881_renamed_relative_3CQC_1.pdb_13": [{"rot": [[-0.010076934592393616, -0.986972009764885, -0.16057617298305088], [0.9158862133872537, 0.055337594069720164, -0.3976055769348956], [0.40131147443896614, -0.15107614842600706, 0.9033964234268279]], "trans": [543.06651198857, 572.4494163540169, -136.42243492878077]}], "rb_ScNup133C_490_881_renamed_relative_3CQC_1.pdb_14": [{"rot": [[0.6464798661019489, -0.6636801262919385, -0.3762877525111881], [0.677840052212926, 0.7260095898942385, -0.11594368890791626], [0.35013803898003176, -0.1801076493287128, 0.9192195539219679]], "trans": [470.1607408280263, 152.8643810455294, -128.52867591043162]}], "rb_ScNup84_506-726_ScNup133C_882_1155_renamed_relative_3CQC_new_1.pdb_14": [{"rot": [[0.9682496899069142, 0.2298318470167178, -0.09833544677300482], [-0.23870812957532392, 0.9668488853036412, -0.09067338011651782], [0.07423588667088712, 0.11126794275076807, 0.9910138637002999]], "trans": [-23.190411749374107, 176.1493892944186, -72.06811479328479]}], "rb_ScNup84_506-726_ScNup133C_882_1155_renamed_relative_3CQC_new_1.pdb_15": [{"rot": [[0.5196137021239846, 0.8467555631484088, -0.11404655559123819], [-0.8469019843780262, 0.5280904415342489, 0.06226969099586933], [0.11295410316392213, 0.06423006957321838, 0.9915219960954225]], "trans": [-209.3977799942885, 275.424887109969, -57.66801842183082]}], "rb_ScNup84_506-726_ScNup133C_882_1155_renamed_relative_3CQC_new_1.pdb_16": [{"rot": [[-0.22644814951291858, 0.9738686570729005, -0.017351494264105316], [-0.9585431771955162, -0.21965048932757258, 0.1815176024248895], [0.17296303950294478, 0.05773648161414324, 0.983234603569626]], "trans": [-271.13513417170685, 477.68424002690926, -53.69001797912409]}], "rb_ScNup84_506-726_ScNup133C_882_1155_renamed_relative_3CQC_new_1.pdb_17": [{"rot": [[-0.8328823128427888, 0.5367064860746011, 0.13510440688259465], [-0.5082307231344896, -0.8383367268358424, 0.19721324625987158], [0.21910861465455325, 0.09559121425955908, 0.9710065575167567]], "trans": [-172.23394836854055, 664.4411840447989, -62.44047731312179]}], "rb_ScNup84_506-726_ScNup133C_882_1155_renamed_relative_3CQC_new_1.pdb_18": [{"rot": [[-0.9444311042652856, -0.2086351860890741, 0.25401033132891865], [0.24023599281050173, -0.9655331495822677, 0.10016189303370496], [0.22435810004232562, 0.15561843137405093, 0.9620012197300345]], "trans": [29.369981604259806, 726.2909848802271, -78.76924906330504]}], "rb_ScNup84_506-726_ScNup133C_882_1155_renamed_relative_3CQC_new_1.pdb_19": [{"rot": [[-0.4957476689271516, -0.8255246985470669, 0.2697095119606755], [0.848394615058187, -0.526726299652432, -0.052782406109641425], [0.18563627310836092, 0.2026533427881882, 0.961494044060184]], "trans": [215.57614429247906, 627.0012739167877, -93.0867036015481]}], "rb_ScNup84_506-726_ScNup133C_882_1155_renamed_relative_3CQC_new_1.pdb_20": [{"rot": [[0.250322910314096, -0.9525794767593596, 0.17300514740533507], [0.9599772476592989, 0.2210245830881829, -0.17202272421737733], [0.12562692604833536, 0.20914223420331832, 0.9697821411657808]], "trans": [277.30425742572845, 424.7374806169677, -96.98146928205284]}], "rb_ScNup84_506-726_ScNup133C_882_1155_renamed_relative_3CQC_new_1.pdb_21": [{"rot": [[0.8567219685437673, -0.5153690401768184, 0.020548017950956034], [0.5096172111209863, 0.8396764882426782, -0.1877064016535058], [0.07948438050180553, 0.17128382153508911, 0.9820102269001967]], "trans": [178.39503530341875, 237.98870381046663, -88.14793255179671]}], "rb_4XMM.renamed.noAb_Nup145c_149-550_Sec13_Nup84_7-436_3IKO_updated_1.pdb_21": [{"rot": [[0.997007750986491, -0.01496848831201273, 0.07583857086280209], [0.015713222737512373, 0.9998339111894314, -0.009232803845298607], [-0.0756877738083268, 0.010396845353162414, 0.9970773623458924]], "trans": [-16.020458625386482, -6.286818900173955, 36.98283947645598]}], "rb_4XMM.renamed.noAb_Nup145c_149-550_Sec13_Nup84_7-436_3IKO_updated_1.pdb_22": [{"rot": [[0.7164020754545253, 0.6944662982726835, 0.06696735658426671], [-0.6959038047109833, 0.7181304982258081, -0.0025459981794442206], [-0.049859411079812434, -0.044778879858571055, 0.9977519185876746]], "trans": [-330.7745063999596, 147.65239101459423, 61.3629374004351]}], "rb_4XMM.renamed.noAb_Nup145c_149-550_Sec13_Nup84_7-436_3IKO_updated_1.pdb_23": [{"rot": [[0.01629688740845242, 0.9977256703042928, 0.06540564407331384], [-0.9998396490982399, 0.015775958391800515, 0.008473206472634012], [0.007422098888045934, -0.0655332431111796, 0.9978227831110225]], "trans": [-444.90935748146387, 479.73434476712885, 68.88569453769895]}], "rb_4XMM.renamed.noAb_Nup145c_149-550_Sec13_Nup84_7-436_3IKO_updated_1.pdb_24": [{"rot": [[-0.6931763225111868, 0.7171560116895528, 0.07206830653900598], [-0.7180444072867966, -0.6957805156788183, 0.017369604654963088], [0.06260043988678637, -0.03970804577476323, 0.9972484424789688]], "trans": [-291.56129346569, 795.4208682888269, 55.16817858754939]}], "rb_4XMM.renamed.noAb_Nup145c_149-550_Sec13_Nup84_7-436_3IKO_updated_1.pdb_25": [{"rot": [[-0.9963981443612078, 0.01711898447716496, 0.08305226236539999], [-0.015597705242706681, -0.9996991085291954, 0.018931560873120274], [0.08335136174473871, 0.01756794741572285, 0.9963653535319738]], "trans": [39.4381408784825, 909.7784617158753, 28.27030871174526]}], "rb_4XMM.renamed.noAb_Nup145c_149-550_Sec13_Nup84_7-436_3IKO_updated_1.pdb_26": [{"rot": [[-0.7157369594741805, -0.6922938502697703, 0.09192295535561702], [0.6959972744781032, -0.7179400232154209, 0.01224405915092638], [0.05751868184951618, 0.07274165205778792, 0.9956908422267408]], "trans": [354.18672315947714, 755.8149511718211, 3.973241244684573]}], "rb_4XMM.renamed.noAb_Nup145c_149-550_Sec13_Nup84_7-436_3IKO_updated_1.pdb_27": [{"rot": [[-0.01560804727963222, -0.9954984512355288, 0.0934838084792168], [0.9998781592659688, -0.015561704717406755, 0.0012247322910168904], [0.00023554832452672703, 0.09349153402287483, 0.9956200467964851]], "trans": [468.302209261341, 423.72444881404965, -3.4654542015907737]}], "rb_4XMM.renamed.noAb_Nup145c_149-550_Sec13_Nup84_7-436_3IKO_updated_1.pdb_28": [{"rot": [[0.6938432036412086, -0.7148732879894951, 0.08682045196836555], [0.7180272420916828, 0.6959727244544194, -0.007671142659564499], [-0.05494077151910811, 0.06766201988249995, 0.9961944402024656]], "trans": [314.9360517365119, 108.05037019500651, 10.335919952139761]}], "rb_4XMM.renamed.noAb_Seh1_Nup85_47_544_3F3F_1.pdb_28": [{"rot": [[0.7083254307257328, -0.6847201968856136, 0.17156146468286662], [0.28673729149199395, 0.5011896545565774, 0.816450032661701], [-0.6450246583310123, -0.5291192513435738, 0.5513401926239149]], "trans": [450.2051912846648, -100.8541054768624, 722.1973220770931]}], "rb_4XMM.renamed.noAb_Seh1_Nup85_47_544_3F3F_1.pdb_29": [{"rot": [[0.6915569801401241, -0.14255357012255487, 0.7081154022225362], [-0.3336031685441596, 0.8064803848255145, 0.4881580838509032], [-0.6406698597224372, -0.5738186721752807, 0.5101708167920121]], "trans": [-53.370494199899326, -208.32736164418506, 762.8995688050176]}], "rb_4XMM.renamed.noAb_Seh1_Nup85_47_544_3F3F_1.pdb_30": [{"rot": [[0.24242161084701774, 0.45615427315878343, 0.8562447323477773], [-0.7601771772747395, 0.6376772965938936, -0.12449226706631411], [-0.602795505743817, -0.620718087772286, 0.5013448252125182]], "trans": [-485.33934715062964, 72.92469478288703, 796.0029753839428]}], "rb_4XMM.renamed.noAb_Seh1_Nup85_47_544_3F3F_1.pdb_31": [{"rot": [[-0.37597084501297745, 0.7606718365836034, 0.5291732048476695], [-0.7430916656918496, 0.0936676190713423, -0.6626018061526971], [-0.5535889269842184, -0.6423431591961043, 0.5300326081991824]], "trans": [-592.6460094088982, 578.140760290559, 802.1391043830879]}], "rb_4XMM.renamed.noAb_Seh1_Nup85_47_544_3F3F_1.pdb_32": [{"rot": [[-0.8013573674634487, 0.592608437800001, -0.08149606775968668], [-0.2923555673864596, -0.5068601081129754, -0.8109383780669417], [-0.5218760310937747, -0.6260256146931553, 0.5794284579806763]], "trans": [-312.42681186060946, 1011.3582569530919, 777.7373298165214]}], "rb_4XMM.renamed.noAb_Seh1_Nup85_47_544_3F3F_1.pdb_33": [{"rot": [[-0.7845405337029434, 0.05041798550933371, -0.6180244151441581], [0.3279835558751466, -0.8121082749335333, -0.4826043274360192], [-0.5262346796369397, -0.5813245019106441, 0.6205955892735189]], "trans": [191.16380181902713, 1118.7923836540506, 737.1165601915457]}], "rb_4XMM.renamed.noAb_Seh1_Nup85_47_544_3F3F_1.pdb_34": [{"rot": [[-0.33537188206572205, -0.5482767084511481, -0.7661059663582234], [0.7545222989046819, -0.6432582012676967, 0.13005762937036133], [-0.5641115148401833, -0.5344263630022561, 0.6294177161098117]], "trans": [623.1172628480915, 837.5068309460073, 704.0970200085098]}], "rb_4XMM.renamed.noAb_Seh1_Nup85_47_544_3F3F_1.pdb_35": [{"rot": [[0.2830192580411435, -0.85275185076421, -0.43899246075081105], [0.7373882518391686, -0.09922464105495088, 0.6681414795214321], [-0.6133177525780685, -0.5128047890042836, 0.6007267121968662]], "trans": [730.3910565512213, 332.2827585268056, 698.0460263833396]}], "rb_4XMM.renamed.noAb_Nup120_715-1036_Nup85_553-744_Nup145c_92-99_554-712_remaining_updated_1.pdb_35": [{"rot": [[0.9982875476590777, -0.03766274406616293, 0.04476036079200857], [0.03484793884653694, 0.9974623731402027, 0.06208409883104061], [-0.04698503322306041, -0.060417976455034515, 0.9970667353663475]], "trans": [8.03956869188437, -37.262263322606145, 59.103237160655425]}], "rb_4XMM.renamed.noAb_Nup120_715-1036_Nup85_553-744_Nup145c_92-99_554-712_remaining_updated_1.pdb_36": [{"rot": [[0.7313665787226444, 0.6753055376644157, 0.09521217531023698], [-0.6816223512079775, 0.7283688031018638, 0.06978436072406102], [-0.022223812932112584, -0.11593669594969333, 0.9930079479395044]], "trans": [-335.117411082001, 110.06713651087934, 85.77938448423151]}], "rb_4XMM.renamed.noAb_Nup120_715-1036_Nup85_553-744_Nup145c_92-99_554-712_remaining_updated_1.pdb_37": [{"rot": [[0.0375204579805164, 0.9899529808991498, 0.13632795326644703], [-0.9986958904903147, 0.03242064518564591, 0.03943881442820537], [0.03462273170459353, -0.13762992906571128, 0.9898784112580079]], "trans": [-474.00275116912945, 457.6249062225738, 95.19961169879838]}], "rb_4XMM.renamed.noAb_Nup120_715-1036_Nup85_553-744_Nup145c_92-99_554-712_remaining_updated_1.pdb_38": [{"rot": [[-0.6767859738062659, 0.7219546768621827, 0.1440214922014217], [-0.7306265289519782, -0.6826858568321047, -0.01117569116421141], [0.09025309330259612, -0.11278947396913812, 0.9895114520363453]], "trans": [-327.253547723902, 801.8069205459938, 81.86942177804599]}], "rb_4XMM.renamed.noAb_Nup120_715-1036_Nup85_553-744_Nup145c_92-99_554-712_remaining_updated_1.pdb_39": [{"rot": [[-0.9931019371763168, 0.028307810834456788, 0.1137858085281539], [-0.03445307836012293, -0.9980312310677106, -0.05240846501262266], [0.11207822164968678, -0.05596721950596326, 0.9921220401606917]], "trans": [19.164360050961875, 940.9866193192569, 53.62183283441516]}], "rb_4XMM.renamed.noAb_Nup120_715-1036_Nup85_553-744_Nup145c_92-99_554-712_remaining_updated_1.pdb_40": [{"rot": [[-0.7261250807323772, -0.684639502644175, 0.0633333920655836], [0.6819962378828885, -0.7288817109241776, -0.06010476681451784], [0.08731264882583002, -0.0004504435345024718, 0.9961808562985123]], "trans": [362.31639062771166, 793.6306893624123, 27.028685663275724]}], "rb_4XMM.renamed.noAb_Nup120_715-1036_Nup85_553-744_Nup145c_92-99_554-712_remaining_updated_1.pdb_41": [{"rot": [[-0.03225421135298323, -0.9992326747808105, 0.022219979756556686], [0.9990153083865416, -0.03290888030982175, -0.02975599445649138], [0.030464396585818072, 0.021238343794621348, 0.9993101887269644]], "trans": [501.18115939011966, 446.06242895797186, 17.692625742042594]}], "rb_4XMM.renamed.noAb_Nup120_715-1036_Nup85_553-744_Nup145c_92-99_554-712_remaining_updated_1.pdb_42": [{"rot": [[0.6820313321001583, -0.7311785895740813, 0.014530388230814602], [0.730889891680902, 0.6821765633845562, 0.02085911329643461], [-0.025164027347793563, -0.0036064549478938886, 0.9996768303858732]], "trans": [354.4116401431917, 101.89234255850772, 31.106853512205873]}], "rb_4XMM.renamed.noAb_Nup120_2-711_3F7F_updated_1.pdb_42": [{"rot": [[0.9923628143112008, 0.08792907167886034, 0.08651313845912434], [-0.11369962716138086, 0.92400714140125, 0.3650797137925551], [-0.04783763743870262, -0.37212804381447095, 0.9269478299511246]], "trans": [-70.18833153527453, 3.998908849025838, 274.1651579798812]}], "rb_4XMM.renamed.noAb_Nup120_2-711_3F7F_updated_1.pdb_43": [{"rot": [[0.6224249354562919, 0.7063954743081492, 0.33703506286319207], [-0.7825338824567266, 0.5699618094463101, 0.25056787220210386], [-0.015097103345766971, -0.4197010479491955, 0.9075368355173878]], "trans": [-357.23619510924584, 206.7624874309714, 296.0993478566575]}], "rb_4XMM.renamed.noAb_Nup120_2-711_3F7F_updated_1.pdb_44": [{"rot": [[-0.11071354712609205, 0.8943135310512694, 0.43352718330154194], [-0.9928617883278034, -0.11899654644348923, -0.00808029783107414], [0.044361917917003196, -0.4313271729361977, 0.9011042615178293]], "trans": [-417.3566469014136, 553.7009438122125, 299.24453901077004]}], "rb_4XMM.renamed.noAb_Nup120_2-711_3F7F_updated_1.pdb_45": [{"rot": [[-0.7775697730865868, 0.5415981946235008, 0.3194630550824903], [-0.6214702918918608, -0.7392664070750864, -0.25934505136234576], [0.09570749332167745, -0.4001956708297293, 0.9114184005006832]], "trans": [-215.3283652142914, 841.5729552075624, 281.7822390181309]}], "rb_4XMM.renamed.noAb_Nup120_2-711_3F7F_updated_1.pdb_46": [{"rot": [[-0.9874899625847477, -0.14512491760952576, 0.061663052820965694], [0.11407423161882527, -0.927484942285456, -0.35603195294006723], [0.10886066082358424, -0.3445438145179391, 0.9324370844204342]], "trans": [130.49954728029604, 901.739155141444, 253.96611433404456]}], "rb_4XMM.renamed.noAb_Nup120_2-711_3F7F_updated_1.pdb_47": [{"rot": [[-0.617499908737881, -0.7635637237058209, -0.18884994717819892], [0.7828794291539137, -0.5733910802670178, -0.24150045233469733], [0.0761161094404449, -0.29697324611944786, 0.9518472718734488]], "trans": [417.53813660871725, 698.95345214435, 232.1152479069934]}], "rb_4XMM.renamed.noAb_Nup120_2-711_3F7F_updated_1.pdb_48": [{"rot": [[0.11565499805075974, -0.9514280510670092, -0.28532189728219304], [0.993149785844065, 0.11558200188637269, 0.01715528250497983], [0.016656059070676937, -0.28535147534710614, 0.958278201366108]], "trans": [477.6380632375375, 352.01068710556956, 229.05419028834714]}], "rb_4XMM.renamed.noAb_Nup120_2-711_3F7F_updated_1.pdb_49": [{"rot": [[0.7824822759002031, -0.5986643278378907, -0.17123816886560048], [0.6217059619281586, 0.7358241581288011, 0.2684110750640201], [-0.03468695439239933, -0.3164866993863195, 0.947962543725506]], "trans": [275.59385607789216, 64.15494047298728, 246.6001570932077]}]}
