{"rb_ScNup133N_56-480_renamed_1.pdb_0": [{"rot": [[-0.7355510579519355, -0.20631738675203964, 0.6452889097680188], [0.17799297334798764, -0.9778901933760091, -0.10976917207383326], [0.65366898548465, 0.03411606106867483, 0.7560112114199283]], "trans": [910.7701514403708, 318.39453837728126, -306.71407069071887]}], "rb_ScNup133N_56-480_renamed_1.pdb_1": [{"rot": [[-0.38305745744776687, -0.8349950833792092, 0.3950318911508289], [0.6818994095289783, -0.544095897207987, -0.48884849383573525], [0.6231213201116486, 0.08211495219497869, 0.7778026453081357]], "trans": [548.3687457083586, -295.7306860425819, -274.79918714629616]}], "rb_ScNup133N_56-480_renamed_1.pdb_2": [{"rot": [[0.22148498955896317, -0.9739217422510356, -0.04920202608402918], [0.7880272858990607, 0.2084740206260644, -0.5792681411941827], [0.5744191815030433, 0.0895266591285013, 0.813650773505847]], "trans": [-140.87383648704383, -472.7328358910423, -218.95984819447193]}], "rb_ScNup133N_56-480_renamed_1.pdb_3": [{"rot": [[0.7239267935632092, -0.5417121677345129, -0.4271743495221424], [0.4342053960775836, 0.838953491023116, -0.3280590098095695], [0.5360929691559099, 0.05200929944251706, 0.8425552570562356]], "trans": [-753.1876588360971, -108.92143926137925, -171.88352102671746]}], "rb_ScNup133N_56-480_renamed_1.pdb_4": [{"rot": [[0.8299304613498474, 0.2084391772635789, -0.5174635626837036], [-0.1722924079893849, 0.9779987504640425, 0.11761704910424531], [0.5305947186627928, -0.008458928564152667, 0.8475834419422655]], "trans": [-929.8687372425668, 582.5777747552372, -161.12417697292994]}], "rb_ScNup133N_56-480_renamed_1.pdb_5": [{"rot": [[0.47739754967774983, 0.8370830577093934, -0.26717697142076496], [-0.6761711610603774, 0.5441551254301915, 0.49667671620311843], [0.5611453826878923, -0.05645488432318596, 0.8257897465602937]], "trans": [-567.4128914334742, 1196.6749332441348, -192.9607865853826]}], "rb_ScNup133N_56-480_renamed_1.pdb_6": [{"rot": [[-0.12715319108151457, 0.9759510245590581, 0.17706401006390735], [-0.7822515848959883, -0.2084256713384941, 0.5870614937592238], [0.6098479514809417, -0.06386186020796486, 0.7899412249561838]], "trans": [121.8500468280526, 1373.6233787877625, -248.71901015571837]}], "rb_ScNup133N_56-480_renamed_1.pdb_7": [{"rot": [[-0.6295674128257238, 0.5436922647937074, 0.5550167510187534], [-0.42839027147934106, -0.8388711977056843, 0.33582270465483177], [0.6481717735367534, -0.02634074530682598, 0.7610384465497784]], "trans": [734.1420430402452, 1009.764333808761, -295.71088922429607]}], "rb_ScNup133C_490_881_renamed_relative_3CQC_1.pdb_7": [{"rot": [[0.7799011232131339, 0.3346780742882213, -0.5289090891652557], [-0.2614733639684681, 0.9419772375332152, 0.21050074561460896], [0.5686703068966286, -0.025874129164497828, 0.8221585075239892]], "trans": [202.87960661661293, 96.6322513700527, -258.04043580652785]}], "rb_ScNup133C_490_881_renamed_relative_3CQC_1.pdb_8": [{"rot": [[0.3798107161259102, 0.9008400414127823, -0.2103117678669944], [-0.701779007998269, 0.4287126013393562, 0.5689567025581195], [0.6027022845890742, -0.06850346881917435, 0.7950202707546844]], "trans": [-108.8624930174069, 49.16049721112154, -232.92044935193644]}], "rb_ScNup133C_490_881_renamed_relative_3CQC_1.pdb_9": [{"rot": [[-0.2135683258368421, 0.939527056745035, 0.26772650194416736], [-0.7291895699677625, -0.3356826703014114, 0.5963218224327728], [0.6501316337861724, -0.06786791954469884, 0.7567845163897028]], "trans": [-362.84006451318965, 236.74469512082726, -213.54831167152832]}], "rb_ScNup133C_490_881_renamed_relative_3CQC_1.pdb_10": [{"rot": [[-0.6526261932488502, 0.42807572121643006, 0.6251641614732463], [-0.3276475561862963, -0.903415049288595, 0.2765652321678068], [0.6831735729744394, -0.024339795067304076, 0.7298502884601878]], "trans": [-410.2675520654842, 549.4954938216534, -211.24848926444133]}], "rb_ScNup133C_490_881_renamed_relative_3CQC_1.pdb_11": [{"rot": [[-0.6801565966642301, -0.33389856135654483, 0.6526091898971089], [0.26761805993055254, -0.9418989029849594, -0.20299514909163857], [0.6824716682860457, 0.03658151554759702, 0.7299960374598632]], "trans": [-223.35935139931797, 804.1991824435736, -227.34424562305657]}], "rb_ScNup133C_490_881_renamed_relative_3CQC_1.pdb_12": [{"rot": [[-0.2800318375835638, -0.9000205124052565, 0.3339839025901558], [0.7078922872163467, -0.4285898472728372, -0.5614260882024045], [0.6484371053843083, 0.07920744955131573, 0.7571363815696575]], "trans": [88.39299146870297, 851.6468656650369, -252.38245482114564]}], "rb_ScNup133C_490_881_renamed_relative_3CQC_1.pdb_13": [{"rot": [[0.3133493583645911, -0.9386479106858607, -0.1440565145266488], [0.7352562754604639, 0.3358084353539247, -0.5887536871571631], [0.6010078111044022, 0.07856713377880431, 0.7953721245312019]], "trans": [342.36247171772175, 664.0431384377562, -271.6713759705322]}], "rb_ScNup133C_490_881_renamed_relative_3CQC_1.pdb_14": [{"rot": [[0.7523759199189428, -0.42715228163926305, -0.5014692447363998], [0.3336798145172652, 0.9035006529167844, -0.2689690531690713], [0.5679685347885453, 0.035035674238052164, 0.8223042289936475]], "trans": [389.77210018745524, 351.2890261792063, -273.88728218693035]}], "rb_ScNup84_506-726_ScNup133C_882_1155_renamed_relative_3CQC_new_1.pdb_14": [{"rot": [[0.9740525564907963, 0.17268392967517426, 0.1462938058349851], [-0.19951237264758254, 0.9603324352966058, 0.19482409213909688], [-0.10684769700034254, -0.21895632931986833, 0.969866844209293]], "trans": [-80.28779708274749, 72.71232054731362, 135.8639801671042]}], "rb_ScNup84_506-726_ScNup133C_882_1155_renamed_relative_3CQC_new_1.pdb_15": [{"rot": [[0.5477803565946968, 0.7951187645893457, 0.2602361065011926], [-0.8337065812858216, 0.544737814369399, 0.09052099158072834], [-0.06978550888039055, -0.2665461757256391, 0.9612924211478744]], "trans": [-318.68796511657683, 254.50143907228588, 154.0226981334012]}], "rb_ScNup84_506-726_ScNup133C_882_1155_renamed_relative_3CQC_new_1.pdb_16": [{"rot": [[-0.20078958433094268, 0.9424582654501434, 0.26731247765286736], [-0.979589196329137, -0.1905398118194645, -0.06402801376771719], [-0.009410061606768522, -0.2747125734226784, 0.9614803444397846]], "trans": [-359.18143585861776, 552.1062545132961, 155.84352882558878]}], "rb_ScNup84_506-726_ScNup133C_882_1155_renamed_relative_3CQC_new_1.pdb_17": [{"rot": [[-0.8331344400557152, 0.5283888751663498, 0.16337748129252483], [-0.5517001249402821, -0.8147644424340192, -0.17828593743214502], [0.03890985651382908, -0.23867153149385298, 0.970320525970904]], "trans": [-178.04464985098156, 791.1857865522823, 140.28380885165745]}], "rb_ScNup84_506-726_ScNup133C_882_1155_renamed_relative_3CQC_new_1.pdb_18": [{"rot": [[-0.9788176780335835, -0.2045217190553854, 0.00931770377150265], [0.19929718162524468, -0.9622564872929674, -0.18531887669320957], [0.0468677561355108, -0.17953640047976005, 0.9826342627537435]], "trans": [118.61182297363939, 831.6839910945838, 116.48264646557413]}], "rb_ScNup84_506-726_ScNup133C_882_1155_renamed_relative_3CQC_new_1.pdb_19": [{"rot": [[-0.552496003323457, -0.8269241570805913, -0.1046164649955215], [0.8334579121193354, -0.5466130268801049, -0.08100683656733575], [0.009801787453510777, -0.13194937393380243, 0.9912079941572267]], "trans": [357.00435131757905, 649.8765656898161, 98.40710309068277]}], "rb_ScNup84_506-726_ScNup133C_882_1155_renamed_relative_3CQC_new_1.pdb_20": [{"rot": [[0.1960853358938584, -0.9742063148397265, -0.11168078247304532], [0.979281768952252, 0.18867613912192144, 0.0735427190399738], [-0.05057428244809693, -0.12378760298367646, 0.9910191074355807]], "trans": [397.4811440815723, 352.2689804199697, 96.6700918023426]}], "rb_ScNup84_506-726_ScNup133C_882_1155_renamed_relative_3CQC_new_1.pdb_21": [{"rot": [[0.8283968361079768, -0.560088227639065, -0.007736871875858864], [0.5513430806748906, 0.8128682496918842, 0.1877924813052231], [-0.09889130051836494, -0.15983236813293625, 0.9821782550936478]], "trans": [216.33223868095735, 113.20407179825258, 112.3131832063095]}], "rb_4XMM.renamed.noAb_Nup145c_149-550_Sec13_Nup84_7-436_3IKO_updated_1.pdb_21": [{"rot": [[0.9925752229624769, -0.017417688336949413, 0.12037878091251826], [0.01742104296660487, 0.9998477171315252, 0.0010246017915746615], [-0.12037829548113264, 0.0010801295628245229, 0.992727505057245]], "trans": [-26.13415741032918, -10.591309436618985, 65.23274461710062]}], "rb_4XMM.renamed.noAb_Nup145c_149-550_Sec13_Nup84_7-436_3IKO_updated_1.pdb_22": [{"rot": [[0.7135801780330627, 0.6925555082048167, 0.10568915542035662], [-0.6941464553716634, 0.7193297333092287, -0.026933868497247666], [-0.0946785509672359, -0.05414427792888033, 0.9940343903277705]], "trans": [-340.4206808784845, 153.36362660880383, 89.52684672182724]}], "rb_4XMM.renamed.noAb_Nup145c_149-550_Sec13_Nup84_7-436_3IKO_updated_1.pdb_23": [{"rot": [[0.014649208554120996, 0.9970313345466761, 0.07559046646773068], [-0.9991898003371391, 0.017431154272532057, -0.036275305139346986], [-0.037485244976702754, -0.07499781858693247, 0.9964788927098434]], "trans": [-447.16480118619756, 492.19325116663333, 96.42768624798532]}], "rb_4XMM.renamed.noAb_Nup145c_149-550_Sec13_Nup84_7-436_3IKO_updated_1.pdb_24": [{"rot": [[-0.6947740686269152, 0.7176435585084168, 0.04771495043460297], [-0.7190102993378827, -0.6946659356089036, -0.021527362835524866], [0.017696977415598048, -0.04926419425892163, 0.998628988240562]], "trans": [-283.8323942258495, 807.4065094683662, 81.9166590005006]}], "rb_4XMM.renamed.noAb_Nup145c_149-550_Sec13_Nup84_7-436_3IKO_updated_1.pdb_25": [{"rot": [[-0.9990994948691859, 0.018061478660892683, 0.03839247765795576], [-0.01774105459022279, -0.9998050205135656, 0.008670405866653212], [0.038541592262920955, 0.007981475079700361, 0.999225120641684]], "trans": [53.896026357513335, 914.3471470890846, 54.51853424762038]}], "rb_4XMM.renamed.noAb_Nup145c_149-550_Sec13_Nup84_7-436_3IKO_updated_1.pdb_26": [{"rot": [[-0.7200489444914596, -0.6918898585138902, 0.053084284137215096], [0.6938045224363103, -0.7192313220432063, 0.0366277222729126], [0.012837530278634879, 0.06320386916643107, 0.9979180671471654]], "trans": [368.1763031546902, 750.367947442761, 30.30752468432746]}], "rb_4XMM.renamed.noAb_Nup145c_149-550_Sec13_Nup84_7-436_3IKO_updated_1.pdb_27": [{"rot": [[-0.021094164517768632, -0.9963109493850905, 0.08318370248235951], [0.9987929999269382, -0.017308868850910708, 0.04596679623430526], [-0.04435740659959142, 0.08405293090950706, 0.9954735181235495]], "trans": [474.9005320052564, 411.5303545841058, 23.490785989220115]}], "rb_4XMM.renamed.noAb_Nup145c_149-550_Sec13_Nup84_7-436_3IKO_updated_1.pdb_28": [{"rot": [[0.6883072796809014, -0.7168676265829774, 0.11105806902500474], [0.7185578274301176, 0.6947662688766848, 0.031216666543304482], [-0.09953761789988295, 0.05831498596806383, 0.9933235248570115]], "trans": [311.55006817618704, 96.33032481495877, 38.08566470709462]}], "rb_4XMM.renamed.noAb_Seh1_Nup85_47_544_3F3F_1.pdb_28": [{"rot": [[0.6623272641966034, -0.7312371423404823, 0.1631405429792579], [0.28988952837260673, 0.45091000407928306, 0.84418258070226], [-0.690859360826608, -0.5118324040962483, 0.5106279797223261]], "trans": [498.3112591752032, -84.78208964853343, 746.998947027495]}], "rb_4XMM.renamed.noAb_Seh1_Nup85_47_544_3F3F_1.pdb_29": [{"rot": [[0.6602631344466667, -0.2106362763381267, 0.7208917757757193], [-0.30159641475624693, 0.8047068235258095, 0.511357537127574], [-0.6878169784883471, -0.5550489052880014, 0.46779110385058686]], "trans": [-7.445172822694474, -229.4377094715125, 788.0559225126842]}], "rb_4XMM.renamed.noAb_Seh1_Nup85_47_544_3F3F_1.pdb_30": [{"rot": [[0.24186846649693955, 0.4070082993546078, 0.8808200095200421], [-0.7182060677526303, 0.685486567754783, -0.11953329942350727], [-0.6524413300502364, -0.6036989396083412, 0.45811341516925846]], "trans": [-467.16621729390016, 27.08004705451866, 823.4916946470839]}], "rb_4XMM.renamed.noAb_Seh1_Nup85_47_544_3F3F_1.pdb_31": [{"rot": [[-0.34775524380281025, 0.7598716835084005, 0.5492370298967066], [-0.7158836216951547, 0.16309014360247748, -0.6789051813385654], [-0.605455969163964, -0.6292826309869286, 0.4872642401632736]], "trans": [-611.5388909811909, 534.4995780514237, 832.5714933711619]}], "rb_4XMM.renamed.noAb_Seh1_Nup85_47_544_3F3F_1.pdb_32": [{"rot": [[-0.7631981132646735, 0.6412415303122425, -0.07961117831092474], [-0.2959895982307788, -0.4564552578731059, -0.839070173048224], [-0.5743855827302968, -0.6168126922841386, 0.5381666145245054]], "trans": [-355.985732644589, 995.5674844410072, 810.0002494683777]}], "rb_4XMM.renamed.noAb_Seh1_Nup85_47_544_3F3F_1.pdb_33": [{"rot": [[-0.7610878512134318, 0.12061305619360412, -0.6373364679750856], [0.2954961631893348, -0.8102112048974098, -0.5062013640825823], [-0.5774316412145258, -0.5735941894182014, 0.5810012096286662]], "trans": [149.78852760205524, 1140.1838023979512, 769.0245207727082]}], "rb_4XMM.renamed.noAb_Seh1_Nup85_47_544_3F3F_1.pdb_34": [{"rot": [[-0.34266067891339747, -0.4970222378473317, -0.7972155004839264], [0.7120729635760479, -0.690942475744744, 0.12470200381608004], [-0.6128097206071647, -0.5249451307488733, 0.5906749156959472]], "trans": [609.496110028452, 883.6303705681746, 733.6724718130373]}], "rb_4XMM.renamed.noAb_Seh1_Nup85_47_544_3F3F_1.pdb_35": [{"rot": [[0.24696286627894004, -0.8498448879037389, -0.46558888429941025], [0.7097042395299388, -0.16851837364182118, 0.6840478419952399], [-0.6597948431690865, -0.499364820796374, 0.5615207393128802]], "trans": [753.8357443115699, 376.19992351612797, 724.6778362350174]}], "rb_4XMM.renamed.noAb_Nup120_715-1036_Nup85_553-744_Nup145c_92-99_554-712_remaining_updated_1.pdb_35": [{"rot": [[0.9963507349879799, -0.04232403437531812, 0.0741207730876584], [0.04133173161241732, 0.9990347984402648, 0.014871431247259613], [-0.07467865056918448, -0.011753621553366327, 0.99713838133408]], "trans": [1.305849635974937, -25.916595535651027, 47.85583814541022]}], "rb_4XMM.renamed.noAb_Nup120_715-1036_Nup85_553-744_Nup145c_92-99_554-712_remaining_updated_1.pdb_36": [{"rot": [[0.7340170220327784, 0.6740715430470323, 0.08274397996426985], [-0.6772677953918644, 0.7355687991201476, 0.015712259098877107], [-0.05027270324120459, -0.06757289852551475, 0.9964469673262522]], "trans": [-332.11499918439984, 122.18749793213672, 73.75218629515828]}], "rb_4XMM.renamed.noAb_Nup120_715-1036_Nup85_553-744_Nup145c_92-99_554-712_remaining_updated_1.pdb_37": [{"rot": [[0.041914886416016206, 0.9951101775649437, 0.08943644001972169], [-0.9991003136153352, 0.041167149426414584, 0.010189658573508231], [0.006457989661951477, -0.08978307365406953, 0.9959404068792252]], "trans": [-463.56725179895767, 463.38646400112805, 82.61088899458656]}], "rb_4XMM.renamed.noAb_Nup120_715-1036_Nup85_553-744_Nup145c_92-99_554-712_remaining_updated_1.pdb_38": [{"rot": [[-0.6745124821778948, 0.7327229104330768, 0.09027761578984345], [-0.7356317960441787, -0.677379873187085, 0.0015388469275815012], [0.06227978833484499, -0.06537311318525393, 0.9959154502453694]], "trans": [-316.0424118100656, 797.8012542378659, 69.26639819584864]}], "rb_4XMM.renamed.noAb_Nup120_715-1036_Nup85_553-744_Nup145c_92-99_554-712_remaining_updated_1.pdb_39": [{"rot": [[-0.9955718296007448, 0.040619902397745974, 0.08477473464791942], [-0.04120581517767642, -0.9991372913603445, -0.005172408400275029], [0.08449149602753363, -0.008642716142142794, 0.9963867173726864]], "trans": [24.039302755803817, 929.5270860683062, 41.560109667351696]}], "rb_4XMM.renamed.noAb_Nup120_715-1036_Nup85_553-744_Nup145c_92-99_554-712_remaining_updated_1.pdb_40": [{"rot": [[-0.7331820631954294, -0.6757551457815386, 0.07615146195751281], [0.6773730979862443, -0.7356150727478721, -0.006012559410302862], [0.060081181188561913, 0.04717465098881109, 0.9970781333331269]], "trans": [357.4551416930523, 781.3972266671277, 15.746762788944181]}], "rb_4XMM.renamed.noAb_Nup120_715-1036_Nup85_553-744_Nup145c_92-99_554-712_remaining_updated_1.pdb_41": [{"rot": [[-0.041054807817889005, -0.9967396299931729, 0.06945943244880876], [0.9991512841534834, -0.04118824867613674, -0.000489433794698485], [0.003348750436038779, 0.06938038751741842, 0.9975846569080999]], "trans": [488.8873187281748, 440.18835309773806, 6.972185031374806]}], "rb_4XMM.renamed.noAb_Nup120_715-1036_Nup85_553-744_Nup145c_92-99_554-712_remaining_updated_1.pdb_42": [{"rot": [[0.6753520313374124, -0.7342963135047543, 0.06861893136562212], [0.7356265447948472, 0.6773381558954195, 0.008161443584845926], [-0.0524711383679342, 0.04496605988433595, 0.997609559445404]], "trans": [341.3429246995643, 105.78555133738246, 20.400652667760653]}], "rb_4XMM.renamed.noAb_Nup120_2-711_3F7F_updated_1.pdb_42": [{"rot": [[0.9506065101605495, 0.25721262405442347, 0.1737496154453861], [-0.306278418357009, 0.8681678300896568, 0.39048450576962274], [-0.050406282238533835, -0.42441287071017925, 0.9040646668720299]], "trans": [-171.2915654251508, 146.96837177265985, 314.5547004947951]}], "rb_4XMM.renamed.noAb_Nup120_2-711_3F7F_updated_1.pdb_43": [{"rot": [[0.45700530379735166, 0.7860079421081021, 0.4163384047191382], [-0.8894259308754136, 0.40816134347065397, 0.20573242618176452], [-0.008225921680556525, -0.46432298310466763, 0.8856277443561082]], "trans": [-327.3220736859512, 381.4364843045605, 325.8917383600246]}], "rb_4XMM.renamed.noAb_Nup120_2-711_3F7F_updated_1.pdb_44": [{"rot": [[-0.30320842561596917, 0.835804370128365, 0.4577070083686864], [-0.9514675797211963, -0.29208380863180705, -0.0969355119377163], [0.05266968174362274, -0.46488504343489623, 0.8838030329296004]], "trans": [-272.4169441062509, 657.8465223732873, 320.21183249505793]}], "rb_4XMM.renamed.noAb_Nup120_2-711_3F7F_updated_1.pdb_45": [{"rot": [[-0.8846907563755051, 0.3774304584513063, 0.2736211150788138], [-0.45605849221324857, -0.8223541426594602, -0.3402121628205004], [0.09660702492011149, -0.42576978883436656, 0.8996594742745857]], "trans": [-38.73846241690134, 814.2737050918221, 300.86635674345206]}], "rb_4XMM.renamed.noAb_Nup120_2-711_3F7F_updated_1.pdb_46": [{"rot": [[-0.9468011402214558, -0.3205918923904976, -0.02807916325017666], [0.3065837029181396, -0.8720098201271959, -0.3815826341786753], [0.09784699269958382, -0.3698914869731586, 0.9239081414753484]], "trans": [236.82313528114787, 759.0808999955507, 279.2121684728922]}], "rb_4XMM.renamed.noAb_Nup120_2-711_3F7F_updated_1.pdb_47": [{"rot": [[-0.45315443854045206, -0.8493513471587714, -0.27065354959923793], [0.8896924545100496, -0.4119618450293632, -0.19681152056697618], [0.05566319447327915, -0.32998443496562435, 0.9423438233794748]], "trans": [392.8418929771162, 524.6009473236002, 267.95860139751335]}], "rb_4XMM.renamed.noAb_Nup120_2-711_3F7F_updated_1.pdb_48": [{"rot": [[0.3070641504042806, -0.8990931617419481, -0.3119985481462426], [0.9516744340465436, 0.28828719214527854, 0.10585965438816156], [-0.005232505966278278, -0.3294267465672105, 0.944166637584412]], "trans": [337.9217358874859, 248.1956263137115, 273.72215868655485]}], "rb_4XMM.renamed.noAb_Nup120_2-711_3F7F_updated_1.pdb_49": [{"rot": [[0.8885078581268142, -0.4406778797976173, -0.1278936757778758], [0.4562197239692317, 0.8185215319084009, 0.3491218487344516], [-0.049166548672219416, -0.36854512350511437, 0.9283087538272279]], "trans": [104.23757974884069, 91.787188123683, 293.1504721151251]}]}
