{"rb_ScNup133N_56-480_renamed_1.pdb_0": [{"rot": [[-0.7086938480499277, -0.3670587494161221, 0.6025121610500979], [0.3671398915973207, -0.9211316145834374, -0.12932458626579071], [0.6024627206177111, 0.12955471080583228, 0.7875622179700621]], "trans": [937.5103139746222, 196.29238970581764, -303.1055430743739]}], "rb_ScNup133N_56-480_renamed_1.pdb_1": [{"rot": [[-0.23168293168371396, -0.9070504512930835, 0.3515430243589732], [0.7937677361224615, -0.38518002100882826, -0.47071130484264057], [0.5623662509943694, 0.16998773551245616, 0.8092270197650877]], "trans": [481.3165572533672, -400.7067489649294, -263.7981548845494]}], "rb_ScNup133N_56-480_renamed_1.pdb_2": [{"rot": [[0.40646569546540906, -0.9112336148918404, -0.06662535178871681], [0.7569466205896757, 0.37668683050245416, -0.5339839373088715], [0.5116810060845436, 0.16661431756354034, 0.8428654798929334]], "trans": [-262.19950807509923, -499.07178129825456, -204.01548997313904]}], "rb_ScNup133N_56-480_renamed_1.pdb_3": [{"rot": [[0.8319155697178423, -0.3771576839936348, -0.4070240364715517], [0.27824687365579825, 0.9181565960124943, -0.2820764834216478], [0.48009911701836294, 0.12141065275875279, 0.8687717141084196]], "trans": [-857.4737740255766, -41.178967611160886, -158.75507147963617]}], "rb_ScNup133N_56-480_renamed_1.pdb_4": [{"rot": [[0.7954321558932836, 0.382308130610739, -0.4702426805808727], [-0.36190244325887355, 0.9220286521618172, 0.13744011843679496], [0.48612169971543173, 0.060857685312411834, 0.8717694851302119]], "trans": [-955.7842688978619, 704.7317423449585, -154.50708582824853]}], "rb_ScNup133N_56-480_renamed_1.pdb_5": [{"rot": [[0.3183879522262944, 0.9222580462580527, -0.21924691101455793], [-0.7884928342003565, 0.38603469386215766, 0.47880712771369494], [0.526220640313391, 0.020428197351424954, 0.8501026564251726]], "trans": [-499.53740527852875, 1301.6954541319778, -193.73605800897013]}], "rb_ScNup133N_56-480_renamed_1.pdb_6": [{"rot": [[-0.31975782045173123, 0.9263817890682999, 0.19892641137509479], [-0.751621633230618, -0.37583246059973135, 0.5420469370998133], [0.5769054140148938, 0.023806352979118484, 0.816463961750999]], "trans": [243.99288438270412, 1400.002524991905, -253.4370980886402]}], "rb_ScNup133N_56-480_renamed_1.pdb_7": [{"rot": [[-0.7451703706506111, 0.39226361235846385, 0.5393054580883808], [-0.27288850976166423, -0.9172602898131974, 0.2901127745754497], [0.6084841657302905, 0.0690131809967952, 0.7905594227534162]], "trans": [839.237985964466, 942.0634034804748, -298.612490102736]}], "rb_ScNup133C_490_881_renamed_relative_3CQC_1.pdb_7": [{"rot": [[0.8625888530891225, 0.33634366234045726, -0.37790661720827473], [-0.2772036993734089, 0.9391024150751545, 0.20308806723613676], [0.42320040120501984, -0.07042439068548129, 0.9032949826144777]], "trans": [109.54696627396225, 110.4318931035472, -190.51841184503314]}], "rb_ScNup133C_490_881_renamed_relative_3CQC_1.pdb_8": [{"rot": [[0.4244660019608205, 0.8991134118886817, -0.10688164361241329], [-0.7795561947377596, 0.42293991156356403, 0.4619674993466415], [0.46056568741644355, -0.11276925010169667, 0.8804330433406734]], "trans": [-163.9664751255944, 128.5849080894765, -168.7647816552563]}], "rb_ScNup133C_490_881_renamed_relative_3CQC_1.pdb_9": [{"rot": [[-0.23955232911759172, 0.9333581990854047, 0.26731470931167867], [-0.8238441860482799, -0.3410973432866069, 0.45269565882308405], [0.5137075420205397, -0.11178136965911997, 0.8506523888571329]], "trans": [-344.643911336785, 335.43629224935023, -155.32886259338778]}], "rb_ScNup133C_490_881_renamed_relative_3CQC_1.pdb_10": [{"rot": [[-0.7404748391419126, 0.4190169447392868, 0.5254729418524919], [-0.38412314353458915, -0.905425552658835, 0.180704120577116], [0.551494717290079, -0.06803946365012684, 0.8313989464675421]], "trans": [-326.64003933597974, 609.809704932977, -158.05760059114215]}], "rb_ScNup133C_490_881_renamed_relative_3CQC_1.pdb_11": [{"rot": [[-0.7848540587325031, -0.34260199214202974, 0.5163603213565391], [0.2820121460320925, -0.9394532944751164, -0.1946706372060855], [0.5517909531529939, -0.007168157375660289, 0.8339516541972607]], "trans": [-120.49986785658194, 790.9734491203492, -175.3284575530427]}], "rb_ScNup133C_490_881_renamed_relative_3CQC_1.pdb_12": [{"rot": [[-0.3466920153062002, -0.9053314995064599, 0.24531514939829882], [0.7843302375160206, -0.42324663778831484, -0.45352878863303614], [0.5144227104638632, 0.035173279663278795, 0.8568150998650412]], "trans": [153.0186974116234, 772.7993658528901, -196.9999170505385]}], "rb_ScNup133C_490_881_renamed_relative_3CQC_1.pdb_13": [{"rot": [[0.31732978801305634, -0.9395166974538667, -0.12888049055216746], [0.8285661102408199, 0.34079327940058257, -0.4442275786978933], [0.46128083268220155, 0.034180636635017664, 0.8865955546241131]], "trans": [333.686537662015, 565.9342061584312, -210.35252764123072]}], "rb_ScNup133C_490_881_renamed_relative_3CQC_1.pdb_14": [{"rot": [[0.8182180161334192, -0.4251314150153682, -0.38701751645335336], [0.38880576623849783, 0.9050811006394874, -0.1722157873277237], [0.42349658111298305, -0.009564582178221578, 0.9058472081722002]], "trans": [315.6677979986297, 291.5626141799178, -207.54013686809617]}], "rb_ScNup84_506-726_ScNup133C_882_1155_renamed_relative_3CQC_new_1.pdb_14": [{"rot": [[0.976880010362747, 0.1719391475518312, 0.12705264614649084], [-0.19527545821857045, 0.9595287325541163, 0.20290910975265444], [-0.08702264516321678, -0.2230281169320071, 0.9709199340247147]], "trans": [-74.14585325742962, 69.67129176566036, 125.13230741425951]}], "rb_ScNup84_506-726_ScNup133C_882_1155_renamed_relative_3CQC_new_1.pdb_15": [{"rot": [[0.5531637600111556, 0.793943659902617, 0.2523159121235799], [-0.8315614411665758, 0.5444598803603031, 0.10985903805790158], [-0.05015400457873394, -0.27058622207806127, 0.9613884086290172]], "trans": [-316.68973146027645, 247.40437265501834, 143.64103927741508]}], "rb_ScNup84_506-726_ScNup133C_882_1155_renamed_relative_3CQC_new_1.pdb_16": [{"rot": [[-0.19507266635184495, 0.9413493760217759, 0.27533253913366423], [-0.9807356386314476, -0.19014087076384023, -0.04476668832213168], [0.010210874621894073, -0.2787611908580131, 0.960306168110397]], "trans": [-362.9733975588114, 545.0816623732986, 145.92303177104043]}], "rb_ScNup84_506-726_ScNup133C_882_1155_renamed_relative_3CQC_new_1.pdb_17": [{"rot": [[-0.8295018200291981, 0.5278039489861072, 0.1826190625397956], [-0.5554097023820793, -0.8139340429392004, -0.17038613865128], [0.05870939505814267, -0.24276401129350683, 0.9683072042242524]], "trans": [-185.88131401355656, 788.3197241489271, 130.66546641746226]}], "rb_ScNup84_506-726_ScNup133C_882_1155_renamed_relative_3CQC_new_1.pdb_18": [{"rot": [[-0.9784661573456435, -0.2044318790563726, 0.028488344190682278], [0.19525443703094736, -0.9614928004217236, -0.19340966769247864], [0.0669304396293192, -0.1836823387336623, 0.9807043972004784]], "trans": [110.8453929755633, 834.626388532249, 106.83044503366466]}], "rb_ScNup84_506-726_ScNup133C_882_1155_renamed_relative_3CQC_new_1.pdb_19": [{"rot": [[-0.5547002691040508, -0.8264040355132037, -0.09676766786163649], [0.831507142375116, -0.546375142499667, -0.10034976750163399], [0.03005800450890008, -0.13612705001561937, 0.99023529659318]], "trans": [353.38194794701684, 656.874675398726, 88.40486412126432]}], "rb_ScNup84_506-726_ScNup133C_882_1155_renamed_relative_3CQC_new_1.pdb_20": [{"rot": [[0.1935478122646298, -0.9737524613245685, -0.11977223564714246], [0.9806226076966673, 0.18823715365725102, 0.05427776024486442], [-0.03030751790823799, -0.12795670379997853, 0.9913165671524312]], "trans": [399.6489305723659, 359.19416139631085, 86.20669368062283]}], "rb_ScNup84_506-726_ScNup133C_882_1155_renamed_relative_3CQC_new_1.pdb_21": [{"rot": [[0.8279438103966789, -0.5601583710373659, -0.027048958992680446], [0.5552468908821757, 0.8119978469269332, 0.17988992954497668], [-0.07880315343626942, -0.16395760410174381, 0.9833147853387084]], "trans": [222.54440340448934, 115.97040571804484, 101.54765785125767]}], "rb_4XMM.renamed.noAb_Nup145c_149-550_Sec13_Nup84_7-436_3IKO_updated_1.pdb_21": [{"rot": [[0.9975151137394884, -0.03163358836341004, 0.06295167947363403], [0.03187337522924537, 0.9994879698233392, -0.0028082254034893436], [-0.06283061206762636, 0.004807729783942111, 0.9980126251313324]], "trans": [-5.613867279669989, -16.68162586303174, 31.974380985613095]}], "rb_4XMM.renamed.noAb_Nup145c_149-550_Sec13_Nup84_7-436_3IKO_updated_1.pdb_22": [{"rot": [[0.7284086798160287, 0.6822973321845788, 0.06237904826524227], [-0.6840939729072549, 0.7293089157740344, 0.011132906380221394], [-0.03789764373465427, -0.05078243659287549, 0.9979904371951931]], "trans": [-330.8240800659854, 132.67955184750844, 57.21017429443788]}], "rb_4XMM.renamed.noAb_Nup145c_149-550_Sec13_Nup84_7-436_3IKO_updated_1.pdb_23": [{"rot": [[0.03337115524488926, 0.9968605631059485, 0.07180100084061165], [-0.9992617526718476, 0.0319106639207441, 0.02139297023149389], [0.01903459074447796, -0.07246190207432684, 0.9971895291783612]], "trans": [-455.58229493120535, 468.942794716363, 65.55933535955364]}], "rb_4XMM.renamed.noAb_Nup145c_149-550_Sec13_Nup84_7-436_3IKO_updated_1.pdb_24": [{"rot": [[-0.6804346780510602, 0.7277805283854047, 0.08569802453155945], [-0.7290002348127392, -0.6841610564855235, 0.021961476079352463], [0.07461438566738857, -0.04753053010091446, 0.9960790842898996]], "trans": [-306.8014771771904, 795.1204705544119, 52.15481280703125]}], "rb_4XMM.renamed.noAb_Nup145c_149-550_Sec13_Nup84_7-436_3IKO_updated_1.pdb_25": [{"rot": [[-0.9948512982648029, 0.032688106390731754, 0.09592904691189441], [-0.03163242717919771, -0.9994213350195191, 0.012505385182189046], [0.09628231349312807, 0.00940653009299186, 0.9953096168027418]], "trans": [28.36238568549095, 920.1332145456762, 24.873169853092747]}], "rb_4XMM.renamed.noAb_Nup145c_149-550_Sec13_Nup84_7-436_3IKO_updated_1.pdb_26": [{"rot": [[-0.7256890160007837, -0.6812217612704409, 0.09650059081380075], [0.6843137756309606, -0.729186255346101, -0.0014357910815563646], [0.07134499658359594, 0.06499474583325306, 0.9953318916203566]], "trans": [353.5674903206772, 770.7469153755625, -0.27961748749248727]}], "rb_4XMM.renamed.noAb_Nup145c_149-550_Sec13_Nup84_7-436_3IKO_updated_1.pdb_27": [{"rot": [[-0.030626891397445122, -0.9957306079930641, 0.08707783776077269], [0.9994269931700857, -0.031763337452580864, -0.011695115085996376], [0.014411066800564545, 0.08666975654538217, 0.9961328598405101]], "trans": [478.3060143803649, 434.47429023992163, -8.544686835121468]}], "rb_4XMM.renamed.noAb_Nup145c_149-550_Sec13_Nup84_7-436_3IKO_updated_1.pdb_28": [{"rot": [[0.6831578825766206, -0.7265947167922872, 0.07318076935209214], [0.7291094595073909, 0.6842872396958749, -0.012262530172861576], [-0.04116677702065639, 0.06173403533656298, 0.9972433029861846]], "trans": [329.5062849964637, 108.30870118240523, 4.943760872711152]}], "rb_4XMM.renamed.noAb_Seh1_Nup85_47_544_3F3F_1.pdb_28": [{"rot": [[0.6813117224398206, -0.6957554199885281, 0.22746149657176637], [0.2417253693845936, 0.5071607143644687, 0.8272586388797637], [-0.6909292168246777, -0.5086377938788117, 0.5137162757555271]], "trans": [451.1222359847191, -87.15921103866367, 743.7677235445321]}], "rb_4XMM.renamed.noAb_Seh1_Nup85_47_544_3F3F_1.pdb_29": [{"rot": [[0.6397654003343147, -0.1457624698966038, 0.7546214513944798], [-0.34903686834833497, 0.8196594615574209, 0.45423741767161946], [-0.6847433804489509, -0.5539960915467147, 0.4735132875456642]], "trans": [-42.63917831586639, -198.04756730971118, 783.7043281633909]}], "rb_4XMM.renamed.noAb_Seh1_Nup85_47_544_3F3F_1.pdb_30": [{"rot": [[0.19395249498382341, 0.4635623347940996, 0.864576423140134], [-0.7371281052443588, 0.6503995000450302, -0.18336479160414468], [-0.6473210842761161, -0.6017395218044208, 0.467851431279392]], "trans": [-470.07302822620437, 73.82882801410503, 816.4918839375907]}], "rb_4XMM.renamed.noAb_Seh1_Nup85_47_544_3F3F_1.pdb_31": [{"rot": [[-0.3949635076953695, 0.7752679320160225, 0.49291323899502304], [-0.6951990226433469, 0.0985357018467124, -0.7120316245626356], [-0.6005848370585958, -0.623899310024599, 0.5000475021896662]], "trans": [-580.780624312272, 569.201065890099, 822.9469832912554]}], "rb_4XMM.renamed.noAb_Seh1_Nup85_47_544_3F3F_1.pdb_32": [{"rot": [[-0.7819873096181553, 0.6067527878676413, -0.14264256731775052], [-0.24781226833303677, -0.5126423387734034, -0.8220625962544243], [-0.571913391397499, -0.6074939398148551, 0.5512405879726483]], "trans": [-309.90598247048206, 997.8732214171384, 799.3121429072937]}], "rb_4XMM.renamed.noAb_Seh1_Nup85_47_544_3F3F_1.pdb_33": [{"rot": [[-0.7403949105825594, 0.05673544985461057, -0.6697734431232949], [0.3429466888583559, -0.8250979080096807, -0.4490000120257606], [-0.5781028844284801, -0.562133908359777, 0.591441057154158]], "trans": [183.87062611505877, 1108.7232184052707, 759.4569904350664]}], "rb_4XMM.renamed.noAb_Seh1_Nup85_47_544_3F3F_1.pdb_34": [{"rot": [[-0.29455172439645966, -0.5525761701705706, -0.7796786888293736], [0.7310029221068174, -0.6557901277799818, 0.1886108060997669], [-0.6155274238621387, -0.5143917616621929, 0.597098908061051]], "trans": [611.2898152240234, 836.8136824290693, 726.7532410516405]}], "rb_4XMM.renamed.noAb_Seh1_Nup85_47_544_3F3F_1.pdb_35": [{"rot": [[0.29436102408340087, -0.8642387339033083, -0.40797426183740115], [0.6890276183825096, -0.10390188298256614, 0.7172484505516886], [-0.6622631868122313, -0.4922355224218159, 0.5648996918563718]], "trans": [721.9653106050777, 341.43317038303064, 720.38321716988]}], "rb_4XMM.renamed.noAb_Nup120_715-1036_Nup85_553-744_Nup145c_92-99_554-712_remaining_updated_1.pdb_35": [{"rot": [[0.9980475652700305, -0.03068895947296573, 0.05439894507280365], [0.027235450545874722, 0.997633777249457, 0.06312746410673604], [-0.056207541238969476, -0.06152263207512095, 0.9965217900529932]], "trans": [0.015739396189474064, -32.763552371641936, 65.27285249237298]}], "rb_4XMM.renamed.noAb_Nup120_715-1036_Nup85_553-744_Nup145c_92-99_554-712_remaining_updated_1.pdb_36": [{"rot": [[0.725647399799118, 0.6803485467686139, 0.10277016140211673], [-0.6873672181133785, 0.723511504073425, 0.06369780951091127], [-0.031018681916821604, -0.116862989792528, 0.9926635295954502]], "trans": [-337.51232897623584, 119.25844409650531, 91.47750902432628]}], "rb_4XMM.renamed.noAb_Nup120_715-1036_Nup85_553-744_Nup145c_92-99_554-712_remaining_updated_1.pdb_37": [{"rot": [[0.029241954143361504, 0.9900855245294381, 0.1373883628083092], [-0.9992339910447677, 0.02537856532267746, 0.02978858108252938], [0.026006523385977358, -0.1381541984140643, 0.9900692289945914]], "trans": [-469.10818612148904, 466.14013711914515, 100.32000874401314]}], "rb_4XMM.renamed.noAb_Nup120_715-1036_Nup85_553-744_Nup145c_92-99_554-712_remaining_updated_1.pdb_38": [{"rot": [[-0.6832046423153131, 0.7170736849458298, 0.13797371879099374], [-0.7256689153435866, -0.6877889198081608, -0.018735717044942632], [0.08146190534765302, -0.11292356772319227, 0.9902586661220381]], "trans": [-317.6792100830315, 804.6734566869227, 86.6442955375818]}], "rb_4XMM.renamed.noAb_Nup120_715-1036_Nup85_553-744_Nup145c_92-99_554-712_remaining_updated_1.pdb_39": [{"rot": [[-0.9943311278744041, 0.021247213112805242, 0.10418331956199436], [-0.026930269623155003, -0.9982073828679051, -0.05344886683582812], [0.1028609192941701, -0.05595155693051757, 0.9931208660374686]], "trans": [28.067283166509924, 936.5409276724081, 58.48579993010213]}], "rb_4XMM.renamed.noAb_Nup120_715-1036_Nup85_553-744_Nup145c_92-99_554-712_remaining_updated_1.pdb_40": [{"rot": [[-0.7218752204099499, -0.6897689326165973, 0.055812057434288034], [0.687650995238594, -0.7240293112958278, -0.05401541568721431], [0.07766772112956229, -0.000613173263741159, 0.9969791116734047]], "trans": [365.5900361952627, 784.4928430361416, 32.3641705844106]}], "rb_4XMM.renamed.noAb_Nup120_715-1036_Nup85_553-744_Nup145c_92-99_554-712_remaining_updated_1.pdb_41": [{"rot": [[-0.025445432142923274, -0.999451468746439, 0.021196499797081103], [0.9994630986898131, -0.025872085329661454, -0.020103471293620355], [0.02064084156275095, 0.020673577853929634, 0.9995731883350518]], "trans": [497.16537454743013, 437.6012314312221, 23.60583118737344]}], "rb_4XMM.renamed.noAb_Nup120_715-1036_Nup85_553-744_Nup145c_92-99_554-712_remaining_updated_1.pdb_42": [{"rot": [[0.6869798472998379, -0.7263839990880993, 0.02061492839361208], [0.7258421139781198, 0.6872739480427283, 0.028420871160770435], [-0.03481256927702394, -0.004561382525427472, 0.9993834493375358]], "trans": [345.716523143305, 99.08020690271371, 37.365545351547155]}], "rb_4XMM.renamed.noAb_Nup120_2-711_3F7F_updated_1.pdb_42": [{"rot": [[0.9908127340553177, 0.11403658728737315, 0.07270338914848], [-0.13264108338646366, 0.9243054838978251, 0.35786270472692766], [-0.026390699723409964, -0.3642183811894401, 0.9309395800866198]], "trans": [-80.16355865231014, 17.532769949509316, 254.99445696302305]}], "rb_4XMM.renamed.noAb_Nup120_2-711_3F7F_updated_1.pdb_43": [{"rot": [[0.6083964727946168, 0.7252708837761621, 0.3222357476097478], [-0.7935996172550173, 0.5522287226557786, 0.25542726042193753], [0.007306119610181655, -0.4111272102652792, 0.9115487028106232]], "trans": [-355.1458067409088, 222.2582424416833, 275.9573970345821]}], "rb_4XMM.renamed.noAb_Nup120_2-711_3F7F_updated_1.pdb_44": [{"rot": [[-0.12801725255315227, 0.8953629557545448, 0.4265404558904423], [-0.9895092071028351, -0.1443444707535147, 0.006016878061382569], [0.06695604608592298, -0.42129544410706804, 0.9044484709850347]], "trans": [-405.34852248146586, 562.0246003089946, 278.3469788603596]}], "rb_4XMM.renamed.noAb_Nup120_2-711_3F7F_updated_1.pdb_45": [{"rot": [[-0.7870268982457393, 0.5246704691593701, 0.3245143451833461], [-0.6056032528718484, -0.7573516979488643, -0.2442603236815329], [0.11761531171036164, -0.3887663879581896, 0.9137983005265525]], "trans": [-201.3603337956074, 837.7920372023062, 260.7873566148983]}], "rb_4XMM.renamed.noAb_Nup120_2-711_3F7F_updated_1.pdb_46": [{"rot": [[-0.9825753218004224, -0.16964969059784776, 0.07592574970883695], [0.1332207243754759, -0.9276846818373304, -0.3487884311172643], [0.12960700438505593, -0.3325960215703484, 0.934120929457159]], "trans": [137.32151549029402, 888.0122170638348, 233.5892095014493]}], "rb_4XMM.renamed.noAb_Nup120_2-711_3F7F_updated_1.pdb_47": [{"rot": [[-0.6001074994660966, -0.7808549840170779, -0.17359862620492134], [0.7941492213495759, -0.5555599587619775, -0.24633340506364565], [0.09590622145830346, -0.28568973757570815, 0.9535110752002369]], "trans": [412.29433598974634, 683.2655672213408, 212.70960049413208]}], "rb_4XMM.renamed.noAb_Nup120_2-711_3F7F_updated_1.pdb_48": [{"rot": [[0.13632152563749522, -0.9508927322186982, -0.2778838848539488], [0.9900010054312169, 0.14102656154105753, 0.0030851556012460313], [0.03625535674963491, -0.2755258985169331, 0.9606097169784362]], "trans": [462.4770856766652, 343.4956788754996, 210.4041038531064]}], "rb_4XMM.renamed.noAb_Nup120_2-711_3F7F_updated_1.pdb_49": [{"rot": [[0.7953012469554155, -0.5801524247739501, -0.17583825129949848], [0.606043339995218, 0.7540046736083208, 0.2533543412382119], [-0.014401272117419178, -0.3080586246247846, 0.9512583703472388]], "trans": [258.4739155469465, 67.74466016990982, 228.04731691937448]}]}
