{"rb_ScNup133N_56-480_renamed_1.pdb_0": [{"rot": [[-0.6777787880993595, -0.1789611619160411, 0.7131541326587302], [0.18881558779988566, -0.9797640785919675, -0.0664155411377372], [0.710608604089726, 0.08963957176657703, 0.6978539667918766]], "trans": [849.4841112411191, 299.6852466245469, -335.50060238369764]}], "rb_ScNup133N_56-480_renamed_1.pdb_1": [{"rot": [[-0.3333447964319238, -0.8158245305995436, 0.47255854871517755], [0.6521159415702004, -0.5615024941436234, -0.509371915029188], [0.6809009072117407, 0.13836648561890147, 0.7191861165343113]], "trans": [491.16155823964186, -267.4259141310057, -304.13957427831645]}], "rb_ScNup133N_56-480_renamed_1.pdb_2": [{"rot": [[0.23687359296886934, -0.9714903649685648, -0.009867711348848118], [0.7352597663880766, 0.18589514536787977, -0.651794500482788], [0.6350464367941692, 0.14713757406556827, 0.7583314297938137]], "trans": [-162.05587502794322, -414.0909568422477, -251.31926711667285]}], "rb_ScNup133N_56-480_renamed_1.pdb_3": [{"rot": [[0.6988344075127447, -0.5547674243614675, -0.4515125421775738], [0.38954023734727217, 0.8245927644099867, -0.4102501387813634], [0.5999073881556576, 0.11081460982217298, 0.7923580301140499]], "trans": [-727.5022924484119, -54.39131471665172, -207.95855669920138]}], "rb_ScNup133N_56-480_renamed_1.pdb_4": [{"rot": [[0.7819144883924151, 0.1902221168206479, -0.5936541746794172], [-0.18251527079474963, 0.9804322921114025, 0.07376107721489122], [0.5960687114492317, 0.05067609749629231, 0.8013326552523611]], "trans": [-873.9292965631046, 600.956006918833, -199.4347536732874]}], "rb_ScNup133N_56-480_renamed_1.pdb_5": [{"rot": [[0.4374443527994298, 0.8270528810007677, -0.35302403633778046], [-0.6457885753857281, 0.5621207358072979, 0.5166985526172243], [0.6257791576148573, 0.0019520255614509652, 0.7799978432605104]], "trans": [-515.5559704016125, 1168.039423448084, -230.71721713594746]}], "rb_ScNup133N_56-480_renamed_1.pdb_6": [{"rot": [[-0.13278053680692925, 0.9826604272084029, 0.12941334492185502], [-0.728887642442673, -0.18528909662643933, 0.659083268916546], [0.6716339283714201, -0.006814357633506685, 0.7408518278241722]], "trans": [137.67945184602743, 1314.6535903872732, -283.4562340068338]}], "rb_ScNup133N_56-480_renamed_1.pdb_7": [{"rot": [[-0.5947143999243132, 0.5658876608087193, 0.571039348790519], [-0.383131866786781, -0.8239539868714884, 0.41750425168021404], [0.7067706524574577, 0.029512418793028572, 0.706826896744772]], "trans": [703.1043625469576, 954.9099782788486, -326.7325396816568]}], "rb_ScNup133C_490_881_renamed_relative_3CQC_1.pdb_7": [{"rot": [[0.8405421526459189, 0.3206849339386109, -0.4366349307718696], [-0.2708029435552814, 0.9467705127129982, 0.1740441381344497], [0.46920641021533555, -0.02804941001085519, 0.8826429488818699]], "trans": [142.2687740795439, 116.47619222342406, -219.40359653861958]}], "rb_ScNup133C_490_881_renamed_relative_3CQC_1.pdb_8": [{"rot": [[0.41425812969628856, 0.8942559224290111, -0.16940055248190183], [-0.7568425959810113, 0.4418384913036146, 0.48163059756546944], [0.5055486988305464, -0.07130983665095703, 0.8598461608378309]], "trans": [-137.07847398702773, 108.1339202209694, -197.0560637519231]}], "rb_ScNup133C_490_881_renamed_relative_3CQC_1.pdb_9": [{"rot": [[-0.22988699693663422, 0.9440574354974154, 0.23644772598081965], [-0.7979982811653623, -0.32192275062013115, 0.5094747156535815], [0.5570912958363152, -0.07156326652140507, 0.8273620652339597]], "trans": [-340.55890295564353, 300.396155810913, -181.73162187343786]}], "rb_ScNup133C_490_881_renamed_relative_3CQC_1.pdb_10": [{"rot": [[-0.7145439296249975, 0.4409150445870187, 0.5431582606321059], [-0.3701604184321804, -0.8970911085057977, 0.24126501542070486], [0.5936398211560445, -0.028661236830729603, 0.8042203033007517]], "trans": [-348.96889512317637, 580.6330872823232, -182.38354012902448]}], "rb_ScNup133C_490_881_renamed_relative_3CQC_1.pdb_11": [{"rot": [[-0.7557938035372076, -0.32042334339915646, 0.5710556956546954], [0.2760375397155713, -0.9467248484301157, -0.16587747897996796], [0.5937836333232301, 0.032263638509652984, 0.8039776454775239]], "trans": [-157.37984515773212, 784.6780856336943, -198.60591071132666]}], "rb_ScNup133C_490_881_renamed_relative_3CQC_1.pdb_12": [{"rot": [[-0.32947186091226943, -0.8939549659075386, 0.30379732025852113], [0.7620437180037306, -0.4417478257096866, -0.47344295361935196], [0.557438485142583, 0.07552070848460435, 0.826776244138598]], "trans": [121.97459340459125, 792.9988305914951, -220.87143529661967]}], "rb_ScNup133C_490_881_renamed_relative_3CQC_1.pdb_13": [{"rot": [[0.31467649312073687, -0.9436969116768398, -0.10205314090624484], [0.8031488445039795, 0.3220172995698416, -0.5012552167805034], [0.5058958768849154, 0.07576937157811123, 0.8592603587280754]], "trans": [325.44656489566484, 600.7210292321219, -236.1126507377556]}], "rb_ScNup133C_490_881_renamed_relative_3CQC_1.pdb_14": [{"rot": [[0.7993000702774845, -0.44050964751396854, -0.4087427651977802], [0.37527295653018916, 0.8971461479314552, -0.23302145255070955], [0.46935019521834564, 0.032863957443847805, 0.8824003368934251]], "trans": [333.8412328004837, 320.4838455040742, -235.37703322699303]}], "rb_ScNup84_506-726_ScNup133C_882_1155_renamed_relative_3CQC_new_1.pdb_14": [{"rot": [[0.9863051525066245, 0.14762007653246587, 0.0735558233142436], [-0.16285566638371454, 0.9422007919556924, 0.29280659071268467], [-0.026080223649416336, -0.3007756317300627, 0.9533382617370297]], "trans": [-58.89075029714263, 31.947740258540477, 119.09351189751675]}], "rb_ScNup84_506-726_ScNup133C_882_1155_renamed_relative_3CQC_new_1.pdb_15": [{"rot": [[0.5839060285185469, 0.762949838051086, 0.27741898723325065], [-0.8117696801496956, 0.5448683093458146, 0.21011547268180264], [0.009150751300399246, -0.3478880137177165, 0.9374914365807203]], "trans": [-332.5888421472449, 209.6309801071815, 140.08566999661593]}], "rb_ScNup84_506-726_ScNup133C_882_1155_renamed_relative_3CQC_new_1.pdb_16": [{"rot": [[-0.15815279720951325, 0.9181363112211168, 0.3633364924585606], [-0.9849910254389999, -0.17246126098233205, 0.0070564342988707895], [0.06914023820784024, -0.35676718946347497, 0.9316312575171031]], "trans": [-400.94508192561216, 529.3724355734513, 144.01963070155134]}], "rb_ScNup84_506-726_ScNup133C_882_1155_renamed_relative_3CQC_new_1.pdb_17": [{"rot": [[-0.8051628015366163, 0.5222690719302828, 0.28097665299236313], [-0.5810441957601843, -0.7895661423835788, -0.1974156766189483], [0.1187455497907625, -0.3222116126190947, 0.9391907000701691]], "trans": [-223.91350720783146, 803.8631704858667, 128.61482926371258]}], "rb_ScNup84_506-726_ScNup133C_882_1155_renamed_relative_3CQC_new_1.pdb_18": [{"rot": [[-0.9780964010868837, -0.19274726931677125, 0.07858702406769333], [0.1634330604106021, -0.9449375941542468, -0.2835182144392322], [0.1289071950889967, -0.2644644273336473, 0.9557413362041925]], "trans": [94.8002027304808, 872.302758808552, 102.91962047427234]}], "rb_ScNup84_506-726_ScNup133C_882_1155_renamed_relative_3CQC_new_1.pdb_19": [{"rot": [[-0.5756466548800157, -0.8080460580871097, -0.1252696959976094], [0.8123154692792008, -0.5475568291096095, -0.2008110984610754], [0.09367233900763862, -0.2173547489826602, 0.971587569907893]], "trans": [368.4909760834152, 694.5984414990619, 82.01062484571509]}], "rb_ScNup84_506-726_ScNup133C_882_1155_renamed_relative_3CQC_new_1.pdb_20": [{"rot": [[0.16642570121458333, -0.9631765882061468, -0.21117136620953794], [0.9854785664884219, 0.16978489751839798, 0.002254676605182443], [0.03368205705061861, -0.20848009139060644, 0.9774464540457473]], "trans": [436.82881212018253, 374.8520300633496, 78.16063173527476]}], "rb_ScNup84_506-726_ScNup133C_882_1155_renamed_relative_3CQC_new_1.pdb_21": [{"rot": [[0.8134042177764756, -0.5672612077896759, -0.12879557694439453], [0.581480968093433, 0.7868586877527429, 0.2067203164982992], [-0.015920497748665538, -0.24303935410758315, 0.9698857716795338]], "trans": [259.7823562662201, 100.37559754003632, 93.64902629313661]}], "rb_4XMM.renamed.noAb_Nup145c_149-550_Sec13_Nup84_7-436_3IKO_updated_1.pdb_21": [{"rot": [[0.9948167557688132, -0.0408245586059902, -0.09312882398183481], [0.040591969950767096, 0.9991661571074264, -0.004391180558090576], [0.09323043718190707, 0.0005881375721738375, 0.9956443841437899]], "trans": [48.68432186100341, -20.09518834884551, -47.582300165546656]}], "rb_4XMM.renamed.noAb_Nup145c_149-550_Sec13_Nup84_7-436_3IKO_updated_1.pdb_22": [{"rot": [[0.7357273927928331, 0.6754711753581772, -0.04943576392150563], [-0.6670383677847025, 0.7353157811868015, 0.11987709472940947], [0.11732441944190598, -0.05522131108445689, 0.991557152868524]], "trans": [-296.3090956573328, 87.41602205298825, -20.566043088508025]}], "rb_4XMM.renamed.noAb_Nup145c_149-550_Sec13_Nup84_7-436_3IKO_updated_1.pdb_23": [{"rot": [[0.05365231080033217, 0.9961682394264901, 0.06906712896676037], [-0.9834190436967976, 0.04071327102789901, 0.1767184598639442], [0.17322936829608362, -0.07740328365215125, 0.9818351784488086]], "trans": [-464.56105118987887, 408.1322014462719, -8.674517772121362]}], "rb_4XMM.renamed.noAb_Nup145c_149-550_Sec13_Nup84_7-436_3IKO_updated_1.pdb_24": [{"rot": [[-0.6518392899188259, 0.7333977716391272, 0.1929591891382272], [-0.7232097968686825, -0.6777334290228021, 0.13283444168645475], [0.2281953764458838, -0.05296326783494066, 0.9721737305795526]], "trans": [-357.5052634938326, 754.1734066394694, -18.84994251604627]}], "rb_4XMM.renamed.noAb_Nup145c_149-550_Sec13_Nup84_7-436_3IKO_updated_1.pdb_25": [{"rot": [[-0.9674604822317888, 0.04109441708952221, 0.24966270086640124], [-0.038844873042647825, -0.9991481119771313, 0.013932916809970825], [0.2500225812964388, 0.003781430497229855, 0.9682326216489813]], "trans": [-37.85460914888063, 922.8239372445925, -45.10740513061637]}], "rb_4XMM.renamed.noAb_Nup145c_149-550_Sec13_Nup84_7-436_3IKO_updated_1.pdb_26": [{"rot": [[-0.708315921422811, -0.6751807576498676, 0.20595994746140275], [0.6687651058585897, -0.7352415246134124, -0.11033192498136257], [0.22592429848270493, 0.05958896696112834, 0.9723206088382588]], "trans": [307.1369647947417, 815.2860512558573, -72.04090888480687]}], "rb_4XMM.renamed.noAb_Nup145c_149-550_Sec13_Nup84_7-436_3IKO_updated_1.pdb_27": [{"rot": [[-0.026216145152099246, -0.9958236557367439, 0.08745261807670285], [0.9850922368939827, -0.04061386689219404, -0.1671639872319131], [0.1700176418627553, 0.08176649980993893, 0.9820428916112869]], "trans": [475.3704432789316, 494.5570753648373, -83.84842261582355]}], "rb_4XMM.renamed.noAb_Nup145c_149-550_Sec13_Nup84_7-436_3IKO_updated_1.pdb_28": [{"rot": [[0.6792551800341176, -0.7329971464069513, -0.0364360227807969], [0.7248276264904503, 0.67781218504346, -0.12327024654323052], [0.11505351916841468, 0.05732211759761518, 0.9917040196354385]], "trans": [368.2941958548682, 148.5246827222319, -73.58893339290643]}], "rb_4XMM.renamed.noAb_Seh1_Nup85_47_544_3F3F_1.pdb_28": [{"rot": [[0.6675648290345604, -0.7200249687326661, 0.18952900421197194], [0.27654242577252225, 0.47612489089735754, 0.8347630651962441], [-0.69128972636942, -0.5048456523230669, 0.5169616828611091]], "trans": [482.1937468177372, -89.82978309304508, 739.1568877903118]}], "rb_4XMM.renamed.noAb_Seh1_Nup85_47_544_3F3F_1.pdb_29": [{"rot": [[0.6545581872277162, -0.18477314004228373, 0.7330842149794803], [-0.31475018417832307, 0.8150367616842809, 0.4864641802465139], [-0.6873760987209825, -0.5491575036563878, 0.475331605392495]], "trans": [-22.58515598818167, -222.09958773199946, 780.0756853064872]}], "rb_4XMM.renamed.noAb_Seh1_Nup85_47_544_3F3F_1.pdb_30": [{"rot": [[0.2285594342270895, 0.432742730081211, 0.8720632514833156], [-0.7234610608572936, 0.6749028002629259, -0.1452938526590167], [-0.6514327888961621, -0.5976955242923615, 0.46732791676920715]], "trans": [-472.884049143323, 42.479290510370774, 814.7212324750292]}], "rb_4XMM.renamed.noAb_Seh1_Nup85_47_544_3F3F_1.pdb_31": [{"rot": [[-0.3608753538771349, 0.7707731379457066, 0.5250502345351168], [-0.7101616098824874, 0.13781545712277915, -0.6904182700560239], [-0.6045158945910075, -0.6220254573563432, 0.49763929063877754]], "trans": [-604.909578483748, 548.9129309926813, 822.8216841635773]}], "rb_4XMM.renamed.noAb_Seh1_Nup85_47_544_3F3F_1.pdb_32": [{"rot": [[-0.7684469671829905, 0.63129510439543, -0.10466971765332234], [-0.2826428371572046, -0.48159192919312344, -0.8295675019790558], [-0.5741099940176874, -0.6078944850073966, 0.5485088967980395]], "trans": [-341.31741402260786, 1000.525483201243, 799.6556864577976]}], "rb_4XMM.renamed.noAb_Seh1_Nup85_47_544_3F3F_1.pdb_33": [{"rot": [[-0.7553942078561594, 0.09601682812440714, -0.6481977780386883], [0.30864873224138833, -0.8204617781367793, -0.4812259663634302], [-0.578027292455251, -0.5635807300942444, 0.5901366026974512]], "trans": [163.478350988506, 1132.756063110474, 758.8182123554902]}], "rb_4XMM.renamed.noAb_Seh1_Nup85_47_544_3F3F_1.pdb_34": [{"rot": [[-0.329363566354206, -0.5214881292041017, -0.7871275451015826], [0.7173261597484676, -0.6802793541321247, 0.15054295361156703], [-0.6139729812450657, -0.5150438150689557, 0.5981363112704836]], "trans": [613.7631531250604, 868.1422493535498, 724.2564348953582]}], "rb_4XMM.renamed.noAb_Seh1_Nup85_47_544_3F3F_1.pdb_35": [{"rot": [[0.26007020049898055, -0.8594766567671577, -0.44007200238684574], [0.703980445978658, -0.14316549773326454, 0.6956401166828111], [-0.6608895690598456, -0.490717349123846, 0.5678216804391636]], "trans": [745.7557196190155, 361.69866187922975, 716.2411355357954]}], "rb_4XMM.renamed.noAb_Nup120_715-1036_Nup85_553-744_Nup145c_92-99_554-712_remaining_updated_1.pdb_35": [{"rot": [[0.999018471785511, -0.04416559997440937, 0.003390104754224158], [0.0442943916722493, 0.9966090787460794, -0.06934227445994508], [-0.0003160660208464034, 0.0694243756888993, 0.9975871672001796]], "trans": [20.69526573277051, -1.6754912350894529, -34.81764216960181]}], "rb_4XMM.renamed.noAb_Nup120_715-1036_Nup85_553-744_Nup145c_92-99_554-712_remaining_updated_1.pdb_36": [{"rot": [[0.7394670125116651, 0.6726606816517294, -0.02676088128043072], [-0.672769802285922, 0.7398272252473508, 0.006039032618643862], [0.02386064834064882, 0.01353824739906332, 0.9996236218287999]], "trans": [-302.91367320932034, 120.90149666965047, -9.579162570272274]}], "rb_4XMM.renamed.noAb_Nup120_715-1036_Nup85_553-744_Nup145c_92-99_554-712_remaining_updated_1.pdb_37": [{"rot": [[0.0504151956275557, 0.998715592476913, 0.005047117328265002], [-0.9954907223363242, 0.04984453864132188, 0.0807077673457669], [0.0803525344475204, -0.009093256354230791, 0.9967250287299588]], "trans": [-445.4192010943569, 437.097277940792, 0.2822069111820156]}], "rb_4XMM.renamed.noAb_Nup120_715-1036_Nup85_553-744_Nup145c_92-99_554-712_remaining_updated_1.pdb_38": [{"rot": [[-0.6644807089054876, 0.7429915683655063, 0.08018052650255697], [-0.7348139031484594, -0.669137394502314, 0.11092193208911572], [0.13606584888276888, 0.014787718431899577, 0.990589424611121]], "trans": [-323.3376570200778, 761.680022344364, -10.986458111598154]}], "rb_4XMM.renamed.noAb_Nup120_715-1036_Nup85_553-744_Nup145c_92-99_554-712_remaining_updated_1.pdb_39": [{"rot": [[-0.9864246001797541, 0.05529534835071147, 0.1546251357670756], [-0.04344750094572937, -0.9959288201027577, 0.07898164312231369], [0.15836294649249216, 0.07119136000599473, 0.9848111328771186]], "trans": [-8.184217515703722, 904.5046983872371, -36.75980987890466]}], "rb_4XMM.renamed.noAb_Nup120_715-1036_Nup85_553-744_Nup145c_92-99_554-712_remaining_updated_1.pdb_40": [{"rot": [[-0.7268172072779122, -0.6615109253661023, 0.18477024334567516], [0.6735962975952355, -0.739090713284169, 0.0035979720801879375], [0.13418187310783797, 0.12707561984260354, 0.9827751582996441]], "trans": [315.42170223287, 781.9027138107439, -61.9154506200029]}], "rb_4XMM.renamed.noAb_Nup120_715-1036_Nup85_553-744_Nup145c_92-99_554-712_remaining_updated_1.pdb_41": [{"rot": [[-0.03774020142610035, -0.9875120306731666, 0.15295642017279534], [0.996263124971579, -0.04908245843818293, -0.0710682636310227], [0.07768824247067163, 0.1497027105613769, 0.9856742034934237]], "trans": [457.90910493272423, 465.69615666295584, -71.69284639303658]}], "rb_4XMM.renamed.noAb_Nup120_715-1036_Nup85_553-744_Nup145c_92-99_554-712_remaining_updated_1.pdb_42": [{"rot": [[0.6771353913619071, -0.7317319234660181, 0.07782065243801575], [0.7355302041039727, 0.6698793796300282, -0.10127653033776736], [0.021976819968437013, 0.1258173633772782, 0.9918099669074036]], "trans": [335.80877434917033, 141.12340342868288, -60.34025599169553]}], "rb_4XMM.renamed.noAb_Nup120_2-711_3F7F_updated_1.pdb_42": [{"rot": [[-0.6547905888792556, 0.7493043849228256, 0.09895566406518841], [0.36895872893154397, 0.20262664032454542, 0.9070897976363781], [0.6596353091370836, 0.6304644187947581, -0.4091404105846926]], "trans": [520.8853782518739, -14.147421115148632, -343.92593941314135]}], "rb_4XMM.renamed.noAb_Nup120_2-711_3F7F_updated_1.pdb_43": [{"rot": [[-0.19105613895599238, 0.6865267083027758, 0.7015544387673581], [0.7603578567296952, -0.34849120464072525, 0.5480965334660303], [0.6207684604396809, 0.6381496368995366, -0.4554245924940119]], "trans": [36.78876734618882, -258.2377108605665, -304.11158916469117]}], "rb_4XMM.renamed.noAb_Nup120_2-711_3F7F_updated_1.pdb_44": [{"rot": [[0.41286867118239046, 0.253640531244427, 0.8747605050904679], [0.7080541206185427, -0.6935004424377508, -0.13310333810143382], [0.5728863959208559, 0.6743319785155434, -0.46591582943716714]], "trans": [-477.70169784524177, -87.36682766529962, -263.893642582935]}], "rb_4XMM.renamed.noAb_Nup120_2-711_3F7F_updated_1.pdb_45": [{"rot": [[0.8031961724170054, -0.29576332003634337, 0.5171073071769047], [0.24268778669467878, -0.6302897969347803, -0.7374533273836044], [0.5440391041128462, 0.7178153177531048, -0.43446820688641735]], "trans": [-721.1883351584551, 398.3667726105909, -246.808334947326]}], "rb_4XMM.renamed.noAb_Nup120_2-711_3F7F_updated_1.pdb_46": [{"rot": [[0.7512670109068472, -0.6398363228649571, -0.16188686872547497], [-0.36312298496398837, -0.19588895553755578, -0.910916689324137], [0.5511257353035982, 0.7431265013717744, -0.3795041855434697]], "trans": [-551.0313259545205, 914.4136148769038, -262.8404754724551]}], "rb_4XMM.renamed.noAb_Nup120_2-711_3F7F_updated_1.pdb_47": [{"rot": [[0.28750202166574457, -0.5770156607550723, -0.7644576605551772], [-0.7544857023879314, 0.35522394381156486, -0.5518761406648647], [0.5899948410200695, 0.7354378811200462, -0.3332224641037237]], "trans": [-66.90913209966959, 1158.4662994687365, -302.57420528433346]}], "rb_4XMM.renamed.noAb_Nup120_2-711_3F7F_updated_1.pdb_48": [{"rot": [[-0.31641872552251654, -0.14410256334199545, -0.9376106022101978], [-0.7021345674958889, 0.7001991939819863, 0.1293373027178747], [0.6378763510791607, 0.6992535591509279, -0.32273552755885476]], "trans": [447.574552462257, 987.5554394045201, -342.70894031238595]}], "rb_4XMM.renamed.noAb_Nup120_2-711_3F7F_updated_1.pdb_49": [{"rot": [[-0.7067099416725175, 0.4052963728350193, -0.5799102590125482], [-0.23673761325862153, 0.6369454292728478, 0.7336592005809209], [0.666720601758964, 0.6557708214728691, -0.35418677120265246]], "trans": [691.029844434194, 501.8031431481798, -359.7091819762287]}]}
