{"rb_ScNup133N_56-480_renamed_1.pdb_0": [{"rot": [[0.8694486670775474, -0.2839177849186961, -0.40428913752899204], [0.16142119825265205, 0.9367102962948421, -0.3106718808806266], [0.46690707005972104, 0.2048524157096743, 0.8602518675981801]], "trans": [259.42449570626724, 14.592740170701234, -278.8505164609714]}], "rb_ScNup133N_56-480_renamed_1.pdb_1": [{"rot": [[0.7394192606436991, 0.463139541088691, -0.4886316838573622], [-0.47172168233828654, 0.8742420298974678, 0.11480212355479645], [0.4803517579868539, 0.1456112586337705, 0.8649043588501721]], "trans": [-127.02384574028906, -49.89906743498767, -247.6931693530952]}], "rb_ScNup133N_56-480_renamed_1.pdb_2": [{"rot": [[0.20114256477872866, 0.9475492505827456, -0.2483789168877074], [-0.8270024777785012, 0.3001594541119646, 0.47536428542269105], [0.524984352512009, 0.10979398811994687, 0.8440004204917568]], "trans": [-445.84341995761883, 178.64826255287494, -223.35202753222927]}], "rb_ScNup133N_56-480_renamed_1.pdb_3": [{"rot": [[-0.43005134237825243, 0.8855373055649469, 0.17572570492513395], [-0.6962926886398983, -0.44923176360220035, 0.5597922063743622], [0.5746584504427678, 0.11838286625871539, 0.8097858743588248]], "trans": [-510.2633116739503, 566.3485985052253, -220.06247018594985]}], "rb_ScNup133N_56-480_renamed_1.pdb_4": [{"rot": [[-0.7844001701805939, 0.31343117779514607, 0.535235714248032], [-0.1561639524078986, -0.9349276814919002, 0.3186268198826358], [0.6002742648065107, 0.16634640713320387, 0.7823040840011481]], "trans": [-282.54352666211923, 886.0817338416196, -239.72756148927965]}], "rb_ScNup133N_56-480_renamed_1.pdb_5": [{"rot": [[-0.6543213789832121, -0.43362129638270575, 0.6195450785285017], [0.4769687014176116, -0.8724007825449064, -0.10685379021368535], [0.586825690365975, 0.22558689221321043, 0.7776542697034977]], "trans": [103.9163875082383, 950.5436064399688, -270.80320877775426]}], "rb_ScNup133N_56-480_renamed_1.pdb_6": [{"rot": [[-0.11601695878048951, -0.9179862441553371, 0.3792641834090075], [0.8322072370552295, -0.29828020579364317, -0.46739708324357393], [0.5421910916533255, 0.26140041004802755, 0.7985603582438185]], "trans": [422.7246773706016, 721.9716592149364, -295.06085480197146]}], "rb_ScNup133N_56-480_renamed_1.pdb_7": [{"rot": [[0.5151667709804947, -0.8559158495717775, -0.04484703478882954], [0.7014479114650863, 0.45110611980086734, -0.5517917144896898], [0.49251804594227455, 0.25280689691941827, 0.8327752681793424]], "trans": [487.1208648659742, 334.26667851058136, -298.2660235869496]}], "rb_ScNup133C_490_881_renamed_relative_3CQC_1.pdb_7": [{"rot": [[0.9928473774862148, 0.03215276698742949, -0.11497949640609197], [-0.01677683357909992, 0.9910711476368275, 0.1322744048441789], [0.11820584957524578, -0.1293993040818791, 0.9845218114543326]], "trans": [31.321069137306154, -32.40095431117558, -28.51763176220942]}], "rb_ScNup133C_490_881_renamed_relative_3CQC_1.pdb_8": [{"rot": [[0.6943805447122262, 0.7189312463541565, 0.031201316331389242], [-0.7047773304789234, 0.6706728512682283, 0.23127222274788514], [0.14534295155993837, -0.1825809124399487, 0.9723886243907018]], "trans": [-316.9171829537189, 92.04971920470817, -1.325159764541354]}], "rb_ScNup133C_490_881_renamed_relative_3CQC_1.pdb_9": [{"rot": [[-0.0017118862750974406, 0.9788885398280037, 0.20438761224394247], [-0.9793506487948708, -0.042960627569627485, 0.1975517430545468], [0.20216175738859976, -0.19982895453918287, 0.9587486702871251]], "trans": [-475.52390839515016, 427.04078235280326, 9.728126939816264]}], "rb_ScNup133C_490_881_renamed_relative_3CQC_1.pdb_10": [{"rot": [[-0.6876491545001053, 0.6597379994941532, 0.3031244172592216], [-0.6796478671736714, -0.731772734741473, 0.05086689822728516], [0.2553770094616378, -0.17103928412045652, 0.9515924265808299]], "trans": [-351.5831377293045, 776.3298637621447, -1.8089379507046601]}], "rb_ScNup133C_490_881_renamed_relative_3CQC_1.pdb_11": [{"rot": [[-0.9615995365211056, -0.05155748809720624, 0.2695703188103255], [0.018760899101754658, -0.9922476256153296, -0.1228522613777778], [0.2738144627796127, -0.11307729604941255, 0.9551121217380004]], "trans": [-17.699208637837273, 935.2986113622717, -29.153774249435855]}], "rb_ScNup133C_490_881_renamed_relative_3CQC_1.pdb_12": [{"rot": [[-0.6630790358498105, -0.7383109970486814, 0.12338178088140572], [0.7067379471836586, -0.6717954364213314, -0.2218386026238458], [0.24667319722076292, -0.059897940202100305, 0.9672458687078647]], "trans": [330.53587879333395, 810.8210081448683, -56.26338638920225]}], "rb_ScNup133C_490_881_renamed_relative_3CQC_1.pdb_13": [{"rot": [[0.03303482908147609, -0.9982126385920219, -0.049801889750391876], [0.9812566218292832, 0.041858422034810105, -0.18810453110156072], [0.18985294884130707, -0.04265443306279269, 0.9808855474296432]], "trans": [489.12301357156014, 475.81790600407436, -67.2325764318108]}], "rb_ScNup133C_490_881_renamed_relative_3CQC_1.pdb_14": [{"rot": [[0.7189487409905112, -0.6790083664979933, -0.14852725693920435], [0.6815000127179092, 0.730645456950083, -0.04141194155908556], [0.13663982030743246, -0.07144826424714676, 0.9880408417886487]], "trans": [365.1615294044196, 126.53896251288666, -55.61143328353529]}], "rb_ScNup84_506-726_ScNup133C_882_1155_renamed_relative_3CQC_new_1.pdb_14": [{"rot": [[0.9760519445683079, 0.21662459335339984, -0.019909471587708238], [-0.21581599212455083, 0.975754971641079, 0.036410065380543394], [0.027314081491484, -0.031241332753161752, 0.9991385890256094]], "trans": [-46.06742948688361, 122.0219304016612, -4.7252174028704985]}], "rb_ScNup84_506-726_ScNup133C_882_1155_renamed_relative_3CQC_new_1.pdb_15": [{"rot": [[0.5403561702337585, 0.8408538165860289, 0.03130604451247074], [-0.8389163609034047, 0.5354875170288527, 0.09732655606187351], [0.06507341007582267, -0.07885415803231702, 0.9947600077717844]], "trans": [-262.4442543440217, 257.153159097527, 11.905116408991432]}], "rb_ScNup84_506-726_ScNup133C_882_1155_renamed_relative_3CQC_new_1.pdb_16": [{"rot": [[-0.20705971459486316, 0.9720708882176031, 0.11047381079575491], [-0.9702729737890791, -0.218502209584037, 0.10405354747144782], [0.12528619607280395, -0.08564445508458807, 0.9884171165995018]], "trans": [-320.2479954829317, 506.1568972563157, 15.342150028309106]}], "rb_ScNup84_506-726_ScNup133C_882_1155_renamed_relative_3CQC_new_1.pdb_17": [{"rot": [[-0.8283489460209741, 0.5334069975256364, 0.1712162335078918], [-0.5329352748249041, -0.8445163950926134, 0.05265027319095884], [0.17267894044511364, -0.047634372153566126, 0.9838256705922499]], "trans": [-185.6144929724261, 723.1633609070801, 3.5964255998991916]}], "rb_ScNup84_506-726_ScNup133C_882_1155_renamed_relative_3CQC_new_1.pdb_18": [{"rot": [[-0.9595515320969958, -0.2181623631616583, 0.17794954495595142], [0.21689814547435096, -0.9758271028259373, -0.026770503919915603], [0.17948830530175705, 0.012909248237586846, 0.9836754035604657]], "trans": [62.58796242371932, 781.0472206472443, -16.42724099017505]}], "rb_ScNup84_506-726_ScNup133C_882_1155_renamed_relative_3CQC_new_1.pdb_19": [{"rot": [[-0.5238071479431314, -0.842357265225678, 0.12672927635396902], [0.8399642968461561, -0.5355106687128488, -0.08768297279666801], [0.14172526869766805, 0.06051909959868589, 0.9880543440501335]], "trans": [278.9607860190852, 645.8994120737775, -32.97469861856274]}], "rb_ScNup84_506-726_ScNup133C_882_1155_renamed_relative_3CQC_new_1.pdb_20": [{"rot": [[0.2236190022074691, -0.9735155338892012, 0.04756098325477316], [0.9712622425841742, 0.2184893316814842, -0.09440375030548573], [0.08151194993433807, 0.06730465970349506, 0.9943972469793447]], "trans": [336.75164023395746, 396.8915438282968, -36.32820838621501]}], "rb_ScNup84_506-726_ScNup133C_882_1155_renamed_relative_3CQC_new_1.pdb_21": [{"rot": [[0.8448741408878667, -0.5348028060375477, -0.013177431971194534], [0.5338757947740388, 0.8444690667260558, -0.0429957102187404], [0.03412216015112035, 0.029290851766219643, 0.9989883503772362]], "trans": [202.10774115748313, 179.89605293512648, -24.49923208556703]}], "rb_4XMM.renamed.noAb_Nup145c_149-550_Sec13_Nup84_7-436_3IKO_updated_1.pdb_21": [{"rot": [[0.994933273856451, -0.007211936475337835, 0.10027845504175141], [0.009251497590643015, 0.999759393090145, -0.019888834062258977], [-0.10011089034473318, 0.020715788671963185, 0.9947606072488416]], "trans": [-25.226270620939545, -0.4639097079275416, 45.909722322083155]}], "rb_4XMM.renamed.noAb_Nup145c_149-550_Sec13_Nup84_7-436_3IKO_updated_1.pdb_22": [{"rot": [[0.70989312116094, 0.7001167046644978, 0.07673562652447398], [-0.7004176235504804, 0.7132056310719455, -0.027438666643369553], [-0.07393854981183214, -0.03426846446797308, 0.996673849960322]], "trans": [-333.01932698533756, 158.7718739516651, 69.70921579561374]}], "rb_4XMM.renamed.noAb_Nup145c_149-550_Sec13_Nup84_7-436_3IKO_updated_1.pdb_23": [{"rot": [[0.00802419979390967, 0.9984672810506419, 0.05476039525976954], [-0.9998310314516985, 0.008916774102840197, -0.0160748152658647], [-0.01653846316621289, -0.0546221549459346, 0.9983701214605545]], "trans": [-438.4966870944832, 489.6597363775718, 76.5477271130319]}], "rb_4XMM.renamed.noAb_Nup145c_149-550_Sec13_Nup84_7-436_3IKO_updated_1.pdb_24": [{"rot": [[-0.6995087797560428, 0.713061818292964, 0.04722616157326276], [-0.7135881300354265, -0.7005248349317857, 0.007545615703008815], [0.03846358949389915, -0.02842180389289576, 0.998855721987274]], "trans": [-279.86631282639763, 798.3610190370155, 62.443164822771394]}], "rb_4XMM.renamed.noAb_Nup145c_149-550_Sec13_Nup84_7-436_3IKO_updated_1.pdb_25": [{"rot": [[-0.9982230218535432, 0.011094860691937198, 0.05854658579120429], [-0.009374046976226664, -0.9995182983327611, 0.029585444753608206], [0.05884663019126781, 0.028984053619323408, 0.9978461799049612]], "trans": [49.94579922366091, 904.0342746551883, 35.68218528998142]}], "rb_4XMM.renamed.noAb_Nup145c_149-550_Sec13_Nup84_7-436_3IKO_updated_1.pdb_26": [{"rot": [[-0.7131275116070628, -0.696211450255655, 0.08209000378874243], [0.7002726784512506, -0.7129090294319609, 0.03713342926650276], [0.0326699862845007, 0.083966256837474, 0.995932899199978]], "trans": [357.73297680525235, 744.7747368932396, 11.965752555968379]}], "rb_4XMM.renamed.noAb_Nup145c_149-550_Sec13_Nup84_7-436_3IKO_updated_1.pdb_27": [{"rot": [[-0.011235218765684007, -0.9945071045777288, 0.1040643493407257], [0.9996309884727609, -0.00859677914216539, 0.025767853487457186], [-0.02473169513513882, 0.10431545586729804, 0.9942367066865614]], "trans": [463.19106483114024, 413.87900532678134, 5.211292219205177]}], "rb_4XMM.renamed.noAb_Nup145c_149-550_Sec13_Nup84_7-436_3IKO_updated_1.pdb_28": [{"rot": [[0.6962754548427845, -0.7090463020036879, 0.1115967409845299], [0.7133325641255321, 0.7008224055141345, 0.002146831962454916], [-0.07973169972831803, 0.07811080299341827, 0.9937512558553856]], "trans": [304.5431417159821, 105.1905819324387, 19.39966728404511]}], "rb_4XMM.renamed.noAb_Seh1_Nup85_47_544_3F3F_1.pdb_28": [{"rot": [[0.6981828784591828, -0.68158572037916, 0.21904696757014241], [0.29652769308106935, 0.5538000034442405, 0.7780596914255242], [-0.6516225866730471, -0.47827446300255705, 0.5887627217964353]], "trans": [439.62612138700723, -124.32750419325566, 686.8307036112317]}], "rb_4XMM.renamed.noAb_Seh1_Nup85_47_544_3F3F_1.pdb_29": [{"rot": [[0.6911381958310718, -0.10223650545738681, 0.7154548841228465], [-0.31991230748191424, 0.8444007045219286, 0.4297017171532725], [-0.6480618101577744, -0.5258660924177709, 0.5508908631120109]], "trans": [-78.11810762662776, -219.5067385227094, 728.6024547690347]}], "rb_4XMM.renamed.noAb_Seh1_Nup85_47_544_3F3F_1.pdb_30": [{"rot": [[0.25163050073634996, 0.5124181424136064, 0.8210418615543098], [-0.7506269975653624, 0.6388387644144495, -0.16865391666792764], [-0.6109346950576524, -0.5738577179116893, 0.5453862099173437]], "trans": [-511.4433353173195, 80.48549931477794, 761.7227929816864]}], "rb_4XMM.renamed.noAb_Seh1_Nup85_47_544_3F3F_1.pdb_31": [{"rot": [[-0.36287040197999487, 0.8023048638804565, 0.4739535597087988], [-0.7432976386412607, 0.057535266060119716, -0.6664820429311804], [-0.5619908288906551, -0.5941351685880547, 0.5754734656694791]], "trans": [-606.4996200788859, 599.9096432986325, 766.8133620286333]}], "rb_4XMM.renamed.noAb_Seh1_Nup85_47_544_3F3F_1.pdb_32": [{"rot": [[-0.7923812190439987, 0.5976039301051105, -0.12248080024752936], [-0.30221787251130916, -0.558974004825767, -0.7721479258948922], [-0.5299022185659228, -0.5748196279285982, 0.6235270917185101]], "trans": [-307.5997366651233, 1034.4798227978606, 740.916039686337]}], "rb_4XMM.renamed.noAb_Seh1_Nup85_47_544_3F3F_1.pdb_33": [{"rot": [[-0.7852884577170481, 0.01823203437633228, -0.6188615605277827], [0.3142215546008642, -0.8495292245775393, -0.4237510014299709], [-0.533466824461089, -0.5272264120007526, 0.6613965963687873]], "trans": [210.15846207109433, 1129.618816017464, 699.2258474363458]}], "rb_4XMM.renamed.noAb_Seh1_Nup85_47_544_3F3F_1.pdb_34": [{"rot": [[-0.3457471575924053, -0.59640659764423, -0.7244018727910688], [0.744901734497026, -0.6439190486360103, 0.17461289971539762], [-0.5705964501818221, -0.47923629775939425, 0.6668974898361625]], "trans": [643.466836258752, 829.5929760647737, 666.1894926316022]}], "rb_4XMM.renamed.noAb_Seh1_Nup85_47_544_3F3F_1.pdb_35": [{"rot": [[0.2687531901845822, -0.88624798891422, -0.37727473399515193], [0.7375241452034683, -0.06259281717120868, 0.6724137673192504], [-0.6195400374531942, -0.45896257078772174, 0.6368072711648496]], "trans": [738.4891439899079, 310.16178714359864, 661.1841426305141]}], "rb_4XMM.renamed.noAb_Nup120_715-1036_Nup85_553-744_Nup145c_92-99_554-712_remaining_updated_1.pdb_35": [{"rot": [[0.9955284051447718, -0.07501818409819877, 0.05740615476165915], [0.07374436769056159, 0.9969883917633856, 0.023998227496653], [-0.05903357336152083, -0.019657536561599256, 0.9980624321516681]], "trans": [23.67235440180832, -47.280018206647924, 43.467053749029105]}], "rb_4XMM.renamed.noAb_Nup120_715-1036_Nup85_553-744_Nup145c_92-99_554-712_remaining_updated_1.pdb_36": [{"rot": [[0.7565938984032758, 0.6492943383653602, 0.07734684909953418], [-0.6528681341591753, 0.7567081830130644, 0.03399889940258152], [-0.03645370075114453, -0.076220652895124, 0.9964243773482213]], "trans": [-331.40619780882855, 91.06552982395381, 71.1371348958798]}], "rb_4XMM.renamed.noAb_Nup120_715-1036_Nup85_553-744_Nup145c_92-99_554-712_remaining_updated_1.pdb_37": [{"rot": [[0.07539527932171869, 0.992276665163075, 0.09850163262022672], [-0.9969627217847623, 0.0730787805468755, 0.026922540840411124], [0.019516229849077305, -0.10023228824401698, 0.994772639936307]], "trans": [-485.0571149326651, 440.729962986501, 81.72402011681334]}], "rb_4XMM.renamed.noAb_Nup120_715-1036_Nup85_553-744_Nup145c_92-99_554-712_remaining_updated_1.pdb_38": [{"rot": [[-0.6490116961413948, 0.7530049132060361, 0.10847773485486746], [-0.7569639340214447, -0.6534200724959136, 0.0069145824325169275], [0.07608824391751327, -0.07762608805683824, 0.9940748309813221]], "trans": [-347.26760990136245, 796.8750428610456, 69.04976767551193]}], "rb_4XMM.renamed.noAb_Nup120_715-1036_Nup85_553-744_Nup145c_92-99_554-712_remaining_updated_1.pdb_39": [{"rot": [[-0.9922592076214181, 0.07164784852238008, 0.10143101445136228], [-0.07346644472388174, -0.9971951043690086, -0.014304031673543076], [0.10012165794747514, -0.021645083150659744, 0.9947397368082028]], "trans": [1.2451957449846418, 950.8660768066321, 40.563138260235974]}], "rb_4XMM.renamed.noAb_Nup120_715-1036_Nup85_553-744_Nup145c_92-99_554-712_remaining_updated_1.pdb_40": [{"rot": [[-0.7532680231034423, -0.6526459532615955, 0.08148953958084225], [0.653127279562815, -0.7568580541732014, -0.02430313815198004], [0.07753735912907352, 0.034916264468309935, 0.9963778462083902]], "trans": [356.31949976745074, 812.4930626595371, 12.976005945115276]}], "rb_4XMM.renamed.noAb_Nup120_715-1036_Nup85_553-744_Nup145c_92-99_554-712_remaining_updated_1.pdb_41": [{"rot": [[-0.07204254825379935, -0.995574970518233, 0.06033530739725369], [0.9971683901799865, -0.07320175466560391, -0.017225119440324295], [0.02156554814874143, 0.058923519849877, 0.9980295315979122]], "trans": [509.9496816612523, 462.81697996180793, 2.4733067200996857]}], "rb_4XMM.renamed.noAb_Nup120_715-1036_Nup85_553-744_Nup145c_92-99_554-712_remaining_updated_1.pdb_42": [{"rot": [[0.6523457284813945, -0.7562465496394504, 0.05036076538841651], [0.7571127535484339, 0.6532782943484106, 0.0027836213000724426], [-0.03500469891870783, 0.03631289428921855, 0.9987272123868223]], "trans": [372.1389280266992, 106.68312518571963, 15.231674780449168]}], "rb_4XMM.renamed.noAb_Nup120_2-711_3F7F_updated_1.pdb_42": [{"rot": [[0.9948984626575754, 0.10073775063276855, -0.005380947782939342], [-0.08966584324690247, 0.9074740942994133, 0.41042758768177484], [0.04622862269649071, -0.40785128879643034, 0.9118773166773455]], "trans": [-54.862941078794165, -13.29436754160156, 241.1784436218283]}], "rb_4XMM.renamed.noAb_Nup120_2-711_3F7F_updated_1.pdb_43": [{"rot": [[0.6430257292615864, 0.7031142446550067, 0.30355933599680934], [-0.7619084950182495, 0.5471865716073077, 0.3465289325174254], [0.07754583629461048, -0.45411145638032474, 0.8875637602209259]], "trans": [-359.21507748479235, 181.8336259920144, 264.5290419188459]}], "rb_4XMM.renamed.noAb_Nup120_2-711_3F7F_updated_1.pdb_44": [{"rot": [[-0.07973663447139262, 0.8752507627488219, 0.47705153959585966], [-0.9874601219037634, -0.13477043135031447, 0.08221580434109918], [0.13625188722722062, -0.46451375990518806, 0.8750213655024459]], "trans": [-436.95826279854435, 535.6499721293084, 269.0454098738173]}], "rb_4XMM.renamed.noAb_Nup120_2-711_3F7F_updated_1.pdb_45": [{"rot": [[-0.7499842449172537, 0.5163073054899521, 0.41346148390581733], [-0.6341894005959712, -0.738896886647136, -0.22767343954640462], [0.18795594310267988, -0.4329643832936757, 0.8815976441957564]], "trans": [-242.5475295450782, 840.8841832877528, 252.10580035911892]}], "rb_4XMM.renamed.noAb_Nup120_2-711_3F7F_updated_1.pdb_46": [{"rot": [[-0.9750766013855044, -0.1634419887566091, 0.15004112016969445], [0.0909526992458516, -0.9112869985872598, -0.4016013106374473], [0.20236903896195652, -0.37794539621102186, 0.9034401195167868]], "trans": [110.13048688365086, 918.725871563533, 223.65768037814138]}], "rb_4XMM.renamed.noAb_Nup120_2-711_3F7F_updated_1.pdb_47": [{"rot": [[-0.6231514276548175, -0.7657903989561773, -0.15889418830875954], [0.7631677110307576, -0.5509522088955827, -0.33767840966391394], [0.17104778002603457, -0.33168769705796286, 0.927753161443575]], "trans": [414.4739450429252, 723.5743951920714, 200.39036463541981]}], "rb_4XMM.renamed.noAb_Nup120_2-711_3F7F_updated_1.pdb_48": [{"rot": [[0.09962854735842125, -0.9378737333012622, -0.3323657818350169], [0.9886626026234834, 0.13101828190597592, -0.07335167332900415], [0.11234060140932818, -0.3212896982319188, 0.9402938472015179]], "trans": [492.19606923954655, 369.7523574627669, 195.95817966337887]}], "rb_4XMM.renamed.noAb_Nup120_2-711_3F7F_updated_1.pdb_49": [{"rot": [[0.7698486230938086, -0.5788831481574982, -0.2687515549719272], [0.6353392870510378, 0.7351165445219427, 0.23653256921530977], [0.060638996116722285, -0.3528426940569696, 0.9337156662499424]], "trans": [297.7680565764458, 64.53381376335767, 212.98156681363503]}]}
