{"rb_ScNup133N_56-480_renamed_1.pdb_0": [{"rot": [[-0.7250104230991101, -0.3676191376876826, 0.5824225751148474], [0.2229283228493267, -0.9253712594829482, -0.30657950843871573], [0.6516616064102839, -0.0924348512667317, 0.752856526173521]], "trans": [954.3408382769562, 340.79788371274265, -279.6112332175648]}], "rb_ScNup133N_56-480_renamed_1.pdb_1": [{"rot": [[-0.3439454863389325, -0.9148251549795707, 0.21165169085947644], [0.7061289057265596, -0.4005693406445584, -0.5838888351672695], [0.618937372376626, -0.05137255251770123, 0.7837585022973144]], "trans": [595.5877593222092, -309.03523107626745, -247.81340815977114]}], "rb_ScNup133N_56-480_renamed_1.pdb_2": [{"rot": [[0.2662119407356344, -0.9319708150172353, -0.24609267068702595], [0.7773542616760173, 0.3585342123592556, -0.5168883539238025], [0.5699575023314432, -0.053699334484089506, 0.8199175733036004]], "trans": [-116.24437777225027, -513.8643759684343, -190.03815033618383]}], "rb_ScNup133N_56-480_renamed_1.pdb_3": [{"rot": [[0.7480230341245877, -0.40901194839680577, -0.522657408335221], [0.394879572904988, 0.9072458348187622, -0.1448278913275228], [0.5334150947633706, -0.09805213548236058, 0.8401512455539946]], "trans": [-764.1523569240912, -153.69763299980366, -140.1070155098085]}], "rb_ScNup133N_56-480_renamed_1.pdb_4": [{"rot": [[0.8192360617842616, 0.3476947670954504, -0.4560269992079952], [-0.21723609501134694, 0.9241225214633058, 0.3143342875801459], [0.5307172072737321, -0.15844845931323318, 0.8326063485494379]], "trans": [-968.580635104395, 560.4743582427036, -127.24636158975068]}], "rb_ScNup133N_56-480_renamed_1.pdb_5": [{"rot": [[0.43813342800792965, 0.8948598679594815, -0.08523447646084642], [-0.7004067529766813, 0.3992776712952315, 0.5916145042083689], [0.5634443003941716, -0.1995072878884161, 0.8017027893382473]], "trans": [-609.7703311771545, 1210.2796922593297, -158.9661360764141]}], "rb_ScNup133N_56-480_renamed_1.pdb_6": [{"rot": [[-0.17202957079109726, 0.9119463230812159, 0.3725046719063751], [-0.7715842168486449, -0.35982720214461594, 0.5245780980052788], [0.6124243815227223, -0.19717578049908419, 0.765544308646523]], "trans": [102.08433293103229, 1415.0533589231054, -216.66044292550424]}], "rb_ScNup133N_56-480_renamed_1.pdb_7": [{"rot": [[-0.6538108466180654, 0.38894464613132457, 0.6490403986581589], [-0.38907172468880097, -0.9084977606164578, 0.15249594093797322], [0.6489642285151355, -0.15281976704816244, 0.7453130542980546]], "trans": [749.9707711740886, 1054.8361737888704, -266.5071387939108]}], "rb_ScNup133C_490_881_renamed_relative_3CQC_1.pdb_7": [{"rot": [[0.8182191937107252, 0.18255879646684461, -0.5451510220809936], [-0.2264618814999407, 0.9739229340359238, -0.013752628344013397], [0.528424419639064, 0.1347085906371192, 0.838225046355502]], "trans": [218.95561904113606, 144.21172361322053, -278.72243351283566]}], "rb_ScNup133C_490_881_renamed_relative_3CQC_1.pdb_8": [{"rot": [[0.43086311741380556, 0.8186922408349515, -0.37960504323455313], [-0.7063457158232047, 0.567759000995955, 0.42275932458821486], [0.5616339589008713, 0.08598099548577565, 0.8229061700003308]], "trans": [-64.33135983017814, 70.28287583638343, -255.74177012458006]}], "rb_ScNup133C_490_881_renamed_relative_3CQC_1.pdb_9": [{"rot": [[-0.18140649544270365, 0.9823693066776553, 0.045191024649397615], [-0.7707640781991403, -0.17057000607527678, 0.613863672801472], [0.6107490639935759, 0.07652723910573389, 0.7881174801422868]], "trans": [-316.83016985819575, 218.98190201820125, -236.29830416746512]}], "rb_ScNup133C_490_881_renamed_relative_3CQC_1.pdb_10": [{"rot": [[-0.6599134726459179, 0.5777056609776721, 0.48038565537988265], [-0.38197978364901514, -0.8085405443964438, 0.4476087945411227], [0.64699741383089, 0.11188546528238733, 0.7542386818207395]], "trans": [-390.62153455601896, 503.1989327602753, -231.75828725085273]}], "rb_ScNup133C_490_881_renamed_relative_3CQC_1.pdb_11": [{"rot": [[-0.7243416800018161, -0.15824102685654345, 0.6710356980306906], [0.23225184622115425, -0.9724204772344165, 0.021389141685862617], [0.6491442139763821, 0.17134232657046322, 0.7411164527835074]], "trans": [-242.4755186861569, 756.4357407889446, -244.75732039754604]}], "rb_ScNup133C_490_881_renamed_relative_3CQC_1.pdb_12": [{"rot": [[-0.3369481652035893, -0.7943428102434096, 0.5054556694513773], [0.7121052619674415, -0.5662066292256576, -0.41510980342459125], [0.6159318386349409, 0.22006715528566256, 0.7564379798240302]], "trans": [40.82376613526512, 830.3427501172007, -267.6563818026583]}], "rb_ScNup133C_490_881_renamed_relative_3CQC_1.pdb_13": [{"rot": [[0.27532648853140246, -0.9579622954397544, 0.08064468506210712], [0.7764755667125096, 0.17213519985104503, -0.6061808041094092], [0.5668165655760747, 0.22951625974653683, 0.7912276963684385]], "trans": [293.3175176792061, 681.6243093868997, -287.0168735171223]}], "rb_ScNup133C_490_881_renamed_relative_3CQC_1.pdb_14": [{"rot": [[0.7538031559725832, -0.553248880982818, -0.3545369906470055], [0.387653728315401, 0.8100739559027689, -0.4398917740663153], [0.5305708142830177, 0.1941542213275327, 0.8251052959300146]], "trans": [367.0932494685926, 397.40189490304556, -291.4731416104853]}], "rb_ScNup84_506-726_ScNup133C_882_1155_renamed_relative_3CQC_new_1.pdb_14": [{"rot": [[-0.9172890954952198, 0.3051359831039313, -0.2558764293575273], [0.32655817707691825, 0.20864803911390256, -0.921859942050918], [-0.2279045244609251, -0.9291706127451079, -0.2910352214786363]], "trans": [1078.8868385831506, 322.06563111879973, 785.888848435629]}], "rb_ScNup84_506-726_ScNup133C_882_1155_renamed_relative_3CQC_new_1.pdb_15": [{"rot": [[-0.4245900993762152, 0.34504963861565674, -0.8370567450316011], [0.8642543695931588, -0.12103326267730985, -0.48827792696866334], [-0.2697918311417633, -0.9307479230258257, -0.24682113287213542]], "trans": [691.7414961468303, -348.68443579686704, 820.0514835480525]}], "rb_ScNup84_506-726_ScNup133C_882_1155_renamed_relative_3CQC_new_1.pdb_16": [{"rot": [[0.30294709875839765, 0.14089302069008858, -0.9425349924934829], [0.8948101222005743, -0.38237141367191685, 0.23044944611330942], [-0.3279297189357209, -0.9132038429219186, -0.24191081148096075]], "trans": [-54.91859424099485, -548.15790081229, 880.5766869935339]}], "rb_ScNup84_506-726_ScNup133C_882_1155_renamed_relative_3CQC_new_1.pdb_17": [{"rot": [[0.8391209499668688, -0.18773604528366233, -0.5105205271367138], [0.4003254441856294, -0.42227084014934885, 0.8132815479876199], [-0.36826019342887983, -0.8868159419297847, -0.2791807928115941]], "trans": [-723.6875103845989, -159.50027875039814, 932.0319460895284]}], "rb_ScNup84_506-726_ScNup133C_882_1155_renamed_relative_3CQC_new_1.pdb_18": [{"rot": [[0.8698332521599741, -0.44832201878834294, 0.2059064858287496], [-0.3295235678365614, -0.2173578954972127, 0.9187871154436611], [-0.3671570940034572, -0.8670426245200202, -0.3367977962938134]], "trans": [-922.789078226077, 589.6074321076603, 944.2980494396356]}], "rb_ScNup84_506-726_ScNup133C_882_1155_renamed_relative_3CQC_new_1.pdb_19": [{"rot": [[0.37709230566953195, -0.48820996228268454, 0.7870530005868559], [-0.867181071752329, 0.11232652803475014, 0.48515949943718295], [-0.32526663185656735, -0.8654673788350405, -0.3810089688879857]], "trans": [-535.5848786525216, 1260.3274891176911, 910.2133456504918]}], "rb_ScNup84_506-726_ScNup133C_882_1155_renamed_relative_3CQC_new_1.pdb_20": [{"rot": [[-0.35044729540301167, -0.284032956047699, 0.8924751946264488], [-0.897679720797012, 0.3736486465911447, -0.2335761284258342], [-0.26712883036937474, -0.8830130060080708, -0.38591478231091136]], "trans": [211.0973219859289, 1459.7427425255942, 849.7691396972878]}], "rb_ScNup84_506-726_ScNup133C_882_1155_renamed_relative_3CQC_new_1.pdb_21": [{"rot": [[-0.8865825944409853, 0.044599230768371745, 0.46041526022619833], [-0.40315297632928315, 0.41352227847976303, -0.8163743031708817], [-0.22680163339607778, -0.9094010302478064, -0.3486413418874708]], "trans": [879.8424756755047, 1071.0330419251263, 798.3985045919003]}], "rb_4XMM.renamed.noAb_Nup145c_149-550_Sec13_Nup84_7-436_3IKO_updated_1.pdb_21": [{"rot": [[0.997414841320815, -0.037996096387127205, 0.06099123684852832], [0.039965517034647464, 0.9987075182309888, -0.03140144068434653], [-0.05971927461989507, 0.03375780929265655, 0.9976442344596765]], "trans": [-2.1863791714999934, -13.473555835377738, 18.584900441732202]}], "rb_4XMM.renamed.noAb_Nup145c_149-550_Sec13_Nup84_7-436_3IKO_updated_1.pdb_22": [{"rot": [[0.7341039767353673, 0.677808787180828, 0.040824004724851815], [-0.6781221419757788, 0.7349086243554733, -0.007724921367097508], [-0.03523793273592181, -0.022012766032491533, 0.9991364902895389]], "trans": [-326.39723042747744, 131.761185141628, 43.76111551173807]}], "rb_4XMM.renamed.noAb_Nup145c_149-550_Sec13_Nup84_7-436_3IKO_updated_1.pdb_23": [{"rot": [[0.041671449378991976, 0.9981949295738931, 0.043247807801371205], [-0.9988997145668866, 0.04069068985264729, 0.023315831477940682], [0.021513961626027266, -0.04417182735959539, 0.9987922702558663]], "trans": [-453.3572288780053, 464.39887967115106, 52.30341236680289]}], "rb_4XMM.renamed.noAb_Nup145c_149-550_Sec13_Nup84_7-436_3IKO_updated_1.pdb_24": [{"rot": [[-0.6742460029243095, 0.7354756111336029, 0.06684274806023806], [-0.7344511757510315, -0.6772636307728563, 0.04353670715952956], [0.07729034854701188, -0.01973828412047287, 0.9968132233078874]], "trans": [-308.68950395552315, 789.575792901483, 39.23159796403053]}], "rb_4XMM.renamed.noAb_Nup145c_149-550_Sec13_Nup84_7-436_3IKO_updated_1.pdb_25": [{"rot": [[-0.994253842179186, 0.043555512944670034, 0.09778657680915048], [-0.0396942082909393, -0.9983665733426972, 0.04109203158904724], [0.09941663412166363, 0.03697434954243836, 0.9943587030522898]], "trans": [22.85946460472138, 916.7988208629986, 12.227330394334615]}], "rb_4XMM.renamed.noAb_Nup145c_149-550_Sec13_Nup84_7-436_3IKO_updated_1.pdb_26": [{"rot": [[-0.7308869640395977, -0.6722288154004447, 0.11795196285901026], [0.6783727602020272, -0.7345115065479726, 0.017413930185607836], [0.07493092827972499, 0.09274301318127026, 0.9928666020635382]], "trans": [347.0655295189442, 771.539036726327, -12.865904738597749]}], "rb_4XMM.renamed.noAb_Nup145c_149-550_Sec13_Nup84_7-436_3IKO_updated_1.pdb_27": [{"rot": [[-0.03842939919269717, -0.9925608217981432, 0.11552573872986621], [0.9990959748404324, -0.040268448873473806, -0.013626631387424093], [0.018177302751855952, 0.11489763729823782, 0.993211014139467]], "trans": [474.00611999414224, 438.89178699686653, -21.324131578092704]}], "rb_4XMM.renamed.noAb_Nup145c_149-550_Sec13_Nup84_7-436_3IKO_updated_1.pdb_28": [{"rot": [[0.6774674472225367, -0.7297855002193637, 0.09192922072633111], [0.7345912542917724, 0.6776652276679641, -0.033845654488648236], [-0.037597168401597825, 0.09045973070542136, 0.9951901778297868]], "trans": [329.31956160688276, 113.72663768753603, -8.168396679389161]}], "rb_4XMM.renamed.noAb_Seh1_Nup85_47_544_3F3F_1.pdb_28": [{"rot": [[0.6446473268785368, -0.7408316628743067, 0.18867504135745994], [0.25135894625057165, 0.4384812651252905, 0.862874765115958], [-0.7219754179251201, -0.5088247511835552, 0.46888044157848363]], "trans": [504.22683065168223, -66.33018406088206, 771.2925566217751]}], "rb_4XMM.renamed.noAb_Seh1_Nup85_47_544_3F3F_1.pdb_29": [{"rot": [[0.6199502887713237, -0.22614090902041745, 0.751346743334769], [-0.3181734598969053, 0.8028535741450282, 0.5041743625966891], [-0.7172358669709543, -0.5516216345920134, 0.42577726968504387]], "trans": [10.23728747279256, -219.16016008195575, 811.4514103099493]}], "rb_4XMM.renamed.noAb_Seh1_Nup85_47_544_3F3F_1.pdb_30": [{"rot": [[0.20102076862872645, 0.39477764588837017, 0.8965161799358361], [-0.7032111581824242, 0.6953006486720188, -0.1484960435971123], [-0.6819711999693547, -0.600589392399748, 0.41738191641379474]], "trans": [-446.92230652076563, 23.23290098149299, 846.7517422938623]}], "rb_4XMM.renamed.noAb_Seh1_Nup85_47_544_3F3F_1.pdb_31": [{"rot": [[-0.36672641374348836, 0.7581811574348649, 0.5391410483106995], [-0.6781936359187821, 0.17882850894459962, -0.7127929268643911], [-0.6368399560816624, -0.6270420216376025, 0.4486124980855152]], "trans": [-599.4395018780265, 518.8518430115151, 856.5381252638431]}], "rb_4XMM.renamed.noAb_Seh1_Nup85_47_544_3F3F_1.pdb_32": [{"rot": [[-0.7506969536764052, 0.6511827245656168, -0.11142326044527925], [-0.25777651039508465, -0.44400618332773617, -0.8581432164011208], [-0.6082806543278269, -0.6154831991159694, 0.5011736996057095]], "trans": [-357.9656617269887, 977.3562183350197, 835.1015629892635]}], "rb_4XMM.renamed.noAb_Seh1_Nup85_47_544_3F3F_1.pdb_33": [{"rot": [[-0.7259554948927088, 0.13646353793333527, -0.6740670013060945], [0.3117539383754162, -0.8083380834426936, -0.49939866315760306], [-0.6130237363613993, -0.5726842460474193, 0.5442744280109066]], "trans": [136.04234692998773, 1130.1478157709853, 795.0239008072871]}], "rb_4XMM.renamed.noAb_Seh1_Nup85_47_544_3F3F_1.pdb_34": [{"rot": [[-0.3069959328024574, -0.4844466453922577, -0.8191855375987349], [0.6967587431236336, -0.7007364272331393, 0.15328311527790878], [-0.6482906378496565, -0.5237173926047467, 0.5526656688810715]], "trans": [593.1895804479875, 887.7192799750794, 759.8072032203388]}], "rb_4XMM.renamed.noAb_Seh1_Nup85_47_544_3F3F_1.pdb_35": [{"rot": [[0.2607493137920544, -0.8478098851854449, -0.4617663845916098], [0.6716966606603149, -0.1842357820899825, 0.7175519302848159], [-0.6934215106374662, -0.497268111967303, 0.5214317149979653]], "trans": [745.6746569954378, 392.08878225407756, 750.1059131314753]}], "rb_4XMM.renamed.noAb_Nup120_715-1036_Nup85_553-744_Nup145c_92-99_554-712_remaining_updated_1.pdb_35": [{"rot": [[0.999248675288907, 0.01587254952350524, 0.03535741937681264], [-0.009992477353722341, 0.9869589414353049, -0.16066175125784363], [-0.03744643280339635, 0.16018773390158733, 0.9863760208854301]], "trans": [-19.930342743067285, 57.77054025506004, -59.862286999156424]}], "rb_4XMM.renamed.noAb_Nup120_715-1036_Nup85_553-744_Nup145c_92-99_554-712_remaining_updated_1.pdb_36": [{"rot": [[0.7006245021692045, 0.7102153040217352, -0.06869882745337293], [-0.7134569551631331, 0.6959187860769186, -0.08170811657711008], [-0.010221550249596645, 0.10626036475818201, 0.9942858013629444]], "trans": [-290.30114553978865, 190.1246881844653, -38.9147870034933]}], "rb_4XMM.renamed.noAb_Nup120_715-1036_Nup85_553-744_Nup145c_92-99_554-712_remaining_updated_1.pdb_37": [{"rot": [[-0.006479685063083829, 0.9962176724128262, -0.0866508098857329], [-0.9988489080246576, -0.002329539175925599, 0.04791066880326399], [0.04752759850267498, 0.08686151287882342, 0.9950860289246201]], "trans": [-388.25595352202487, 475.46642452883, -32.454266260013185]}], "rb_4XMM.renamed.noAb_Nup120_715-1036_Nup85_553-744_Nup145c_92-99_554-712_remaining_updated_1.pdb_38": [{"rot": [[-0.7078322833582429, 0.7063354346598828, -0.0079820034884385], [-0.6989817059254794, -0.6987423200887249, 0.1522620927825816], [0.1019707478513404, 0.11335529921825131, 0.9883079189816188]], "trans": [-256.40954567172605, 746.6386536143223, -44.24138401240265]}], "rb_4XMM.renamed.noAb_Nup120_715-1036_Nup85_553-744_Nup145c_92-99_554-712_remaining_updated_1.pdb_39": [{"rot": [[-0.9925710515633328, 0.010385692978131841, 0.12122229572080492], [0.010478216017153118, -0.9853511301825508, 0.17021561983868033], [0.12121433325954556, 0.1702212901764414, 0.9779221839099009]], "trans": [28.002506597316028, 844.7849769094099, -67.34707558176507]}], "rb_4XMM.renamed.noAb_Nup120_715-1036_Nup85_553-744_Nup145c_92-99_554-712_remaining_updated_1.pdb_40": [{"rot": [[-0.6938920044471804, -0.6839343810638991, 0.22527238748460376], [0.7139192321443462, -0.6942564873202182, 0.0912538206773662], [0.0939851910606097, 0.22414658643961338, 0.9700129337533432]], "trans": [298.36952619522293, 712.4100111598518, -88.21169615533034]}], "rb_4XMM.renamed.noAb_Nup120_715-1036_Nup85_553-744_Nup145c_92-99_554-712_remaining_updated_1.pdb_41": [{"rot": [[0.013234460815007565, -0.9698822981793446, 0.2432142609414308], [0.9992556766904631, 0.004014262275054137, -0.03836636939129488], [0.03623453668557444, 0.24354098911012378, 0.969213518774084]], "trans": [396.3086142058289, 427.0609945839359, -94.58845190876707]}], "rb_4XMM.renamed.noAb_Nup120_715-1036_Nup85_553-744_Nup145c_92-99_554-712_remaining_updated_1.pdb_42": [{"rot": [[0.7145636903894819, -0.6799457366563458, 0.16453731363986107], [0.6993334371965209, 0.7004042678727866, -0.14271161538040128], [-0.018206482248437947, 0.21704298364251012, 0.9759922475387253]], "trans": [264.44758527064363, 155.8995213081464, -82.71774450826973]}], "rb_4XMM.renamed.noAb_Nup120_2-711_3F7F_updated_1.pdb_42": [{"rot": [[-0.699930527809784, 0.7061286088571619, 0.1071431005401996], [0.35472382123329793, 0.21349204540105937, 0.9102703758774753], [0.6198937545173085, 0.6751322346799347, -0.39991023843671886]], "trans": [573.311734573155, -18.20595657338845, -348.10153532512356]}], "rb_4XMM.renamed.noAb_Nup120_2-711_3F7F_updated_1.pdb_43": [{"rot": [[-0.23387885237453082, 0.6644606232165075, 0.7097836026611941], [0.7798162756423316, -0.3078067221461284, 0.5451069601876132], [0.5806782746541292, 0.6809897958092966, -0.4461677255789766]], "trans": [71.01224140828072, -298.29621473285863, -306.66114580198195]}], "rb_4XMM.renamed.noAb_Nup120_2-711_3F7F_updated_1.pdb_44": [{"rot": [[0.39543529054023974, 0.2675260029196875, 0.8786698861103478], [0.7496839076407873, -0.6467135146937436, -0.14048369491476476], [0.5306646489260386, 0.7142768844602775, -0.4562932858435721]], "trans": [-481.7304716258197, -139.9585106787674, -263.3332783730588]}], "rb_4XMM.renamed.noAb_Nup120_2-711_3F7F_updated_1.pdb_45": [{"rot": [[0.8193508026856399, -0.2521453546852739, 0.5148659847465507], [0.2819786832703596, -0.6046919545816182, -0.744872916842448], [0.49915156447667486, 0.755493454753183, -0.42435522325710606]], "trans": [-761.1100162222535, 364.0508127875503, -243.47600379996123]}], "rb_4XMM.renamed.noAb_Nup120_2-711_3F7F_updated_1.pdb_46": [{"rot": [[0.789531999838173, -0.5901226409472489, -0.16850664637627638], [-0.3493110823890924, -0.20635886422743327, -0.9140009775021712], [0.504599830510966, 0.7804942586567875, -0.3690633052094126]], "trans": [-603.4600025655864, 918.4761042432448, -258.6979886139947]}], "rb_4XMM.renamed.noAb_Nup120_2-711_3F7F_updated_1.pdb_47": [{"rot": [[0.3234471571510059, -0.5484139960942357, -0.771118684392282], [-0.774366943428565, 0.31493661554275604, -0.5487902742538131], [0.5438177759654733, 0.7746334727330246, -0.3228083169088746]], "trans": [-101.13211818182378, 1198.5273273521393, -300.0579745799262]}], "rb_4XMM.renamed.noAb_Nup120_2-711_3F7F_updated_1.pdb_48": [{"rot": [[-0.30586465273343766, -0.15145293237302254, -0.9399515006019543], [-0.7441851831634954, 0.6538122424133078, 0.13681361346882231], [0.5938309754199151, 0.7413444280131161, -0.31268708269728285]], "trans": [451.6047927731212, 1040.1466436899777, -343.30269384192405]}], "rb_4XMM.renamed.noAb_Nup120_2-711_3F7F_updated_1.pdb_49": [{"rot": [[-0.729743698288331, 0.3682151619375057, -0.5761004507269588], [-0.2764467023199806, 0.6117498960171143, 0.7411742612229982], [0.6253409914477673, 0.7001283162695148, -0.34462876428518985]], "trans": [730.9515676106607, 536.1158077088737, -363.07477520458184]}]}
