{"rb_ScNup133N_56-480_renamed_1.pdb_0": [{"rot": [[-0.764492805444553, -0.14753758010639212, 0.627521643355721], [0.2051807920874219, -0.9785216668129003, 0.019904525517567877], [0.6111068588895833, 0.14397225438969583, 0.7783446517989661]], "trans": [923.4941033111329, 262.34083602176725, -308.44052201213793]}], "rb_ScNup133N_56-480_renamed_1.pdb_1": [{"rot": [[-0.38524975907054976, -0.7915970419404101, 0.47429605345951714], [0.7190694685738461, -0.5796406750145857, -0.38334812799015894], [0.578378528734433, 0.19336703715945278, 0.7925196946695804]], "trans": [517.8378799322842, -344.43307407319094, -273.11372928132835]}], "rb_ScNup133N_56-480_renamed_1.pdb_2": [{"rot": [[0.24525076056894063, -0.966014403127422, 0.08165927620744831], [0.8132781372452358, 0.15916296588718376, -0.5596836800987787], [0.5276653635774031, 0.20367455226503714, 0.8246732327657793]], "trans": [-196.81980950440496, -485.55615370737627, -215.42321752995048]}], "rb_ScNup133N_56-480_renamed_1.pdb_3": [{"rot": [[0.757652659011778, -0.568613514199283, -0.3203765281076644], [0.43261803165166257, 0.8050876659208153, -0.40580227805177704], [0.4886758506231103, 0.16885651202163476, 0.8559692701059216]], "trans": [-801.8205005142374, -78.35639620048096, -169.14089707698992]}], "rb_ScNup133N_56-480_renamed_1.pdb_4": [{"rot": [[0.8517836792833805, 0.16780258075736876, -0.496293116613187], [-0.1999147910426694, 0.979741628268337, -0.011849816896056686], [0.4842505963123117, 0.10930981533819815, 0.8680741467420258]], "trans": [-942.7443444546465, 638.6229557785542, -161.3555989233231]}], "rb_ScNup133N_56-480_renamed_1.pdb_5": [{"rot": [[0.4725005424612574, 0.8118309498499878, -0.34303607133868674], [-0.7137736845906204, 0.5808100991657019, 0.3913907968936592], [0.5169819770163593, 0.05991775674030764, 0.8538966552619014]], "trans": [-537.034253179877, 1245.3654052267268, -196.60405559888562]}], "rb_ScNup133N_56-480_renamed_1.pdb_6": [{"rot": [[-0.1580073420119621, 0.9861906936641139, 0.04961446966969585], [-0.8079328637414019, -0.15800720670420598, 0.5676955260667007], [0.5676954884063538, 0.04961490058263368, 0.8217421700772349]], "trans": [177.64099466828748, 1386.43278698394, -254.21321927870684]}], "rb_ScNup133N_56-480_renamed_1.pdb_7": [{"rot": [[-0.6703795652506952, 0.5887394158010442, 0.45163828311662213], [-0.42723255370406, -0.8039006942387821, 0.41378257437681865], [0.6066824404495257, 0.08443680527261363, 0.790447241987445]], "trans": [782.6164753186615, 979.1859565619152, -300.4108246887532]}], "rb_ScNup133C_490_881_renamed_relative_3CQC_1.pdb_7": [{"rot": [[0.8832520444493004, 0.32889091385755154, -0.33421040192979884], [-0.2770470710309695, 0.9410836085945811, 0.19392411419873598], [0.37829981021577846, -0.07869185737131926, 0.9223322856618215]], "trans": [86.99618728116093, 112.31320986068513, -169.41862764515668]}], "rb_ScNup133C_490_881_renamed_relative_3CQC_1.pdb_8": [{"rot": [[0.43833778745320906, 0.8950631265598658, -0.081987703733576], [-0.7965943498144566, 0.42911704226419034, 0.4257886868883647], [0.41629007426830394, -0.12132832938482463, 0.9011004442094006]], "trans": [-178.21023914052176, 147.02349133585895, -148.40767690636113]}], "rb_ScNup133C_490_881_renamed_relative_3CQC_1.pdb_9": [{"rot": [[-0.2426050456661032, 0.9346723902240635, 0.25986595538889956], [-0.8482184338542551, -0.3343679959149112, 0.41075970077124435], [0.47081661003747965, -0.1207707177286094, 0.8739257139208881]], "trans": [-341.3404640052715, 359.68525400646456, -136.3986494769399]}], "rb_ScNup133C_490_881_renamed_relative_3CQC_1.pdb_10": [{"rot": [[-0.7606705419733962, 0.42451503970503995, 0.49108788178708795], [-0.4016772068202658, -0.9021112054383674, 0.15764134782348835], [0.5099370040455683, -0.07734567917320875, 0.856727434962991]], "trans": [-306.8285881118833, 625.7183555643867, -140.4025980511479]}], "rb_ScNup133C_490_881_renamed_relative_3CQC_1.pdb_11": [{"rot": [[-0.8123686290083602, -0.336551555844518, 0.4762250107477683], [0.2814391842596986, -0.9415206089880837, -0.18528607182933107], [0.5107339778850758, -0.01649221359742012, 0.8595806016449792]], "trans": [-94.89024163689032, 789.2769708454423, -158.0499481973527]}], "rb_ScNup133C_490_881_renamed_relative_3CQC_1.pdb_12": [{"rot": [[-0.3674138384428861, -0.9026838537126824, 0.22398422169225596], [0.8009515255498811, -0.42950962229204637, -0.41713084047797544], [0.4727406530434878, 0.026140860830595025, 0.8808137886948935]], "trans": [170.32001706323484, 754.5462736366928, -178.97862847108428]}], "rb_ScNup133C_490_881_renamed_relative_3CQC_1.pdb_13": [{"rot": [[0.31353303954722433, -0.942233571342883, -0.1178682745556045], [0.8525221623984808, 0.3339784992882934, -0.402075023636831], [0.4182140549188866, 0.025578487984555892, 0.9079882957509567]], "trans": [333.4401923165755, 541.8721128610341, -190.90431797241183]}], "rb_ScNup133C_490_881_renamed_relative_3CQC_1.pdb_14": [{"rot": [[0.8315637224843853, -0.43203192649632943, -0.3490704655736193], [0.40594028859360837, 0.901681648948659, -0.1489385310984575], [0.37909663351769707, -0.017849886192870576, 0.9251849134191776]], "trans": [298.9140988045168, 275.8421274016933, -186.81677473804922]}], "rb_ScNup84_506-726_ScNup133C_882_1155_renamed_relative_3CQC_new_1.pdb_14": [{"rot": [[0.9793238323904596, 0.144302660002215, 0.14178001843825194], [-0.17307034301489496, 0.9605137506199395, 0.21785314144791781], [-0.10474486947231602, -0.23788668980484182, 0.965628518185397]], "trans": [-72.63343103527995, 52.21313033148081, 141.55230361534618]}], "rb_ScNup84_506-726_ScNup133C_882_1155_renamed_relative_3CQC_new_1.pdb_15": [{"rot": [[0.570200313469624, 0.7747516807683061, 0.2731875466887723], [-0.8186033102583421, 0.5637777441430584, 0.10974185911971598], [-0.06899436899653374, -0.2862070725115854, 0.9556805369427176]], "trans": [-327.6007276480444, 234.93958664575163, 161.02696372270503]}], "rb_ScNup84_506-726_ScNup133C_882_1155_renamed_relative_3CQC_new_1.pdb_16": [{"rot": [[-0.1742318450924255, 0.9410534606416439, 0.2899338689599362], [-0.9846648830683435, -0.16385514592809702, -0.0598878886327589], [-0.008850548440450995, -0.295922076512163, 0.9551710801867042]], "trans": [-379.15250367506536, 544.9589047791945, 163.66880740175588]}], "rb_ScNup84_506-726_ScNup133C_882_1155_renamed_relative_3CQC_new_1.pdb_17": [{"rot": [[-0.8178737883166037, 0.545786072117331, 0.18220875354215202], [-0.5739738506246238, -0.7961273129660932, -0.1916646037966636], [0.04045349408630908, -0.26134051548148, 0.9643985948683693]], "trans": [-197.08708850040878, 800.6575136920326, 147.95421027650167]}], "rb_ScNup84_506-726_ScNup133C_882_1155_renamed_relative_3CQC_new_1.pdb_18": [{"rot": [[-0.9836709905107885, -0.17949727533691162, 0.013119091971285027], [0.1728811895237281, -0.9626448064825176, -0.2083916285772991], [0.05003475528457085, -0.202720755471321, 0.977957472779237]], "trans": [111.94094388352175, 852.2436797279189, 123.11300981992201]}], "rb_ScNup84_506-726_ScNup133C_882_1155_renamed_relative_3CQC_new_1.pdb_19": [{"rot": [[-0.5744971128890752, -0.8099153702871896, -0.11828000784022281], [0.818382024201742, -0.5658593308787899, -0.10027003600711966], [0.014280397248609647, -0.15440307843425322, 0.9879047320589417]], "trans": [366.90052815022665, 669.4976162532696, 103.72153642159446]}], "rb_ScNup84_506-726_ScNup133C_882_1155_renamed_relative_3CQC_new_1.pdb_20": [{"rot": [[0.16994801768606188, -0.9761604038164918, -0.13501310049548282], [0.9843851628932686, 0.16178658756121983, 0.0693610204718083], [-0.04586417294766009, -0.14469266085783716, 0.988413127965077]], "trans": [418.43465824539635, 359.4746607662089, 101.16359351922063]}], "rb_ScNup84_506-726_ScNup133C_882_1155_renamed_relative_3CQC_new_1.pdb_21": [{"rot": [[0.8135579470473666, -0.5808436912283798, -0.027277704380437293], [0.5736436263085557, 0.7940277100079043, 0.20112927617623247], [-0.09516541804482383, -0.1792780022752252, 0.9791848350074464]], "trans": [236.35582746730933, 103.79074870990883, 116.96166503319265]}], "rb_4XMM.renamed.noAb_Nup145c_149-550_Sec13_Nup84_7-436_3IKO_updated_1.pdb_21": [{"rot": [[0.9945297156617476, -0.005506439971497835, 0.1043087905432846], [0.0081849885060812, 0.999647194537671, -0.025268407470950136], [-0.1041328508632979, 0.025983948348989244, 0.9942239102934904]], "trans": [-27.419164454489987, 2.149840132013992, 45.82649944604452]}], "rb_4XMM.renamed.noAb_Nup145c_149-550_Sec13_Nup84_7-436_3IKO_updated_1.pdb_22": [{"rot": [[0.7087756337384843, 0.7013508503149768, 0.07578974720282596], [-0.7011190001907968, 0.7122277646155231, -0.03411391039197808], [-0.0779053822920271, -0.02895852332618646, 0.9965400921873135]], "trans": [-332.7329402342459, 162.16073488941095, 69.42460762367833]}], "rb_4XMM.renamed.noAb_Nup145c_149-550_Sec13_Nup84_7-436_3IKO_updated_1.pdb_23": [{"rot": [[0.0066590823615712, 0.9987578053459264, 0.04938119968863942], [-0.9997678961243454, 0.007661391652378335, -0.02013596178602132], [-0.020489277713015085, -0.04923565109284466, 0.9985770076264832]], "trans": [-435.9101700496677, 491.8377711736284, 76.08567555513144]}], "rb_4XMM.renamed.noAb_Nup145c_149-550_Sec13_Nup84_7-436_3IKO_updated_1.pdb_24": [{"rot": [[-0.7005101628290212, 0.7124892374261546, 0.04055364749505542], [-0.712808965107259, -0.7013070086840937, 0.008476958964475308], [0.034480299244278347, -0.022968807597775528, 0.9991414028262265]], "trans": [-276.5062645366773, 798.0516094783395, 61.931560626287364]}], "rb_4XMM.renamed.noAb_Nup145c_149-550_Sec13_Nup84_7-436_3IKO_updated_1.pdb_25": [{"rot": [[-0.9984623869142868, 0.010245310029871798, 0.054478395165561355], [-0.00834679505027469, -0.9993537510223431, 0.034962999441688306], [0.0548013953272356, 0.0344545198771162, 0.9979026471205614]], "trans": [52.09963419941147, 901.4179825047038, 35.27794783666985]}], "rb_4XMM.renamed.noAb_Nup145c_149-550_Sec13_Nup84_7-436_3IKO_updated_1.pdb_26": [{"rot": [[-0.7126529758987176, -0.6965895825348035, 0.08299812917583269], [0.7009347419106285, -0.7118788512415567, 0.043806263680895574], [0.028569625923005566, 0.08939493642812152, 0.9955864210683217]], "trans": [357.40747067508954, 741.3835282631969, 11.762904275563812]}], "rb_4XMM.renamed.noAb_Nup145c_149-550_Sec13_Nup84_7-436_3IKO_updated_1.pdb_27": [{"rot": [[-0.010513112667929536, -0.9939415938314994, 0.10940558721440294], [0.9995285205540826, -0.0072891590294063, 0.029826242800743717], [-0.02884806858346517, 0.10966757137978816, 0.993549602549697]], "trans": [460.5655227816744, 411.6988033294781, 5.185878924365795]}], "rb_4XMM.renamed.noAb_Nup145c_149-550_Sec13_Nup84_7-436_3IKO_updated_1.pdb_28": [{"rot": [[0.6966337707254106, -0.7076177229792521, 0.11823090801711929], [0.7125140951784733, 0.701656749201571, 0.0012126301511201087], [-0.08381559316079355, 0.08339642933327701, 0.9929853885720384]], "trans": [301.14426240585743, 105.49788491952052, 19.423790871051835]}], "rb_4XMM.renamed.noAb_Seh1_Nup85_47_544_3F3F_1.pdb_28": [{"rot": [[0.681256823778052, -0.6914360278871804, 0.24042745141817007], [0.2565157333758401, 0.5330858447790868, 0.8062376576585965], [-0.685630234591863, -0.48758148184253625, 0.5405325891911988]], "trans": [446.6088861170917, -102.75524515461268, 721.813349978191]}], "rb_4XMM.renamed.noAb_Seh1_Nup85_47_544_3F3F_1.pdb_29": [{"rot": [[0.65025828947563, -0.12400706030687007, 0.7495241196667883], [-0.33823469689908364, 0.8361597910587005, 0.43178014501624934], [-0.680265717776378, -0.5342836819618549, 0.5017763450058909]], "trans": [-57.26794058520932, -207.15922761474792, 762.5246660599346]}], "rb_4XMM.renamed.noAb_Seh1_Nup85_47_544_3F3F_1.pdb_30": [{"rot": [[0.2090952829966792, 0.4910079151724483, 0.8456892986591126], [-0.7366269914765634, 0.6478698710103574, -0.1940239821908807], [-0.6431639278261202, -0.582388064330843, 0.4971562173685937]], "trans": [-487.28629972845766, 76.47586760569658, 795.4610115958599]}], "rb_4XMM.renamed.noAb_Seh1_Nup85_47_544_3F3F_1.pdb_31": [{"rot": [[-0.3837926860650389, 0.7933244542038359, 0.4725880706124158], [-0.7052773268617581, 0.07851897468625019, -0.7045698424066631], [-0.5960596164291895, -0.6037144034859556, 0.5293787421930366]], "trans": [-591.5334599284113, 581.992719266921, 801.3518158697359]}], "rb_4XMM.renamed.noAb_Seh1_Nup85_47_544_3F3F_1.pdb_32": [{"rot": [[-0.7810834857128066, 0.6058412655595052, -0.15121160435623165], [-0.2625507786162916, -0.5383591149993212, -0.8007724720200635], [-0.566547153372698, -0.5857694292487459, 0.5795675100994601]], "trans": [-308.9380515157145, 1013.252544673351, 776.7701675787725]}], "rb_4XMM.renamed.noAb_Seh1_Nup85_47_544_3F3F_1.pdb_33": [{"rot": [[-0.7500385637126866, 0.03838864466026587, -0.660279081074779], [0.33219719885331095, -0.8413885151274844, -0.4262750141464749], [-0.5719153556408678, -0.5390655605515079, 0.6183212331866541]], "trans": [194.95346400547993, 1117.6173741335415, 736.1403477942437]}], "rb_4XMM.renamed.noAb_Seh1_Nup85_47_544_3F3F_1.pdb_34": [{"rot": [[-0.3088444731057497, -0.5766116620891539, -0.7563954538300797], [0.7305548543988749, -0.6530503303886199, 0.19953663997759877], [-0.6090194546533529, -0.49096258220163236, 0.6229374340426451]], "trans": [624.9562453117517, 833.9489358007967, 703.2878827275714]}], "rb_4XMM.renamed.noAb_Seh1_Nup85_47_544_3F3F_1.pdb_35": [{"rot": [[0.28404106699378334, -0.8788838034906181, -0.38325439622122265], [0.699158656558865, -0.08367572497115933, 0.7100531994219519], [-0.6561233460408433, -0.46963989716847077, 0.5907118771175608]], "trans": [729.1705134139336, 328.424317370599, 697.4822145357566]}], "rb_4XMM.renamed.noAb_Nup120_715-1036_Nup85_553-744_Nup145c_92-99_554-712_remaining_updated_1.pdb_35": [{"rot": [[0.9957792259628155, -0.07483409301924598, 0.053137478890943515], [0.07310807699720945, 0.9967538968756022, 0.033717623597663164], [-0.055488216935388385, -0.02969053022918986, 0.9980178005406735]], "trans": [24.947786323022115, -48.85193535013207, 46.89068414154582]}], "rb_4XMM.renamed.noAb_Nup120_715-1036_Nup85_553-744_Nup145c_92-99_554-712_remaining_updated_1.pdb_36": [{"rot": [[0.7563932256781791, 0.6490611893896244, 0.0811717966801714], [-0.6532906151680294, 0.7558347391181643, 0.043877320742680165], [-0.03287339777903597, -0.08621728115815522, 0.9957338600992531]], "trans": [-331.54249403069616, 89.25234726940504, 74.67446263302526]}], "rb_4XMM.renamed.noAb_Nup120_715-1036_Nup85_553-744_Nup145c_92-99_554-712_remaining_updated_1.pdb_37": [{"rot": [[0.07502594832432924, 0.9912979836552698, 0.1081638325829575], [-0.9969138087584513, 0.07204968625566949, 0.031172112812255084], [0.023107682375250183, -0.11016873563519992, 0.9936442445381488]], "trans": [-486.3620864876671, 439.74766560011324, 85.35045586579969]}], "rb_4XMM.renamed.noAb_Nup120_715-1036_Nup85_553-744_Nup145c_92-99_554-712_remaining_updated_1.pdb_38": [{"rot": [[-0.6491680477462393, 0.7513891501580752, 0.11830127137974346], [-0.7564621918817569, -0.6540303363757882, 0.0030448897554626875], [0.0796605174398591, -0.08751379391216298, 0.9929730801166339]], "trans": [-348.81357749107883, 797.3090369750549, 72.68852137379207]}], "rb_4XMM.renamed.noAb_Nup120_715-1036_Nup85_553-744_Nup145c_92-99_554-712_remaining_updated_1.pdb_39": [{"rot": [[-0.9919457085000422, 0.06987666627525033, 0.10564545848548504], [-0.0727957120721125, -0.9970574137903813, -0.02402702456718287], [0.10365565923896844, -0.03152404028507779, 0.9941135444162509]], "trans": [0.5270902941536519, 952.4720852226321, 44.13020381688307]}], "rb_4XMM.renamed.noAb_Nup120_715-1036_Nup85_553-744_Nup145c_92-99_554-712_remaining_updated_1.pdb_40": [{"rot": [[-0.7525030471024852, -0.6539998456086233, 0.07761034754060067], [0.6535841671006271, -0.7560814473568497, -0.03418452103148393], [0.08103641537516065, 0.02500093811578303, 0.9963975373697369]], "trans": [357.0131413152889, 814.340225675613, 16.42937319337426]}], "rb_4XMM.renamed.noAb_Nup120_715-1036_Nup85_553-744_Nup145c_92-99_554-712_remaining_updated_1.pdb_41": [{"rot": [[-0.07110895074178364, -0.9961833181731554, 0.05061930183166785], [0.997153870460775, -0.07226955597308354, -0.021477194987952766], [0.025053457835192763, 0.04894801194099975, 0.9984870637006396]], "trans": [511.8119337700911, 463.8331661110411, 5.837571565415317]}], "rb_4XMM.renamed.noAb_Nup120_715-1036_Nup85_553-744_Nup145c_92-99_554-712_remaining_updated_1.pdb_42": [{"rot": [[0.6530663112772057, -0.7562178484030798, 0.040484056508723956], [0.7566454214471391, 0.6537916126406393, 0.006650822793812839], [-0.03149760749432069, 0.02628864769001951, 0.9991580494219945]], "trans": [374.24206571482677, 106.28300096656164, 18.583630572254208]}], "rb_4XMM.renamed.noAb_Nup120_2-711_3F7F_updated_1.pdb_42": [{"rot": [[0.9489676588433132, 0.25999875827527724, 0.17849657745950237], [-0.3085805189115279, 0.8823304449077091, 0.35534637937828695], [-0.06510334720837585, -0.3922927882134455, 0.9175336083751849]], "trans": [-173.517520094509, 150.59017205524378, 300.5485563908736]}], "rb_4XMM.renamed.noAb_Nup120_2-711_3F7F_updated_1.pdb_43": [{"rot": [[0.4539299496748382, 0.7986026289269162, 0.39519797805557944], [-0.8907452809298891, 0.41806224859105373, 0.17831657467584444], [-0.02281327002718128, -0.43296396775483653, 0.9011224985187403]], "trans": [-326.6237024765378, 384.7594892830514, 311.6539611562766]}], "rb_4XMM.renamed.noAb_Nup120_2-711_3F7F_updated_1.pdb_44": [{"rot": [[-0.30660717902407175, 0.8523332452878274, 0.4236980962289326], [-0.9510733121512036, -0.29215290835618, -0.10052976202481256], [0.038099772763637824, -0.4337910984749992, 0.9002075817272444]], "trans": [-269.86062215468957, 658.8839480603081, 305.83708553517545]}], "rb_4XMM.renamed.noAb_Nup120_2-711_3F7F_updated_1.pdb_45": [{"rot": [[-0.8871103536880802, 0.38971445469209814, 0.24730116090194565], [-0.45422360126078515, -0.8322609729605902, -0.3178405149510918], [0.08195206182331632, -0.3942896355355192, 0.9153248291574827]], "trans": [-36.47897860167211, 812.377692075608, 286.52954218554424]}], "rb_4XMM.renamed.noAb_Nup120_2-711_3F7F_updated_1.pdb_46": [{"rot": [[-0.9475126295042484, -0.31824513240434554, -0.030657016014044455], [0.3087422855208352, -0.885859025453202, -0.34631198095716254], [0.08305430790341878, -0.33760009289697124, 0.9376183441116328]], "trans": [236.8048840472468, 755.3220386181772, 265.0659671391444]}], "rb_4XMM.renamed.noAb_Nup120_2-711_3F7F_updated_1.pdb_47": [{"rot": [[-0.4524295016273762, -0.8568128076502292, -0.2473446152713562], [0.890868173897981, -0.42154857095130366, -0.16926517380899803], [0.04076079970855144, -0.296932003959568, 0.9540282711909928]], "trans": [389.8993390891308, 521.1411107632716, 254.04403019575176]}], "rb_4XMM.renamed.noAb_Nup120_2-711_3F7F_updated_1.pdb_48": [{"rot": [[0.3081123529601617, -0.9104880330822932, -0.27582298592990695], [0.951136510484294, 0.28867077952048437, 0.1095833905060262], [-0.02015232932226682, -0.2961093086428942, 0.9549414437325014]], "trans": [333.12140946789214, 247.02151479455756, 259.9445423273031]}], "rb_4XMM.renamed.noAb_Nup120_2-711_3F7F_updated_1.pdb_49": [{"rot": [[0.8885767922008357, -0.447827104821756, -0.09940909691289132], [0.45424125392396647, 0.828742516362947, 0.3268802912474122], [-0.06400130932766335, -0.3356139534634613, 0.9398229123856102]], "trans": [99.73432026372399, 93.54649191198985, 279.3349052311013]}]}
