{"rb_ScNup133N_56-480_renamed_1.pdb_0": [{"rot": [[0.6203207561632015, 0.11586723953722794, 0.7757428325644651], [0.5381128904665702, 0.6566908618924715, -0.528385871329504], [-0.5706458416450875, 0.7452059411390577, 0.34500931683684166]], "trans": [-10.608833196303976, -105.03407101558088, 416.85027493545783]}], "rb_ScNup133N_56-480_renamed_1.pdb_1": [{"rot": [[0.807854358441122, 0.5598353998341623, 0.18427061795145044], [-0.0895488488615322, 0.4256101803192396, -0.9004648677634245], [-0.5825395602148067, 0.7109432463292346, 0.3939636547748939]], "trans": [-389.04416255521653, 95.89434584813415, 446.07754063824075]}], "rb_ScNup133N_56-480_renamed_1.pdb_2": [{"rot": [[0.4980746559211273, 0.7109962569962489, -0.49639294884836627], [-0.6662203452629154, -0.05265316671030737, -0.743893873877948], [-0.5550424206191942, 0.7012217670414281, 0.44745496392428696]], "trans": [-515.10262201953, 506.36182140342294, 454.1693006174281]}], "rb_ScNup133N_56-480_renamed_1.pdb_3": [{"rot": [[-0.12754503376676413, 0.4807976495298514, -0.867505553047361], [-0.8540793050775504, -0.49792576699306795, -0.1503943855422008], [-0.5042626349430286, 0.7217364829152935, 0.47414728115784727]], "trans": [-314.93547527150736, 885.9108376737717, 436.40929268458325]}], "rb_ScNup133N_56-480_renamed_1.pdb_4": [{"rot": [[-0.702507875165761, 0.004093167489150729, -0.711664198418043], [-0.5430753008346902, -0.6493606529397365, 0.5323532286339512], [-0.45994771763038517, 0.7604695841344262, 0.4584038706784822]], "trans": [94.19845410635412, 1012.1963460820599, 403.2255848040646]}], "rb_ScNup133N_56-480_renamed_1.pdb_5": [{"rot": [[-0.8899925288082673, -0.43985698201321377, -0.12016294786536746], [0.08460113662373736, -0.41824513313086353, 0.9043857895247581], [-0.4480579720833448, 0.7947306738679311, 0.4094474443270919]], "trans": [472.62465483536283, 811.2386319722232, 374.08166584374777]}], "rb_ScNup133N_56-480_renamed_1.pdb_6": [{"rot": [[-0.5801678410568867, -0.5909805417016492, 0.5604884258692755], [0.6612482999968174, 0.0600300622006843, 0.747761377301277], [-0.4755585788887757, 0.804449122668556, 0.35595736694593183]], "trans": [598.6576360582995, 400.7616745687528, 366.0744593610303]}], "rb_ScNup133N_56-480_renamed_1.pdb_7": [{"rot": [[0.04546651747552516, -0.36074719946847833, 0.9315547508677626], [0.8490581502555963, 0.5052845799494321, 0.15423278104823523], [-0.5263392948215007, 0.7839317261987663, 0.32926888007497684]], "trans": [398.4674136489957, 21.228780038880245, 383.918704716286]}], "rb_ScNup133C_490_881_renamed_relative_3CQC_1.pdb_7": [{"rot": [[0.8013749547618764, 0.3577178295523059, -0.4794122821755743], [-0.2770351008345069, 0.9322931568088503, 0.23255326846339391], [0.5301412404124203, -0.05354833506076738, 0.8462167813428215]], "trans": [168.8468703833655, 102.57696807452024, -237.29740483601336]}], "rb_ScNup133C_490_881_renamed_relative_3CQC_1.pdb_8": [{"rot": [[0.38330187258499565, 0.9097996236149852, -0.15919899290784345], [-0.7301359321801102, 0.40403339105190667, 0.5510522111874547], [0.5656688032871547, -0.09498243935135064, 0.8191441516623004]], "trans": [-128.38869676940823, 78.54383019458044, -213.44771878120264]}], "rb_ScNup133C_490_881_renamed_relative_3CQC_1.pdb_9": [{"rot": [[-0.23181675168585303, 0.9279568301875227, 0.2918169202533479], [-0.7538342843966943, -0.3609728920886738, 0.5490286357242822], [0.6148128701531446, -0.092707564337911, 0.7832052363260786]], "trans": [-355.583108664484, 272.4046213009102, -196.24090335304044]}], "rb_ScNup133C_490_881_renamed_relative_3CQC_1.pdb_10": [{"rot": [[-0.6836357547802041, 0.4015527016431135, 0.6094239760537984], [-0.33424732860901807, -0.9145742253605463, 0.22766798111261707], [0.6487841537089504, -0.048056363879058955, 0.7594535586768212]], "trans": [-379.6407620332549, 570.5930733214465, -195.73294874425522]}], "rb_ScNup133C_490_881_renamed_relative_3CQC_1.pdb_11": [{"rot": [[-0.7074731940374438, -0.3610378012187146, 0.6075634829461172], [0.2828249803064207, -0.9324631419542495, -0.2247721499907971], [0.6476817970524829, 0.012813859214483345, 0.7618031863801183]], "trans": [-186.46643098011856, 798.4263034005651, -212.19741702564693]}], "rb_ScNup133C_490_881_renamed_relative_3CQC_1.pdb_12": [{"rot": [[-0.28936476143278705, -0.9130784092954127, 0.28732534402573706], [0.7358929830674028, -0.40416006229546775, -0.5432459493797318], [0.6121515762563294, 0.054244469984373295, 0.7888776743976273]], "trans": [110.77755094519324, 822.4365097045534, -235.96518562778698]}], "rb_ScNup133C_490_881_renamed_relative_3CQC_1.pdb_13": [{"rot": [[0.3257557278850583, -0.9311759506030773, -0.1636904235700246], [0.7595430553977057, 0.3608476204782614, -0.5411869748915779], [0.56300759563899, 0.05196483246999756, 0.8248164058984107]], "trans": [337.9633813299521, 628.5582916318061, -253.08875567681753]}], "rb_ScNup133C_490_881_renamed_relative_3CQC_1.pdb_14": [{"rot": [[0.7775420180747987, -0.4047286302683461, -0.4812724238612474], [0.3399206514602185, 0.9144076191897597, -0.2198014028130362], [0.5290390919762287, 0.007310390470166267, 0.8485659652331949]], "trans": [362.0043107538213, 330.3683598073929, -253.51289349449246]}], "rb_ScNup84_506-726_ScNup133C_882_1155_renamed_relative_3CQC_new_1.pdb_14": [{"rot": [[0.9805386661114331, 0.18612121279374177, 0.062472541236925125], [-0.19461406858015984, 0.9633965766497002, 0.1843702807133419], [-0.025870612112771058, -0.19294022454591045, 0.9808694006752813]], "trans": [-63.243584155070266, 74.07360198216634, 78.69100294612824]}], "rb_ScNup84_506-726_ScNup133C_882_1155_renamed_relative_3CQC_new_1.pdb_15": [{"rot": [[0.5574327231571846, 0.8073195199332402, 0.19365937077334713], [-0.8301499563747236, 0.5389328615471517, 0.14283704237922257], [0.010945733625977033, -0.24038835970021866, 0.9706150768641647]], "trans": [-306.7751705460263, 240.15874041280014, 97.3351340080822]}], "rb_ScNup84_506-726_ScNup133C_882_1155_renamed_relative_3CQC_new_1.pdb_16": [{"rot": [[-0.18984325514908118, 0.9475325762414262, 0.25718000590187307], [-0.9792268964365731, -0.20173647713018805, 0.020422514299145725], [0.07123358596616172, -0.2479605024119521, 0.966147693406145]], "trans": [-361.9680665822515, 530.3036718349666, 100.3638957739561]}], "rb_ScNup84_506-726_ScNup133C_882_1155_renamed_relative_3CQC_new_1.pdb_17": [{"rot": [[-0.8235244641242601, 0.5246215963288701, 0.21582316292325715], [-0.5545135152926219, -0.8247168973474588, -0.11116114693273368], [0.11967547094818488, -0.21122078471336517, 0.9700843065210367]], "trans": [-196.48758220662688, 774.5375211732076, 86.02700179694693]}], "rb_ScNup84_506-726_ScNup133C_882_1155_renamed_relative_3CQC_new_1.pdb_18": [{"rot": [[-0.9723915166456456, -0.2136662047268358, 0.09381626358585855], [0.19518709992432912, -0.9650576849174579, -0.17483037723715728], [0.12789344931899904, -0.15169185126230955, 0.9801187927398914]], "trans": [92.72739489804053, 829.7847725830844, 62.74721162017795]}], "rb_ScNup84_506-726_ScNup133C_882_1155_renamed_relative_3CQC_new_1.pdb_19": [{"rot": [[-0.5492359943207699, -0.834831423209264, -0.03736733018119387], [0.8306897580415153, -0.5405452276765756, -0.13328684376564656], [0.0910733134754863, -0.10424659063237532, 0.9903728085494482]], "trans": [336.25256655192305, 663.6809239976265, 44.18615947542867]}], "rb_ScNup84_506-726_ScNup133C_882_1155_renamed_relative_3CQC_new_1.pdb_20": [{"rot": [[0.19805163137959025, -0.9749867157018276, -0.10087841946048882], [0.97970804134641, 0.20013509129783225, -0.01086733418963439], [0.03078481815869176, -0.0966791054787528, 0.9948394069068457]], "trans": [391.42936683452, 373.53206877763944, 41.24117632111495]}], "rb_ScNup84_506-726_ScNup133C_882_1155_renamed_relative_3CQC_new_1.pdb_21": [{"rot": [[0.8316997325646417, -0.5520271356727589, -0.05951131264585646], [0.5549449383212111, 0.8230822975580602, 0.12071307666616626], [-0.0176541860070223, -0.1334225353059747, 0.9909019915152836]], "trans": [225.93636148666582, 129.31161420502997, 55.66147971448288]}], "rb_4XMM.renamed.noAb_Nup145c_149-550_Sec13_Nup84_7-436_3IKO_updated_1.pdb_21": [{"rot": [[0.998610805057413, -0.02079537400923713, 0.04841500224520643], [0.022132738649535112, 0.999383527102568, -0.02725266291399872], [-0.04781842639044883, 0.02828636024391635, 0.998455447139077]], "trans": [-7.260701622766192, -3.007519704252104, 14.088437980397998]}], "rb_4XMM.renamed.noAb_Nup145c_149-550_Sec13_Nup84_7-436_3IKO_updated_1.pdb_22": [{"rot": [[0.7226151896513561, 0.6903715161403465, 0.034849065801186574], [-0.6908890901109694, 0.7229490311497874, 0.0041186800339654776], [-0.022350678977897286, -0.027053060116456293, 0.9993840998773015]], "trans": [-322.7050743860617, 142.47892450598695, 38.564685777088414]}], "rb_4XMM.renamed.noAb_Nup145c_149-550_Sec13_Nup84_7-436_3IKO_updated_1.pdb_23": [{"rot": [[0.024780767556421668, 0.9985701450084208, 0.0473664338659444], [-0.9990880443687113, 0.02308998892690861, 0.03591562349256809], [0.03477057892556974, -0.048213254497259564, 0.9982316809899213]], "trans": [-443.286537356921, 469.07598326305674, 46.62796440374501]}], "rb_4XMM.renamed.noAb_Nup145c_149-550_Sec13_Nup84_7-436_3IKO_updated_1.pdb_24": [{"rot": [[-0.6860912172988265, 0.7232534102034013, 0.07863425573225508], [-0.7219168311142511, -0.6902063046194106, 0.04951106964685695], [0.09008290903036484, -0.022798282671478143, 0.9956732937102707]], "trans": [-298.3648559891228, 785.4586113237172, 33.578696449830204]}], "rb_4XMM.renamed.noAb_Nup145c_149-550_Sec13_Nup84_7-436_3IKO_updated_1.pdb_25": [{"rot": [[-0.9935619328911974, 0.025705736940029034, 0.11033540047454546], [-0.021746255186158178, -0.9990808232519975, 0.03694061444385885], [0.11118356845724456, 0.03430340651424245, 0.9932076773800294]], "trans": [27.164718715632773, 906.285520970157, 7.085331978611862]}], "rb_4XMM.renamed.noAb_Nup145c_149-550_Sec13_Nup84_7-436_3IKO_updated_1.pdb_26": [{"rot": [[-0.7175106986895906, -0.6854396123618192, 0.12389889051664096], [0.6912538876317698, -0.7225905188251703, 0.00556820778490847], [0.08571149339464484, 0.08964083840108958, 0.9922792248106426]], "trans": [342.60428526756044, 760.7747216672452, -17.30793764504449]}], "rb_4XMM.renamed.noAb_Nup145c_149-550_Sec13_Nup84_7-436_3IKO_updated_1.pdb_27": [{"rot": [[-0.019652220011709853, -0.9935836649316961, 0.11137904214667249], [0.9993980603747773, -0.022707310185456908, -0.02622775215824718], [0.02858858457049502, 0.11079656513195857, 0.9934318366084385]], "trans": [463.1668112219169, 434.1686081440773, -25.28718622931291]}], "rb_4XMM.renamed.noAb_Nup145c_149-550_Sec13_Nup84_7-436_3IKO_updated_1.pdb_28": [{"rot": [[0.6911981665283934, -0.7182112899430263, 0.08011015906962955], [0.7221710618171747, 0.6905673506927571, -0.03982074372787235], [-0.026721752593003554, 0.08537726369215955, 0.995990296530442]], "trans": [318.22698228228745, 117.79776364390534, -12.154052544937258]}], "rb_4XMM.renamed.noAb_Seh1_Nup85_47_544_3F3F_1.pdb_28": [{"rot": [[0.6940378067372303, -0.6901781431454062, 0.20485520140757127], [0.2981417077529576, 0.5345340651869138, 0.7908127814172609], [-0.6553037806372913, -0.4877780887648745, 0.5767577404797973]], "trans": [449.75946055970746, -117.49489990800407, 698.9313577128289]}], "rb_4XMM.renamed.noAb_Seh1_Nup85_47_544_3F3F_1.pdb_29": [{"rot": [[0.6892646703591983, -0.12209819929255006, 0.7141472144622177], [-0.3160617746753473, 0.8362859913304082, 0.4480297928638102], [-0.65193494214047, -0.5345257434717577, 0.5378318145873009]], "trans": [-65.87802439954527, -221.12002943961625, 740.576281592813]}], "rb_4XMM.renamed.noAb_Seh1_Nup85_47_544_3F3F_1.pdb_30": [{"rot": [[0.2529402975496256, 0.49244537152267986, 0.8327777386202144], [-0.7468069824036329, 0.6465998683332956, -0.15552472891648558], [-0.6150614090549726, -0.5825857587834224, 0.5313128049972606]], "trans": [-503.6664686078681, 71.40805495286912, 774.0886824294455]}], "rb_4XMM.renamed.noAb_Seh1_Nup85_47_544_3F3F_1.pdb_31": [{"rot": [[-0.35933034192598245, 0.7934442804523738, 0.49125134013941657], [-0.7417572992372408, 0.07659650162161924, -0.6662800349459715], [-0.5662842169790999, -0.6038039000840799, 0.5610196394455577]], "trans": [-607.1413152916991, 588.7223935815236, 779.8605281889622]}], "rb_4XMM.renamed.noAb_Seh1_Nup85_47_544_3F3F_1.pdb_32": [{"rot": [[-0.7888704744467988, 0.604569122560901, -0.11036100122790593], [-0.3038709007755761, -0.5398080995374503, -0.7850284653027604], [-0.5341777327893064, -0.5857502810240123, 0.6095496354460136]], "trans": [-315.6836269290478, 1027.7730695406863, 754.534595143599]}], "rb_4XMM.renamed.noAb_Seh1_Nup85_47_544_3F3F_1.pdb_33": [{"rot": [[-0.7840494338662605, 0.03646562848081292, -0.6196262931747621], [0.3103321865642995, -0.8415154284800539, -0.442205515130977], [-0.5375503876254001, -0.5390009662046361, 0.6484732370686176]], "trans": [199.9684864231022, 1131.3581230341274, 712.9711768681725]}], "rb_4XMM.renamed.noAb_Seh1_Nup85_47_544_3F3F_1.pdb_34": [{"rot": [[-0.34769145373311927, -0.5780631646965086, -0.7382097470380676], [0.7410431339551558, -0.6517810778382764, 0.16135829755515035], [-0.5744264327299641, -0.4909423634124808, 0.6549884496600656]], "trans": [637.7406594075276, 838.7960859713155, 679.5427147338116]}], "rb_4XMM.renamed.noAb_Seh1_Nup85_47_544_3F3F_1.pdb_35": [{"rot": [[0.2645788085431108, -0.8790176250718048, -0.39664350351799854], [0.7359453953910705, -0.0817541054724153, 0.6720867810343295], [-0.623203360928509, -0.46972787978949027, 0.6252785698197896]], "trans": [741.1816938415762, 321.47404158354743, 673.8560781013277]}], "rb_4XMM.renamed.noAb_Nup120_715-1036_Nup85_553-744_Nup145c_92-99_554-712_remaining_updated_1.pdb_35": [{"rot": [[0.997620673629024, -0.03442322830580441, 0.059733013493209676], [0.038116988950876396, 0.9973578292620257, -0.06184218271584613], [-0.05744638109831001, 0.06397188259499478, 0.9962968992905484]], "trans": [-0.11672384273322223, -2.83393825600092, -0.3468770880513148]}], "rb_4XMM.renamed.noAb_Nup120_715-1036_Nup85_553-744_Nup145c_92-99_554-712_remaining_updated_1.pdb_36": [{"rot": [[0.7329916396196138, 0.6799875292400825, 0.01844495393648813], [-0.6794433823463064, 0.7331765358275056, -0.028440420140889173], [-0.03286253845280537, 0.008314288300711726, 0.999425297947021]], "trans": [-317.80340719507456, 136.73538448167147, 24.33688633711654]}], "rb_4XMM.renamed.noAb_Nup120_715-1036_Nup85_553-744_Nup145c_92-99_554-712_remaining_updated_1.pdb_37": [{"rot": [[0.03999836528558037, 0.9991179629096957, 0.012783855664915151], [-0.9989132076994013, 0.03967724396089961, 0.024456487796904697], [0.023927688107591483, -0.013748181801509485, 0.9996191540976886]], "trans": [-444.1419453457467, 460.7406998707728, 32.87164955894934]}], "rb_4XMM.renamed.noAb_Nup120_715-1036_Nup85_553-744_Nup145c_92-99_554-712_remaining_updated_1.pdb_38": [{"rot": [[-0.6753939180630311, 0.7360169649202618, 0.04606606986746382], [-0.7331425588920287, -0.6768783828223189, 0.06586078658117392], [0.0796557831216056, 0.010708978355040751, 0.9967649040761194]], "trans": [-305.1195279334348, 779.3752424766005, 20.281632843122452]}], "rb_4XMM.renamed.noAb_Nup120_715-1036_Nup85_553-744_Nup145c_92-99_554-712_remaining_updated_1.pdb_39": [{"rot": [[-0.9940983238094092, 0.04481280961806263, 0.09879440618506082], [-0.03782362936169526, -0.9967219549182034, 0.07151725418348072], [0.10167544276388775, 0.0673584195046971, 0.992534607789873]], "trans": [17.824466044907354, 905.9785212887889, -6.03374959781047]}], "rb_4XMM.renamed.noAb_Nup120_715-1036_Nup85_553-744_Nup145c_92-99_554-712_remaining_updated_1.pdb_40": [{"rot": [[-0.7294133173352043, -0.6695773628422836, 0.14007986173331577], [0.679715947975823, -0.7324845979986178, 0.03811225212620059], [0.07708723993878816, 0.12301410026487064, 0.98940643245061]], "trans": [335.5068047457153, 766.3846672681065, -30.63457078187173]}], "rb_4XMM.renamed.noAb_Nup120_715-1036_Nup85_553-744_Nup145c_92-99_554-712_remaining_updated_1.pdb_41": [{"rot": [[-0.036395107491597745, -0.9886537165320748, 0.14573683452713768], [0.9991313714081678, -0.03896028149378877, -0.014785098374982736], [0.020295290554910028, 0.145072138101153, 0.9892129072793434]], "trans": [461.82660817634456, 442.3698451683905, -39.08531788667324]}], "rb_4XMM.renamed.noAb_Nup120_715-1036_Nup85_553-744_Nup145c_92-99_554-712_remaining_updated_1.pdb_42": [{"rot": [[0.6789764668382681, -0.7254968244832443, 0.11245139014058936], [0.7333045821312014, 0.6775746712948931, -0.056186783543834065], [-0.03543088067218459, 0.12061062343071656, 0.9920674020501064]], "trans": [322.7858677171673, 123.74662317982506, -26.411419201501587]}], "rb_4XMM.renamed.noAb_Nup120_2-711_3F7F_updated_1.pdb_42": [{"rot": [[-0.69857408784762, 0.6961272140914084, 0.16553291391502603], [0.3519932432347793, 0.13291276469955193, 0.9265176488858604], [0.622972712488217, 0.705507688676215, -0.33788148915532135]], "trans": [559.1730478664896, 28.946412227917676, -388.72377797321053]}], "rb_4XMM.renamed.noAb_Nup120_2-711_3F7F_updated_1.pdb_43": [{"rot": [[-0.23478137633056456, 0.6011631486123048, 0.7638590014386587], [0.7771068598031314, -0.35598609649687213, 0.519017174617406], [0.5839371830730092, 0.7154556365362276, -0.3835891009573907]], "trans": [93.4276022403717, -257.3301527305759, -350.1668730791578]}], "rb_4XMM.renamed.noAb_Nup120_2-711_3F7F_updated_1.pdb_44": [{"rot": [[0.39294976868733467, 0.18936715918361519, 0.8998502977225137], [0.7485918567739913, -0.6341861645867035, -0.19343769182471504], [0.5340418628349627, 0.7496319014486595, -0.3909620199843318]], "trans": [-437.8186963739842, -129.29484457841235, -308.40496752108277]}], "rb_4XMM.renamed.noAb_Nup120_2-711_3F7F_updated_1.pdb_45": [{"rot": [[0.8168855914454478, -0.2980248572638834, 0.4938411839262311], [0.28315272498337185, -0.5387139170619595, -0.7934808440650915], [0.5025161338935404, 0.7880155455424728, -0.3556810863120039]], "trans": [-723.3523623362141, 338.0475646662062, -287.8787695165871]}], "rb_4XMM.renamed.noAb_Nup120_2-711_3F7F_updated_1.pdb_46": [{"rot": [[0.788678509476971, -0.575491785267814, -0.216322476359822], [-0.3465497294740236, -0.12549834268132476, -0.929598542912864], [0.5078282127754055, 0.8081208888981296, -0.29841436834682145]], "trans": [-595.9018347616901, 870.9214189349902, -300.5888103749099]}], "rb_4XMM.renamed.noAb_Nup120_2-711_3F7F_updated_1.pdb_47": [{"rot": [[0.3248526291188946, -0.48048958611978965, -0.8146167976324656], [-0.7716269299724451, 0.3633930487434254, -0.5220511211234545], [0.546866208771249, 0.7981699378925454, -0.25270951693351196]], "trans": [-130.12751641674373, 1157.161817671121, -339.0653640484831]}], "rb_4XMM.renamed.noAb_Nup120_2-711_3F7F_updated_1.pdb_48": [{"rot": [[-0.3028763089701081, -0.06867188761173088, -0.9505525305402555], [-0.7430626588713904, 0.641560786747054, 0.19041439520025427], [0.5967611133909624, 0.7639920999332, -0.2453410784683966]], "trans": [401.115342933531, 1029.0852161005305, -380.7443179747338]}], "rb_4XMM.renamed.noAb_Nup120_2-711_3F7F_updated_1.pdb_49": [{"rot": [[-0.7267758418794716, 0.41871269584079235, -0.5444966060519743], [-0.27759026893807986, 0.5460502882419294, 0.7904256608320532], [0.6282837879901624, 0.7256092344041933, -0.28062558809932264]], "trans": [686.6190990966902, 561.720810098532, -401.1855483692278]}]}
