{"rb_ScNup133N_56-480_renamed_1.pdb_0": [{"rot": [[-0.3659643543941422, -0.07151307695100648, 0.9278771314877189], [-0.545987664010392, -0.790920566857413, -0.2763007920191748], [0.7536362266115885, -0.6077257084795307, 0.25040347679634667]], "trans": [576.6209070623598, 764.5494299841928, -80.82072459807353]}], "rb_ScNup133N_56-480_renamed_1.pdb_1": [{"rot": [[-0.629464511170328, -0.620303573264483, 0.4679721211486996], [-0.0847405223720879, -0.5438644520659388, -0.8348835257969346], [0.7723946355621618, -0.5651857524516425, 0.2897785226348996]], "trans": [630.476572779356, 268.2529545500224, -82.657399630687]}], "rb_ScNup133N_56-480_renamed_1.pdb_2": [{"rot": [[-0.49072555107587584, -0.8343512407770846, -0.25109050267785155], [0.4281931241444288, 0.02004688274536487, -0.9034648697805722], [0.7588406169655855, -0.5508685228853903, 0.34742594683954786]], "trans": [318.73693237665907, -120.73952374396322, -55.87594960130252]}], "rb_ScNup133N_56-480_renamed_1.pdb_3": [{"rot": [[-0.031022713153452952, -0.5882639377878174, -0.8080737161713455], [0.6923295130453668, 0.570466226494216, -0.44186890566752257], [0.7209143060273965, -0.5731612547336217, 0.389575075482527]], "trans": [-175.9746239296378, -174.55060952402425, -16.141320654392587]}], "rb_ScNup133N_56-480_renamed_1.pdb_4": [{"rot": [[0.48034359833197043, -0.026203076218766497, -0.8766888994039825], [0.5529338233894732, 0.7849501666997901, 0.27949494226169574], [0.6808334704561694, -0.6190045513521232, 0.39153435470206593]], "trans": [-563.8471776830982, 138.34310679128816, 13.293386215861972]}], "rb_ScNup133N_56-480_renamed_1.pdb_5": [{"rot": [[0.7438077878472417, 0.5225681661647699, -0.4167403105640013], [0.09166601565639476, 0.537850986966106, 0.8380415606598907], [0.6620780288693111, -0.6615427631912943, 0.352156011105522]], "trans": [-617.6576045526734, 634.6441911782429, 15.208909596684919]}], "rb_ScNup133N_56-480_renamed_1.pdb_6": [{"rot": [[0.6050288183292424, 0.736571857899999, 0.30232768173103514], [-0.4212567245077422, -0.026077129120410658, 0.9065664649620806], [0.6756351834001295, -0.6758564059669621, 0.29450843360639495]], "trans": [-305.8810844118833, 1023.612587352852, -11.49288621610242]}], "rb_ScNup133N_56-480_renamed_1.pdb_7": [{"rot": [[0.1453053669050871, 0.49044161891636995, 0.8592749087360028], [-0.6853570237041501, -0.5764771397698412, 0.444926800026892], [0.7135629617685919, -0.6535603459187767, 0.25236238593451665]], "trans": [188.84121453112652, 1077.385241176823, -51.145707838861824]}], "rb_ScNup133C_490_881_renamed_relative_3CQC_1.pdb_7": [{"rot": [[0.7162458536769293, 0.3791238404096856, -0.5858813793965619], [-0.28439355983441617, 0.9252518282071379, 0.2510564827365695], [0.6372693152940249, -0.013197273671495036, 0.7705281641525666]], "trans": [243.8599157068183, 99.8678882615014, -284.71789464762423]}], "rb_ScNup133C_490_881_renamed_relative_3CQC_1.pdb_8": [{"rot": [[0.31988045490696, 0.920808881214721, -0.22313112477780842], [-0.6691726946227079, 0.3862924716369864, 0.6348118076469371], [0.6707342240708314, -0.05375063378865008, 0.7397475718293489]], "trans": [-78.05612651367267, 21.030374276248295, -258.63437273882903]}], "rb_ScNup133C_490_881_renamed_relative_3CQC_1.pdb_9": [{"rot": [[-0.23172336854058523, 0.9240697032572884, 0.303972801405308], [-0.6599783848655623, -0.37890150397097366, 0.6487389165132442], [0.7146557296925897, -0.05028751147671712, 0.6976663631041926]], "trans": [-361.33992112756613, 193.66157470532772, -236.85359421704965]}], "rb_ScNup133C_490_881_renamed_relative_3CQC_1.pdb_10": [{"rot": [[-0.6154283192762238, 0.38699607100726086, 0.6866454870293586], [-0.26219678685848224, -0.9220686784705434, 0.2846791125893729], [0.7433039948728444, -0.004836652616050874, 0.6689363033933363]], "trans": [-440.0379136092756, 516.6318150326382, -232.11104134813496]}], "rb_ScNup133C_490_881_renamed_relative_3CQC_1.pdb_11": [{"rot": [[-0.6064546269192131, -0.3757867090250805, 0.7007118771709071], [0.2911460305654521, -0.9250140623827142, -0.2440962377428374], [0.7398964619284631, 0.055976188815660244, 0.6703878667692418]], "trans": [-268.04579698205794, 800.7406913892321, -247.16096357150394]}], "rb_ScNup133C_490_881_renamed_relative_3CQC_1.pdb_12": [{"rot": [[-0.21005920698135272, -0.9174297290595917, 0.33793168214893377], [0.6758940428255747, -0.3860122082818237, -0.6278230785263383], [0.7064293117044791, 0.0965259928466558, 0.7011707069392602]], "trans": [53.882935084281996, 879.5533348654394, -273.1628993436174]}], "rb_ScNup133C_490_881_renamed_relative_3CQC_1.pdb_13": [{"rot": [[0.34154391436233744, -0.9206308707934738, -0.18917334459193963], [0.6666564393929328, 0.37918199777368333, -0.6417088158817001], [0.6625080726889201, 0.09305811252334167, 0.7432518020937481]], "trans": [337.1598054894244, 706.9003044498049, -294.8605431606902]}], "rb_ScNup133C_490_881_renamed_relative_3CQC_1.pdb_14": [{"rot": [[0.7252178510247136, -0.3835148602629204, -0.5718176462060326], [0.2688447386085769, 0.9223070006381864, -0.27761898907725513], [0.6338624259865707, 0.047604081036227916, 0.7719794533477649]], "trans": [415.8391426854273, 383.9242965627151, -299.5191044367165]}], "rb_ScNup84_506-726_ScNup133C_882_1155_renamed_relative_3CQC_new_1.pdb_14": [{"rot": [[0.9895119519531747, 0.13921843101766454, 0.03852694390680231], [-0.14267374308524908, 0.9836439127788174, 0.10994933327320668], [-0.022589820182162906, -0.11429296267993978, 0.9931902228203716]], "trans": [-46.13135714521536, 58.46755037941557, 49.48524473895668]}], "rb_ScNup84_506-726_ScNup133C_882_1155_renamed_relative_3CQC_new_1.pdb_15": [{"rot": [[0.6004765121605072, 0.7898971083259515, 0.12446090390902795], [-0.7995580376460113, 0.5908351520818861, 0.10779966372876128], [0.011614765568518974, -0.16424488218107328, 0.9863512132593105]], "trans": [-306.2230676216632, 215.3813972923561, 69.49394289539805]}], "rb_ScNup84_506-726_ScNup133C_882_1155_renamed_relative_3CQC_new_1.pdb_16": [{"rot": [[-0.13774749242457002, 0.9732769555003878, 0.18373240384493517], [-0.987892528542564, -0.1483718898917164, 0.045322558839269125], [0.07137212607539217, -0.1752648001792022, 0.9819308883203655]], "trans": [-379.59482087319464, 510.79088548295624, 73.94605759086829]}], "rb_ScNup84_506-726_ScNup133C_882_1155_renamed_relative_3CQC_new_1.pdb_17": [{"rot": [[-0.792698030957654, 0.5819314724103442, 0.1816193633239206], [-0.5973482154913852, -0.8009393051345619, -0.04088201242382631], [0.12167555697474731, -0.14089709333017902, 0.9825187366793526]], "trans": [-223.2624959640782, 771.6410882905586, 60.25748216313025]}], "rb_ScNup84_506-726_ScNup133C_882_1155_renamed_relative_3CQC_new_1.pdb_18": [{"rot": [[-0.9806958431634709, -0.15488363897872073, 0.11935963127706574], [0.14328853624733065, -0.9845839005968365, -0.10031419673014895], [0.1330565991673664, -0.08127484889082791, 0.9877703884789151]], "trans": [71.19414022740841, 845.1223957177892, 36.471182007852974]}], "rb_ScNup84_506-726_ScNup133C_882_1155_renamed_relative_3CQC_new_1.pdb_19": [{"rot": [[-0.5916091598827015, -0.8055316973220217, 0.03342583659964016], [0.800142274526844, -0.5917240828679443, -0.09815778251925628], [0.09884807766411827, -0.03132561832736744, 0.9946093520465789]], "trans": [331.2801517209859, 688.1885385825213, 16.545512044016505]}], "rb_ScNup84_506-726_ScNup133C_882_1155_renamed_relative_3CQC_new_1.pdb_20": [{"rot": [[0.14662955369654546, -0.9888538959044307, -0.02584079211981538], [0.9884188178253067, 0.14749732750310002, -0.03567602764132961], [0.03908982670175891, -0.020310365188023653, 0.99902926609502]], "trans": [404.63539911021826, 392.77369995716003, 12.177215589569414]}], "rb_ScNup84_506-726_ScNup133C_882_1155_renamed_relative_3CQC_new_1.pdb_21": [{"rot": [[0.8015496499936855, -0.5974575059533725, -0.02372102811797884], [0.5978231123792185, 0.8000340052990523, 0.05052837490339783], [-0.01121092771462301, -0.05468198007689337, 0.9984408826538734]], "trans": [248.28925750476878, 131.93617445284633, 25.949307201693387]}], "rb_4XMM.renamed.noAb_Nup145c_149-550_Sec13_Nup84_7-436_3IKO_updated_1.pdb_21": [{"rot": [[0.9990368851488657, -0.008093085391799835, 0.04312544586311655], [0.009348868799367985, 0.9995357597650522, -0.028997648233463204], [-0.04287074485268204, 0.029372894303090123, 0.9986487532240927]], "trans": [-10.512366061771445, 2.083342674607934, 11.371313892381522]}], "rb_4XMM.renamed.noAb_Nup145c_149-550_Sec13_Nup84_7-436_3IKO_updated_1.pdb_22": [{"rot": [[0.7140025706702628, 0.6995055044508681, 0.029872701906461345], [-0.699943866080519, 0.7141671438073407, 0.006623823844347697], [-0.016700700958711484, -0.025638641715210686, 0.9995317636966252]], "trans": [-321.4750255539873, 148.21382416873888, 35.48720784492633]}], "rb_4XMM.renamed.noAb_Nup145c_149-550_Sec13_Nup84_7-436_3IKO_updated_1.pdb_23": [{"rot": [[0.012403091274584166, 0.9988824351594384, 0.04560750000584312], [-0.999095378165593, 0.01052448185690713, 0.041202677216326436], [0.04067663524658211, -0.04607728303179648, 0.9981093604076773]], "trans": [-438.43229789063787, 472.08697578919407, 43.274869131374885]}], "rb_4XMM.renamed.noAb_Nup145c_149-550_Sec13_Nup84_7-436_3IKO_updated_1.pdb_24": [{"rot": [[-0.6947546854555218, 0.7146584795101086, 0.08111217357399088], [-0.7128584936400982, -0.6991884333541509, 0.054482132015335374], [0.09564881119369732, -0.0199697853785688, 0.9952148072598019]], "trans": [-292.86705050011045, 783.973455500453, 30.196180865287715]}], "rb_4XMM.renamed.noAb_Nup145c_149-550_Sec13_Nup84_7-436_3IKO_updated_1.pdb_25": [{"rot": [[-0.9932077629869074, 0.01333603828003026, 0.11558758421878626], [-0.008914815399140973, -0.9992117691430915, 0.03868289637980236], [0.11601235110513311, 0.03738971100349473, 0.9925437743002233]], "trans": [29.94845556550024, 901.1658826834754, 3.9368279436299076]}], "rb_4XMM.renamed.noAb_Nup145c_149-550_Sec13_Nup84_7-436_3IKO_updated_1.pdb_26": [{"rot": [[-0.708118120313294, -0.6942403138117951, 0.12883755028121813], [0.7003555242378626, -0.7137876250757187, 0.003060385314245108], [0.08983800617485774, 0.09239920436488225, 0.9916609902982273]], "trans": [340.90625849358736, 755.011397876403, -20.096085534028646]}], "rb_4XMM.renamed.noAb_Nup145c_149-550_Sec13_Nup84_7-436_3IKO_updated_1.pdb_27": [{"rot": [[-0.006495289876846166, -0.9935623728834119, 0.1131000548173923], [0.9994519595997672, -0.01012148922713102, -0.03151723192172688], [0.032459076721289976, 0.11283335786063657, 0.9930836025694374]], "trans": [457.84480616312027, 431.1294758526343, -27.799735087208944]}], "rb_4XMM.renamed.noAb_Nup145c_149-550_Sec13_Nup84_7-436_3IKO_updated_1.pdb_28": [{"rot": [[0.7006401813708563, -0.7092830562896345, 0.07759434456870412], [0.7131595815918307, 0.6995690943300539, -0.044793899606878254], [-0.02251105133876483, 0.08672155625138057, 0.9959782247865463]], "trans": [312.2617618550282, 119.25483006397269, -14.637209285012887]}], "rb_4XMM.renamed.noAb_Seh1_Nup85_47_544_3F3F_1.pdb_28": [{"rot": [[0.6795198747392533, -0.7046536830033072, 0.20424477193852913], [0.2963982883400762, 0.5183360898315764, 0.8021694039585296], [-0.6711190613471056, -0.4845522520925729, 0.5610778203498987]], "trans": [464.6523144501705, -112.17944867466394, 707.3497283551227]}], "rb_4XMM.renamed.noAb_Seh1_Nup85_47_544_3F3F_1.pdb_29": [{"rot": [[0.6774305531577959, -0.14371615102506724, 0.7214107800572851], [-0.307973778523898, 0.8352200489063332, 0.4555871175160829], [-0.6680119739870187, -0.5308042368326011, 0.5215427736729982]], "trans": [-51.40609350397983, -227.37252956821877, 749.0844859499928]}], "rb_4XMM.renamed.noAb_Seh1_Nup85_47_544_3F3F_1.pdb_30": [{"rot": [[0.2499347210288202, 0.4764415893062689, 0.842933002796521], [-0.7336737263042804, 0.6612960481884238, -0.1562382795001367], [-0.631866677832464, -0.5793884263856912, 0.5148335195140996]], "trans": [-497.6464577001279, 57.27768394373354, 783.3088867060654]}], "rb_4XMM.renamed.noAb_Seh1_Nup85_47_544_3F3F_1.pdb_31": [{"rot": [[-0.35253453549528657, 0.7925223894804657, 0.497622008612252], [-0.7313205232220593, 0.09845121962681003, -0.6748908427799297], [-0.5838575970194554, -0.6018435174745701, 0.5448804335599698]], "trans": [-612.6529674637719, 575.0192000130601, 789.997798997569]}], "rb_4XMM.renamed.noAb_Seh1_Nup85_47_544_3F3F_1.pdb_32": [{"rot": [[-0.7770422311261854, 0.6193616600161966, -0.1122341532173588], [-0.30229270882296344, -0.5235920000950318, -0.7965365877528512], [-0.5521091280162929, -0.5850150011225881, 0.59408160990105]], "trans": [-329.05127444431776, 1022.5518551661523, 765.2567685916638]}], "rb_4XMM.renamed.noAb_Seh1_Nup85_47_544_3F3F_1.pdb_33": [{"rot": [[-0.7749057722047881, 0.05839939779991579, -0.6293731441206439], [0.3020791739258337, -0.8404319220546493, -0.44991372180875994], [-0.5552199716184419, -0.5387612594908171, 0.6336143057001487]], "trans": [187.0226641428307, 1137.7048265990707, 723.6034448498445]}], "rb_4XMM.renamed.noAb_Seh1_Nup85_47_544_3F3F_1.pdb_34": [{"rot": [[-0.34737672649131957, -0.5617447943941821, -0.7508476515666872], [0.7277455544665402, -0.6664592525251986, 0.16192119279988576], [-0.5913677517808688, -0.49017838660490515, 0.6403197103471431]], "trans": [633.2473717700516, 853.0199967846938, 689.46293703312]}], "rb_4XMM.renamed.noAb_Seh1_Nup85_47_544_3F3F_1.pdb_35": [{"rot": [[0.2550923628757257, -0.8777817047456848, -0.40549619630304157], [0.7253450651824447, -0.1035896343316724, 0.6805466362230452], [-0.6393765892007234, -0.4677269144199274, 0.6102697032536186]], "trans": [748.2200362802052, 335.26986987956377, 682.8592409028744]}], "rb_4XMM.renamed.noAb_Nup120_715-1036_Nup85_553-744_Nup145c_92-99_554-712_remaining_updated_1.pdb_35": [{"rot": [[0.9955826662611718, -0.018256133690650853, 0.09209705870961778], [0.0178521669576352, 0.99982707194336, 0.005208295698349293], [-0.09217621588680248, -0.003541156849647958, 0.9957364136321183]], "trans": [-16.932396591252996, -10.651553746488503, 53.0077061133959]}], "rb_4XMM.renamed.noAb_Nup120_715-1036_Nup85_553-744_Nup145c_92-99_554-712_remaining_updated_1.pdb_36": [{"rot": [[0.7165737462643851, 0.6918551861344676, 0.08864799819208082], [-0.694336729481562, 0.7196398589743078, -0.003870331805402666], [-0.06647234204893283, -0.05877818297869329, 0.9960554969218585]], "trans": [-334.18131456890126, 146.13180726713904, 77.5728225027712]}], "rb_4XMM.renamed.noAb_Nup120_715-1036_Nup85_553-744_Nup145c_92-99_554-712_remaining_updated_1.pdb_37": [{"rot": [[0.017194942573801497, 0.9966618744439051, 0.07980878385141715], [-0.9998094484526578, 0.0178770968284373, -0.007840675594342546], [-0.009241251791435652, -0.07965875619757837, 0.9967793546349056]], "trans": [-448.0761292678929, 481.993811166397, 85.05805552511168]}], "rb_4XMM.renamed.noAb_Nup120_715-1036_Nup85_553-744_Nup145c_92-99_554-712_remaining_updated_1.pdb_38": [{"rot": [[-0.692847780367503, 0.7176038754516879, 0.07075755208130984], [-0.7196157640170472, -0.6943586935742544, -0.004376852295061944], [0.045990275254474564, -0.05395074229859796, 0.9974839407165634]], "trans": [-291.89373898140735, 800.1818772080245, 71.1024550353311]}], "rb_4XMM.renamed.noAb_Nup120_715-1036_Nup85_553-744_Nup145c_92-99_554-712_remaining_updated_1.pdb_39": [{"rot": [[-0.9976013838581187, 0.01815729968524309, 0.06679664207505563], [-0.017897087248061525, -0.9998297436912257, 0.004491981563812039], [0.06686683178077225, 0.003285741693229244, 0.9977564987055326]], "trans": [42.87392322829237, 914.2970666482845, 43.905413475496346]}], "rb_4XMM.renamed.noAb_Nup120_715-1036_Nup85_553-744_Nup145c_92-99_554-712_remaining_updated_1.pdb_40": [{"rot": [[-0.7185369099474339, -0.6919321865747278, 0.07024641076314937], [0.6942698867696849, -0.7195868052221484, 0.013570338057193595], [0.04115863661490528, 0.058520756421066564, 0.9974373602888074]], "trans": [360.11715395399125, 757.4892092840809, 19.423346170831337]}], "rb_4XMM.renamed.noAb_Nup120_715-1036_Nup85_553-744_Nup145c_92-99_554-712_remaining_updated_1.pdb_41": [{"rot": [[-0.01913426226141035, -0.9966841500153778, 0.07908593500636721], [0.9996877031022631, -0.017800142947640762, 0.01753998794643329], [-0.016074087029409705, 0.07939685144363928, 0.9967134812507572]], "trans": [473.9923088462855, 421.61867574533267, 12.022198246744153]}], "rb_4XMM.renamed.noAb_Nup120_715-1036_Nup85_553-744_Nup145c_92-99_554-712_remaining_updated_1.pdb_42": [{"rot": [[0.6908866266081477, -0.7175705934504897, 0.08813689686574029], [0.7194382985508381, 0.694413721179953, 0.014075454354351025], [-0.07130360265992954, 0.05368451594378447, 0.996008920138566]], "trans": [317.79162986884864, 103.443277148741, 26.061671414537443]}], "rb_4XMM.renamed.noAb_Nup120_2-711_3F7F_updated_1.pdb_42": [{"rot": [[0.972460140693921, 0.1854916186805782, 0.1411174481090804], [-0.2243221942985593, 0.9092189271085037, 0.3507142650830463], [-0.06325209804140436, -0.37271141917966616, 0.9257890527039302]], "trans": [-132.72617946238825, 84.10199201308347, 284.5277191946452]}], "rb_4XMM.renamed.noAb_Nup120_2-711_3F7F_updated_1.pdb_43": [{"rot": [[0.5300226008685093, 0.7651245927679285, 0.36559595198838407], [-0.8476162558407662, 0.4907129024384246, 0.20186017491060057], [-0.02495446659542283, -0.41687552689282326, 0.9086209714037913]], "trans": [-344.89520161794474, 308.0746569861228, 300.39040953744797]}], "rb_4XMM.renamed.noAb_Nup120_2-711_3F7F_updated_1.pdb_44": [{"rot": [[-0.2222987144801336, 0.8801352699479666, 0.4194582078516282], [-0.974327470123486, -0.21626085088716696, -0.06258774110259946], [0.035626710530829386, -0.42260282886793155, 0.9056144800794509]], "trans": [-337.09873762281967, 616.888437472196, 298.3076965101218]}], "rb_4XMM.renamed.noAb_Nup120_2-711_3F7F_updated_1.pdb_45": [{"rot": [[-0.8437833710902257, 0.4631487738780784, 0.2711509467563166], [-0.5302266211917802, -0.7975471398402172, -0.28771216504040525], [0.08300212558219629, -0.3865381908530146, 0.9185308237402355]], "trans": [-113.90215267623671, 829.6359833834359, 279.5236676715147]}], "rb_4XMM.renamed.noAb_Nup120_2-711_3F7F_updated_1.pdb_46": [{"rot": [[-0.9703568941859175, -0.24155832653440149, 0.00755465338446433], [0.22452575182818815, -0.9126202602153554, -0.3416320351056728], [0.08941859242823488, -0.3298087863086068, 0.9398034261492116]], "trans": [193.94476002751287, 821.6868993798198, 255.0662768712758]}], "rb_4XMM.renamed.noAb_Nup120_2-711_3F7F_updated_1.pdb_47": [{"rot": [[-0.5278707292510768, -0.8211586754977259, -0.21691224689896096], [0.8477850668128616, -0.49406875556582813, -0.19276033114400054], [0.05111725431835326, -0.2856475003014263, 0.9569704968715068]], "trans": [406.10285172436653, 597.6979877479305, 239.28701339058202]}], "rb_4XMM.renamed.noAb_Nup120_2-711_3F7F_updated_1.pdb_48": [{"rot": [[0.2244604892405408, -0.9361142162242599, -0.2707538789246349], [0.974437229087878, 0.21291400110845554, 0.07169180357283807], [-0.009464424833812546, -0.27992463684861213, 0.9599753238223039]], "trans": [398.28883420847853, 288.885227960562, 241.4535971652251]}], "rb_4XMM.renamed.noAb_Nup120_2-711_3F7F_updated_1.pdb_49": [{"rot": [[0.8459105256263648, -0.519082372083275, -0.12242905548490612], [0.5302876161970439, 0.7941675424908312, 0.29680457975261954], [-0.05683684317924783, -0.3159927300531974, 0.9470576370057651]], "trans": [175.08218245756728, 76.15560575624761, 260.32081777237477]}]}
