{"rb_ScNup133N_56-480_renamed_1.pdb_0": [{"rot": [[-0.20233415353167283, 0.12967806917474214, 0.9706927880074794], [-0.4675952797594297, -0.8837028425536124, 0.020589813242642224], [0.8604740232344745, -0.4497253433349926, 0.2394401196560444]], "trans": [423.05872293561, 643.4307825113867, -175.0053976543678]}], "rb_ScNup133N_56-480_renamed_1.pdb_1": [{"rot": [[-0.45608228888229296, -0.5399577475424735, 0.7074140065313574], [-0.13847617287070096, -0.7421623553298576, -0.6557586353821978], [0.8790980009731411, -0.39703988363903314, 0.2637158233495491]], "trans": [434.3605573094451, 285.4101055107907, -174.12304588793364]}], "rb_ScNup133N_56-480_renamed_1.pdb_2": [{"rot": [[-0.4035812647864658, -0.9138645987145404, 0.0444258700496557], [0.27414914563864534, -0.16710931224593872, -0.947056874589003], [0.8729057272460513, -0.37003509695298054, 0.3179773865608071]], "trans": [189.9894761651786, 24.33943992248436, -153.33368720424124]}], "rb_ScNup133N_56-480_renamed_1.pdb_3": [{"rot": [[-0.07558692142396678, -0.7730025788382602, -0.6298838229539211], [0.5285589461688434, 0.5045821058116773, -0.6826582885452539], [0.8455247233135935, -0.3845307680850165, 0.37043762047262213]], "trans": [-166.8965821913701, 13.15777953966142, -124.7920161489684]}], "rb_ScNup133N_56-480_renamed_1.pdb_4": [{"rot": [[0.33575703014321084, -0.1998906453116381, -0.920494946551206], [0.4757163803911155, 0.8794255952958443, -0.01745129697544215], [0.812995167351557, -0.4320351284970315, 0.3903645803701548]], "trans": [-427.22681934224863, 258.4156154711703, -105.1941411626695]}], "rb_ScNup133N_56-480_renamed_1.pdb_5": [{"rot": [[0.5894795031372971, 0.4697341503271677, -0.6571634069220672], [0.14657736841823243, 0.7378325547735355, 0.6588764650402552], [0.7943733319092418, -0.48471945404818517, 0.36608477217529584]], "trans": [-438.49419836886415, 616.437566088026, -105.99676884116894]}], "rb_ScNup133N_56-480_renamed_1.pdb_6": [{"rot": [[0.5369462953914875, 0.8435961610833264, 0.005847467044036769], [-0.266043815676022, 0.16275018384459142, 0.9501226582915985], [0.8005681507566358, -0.5117205239816216, 0.3118216498738892]], "trans": [-194.0962164281176, 877.48944140455, -126.70570367216499]}], "rb_ScNup133N_56-480_renamed_1.pdb_7": [{"rot": [[0.20893210072150636, 0.7026817496015287, 0.6801365569244401], [-0.5204278642905382, -0.5089301559393833, 0.6856711562006262], [0.8279506116659899, -0.49722073081524754, 0.25936331562012327]], "trans": [162.79725598682, 888.643488824061, -155.16535473449255]}], "rb_ScNup133C_490_881_renamed_relative_3CQC_1.pdb_7": [{"rot": [[0.7809378680464617, 0.37972231063778017, -0.4959304518326637], [-0.2837780956527818, 0.9230070043379467, 0.2598616215811177], [0.5564225360988944, -0.06220158154735758, 0.8285679963492917]], "trans": [180.7540106620944, 99.10051801952639, -243.9473967250766]}], "rb_ScNup133C_490_881_renamed_relative_3CQC_1.pdb_8": [{"rot": [[0.36457897687673735, 0.9186818173932992, -0.1520062104338292], [-0.7189868016537172, 0.381460770623236, 0.5809867980628154], [0.591726413697468, -0.10252511334531228, 0.7995926790974648]], "trans": [-122.52954976905886, 67.31087645267658, -219.57790910347995]}], "rb_ScNup133C_490_881_renamed_relative_3CQC_1.pdb_9": [{"rot": [[-0.23671504431755425, 0.9181912157033948, 0.31763324636891777], [-0.731254618922006, -0.38362828947869715, 0.5640000157951043], [0.639712959145715, -0.09876348979642322, 0.7622421550821377]], "trans": [-359.4696170442396, 259.97939249898036, -201.58850361489453]}], "rb_ScNup133C_490_881_renamed_relative_3CQC_1.pdb_10": [{"rot": [[-0.6706976796750984, 0.3785379069554962, 0.637866502864187], [-0.31339488712566094, -0.9240602168043929, 0.2188523713440394], [0.6722709775097613, -0.0531203230145218, 0.7383968879138776]], "trans": [-391.26144555943466, 564.2382496276163, -200.49362274396424]}], "rb_ScNup133C_490_881_renamed_relative_3CQC_1.pdb_11": [{"rot": [[-0.6831357822482873, -0.38414159147422366, 0.6210964021081332], [0.2898042710268006, -0.9232423682362836, -0.25226377858915855], [0.6703275225638897, 0.007665976330902602, 0.7420257713181185]], "trans": [-199.27902056639698, 801.848436077923, -216.9106582415141]}], "rb_ScNup133C_490_881_renamed_relative_3CQC_1.pdb_12": [{"rot": [[-0.2667429361725004, -0.9230588756247072, 0.2771471055820738], [0.7249802835815365, -0.38165385099723237, -0.5733619506359082], [0.6350210976181064, 0.04798593699647957, 0.7710029542293996]], "trans": [104.01355976102326, 833.6146711188617, -241.19827433169195]}], "rb_ScNup133C_490_881_renamed_relative_3CQC_1.pdb_13": [{"rot": [[0.3345520581819361, -0.922508601706895, -0.192491039123945], [0.7372009064022059, 0.38343514511603116, -0.5563383081269979], [0.5870347042262432, 0.04421955751286871, 0.8083531943200137]], "trans": [340.9451387809047, 640.9279631547158, -259.1044381522985]}], "rb_ScNup133C_490_881_renamed_relative_3CQC_1.pdb_14": [{"rot": [[0.7685021148627736, -0.3828131279407035, -0.512697384943297], [0.3193071263296788, 0.9238246984255124, -0.2111655408775067], [0.5544794482454001, -0.0014267639124799225, 0.8321961943064936]], "trans": [372.71977010740017, 336.66701938864395, -260.11546155912583]}], "rb_ScNup84_506-726_ScNup133C_882_1155_renamed_relative_3CQC_new_1.pdb_14": [{"rot": [[0.9832330800638178, 0.15778041656960584, 0.0914223737131102], [-0.17208894562816868, 0.9686820073365607, 0.1789987805963947], [-0.060316706315938176, -0.1917303022725743, 0.9795924592041652]], "trans": [-63.926760137828865, 60.240677644672644, 98.14372512110657]}], "rb_ScNup84_506-726_ScNup133C_882_1155_renamed_relative_3CQC_new_1.pdb_15": [{"rot": [[0.5745419194625254, 0.7909776314810184, 0.2103710276558901], [-0.8181054367770917, 0.5627134493058552, 0.11856250792755077], [-0.024598314903279808, -0.24022481234665352, 0.9704055659552526]], "trans": [-316.62700994221984, 231.97941974957723, 117.49114797828281]}], "rb_ScNup84_506-726_ScNup133C_882_1155_renamed_relative_3CQC_new_1.pdb_16": [{"rot": [[-0.16992523622971484, 0.952715426102316, 0.2519101644613756], [-0.984815469253362, -0.1733946341031743, -0.008531845257969739], [0.03555145020326504, -0.24953480264465722, 0.9677130135828163]], "trans": [-374.3203213106676, 532.6242654165604, 120.66812128788598]}], "rb_ScNup84_506-726_ScNup133C_882_1155_renamed_relative_3CQC_new_1.pdb_17": [{"rot": [[-0.8140490302214929, 0.5482455198414389, 0.19170557208708447], [-0.5745579554209228, -0.8084197485055419, -0.1278306148337089], [0.0848960084925944, -0.21420634957915163, 0.9730921372316181]], "trans": [-203.20722562858177, 786.0533417567591, 105.8375341910135]}], "rb_ScNup84_506-726_ScNup133C_882_1155_renamed_relative_3CQC_new_1.pdb_18": [{"rot": [[-0.9804926618469302, -0.18548791318831281, 0.06502594963062888], [0.17233246848623762, -0.9703552280302279, -0.16944689946954777], [0.09452862196054732, -0.15493535908709816, 0.9833917704225467]], "trans": [96.47372629808649, 843.8044392952879, 81.71135862147764]}], "rb_ScNup84_506-726_ScNup133C_882_1155_renamed_relative_3CQC_new_1.pdb_19": [{"rot": [[-0.5717511048446399, -0.8186534822767049, -0.053917993890322854], [0.818316860988328, -0.5643369854814101, -0.10900129283619861], [0.05880636981774699, -0.10644361311970763, 0.9925782428075274]], "trans": [349.1671206685365, 672.0462675987807, 62.44705330817476]}], "rb_ScNup84_506-726_ScNup133C_882_1155_renamed_relative_3CQC_new_1.pdb_20": [{"rot": [[0.17272907343748267, -0.9803338694172335, -0.09544721925159359], [0.9849684565776896, 0.17178376779859406, 0.01809631641746913], [-0.0013441489467988649, -0.09713826019829551, 0.9952699893341783]], "trans": [406.8435174229623, 371.39730223245215, 59.35392483152907]}], "rb_ScNup84_506-726_ScNup133C_882_1155_renamed_relative_3CQC_new_1.pdb_21": [{"rot": [[0.8168208873912564, -0.575814424129518, -0.03523332067447336], [0.5746604007705765, 0.806777115235737, 0.1373903567143664], [-0.05068591231850473, -0.13247050726970122, 0.989890146933561]], "trans": [235.7171834446903, 117.98206305348833, 74.26797636745783]}], "rb_4XMM.renamed.noAb_Nup145c_149-550_Sec13_Nup84_7-436_3IKO_updated_1.pdb_21": [{"rot": [[0.9908284495820991, -0.005447809249791333, 0.1350159430330853], [0.007609035927741007, 0.9998509720265791, -0.01549633213883607], [-0.13491140081915168, 0.01638154790868876, 0.9907222410025582]], "trans": [-35.554824882428534, -0.6605916312884119, 67.49881547708216]}], "rb_4XMM.renamed.noAb_Nup145c_149-550_Sec13_Nup84_7-436_3IKO_updated_1.pdb_22": [{"rot": [[0.7051371484459827, 0.7013462471112928, 0.10437932527265602], [-0.7006905555910101, 0.7117774447801883, -0.049047063191885634], [-0.10869382313191057, -0.038552701138735934, 0.9933274092905509]], "trans": [-340.0535367041398, 167.15550567150683, 90.99398201431325]}], "rb_4XMM.renamed.noAb_Nup145c_149-550_Sec13_Nup84_7-436_3IKO_updated_1.pdb_23": [{"rot": [[0.003772999083232975, 0.9982474036688732, 0.05905832325991852], [-0.9986740577794652, 0.006793598307925308, -0.051029142069304805], [-0.05134092710710105, -0.058787482429388506, 0.9969494175299964]], "trans": [-437.15238152097635, 501.7712424224596, 97.14653591394068]}], "rb_4XMM.renamed.noAb_Nup145c_149-550_Sec13_Nup84_7-436_3IKO_updated_1.pdb_24": [{"rot": [[-0.7023949905749457, 0.7113267766052116, 0.025602619000062818], [-0.7117785334882463, -0.7021110898545233, -0.020281439017389304], [0.0035491520881095247, -0.032468975772788504, 0.9994664422239111]], "trans": [-269.96757360625963, 807.1641187461531, 82.37622925173974]}], "rb_4XMM.renamed.noAb_Nup145c_149-550_Sec13_Nup84_7-436_3IKO_updated_1.pdb_25": [{"rot": [[-0.9996836552181375, 0.00866651483504303, 0.023611035773942433], [-0.008071426074042194, -0.9996502578254918, 0.025183607973435735], [0.023821032111050147, 0.024985066540683918, 0.9994039748165515]], "trans": [63.56358259704109, 904.430798447791, 55.359720832937796]}], "rb_4XMM.renamed.noAb_Nup145c_149-550_Sec13_Nup84_7-436_3IKO_updated_1.pdb_26": [{"rot": [[-0.7139371033281902, -0.698105092786977, 0.054250271116742146], [0.7002057186696917, -0.7115212657053189, 0.058731933318782445], [-0.002400840189226077, 0.07991725642179999, 0.9967986095959397]], "trans": [368.055746334994, 736.5912058931494, 31.94766712322445]}], "rb_4XMM.renamed.noAb_Nup145c_149-550_Sec13_Nup84_7-436_3IKO_updated_1.pdb_27": [{"rot": [[-0.012549694028615943, -0.9949512730362016, 0.09957142895143156], [0.9981341626443354, -0.006514139696790711, 0.060710454999959376], [-0.0597553222908179, 0.10014754249432463, 0.993176606243959]], "trans": [465.1350280896612, 401.9682577341721, 25.87918419689362]}], "rb_4XMM.renamed.noAb_Nup145c_149-550_Sec13_Nup84_7-436_3IKO_updated_1.pdb_28": [{"rot": [[0.6935959387504232, -0.7079753479914939, 0.13302473599012413], [0.7111832225784829, 0.7023680051838203, 0.02996012711897735], [-0.1146433498804152, 0.07382473792993927, 0.9906597853944473]], "trans": [297.93292913054995, 96.58891198113645, 40.73327981898569]}], "rb_4XMM.renamed.noAb_Seh1_Nup85_47_544_3F3F_1.pdb_28": [{"rot": [[0.6993747467325552, -0.6801186988156244, 0.21980336474703363], [0.24355664486610537, 0.5158850709776371, 0.8213055182354281], [-0.671978514816018, -0.5208657687578839, 0.5264444192523255]], "trans": [437.9453460703945, -92.16049779322168, 737.389157794193]}], "rb_4XMM.renamed.noAb_Seh1_Nup85_47_544_3F3F_1.pdb_29": [{"rot": [[0.6542367042397808, -0.12876809516607124, 0.74524701441386], [-0.35938059697549324, 0.8141039352344297, 0.4561582720431083], [-0.6654471589412706, -0.5662628014474533, 0.4863399205842293]], "trans": [-55.632782604859244, -192.66477997621928, 777.2606299899498]}], "rb_4XMM.renamed.noAb_Seh1_Nup85_47_544_3F3F_1.pdb_30": [{"rot": [[0.19730105614952667, 0.47145127183796004, 0.8595382432007618], [-0.7535295608331645, 0.6337876144623388, -0.17466098793009563], [-0.6271088375974784, -0.6132266775316518, 0.48029943553020316]], "trans": [-475.61731654193994, 86.42126780982954, 809.4193507909735]}], "rb_4XMM.renamed.noAb_Seh1_Nup85_47_544_3F3F_1.pdb_31": [{"rot": [[-0.40375285209429856, 0.7689224339124333, 0.4957236377780459], [-0.7079922261786941, 0.08056795182977744, -0.7016094446403154], [-0.5794226799981655, -0.6342452962097034, 0.5118615654057348]], "trans": [-575.9734806393132, 581.6052204537636, 815.0502930152472]}], "rb_4XMM.renamed.noAb_Seh1_Nup85_47_544_3F3F_1.pdb_32": [{"rot": [[-0.7968191661823557, 0.589382589970737, -0.13306907621172404], [-0.24944500572908973, -0.5214711738958562, -0.8159932621734644], [-0.5503239096398319, -0.6170056542974821, 0.5625367695037067]], "trans": [-297.90930560756044, 1002.8014531982129, 790.8787762126931]}], "rb_4XMM.renamed.noAb_Seh1_Nup85_47_544_3F3F_1.pdb_33": [{"rot": [[-0.7516340970868323, 0.038008712105716436, -0.6584842609360735], [0.3534886732604619, -0.8196467541128134, -0.45080478740679697], [-0.5568589964910511, -0.5716069771061177, 0.6026387987431489]], "trans": [195.6832074541132, 1103.267390829777, 751.0888206458203]}], "rb_4XMM.renamed.noAb_Seh1_Nup85_47_544_3F3F_1.pdb_34": [{"rot": [[-0.2946676953933605, -0.5621966076576216, -0.7727262928293743], [0.7476017602730082, -0.6392833296543198, 0.18002342198387866], [-0.5951995945296544, -0.5246444498556603, 0.608675318956984]], "trans": [615.6525180790095, 824.1487873093447, 719.013948225263]}], "rb_4XMM.renamed.noAb_Seh1_Nup85_47_544_3F3F_1.pdb_35": [{"rot": [[0.3063826775597603, -0.8596246301069046, -0.40887057879588096], [0.7020172519420722, -0.08604033769244579, 0.7069433062597525], [-0.6428852408221956, -0.5036293831810617, 0.5771100514890122]], "trans": [715.9765958750475, 328.9573729466747, 713.4680763718716]}], "rb_4XMM.renamed.noAb_Nup120_715-1036_Nup85_553-744_Nup145c_92-99_554-712_remaining_updated_1.pdb_35": [{"rot": [[0.9887390612974614, -0.08588324040442477, 0.12255259149545382], [0.079682007193183, 0.9953214803207449, 0.054643650516664755], [-0.12667220055829667, -0.044263075240629654, 0.9909565751212117]], "trans": [12.770520229330145, -59.487063720836545, 96.26360092935829]}], "rb_4XMM.renamed.noAb_Nup120_715-1036_Nup85_553-744_Nup145c_92-99_554-712_remaining_updated_1.pdb_36": [{"rot": [[0.7546294725364828, 0.6399300608143271, 0.1449961256223128], [-0.6477806728195162, 0.7617695516814187, 0.009346125003756978], [-0.10447276726881935, -0.10097854919369001, 0.9893880803314405]], "trans": [-346.69707104971485, 93.1581850054022, 124.21394087077914]}], "rb_4XMM.renamed.noAb_Nup120_715-1036_Nup85_553-744_Nup145c_92-99_554-712_remaining_updated_1.pdb_37": [{"rot": [[0.07624455284291676, 0.9887167085750338, 0.12894199605379086], [-0.9958987622809344, 0.0818312446480165, -0.03859148463922815], [-0.04870752969600298, -0.12547078378614118, 0.9909009329731227]], "trans": [-493.3728810518232, 456.0433132000578, 134.18054193977477]}], "rb_4XMM.renamed.noAb_Nup120_715-1036_Nup85_553-744_Nup145c_92-99_554-712_remaining_updated_1.pdb_38": [{"rot": [[-0.649008246599379, 0.7561525667277397, 0.08379493825435509], [-0.7607397759195115, -0.6461759933891654, -0.06108665076313396], [0.007955449700146902, -0.10339188265321755, 0.9946088826375381]], "trans": [-341.3302388095747, 816.5852128815732, 120.34883360223915]}], "rb_4XMM.renamed.noAb_Nup120_715-1036_Nup85_553-744_Nup145c_92-99_554-712_remaining_updated_1.pdb_39": [{"rot": [[-0.9962656098126346, 0.07847698872099, 0.03600273525642996], [-0.0800631636874767, -0.9957752574858895, -0.04496138787073409], [0.03232219864135621, -0.04767597739109174, 0.9983397601291819]], "trans": [20.364045389529053, 963.5734723709099, 90.84563053057468]}], "rb_4XMM.renamed.noAb_Nup120_715-1036_Nup85_553-744_Nup145c_92-99_554-712_remaining_updated_1.pdb_40": [{"rot": [[-0.7620992770977043, -0.6473181166232111, 0.013562733446262186], [0.6473811174294111, -0.7621663693846713, 0.0003378976693967856], [0.010118332026704405, 0.009037769103418754, 0.9999079648080766]], "trans": [379.82627331150996, 810.900413519936, 62.978329980512285]}], "rb_4XMM.renamed.noAb_Nup120_715-1036_Nup85_553-744_Nup145c_92-99_554-712_remaining_updated_1.pdb_41": [{"rot": [[-0.0836871879042857, -0.9960517428832459, 0.029620602288273637], [0.9954459505885159, -0.08220070962052689, 0.04827424566792391], [-0.04564881200642612, 0.03352564447000413, 0.99839482026164]], "trans": [526.4803167615221, 448.00418368886085, 53.09599444440272]}], "rb_4XMM.renamed.noAb_Nup120_715-1036_Nup85_553-744_Nup145c_92-99_554-712_remaining_updated_1.pdb_42": [{"rot": [[0.6415472903076591, -0.7634308146518556, 0.07476941579886329], [0.7602300488110865, 0.6457882508009052, 0.07076586756480334], [-0.10231005416669667, 0.011442306039876005, 0.9946867479005119]], "trans": [374.416082603799, 87.47462794474859, 67.01184032141668]}], "rb_4XMM.renamed.noAb_Nup120_2-711_3F7F_updated_1.pdb_42": [{"rot": [[0.9664107115399851, 0.2553606499047959, 0.029004742732504522], [-0.2487150291178228, 0.9008426783197452, 0.35584168278692074], [0.0647392532525598, -0.35110312929096377, 0.9340960452171889]], "trans": [-139.1802019553545, 103.13605006950507, 188.62871668191056]}], "rb_4XMM.renamed.noAb_Nup120_2-711_3F7F_updated_1.pdb_43": [{"rot": [[0.5110674734433107, 0.809179690869646, 0.2898935416189426], [-0.8532288138364785, 0.43679350632877534, 0.28497723429812505], [0.10397417384843886, -0.39298811777599163, 0.9136463815171691]], "trans": [-337.94774443529104, 320.5584979671455, 203.45509601121967]}], "rb_4XMM.renamed.noAb_Nup120_2-711_3F7F_updated_1.pdb_44": [{"rot": [[-0.23714480374929364, 0.8738273948803653, 0.424485601653698], [-0.9575110400822829, -0.2840597956795387, 0.04982610359081138], [0.1641187075724535, -0.3946336483817513, 0.9040626822237796]], "trans": [-325.2887304214668, 615.2360512966798, 201.05358705862662]}], "rb_4XMM.renamed.noAb_Nup120_2-711_3F7F_updated_1.pdb_45": [{"rot": [[-0.8399128182652918, 0.4114322253948472, 0.3539349963203643], [-0.5004717093410532, -0.8394311993571684, -0.2118568613357328], [0.20993933853115054, -0.355075746077407, 0.910959213513247]], "trans": [-108.61707547601333, 814.5425611593438, 182.85503253102362]}], "rb_4XMM.renamed.noAb_Nup120_2-711_3F7F_updated_1.pdb_46": [{"rot": [[-0.9441265681722076, -0.3071282075304012, 0.11957126498674396], [0.25014909418443415, -0.9039763056929666, -0.3467740898977326], [0.21459369503802866, -0.29748798779926633, 0.930295890115111]], "trans": [185.1398232029511, 801.7215806509801, 159.5444071714854]}], "rb_4XMM.renamed.noAb_Nup120_2-711_3F7F_updated_1.pdb_47": [{"rot": [[-0.4887361693606964, -0.8609110705856656, -0.14131201400331658], [0.8546271200356191, -0.43988368130942374, -0.2758891672706459], [0.17535518942493197, -0.25560609433405573, 0.9507450142288594]], "trans": [383.89694573628236, 584.2839377243923, 144.80140889663375]}], "rb_4XMM.renamed.noAb_Nup120_2-711_3F7F_updated_1.pdb_48": [{"rot": [[0.25948426154083587, -0.9255025542548032, -0.2758857373632062], [0.9588506175287135, 0.28097467072357757, -0.04072748060682903], [0.11521029154294164, -0.2539650694083933, 0.9603272006160077]], "trans": [371.22148060779045, 289.6077862719202, 147.28669887333905]}], "rb_4XMM.renamed.noAb_Nup120_2-711_3F7F_updated_1.pdb_49": [{"rot": [[0.8622166462021953, -0.4630640566645131, -0.20531472045920213], [0.5017639922809475, 0.836309763682341, 0.22094993826627213], [0.06939273061438765, -0.2935262485621836, 0.9534290693821369]], "trans": [154.54080735306823, 90.31868754333743, 165.56836409184515]}]}
