{"rb_ScNup133N_56-480_renamed_1.pdb_0": [{"rot": [[0.8388932971965368, 0.13473310378916503, 0.5273566408627651], [0.26862220274083154, 0.7401825379558438, -0.6164186261785962], [-0.47339217158016555, 0.6587691562668843, 0.5847418666711244]], "trans": [-72.8959410383759, 64.05851357964988, 305.378777058099]}], "rb_ScNup133N_56-480_renamed_1.pdb_1": [{"rot": [[0.7747440825017045, 0.6303622005798735, -0.04914369449573411], [-0.4285459793204487, 0.4663724661878054, -0.773850803701967], [-0.46488702954252037, 0.6205966635923869, 0.6314584949948239]], "trans": [-316.19727136907625, 252.93672751062533, 323.89365621097994]}], "rb_ScNup133N_56-480_renamed_1.pdb_2": [{"rot": [[0.23793779838849605, 0.7879465959731976, -0.567913519818188], [-0.8758135496703662, -0.07873878990800437, -0.47618360868221166], [-0.41992407684226196, 0.6106884351762946, 0.671359370851484]], "trans": [-355.1606022068032, 559.0289180137826, 325.5512301906507]}], "rb_ScNup133N_56-480_renamed_1.pdb_3": [{"rot": [[-0.45705686494096387, 0.5151711292077538, -0.725050156776166], [-0.811164859125198, -0.5758173704419484, 0.10220531893064683], [-0.3648432451488348, 0.634848850930775, 0.6810699985619242]], "trans": [-166.9587516245889, 803.0220807876659, 309.4044736892136]}], "rb_ScNup133N_56-480_renamed_1.pdb_4": [{"rot": [[-0.9031022342835255, -0.028168485151180006, -0.4285007478131036], [-0.27247202215283983, -0.7336676341292576, 0.622487590057117], [-0.3319116623079756, 0.6789243986449911, 0.6549017554935174]], "trans": [138.15889599967682, 841.9816975709183, 284.9363892356638]}], "rb_ScNup133N_56-480_renamed_1.pdb_5": [{"rot": [[-0.8388986430386086, -0.5237762399235777, 0.14801188195377074], [0.4246911017792992, -0.45981867081318817, 0.7798745142912896], [-0.3404211138831773, 0.7170950010027323, 0.6081843674079639]], "trans": [381.4520338681311, 653.0847923164932, 266.5047306040679]}], "rb_ScNup133N_56-480_renamed_1.pdb_6": [{"rot": [[-0.3020574602281219, -0.6813181242944266, 0.6667585051789423], [0.8719165246717246, 0.08530493552532392, 0.482166612261155], [-0.38538664315841975, 0.7269997809373407, 0.5682855389609525]], "trans": [420.39802472345355, 346.9899523639774, 264.93102820838817]}], "rb_ScNup133N_56-480_renamed_1.pdb_7": [{"rot": [[0.3929321797968738, -0.40850388105871394, 0.8238500356497183], [0.8072132879155912, 0.5823620900503287, -0.09623462934261556], [-0.44046680907030317, 0.7028363787057255, 0.558578566430224]], "trans": [232.18367132338892, 103.01196768997636, 281.1611840024042]}], "rb_ScNup133C_490_881_renamed_relative_3CQC_1.pdb_7": [{"rot": [[0.870689912045825, 0.28465310033501157, -0.4010881318754026], [-0.22384954786100356, 0.9554893110970187, 0.19217584734240029], [0.43793887357034056, -0.0775421746471629, 0.8956543720470139]], "trans": [124.7729026285158, 77.43193110207108, -194.7750256032371]}], "rb_ScNup133C_490_881_renamed_relative_3CQC_1.pdb_8": [{"rot": [[0.4681146724400041, 0.8738796808569481, -0.1311600428169603], [-0.7466898932477967, 0.47054674692866577, 0.4701488724611013], [0.47257047809610625, -0.12214770706079309, 0.8727869619167148]], "trans": [-176.52094958124843, 94.27477264047798, -170.80075004204855]}], "rb_ScNup133C_490_881_renamed_relative_3CQC_1.pdb_9": [{"rot": [[-0.18520022741152886, 0.9488458698934987, 0.2557193597535543], [-0.8306749710919121, -0.2901909260179292, 0.47515083800653], [0.5250523480265268, -0.12442162851733815, 0.8419259410357448]], "trans": [-377.7728450878646, 319.9062713066877, -155.816293301651]}], "rb_ScNup133C_490_881_renamed_relative_3CQC_1.pdb_10": [{"rot": [[-0.7065337074356578, 0.4656354168837871, 0.5329106668107576], [-0.4266051386026702, -0.881072852529462, 0.20425152203446023], [0.5646398639619957, -0.08303184376526146, 0.8211501305765714]], "trans": [-361.08467251256695, 622.1484305730836, -158.57575652022268]}], "rb_ScNup133C_490_881_renamed_relative_3CQC_1.pdb_11": [{"rot": [[-0.7904812642321797, -0.2926801815317105, 0.5380313022831104], [0.22880979896309353, -0.9559520686203131, -0.1838524364783144], [0.5681421008835407, -0.02222507230829461, 0.8226302932451051]], "trans": [-136.23068531393432, 823.9436487221438, -177.43860233470656]}], "rb_ScNup133C_490_881_renamed_relative_3CQC_1.pdb_12": [{"rot": [[-0.38786523536914164, -0.8818689555512578, 0.26808152570994837], [0.7516185298287348, -0.47096327370751545, -0.46180426636919547], [0.5335073990209801, 0.022377221758593774, 0.8454993288798253]], "trans": [165.06839370511892, 807.077558444753, -201.33070479966528]}], "rb_ScNup133C_490_881_renamed_relative_3CQC_1.pdb_13": [{"rot": [[0.2654562325594816, -0.9567758137924904, -0.1187982775003204], [0.8355523278500558, 0.2897802578070059, -0.4667758665673035], [0.481025255074698, 0.024646385678674082, 0.8763602339525105]], "trans": [366.3092290774807, 581.4306700324591, -216.2317285112947]}], "rb_ScNup133C_490_881_renamed_relative_3CQC_1.pdb_14": [{"rot": [[0.7867582118084053, -0.47351926251099336, -0.39596846362189553], [0.4314415906796149, 0.8806242386782503, -0.195854803577024], [0.44144044896665624, -0.016746888767647947, 0.8971342551328203]], "trans": [349.60401528550676, 279.1902291334899, -213.38843877370152]}], "rb_ScNup84_506-726_ScNup133C_882_1155_renamed_relative_3CQC_new_1.pdb_14": [{"rot": [[0.9731083255305171, 0.22306693338704756, 0.057457201572072264], [-0.22929512801616728, 0.9618637407753268, 0.1491371464449632], [-0.02199843292702243, -0.15830125524137653, 0.9871457752215536]], "trans": [-68.60282457887797, 103.52047467433084, 64.46537071302637]}], "rb_ScNup84_506-726_ScNup133C_882_1155_renamed_relative_3CQC_new_1.pdb_15": [{"rot": [[0.5277918039187153, 0.8331160386325076, 0.16538886869891983], [-0.8492132579384384, 0.5138061584024067, 0.12181984292120235], [0.016512245692634347, -0.20474593466303803, 0.9786758646156279]], "trans": [-290.09604772587, 263.93823431999925, 81.38048223601905]}], "rb_ScNup84_506-726_ScNup133C_882_1155_renamed_relative_3CQC_new_1.pdb_16": [{"rot": [[-0.22418633402892468, 0.9488113624707065, 0.22248030492867113], [-0.971496077745933, -0.23563104684568875, 0.025949579701303488], [0.07704452322482672, -0.2103212024710964, 0.9745917777367983]], "trans": [-333.69464637350893, 534.4443302331088, 83.58065891600899]}], "rb_ScNup84_506-726_ScNup133C_882_1155_renamed_relative_3CQC_new_1.pdb_17": [{"rot": [[-0.8423066922109302, 0.5023769528931615, 0.19528654192868705], [-0.5245085874076622, -0.8474169930700313, -0.08231149124980514], [0.12413773798608324, -0.171760988172315, 0.977286030264308]], "trans": [-173.85603335450384, 756.5725940869878, 69.8010111325537]}], "rb_ScNup84_506-726_ScNup133C_882_1155_renamed_relative_3CQC_new_1.pdb_18": [{"rot": [[-0.9644656493072319, -0.24465961824442634, 0.09973806949641653], [0.22989763871260133, -0.963158846790559, -0.1395425080878637], [0.13020402075493165, -0.11165440900194158, 0.9851802910785808]], "trans": [95.78599143943234, 800.1972737026924, 48.13785575142151]}], "rb_ScNup84_506-726_ScNup133C_882_1155_renamed_relative_3CQC_new_1.pdb_19": [{"rot": [[-0.5191007658095219, -0.8546737943540051, -0.008191469983854963], [0.8497807962258189, -0.5150533981376502, -0.11221673419180017], [0.09168965755079359, -0.06521274654074719, 0.9936499908855387]], "trans": [317.2732412707264, 639.76253344854, 31.30577954655689]}], "rb_ScNup84_506-726_ScNup133C_882_1155_renamed_relative_3CQC_new_1.pdb_20": [{"rot": [[0.23288692988438453, -0.9703106698707007, -0.06527543047807786], [0.9720045911082271, 0.23439286278099591, -0.01634199320334046], [0.031156905391174255, -0.05964218148594013, 0.9977334601154981]], "trans": [360.85727555724714, 369.25342309043003, 29.189254992230815]}], "rb_ScNup84_506-726_ScNup133C_882_1155_renamed_relative_3CQC_new_1.pdb_21": [{"rot": [[0.8509724426104872, -0.523828532636888, -0.03807322304489339], [0.5249686009622031, 0.8461437491269568, 0.0919169397726278], [-0.01593329599701588, -0.0982060293915937, 0.9950385449166326]], "trans": [201.00786581833137, 147.13811044977922, 43.05217691655011]}], "rb_4XMM.renamed.noAb_Nup145c_149-550_Sec13_Nup84_7-436_3IKO_updated_1.pdb_21": [{"rot": [[0.9991312233930907, -0.025139391779765013, 0.03323867358918369], [0.025297372448590087, 0.9996705455716293, -0.004340882826949116], [-0.03311859580691986, 0.005177962674978425, 0.9994380157440046]], "trans": [0.241433190493467, -12.108796263673298, 15.319007064288087]}], "rb_4XMM.renamed.noAb_Nup145c_149-550_Sec13_Nup84_7-436_3IKO_updated_1.pdb_22": [{"rot": [[0.725505771315244, 0.6870373741805211, 0.04026192081119106], [-0.6881714524502556, 0.7248824648420582, 0.031071919750908422], [-0.007837590240479947, -0.05024996162820272, 0.9987059194455521]], "trans": [-323.77847436018965, 130.82705924347027, 40.49118790200782]}], "rb_4XMM.renamed.noAb_Nup145c_149-550_Sec13_Nup84_7-436_3IKO_updated_1.pdb_23": [{"rot": [[0.029032838246961956, 0.997110902492206, 0.07019218214660772], [-0.9983676393274421, 0.02547078079376991, 0.05112040756395188], [0.04918486603696887, -0.07156177371287362, 0.996222746927609]], "trans": [-452.22387499661835, 461.7044096263105, 49.16044541447218]}], "rb_4XMM.renamed.noAb_Nup145c_149-550_Sec13_Nup84_7-436_3IKO_updated_1.pdb_24": [{"rot": [[-0.6822839113519997, 0.7234357482335558, 0.1054958884884618], [-0.7235738881440792, -0.6888392803530035, 0.044059893767622225], [0.1045442141214636, -0.046272713563283656, 0.9934431756639199]], "trans": [-309.84772860655994, 786.6907544551188, 36.27221121553487]}], "rb_4XMM.renamed.noAb_Nup145c_149-550_Sec13_Nup84_7-436_3IKO_updated_1.pdb_25": [{"rot": [[-0.9917450960003993, 0.02633467558896303, 0.1254916308794357], [-0.024768252935272416, -0.9995948130066193, 0.014026526897053923], [0.12581016733829914, 0.010802530809189232, 0.9919955176927078]], "trans": [19.9459240902886, 915.4046274168963, 9.400599524222457]}], "rb_4XMM.renamed.noAb_Nup145c_149-550_Sec13_Nup84_7-436_3IKO_updated_1.pdb_26": [{"rot": [[-0.7180639903285017, -0.6858206779612457, 0.11846562148692924], [0.6886790720342026, -0.7247508444855799, -0.021385723264501243], [0.10052483044311297, 0.06622847649020477, 0.9927278314654865]], "trans": [343.96122459287454, 772.4437436602046, -15.688615739783245]}], "rb_4XMM.renamed.noAb_Nup145c_149-550_Sec13_Nup84_7-436_3IKO_updated_1.pdb_27": [{"rot": [[-0.021566844942493946, -0.9958396649168733, 0.08853379567980513], [0.9988205841899458, -0.025314846849465833, -0.04143186125967703], [0.04350071031235538, 0.08753582299399, 0.9952111172485377]], "trans": [472.38735459030966, 441.5567214333543, -24.27381361570565]}], "rb_4XMM.renamed.noAb_Nup145c_149-550_Sec13_Nup84_7-436_3IKO_updated_1.pdb_28": [{"rot": [[0.6897284917807499, -0.7221087914515969, 0.05323063905462054], [0.723971012715801, 0.6889737104389199, -0.03436857680035367], [-0.011856659441282034, 0.0622424263050418, 0.9979906312158205]], "trans": [329.9923896609276, 116.58196065902746, -11.301659235352759]}], "rb_4XMM.renamed.noAb_Seh1_Nup85_47_544_3F3F_1.pdb_28": [{"rot": [[0.6919648115256345, -0.6878214708303193, 0.21928594089706002], [0.26747514887622725, 0.5263915928014087, 0.8070743062207072], [-0.6705533120818454, -0.49981348050328933, 0.5482196096121107]], "trans": [445.7696222586469, -104.33909247480938, 719.2318991925313]}], "rb_4XMM.renamed.noAb_Seh1_Nup85_47_544_3F3F_1.pdb_29": [{"rot": [[0.6658739622910089, -0.1264057418187961, 0.7352778078917597], [-0.3371634813231884, 0.8281743245714254, 0.4477142782877165], [-0.6655318573929423, -0.5460301059061695, 0.5088403189991898]], "trans": [-59.0305587000974, -207.8363722878068, 760.0124007894296]}], "rb_4XMM.renamed.noAb_Seh1_Nup85_47_544_3F3F_1.pdb_30": [{"rot": [[0.22121235943136147, 0.48344550263944774, 0.8469625363689357], [-0.7460262398388109, 0.6432372691039163, -0.17230979399819307], [-0.628100263896437, -0.5937392202081875, 0.5029550644737544]], "trans": [-489.0629387690321, 77.09458400274804, 792.9435589039317]}], "rb_4XMM.renamed.noAb_Seh1_Nup85_47_544_3F3F_1.pdb_31": [{"rot": [[-0.3815309603695255, 0.7844728046382262, 0.48891363763198714], [-0.7195955577672936, 0.07991916110423086, -0.6897790667525165], [-0.5801864868480515, -0.6149921515527093, 0.5340115111188938]], "trans": [-592.406572907953, 583.5373214705436, 798.7578416844195]}], "rb_4XMM.renamed.noAb_Seh1_Nup85_47_544_3F3F_1.pdb_32": [{"rot": [[-0.7892604616914835, 0.6003301261816965, -0.12911879494950942], [-0.2733549013387485, -0.5317803089760927, -0.8015527436790253], [-0.5498590924269855, -0.5973386330917818, 0.5838163545939872]], "trans": [-308.51938975377476, 1014.8106604595266, 774.0731651978822]}], "rb_4XMM.renamed.noAb_Seh1_Nup85_47_544_3F3F_1.pdb_33": [{"rot": [[-0.7631224536741408, 0.03889084472146026, -0.6450826481120139], [0.331281660917727, -0.8335189666014726, -0.44215222882532607], [-0.554884295901361, -0.5511203448544271, 0.6231932153430318]], "trans": [196.29540933176594, 1118.2687148310501, 733.3741658852584]}], "rb_4XMM.renamed.noAb_Seh1_Nup85_47_544_3F3F_1.pdb_34": [{"rot": [[-0.3184289499599701, -0.5709459923692073, -0.7567190215826016], [0.7401095054567615, -0.6485340516198892, 0.17788058866002454], [-0.5923182622205201, -0.5034126117679513, 0.629074573125501]], "trans": [626.3121104949562, 833.3044143708892, 700.5268963009603]}], "rb_4XMM.renamed.noAb_Seh1_Nup85_47_544_3F3F_1.pdb_35": [{"rot": [[0.28431232479686513, -0.8719293672231907, -0.3986297537093365], [0.7136315164747811, -0.08519233551485506, 0.6953217418313818], [-0.6402316460957739, -0.4821632965534487, 0.5980150456252794]], "trans": [729.6227802981766, 326.85398108042193, 694.797755015157]}], "rb_4XMM.renamed.noAb_Nup120_715-1036_Nup85_553-744_Nup145c_92-99_554-712_remaining_updated_1.pdb_35": [{"rot": [[0.9886455595756908, -0.10103371367798053, 0.11123014983225782], [0.08877367305046882, 0.9899426466751015, 0.11014895036733208], [-0.12124022642835644, -0.09902396171802241, 0.987671535735069]], "trans": [23.82748766468194, -77.48136243826627, 123.12384592000532]}], "rb_4XMM.renamed.noAb_Nup120_715-1036_Nup85_553-744_Nup145c_92-99_554-712_remaining_updated_1.pdb_36": [{"rot": [[0.7610801002960454, 0.6243146628441343, 0.17603489055064486], [-0.6409731836463954, 0.7654895056985744, 0.05638434633439972], [-0.09955128718186806, -0.15574664819240341, 0.9827677868129714]], "trans": [-351.013115864022, 74.18899489713027, 152.30425343495742]}], "rb_4XMM.renamed.noAb_Nup120_715-1036_Nup85_553-744_Nup145c_92-99_554-712_remaining_updated_1.pdb_37": [{"rot": [[0.0857141761037084, 0.979186114442996, 0.18397726298891204], [-0.9953478843116189, 0.09231219667311602, -0.027587090128698033], [-0.04399624087632255, -0.1807567747759757, 0.98254329124031]], "trans": [-509.25047133334925, 447.28997245392827, 163.14267633609012]}], "rb_4XMM.renamed.noAb_Nup120_715-1036_Nup85_553-744_Nup145c_92-99_554-712_remaining_updated_1.pdb_38": [{"rot": [[-0.6418133319499181, 0.7556919410845239, 0.130404513385271], [-0.7667527326122342, -0.6352325209741032, -0.09257370754462438], [0.012879983036338666, -0.15940305667329782, 0.9871295616889373]], "trans": [-358.18499142339243, 823.2538736507514, 149.3138185673437]}], "rb_4XMM.renamed.noAb_Nup120_715-1036_Nup85_553-744_Nup145c_92-99_554-712_remaining_updated_1.pdb_39": [{"rot": [[-0.9953065515091559, 0.0847581807899555, 0.046700313833304176], [-0.08910199160538029, -0.9909386932648228, -0.10050542911982406], [0.03775849063332146, -0.1041948030363437, 0.993839896263634]], "trans": [13.68894905059284, 981.8358608706731, 118.94282489773076]}], "rb_4XMM.renamed.noAb_Nup120_715-1036_Nup85_553-744_Nup145c_92-99_554-712_remaining_updated_1.pdb_40": [{"rot": [[-0.7676841703018087, -0.6405727094941308, -0.018100235340232643], [0.6406269797516798, -0.766428629014111, -0.04673574051827103], [0.01606510137735624, -0.047473787282017364, 0.9987432863548256]], "trans": [388.52426567564925, 830.1364867894231, 89.84545655110776]}], "rb_4XMM.renamed.noAb_Nup120_715-1036_Nup85_553-744_Nup145c_92-99_554-712_remaining_updated_1.pdb_41": [{"rot": [[-0.09229058871471452, -0.9953916670737645, -0.026036058741738272], [0.9949486608594843, -0.09322348945194003, 0.037236316524635736], [-0.03949189142862407, -0.022467980205525276, 0.9989672569092911]], "trans": [546.7390581341181, 457.0235005001517, 79.09136707900689]}], "rb_4XMM.renamed.noAb_Nup120_715-1036_Nup85_553-744_Nup145c_92-99_554-712_remaining_updated_1.pdb_42": [{"rot": [[0.6352191101089056, -0.7718407436514942, 0.027541760872499238], [0.7662964149893776, 0.6343036624737021, 0.10221872698715716], [-0.09636641804527764, -0.043826136174156274, 0.9943806028182401]], "trans": [395.6507835145186, 81.07186705940035, 93.00445862803286]}], "rb_4XMM.renamed.noAb_Nup120_2-711_3F7F_updated_1.pdb_42": [{"rot": [[0.9649156201991287, 0.256105318786661, 0.05786114054280131], [-0.26121483879665663, 0.9140911450194589, 0.3101679973650593], [0.026545317631697655, -0.31440013404290645, 0.9489193336768067]], "trans": [-148.81187728165867, 116.56417825512824, 185.71781703357175]}], "rb_4XMM.renamed.noAb_Nup120_2-711_3F7F_updated_1.pdb_43": [{"rot": [[0.5004402474771119, 0.8197732318449388, 0.2784446211646956], [-0.8632136788670927, 0.44775074038822105, 0.2331982399130389], [0.0664958895104531, -0.357058990689639, 0.9317119586255773]], "trans": [-335.36689810746077, 336.6739169968511, 199.55770782774536]}], "rb_4XMM.renamed.noAb_Nup120_2-711_3F7F_updated_1.pdb_44": [{"rot": [[-0.2524590260297339, 0.8897726212368083, 0.380222464714405], [-0.9592403684384633, -0.28170839550523963, 0.022322532560274194], [0.12697383877854182, -0.35908921231254265, 0.9246256441753052]], "trans": [-312.1749040144521, 624.5878879660754, 196.34956316421503]}], "rb_4XMM.renamed.noAb_Nup120_2-711_3F7F_updated_1.pdb_45": [{"rot": [[-0.8527231900213426, 0.42509685766512184, 0.30357177537291574], [-0.4930411187835363, -0.8469588154807183, -0.19892516197851157], [0.1725503300156328, -0.3193014664587955, 0.9318116532479933]], "trans": [-92.82017881017006, 811.6421441772183, 177.99676432290332]}], "rb_4XMM.renamed.noAb_Nup120_2-711_3F7F_updated_1.pdb_46": [{"rot": [[-0.9487090335067171, -0.30204044464156005, 0.09339560773119196], [0.26227797624041155, -0.9168688534856576, -0.30093482465000476], [0.1765260120265116, -0.26100397565673916, 0.9490603204061329]], "trans": [194.19809991835507, 788.2577816719593, 155.2746445407007]}], "rb_4XMM.renamed.noAb_Nup120_2-711_3F7F_updated_1.pdb_47": [{"rot": [[-0.48418669597173225, -0.8656720013560207, -0.12718187572228082], [0.8642403407691118, -0.45048422352522854, -0.223947756725001], [0.1365718742320892, -0.21834823201283843, 0.9662671332222786]], "trans": [380.7424908734875, 568.1338065205696, 141.518146869097]}], "rb_4XMM.renamed.noAb_Nup120_2-711_3F7F_updated_1.pdb_48": [{"rot": [[0.26872008749065834, -0.9356144993499795, -0.22894327503794154], [0.9602079339923122, 0.2789803821464669, -0.013064068111625346], [0.07609361390568108, -0.21632257159967583, 0.973352098132672]], "trans": [357.5345728970617, 280.2220639099628, 144.8100265119212]}], "rb_4XMM.renamed.noAb_Nup120_2-711_3F7F_updated_1.pdb_49": [{"rot": [[0.8689479071425398, -0.4708946371093538, -0.15227532766094592], [0.4939615866567976, 0.8441943120760099, 0.2081776029403974], [0.03052024868996768, -0.25611365484909376, 0.9661647427947991]], "trans": [138.1717849105755, 93.18542901218268, 163.24585886009072]}]}
