{"rb_ScNup133N_56-480_renamed_1.pdb_0": [{"rot": [[-0.6753069908700783, -0.31156005783837426, 0.6684989143160581], [0.24805298460690064, -0.9495370387344226, -0.19196126926823476], [0.6945719436527854, 0.03619036378943853, 0.7185124025785354]], "trans": [888.511102996327, 294.72527149162715, -321.021786482153]}], "rb_ScNup133N_56-480_renamed_1.pdb_1": [{"rot": [[-0.29014771321090665, -0.8895763478862079, 0.35280054676816647], [0.6913369639996073, -0.4497566727069628, -0.5654839852404018], [0.6617155784219428, 0.07983017372521298, 0.7454928816807811]], "trans": [515.6189334446791, -297.6039592642189, -288.376771903458]}], "rb_ScNup133N_56-480_renamed_1.pdb_2": [{"rot": [[0.2947689599830067, -0.9461536856801631, -0.13380756071455255], [0.7314441417077204, 0.3135165747363059, -0.6055549726714078], [0.61489895738405, 0.08062605310602927, 0.784473525218379]], "trans": [-165.68060825634558, -451.75859893313196, -233.2817063883753]}], "rb_ScNup133N_56-480_renamed_1.pdb_3": [{"rot": [[0.7367905942295748, -0.44814826900007837, -0.5062635175944066], [0.34487916751862197, 0.8931464730903277, -0.2887000821232466], [0.5815479172574611, 0.038111764568705714, 0.8126189225799306]], "trans": [-756.2707309154849, -77.43256922146446, -187.9880512548777]}], "rb_ScNup133N_56-480_renamed_1.pdb_4": [{"rot": [[0.7769746836821158, 0.31270130718647754, -0.5463773727021853], [-0.2419027461215782, 0.94957765511775, 0.199462623867012], [0.5811999675979979, -0.022807222210124878, 0.8134411031409358]], "trans": [-910.173500019022, 606.0887804638492, -179.00546341951906]}], "rb_ScNup133N_56-480_renamed_1.pdb_5": [{"rot": [[0.39178082214366966, 0.8906786331703958, -0.23064986411039487], [-0.6851564805774684, 0.4497519387072422, 0.57296054903612], [0.6140589422222636, -0.06644370581771003, 0.786458421936012]], "trans": [-537.2285900577967, 1198.389122621301, -211.57206458955397]}], "rb_ScNup133N_56-480_renamed_1.pdb_6": [{"rot": [[-0.19313899506309373, 0.9471964419100011, 0.2559613818900225], [-0.7252177483271326, -0.3135257239253184, 0.6129933424992695], [0.6608755904838216, -0.06723481888230776, 0.7474777140708084]], "trans": [144.0895255289383, 1352.4906821754114, -266.5858757093133]}], "rb_ScNup133N_56-480_renamed_1.pdb_7": [{"rot": [[-0.6351304916490303, 0.44914580414452937, 0.628392636173454], [-0.3386180938589422, -0.8931165157947352, 0.2961092293833594], [0.6942240597163105, -0.024717116215982188, 0.7193344278407422]], "trans": [734.657001384308, 978.1187095025721, -311.7950256289184]}], "rb_ScNup133C_490_881_renamed_relative_3CQC_1.pdb_7": [{"rot": [[0.8413757981019944, 0.36210280857145055, -0.401208577167656], [-0.29240537711509956, 0.9293188520222283, 0.22553395910651594], [0.4545171743756268, -0.0724432695338266, 0.8877871991062053]], "trans": [122.46460139935039, 116.48067923651135, -201.92020790625998]}], "rb_ScNup133C_490_881_renamed_relative_3CQC_1.pdb_8": [{"rot": [[0.39932925230837124, 0.9104379311686863, -0.10788383447076322], [-0.7735512839331544, 0.3977515536397661, 0.49336813101629906], [0.49209202328040325, -0.11356264820102677, 0.8631042611164449]], "trans": [-150.76969148871302, 123.10138718848418, -180.1327174620124]}], "rb_ScNup133C_490_881_renamed_relative_3CQC_1.pdb_9": [{"rot": [[-0.25251618263181996, 0.923613410471505, 0.28839876127723496], [-0.8000667508888011, -0.36693483857023373, 0.4746072253618444], [0.5441771509639902, -0.11089225509757983, 0.8316093651036421]], "trans": [-339.37871523796196, 321.60349541784217, -166.02397859070027]}], "rb_ScNup133C_490_881_renamed_relative_3CQC_1.pdb_10": [{"rot": [[-0.7323002599099828, 0.39391086493005756, 0.5554912779025611], [-0.35641864357133823, -0.9167762539730232, 0.18024164520430103], [0.580260355229042, -0.06599644415602778, 0.8117526652301311]], "trans": [-332.8707310095875, 595.7017868392813, -167.8350845551696]}], "rb_ScNup133C_490_881_renamed_relative_3CQC_1.pdb_11": [{"rot": [[-0.7589587021010796, -0.36836248547158384, 0.5369271531616151], [0.2974977213143514, -0.929667838661691, -0.2172851020453616], [0.5792035862439111, -0.00517581445686606, 0.8151664962612821]], "trans": [-135.05629438788566, 784.8257343473927, -184.48105904365372]}], "rb_ScNup133C_490_881_renamed_relative_3CQC_1.pdb_12": [{"rot": [[-0.3168746178855314, -0.916656164013897, 0.24358151308180168], [0.7786089169974859, -0.3980575205542717, -0.4850962427211551], [0.5416259141805299, 0.035940051551257624, 0.8398509878440296]], "trans": [138.18402180985822, 778.183979639444, -206.18645059137162]}], "rb_ScNup133C_490_881_renamed_relative_3CQC_1.pdb_13": [{"rot": [[0.3349729028176063, -0.9297720028659281, -0.15269963020459906], [0.8050732213790263, 0.3666298802964232, -0.4663042344781162], [0.48954086917880313, 0.033264899827073785, 0.8713456167578688]], "trans": [326.78410100581135, 579.667473067273, -220.21192988246293]}], "rb_ScNup133C_490_881_renamed_relative_3CQC_1.pdb_14": [{"rot": [[0.8147223913303934, -0.40002655869482884, -0.4197691953962935], [0.36138747180557407, 0.9164297023797043, -0.1719177007123333], [0.4534606049998769, -0.011634128029751487, 0.8912003853108046]], "trans": [320.26127088513147, 305.57010005877964, -218.31716848776165]}], "rb_ScNup84_506-726_ScNup133C_882_1155_renamed_relative_3CQC_new_1.pdb_14": [{"rot": [[0.9704807750577116, 0.21408764208785408, 0.11105650250500756], [-0.2371268415331128, 0.9310470077818511, 0.27734875216050653], [-0.044021883965953496, -0.29549610962874445, 0.9543291481068592]], "trans": [-78.55082903576044, 81.38556538178312, 125.9744850799502]}], "rb_ScNup84_506-726_ScNup133C_882_1155_renamed_relative_3CQC_new_1.pdb_15": [{"rot": [[0.5199723641038188, 0.8023125568607299, 0.2931267672388205], [-0.8541677905297707, 0.4904416255676973, 0.17281318680008836], [-0.005111378461181343, -0.34023752440627475, 0.940325635509377]], "trans": [-311.5375132755173, 258.8405102768794, 143.72280266869353]}], "rb_ScNup84_506-726_ScNup133C_882_1155_renamed_relative_3CQC_new_1.pdb_16": [{"rot": [[-0.23365023542086438, 0.9078231908237004, 0.34823070182057075], [-0.9707340702971778, -0.23824712196104947, -0.030227034944695502], [0.05552415917459452, -0.34510196041162877, 0.9369213972730062]], "trans": [-351.2567986176866, 549.5417655754067, 145.51551507071605]}], "rb_ScNup84_506-726_ScNup133C_882_1155_renamed_relative_3CQC_new_1.pdb_17": [{"rot": [[-0.8489042786361257, 0.46880992690131906, 0.2440876444067917], [-0.5185395105630431, -0.82814309199071, -0.21282808830862399], [0.10236357603325603, -0.3072397624443224, 0.9461106841563717]], "trans": [-174.43865432763852, 783.1925538309679, 130.32643098485494]}], "rb_ScNup84_506-726_ScNup133C_882_1155_renamed_relative_3CQC_new_1.pdb_18": [{"rot": [[-0.9653652719444558, -0.2575470748136622, 0.04170606644758445], [0.23751393963708559, -0.9336769077447316, -0.26801970155625565], [0.10796768128322146, -0.24883113993059505, 0.9625102823342526]], "trans": [115.33627087294622, 822.9170656025199, 107.07753493587961]}], "rb_ScNup84_506-726_ScNup133C_882_1155_renamed_relative_3CQC_new_1.pdb_19": [{"rot": [[-0.5148087233658292, -0.8457376410828829, -0.14035605010829805], [0.8545195088223249, -0.49302537192760615, -0.16346984944538082], [0.06905351105117712, -0.20409268750056556, 0.9765130759597122]], "trans": [348.3156533143834, 645.4442385738512, 89.41236293990067]}], "rb_ScNup84_506-726_ScNup133C_882_1155_renamed_relative_3CQC_new_1.pdb_20": [{"rot": [[0.2388229880950592, -0.9511914446988492, -0.19544415030657647], [0.9710266347854359, 0.2356716325923387, 0.039574690504535034], [0.00841753494885479, -0.1992328213999245, 0.9799160310875656]], "trans": [388.01879909245076, 354.74027398039686, 87.70342673227441]}], "rb_ScNup84_506-726_ScNup133C_882_1155_renamed_relative_3CQC_new_1.pdb_21": [{"rot": [[0.8540417796572901, -0.5121321606046977, -0.09128684830888661], [0.518783800386753, 0.8255331259395562, 0.22216756386281813], [-0.038418837255741994, -0.23709851971453946, 0.97072564862225]], "trans": [211.1889589352645, 121.103770002082, 102.97585014061514]}], "rb_4XMM.renamed.noAb_Nup145c_149-550_Sec13_Nup84_7-436_3IKO_updated_1.pdb_21": [{"rot": [[0.9998917187939532, -0.013951026468923483, 0.004681831664967582], [0.013922629204973848, 0.9998848075883296, 0.006044166615131256], [-0.004765614681917335, -0.0059783287392091685, 0.999970773824011]], "trans": [3.65803265920988, -9.503761908898582, 5.1736882793532]}], "rb_4XMM.renamed.noAb_Nup145c_149-550_Sec13_Nup84_7-436_3IKO_updated_1.pdb_22": [{"rot": [[0.7185863527996704, 0.6948997800869344, 0.027348660025666185], [-0.6951173938300551, 0.7165062206683562, 0.05857170424755202], [0.021105979365607017, -0.06109935661429461, 0.9979085159754574]], "trans": [-319.72034415529413, 129.67682097123046, 30.313006319606643]}], "rb_4XMM.renamed.noAb_Nup145c_149-550_Sec13_Nup84_7-436_3IKO_updated_1.pdb_23": [{"rot": [[0.019802740848800016, 0.9965652451584662, 0.08040872836404282], [-0.9967354321428211, 0.013381884160317103, 0.07962037105781829], [0.07827087431439668, -0.08172293018833217, 0.9935768882756353]], "trans": [-450.3590146737203, 457.44479810769286, 39.17220959158112]}], "rb_4XMM.renamed.noAb_Nup145c_149-550_Sec13_Nup84_7-436_3IKO_updated_1.pdb_24": [{"rot": [[-0.6871018243289089, 0.7143254858237112, 0.13277870050051288], [-0.7142393860753659, -0.6975880515562329, 0.0568595612422741], [0.13324106867843183, -0.0557674692692633, 0.9895134193070512]], "trans": [-311.7260903618571, 781.7891837606509, 26.585456804974456]}], "rb_4XMM.renamed.noAb_Nup145c_149-550_Sec13_Nup84_7-436_3IKO_updated_1.pdb_25": [{"rot": [[-0.988012681097986, 0.0135205326815758, 0.1537795083409251], [-0.013119422608254298, -0.9999073734624457, 0.0036228781182836454], [0.15381424751952025, 0.0015619511645224874, 0.9880985464864142]], "trans": [14.967220333437467, 912.7045803539434, -0.04974988341842845]}], "rb_4XMM.renamed.noAb_Nup145c_149-550_Sec13_Nup84_7-436_3IKO_updated_1.pdb_26": [{"rot": [[-0.7066520067200255, -0.695308191367438, 0.13110858254097546], [0.6958984978679948, -0.716473160083223, -0.048902878702887446], [0.1279383525907306, 0.05668094827808539, 0.9901611222617598]], "trans": [338.3412829704425, 773.4990194513069, -25.106125937936156]}], "rb_4XMM.renamed.noAb_Nup145c_149-550_Sec13_Nup84_7-436_3IKO_updated_1.pdb_27": [{"rot": [[-0.007844851431145772, -0.9969188252904089, 0.0780468710943282], [0.9974616803857159, -0.013325170038522516, -0.06994738026222597], [0.07077184799146641, 0.07730003638444094, 0.994492860661572]], "trans": [468.9609254213816, 445.72119822309486, -33.881288069753055]}], "rb_4XMM.renamed.noAb_Nup145c_149-550_Sec13_Nup84_7-436_3IKO_updated_1.pdb_28": [{"rot": [[0.6990377000195387, -0.7146236070253222, 0.025678672736560687], [0.7149101605851549, 0.6976225897168113, -0.047182460818799433], [0.015803678163691444, 0.0513402629417438, 0.9985561682537296]], "trans": [330.3092327407993, 121.38810280725193, -21.210617671078353]}], "rb_4XMM.renamed.noAb_Seh1_Nup85_47_544_3F3F_1.pdb_28": [{"rot": [[0.7894553872169958, -0.5691590896862582, 0.2298219359016235], [0.3027413756052326, 0.6867605479223411, 0.6608385652442312], [-0.5339549148483526, -0.45212595639369413, 0.7144748200352289]], "trans": [332.16782078961364, -163.15196908085147, 582.9773278673688]}], "rb_4XMM.renamed.noAb_Seh1_Nup85_47_544_3F3F_1.pdb_29": [{"rot": [[0.7625518684467659, 0.0717201943779231, 0.6429392363565436], [-0.3730666255901713, 0.8606889851364389, 0.34646177817411], [-0.5285224127689434, -0.5040542476591148, 0.6830764046705865]], "trans": [-183.72373702024242, -177.20864598930174, 624.2067101100795]}], "rb_4XMM.renamed.noAb_Seh1_Nup85_47_544_3F3F_1.pdb_30": [{"rot": [[0.26714858647764, 0.6476576244430177, 0.7135623548393104], [-0.8316568188205975, 0.5290141464062774, -0.16879267937691333], [-0.48680444580159565, -0.5483462723524806, 0.6799542610682991]], "trans": [-558.5556874598176, 178.80840345241452, 652.3921847695929]}], "rb_4XMM.renamed.noAb_Seh1_Nup85_47_544_3F3F_1.pdb_31": [{"rot": [[-0.40654023092659275, 0.8212609332591295, 0.4003192727567489], [-0.8043806027699382, -0.11396417112478874, -0.583081481087598], [-0.433239987219116, -0.5590551378908698, 0.7069373849728113]], "trans": [-572.7442754918444, 696.3394886361225, 651.04630827636]}], "rb_4XMM.renamed.noAb_Seh1_Nup85_47_544_3F3F_1.pdb_32": [{"rot": [[-0.8638581755182067, 0.490830854715126, -0.11328779567971906], [-0.3072167693953156, -0.6915802030527836, -0.6537084054437204], [-0.3992078521179867, -0.5299074398468898, 0.7482186819388126]], "trans": [-217.97571284880618, 1072.2077194680842, 620.9815189581616]}], "rb_4XMM.renamed.noAb_Seh1_Nup85_47_544_3F3F_1.pdb_33": [{"rot": [[-0.8369019471724163, -0.15006201211380793, -0.5263805879203457], [0.3685890977023653, -0.865458333488238, -0.33929920431783134], [-0.4046445450935544, -0.4779783107172465, 0.7796149861373325]], "trans": [297.9234875755356, 1086.224303380061, 579.834199212314]}], "rb_4XMM.renamed.noAb_Seh1_Nup85_47_544_3F3F_1.pdb_34": [{"rot": [[-0.3414628845370054, -0.7259735892498606, -0.5969635216622016], [0.8271403927145574, -0.5337383019404236, 0.17596077910078778], [-0.44636517474336057, -0.43368856654680576, 0.7827338998809885]], "trans": [672.7342133331396, 730.1782446777639, 551.7330340243302]}], "rb_4XMM.renamed.noAb_Seh1_Nup85_47_544_3F3F_1.pdb_35": [{"rot": [[0.33222382380541987, -0.899526754453495, -0.28368811909994135], [0.7998113014498588, 0.10925361985750537, 0.5902249813597439], [-0.49992920795767043, -0.42298376395600445, 0.7557483195220633]], "trans": [686.8889697832318, 212.64646159360518, 553.1640870889463]}], "rb_4XMM.renamed.noAb_Nup120_715-1036_Nup85_553-744_Nup145c_92-99_554-712_remaining_updated_1.pdb_35": [{"rot": [[0.9783177491201193, -0.1712906442196358, 0.11642120493863654], [0.16320778197288716, 0.9836751770118511, 0.0758047889924669], [-0.1275053005173996, -0.05516032390699005, 0.9903028511553634]], "trans": [63.542016955908025, -105.56391095018216, 103.04624811260169]}], "rb_4XMM.renamed.noAb_Nup120_715-1036_Nup85_553-744_Nup145c_92-99_554-712_remaining_updated_1.pdb_36": [{"rot": [[0.8061097030997763, 0.570955212325444, 0.15555478805487222], [-0.5814230320677569, 0.8130988352838787, 0.028592688595763888], [-0.11015627240209763, -0.11349198023827678, 0.9874133714266117]], "trans": [-343.05263747279787, 25.186010330559384, 134.85943790670098]}], "rb_4XMM.renamed.noAb_Nup120_715-1036_Nup85_553-744_Nup145c_92-99_554-712_remaining_updated_1.pdb_37": [{"rot": [[0.15941014372337925, 0.9757567753220455, 0.1499570654928013], [-0.9855860582234679, 0.16601639317740013, -0.03253734826152089], [-0.056643869161774094, -0.14260880971906195, 0.9881569710713445]], "trans": [-538.49841718476, 406.0249056622315, 148.62595399207055]}], "rb_4XMM.renamed.noAb_Nup120_715-1036_Nup85_553-744_Nup145c_92-99_554-712_remaining_updated_1.pdb_38": [{"rot": [[-0.5829352086625903, 0.8059755814647216, 0.10290726205717311], [-0.8125168970735615, -0.5785021308591751, -0.0717744840548703], [0.0016835888605037097, -0.12545376309220588, 0.9920980389329227]], "trans": [-408.2985152999543, 813.8520971262956, 136.3051820392107]}], "rb_4XMM.renamed.noAb_Nup120_715-1036_Nup85_553-744_Nup145c_92-99_554-712_remaining_updated_1.pdb_39": [{"rot": [[-0.9860499795609632, 0.16107184802992597, 0.04196781600280704], [-0.16360190349482534, -0.9843072877340325, -0.06613305139292558], [0.030657054338127376, -0.07207650855787834, 0.9969278418889765]], "trans": [-28.72395682185237, 1009.756782394883, 105.13880888217778]}], "rb_4XMM.renamed.noAb_Nup120_715-1036_Nup85_553-744_Nup145c_92-99_554-712_remaining_updated_1.pdb_40": [{"rot": [[-0.8137838522612033, -0.5811607247935964, 0.0028379140745401236], [0.5810153695729074, -0.8136726946971693, -0.018917881073254546], [0.013303462668441776, -0.013746194441577328, 0.9998170132676282]], "trans": [377.86704323106306, 878.9753513767722, 73.40854026340969]}], "rb_4XMM.renamed.noAb_Nup120_715-1036_Nup85_553-744_Nup145c_92-99_554-712_remaining_updated_1.pdb_41": [{"rot": [[-0.16705275308790513, -0.98591183036655, 0.008440404553568235], [0.9851276244630092, -0.1665585022973417, 0.042211714396978066], [-0.04021120746280876, 0.01536645878993901, 0.9990730357379471]], "trans": [573.2896574339574, 498.1215271757299, 59.726419837754804]}], "rb_4XMM.renamed.noAb_Nup120_715-1036_Nup85_553-744_Nup145c_92-99_554-712_remaining_updated_1.pdb_42": [{"rot": [[0.5752791211547158, -0.8160725640537092, 0.05549326952216102], [0.8120002042780639, 0.5779466712475191, 0.08144515606401383], [-0.09853730773588878, -0.0017931516147621507, 0.9951317418269031]], "trans": [443.064476267178, 90.30496684282684, 72.13163156964643]}], "rb_4XMM.renamed.noAb_Nup120_2-711_3F7F_updated_1.pdb_42": [{"rot": [[0.9202345697982047, 0.37941877900278953, 0.09596732093970514], [-0.3909855577299044, 0.8804422579868266, 0.2682381851968372], [0.017280919968207624, -0.2843638874595181, 0.9585606654322728]], "trans": [-205.86708079372363, 227.04570901301128, 170.08461933033206]}], "rb_4XMM.renamed.noAb_Nup120_2-711_3F7F_updated_1.pdb_43": [{"rot": [[0.3770938123710141, 0.8840669955612492, 0.27609020995102174], [-0.9240185634999925, 0.3387808047007889, 0.1772491485838364], [0.06316605875708481, -0.3219520363743498, 0.9446464604790008]], "trans": [-298.23644721893106, 454.10537865405604, 176.38351557205624]}], "rb_4XMM.renamed.noAb_Nup120_2-711_3F7F_updated_1.pdb_44": [{"rot": [[-0.3828371383473885, 0.8592245257128943, 0.3393654960590907], [-0.9154971733706692, -0.4020508127323375, -0.01483474069811419], [0.12369580046345947, -0.3163674420586243, 0.9405376071975993]], "trans": [-203.5217337687991, 680.1206406904078, 167.77573375224978]}], "rb_4XMM.renamed.noAb_Nup120_2-711_3F7F_updated_1.pdb_45": [{"rot": [[-0.9143800163997573, 0.3194444385737161, 0.24872562448027122], [-0.3704133378312929, -0.9080629870944215, -0.19548803192480896], [0.16341096892637927, -0.27088163860527337, 0.9486411297751443]], "trans": [22.79375827938844, 772.6886846011562, 149.32783873186577]}], "rb_4XMM.renamed.noAb_Nup120_2-711_3F7F_updated_1.pdb_46": [{"rot": [[-0.9061495090684343, -0.419062479910926, 0.05726871000762494], [0.3919151465770884, -0.8828266518724954, -0.258881479884244], [0.1590458584763904, -0.21214085102709865, 0.9642098704260414]], "trans": [248.13313597462957, 677.5819618491453, 131.87087243035114]}], "rb_4XMM.renamed.noAb_Nup120_2-711_3F7F_updated_1.pdb_47": [{"rot": [[-0.3629671635982628, -0.923668463945178, -0.12284708731827777], [0.9249055048564148, -0.34112560807189146, -0.16787830891416608], [0.11315761236315379, -0.17455626093249985, 0.9781234413577524]], "trans": [340.4913279170905, 450.5154484224734, 125.65537675154474]}], "rb_4XMM.renamed.noAb_Nup120_2-711_3F7F_updated_1.pdb_48": [{"rot": [[0.39696314316326076, -0.898768213137401, -0.18610739379118102], [0.9163244699626057, 0.3997040348642804, 0.024210540286442553], [0.05262821218407358, -0.18014545114161307, 0.9822310765371305]], "trans": [245.7655163556351, 224.5080263195032, 134.3464816037668]}], "rb_4XMM.renamed.noAb_Nup120_2-711_3F7F_updated_1.pdb_49": [{"rot": [[0.9284635224979096, -0.3589486455043262, -0.09545342990893668], [0.371198933129046, 0.9056738264060442, 0.20485671140309164], [0.012916634028597461, -0.22563419522235795, 0.9741264653584396]], "trans": [19.44933067617046, 131.95814690798693, 152.8768201211941]}]}
