{"rb_ScNup133N_56-480_renamed_1.pdb_0": [{"rot": [[-0.6811871564887144, -0.43940561614467144, 0.5855824129320691], [0.41165491661727194, -0.8913220585770295, -0.18996109475057354], [0.6054124936435071, 0.11165882139146521, 0.7880406208729486]], "trans": [933.2831082479651, 182.95929695771645, -301.70647528184526]}], "rb_ScNup133N_56-480_renamed_1.pdb_1": [{"rot": [[-0.18074133644930074, -0.9376785409717323, 0.29680216154813754], [0.8060284843712564, -0.314145016690346, -0.5016283393816583], [0.563605049374736, 0.14856601997007352, 0.8125746033623964]], "trans": [468.9476793684489, -407.0748096117643, -261.78403357756457]}], "rb_ScNup133N_56-480_renamed_1.pdb_2": [{"rot": [[0.4512485232619634, -0.8832916984753868, -0.1271634603900286], [0.7297857501081954, 0.44726737013838624, -0.5170731655660668], [0.5136025011552402, 0.14052642105298532, 0.8464424350144097]], "trans": [-275.4179249612191, -494.7414856811782, -201.98570770242424]}], "rb_ScNup133N_56-480_renamed_1.pdb_3": [{"rot": [[0.8445538517691977, -0.30810566784447285, -0.4379494136357822], [0.22759078258194282, 0.9468689897902418, -0.2272477763529229], [0.48469704676793, 0.09224973504417552, 0.8698038625108127]], "trans": [-863.7519248304347, -28.684239513750583, -157.31819520928929]}], "rb_ScNup133N_56-480_renamed_1.pdb_4": [{"rot": [[0.7687708420277324, 0.4509274640543876, -0.4534929046958201], [-0.4063635252815801, 0.8919861690903266, 0.19806402871872528], [0.49382190895979877, 0.03201712530887765, 0.8689734322280847]], "trans": [-951.3980542671495, 718.0741394736478, -153.92434982737808]}], "rb_ScNup133N_56-480_renamed_1.pdb_5": [{"rot": [[0.26829424968455534, 0.9491553861876827, -0.16468833734394828], [-0.8006978011801809, 0.31477003825242283, 0.509708597341455], [0.5356316147982928, -0.004886296090173492, 0.8444376219349148]], "trans": [-487.01006149764737, 1308.0721803722345, -193.76832913344754]}], "rb_ScNup133N_56-480_renamed_1.pdb_6": [{"rot": [[-0.36368968074574853, 0.8947091567560262, 0.25927850072070713], [-0.7244054661791693, -0.44663805453118044, 0.5251201470276536], [0.5856334490863698, 0.003158015440827888, 0.8105698552559673]], "trans": [257.3689327822634, 1395.6808286464207, -253.4849633487073]}], "rb_ScNup133N_56-480_renamed_1.pdb_7": [{"rot": [[-0.7569558518436881, 0.31948414465231756, 0.5700418578274544], [-0.22217964584406125, -0.9461945126537404, 0.23527037466829545], [0.6145356322722111, 0.05143758878222862, 0.7872103474472794]], "trans": [845.6731313188554, 929.577819650427, -298.0674012441293]}], "rb_ScNup133C_490_881_renamed_relative_3CQC_1.pdb_7": [{"rot": [[0.7421552205153111, 0.3875021994916574, -0.5468525158129888], [-0.26339784281114126, 0.9189012534196336, 0.29366998972700825], [0.6163012291601443, -0.07390894298359034, 0.78403460579412]], "trans": [215.464242275208, 79.39096461881539, -260.267101085573]}], "rb_ScNup133C_490_881_renamed_relative_3CQC_1.pdb_8": [{"rot": [[0.3526359384176522, 0.9210713526216717, -0.16515283320604382], [-0.6737943567161527, 0.3724002759937509, 0.6382156369889738], [0.6493451006928174, -0.11377872305251024, 0.7519344003214461]], "trans": [-112.13966358423289, 27.97173518539003, -233.8636241266882]}], "rb_ScNup133C_490_881_renamed_relative_3CQC_1.pdb_9": [{"rot": [[-0.21218269572537263, 0.9132752299634846, 0.34771663458893487], [-0.6875632389049732, -0.3923672202383851, 0.610986707702305], [0.6944316353257629, -0.10943636880645996, 0.7111880096298305]], "trans": [-380.1198918712253, 224.0174303325108, -213.4165571746671]}], "rb_ScNup133C_490_881_renamed_relative_3CQC_1.pdb_10": [{"rot": [[-0.621421962090038, 0.36868091009559223, 0.6913097218781534], [-0.29663848405015336, -0.9273896527622922, 0.2279342925710358], [0.7251485053508633, -0.06342569258997084, 0.6856652439105312]], "trans": [-431.4879329947666, 552.6818343938726, -210.88007545246165]}], "rb_ScNup133C_490_881_renamed_relative_3CQC_1.pdb_11": [{"rot": [[-0.6353437281662672, -0.3936805756234843, 0.6643447534650563], [0.26997067441531025, -0.9192433367891669, -0.2865441025818832], [0.7235013351995468, -0.002700397281196698, 0.6903176991929099]], "trans": [-236.14975083604259, 821.4288220974111, -227.716080816145]}], "rb_ScNup133C_490_881_renamed_relative_3CQC_1.pdb_12": [{"rot": [[-0.24579242708970378, -0.9272071195625613, 0.28261818805209116], [0.6803366022732147, -0.37270049907912195, -0.6310597797305003], [0.6904550603715544, 0.03716578290131867, 0.7224199015729298]], "trans": [91.46470656726143, 872.8227355090468, -254.03779903480972]}], "rb_ScNup133C_490_881_renamed_relative_3CQC_1.pdb_13": [{"rot": [[0.31902729629565635, -0.9193513495578578, -0.23024916999725514], [0.6940611528248164, 0.39206635978328713, -0.603790597530108], [0.6453686546135986, 0.03281867749351719, 0.7631659282553211]], "trans": [359.43618404370443, 676.756412293244, -274.40159153854813]}], "rb_ScNup133C_490_881_renamed_relative_3CQC_1.pdb_14": [{"rot": [[0.7282360840725697, -0.37471528644448665, -0.573812390907927], [0.30310429084082496, 0.9270460306637511, -0.2207112274091651], [0.6146543701370112, -0.013195117862524669, 0.7886861822905638]], "trans": [410.78512502901754, 348.0883859201567, -276.8540566480099]}], "rb_ScNup84_506-726_ScNup133C_882_1155_renamed_relative_3CQC_new_1.pdb_14": [{"rot": [[0.99096142334106, 0.12947330802488402, 0.035101566331921734], [-0.13375607398112735, 0.9736125272806326, 0.1848998631567222], [-0.010235727771681887, -0.1879236792724986, 0.9821302971834598]], "trans": [-44.38345302717573, 36.738643691354696, 67.08774308570574]}], "rb_ScNup84_506-726_ScNup133C_882_1155_renamed_relative_3CQC_new_1.pdb_15": [{"rot": [[0.6080351959493162, 0.7744607514595533, 0.17465321335601128], [-0.793562305205647, 0.5863689056147767, 0.16257421162296404], [0.02349613252379676, -0.2374490492228446, 0.9711157916436077]], "trans": [-319.9545750715646, 199.79891996982508, 88.30034091197012]}], "rb_ScNup84_506-726_ScNup133C_882_1155_renamed_relative_3CQC_new_1.pdb_16": [{"rot": [[-0.12792701166128057, 0.9577376416450273, 0.25763014082912683], [-0.9882956779893975, -0.1448674823702441, 0.0478023578830995], [0.08310434738863834, -0.24849954190687795, 0.9650604359920576]], "trans": [-399.9433646660522, 510.5332214396416, 93.2053119238521]}], "rb_ScNup84_506-726_ScNup133C_882_1155_renamed_relative_3CQC_new_1.pdb_17": [{"rot": [[-0.7857881612053158, 0.5719377921065033, 0.23542329466283998], [-0.6038786368151011, -0.791728050159734, -0.09218072785892109], [0.13366958407918908, -0.21460162289834497, 0.9675115429500015]], "trans": [-237.48934768499058, 786.9091297413144, 78.95325984368662]}], "rb_ScNup84_506-726_ScNup133C_882_1155_renamed_relative_3CQC_new_1.pdb_18": [{"rot": [[-0.9801639154376846, -0.15693180551847213, 0.12104175845789245], [0.13449189531705819, -0.9752727564086036, -0.1753709802139131], [0.14557001397228692, -0.15561317111310233, 0.977033219500868]], "trans": [72.2415354617383, 867.0218576865956, 53.917242635155446]}], "rb_ScNup84_506-726_ScNup133C_882_1155_renamed_relative_3CQC_new_1.pdb_19": [{"rot": [[-0.5971862168309314, -0.8018890638798623, -0.01850815109719693], [0.7942680496595586, -0.5879785242159079, -0.15303437636976402], [0.11183419744049379, -0.10609045334411536, 0.9880475332655203]], "trans": [347.80647956059266, 703.9403564508555, 32.787717088045326]}], "rb_ScNup84_506-726_ScNup133C_882_1155_renamed_relative_3CQC_new_1.pdb_20": [{"rot": [[0.13879119878555746, -0.9851089271322221, -0.10147612933133211], [0.9889436521547875, 0.14327222435119835, -0.038256013804490674], [0.05222505148314714, -0.09504457593077709, 0.9941021439388009]], "trans": [427.77756823201554, 393.2001857023372, 27.96666209534999]}], "rb_ScNup84_506-726_ScNup133C_882_1155_renamed_relative_3CQC_new_1.pdb_21": [{"rot": [[0.7966223840620829, -0.5992586159822471, -0.0792583647464637], [0.6044749899350443, 0.7901024901465498, 0.10172532431625776], [0.0016624542910186266, -0.12894636960869266, 0.991650175218291]], "trans": [265.30852347920074, 116.8374356971101, 42.302324549852585]}], "rb_4XMM.renamed.noAb_Nup145c_149-550_Sec13_Nup84_7-436_3IKO_updated_1.pdb_21": [{"rot": [[0.9976811280982286, -0.012001657523736406, 0.0669949763290486], [0.010775340828086575, 0.9997682678650489, 0.018636056454068968], [-0.0672031150073076, -0.017870948122682702, 0.9975792552707338]], "trans": [-15.619516673452381, -10.752181564293608, 43.67973709064756]}], "rb_4XMM.renamed.noAb_Nup145c_149-550_Sec13_Nup84_7-436_3IKO_updated_1.pdb_22": [{"rot": [[0.7135660385276812, 0.6959645049669625, 0.08035494064463758], [-0.6993812430115447, 0.7143649658876461, 0.023421623256495046], [-0.04110213599728108, -0.07291161319319049, 0.9964910993471181]], "trans": [-333.50590516375587, 144.59809994786625, 68.30263643560505]}], "rb_4XMM.renamed.noAb_Nup145c_149-550_Sec13_Nup84_7-436_3IKO_updated_1.pdb_23": [{"rot": [[0.012007866379686094, 0.9955769942337563, 0.09317864399897235], [-0.9997953971673014, 0.010437047716770564, 0.01732719937082735], [0.016278051114496067, -0.0933676420792422, 0.9954986230349476]], "trans": [-448.8618133912359, 479.8993680144072, 75.90705590392037]}], "rb_4XMM.renamed.noAb_Nup145c_149-550_Sec13_Nup84_7-436_3IKO_updated_1.pdb_24": [{"rot": [[-0.696010719131234, 0.7113185895280585, 0.0979537801528663], [-0.7144802742951675, -0.6996445867994334, 0.003922984240666796], [0.07132332365730659, -0.06725560462938145, 0.9951832329518076]], "trans": [-294.1082104586647, 798.7275288492498, 62.06222424992649]}], "rb_4XMM.renamed.noAb_Nup145c_149-550_Sec13_Nup84_7-436_3IKO_updated_1.pdb_25": [{"rot": [[-0.995722447550726, 0.009711872369973522, 0.09188300701794855], [-0.010577496316871838, -0.999904104010326, -0.008938643911305224], [0.09178738483722912, -0.009872300561464696, 0.9957296890554013]], "trans": [40.09997434951947, 914.3086671534538, 34.90264396984605]}], "rb_4XMM.renamed.noAb_Nup145c_149-550_Sec13_Nup84_7-436_3IKO_updated_1.pdb_26": [{"rot": [[-0.7115519624352817, -0.6982320496745805, 0.07852266909455516], [0.6995567643987305, -0.7144452450745746, -0.013723161964706573], [0.06568209907180253, 0.04516632149693503, 0.9968178696552128]], "trans": [357.9807873765407, 758.933839209547, 10.362785043018448]}], "rb_4XMM.renamed.noAb_Nup145c_149-550_Sec13_Nup84_7-436_3IKO_updated_1.pdb_27": [{"rot": [[-0.009970340769368036, -0.9977896450626033, 0.06569944071897468], [0.9999158450313635, -0.010493834526653145, -0.007627731782150187], [0.008300310846942958, 0.06561786069943619, 0.9978103032125258]], "trans": [473.31707957097024, 423.6239268073234, 2.8424477419767413]}], "rb_4XMM.renamed.noAb_Nup145c_149-550_Sec13_Nup84_7-436_3IKO_updated_1.pdb_28": [{"rot": [[0.6980260111742571, -0.7134758506536961, 0.06092534988114222], [0.7145451610833945, 0.6995654656195773, 0.005776857689856842], [-0.0467429192120129, 0.03950151701451085, 0.9981256081561534]], "trans": [318.54513806285485, 104.80832129694932, 16.771156595613718]}], "rb_4XMM.renamed.noAb_Seh1_Nup85_47_544_3F3F_1.pdb_28": [{"rot": [[0.6592687225685233, -0.7305291025698774, 0.17802241920982143], [0.27927824290686265, 0.45773140352348834, 0.8440886359069604], [-0.698117765482102, -0.5067634482940413, 0.5057888818384698]], "trans": [494.2518497012326, -83.08058502060896, 749.4421867138016]}], "rb_4XMM.renamed.noAb_Seh1_Nup85_47_544_3F3F_1.pdb_29": [{"rot": [[0.6504704678868029, -0.2052250929594582, 0.731280268862018], [-0.30736218118241976, 0.8093232006281889, 0.5005241717477086], [-0.6945622074270302, -0.5503440906784828, 0.4633624087788789]], "trans": [-9.07521518930497, -225.23292205312276, 790.2933469449633]}], "rb_4XMM.renamed.noAb_Seh1_Nup85_47_544_3F3F_1.pdb_30": [{"rot": [[0.23072788152703402, 0.41419202223415325, 0.8804598874472529], [-0.7157700418085318, 0.6852081938591307, -0.13477009430033196], [-0.6591190271380878, -0.5991115920977415, 0.4545628760453827]], "trans": [-465.3132595575469, 31.330920313709647, 825.451278174912]}], "rb_4XMM.renamed.noAb_Seh1_Nup85_47_544_3F3F_1.pdb_31": [{"rot": [[-0.35406791105076335, 0.7648589631492154, 0.5381697509656734], [-0.7066942556658623, 0.15809470420322314, -0.6896298235370679], [-0.6125513393773788, -0.6244972625986456, 0.4845451739866747]], "trans": [-607.1896907168878, 536.3123424664001, 834.3439734634997]}], "rb_4XMM.renamed.noAb_Seh1_Nup85_47_544_3F3F_1.pdb_32": [{"rot": [[-0.7613352889338398, 0.6413500913938182, -0.0950717523408865], [-0.2854515462453719, -0.4632267537988983, -0.839010363053437], [-0.5821391522395244, -0.6116298184638115, 0.5357452497183451]], "trans": [-351.58938149724275, 993.886223865029, 811.7859714248548]}], "rb_4XMM.renamed.noAb_Seh1_Nup85_47_544_3F3F_1.pdb_33": [{"rot": [[-0.7524912796882612, 0.11601864551736514, -0.6483028211302477], [0.3011881677522133, -0.8147773094170336, -0.49540248653514346], [-0.585698353761718, -0.5680471898983872, 0.5781693769557136]], "trans": [151.75531633542363, 1135.999449789732, 771.0160726222305]}], "rb_4XMM.renamed.noAb_Seh1_Nup85_47_544_3F3F_1.pdb_34": [{"rot": [[-0.33271682863061813, -0.5033888063123312, -0.7974328947475324], [0.7095630702471408, -0.690613690307245, 0.1399034670823378], [-0.6211439135075172, -0.519280695231061, 0.5869649037829356]], "trans": [607.9798949697605, 879.4002054925115, 735.9418635309639]}], "rb_4XMM.renamed.noAb_Seh1_Nup85_47_544_3F3F_1.pdb_35": [{"rot": [[0.25207827198976224, -0.854014645168363, -0.4550994733336974], [0.7004413852717564, -0.16347269525107602, 0.6947363123559398], [-0.6677113227954402, -0.49389843464552713, 0.5569792865676959]], "trans": [749.8234768144777, 374.4080631272044, 727.1343152842536]}], "rb_4XMM.renamed.noAb_Nup120_715-1036_Nup85_553-744_Nup145c_92-99_554-712_remaining_updated_1.pdb_35": [{"rot": [[0.9899254255775315, -0.09012212400963833, 0.10920464531847528], [0.08809531895035468, 0.9958405769723216, 0.023254247665062643], [-0.11084613919382981, -0.013399552956131024, 0.9937472442258127]], "trans": [18.422114247897866, -51.946803182737995, 68.72844711941386]}], "rb_4XMM.renamed.noAb_Nup120_715-1036_Nup85_553-744_Nup145c_92-99_554-712_remaining_updated_1.pdb_36": [{"rot": [[0.7617146993431372, 0.6379010373298671, 0.11345917053315754], [-0.6417561605460925, 0.7669017294573837, -0.0032814259721075587], [-0.0891052591362074, -0.07031361126234292, 0.9935372408045489]], "trans": [-337.91895586554415, 92.92086128438115, 96.46742558443577]}], "rb_4XMM.renamed.noAb_Nup120_715-1036_Nup85_553-744_Nup145c_92-99_554-712_remaining_updated_1.pdb_37": [{"rot": [[0.0858185871209306, 0.9915025963914076, 0.09776385555850006], [-0.9957470873742681, 0.0886564634228092, -0.02505532835586491], [-0.033509820802674305, -0.09519786154350385, 0.9948941949108533]], "trans": [-487.8655384041227, 448.09082740331525, 106.73226538397185]}], "rb_4XMM.renamed.noAb_Nup120_715-1036_Nup85_553-744_Nup145c_92-99_554-712_remaining_updated_1.pdb_38": [{"rot": [[-0.6418134384141378, 0.7635377740947499, 0.07131323721059825], [-0.7665045853261588, -0.6415695810300976, -0.029312000457780797], [0.023371584135305264, -0.07347475911698073, 0.9970231836962]], "trans": [-343.5748977306608, 805.4996379202503, 93.5336835303994]}], "rb_4XMM.renamed.noAb_Nup120_715-1036_Nup85_553-744_Nup145c_92-99_554-712_remaining_updated_1.pdb_39": [{"rot": [[-0.9949242770920647, 0.08755157764527051, 0.04960246067137178], [-0.08832214442082585, -0.9959996908735966, -0.013557823741476197], [0.04821702663725333, -0.017870003679975086, 0.9986770155113907]], "trans": [10.427387689557577, 955.7722889653164, 64.62760027473172]}], "rb_4XMM.renamed.noAb_Nup120_715-1036_Nup85_553-744_Nup145c_92-99_554-712_remaining_updated_1.pdb_40": [{"rot": [[-0.7666566207524955, -0.6404537476715554, 0.045350004959448596], [0.6415113990869697, -0.7670037102968179, 0.012978182938745902], [0.026471696164789345, 0.03904235500546355, 0.998886852360058]], "trans": [366.7637009644083, 810.8770595071137, 36.97161166509943]}], "rb_4XMM.renamed.noAb_Nup120_715-1036_Nup85_553-744_Nup145c_92-99_554-712_remaining_updated_1.pdb_41": [{"rot": [[-0.09073288105310445, -0.9940024174100445, 0.06104701859049892], [0.9954492647573981, -0.08873071356496481, 0.03475085271191721], [-0.0291256860821575, 0.06392225475714777, 0.9975297688575533]], "trans": [516.6891187747304, 455.69573478017264, 26.79099067965103]}], "rb_4XMM.renamed.noAb_Nup120_715-1036_Nup85_553-744_Nup145c_92-99_554-712_remaining_updated_1.pdb_42": [{"rot": [[0.6368812847654763, -0.7659806358011466, 0.08749796965156123], [0.7661496603568164, 0.6414774141871902, 0.03900544863027018], [-0.08600538966023616, 0.04219469949395446, 0.995400763654521]], "trans": [372.3771307581094, 98.29865966139289, 40.073693539604676]}], "rb_4XMM.renamed.noAb_Nup120_2-711_3F7F_updated_1.pdb_42": [{"rot": [[-0.7459297288572435, -0.3987749249718908, 0.5334485906070245], [0.6534552638039579, -0.28331740658124316, 0.701945486013677], [-0.12878298728426002, 0.8721867955557113, 0.47191645006759486]], "trans": [1125.804412801168, 159.94382587556436, -273.2727088872123]}], "rb_4XMM.renamed.noAb_Nup120_2-711_3F7F_updated_1.pdb_43": [{"rot": [[-0.07068764778769604, -0.46520186398889324, 0.8823777434814981], [0.9803446674967253, 0.13094569164581732, 0.14757221537312487], [-0.1841944335776085, 0.8754658483234261, 0.44680192374067307]], "trans": [589.7705607194224, -557.3933503601249, -227.01606934729955]}], "rb_4XMM.renamed.noAb_Nup120_2-711_3F7F_updated_1.pdb_44": [{"rot": [[0.6373780517724628, -0.2201786944873192, 0.7384243777209674], [0.7324102181058098, 0.4708752413651265, -0.4917842814522768], [-0.23942533602970742, 0.8542820667456339, 0.46138666962090275]], "trans": [-295.0471935068657, -684.1807018816642, -155.8324968813614]}], "rb_4XMM.renamed.noAb_Nup120_2-711_3F7F_updated_1.pdb_45": [{"rot": [[0.9634724992945283, 0.1927565560121193, 0.18591840473040863], [0.054895411960145774, 0.5373357193444623, -0.8415799536956029], [-0.2621206532283925, 0.8210452087619257, 0.5071267379267286]], "trans": [-1010.3082201823388, -146.14429367089957, -101.39832702712948]}], "rb_4XMM.renamed.noAb_Nup120_2-711_3F7F_updated_1.pdb_46": [{"rot": [[0.7165649694883645, 0.5317005953798191, -0.45147438617808955], [-0.6553020245413699, 0.2913936404907905, -0.6968995644377342], [-0.23898514835470164, 0.7952258944188547, 0.5572269517096347]], "trans": [-1137.0006113607647, 741.5266768241263, -95.57785910582112]}], "rb_4XMM.renamed.noAb_Nup120_2-711_3F7F_updated_1.pdb_47": [{"rot": [[0.04129737471059275, 0.5980952262432268, -0.8003603108519772], [-0.9821384193122947, -0.12287465762009642, -0.1424989256994188], [-0.18357192637426156, 0.7919494421109247, 0.5823378993225798]], "trans": [-600.9042645878425, 1458.8221557219226, -141.75680039314994]}], "rb_4XMM.renamed.noAb_Nup120_2-711_3F7F_updated_1.pdb_48": [{"rot": [[-0.666749006744882, 0.35304553767826274, -0.6563570753257533], [-0.7341484039026548, -0.4627849647718374, 0.4968462512974315], [-0.12834283404964414, 0.8131352437980981, 0.5677492335895399]], "trans": [283.9299345776244, 1585.540454413088, -212.85887105873996]}], "rb_4XMM.renamed.noAb_Nup120_2-711_3F7F_updated_1.pdb_49": [{"rot": [[-0.9927906211674646, -0.059894907553107835, -0.1038238054163007], [-0.0566080259986349, -0.529213030299612, 0.8465985471010667], [-0.10565185239481169, 0.8463723581322254, 0.5220072005971166]], "trans": [999.1555494415613, 1047.4483235915056, -267.2074706663059]}]}
