{"rb_ScNup133N_56-480_renamed_1.pdb_0": [{"rot": [[-0.7657305579240765, -0.19798238333665993, 0.6119311142192561], [0.22140732399075216, -0.9744325341305997, -0.038210382241920256], [0.6038505688864908, 0.10622717315336688, 0.7899875177110762]], "trans": [938.0168425116123, 270.4763646200951, -300.06690955989274]}], "rb_ScNup133N_56-480_renamed_1.pdb_1": [{"rot": [[-0.3748311665732649, -0.8252228695512623, 0.4225030321014366], [0.7309976138559217, -0.5433716580688842, -0.4127829087358421], [0.5702140695407965, 0.15412480909008067, 0.8069085810181176]], "trans": [534.0346614844293, -348.43323250928614, -264.814502522288]}], "rb_ScNup133N_56-480_renamed_1.pdb_2": [{"rot": [[0.2608847541545438, -0.9650596641534088, 0.024474265542293427], [0.8138996131204441, 0.20624673261748128, -0.543166369583948], [0.5191402169088002, 0.16162342005020391, 0.839268315426694]], "trans": [-187.99323320121192, -499.3215436727255, -206.48902731339882]}], "rb_ScNup133N_56-480_renamed_1.pdb_3": [{"rot": [[0.769005854302517, -0.5355744011663579, -0.3489843218022187], [0.4215481616969729, 0.835285615045115, -0.35298029501461986], [0.4805487940036476, 0.12433021400288204, 0.8681099322480067]], "trans": [-805.0908069058844, -93.79595187031316, -159.23436479860635]}], "rb_ScNup133N_56-480_renamed_1.pdb_4": [{"rot": [[0.8518676288964597, 0.21163439660986738, -0.47909542369960295], [-0.2162117280151573, 0.9752451424396669, 0.04636163086577852], [0.47704720050224, 0.0640920768848414, 0.8765376056813332]], "trans": [-955.7516865383375, 630.5810501044323, -150.70895766863117]}], "rb_ScNup133N_56-480_renamed_1.pdb_5": [{"rot": [[0.46092848202821884, 0.8388412797939058, -0.2896381220918351], [-0.7257713202081357, 0.5441350502240725, 0.4209192771553548], [0.5106867192501701, 0.016197358777563536, 0.8596142857992353]], "trans": [-551.7146911522141, 1249.4593175741563, -185.88310472726624]}], "rb_ScNup133N_56-480_renamed_1.pdb_6": [{"rot": [[-0.17479392182481912, 0.9786196125994949, 0.10840082439130169], [-0.8086234209850661, -0.2054942909294729, 0.5512714933948628], [0.5617608458476863, 0.00870346086381718, 0.8272538920074565]], "trans": [170.33152377292362, 1400.291352066704, -244.12728977090342]}], "rb_ScNup133N_56-480_renamed_1.pdb_7": [{"rot": [[-0.6828844347996504, 0.5490852767946283, 0.4818445885508406], [-0.41623210149620143, -0.8344994431995119, 0.36105611334494947], [0.6003496367887785, 0.046000414205435436, 0.798413599270773]], "trans": [787.4040180215635, 994.717737839833, -291.2972430567842]}], "rb_ScNup133C_490_881_renamed_relative_3CQC_1.pdb_7": [{"rot": [[0.8677129657073903, 0.3019127469902939, -0.3948707413167735], [-0.256944386722863, 0.9524741239145873, 0.16362342559899376], [0.42550416128975205, -0.040518347423264794, 0.9040489324407117]], "trans": [120.43198123920337, 108.0141360504756, -199.06760174267492]}], "rb_ScNup133C_490_881_renamed_relative_3CQC_1.pdb_8": [{"rot": [[0.44242684939579713, 0.8847220185053378, -0.14671548284195282], [-0.7687094329876366, 0.45838327343234975, 0.44606118669221595], [0.46189207675552624, -0.0845678698400428, 0.8828952286773232]], "trans": [-158.12313338234577, 118.71152084189484, -176.87584381739265]}], "rb_ScNup133C_490_881_renamed_relative_3CQC_1.pdb_9": [{"rot": [[-0.2191460535385079, 0.9487002521893546, 0.22790971614731562], [-0.82875620054609, -0.3042684378793452, 0.46966357934895253], [0.5149156894821756, -0.08595667051669442, 0.8529204438391531]], "trans": [-347.6223043150274, 323.869455149623, -162.72853844052264]}], "rb_ScNup133C_490_881_renamed_relative_3CQC_1.pdb_10": [{"rot": [[-0.7294470083786775, 0.4563680966571527, 0.5095441318678126], [-0.4019084463030588, -0.8887088841449772, 0.2206039891571508], [0.5535130195014896, -0.04387117043474764, 0.8316842295288678]], "trans": [-337.0523319489031, 603.3036451244988, -164.8893716776546]}], "rb_ScNup133C_490_881_renamed_relative_3CQC_1.pdb_11": [{"rot": [[-0.7895345205358771, -0.3038593294971111, 0.5332023525452091], [0.26178039675255454, -0.9525646113318466, -0.15521496420861006], [0.5550732066658005, 0.017034351052242047, 0.8316270595200539]], "trans": [-132.6033417933947, 793.3177190523404, -182.06849204954148]}], "rb_ScNup133C_490_881_renamed_relative_3CQC_1.pdb_12": [{"rot": [[-0.3642084781544984, -0.8866300808255602, 0.28502505892577534], [0.7735120463460844, -0.4584280340881326, -0.43763323881942484], [0.5186822713356165, 0.06108058068934302, 0.8527824248099719]], "trans": [145.95747832690336, 782.5988700229556, -204.17812371554822]}], "rb_ScNup133C_490_881_renamed_relative_3CQC_1.pdb_13": [{"rot": [[0.29736912604125004, -0.950548834132396, -0.08960199108838476], [0.8335068867293824, 0.30422867331105835, -0.46120622731060645], [0.46565853653954703, 0.062464616103303755, 0.8827572141211371]], "trans": [335.4471856172206, 577.4264677287088, -218.24212779873494]}], "rb_ScNup133C_490_881_renamed_relative_3CQC_1.pdb_14": [{"rot": [[0.8076368032692792, -0.4581710824760517, -0.371216989357571], [0.40661909447866257, 0.8886304582117058, -0.2121245406448828], [0.4270640537557902, 0.020375669833726615, 0.9039917732305393]], "trans": [324.8619510812804, 297.99351515962167, -215.99760750352652]}], "rb_ScNup84_506-726_ScNup133C_882_1155_renamed_relative_3CQC_new_1.pdb_14": [{"rot": [[0.9800716843679205, 0.1822958785494332, 0.07891581694514326], [-0.19712944198145377, 0.941520820529467, 0.27327372287434065], [-0.024484211327092196, -0.28338446882885376, 0.958693781257749]], "trans": [-66.52892861015232, 55.20173826858539, 111.84936425958944]}], "rb_ScNup84_506-726_ScNup133C_882_1155_renamed_relative_3CQC_new_1.pdb_15": [{"rot": [[0.5553557557566059, 0.787397404537289, 0.26755431574906763], [-0.8315196091305216, 0.5209509642938971, 0.19283472828483283], [0.012454885765660145, -0.3295685363155916, 0.9440494985388027]], "trans": [-321.75324959707063, 231.0397340112829, 131.37802641452006]}], "rb_ScNup84_506-726_ScNup133C_882_1155_renamed_relative_3CQC_new_1.pdb_16": [{"rot": [[-0.19225146116999148, 0.9189688958507612, 0.34428991291764205], [-0.9786446801635663, -0.20554778792255946, 0.0021672258061616045], [0.07275964311041949, -0.3365208393829078, 0.9388608837285048]], "trans": [-378.3424668025512, 536.3724747487948, 134.444187759576]}], "rb_ScNup84_506-726_ScNup133C_882_1155_renamed_relative_3CQC_new_1.pdb_17": [{"rot": [[-0.824791117474512, 0.49993391772039025, 0.2641698136575956], [-0.5523167140059291, -0.812382223439096, -0.18703307319788234], [0.12110268355754729, -0.30016862086649526, 0.9461675005421967]], "trans": [-203.14390554039727, 792.331852560622, 119.2756526471351]}], "rb_ScNup84_506-726_ScNup133C_882_1155_renamed_relative_3CQC_new_1.pdb_18": [{"rot": [[-0.9717125636846137, -0.22423093127186053, 0.07412950180886321], [0.19771535554292316, -0.9440601735645847, -0.2639299658465142], [0.1291639723762458, -0.24180752293954963, 0.9616890298271205]], "trans": [101.21056004157151, 848.9733716925482, 94.78236772359679]}], "rb_ScNup84_506-726_ScNup133C_882_1155_renamed_relative_3CQC_new_1.pdb_19": [{"rot": [[-0.5469471450180279, -0.82929967186196, -0.11450272837917072], [0.8320721666890923, -0.523442838456418, -0.18347616817997905], [0.09222109291234903, -0.19562629965915626, 0.9763327408746048]], "trans": [356.42770594673647, 673.1157483868508, 75.33684955367386]}], "rb_ScNup84_506-726_ScNup133C_882_1155_renamed_relative_3CQC_new_1.pdb_20": [{"rot": [[0.2006715670779562, -0.9608145043429858, -0.19122345674791036], [0.9791385550321156, 0.20306621627461507, 0.0071973507301195255], [0.03191570485040825, -0.18867856277821793, 0.9815201412767074]], "trans": [412.9996428813594, 367.7789747636755, 72.35456176429989]}], "rb_ScNup84_506-726_ScNup133C_882_1155_renamed_relative_3CQC_new_1.pdb_21": [{"rot": [[0.833177989633671, -0.5417321854884151, -0.11108859885667798], [0.5527609566445743, 0.8098677425894037, 0.19639135500962937], [-0.016424445176920086, -0.22503439452467824, 0.9742123787355309]], "trans": [237.78764586409056, 111.83375485516603, 87.60657549393457]}], "rb_4XMM.renamed.noAb_Nup145c_149-550_Sec13_Nup84_7-436_3IKO_updated_1.pdb_21": [{"rot": [[0.999570662102958, -0.025369651305222285, -0.014658521607126882], [0.025226252800636, 0.9996328833066798, -0.009886090309792485], [0.014903946883076875, 0.009512066264823938, 0.9998436842640358]], "trans": [15.800251642333365, -10.0860420307543, -11.986227310870788]}], "rb_4XMM.renamed.noAb_Nup145c_149-550_Sec13_Nup84_7-436_3IKO_updated_1.pdb_22": [{"rot": [[0.7267165276683982, 0.6869332629826975, 0.002404292313919306], [-0.6857653843126191, 0.725267753120016, 0.06093048467564974], [0.04011142096900133, -0.04592797069529547, 0.9981391162636901]], "trans": [-311.86195099921474, 119.71929672910494, 13.540153163091816]}], "rb_4XMM.renamed.noAb_Nup145c_149-550_Sec13_Nup84_7-436_3IKO_updated_1.pdb_23": [{"rot": [[0.032535352178559684, 0.9973941594420077, 0.06439209244610619], [-0.9947577842838013, 0.02606553486689972, 0.09888143657373025], [0.09694535298506726, -0.06727167756993452, 0.9930136554607534]], "trans": [-452.13940382520093, 443.899420510244, 23.185083669456674]}], "rb_4XMM.renamed.noAb_Nup145c_149-550_Sec13_Nup84_7-436_3IKO_updated_1.pdb_24": [{"rot": [[-0.6763117438100357, 0.7241406674282048, 0.1349915514440168], [-0.7207388424169529, -0.6883712532487165, 0.08173456265413173], [0.15211162419782182, -0.04201560992566275, 0.9874698690625832]], "trans": [-322.8536837188142, 772.5451586571061, 11.322432825261785]}], "rb_4XMM.renamed.noAb_Nup145c_149-550_Sec13_Nup84_7-436_3IKO_updated_1.pdb_25": [{"rot": [[-0.9845721367232155, 0.02724853543721171, 0.17284451077430324], [-0.024232718524753748, -0.9995154671899922, 0.01953474342987729], [0.17329305508640924, 0.015044871700951628, 0.9847553853086156]], "trans": [0.25972489223471484, 913.1313206535308, -15.074486340400085]}], "rb_4XMM.renamed.noAb_Nup145c_149-550_Sec13_Nup84_7-436_3IKO_updated_1.pdb_26": [{"rot": [[-0.7116625419208994, -0.6850329994315867, 0.15577617313455722], [0.6867374792803989, -0.725094439296712, -0.05128048998001378], [0.14808126477811956, 0.070482932620247, 0.9864603870561462]], "trans": [327.9183446837956, 783.300667332308, -40.51798148253744]}], "rb_4XMM.renamed.noAb_Nup145c_149-550_Sec13_Nup84_7-436_3IKO_updated_1.pdb_27": [{"rot": [[-0.01745724806357063, -0.9954393708824065, 0.09378541137770262], [0.9956753844444575, -0.025867877045252508, -0.08922657534923621], [0.0912456755217922, 0.09182217506904118, 0.9915860602409462]], "trans": [468.1770495346969, 459.1099428164012, -50.07888949241817]}], "rb_4XMM.renamed.noAb_Nup145c_149-550_Sec13_Nup84_7-436_3IKO_updated_1.pdb_28": [{"rot": [[0.6913684954125043, -0.7221301497895205, 0.023187287810645614], [0.721600816097854, 0.6885474403029537, -0.07207416082869582], [0.0360813768855922, 0.06656176993751202, 0.9971297132393682]], "trans": [338.87222583480604, 130.47476141162394, -38.132290747864545]}], "rb_4XMM.renamed.noAb_Seh1_Nup85_47_544_3F3F_1.pdb_28": [{"rot": [[0.6346277854385104, -0.7384696838538148, 0.2278378809115392], [0.2731815807218808, 0.49014345402520376, 0.827726536019318], [-0.7229241992793632, -0.46305714604689086, 0.5127949703255695]], "trans": [494.95037756938575, -93.3555609738105, 733.841101508981]}], "rb_4XMM.renamed.noAb_Seh1_Nup85_47_544_3F3F_1.pdb_29": [{"rot": [[0.6282129896592052, -0.18714031417033944, 0.7551999354049703], [-0.29573591644585184, 0.8403554369985449, 0.4542499391644629], [-0.7196448480656112, -0.508705457331856, 0.47257808913809335]], "trans": [-16.132169170678935, -233.88926228899228, 775.3025462386918]}], "rb_4XMM.renamed.noAb_Seh1_Nup85_47_544_3F3F_1.pdb_30": [{"rot": [[0.22264915707383476, 0.4497136419122759, 0.8649768743338225], [-0.693307583350851, 0.6968039336526854, -0.18381749893399144], [-0.685384525447223, -0.5587682152056811, 0.4669326867476124]], "trans": [-476.71521436524955, 29.320052634706627, 810.7744675768911]}], "rb_4XMM.renamed.noAb_Seh1_Nup85_47_544_3F3F_1.pdb_31": [{"rot": [[-0.3444787007390519, 0.7990141572800541, 0.4928598190187353], [-0.686630331759665, 0.14358343872382712, -0.712686876287093], [-0.6402134114845986, -0.5839179502209937, 0.4991659194746432]], "trans": [-616.980802579145, 542.0807726588226, 819.500918750758]}], "rb_4XMM.renamed.noAb_Seh1_Nup85_47_544_3F3F_1.pdb_32": [{"rot": [[-0.7409390881698705, 0.6561360648932845, -0.14315981268623312], [-0.2796157898036581, -0.4952216814497265, -0.8225390545831747], [-0.6105933816497507, -0.5694215929945597, 0.5503951050991103]], "trans": [-354.75746115260824, 1004.0105548622556, 796.393826520866]}], "rb_4XMM.renamed.noAb_Seh1_Nup85_47_544_3F3F_1.pdb_33": [{"rot": [[-0.7344799201701847, 0.10477936585323934, -0.6704927526515053], [0.28930118493429907, -0.8453903803181132, -0.4490210788606778], [-0.6138762670623538, -0.523771313988261, 0.5906094643506832]], "trans": [156.34259249684504, 1144.5045364154848, 755.0136562266725]}], "rb_4XMM.renamed.noAb_Seh1_Nup85_47_544_3F3F_1.pdb_34": [{"rot": [[-0.3288850684284794, -0.5320634114129668, -0.7802199292509716], [0.6868410069233679, -0.7017888967055782, 0.18905495409870138], [-0.6481389071590203, -0.4737096903129217, 0.5962508585573253]], "trans": [616.911653769873, 881.2594787546684, 719.625499988104]}], "rb_4XMM.renamed.noAb_Seh1_Nup85_47_544_3F3F_1.pdb_35": [{"rot": [[0.2382422840175446, -0.8813207884996302, -0.40806161527947443], [0.6801192431308613, -0.14854100449326355, 0.7178951073152935], [-0.6933097642678978, -0.4485635269864487, 0.5640144794491269]], "trans": [757.1437858882354, 368.4881652080054, 710.9842436039032]}], "rb_4XMM.renamed.noAb_Nup120_715-1036_Nup85_553-744_Nup145c_92-99_554-712_remaining_updated_1.pdb_35": [{"rot": [[0.9993099216294524, -0.03676564042764365, -0.005288498547026519], [0.035910940411830634, 0.9926735543385251, -0.11536732152414791], [0.009491306110048121, 0.11509779407470583, 0.9933088205122619]], "trans": [20.042562977886632, 20.500134517468837, -63.85257687680735]}], "rb_4XMM.renamed.noAb_Nup120_715-1036_Nup85_553-744_Nup145c_92-99_554-712_remaining_updated_1.pdb_36": [{"rot": [[0.733957269326225, 0.6760352384957781, -0.06544526808828], [-0.6783382464164661, 0.7344599420363577, -0.020635333595139176], [0.034116715138242173, 0.05953948148838345, 0.9976427716834665]], "trans": [-288.3168071926591, 135.36949203498327, -39.792081073055044]}], "rb_4XMM.renamed.noAb_Nup120_715-1036_Nup85_553-744_Nup145c_92-99_554-712_remaining_updated_1.pdb_37": [{"rot": [[0.042786164064022914, 0.9982334776621025, -0.041222181399217496], [-0.9949543595224122, 0.04632069942164552, 0.08899559130897881], [0.09074781888305486, 0.03720640912145447, 0.9951786354661428]], "trans": [-425.4683621724351, 435.3000126720325, -30.278318210626708]}], "rb_4XMM.renamed.noAb_Nup120_715-1036_Nup85_553-744_Nup145c_92-99_554-712_remaining_updated_1.pdb_38": [{"rot": [[-0.669305615181971, 0.7410808055725243, 0.0531905357921858], [-0.7284592155613493, -0.6686225024185918, 0.1493021115833326], [0.14620931827221212, 0.061181605662786215, 0.9873599376007193]], "trans": [-311.0648738780998, 744.5882852142717, -40.860579817202336]}], "rb_4XMM.renamed.noAb_Nup120_715-1036_Nup85_553-744_Nup145c_92-99_554-712_remaining_updated_1.pdb_39": [{"rot": [[-0.9851646636353667, 0.055220883389795486, 0.1624845825358935], [-0.0349694274471985, -0.9915458551471976, 0.12495581732926987], [0.1680110849564043, 0.11742006292819533, 0.9787669815404015]], "trans": [-12.123605502395662, 882.0489954369937, -65.3156229325752]}], "rb_4XMM.renamed.noAb_Nup120_715-1036_Nup85_553-744_Nup145c_92-99_554-712_remaining_updated_1.pdb_40": [{"rot": [[-0.7197562970995814, -0.657559875846539, 0.22263396520338247], [0.6792589087367585, -0.733276305516481, 0.030219111003569568], [0.14338133660712127, 0.1729764996893577, 0.9744336421060034]], "trans": [296.233346207569, 767.1558378908929, -89.29333358246504]}], "rb_4XMM.renamed.noAb_Nup120_715-1036_Nup85_553-744_Nup145c_92-99_554-712_remaining_updated_1.pdb_41": [{"rot": [[-0.028560478949246904, -0.9797044531671291, 0.1984023273217421], [0.9958207630344196, -0.04511179730076581, -0.07940990904061387], [0.08674852708682482, 0.19530517194582606, 0.9768984506382816]], "trans": [433.36804444634214, 467.21496105517673, -98.72322588125974]}], "rb_4XMM.renamed.noAb_Nup120_715-1036_Nup85_553-744_Nup145c_92-99_554-712_remaining_updated_1.pdb_42": [{"rot": [[0.683510534682135, -0.7224960129390332, 0.10398490402813151], [0.7292697376760693, 0.6698111974676159, -0.13970901709221517], [0.03128895473511887, 0.17132562865548245, 0.9847174875452273]], "trans": [318.94696272566904, 157.93607654175048, -88.05713105765744]}], "rb_4XMM.renamed.noAb_Nup120_2-711_3F7F_updated_1.pdb_42": [{"rot": [[-0.669377281990542, 0.7333891511549745, 0.11863560731560596], [0.3977191718929681, 0.21887096502335002, 0.8910190575843603], [0.6274978204454007, 0.6436115704661748, -0.4381901775466199]], "trans": [533.248050214724, -35.17658559864401, -322.4745547519301]}], "rb_4XMM.renamed.noAb_Nup120_2-711_3F7F_updated_1.pdb_43": [{"rot": [[-0.18175677070720547, 0.6869557172629526, 0.703602386879005], [0.78912344422217, -0.32503109833765026, 0.5211899604677385], [0.5867270797236398, 0.6499589430365317, -0.4830162588213842]], "trans": [31.15191455587228, -280.5846132084545, -281.21911950996764]}], "rb_4XMM.renamed.noAb_Nup120_2-711_3F7F_updated_1.pdb_44": [{"rot": [[0.43906786079136906, 0.2707172640753032, 0.8566980661538084], [0.7198796494951216, -0.6765339491235742, -0.15516154783335762], [0.5375804161824289, 0.6848459524702215, -0.4919281629692317]], "trans": [-496.9996727892456, -97.87708171924868, -239.969887785658]}], "rb_4XMM.renamed.noAb_Nup120_2-711_3F7F_updated_1.pdb_45": [{"rot": [[0.8294087897460126, -0.27148785356845867, 0.48823703757175924], [0.23055177900043375, -0.6297222611538326, -0.7418192171998789], [0.5088486382921659, 0.727835296734156, -0.45970517088250495]], "trans": [-741.8061516772148, 405.91347754158284, -222.86723623608304]}], "rb_4XMM.renamed.noAb_Nup120_2-711_3F7F_updated_1.pdb_46": [{"rot": [[0.7605987961679969, -0.6220282326604583, -0.1859310330232754], [-0.3922050012031313, -0.21201898128589963, -0.895110713043779], [0.5173632266590343, 0.7537432118087681, -0.4052239656697966]], "trans": [-559.8545216648467, 935.6595683073378, -239.90613438518386]}], "rb_4XMM.renamed.noAb_Nup120_2-711_3F7F_updated_1.pdb_47": [{"rot": [[0.2729477445162327, -0.5755523765092574, -0.7708689841069287], [-0.7835709884017243, 0.3318794195173431, -0.5252357156896102], [0.5581362153620271, 0.7473924757417473, -0.36040040552970476]], "trans": [-57.732699792106075, 1181.0285779827368, -281.08095054756654]}], "rb_4XMM.renamed.noAb_Nup120_2-711_3F7F_updated_1.pdb_48": [{"rot": [[-0.34787150327184785, -0.15928649695780156, -0.9239119163092866], [-0.7142784690339905, 0.6833495890979047, 0.1511277861750927], [0.6072822127197903, 0.7125034392665331, -0.3514927640044933]], "trans": [470.4111841095314, 998.2799977920752, -322.2468919492134]}], "rb_4XMM.renamed.noAb_Nup120_2-711_3F7F_updated_1.pdb_49": [{"rot": [[-0.7381742782905932, 0.3829149844037651, -0.5554051220408632], [-0.22491997797007107, 0.6364953463861008, 0.7377565164326103], [0.6360108005215829, 0.6695145918857199, -0.38371926309737614]], "trans": [715.1849093609867, 494.4706395612019, -339.26436477607837]}]}
