{"rb_ScNup133N_56-480_renamed_1.pdb_0": [{"rot": [[0.7085772318547412, 0.1782425159420603, 0.6827502559558046], [0.40130252149188406, 0.6940705698182488, -0.5976807930295464], [-0.5804089874746327, 0.697492401121916, 0.42027343198905137]], "trans": [-47.787232793692056, -9.03712170446147, 409.6404412059067]}], "rb_ScNup133N_56-480_renamed_1.pdb_1": [{"rot": [[0.7737801814791403, 0.629464911550893, 0.07097996813422014], [-0.24904976573463145, 0.40533326366698985, -0.8795903362091874], [-0.5824417953217589, 0.6629320255435639, 0.470406935079696]], "trans": [-347.86716845254455, 189.56048699143557, 432.63363733361496]}], "rb_ScNup133N_56-480_renamed_1.pdb_2": [{"rot": [[0.3614734781707717, 0.7451153928511933, -0.5604819139948548], [-0.7549835370421358, -0.11882874270461785, -0.6448872682125033], [-0.5471167913475788, 0.6562642617448027, 0.5195964158672367]], "trans": [-420.14263386943855, 542.7987185352581, 436.71700695696615]}], "rb_ScNup133N_56-480_renamed_1.pdb_3": [{"rot": [[-0.28680779774780546, 0.4574442772254592, -0.8417161162676703], [-0.8201156555325178, -0.5713539552797966, -0.031063955585210246], [-0.495127860962723, 0.6813951797744159, 0.5390259829346532]], "trans": [-222.27172897983166, 843.7457530247498, 419.5224594762759]}], "rb_ScNup133N_56-480_renamed_1.pdb_4": [{"rot": [[-0.7912913340774983, -0.06502663963002403, -0.6079716775905589], [-0.4062908078312411, -0.6871467239265093, 0.6022932502269154], [-0.4569308526305583, 0.7236027335047119, 0.5173135219369569]], "trans": [129.83189349144902, 916.1026910979593, 391.1468081500386]}], "rb_ScNup133N_56-480_renamed_1.pdb_5": [{"rot": [[-0.8564435620185108, -0.5162265277813864, 0.003820614062841704], [0.2440665753479337, -0.39837401209347445, 0.8841547677225285], [-0.45490211240988454, 0.7581611428339758, 0.4671784986722988]], "trans": [429.9028801789147, 717.4819349939534, 368.2369145230343]}], "rb_ScNup133N_56-480_renamed_1.pdb_6": [{"rot": [[-0.44409738779658403, -0.6318361308311373, 0.6352642079706574], [0.7499679688995433, 0.12579705393227975, 0.6494021457053025], [-0.49023010492720903, 0.7648256043035533, 0.4179907166729432]], "trans": [502.1573294193995, 364.23844098629934, 364.2377222126487]}], "rb_ScNup133N_56-480_renamed_1.pdb_7": [{"rot": [[0.20418898564802138, -0.34412971321732977, 0.9164505434670159], [0.8150492032714061, 0.5782996728608357, 0.035556780164898605], [-0.542219194041189, 0.7396919824156587, 0.3985650721818391]], "trans": [304.26947939935667, 63.307345393125615, 381.51601936410395]}], "rb_ScNup133C_490_881_renamed_relative_3CQC_1.pdb_7": [{"rot": [[0.8040302611045627, 0.3609238660104381, -0.47251381162058015], [-0.2742862417742367, 0.9302262283120859, 0.24381595873452758], [0.5275437392306866, -0.06643137138695285, 0.8469264880107097]], "trans": [165.84249948159635, 96.93863592099547, -232.09429211310044]}], "rb_ScNup133C_490_881_renamed_relative_3CQC_1.pdb_8": [{"rot": [[0.38707089795617416, 0.9103606694447046, -0.1463542670494823], [-0.730213192277873, 0.3995703156155664, 0.5541951431600924], [0.562996282206872, -0.10764299516023662, 0.8194194114213882]], "trans": [-134.39072690633498, 76.97403342572812, -208.02546940145896]}], "rb_ScNup133C_490_881_renamed_relative_3CQC_1.pdb_9": [{"rot": [[-0.22925203190587795, 0.9249578704609452, 0.30314426225706426], [-0.7566991229469914, -0.3652533740442445, 0.5422143580545884], [0.6122499025710666, -0.10508525406377764, 0.7836498875008348]], "trans": [-360.83769796596994, 275.83694934917446, -190.90256733532743]}], "rb_ScNup133C_490_881_renamed_relative_3CQC_1.pdb_10": [{"rot": [[-0.683887866015092, 0.39616422288331227, 0.6126591999020212], [-0.338228202144, -0.916200339250605, 0.21489211626189], [0.6464511350378781, -0.06025650889603115, 0.7605722077119972]], "trans": [-380.8406718090188, 577.0308003714447, -190.73241847677826]}], "rb_ScNup133C_490_881_renamed_relative_3CQC_1.pdb_11": [{"rot": [[-0.7105045223850298, -0.3662454985467862, 0.6008723312523524], [0.2800534042847254, -0.9305180794334202, -0.23602159773223091], [0.6455644153908707, 0.0005819293384300844, 0.7637056022704615]], "trans": [-182.67971097702855, 804.1120985255727, -207.59069352506214]}], "rb_ScNup133C_490_881_renamed_relative_3CQC_1.pdb_12": [{"rot": [[-0.2935095884193273, -0.9156409290385262, 0.2746885701578814], [0.735947613522587, -0.3998190605134605, -0.546375172386651], [0.610109196502008, 0.041790045699879486, 0.7912144844630157]], "trans": [117.56161294433724, 824.0535343017458, -231.57757235402931]}], "rb_ScNup133C_490_881_renamed_relative_3CQC_1.pdb_13": [{"rot": [[0.3228154239363386, -0.9301784789342769, -0.17480903694121894], [0.762385169689695, 0.3650057493697954, -0.5343591076834083], [0.5608556455149722, 0.03922754458933972, 0.8269837632260228]], "trans": [343.9996123385385, 625.1732502432171, -248.617198229493]}], "rb_ScNup133C_490_881_renamed_relative_3CQC_1.pdb_14": [{"rot": [[0.777418632261344, -0.40134184652565386, -0.4842984538900357], [0.34387857961381607, 0.9159111925569162, -0.20701258375217496], [0.5266571870730379, -0.005604424711369904, 0.8500592907132826]], "trans": [363.9856277239252, 323.9782377586575, -248.70351315369487]}], "rb_ScNup84_506-726_ScNup133C_882_1155_renamed_relative_3CQC_new_1.pdb_14": [{"rot": [[0.9767490892885563, 0.18671480769271584, 0.10535082895852126], [-0.20585731618547645, 0.9540629630175738, 0.21768469852297814], [-0.05986636741015973, -0.23431056994168922, 0.9703167394550668]], "trans": [-73.4240228840896, 71.9399767317746, 113.30326977449852]}], "rb_ScNup84_506-726_ScNup133C_882_1155_renamed_relative_3CQC_new_1.pdb_15": [{"rot": [[0.5461476971603573, 0.8003423923383846, 0.24733529451436811], [-0.8373874244327917, 0.5295318240890347, 0.13556676834222442], [-0.02247207796919251, -0.28115494358629034, 0.9593992408839688]], "trans": [-314.8124446016228, 247.81849699595952, 131.72892791431926]}], "rb_ScNup84_506-726_ScNup133C_882_1155_renamed_relative_3CQC_new_1.pdb_16": [{"rot": [[-0.20360666154857854, 0.9351526480206281, 0.2898859297603954], [-0.9783160673623649, -0.2058148419074245, -0.023193171220374897], [0.037973671322093144, -0.288322346949778, 0.9567801338529623]], "trans": [-361.5860473662926, 543.3653181985766, 134.06033712928846]}], "rb_ScNup84_506-726_ScNup133C_882_1155_renamed_relative_3CQC_new_1.pdb_17": [{"rot": [[-0.8332973119700986, 0.5121718261361831, 0.20807597260552324], [-0.5460852588521866, -0.8212005896430873, -0.16559130905390135], [0.08606090824379692, -0.2516140140814337, 0.9639937281902199]], "trans": [-186.34228183149258, 785.4450620641334, 118.95572992959424]}], "rb_ScNup84_506-726_ScNup133C_882_1155_renamed_relative_3CQC_new_1.pdb_18": [{"rot": [[-0.9740425924491056, -0.2208119438254539, 0.049830849471471886], [0.20609809901808027, -0.9561237711553595, -0.2082088082017317], [0.09361945137714432, -0.19253420396302706, 0.9768141986212958]], "trans": [108.26049655466113, 832.2441181069773, 95.28760308896523]}], "rb_ScNup84_506-726_ScNup133C_882_1155_renamed_relative_3CQC_new_1.pdb_19": [{"rot": [[-0.5433919331725429, -0.8344064343495995, -0.09214721525359537], [0.8375943894226877, -0.5315444842974931, -0.12607973675632897], [0.05622139957916219, -0.14569270238724322, 0.9877311327990328]], "trans": [349.641739653648, 656.3470562256998, 76.94508393241688]}], "rb_ScNup84_506-726_ScNup133C_882_1155_renamed_relative_3CQC_new_1.pdb_20": [{"rot": [[0.20637343748108355, -0.9691593412048928, -0.13468546936302148], [0.9784641813449221, 0.2038127381212294, 0.03268353720968252], [-0.004224941094361168, -0.1385299214423486, 0.9903492367533404]], "trans": [396.39882512181794, 360.7969722141055, 74.69748371256196]}], "rb_ScNup84_506-726_ScNup133C_882_1155_renamed_relative_3CQC_new_1.pdb_21": [{"rot": [[0.836030393691153, -0.5461305115395167, -0.05286440381012177], [0.5461839644126725, 0.8191652666710839, 0.17507524924485032], [-0.0523092519834723, -0.17524191920107382, 0.9831347882725195]], "trans": [221.14270635627594, 118.73138933755024, 89.88548323054118]}], "rb_4XMM.renamed.noAb_Nup145c_149-550_Sec13_Nup84_7-436_3IKO_updated_1.pdb_21": [{"rot": [[0.9931800054748956, -0.023124208876861962, 0.11427487776718506], [0.02477889341994272, 0.9996073764958635, -0.013080492954746795], [-0.1139275347129435, 0.01582288908117982, 0.9933630519680883]], "trans": [-22.507974810217547, -10.479250898163855, 55.899785855115624]}], "rb_4XMM.renamed.noAb_Nup145c_149-550_Sec13_Nup84_7-436_3IKO_updated_1.pdb_22": [{"rot": [[0.7193236673326489, 0.6886319281916969, 0.09143046040621958], [-0.6889983910748728, 0.7240307084893249, -0.03256916119094228], [-0.08862662529592516, -0.0395676716453034, 0.9952787150588642]], "trans": [-337.9554309604979, 150.34969015287345, 80.301630924905]}], "rb_4XMM.renamed.noAb_Nup145c_149-550_Sec13_Nup84_7-436_3IKO_updated_1.pdb_23": [{"rot": [[0.022469982090232765, 0.9978520477846111, 0.0615336545064705], [-0.9992488230750356, 0.02436001067193061, -0.030139334153532905], [-0.03157355678442801, -0.06081020154645512, 0.9976498533553035]], "trans": [-447.72424935515534, 487.79331349770274, 87.45030116801456]}], "rb_4XMM.renamed.noAb_Nup145c_149-550_Sec13_Nup84_7-436_3IKO_updated_1.pdb_24": [{"rot": [[-0.6891543358003832, 0.723390643840665, 0.042098430508974036], [-0.7242233249837591, -0.6895277568180509, -0.007214438781594303], [0.023809178839246922, -0.03546052708650908, 0.9990874206103016]], "trans": [-287.5083950989964, 804.1725034210132, 73.18200966096714]}], "rb_4XMM.renamed.noAb_Nup145c_149-550_Sec13_Nup84_7-436_3IKO_updated_1.pdb_25": [{"rot": [[-0.9986697270159943, 0.026031076696018396, 0.04451021666812195], [-0.025035711442436458, -0.9994270739674668, 0.022775797974967104], [0.045077594150178535, 0.021631155005488432, 0.9987492696561826]], "trans": [48.8373386804397, 914.1479863143313, 45.87932765268772]}], "rb_4XMM.renamed.noAb_Nup145c_149-550_Sec13_Nup84_7-436_3IKO_updated_1.pdb_26": [{"rot": [[-0.7247577112154796, -0.6857035864460981, 0.06735615464570056], [0.6887200549910746, -0.7237945512098176, 0.04226267256181939], [0.019772351574567273, 0.07701973236732779, 0.9968334940897976]], "trans": [364.27879199957675, 753.2946904396216, 21.560556132629188]}], "rb_4XMM.renamed.noAb_Nup145c_149-550_Sec13_Nup84_7-436_3IKO_updated_1.pdb_27": [{"rot": [[-0.027879809414203316, -0.9948691444582827, 0.0972527718467188], [0.9989157823837169, -0.024099606795105144, 0.03983049908105285], [-0.037282380982873516, 0.09825779540150267, 0.9944623822503704]], "trans": [474.0278271188366, 415.84286134694094, 14.495979253107066]}], "rb_4XMM.renamed.noAb_Nup145c_149-550_Sec13_Nup84_7-436_3IKO_updated_1.pdb_28": [{"rot": [[0.6837230775342313, -0.7203520542226295, 0.11668620837251766], [0.7238344398691242, 0.6897665951398155, 0.01690407905134656], [-0.09266313671826588, 0.07290378732590472, 0.9930249648861142]], "trans": [313.7938251432254, 99.47665538475133, 28.848130661865753]}], "rb_4XMM.renamed.noAb_Seh1_Nup85_47_544_3F3F_1.pdb_28": [{"rot": [[0.73887696593786, -0.6409884478300666, 0.2078331998379048], [0.2929160052170958, 0.5832940682304266, 0.7576069190911965], [-0.6068451557803842, -0.49890063110362814, 0.6187383269123392]], "trans": [403.1812925489298, -131.37333666859513, 668.2438397476941]}], "rb_4XMM.renamed.noAb_Seh1_Nup85_47_544_3F3F_1.pdb_29": [{"rot": [[0.7183269476040701, -0.05307014185474854, 0.6936785684950447], [-0.3485667134884427, 0.8354564112454825, 0.4248691929955419], [-0.6020860757347603, -0.546988249373178, 0.5816323688155436]], "trans": [-109.290061134945, -199.87443328401037, 709.4655083543412]}], "rb_4XMM.renamed.noAb_Seh1_Nup85_47_544_3F3F_1.pdb_30": [{"rot": [[0.2516135848639824, 0.5405510451552868, 0.8028045661886957], [-0.7874020112419451, 0.5966469597374833, -0.15495314817116565], [-0.5627509898738808, -0.5931416129538901, 0.5757554605719533]], "trans": [-520.0801897163481, 115.23409499631771, 740.7161117388093]}], "rb_4XMM.renamed.noAb_Seh1_Nup85_47_544_3F3F_1.pdb_31": [{"rot": [[-0.38785585373084497, 0.7921234517908242, 0.47128364479335005], [-0.7665139830417118, 0.006763657613081175, -0.6421920014584585], [-0.51188294611976, -0.6103234306977573, 0.6045503778950702]], "trans": [-588.5405303922171, 629.3573460707037, 743.7126107061567]}], "rb_4XMM.renamed.noAb_Seh1_Nup85_47_544_3F3F_1.pdb_32": [{"rot": [[-0.8254711545324779, 0.554272415073832, -0.10667456549260737], [-0.2981391303286368, -0.5886315393886892, -0.7514159765428088], [-0.4792811617429783, -0.5884683515067914, 0.6511486522086776]], "trans": [-274.56413696456053, 1041.3147871171113, 716.7236188118618]}], "rb_4XMM.renamed.noAb_Seh1_Nup85_47_544_3F3F_1.pdb_33": [{"rot": [[-0.8048711039555789, -0.03366557398725767, -0.5924939958728975], [0.3433419540925368, -0.840747729791913, -0.4186401287617561], [-0.48404422171661443, -0.5403793889276772, 0.6882523573841968]], "trans": [237.91910556881675, 1109.7760573658159, 675.5836729535749]}], "rb_4XMM.renamed.noAb_Seh1_Nup85_47_544_3F3F_1.pdb_34": [{"rot": [[-0.3381235020888083, -0.6272681514748127, -0.7015747739767784], [0.7821406060845956, -0.6018916944200972, 0.16119075811510547], [-0.5233818583489667, -0.494227735293632, 0.6941256197675653]], "trans": [648.6912010574064, 794.6356961963953, 644.4171383895037]}], "rb_4XMM.renamed.noAb_Seh1_Nup85_47_544_3F3F_1.pdb_35": [{"rot": [[0.3013443247530932, -0.8787945577002811, -0.37001584195202497], [0.7612023882495984, -0.011988666664150105, 0.6484035749398054], [-0.5742495294401261, -0.4770496800417956, 0.6653277994416066]], "trans": [717.1179774167101, 280.5074874561683, 641.5058154166048]}], "rb_4XMM.renamed.noAb_Nup120_715-1036_Nup85_553-744_Nup145c_92-99_554-712_remaining_updated_1.pdb_35": [{"rot": [[0.9854006362914376, -0.10441744309944763, 0.13447149725128382], [0.09497431488669882, 0.9926626750726717, 0.07483777808946582], [-0.14129920561783282, -0.06097385582476778, 0.988087406759963]], "trans": [19.630640774282256, -72.95876096894119, 112.81410402416353]}], "rb_4XMM.renamed.noAb_Nup120_715-1036_Nup85_553-744_Nup145c_92-99_554-712_remaining_updated_1.pdb_36": [{"rot": [[0.7627544798343918, 0.6245855998668223, 0.16762586892113762], [-0.635457186044658, 0.7719892212289295, 0.015060113231777361], [-0.11999903414931984, -0.1180062318072683, 0.9857356446116158]], "trans": [-351.0038632255514, 79.7508795433065, 141.65420275892853]}], "rb_4XMM.renamed.noAb_Nup120_715-1036_Nup85_553-744_Nup145c_92-99_554-712_remaining_updated_1.pdb_37": [{"rot": [[0.09038570347056873, 0.984706516106843, 0.14894126944823724], [-0.9938053382727917, 0.09889101354299334, -0.0507101277945504], [-0.06466354636602081, -0.14343515809299168, 0.9875449261649852]], "trans": [-505.5333816912161, 450.602825465567, 152.2080306927098]}], "rb_4XMM.renamed.noAb_Nup120_715-1036_Nup85_553-744_Nup145c_92-99_554-712_remaining_updated_1.pdb_38": [{"rot": [[-0.637822583206357, 0.764981395182291, 0.0893634006566603], [-0.7701447415135152, -0.6323215272379873, -0.08394381043589622], [-0.007709051241770057, -0.12236401111590056, 0.9924553487752369]], "trans": [-353.4304305000516, 822.3468946593221, 138.31701151411139]}], "rb_4XMM.renamed.noAb_Nup120_715-1036_Nup85_553-744_Nup145c_92-99_554-712_remaining_updated_1.pdb_39": [{"rot": [[-0.9952756981242005, 0.09412831105497477, 0.023793818132462535], [-0.09549892696282739, -0.9932937846276889, -0.06517217480603447], [0.017499704921265062, -0.0671365658783473, 0.9975903176403269]], "trans": [16.202850227809733, 977.2102865946741, 108.14270502251287]}], "rb_4XMM.renamed.noAb_Nup120_715-1036_Nup85_553-744_Nup145c_92-99_554-712_remaining_updated_1.pdb_40": [{"rot": [[-0.7725725664751688, -0.6348575405648381, -0.009355892150567388], [0.6349150747094939, -0.7725631205383953, -0.005391909737000577], [-0.0038049226806832347, -0.010105838507468462, 0.9999416955960244]], "trans": [386.8319861519927, 824.4719594972464, 79.38565031960081]}], "rb_4XMM.renamed.noAb_Nup120_715-1036_Nup85_553-744_Nup145c_92-99_554-712_remaining_updated_1.pdb_41": [{"rot": [[-0.10017582289342081, -0.9949259690977534, 0.009333837502284382], [0.9932104424863792, -0.09943667029597819, 0.06037686259202793], [-0.05914238280314449, 0.015318766769619255, 0.9981320122814523]], "trans": [541.3391169165577, 453.6082957863043, 68.916140425999]}], "rb_4XMM.renamed.noAb_Nup120_715-1036_Nup85_553-744_Nup145c_92-99_554-712_remaining_updated_1.pdb_42": [{"rot": [[0.6280150394367708, -0.7751438121443472, 0.06891429993518917], [0.7694926979594439, 0.6317586004646057, 0.09360586801101635], [-0.11609521104819319, -0.00575684230533656, 0.9932214056988221]], "trans": [389.2137001083431, 81.87657563655546, 82.89136675865541]}], "rb_4XMM.renamed.noAb_Nup120_2-711_3F7F_updated_1.pdb_42": [{"rot": [[0.98610402140728, 0.152723132060622, 0.06537969025610568], [-0.16296395511964834, 0.9657130675141332, 0.20209161428471983], [-0.03227395693359817, -0.20993788644748368, 0.9771819050401063]], "trans": [-103.62184202152741, 57.8505567055729, 150.04403217748268]}], "rb_4XMM.renamed.noAb_Nup120_2-711_3F7F_updated_1.pdb_43": [{"rot": [[0.5835646517825661, 0.7849392921387697, 0.2081408293597844], [-0.8120612548970338, 0.5631295627176547, 0.15310654423791595], [0.0029690882348576003, -0.2583706702590474, 0.9660412937679961]], "trans": [-345.4275140005685, 261.25443961574564, 168.3690238598844]}], "rb_4XMM.renamed.noAb_Nup120_2-711_3F7F_updated_1.pdb_44": [{"rot": [[-0.15872257609403495, 0.9483692235071711, 0.2745959936752128], [-0.9853126663995669, -0.16988998268068212, 0.01721462219545203], [0.06297692649413682, -0.267830561529415, 0.9614055840487871]], "trans": [-373.0938174695992, 576.5527049610764, 169.08136290538994]}], "rb_4XMM.renamed.noAb_Nup120_2-711_3F7F_updated_1.pdb_45": [{"rot": [[-0.8059153378824968, 0.5472733680081847, 0.22581481092859623], [-0.5812250699241619, -0.8039323834109412, -0.12597674783409565], [0.11259612008143416, -0.2327758225679382, 0.9659904399994991]], "trans": [-170.41152842231895, 819.0392999919089, 151.78775595834838]}], "rb_4XMM.renamed.noAb_Nup120_2-711_3F7F_updated_1.pdb_46": [{"rot": [[-0.9788789883091981, -0.18338066675532075, 0.0903739857875794], [0.16348132287877873, -0.9675666611274869, -0.19258404228910075], [0.12275904576268142, -0.17374201373006948, 0.977109988357736]], "trans": [143.88712373636395, 846.6622750733704, 126.64304670938071]}], "rb_4XMM.renamed.noAb_Nup120_2-711_3F7F_updated_1.pdb_47": [{"rot": [[-0.576288982166706, -0.8155654449969937, -0.0523833366645956], [0.8125470067451538, -0.564933548700651, -0.1435877689149695], [0.08751211837655173, -0.12531197260973687, 0.9882502409096107]], "trans": [385.68347030016145, 643.2398187139721, 108.4013652781195]}], "rb_4XMM.renamed.noAb_Nup120_2-711_3F7F_updated_1.pdb_48": [{"rot": [[0.1660117784276211, -0.9789382098174889, -0.11882790405719809], [0.9857401522398984, 0.1680987994830409, -0.007690635501722554], [0.027503484967516097, -0.11585670015881104, 0.9928850806326737]], "trans": [413.3317154627782, 327.9397909008633, 107.77295075589217]}], "rb_4XMM.renamed.noAb_Nup120_2-711_3F7F_updated_1.pdb_49": [{"rot": [[0.8131730414769018, -0.5777928920289765, -0.07003555194324132], [0.5816017727088398, 0.8021096981014726, 0.13549690104757894], [-0.022112950891681422, -0.15091522829838588, 0.988299353065915]], "trans": [210.6370407069603, 85.46951045253525, 125.1499421316509]}]}
