{"rb_ScNup133N_56-480_renamed_1.pdb_0": [{"rot": [[0.7761963138682229, 0.15949781218690212, 0.6099833852204282], [0.3708333908560926, 0.6669439233933308, -0.6462726972995855], [-0.5099037934390702, 0.7278366925047822, 0.45853230036731707]], "trans": [-65.84661512095136, 28.498954462292545, 350.1460375790375]}], "rb_ScNup133N_56-480_renamed_1.pdb_1": [{"rot": [[0.8016315867991153, 0.5976518753711946, -0.014107973320951622], [-0.31418893224263833, 0.40111041206382625, -0.8604625222461558], [-0.5085981851148914, 0.6942065061631729, 0.5093183806800585]], "trans": [-335.38382426280737, 225.40301442262594, 370.71302919593427]}], "rb_ScNup133N_56-480_renamed_1.pdb_2": [{"rot": [[0.33675588739608403, 0.720202993770107, -0.6065501793492845], [-0.8164187675299842, -0.09759265762287334, -0.5691538185788829], [-0.4691011280405275, 0.6868648491098359, 0.5551223385240633]], "trans": [-387.2481654419313, 555.7785795637634, 373.2807434990061]}], "rb_ScNup133N_56-480_renamed_1.pdb_3": [{"rot": [[-0.34610004488321355, 0.4553589942547868, -0.8202822351380675], [-0.8416427960539399, -0.5370179957310166, 0.05700066764122336], [-0.41455055515864514, 0.7101125675639801, 0.5691115695585078]], "trans": [-191.05486296911806, 826.0871023257372, 356.36898214592816]}], "rb_ScNup133N_56-480_renamed_1.pdb_4": [{"rot": [[-0.8469095766409196, -0.041730773958297857, -0.5300968887842457], [-0.3750844262463704, -0.6597440432995861, 0.6511908096081686], [-0.3769029612265293, 0.7503308202623377, 0.5430909849952567]], "trans": [138.2651935807571, 877.9781555195916, 329.9088982943556]}], "rb_ScNup133N_56-480_renamed_1.pdb_5": [{"rot": [[-0.8722914227589726, -0.47986411568419035, 0.09401119220472873], [0.30993987038643583, -0.39387615122564323, 0.8653316440767151], [-0.37821283760068725, 0.7839591876968477, 0.49230381016170494]], "trans": [407.79358500724396, 681.0533453156963, 309.425187052908]}], "rb_ScNup133N_56-480_renamed_1.pdb_6": [{"rot": [[-0.40737653989738665, -0.6023763416597447, 0.6864306940615728], [0.8121332020343985, 0.10483652057661819, 0.5739764508294221], [-0.41771284023188066, 0.7912976980643933, 0.4465018881745121]], "trans": [459.6386926016511, 350.6741189664963, 306.9415001883405]}], "rb_ScNup133N_56-480_renamed_1.pdb_7": [{"rot": [[0.27548137826367297, -0.3374980624860948, 0.9001139194835707], [0.8373036340921649, 0.5442410571167609, -0.05219478982122139], [-0.4722633106287192, 0.7680473485186701, 0.43251663074087604]], "trans": [263.43083465842165, 80.38140240962446, 323.9368213870882]}], "rb_ScNup133C_490_881_renamed_relative_3CQC_1.pdb_7": [{"rot": [[0.8244999132140963, 0.3349461969069277, -0.45608216177300065], [-0.26570647369628814, 0.940777591613044, 0.21056493761935985], [0.4995998027880232, -0.05242678987260978, 0.8646684154968435]], "trans": [154.65325564466286, 102.23849820464011, -224.75751856137742]}], "rb_ScNup133C_490_881_renamed_relative_3CQC_1.pdb_8": [{"rot": [[0.4070789179960986, 0.8996594668861798, -0.15779606511317185], [-0.7401822583253147, 0.426145958221754, 0.5201248376608257], [0.5351793895354742, -0.09493400830754939, 0.8393870115048836]], "trans": [-138.44186321746201, 89.0299322027214, -201.2905185267473]}], "rb_ScNup133C_490_881_renamed_relative_3CQC_1.pdb_9": [{"rot": [[-0.2226455066761895, 0.9363581352864737, 0.27140821807701443], [-0.779451407406388, -0.3381878933906853, 0.5273371333939711], [0.5855633884124787, -0.09414027430811872, 0.8051416812611855]], "trans": [-355.07729158773583, 287.60469547939476, -184.94825516770453]}], "rb_ScNup133C_490_881_renamed_relative_3CQC_1.pdb_10": [{"rot": [[-0.6957719137153531, 0.42354360470769303, 0.5800967669243537], [-0.36050949971281376, -0.9044664158423985, 0.22797676028494973], [0.621236142462503, -0.05051056844283375, 0.7819938220816645]], "trans": [-368.34302762804896, 581.6350085982024, -185.2802518847027]}], "rb_ScNup133C_490_881_renamed_relative_3CQC_1.pdb_11": [{"rot": [[-0.7351361827955116, -0.3383701421522315, 0.5874354770055363], [0.271221388147614, -0.9409556661540064, -0.20258675411771293], [0.621300049377211, 0.010396212413569014, 0.783503776258498]], "trans": [-170.4659027798436, 798.8738851019109, -202.06801541858448]}], "rb_ScNup133C_490_881_renamed_relative_3CQC_1.pdb_12": [{"rot": [[-0.317678170053314, -0.9030432893989251, 0.28912522847919336], [0.7456643946607378, -0.4262797269945394, -0.512123232131384], [0.5857176715848791, 0.05290001724979865, 0.8087869913445429]], "trans": [122.63678649260481, 812.0598448616687, -225.45303228254915]}], "rb_ScNup133C_490_881_renamed_relative_3CQC_1.pdb_13": [{"rot": [[0.31204933448888067, -0.939682345483899, -0.14007962889343936], [0.784884116964778, 0.33805697954564434, -0.519301840471315], [0.535333667707782, 0.05210151788914383, 0.8430322034490616]], "trans": [339.26326540484104, 613.4684835233568, -241.71202496776215]}], "rb_ScNup133C_490_881_renamed_relative_3CQC_1.pdb_14": [{"rot": [[0.7851430795124406, -0.42682363474188456, -0.44874483787498465], [0.3659050887359435, 0.9042952336277432, -0.21991724915359692], [0.49966369763157825, 0.008468486515916918, 0.8661780844637361]], "trans": [352.51260151598854, 319.4375374923327, -241.29624140624207]}], "rb_ScNup84_506-726_ScNup133C_882_1155_renamed_relative_3CQC_new_1.pdb_14": [{"rot": [[0.9885540261790532, 0.13085614635337078, 0.07508399487724837], [-0.14607760771552059, 0.9546181313409016, 0.2595487542626881], [-0.03771299310969534, -0.2675460563655312, 0.962806750014746]], "trans": [-54.91345596788665, 27.67686655615711, 113.22060547141842]}], "rb_ScNup84_506-726_ScNup133C_882_1155_renamed_relative_3CQC_new_1.pdb_15": [{"rot": [[0.5970987387694282, 0.76047619519876, 0.25524312467914384], [-0.8021608800973548, 0.5673772159598751, 0.18606723852160442], [-0.003319427871302072, -0.3158465629789816, 0.9488044740898773]], "trans": [-332.896194382305, 203.46971814737554, 134.5634740639092]}], "rb_ScNup84_506-726_ScNup133C_882_1155_renamed_relative_3CQC_new_1.pdb_16": [{"rot": [[-0.14227234919399895, 0.9328846158673252, 0.33088498323872445], [-0.9882126620384566, -0.15295632238676599, 0.0063323004334673305], [0.05651825582663378, -0.3260838188564189, 0.9436498449310138]], "trans": [-405.6157710945244, 524.9143452267074, 138.83693300627465]}], "rb_ScNup84_506-726_ScNup133C_882_1155_renamed_relative_3CQC_new_1.pdb_17": [{"rot": [[-0.7964252292499127, 0.5470821245726895, 0.2576975032615822], [-0.5952411963476035, -0.7844009402326696, -0.17436479900706559], [0.10674629916252128, -0.29226069515953224, 0.9503625169796888]], "trans": [-230.4701193812312, 803.7040696770185, 123.56153469549267]}], "rb_ScNup84_506-726_ScNup133C_882_1155_renamed_relative_3CQC_new_1.pdb_18": [{"rot": [[-0.9821479207059496, -0.17092273946962228, 0.07855494246179466], [0.1465452914758365, -0.9570474770745931, -0.2501691511186279], [0.11794040613478642, -0.23419125465600202, 0.9650101123011126]], "trans": [89.93988176950188, 876.5200567753802, 97.70982774632199]}], "rb_ScNup84_506-726_ScNup133C_882_1155_renamed_relative_3CQC_new_1.pdb_19": [{"rot": [[-0.5906414522172141, -0.8005126030350406, -0.10159846113401522], [0.8025978176754139, -0.5697571573143687, -0.17667349759290174], [0.08354291104216804, -0.18589339437190727, 0.9790118630249008]], "trans": [367.91544924182284, 700.7057913693343, 76.45011149984134]}], "rb_ScNup84_506-726_ScNup133C_882_1155_renamed_relative_3CQC_new_1.pdb_20": [{"rot": [[0.1487441667343864, -0.9728648468298676, -0.17722630353643143], [0.9885915620627971, 0.1505898889389553, 0.0030673714460277], [0.023704351514602803, -0.17566068186150077, 0.9841653461523733]], "trans": [440.6164894942093, 379.25586591006413, 72.26063239642474]}], "rb_ScNup84_506-726_ScNup133C_882_1155_renamed_relative_3CQC_new_1.pdb_21": [{"rot": [[0.802866415229778, -0.587013096272456, -0.10402472831354076], [0.5955687666640612, 0.7820042050968301, 0.18375872056890225], [-0.026521000552972275, -0.20948758439462495, 0.9774515786033446]], "trans": [265.45562140140873, 100.48029597073855, 87.6196512676955]}], "rb_4XMM.renamed.noAb_Nup145c_149-550_Sec13_Nup84_7-436_3IKO_updated_1.pdb_21": [{"rot": [[0.9999368297456963, -0.010888674787739937, -0.0027880601667820077], [0.01087969686218112, 0.9999356449414756, -0.003215302732679808], [0.0028228911268070858, 0.0031847663717404105, 0.9999909442334185]], "trans": [4.94140394915803, -4.2429589440145605, -2.3862970206067757]}], "rb_4XMM.renamed.noAb_Nup145c_149-550_Sec13_Nup84_7-436_3IKO_updated_1.pdb_22": [{"rot": [[0.7166231153502388, 0.6972877950526251, 0.015525508570309803], [-0.6968637519316028, 0.7149117192763786, 0.057290006852000655], [0.028848254531740978, -0.05187450734166958, 0.9982368525047206]], "trans": [-315.25115017897826, 132.05681146587222, 22.513107737811765]}], "rb_4XMM.renamed.noAb_Nup145c_149-550_Sec13_Nup84_7-436_3IKO_updated_1.pdb_23": [{"rot": [[0.017332812108712903, 0.9973164685335519, 0.07112970698778799], [-0.9961407143705107, 0.011102769165361182, 0.08706552526843886], [0.086042145474253, -0.07236428752240448, 0.9936599816303171]], "trans": [-445.66694293434136, 455.5286949444276, 31.375448796285923]}], "rb_4XMM.renamed.noAb_Nup145c_149-550_Sec13_Nup84_7-436_3IKO_updated_1.pdb_24": [{"rot": [[-0.6882799603467199, 0.7134363183256178, 0.13145081163349617], [-0.7116305260526603, -0.6991899987103463, 0.06866833399347567], [0.14089957620635732, -0.046281372034689294, 0.9889415271023132]], "trans": [-309.904650718898, 776.6784179915369, 19.033046704938954]}], "rb_4XMM.renamed.noAb_Nup145c_149-550_Sec13_Nup84_7-436_3IKO_updated_1.pdb_25": [{"rot": [[-0.9868572907715755, 0.011948339130748616, 0.1611518688784029], [-0.010003266888303823, -0.999867065801127, 0.012875767076381491], [0.1612842903154139, 0.011094499459664085, 0.9868456261134221]], "trans": [12.506174778488912, 907.3720614302874, -7.259740462061814]}], "rb_4XMM.renamed.noAb_Nup145c_149-550_Sec13_Nup84_7-436_3IKO_updated_1.pdb_26": [{"rot": [[-0.7034883690626147, -0.6962059198581946, 0.1428335806035348], [0.6977179217597246, -0.7147875666585564, -0.04762810310761637], [0.13525463485186845, 0.06615173243947534, 0.9886000870151401]], "trans": [332.69463932807383, 771.0475629490663, -32.07622235280189]}], "rb_4XMM.renamed.noAb_Nup145c_149-550_Sec13_Nup84_7-436_3IKO_updated_1.pdb_27": [{"rot": [[-0.004174705058742789, -0.9961797087504378, 0.08722705836817418], [0.9969399887126504, -0.01095509150128976, -0.07739925630016241], [0.078059149004408, 0.08663702351818607, 0.9931771218733425]], "trans": [463.09173907862436, 447.5658527287808, -40.85454906210464]}], "rb_4XMM.renamed.noAb_Nup145c_149-550_Sec13_Nup84_7-436_3IKO_updated_1.pdb_28": [{"rot": [[0.7014158965439092, -0.7122441523824806, 0.026907386949758826], [0.712374428118305, 0.6993153716856457, -0.05899733118780309], [0.02320375483882524, 0.06054980033928328, 0.9978954391319017]], "trans": [327.3109277364249, 126.42719450376865, -28.428248128066855]}], "rb_4XMM.renamed.noAb_Seh1_Nup85_47_544_3F3F_1.pdb_28": [{"rot": [[0.6475198835593041, -0.7368271787711743, 0.19443175928706907], [0.2501432050532809, 0.4465205220428399, 0.8590970843625705], [-0.7198238516199815, -0.5076466606003718, 0.4734432285082059]], "trans": [499.46286225190846, -68.03402838914849, 768.2762106156529]}], "rb_4XMM.renamed.noAb_Seh1_Nup85_47_544_3F3F_1.pdb_29": [{"rot": [[0.6211722143012792, -0.21761107940684266, 0.752854898569068], [-0.32093365617431924, 0.8057837726004082, 0.4977088507837134], [-0.7149452206390616, -0.5507793840851795, 0.4306917709361544]], "trans": [5.599087294004562, -217.18121413362982, 808.4071212841249]}], "rb_4XMM.renamed.noAb_Seh1_Nup85_47_544_3F3F_1.pdb_30": [{"rot": [[0.1999864170143146, 0.40290721055460743, 0.8931244105346628], [-0.7058921222619194, 0.6914095884541072, -0.15384762826346338], [-0.6795010998801599, -0.5996820496536766, 0.4226815522172991]], "trans": [-448.87556772250326, 27.72570094919896, 843.4812159194651]}], "rb_4XMM.renamed.noAb_Seh1_Nup85_47_544_3F3F_1.pdb_31": [{"rot": [[-0.3693009295311443, 0.7612193275458701, 0.5330684372742897], [-0.6792180958610319, 0.17039997935283624, -0.7138813804067691], [-0.6342551550459435, -0.6257067862882529, 0.4541050714212292]], "trans": [-597.7215284570457, 523.2169096114935, 852.9756002407431]}], "rb_4XMM.renamed.noAb_Seh1_Nup85_47_544_3F3F_1.pdb_32": [{"rot": [[-0.7531932707771813, 0.6474209812326137, -0.11638715528690216], [-0.25653759774106866, -0.4520302794563917, -0.85431673716475], [-0.6057130985881183, -0.613607936319587, 0.5065539879266616]], "trans": [-353.7408190440171, 979.0267921880188, 831.3523349429217]}], "rb_4XMM.renamed.noAb_Seh1_Nup85_47_544_3F3F_1.pdb_33": [{"rot": [[-0.7268010603398565, 0.12817684744182783, -0.6747821237027107], [0.31453717650427176, -0.8112527660964812, -0.49288468641005106], [-0.6105952696226746, -0.570473176653108, 0.5493029869149912]], "trans": [140.14113415369064, 1128.1356093412817, 791.3026386266924]}], "rb_4XMM.renamed.noAb_Seh1_Nup85_47_544_3F3F_1.pdb_34": [{"rot": [[-0.30558522722352227, -0.49233253890955936, -0.8150008221061016], [0.6994625719677527, -0.6968298828566072, 0.15868278033330954], [-0.6460416235189577, -0.5215714577015506, 0.557309102017969]], "trans": [594.6032325565848, 883.1934303437585, 756.3121929960064]}], "rb_4XMM.renamed.noAb_Seh1_Nup85_47_544_3F3F_1.pdb_35": [{"rot": [[0.2637000543890261, -0.8506040301145575, -0.4549011598887206], [0.6727438645387908, -0.17579216810134116, 0.7186882539457902], [-0.6912871863709348, -0.49555009594097393, 0.5258822381220474]], "trans": [743.417084343926, 387.69095413210187, 746.9028993677895]}], "rb_4XMM.renamed.noAb_Nup120_715-1036_Nup85_553-744_Nup145c_92-99_554-712_remaining_updated_1.pdb_35": [{"rot": [[0.9944851368515928, -0.07683999827671223, 0.07137875906812782], [0.07245392897561975, 0.995434655317244, 0.062131112732976924], [-0.0758270450252865, -0.05661679660910623, 0.995512329197614]], "trans": [21.281001790683604, -55.15519502748964, 73.29241517953716]}], "rb_4XMM.renamed.noAb_Nup120_715-1036_Nup85_553-744_Nup145c_92-99_554-712_remaining_updated_1.pdb_36": [{"rot": [[0.7546125453362454, 0.6461767614441475, 0.11408549158726766], [-0.6540126349353764, 0.7547646633317967, 0.05096838559860602], [-0.053173111306762756, -0.11307473614912981, 0.9921626501127553]], "trans": [-338.06382822442004, 88.90024784487576, 101.274763749709]}], "rb_4XMM.renamed.noAb_Nup120_715-1036_Nup85_553-744_Nup145c_92-99_554-712_remaining_updated_1.pdb_37": [{"rot": [[0.07285322739088884, 0.9879677536830871, 0.13642626191876628], [-0.9973386357275544, 0.07177891009983628, 0.01278412100935064], [0.0028377709268970763, -0.13699454641435913, 0.9905677368604795]], "trans": [-490.70769900086003, 445.62685165710144, 111.74702034608248]}], "rb_4XMM.renamed.noAb_Nup120_715-1036_Nup85_553-744_Nup145c_92-99_554-712_remaining_updated_1.pdb_38": [{"rot": [[-0.6514085957257034, 0.7483069959335455, 0.12531353179757018], [-0.7563988612402455, -0.6534199200362335, -0.03005280044027263], [0.05939363710977554, -0.11436366528209814, 0.9916619121122467]], "trans": [-347.2277654199569, 806.049258846051, 98.5983942968706]}], "rb_4XMM.renamed.noAb_Nup120_715-1036_Nup85_553-744_Nup145c_92-99_554-712_remaining_updated_1.pdb_39": [{"rot": [[-0.9938901359401262, 0.06759113930188879, 0.08725729521817077], [-0.07233922861893602, -0.9960001270791987, -0.05244790616448209], [0.08336326339422931, -0.058439582015049306, 0.994804192577701]], "trans": [8.32531769879705, 959.0270581196764, 69.55554103851517]}], "rb_4XMM.renamed.noAb_Nup120_715-1036_Nup85_553-744_Nup145c_92-99_554-712_remaining_updated_1.pdb_40": [{"rot": [[-0.7539608780050538, -0.6554068693034804, 0.04455143216171595], [0.6541084841059915, -0.7552733953623711, -0.04128182745904514], [0.060704904731094744, -0.001983413120623879, 0.9981537860540242]], "trans": [367.66545430522746, 814.943814471697, 41.65617841517866]}], "rb_4XMM.renamed.noAb_Nup120_715-1036_Nup85_553-744_Nup145c_92-99_554-712_remaining_updated_1.pdb_41": [{"rot": [[-0.07217476422138808, -0.9971446021696154, 0.02221363935934601], [0.997380963907525, -0.07226083857238513, -0.0030958106713164825], [0.004692147108093207, 0.021932021630842326, 0.9997484534535179]], "trans": [520.2880390186251, 458.20564040001443, 31.26815133381109]}], "rb_4XMM.renamed.noAb_Nup120_715-1036_Nup85_553-744_Nup145c_92-99_554-712_remaining_updated_1.pdb_42": [{"rot": [[0.6520682867721945, -0.757427276881501, 0.03332971079756782], [0.7563843519759611, 0.6529191570461337, 0.039740237141615724], [-0.05186194627933848, -0.000703276645689567, 0.9986540161287487]], "trans": [376.78652307470117, 97.79490507925459, 44.50091743104588]}], "rb_4XMM.renamed.noAb_Nup120_2-711_3F7F_updated_1.pdb_42": [{"rot": [[0.9833906793571111, 0.1419469814385953, 0.1131097971620312], [-0.16747630711200284, 0.9498628231009193, 0.2640308766922598], [-0.06996040529964687, -0.27858871432853893, 0.9578590031623059]], "trans": [-105.22475277007254, 52.949878188645016, 221.0162080609253]}], "rb_4XMM.renamed.noAb_Nup120_2-711_3F7F_updated_1.pdb_43": [{"rot": [[0.5777148641728598, 0.7647682086848834, 0.28526325157414545], [-0.8155103799227289, 0.555562270424542, 0.16215234786773786], [-0.03447253910036149, -0.326312964292944, 0.9446329940153113]], "trans": [-348.6157623266389, 263.00678085450784, 239.4351908820241]}], "rb_4XMM.renamed.noAb_Nup120_2-711_3F7F_updated_1.pdb_44": [{"rot": [[-0.16604151788270222, 0.9273910798777608, 0.33522529633423204], [-0.9857854287204612, -0.16493838040812542, -0.03197529031558577], [0.025637918434026102, -0.33576943820352373, 0.9415952323089074]], "trans": [-372.71381007817473, 584.1320979078339, 239.834766493949]}], "rb_4XMM.renamed.noAb_Nup120_2-711_3F7F_updated_1.pdb_45": [{"rot": [[-0.8121754912364395, 0.5345488240899563, 0.23372746115700122], [-0.5785519290413002, -0.7895596890801295, -0.20462933021022178], [0.07515741372242031, -0.30141840030717837, 0.9505252816831454]], "trans": [-163.4000065300936, 828.2062075469938, 222.00486277040483]}], "rb_4XMM.renamed.noAb_Nup120_2-711_3F7F_updated_1.pdb_46": [{"rot": [[-0.9821726638087085, -0.18362602616222728, 0.04022860900875078], [0.16762699301035583, -0.9523896858109581, -0.25466660082392995], [0.08507672819999632, -0.24338317295322157, 0.9661917933009007]], "trans": [156.70858421377227, 852.2471716956014, 196.41449361547305]}], "rb_4XMM.renamed.noAb_Nup120_2-711_3F7F_updated_1.pdb_47": [{"rot": [[-0.576446294946541, -0.8064165173356725, -0.13191690418825888], [0.815629203773846, -0.5580402626127381, -0.15277456350568425], [0.049584987583455954, -0.19566161062230664, 0.9794171037586781]], "trans": [400.08974950380076, 642.1715713729869, 178.07886300550402]}], "rb_4XMM.renamed.noAb_Nup120_2-711_3F7F_updated_1.pdb_48": [{"rot": [[0.167323387728804, -0.9689831983550499, -0.18186380955148346], [0.985845871352746, 0.1624731280781459, 0.04135698960576058], [-0.010526246040488713, -0.18620967740191252, 0.9824536397134342]], "trans": [424.1692843779267, 321.0447721092826, 177.76324678539584]}], "rb_4XMM.renamed.noAb_Nup120_2-711_3F7F_updated_1.pdb_49": [{"rot": [[0.8134256169535841, -0.5760922152890054, -0.08035250566778039], [0.5785616718243237, 0.7870635827561656, 0.21400305744282141], [-0.06004296444653682, -0.2205644490448044, 0.9735225555877158]], "trans": [214.84297112470858, 76.98749759621512, 195.67654228826322]}]}
