{"rb_ScNup133N_56-480_renamed_1.pdb_0": [{"rot": [[0.6032998093588438, -0.0012510455325025482, 0.7975134951288627], [0.5568638130790116, 0.7165147428340664, -0.420130119111367], [-0.5709045749603716, 0.6975708266452255, 0.4329698697401588]], "trans": [12.696870072191246, -160.53619799649863, 399.79580772224176]}], "rb_ScNup133N_56-480_renamed_1.pdb_1": [{"rot": [[0.8090015853875356, 0.51803884344418, 0.27776283322911643], [-0.06430922844726744, 0.5477086344807802, -0.8341939671633404], [-0.5842779800548424, 0.6570015284595702, 0.47641183195300446]], "trans": [-411.9873449804792, 39.2414596920967, 432.71499497643265]}], "rb_ScNup133N_56-480_renamed_1.pdb_2": [{"rot": [[0.5166472774739537, 0.7663766929561672, -0.381762170955054], [-0.6492820693386511, 0.060032337988555534, -0.7581747244738131], [-0.5581293623471768, 0.6395802396018753, 0.5286101890776768]], "trans": [-571.5718705373706, 481.70243019658096, 443.32332655743664]}], "rb_ScNup133N_56-480_renamed_1.pdb_3": [{"rot": [[-0.10249783861038397, 0.5982826891956581, -0.7947024706700027], [-0.8553693712839103, -0.46082649592168146, -0.23660553528163236], [-0.5077769507860345, 0.6555125967251516, 0.5589864075137078]], "trans": [-372.5679280461819, 907.646955090923, 425.43029714881254]}], "rb_ScNup133N_56-480_renamed_1.pdb_4": [{"rot": [[-0.6857298239171354, 0.11222866969101256, -0.7191518158844867], [-0.561842286972555, -0.7097414182357559, 0.4249710152588547], [-0.46271789803293584, 0.6954652003803484, 0.5497456701965903]], "trans": [68.44708036542329, 1067.5508426693955, 389.5419005710336]}], "rb_ScNup133N_56-480_renamed_1.pdb_5": [{"rot": [[-0.8913831578826132, -0.407048067570273, -0.19936884543609426], [0.059346878873934, -0.5408945577616788, 0.8389940556116684], [-0.4493484325232897, 0.7360332520145398, 0.5063013313410881]], "trans": [493.12225779757176, 867.7402577388937, 356.7060704669408]}], "rb_ScNup133N_56-480_renamed_1.pdb_6": [{"rot": [[-0.5989832177578316, -0.6553478880985425, 0.46015024764662316], [0.6442967541354448, -0.053198786105896956, 0.7629230510132615], [-0.47550057566211057, 0.7534514149708883, 0.4541036972139317]], "trans": [652.6788107297731, 425.26717507613296, 346.18250399790315]}], "rb_ScNup133N_56-480_renamed_1.pdb_7": [{"rot": [[0.020177988692956672, -0.4872132560008661, 0.8730498794165976], [0.8503354540905439, 0.46764683718525224, 0.2413214685585455], [-0.5258540332534588, 0.7375158837934672, 0.42373087787345104]], "trans": [453.6481740462112, -0.6613178293963529, 364.1600596849563]}], "rb_ScNup133C_490_881_renamed_relative_3CQC_1.pdb_7": [{"rot": [[0.7707466385547231, 0.3576878585667246, -0.5272656019413271], [-0.2879213516550614, 0.9337637456509341, 0.21257131172635743], [0.5683756807057474, -0.012027599174091685, 0.8226812398738591]], "trans": [201.24454898888922, 112.70045209282698, -260.78800489665025]}], "rb_ScNup133C_490_881_renamed_relative_3CQC_1.pdb_8": [{"rot": [[0.3546693353838486, 0.9116359499091804, -0.20767656914435376], [-0.714045595765282, 0.40748592551528673, 0.5692926379948697], [0.6036129138003815, -0.053620102015388416, 0.7954723973547271]], "trans": [-98.74805570242506, 61.516391333210805, -236.58646381772303]}], "rb_ScNup133C_490_881_renamed_relative_3CQC_1.pdb_9": [{"rot": [[-0.2400219221867561, 0.9325103727999162, 0.2698404741515624], [-0.7200920832068449, -0.35744334676415956, 0.5947282115024197], [0.6510429083959097, -0.05156218066181878, 0.7572875761246826]], "trans": [-347.0312109898506, 238.14209629209472, -217.6148881262974]}], "rb_ScNup133C_490_881_renamed_relative_3CQC_1.pdb_10": [{"rot": [[-0.6649486103254992, 0.408082595980176, 0.625549310993363], [-0.30251869638100976, -0.9129177179833659, 0.2739775146466982], [0.6828805048953479, -0.0070593944589949775, 0.7304959828662649]], "trans": [-398.15523037426004, 539.1078553773044, -214.9630894604408]}], "rb_ScNup133C_490_881_renamed_relative_3CQC_1.pdb_11": [{"rot": [[-0.6711826836544021, -0.3544301944573827, 0.6510706892645222], [0.2940541869248949, -0.933532469293487, -0.20505917176938743], [0.6804747903592145, 0.053817896946183386, 0.7307925106717202]], "trans": [-222.16902911232967, 788.1038000946999, -230.16052396778707]}], "rb_ScNup133C_490_881_renamed_relative_3CQC_1.pdb_12": [{"rot": [[-0.2550721341169599, -0.9083372544440933, 0.3314538257223609], [0.7201457599926155, -0.4072111887090607, -0.5617554024260157], [0.6452350662833513, 0.09540691787875391, 0.7580034493715705]], "trans": [77.83410803052806, 839.26471198119, -254.28031532891936]}], "rb_ScNup133C_490_881_renamed_relative_3CQC_1.pdb_13": [{"rot": [[0.33961961120904555, -0.9291520181501949, -0.14606521437234649], [0.7261455714279015, 0.35771969647349994, -0.5871534959876819], [0.5978052599115085, 0.09334423347122181, 0.7961882474012079]], "trans": [326.11002661105704, 662.6199242799908, -273.1687447742419]}], "rb_ScNup133C_490_881_renamed_relative_3CQC_1.pdb_14": [{"rot": [[0.7645137427580311, -0.404680903508485, -0.5017490443136551], [0.3085388470946207, 0.9131528881887696, -0.26637489113284235], [0.5659704205765813, 0.048838193333369376, 0.8229777116692183]], "trans": [377.2171061735953, 361.6505611131512, -275.7366991066425]}], "rb_ScNup84_506-726_ScNup133C_882_1155_renamed_relative_3CQC_new_1.pdb_14": [{"rot": [[0.9824989888554152, 0.17842448883957227, 0.05348306910065024], [-0.18598843934552575, 0.9554385153536793, 0.22922814794124607], [-0.010199869014024816, -0.23516365612291257, 0.9719022674688038]], "trans": [-59.7313047515305, 56.65691609895538, 85.11739204403443]}], "rb_ScNup84_506-726_ScNup133C_882_1155_renamed_relative_3CQC_new_1.pdb_15": [{"rot": [[0.5652132527742764, 0.7954179224219364, 0.2187334166932271], [-0.8245297186316833, 0.536298057339482, 0.1803749893612071], [0.026167192846765136, -0.28230253697738655, 0.958968485214531]], "trans": [-316.43670788601, 225.73823139415904, 104.79698005795814]}], "rb_ScNup84_506-726_ScNup133C_882_1155_renamed_relative_3CQC_new_1.pdb_16": [{"rot": [[-0.180064188092655, 0.9364089219499968, 0.3011896728956319], [-0.9798595205984245, -0.19762595123192128, 0.028623474497413787], [0.08632617250381694, -0.2899695057969425, 0.953134553800626]], "trans": [-378.83633254929856, 527.3458308992947, 108.34439142678858]}], "rb_ScNup84_506-726_ScNup133C_882_1155_renamed_relative_3CQC_new_1.pdb_17": [{"rot": [[-0.8167393004736143, 0.5188029719271227, 0.2525478001912835], [-0.560983457103425, -0.8163904778108814, -0.13712821954656415], [0.13503509143241646, -0.25367314414282416, 0.9578180725077874]], "trans": [-210.37368543967025, 784.7938469522809, 93.705507453351]}], "rb_ScNup84_506-726_ScNup133C_882_1155_renamed_relative_3CQC_new_1.pdb_18": [{"rot": [[-0.971838826416751, -0.21276047387939112, 0.10130289346079424], [0.18671496770544943, -0.957514538147619, -0.21978041330087844], [0.14375957812843318, -0.1946763724507134, 0.9702753700397461]], "trans": [90.26535278199424, 847.2657185274309, 69.4799976787358]}], "rb_ScNup84_506-726_ScNup133C_882_1155_renamed_relative_3CQC_new_1.pdb_19": [{"rot": [[-0.5545032767212601, -0.8297212338715028, -0.06394364837993023], [0.8252234740273701, -0.5383256678476225, -0.17091428626831986], [0.10738870527007814, -0.1475403314323295, 0.9832087858543852]], "trans": [346.96410785426866, 678.1646591978122, 49.88351220978694]}], "rb_ScNup84_506-726_ScNup133C_882_1155_renamed_relative_3CQC_new_1.pdb_20": [{"rot": [[0.19078629916998918, -0.9706549956991178, -0.1463880711443537], [0.9804947758890171, 0.19560938230429864, -0.01915630467695245], [0.047229043007083034, -0.1398779785344201, 0.9890417426063265]], "trans": [409.34674294263215, 376.5525706388315, 46.41995344584615]}], "rb_ScNup84_506-726_ScNup133C_882_1155_renamed_relative_3CQC_new_1.pdb_21": [{"rot": [[0.8274287591168832, -0.5530007745175775, -0.09773326951071591], [0.5615687553344814, 0.8143411114449424, 0.1465915660694604], [-0.0014770302556517262, -0.17617802812375638, 0.9843572119855923]], "trans": [240.87054415643024, 119.11818385396816, 61.14232784819529]}], "rb_4XMM.renamed.noAb_Nup145c_149-550_Sec13_Nup84_7-436_3IKO_updated_1.pdb_21": [{"rot": [[0.9990130751380082, -0.03263893396588676, 0.030125996960593406], [0.032874041077851475, 0.9994325353986286, -0.007341975883895599], [-0.029869267257683657, 0.008325093166953419, 0.9995191442374927]], "trans": [4.1194883257434185, -14.635691088953706, 12.555124956877762]}], "rb_4XMM.renamed.noAb_Nup145c_149-550_Sec13_Nup84_7-436_3IKO_updated_1.pdb_22": [{"rot": [[0.7308277200002722, 0.6816150545590586, 0.03594107785883243], [-0.6825435661055935, 0.7301808465101323, 0.03114822238274679], [-0.005012389356615195, -0.047295335797490574, 0.9988683732928676]], "trans": [-322.86523203135596, 126.14798181054678, 37.97409111815881]}], "rb_4XMM.renamed.noAb_Nup145c_149-550_Sec13_Nup84_7-436_3IKO_updated_1.pdb_23": [{"rot": [[0.0368292443299611, 0.9970605065177116, 0.06718595913378676], [-0.997976149951308, 0.033208904667089534, 0.05422889247601356], [0.05183831488818774, -0.06904719395786478, 0.9962656644269623]], "trans": [-454.92490079535486, 457.60723187577497, 46.928596963343466]}], "rb_4XMM.renamed.noAb_Nup145c_149-550_Sec13_Nup84_7-436_3IKO_updated_1.pdb_24": [{"rot": [[-0.6764282594467486, 0.728905028371821, 0.10555694878176218], [-0.7286388552430403, -0.6831872992944643, 0.04837905241782077], [0.10737890133518975, -0.044187936102621964, 0.9932357211916196]], "trans": [-314.69518862371024, 785.5686736382737, 34.19697161097645]}], "rb_4XMM.renamed.noAb_Nup145c_149-550_Sec13_Nup84_7-436_3IKO_updated_1.pdb_25": [{"rot": [[-0.9911084886866575, 0.034237880211491344, 0.1285757800360206], [-0.032313266876749215, -0.9993327679073754, 0.017025620997002548], [0.1290729113214681, 0.012719534001100895, 0.9915535270563022]], "trans": [15.677275193750802, 917.9079870524216, 7.26158560957856]}], "rb_4XMM.renamed.noAb_Nup145c_149-550_Sec13_Nup84_7-436_3IKO_updated_1.pdb_26": [{"rot": [[-0.7228673281097955, -0.679995127764167, 0.12275769698229683], [0.683083267291796, -0.7300250280070937, -0.02146411957674274], [0.10421168791152022, 0.06833801797121446, 0.992204535064417]], "trans": [342.6575564402838, 777.0990531310714, -18.074427231102334]}], "rb_4XMM.renamed.noAb_Nup145c_149-550_Sec13_Nup84_7-436_3IKO_updated_1.pdb_27": [{"rot": [[-0.028844231782451935, -0.9953862287976012, 0.09151101470843326], [0.9984613704555299, -0.03302835086633654, -0.04454233656997303], [0.04735928632214362, 0.09008542367740224, 0.9948073755455966]], "trans": [474.69790927896787, 445.6298475664978, -26.94486845002757]}], "rb_4XMM.renamed.noAb_Nup145c_149-550_Sec13_Nup84_7-436_3IKO_updated_1.pdb_28": [{"rot": [[0.6843922847411571, -0.727174868888901, 0.05314048026867921], [0.7290681029498827, 0.6833467823926932, -0.03868948506519443], [-0.008179354976742492, 0.06522181421855901, 0.9978372678459156]], "trans": [334.44914658719074, 117.6798214894061, -14.129303606743122]}], "rb_4XMM.renamed.noAb_Seh1_Nup85_47_544_3F3F_1.pdb_28": [{"rot": [[0.6393446097994635, -0.738591413544152, 0.21382514763054206], [0.2482267471688366, 0.46145133786237613, 0.8517312632368272], [-0.7277512981165682, -0.4914726712889277, 0.47836456961795915]], "trans": [497.7387681310165, -73.86786599804418, 762.246077424794]}], "rb_4XMM.renamed.noAb_Seh1_Nup85_47_544_3F3F_1.pdb_29": [{"rot": [[0.6138686184315413, -0.20801600519062963, 0.7615081489317642], [-0.3169837595537119, 0.8185163270017394, 0.47911618487667], [-0.7229706878457415, -0.535500106457611, 0.4365237914475474]], "trans": [0.14479962770542443, -220.43857098883234, 802.6617718208392]}], "rb_4XMM.renamed.noAb_Seh1_Nup85_47_544_3F3F_1.pdb_30": [{"rot": [[0.19743457163052658, 0.4189879371271991, 0.8862667197108127], [-0.6984141003278703, 0.694530587025592, -0.17275707843413324], [-0.687922477019236, -0.5848729539205759, 0.42975143209061917]], "trans": [-455.1523241922951, 28.93548227280659, 837.7796875759298]}], "rb_4XMM.renamed.noAb_Seh1_Nup85_47_544_3F3F_1.pdb_31": [{"rot": [[-0.36600459426748727, 0.7751126632439636, 0.5150155301094725], [-0.672617003360332, 0.1621267126108944, -0.7220119776351016], [-0.6431384017189907, -0.6106679034768682, 0.46201483514872926]], "trans": [-601.4312151665188, 528.1675740072335, 847.0512593793082]}], "rb_4XMM.renamed.noAb_Seh1_Nup85_47_544_3F3F_1.pdb_32": [{"rot": [[-0.7463782713872038, 0.6517352872418251, -0.13476123836201728], [-0.2547047717937484, -0.466805599715594, -0.846887248280229], [-0.6148536047113518, -0.5977739099676227, 0.5144136441964543]], "trans": [-352.99772309063917, 984.8006224991067, 825.0690746405792]}], "rb_4XMM.renamed.noAb_Seh1_Nup85_47_544_3F3F_1.pdb_33": [{"rot": [[-0.720858196403046, 0.12113201560383781, -0.6824151928806228], [0.3105037165577111, -0.8238289334474124, -0.4742291960842838], [-0.619637718899031, -0.5537444565958644, 0.5562518980704287]], "trans": [144.61422280431896, 1131.3326662110826, 784.7346120296818]}], "rb_4XMM.renamed.noAb_Seh1_Nup85_47_544_3F3F_1.pdb_34": [{"rot": [[-0.304394389073791, -0.5058622736383349, -0.8071229249685864], [0.6919013597780757, -0.6997939856554564, 0.1776538374978131], [-0.6546881427348764, -0.5043726179620616, 0.5630201577318993]], "trans": [599.8984416239159, 881.923284630049, 749.7003733611887]}], "rb_4XMM.renamed.noAb_Seh1_Nup85_47_544_3F3F_1.pdb_35": [{"rot": [[0.2590427801274, -0.8619454852271499, -0.43582888678975645], [0.6660600407620859, -0.1673621776490177, 0.726879579842896], [-0.6994718437248735, -0.4785811132808205, 0.5307534812387146]], "trans": [746.1449318154102, 382.68012695363564, 740.5139145310554]}], "rb_4XMM.renamed.noAb_Nup120_715-1036_Nup85_553-744_Nup145c_92-99_554-712_remaining_updated_1.pdb_35": [{"rot": [[0.9950595606329001, -0.07793391544930021, 0.061504273150743326], [0.07097693071690354, 0.9915958736856457, 0.108166069520941], [-0.06941718878684007, -0.10326629707868144, 0.9922284645123772]], "trans": [24.03391512574649, -68.58789225306703, 93.24792619034]}], "rb_4XMM.renamed.noAb_Nup120_715-1036_Nup85_553-744_Nup145c_92-99_554-712_remaining_updated_1.pdb_36": [{"rot": [[0.7541052265641477, 0.6417727215892806, 0.13947430262425844], [-0.6550926510774773, 0.7501342434759213, 0.09028972958808576], [-0.046678964994073834, -0.15945654765074688, 0.9861007472050647]], "trans": [-345.18758390914127, 78.6112562065657, 122.00221082593765]}], "rb_4XMM.renamed.noAb_Nup120_715-1036_Nup85_553-744_Nup145c_92-99_554-712_remaining_updated_1.pdb_37": [{"rot": [[0.07186055048077244, 0.980664223964823, 0.1820267593516719], [-0.9973707177415511, 0.06893699660901709, 0.022345959147716823], [0.009365504594168808, -0.18315395254812145, 0.983039631444072]], "trans": [-502.60190007198054, 444.5659563715019, 132.80980241207328]}], "rb_4XMM.renamed.noAb_Nup120_715-1036_Nup85_553-744_Nup145c_92-99_554-712_remaining_updated_1.pdb_38": [{"rot": [[-0.6520059167176513, 0.7402131712155507, 0.164233814192425], [-0.7553459517027631, -0.6529409148192538, -0.05586282306903456], [0.06588457946607404, -0.16047623784851392, 0.9848383620039204]], "trans": [-355.9915940734585, 814.8949017190292, 119.36346631173404]}], "rb_4XMM.renamed.noAb_Nup120_715-1036_Nup85_553-744_Nup145c_92-99_554-712_remaining_updated_1.pdb_39": [{"rot": [[-0.9934429920290998, 0.06127918040183185, 0.09651882530133131], [-0.07079987345583712, -0.9926132318156591, -0.09852080969576611], [0.08976858864272412, -0.10470832857873179, 0.9904432171605503]], "trans": [8.758862966439779, 972.6542912216164, 89.564260707024]}], "rb_4XMM.renamed.noAb_Nup120_715-1036_Nup85_553-744_Nup145c_92-99_554-712_remaining_updated_1.pdb_40": [{"rot": [[-0.7524320224733645, -0.6584086436883869, 0.01855018795213697], [0.6552507722624745, -0.7510951217040349, -0.08063835068892712], [0.06702594278390811, -0.04851985231653409, 0.9965707937347495]], "trans": [377.9754236715615, 825.4265668964348, 60.89298531116805]}], "rb_4XMM.renamed.noAb_Nup120_715-1036_Nup85_553-744_Nup145c_92-99_554-712_remaining_updated_1.pdb_41": [{"rot": [[-0.0701606322708665, -0.997247026104736, -0.023996970738213455], [0.9974752798762804, -0.06987129879312398, -0.012691242677395857], [0.010979604505026969, -0.024826810713831495, 0.9996314709705227]], "trans": [535.3677341666044, 459.459922359269, 50.1696824172281]}], "rb_4XMM.renamed.noAb_Nup120_715-1036_Nup85_553-744_Nup145c_92-99_554-712_remaining_updated_1.pdb_42": [{"rot": [[0.6536869781711697, -0.756739664806526, -0.00619792529397516], [0.7553937074598559, 0.65198771619996, 0.06551614041144972], [-0.04553769097678095, -0.04750892161337378, 0.997832260987605]], "trans": [388.73507307125794, 89.14289490485771, 63.70021896023155]}], "rb_4XMM.renamed.noAb_Nup120_2-711_3F7F_updated_1.pdb_42": [{"rot": [[0.9608396803480838, 0.2745157211185742, 0.03779189764144188], [-0.26685121458401434, 0.8798841651138739, 0.3931847978456147], [0.07468291600914068, -0.3878723692667599, 0.9186824735542535]], "trans": [-150.1277852863958, 114.50098036673751, 209.12985092779945]}], "rb_4XMM.renamed.noAb_Nup120_2-711_3F7F_updated_1.pdb_43": [{"rot": [[0.49452868882485207, 0.8072570992997594, 0.3221449232244869], [-0.861553899541156, 0.4063560655386053, 0.3043018668779604], [0.11474429883266536, -0.4280312180555555, 0.8964502341208223]], "trans": [-337.2915008652109, 337.49094767737546, 223.00424479080243]}], "rb_4XMM.renamed.noAb_Nup120_2-711_3F7F_updated_1.pdb_44": [{"rot": [[-0.25452602756291026, 0.8503135407784019, 0.46063367621347545], [-0.9511214185183108, -0.30624558465062696, 0.03977045533698778], [0.17488438617772678, -0.42799593952617354, 0.8866988932102864]], "trans": [-312.49982265451564, 627.8725012421705, 219.65658944325588]}], "rb_4XMM.renamed.noAb_Nup120_2-711_3F7F_updated_1.pdb_45": [{"rot": [[-0.8475176542837509, 0.3784619750404878, 0.3721294924160411], [-0.4830838559966438, -0.840468691089703, -0.24544320600369868], [0.21987226690235662, -0.38778720033855335, 0.8951409238219445]], "trans": [-90.27415197353395, 815.5361493981403, 201.07199349087958]}], "rb_4XMM.renamed.noAb_Nup120_2-711_3F7F_updated_1.pdb_46": [{"rot": [[-0.9370633352226648, -0.33188029759763543, 0.10847937060971242], [0.2683757845690205, -0.8833578254808114, -0.38425693281809997], [0.22335340614894839, -0.33095984685202534, 0.9168308653908558]], "trans": [199.20449325012203, 790.5459977932577, 178.161580186565]}], "rb_4XMM.renamed.noAb_Nup120_2-711_3F7F_updated_1.pdb_47": [{"rot": [[-0.47070594789153486, -0.8645847579985113, -0.17586673038464581], [0.8630418501543842, -0.40978792816084575, -0.2953516866647918], [0.18328850346278522, -0.29080414400468163, 0.9390624443177755]], "trans": [386.3573543348003, 567.5417463939801, 164.37059758199376]}], "rb_4XMM.renamed.noAb_Nup120_2-711_3F7F_updated_1.pdb_48": [{"rot": [[0.27835577457190097, -0.907585622126415, -0.31433485532451455], [0.9525505747480166, 0.3028170776846051, -0.030809414304352883], [0.12314814375254937, -0.2908438687199064, 0.9488120882020514]], "trans": [361.54955974101983, 277.1625468251291, 167.80200264096487]}], "rb_4XMM.renamed.noAb_Nup120_2-711_3F7F_updated_1.pdb_49": [{"rot": [[0.8713109133782762, -0.4356923774630368, -0.2258084242195571], [0.4844664854099513, 0.8370031319006948, 0.2543972910684314], [0.07816339771556897, -0.3310557496994025, 0.9403683181862961]], "trans": [139.31577867098423, 89.51674533603034, 186.46963479830845]}]}
