{"rb_ScNup133N_56-480_renamed_1.pdb_0": [{"rot": [[-0.6918997498427811, -0.4540872945974516, 0.5613193966474564], [0.3657203221509682, -0.8907627444804959, -0.26979692179742787], [0.6225137605975385, 0.018613487871502132, 0.7823874717401657]], "trans": [953.5863197557811, 235.31762697828214, -292.1074770893492]}], "rb_ScNup133N_56-480_renamed_1.pdb_1": [{"rot": [[-0.22038128221067121, -0.949532103767103, 0.22320590128130716], [0.7820830073895582, -0.30876174041249105, -0.5413061584814589], [0.5829050179949434, 0.05527179726650483, 0.8106582315768128]], "trans": [520.4433223406782, -383.8083192752768, -254.52971978010845]}], "rb_ScNup133N_56-480_renamed_1.pdb_2": [{"rot": [[0.4066463281291875, -0.8897443681565991, -0.20734927815804802], [0.7419023716175313, 0.4540541796782405, -0.49337173906193954], [0.5331225326389156, 0.04679488487361036, 0.8447429218065896]], "trans": [-222.36445442582416, -514.164181997065, -194.6478593567619]}], "rb_ScNup133N_56-480_renamed_1.pdb_3": [{"rot": [[0.8218614659503997, -0.30974858629364543, -0.4781208467270048], [0.26871679781710545, 0.950816694098075, -0.15407432231013837], [0.50232958638406, -0.0018513545029591183, 0.8646742502987604]], "trans": [-839.6878279849924, -79.38554199181522, -147.5175290883514]}], "rb_ScNup133N_56-480_renamed_1.pdb_4": [{"rot": [[0.7820252489838558, 0.4506855348659153, -0.43048700167875126], [-0.36027493296283913, 0.8905153175484198, 0.27782088094716334], [0.5085651213270126, -0.06216926792443393, 0.8587761637908798]], "trans": [-969.8881485070348, 665.8282598417526, -140.72433608258206]}], "rb_ScNup133N_56-480_renamed_1.pdb_5": [{"rot": [[0.31047429481921734, 0.9460849650257042, -0.09235232107976998], [-0.7766005960480071, 0.30847544666147314, 0.5493035709194724], [0.5481762731771495, -0.09882377122593489, 0.8305038445222841]], "trans": [-536.6903190663564, 1284.9205876701076, -178.22382368506845]}], "rb_ScNup133N_56-480_renamed_1.pdb_6": [{"rot": [[-0.3165501987254173, 0.8862377328661519, 0.33819913147605946], [-0.7363707478112578, -0.45433575543501264, 0.5013353599150816], [0.5979582706634192, -0.09034213954494616, 0.7964196157602182]], "trans": [206.13417710056265, 1415.218543444757, -238.02425841431216]}], "rb_ScNup133N_56-480_renamed_1.pdb_7": [{"rot": [[-0.7317284422862422, 0.30620319083229763, 0.6089442443060514], [-0.2631526005905389, -0.9510527309149667, 0.1620167022921383], [0.6287481177322004, -0.04169303231119773, 0.7764904993011258]], "trans": [823.4301896530086, 980.3918642669148, -285.069697518606]}], "rb_ScNup133C_490_881_renamed_relative_3CQC_1.pdb_7": [{"rot": [[0.7701869487039543, 0.38450110607759863, -0.5088918976277697], [-0.310225382298242, 0.9229565708008387, 0.22784069125918455], [0.5572901185414998, -0.017608743301458424, 0.8301311076783844]], "trans": [188.92908784891324, 125.34796987916272, -256.1647572840384]}], "rb_ScNup133C_490_881_renamed_relative_3CQC_1.pdb_8": [{"rot": [[0.33832928645242977, 0.922915707684906, -0.1837386470970532], [-0.7300608419576439, 0.3806256958923998, 0.5675695963197107], [0.5937545460614871, -0.0578850251351084, 0.8025614387051138]], "trans": [-98.47123748245406, 79.4052366670937, -232.99240037546554]}], "rb_ScNup133C_490_881_renamed_relative_3CQC_1.pdb_9": [{"rot": [[-0.26309154242340194, 0.9214865700078907, 0.2857364897949934], [-0.7204684181611998, -0.3846314328371394, 0.5770475884239912], [0.6416448384718527, -0.054047776723360474, 0.7650952483800223]], "trans": [-334.15246111970345, 250.80321945615532, -214.99984133127862]}], "rb_ScNup133C_490_881_renamed_relative_3CQC_1.pdb_10": [{"rot": [[-0.6817547363343914, 0.3810509020485896, 0.6245083582575788], [-0.28706748802204274, -0.9245163992524996, 0.2507223261576499], [0.6729061872254813, -0.00834491229101919, 0.7396807592688325]], "trans": [-380.04728581161737, 539.1346800121378, -212.70337003345838]}], "rb_ScNup133C_490_881_renamed_relative_3CQC_1.pdb_11": [{"rot": [[-0.6724014931364474, -0.3817964617595203, 0.6341196210619755], [0.31624957263119424, -0.9227569776495369, -0.22024025065749236], [0.6692252534374799, 0.05245018576706138, 0.7412061374371759]], "trans": [-209.26796279738056, 775.4911000629318, -227.42428684732653]}], "rb_ScNup133C_490_881_renamed_relative_3CQC_1.pdb_12": [{"rot": [[-0.24051107457565402, -0.9201687795498187, 0.30893986493856224], [0.7360511228972898, -0.3803838620111112, -0.5599436239507923], [0.632758380022026, 0.09272289179757509, 0.768777794846204]], "trans": [78.14248585207599, 821.411672912439, -250.51486623720564]}], "rb_ScNup133C_490_881_renamed_relative_3CQC_1.pdb_13": [{"rot": [[0.36090902250017376, -0.9186799565110679, -0.16053602394100394], [0.7264114954285064, 0.384873129060857, -0.5693847678294714], [0.5848683756088076, 0.08888088676269199, 0.8062438658253391]], "trans": [313.8168801698389, 649.9955963005208, -268.4243163181483]}], "rb_ScNup133C_490_881_renamed_relative_3CQC_1.pdb_14": [{"rot": [[0.7795384252006475, -0.3782021661717733, -0.49928245026104023], [0.292977719914805, 0.9247156600728347, -0.24303292708927088], [0.5536098800321503, 0.04317487138411753, 0.8316561977234033]], "trans": [359.6957502948664, 361.6609416682983, -270.6370238083058]}], "rb_ScNup84_506-726_ScNup133C_882_1155_renamed_relative_3CQC_new_1.pdb_14": [{"rot": [[0.9842302917412044, 0.16463673939480306, 0.06469526149939073], [-0.1744379700553319, 0.9640423835041029, 0.20048360883300861], [-0.02936200643692414, -0.20860735089919383, 0.9775586149836858]], "trans": [-58.45851090330598, 58.19558802337161, 86.57889893360556]}], "rb_ScNup84_506-726_ScNup133C_882_1155_renamed_relative_3CQC_new_1.pdb_15": [{"rot": [[0.5742047907773735, 0.7922338374402905, 0.206529429048132], [-0.8186862661380819, 0.5536285796618328, 0.15247358269061195], [0.0064541370609663695, -0.2566338687629841, 0.9664871450353312]], "trans": [-314.4207305191288, 226.01338845556327, 106.20539821571884]}], "rb_ScNup84_506-726_ScNup133C_882_1155_renamed_relative_3CQC_new_1.pdb_16": [{"rot": [[-0.16995984319393204, 0.9468768733811354, 0.2730161869879923], [-0.983199982811581, -0.18164902019516177, 0.017928392606346683], [0.06656910319963477, -0.2653824035577831, 0.9618423646217156]], "trans": [-377.18529556304037, 526.2007300226222, 109.78880781813129]}], "rb_ScNup84_506-726_ScNup133C_882_1155_renamed_relative_3CQC_new_1.pdb_17": [{"rot": [[-0.8123214748709822, 0.5379737762963841, 0.2252066550545146], [-0.5716046652050888, -0.8110544306564949, -0.12433349198124424], [0.11576669719402664, -0.22972794024645718, 0.9663452516005393]], "trans": [-209.98192551268684, 782.903752188229, 95.25392077086082]}], "rb_ScNup84_506-726_ScNup133C_882_1155_renamed_relative_3CQC_new_1.pdb_18": [{"rot": [[-0.9765756031183542, -0.19493425400804695, 0.09110833116873038], [0.17498134613353358, -0.9658730876576302, -0.19097305318817748], [0.12522627479615184, -0.17055736616471356, 0.9773579512889005]], "trans": [89.24120122818067, 845.7423218503375, 71.13948374929242]}], "rb_ScNup84_506-726_ScNup133C_882_1155_renamed_relative_3CQC_new_1.pdb_19": [{"rot": [[-0.5664998436255301, -0.8224993593765947, -0.050722095750701135], [0.8191974388993609, -0.5554100389842396, -0.14295189644161857], [0.08940628206664125, -0.12253363791473229, 0.9884290689302917]], "trans": [345.19687130793915, 677.9048356722324, 51.59607887540932]}], "rb_ScNup84_506-726_ScNup133C_882_1155_renamed_relative_3CQC_new_1.pdb_20": [{"rot": [[0.1776776416283855, -0.9770850524163788, -0.1171983618053575], [0.9836527425032642, 0.17987967392181858, -0.008401492462011877], [0.029290575808339707, -0.11378973263992068, 0.9930729877076273]], "trans": [407.9445575581815, 377.7129763607818, 48.096513187527535]}], "rb_ScNup84_506-726_ScNup133C_882_1155_renamed_relative_3CQC_new_1.pdb_21": [{"rot": [[0.8200071888791066, -0.5681328544864214, -0.06937773302506964], [0.5720070212742957, 0.8092529696552239, 0.133856634938693], [-0.019904215621181557, -0.1494479533393277, 0.9885692345218889]], "trans": [240.72769397040355, 121.02348460102985, 62.71488651067102]}], "rb_4XMM.renamed.noAb_Nup145c_149-550_Sec13_Nup84_7-436_3IKO_updated_1.pdb_21": [{"rot": [[0.9994438673012804, -0.032815932244869186, -0.005922052411221918], [0.03274808106700118, 0.9994007468957007, -0.011212060058038376], [0.00628643780612066, 0.011011888812374363, 0.9999196062706712]], "trans": [14.869361237821181, -12.578574393077815, -7.982158451213991]}], "rb_4XMM.renamed.noAb_Nup145c_149-550_Sec13_Nup84_7-436_3IKO_updated_1.pdb_22": [{"rot": [[0.7317590888656036, 0.6815202777816312, 0.007664648395765375], [-0.6808537014992653, 0.7304378679924122, 0.053840116618088844], [0.031094581800240995, -0.04461649891181777, 0.9985201525294922]], "trans": [-314.19995132575434, 118.84351638675756, 17.648511134395733]}], "rb_4XMM.renamed.noAb_Nup145c_149-550_Sec13_Nup84_7-436_3IKO_updated_1.pdb_23": [{"rot": [[0.03939466718286472, 0.9972274707295232, 0.06313027657114777], [-0.9953579114688733, 0.03361173847984361, 0.09018247674956259], [0.08781052484682071, -0.06638992889558543, 0.9939223757755762]], "trans": [-454.33310837796665, 445.16453250261304, 27.27152392195711]}], "rb_4XMM.renamed.noAb_Nup145c_149-550_Sec13_Nup84_7-436_3IKO_updated_1.pdb_24": [{"rot": [[-0.6720525571868413, 0.7293599214985109, 0.12798228506442894], [-0.726523548132266, -0.6828670697251159, 0.0765251533440877], [0.14320926781437643, -0.041553218849074744, 0.9888197184600187]], "trans": [-323.4362173008518, 775.2211383826724, 15.27358823722335]}], "rb_4XMM.renamed.noAb_Nup145c_149-550_Sec13_Nup84_7-436_3IKO_updated_1.pdb_25": [{"rot": [[-0.9858067688018776, 0.03483821736056626, 0.16422945288692511], [-0.031837572096551456, -0.9992751684248056, 0.020868799020851404], [0.16483744595023822, 0.015343936284856634, 0.9862013891857423]], "trans": [1.811390805715746, 915.6616372994337, -11.292731123609258]}], "rb_4XMM.renamed.noAb_Nup145c_149-550_Sec13_Nup84_7-436_3IKO_updated_1.pdb_26": [{"rot": [[-0.718066326563772, -0.6794770346442747, 0.15063767804315162], [0.6817431768042868, -0.7302562320467556, -0.04418230910299852], [0.14002496754510643, 0.07097038077886433, 0.9876012421600601]], "trans": [330.8769944608982, 784.2141215716028, -36.84050479267523]}], "rb_4XMM.renamed.noAb_Nup145c_149-550_Sec13_Nup84_7-436_3IKO_updated_1.pdb_27": [{"rot": [[-0.025677356675842977, -0.995129888046523, 0.09516921388061639], [0.9961930343755784, -0.033405346688230975, -0.08052031466788627], [0.08330733230465293, 0.09273935911549129, 0.99219922377269]], "trans": [470.9912365577425, 457.8825161176944, -46.3794818298403]}], "rb_4XMM.renamed.noAb_Nup145c_149-550_Sec13_Nup84_7-436_3IKO_updated_1.pdb_28": [{"rot": [[0.6857489196170858, -0.727206450617909, 0.030318268811077152], [0.7273028403090691, 0.6830524134102613, -0.06685790164802213], [0.027910530671392146, 0.06789829684254689, 0.9973017715634125]], "trans": [340.0751318043672, 127.83659348342451, -34.297590085970626]}], "rb_4XMM.renamed.noAb_Seh1_Nup85_47_544_3F3F_1.pdb_28": [{"rot": [[0.6473153878221046, -0.7348700311445142, 0.2023581627075906], [0.29790124399018997, 0.488281621228368, 0.8202657540088499], [-0.7015964919509137, -0.4706878962712663, 0.534990903460904]], "trans": [494.8857991697369, -100.45078137340465, 722.2328647838592]}], "rb_4XMM.renamed.noAb_Seh1_Nup85_47_544_3F3F_1.pdb_29": [{"rot": [[0.6550564985135631, -0.18605179436934854, 0.732315310209413], [-0.28596995294936883, 0.8360625053598368, 0.4682100737292839], [-0.6993726973261817, -0.516124226270567, 0.4944629544175404]], "trans": [-21.40949183054363, -239.5294034762632, 764.1027178611535]}], "rb_4XMM.renamed.noAb_Seh1_Nup85_47_544_3F3F_1.pdb_30": [{"rot": [[0.2489653120615006, 0.4473122052308162, 0.8590273944652033], [-0.704152749580139, 0.6925739381745925, -0.15655748279810247], [-0.6649700584604256, -0.5659091192169395, 0.48740300587733143]], "trans": [-484.65418086360654, 28.40607567192125, 799.763793673608]}], "rb_4XMM.renamed.noAb_Seh1_Nup85_47_544_3F3F_1.pdb_31": [{"rot": [[-0.3330642286247352, 0.7941884062578088, 0.5082646898775319], [-0.7116697672583829, 0.14187354551854842, -0.688039271737019], [-0.6185421262784138, -0.5908778828554087, 0.5179468752404062]], "trans": [-623.4710840045046, 546.3953912910657, 808.3493360903053]}], "rb_4XMM.renamed.noAb_Seh1_Nup85_47_544_3F3F_1.pdb_32": [{"rot": [[-0.750071011994624, 0.651371839195583, -0.11449106545200846], [-0.30411743103823635, -0.4934306177148481, -0.8148857672338246], [-0.5872870380862121, -0.5764034633869917, 0.5682015331653171]], "trans": [-356.5373887357018, 1010.9932154373043, 784.853818208582]}], "rb_4XMM.renamed.noAb_Seh1_Nup85_47_544_3F3F_1.pdb_33": [{"rot": [[-0.7577665845544398, 0.10252646274278594, -0.6444207691952232], [0.27975435403459836, -0.8411684149147723, -0.4627885036909042], [-0.5895144652435559, -0.5309651798256017, 0.6087270924489749]], "trans": [159.77529582849792, 1150.0317086916298, 743.0652505915403]}], "rb_4XMM.renamed.noAb_Seh1_Nup85_47_544_3F3F_1.pdb_34": [{"rot": [[-0.3516427713910689, -0.5308263628547256, -0.7710841288905145], [0.6979052636722851, -0.6976301413785678, 0.16198897733688358], [-0.6239195495149502, -0.4811814193612991, 0.6157831090526266]], "trans": [623.0056324007976, 882.060278058083, 707.4879702692334]}], "rb_4XMM.renamed.noAb_Seh1_Nup85_47_544_3F3F_1.pdb_35": [{"rot": [[0.2303873713986201, -0.8776596220870884, -0.42027996247500854], [0.705376599081241, -0.14690254163340022, 0.693443218100978], [-0.6703473074225238, -0.4562162108250949, 0.5852360689600189]], "trans": [761.7886716086623, 364.06048279414694, 698.9876545953074]}], "rb_4XMM.renamed.noAb_Nup120_715-1036_Nup85_553-744_Nup145c_92-99_554-712_remaining_updated_1.pdb_35": [{"rot": [[0.9986820052685529, -0.03826095606207939, 0.034210401839175626], [0.03611271672525871, 0.9974628865216669, 0.06134868949362739], [-0.03647086568075209, -0.06003240169341818, 0.9975299427603247]], "trans": [10.654222382559055, -37.039850918924, 52.317822207025415]}], "rb_4XMM.renamed.noAb_Nup120_715-1036_Nup85_553-744_Nup145c_92-99_554-712_remaining_updated_1.pdb_36": [{"rot": [[0.7327457363472303, 0.6748894244057857, 0.08722356728650163], [-0.6804004194016011, 0.7288129731094775, 0.07672626346597115], [-0.01178792361193387, -0.1155677941839841, 0.9932296460559198]], "trans": [-333.24111574656786, 107.99085665819189, 79.06400548673832]}], "rb_4XMM.renamed.noAb_Nup120_715-1036_Nup85_553-744_Nup145c_92-99_554-712_remaining_updated_1.pdb_37": [{"rot": [[0.039565957302209465, 0.9899784088054261, 0.13556284565409377], [-0.9982027449165026, 0.033049227756038024, 0.049990284915055756], [0.04500905535465803, -0.13729711811908302, 0.9895067894119146]], "trans": [-474.26907879135086, 454.44762376843505, 88.66036991578727]}], "rb_4XMM.renamed.noAb_Nup120_715-1036_Nup85_553-744_Nup145c_92-99_554-712_remaining_updated_1.pdb_38": [{"rot": [[-0.6747828434670511, 0.7224224273208532, 0.1509104060903916], [-0.7311211765200273, -0.682240137241796, -0.0031969329466949095], [0.10064760010299063, -0.11249102915406656, 0.9885422747426468]], "trans": [-329.8115841666144, 799.3713079933881, 75.50923480408358]}], "rb_4XMM.renamed.noAb_Nup120_715-1036_Nup85_553-744_Nup145c_92-99_554-712_remaining_updated_1.pdb_39": [{"rot": [[-0.9918250661518283, 0.028959546445068426, 0.12427543129120973], [-0.03561586282894445, -0.9980285262882478, -0.051677567956095516], [0.12253386661600978, -0.05568128397049571, 0.9909011283410296]], "trans": [15.508044265061017, 940.7008684853055, 47.33872543225476]}], "rb_4XMM.renamed.noAb_Nup120_715-1036_Nup85_553-744_Nup145c_92-99_554-712_remaining_updated_1.pdb_40": [{"rot": [[-0.72583290640804, -0.6841699003782729, 0.07126106504705355], [0.6808763767715862, -0.7293226484636205, -0.06705098054768556], [0.09784657137403104, -0.00014783231431342303, 0.995201500509295]], "trans": [359.39861250090274, 795.6435727563984, 20.675528295686945]}], "rb_4XMM.renamed.noAb_Nup120_715-1036_Nup85_553-744_Nup145c_92-99_554-712_remaining_updated_1.pdb_41": [{"rot": [[-0.032628321903049595, -0.9992046280748575, 0.02292387060631374], [0.9986242857829958, -0.03353419575045796, -0.04031120886019404], [0.04104788002066841, 0.02157704681262041, 0.998924172596025]], "trans": [500.4060901506064, 449.17614674771005, 11.163325129247653]}], "rb_4XMM.renamed.noAb_Nup120_715-1036_Nup85_553-744_Nup145c_92-99_554-712_remaining_updated_1.pdb_42": [{"rot": [[0.6816996675754778, -0.7315928511703658, 0.00758045802681735], [0.7314866588608835, 0.6817341456346859, 0.012877211821065689], [-0.014588733187730121, -0.0032333871030477083, 0.9998883508031371]], "trans": [355.92822194080486, 104.26421060101643, 24.398503571088327]}], "rb_4XMM.renamed.noAb_Nup120_2-711_3F7F_updated_1.pdb_42": [{"rot": [[0.9859102734150085, -0.0015984441674895232, 0.16726738400233973], [-0.038017293459676305, 0.9716451639590562, 0.23336743721646191], [-0.16289756957285648, -0.23643840705609115, 0.9578941807402497]], "trans": [-37.73908677434599, -29.371622046481548, 253.97450239396926]}], "rb_4XMM.renamed.noAb_Nup120_2-711_3F7F_updated_1.pdb_43": [{"rot": [[0.6689310979724095, 0.6791924195107768, 0.30204112873005057], [-0.7310987521576655, 0.6745580157804387, 0.10230394879896507], [-0.1342601979699513, -0.2892561851118377, 0.9477895645213736]], "trans": [-358.15659006844965, 159.1341695964299, 278.63783004855895]}], "rb_4XMM.renamed.noAb_Nup120_2-711_3F7F_updated_1.pdb_44": [{"rot": [[-0.04383787721745036, 0.951346151256568, 0.3049897391886846], [-0.9961315726832727, -0.018351342203241527, -0.08593671010044705], [-0.07615858733338284, -0.3075771914961407, 0.9484704217036654]], "trans": [-451.9318214226973, 519.6658605482379, 284.3993780204453]}], "rb_4XMM.renamed.noAb_Nup120_2-711_3F7F_updated_1.pdb_45": [{"rot": [[-0.7348465364458006, 0.6554312576455822, 0.1743858777961666], [-0.6778557918098281, -0.7011668380631968, -0.22108050730520828], [-0.022629480406762853, -0.2806687223428855, 0.959537896549652]], "trans": [-264.12801473974565, 841.0190195477104, 267.9079551710572]}], "rb_4XMM.renamed.noAb_Nup120_2-711_3F7F_updated_1.pdb_46": [{"rot": [[-0.9992922639145791, -0.035201144244864986, -0.013260871929320808], [0.03727815033849386, -0.9738855266261741, -0.22395830088522906], [-0.005030982788113029, -0.22429413829146394, 0.9745085062431594]], "trans": [95.23862533112231, 934.940551768594, 238.84847443581504]}], "rb_4XMM.renamed.noAb_Nup120_2-711_3F7F_updated_1.pdb_47": [{"rot": [[-0.6822590237878181, -0.7159688554704831, -0.14802439817941587], [0.730334707062622, -0.6767449547984725, -0.09288423878444366], [-0.03367254252125472, -0.17147846556083388, 0.9846122565401338]], "trans": [415.6479673060306, 746.41001613747, 214.26839426928848]}], "rb_4XMM.renamed.noAb_Nup120_2-711_3F7F_updated_1.pdb_48": [{"rot": [[0.03053064169953995, -0.9880685519705771, -0.15095832711109294], [0.9953115753361129, 0.016185740761177236, 0.0953566452742321], [-0.0917755300685214, -0.153161869937584, 0.9839302280537289]], "trans": [509.4016142236203, 385.87137550278305, 208.59107711334576]}], "rb_4XMM.renamed.noAb_Nup120_2-711_3F7F_updated_1.pdb_49": [{"rot": [[0.7215144961707178, -0.6921003949296709, -0.020343921787777608], [0.6769815695505121, 0.6989779882711256, 0.2304901872127608], [-0.14530239607259973, -0.18007447140181224, 0.9728619626878818]], "trans": [321.5792711324093, 64.53336593834524, 225.16638030929641]}]}
