{"rb_ScNup133N_56-480_renamed_1.pdb_0": [{"rot": [[-0.698203435977409, -0.16759831475516782, 0.6960048612478], [0.20000229651194365, -0.9791647508617838, -0.03514928249240648], [0.6873943870728727, 0.11466122082469782, 0.7171762412822256]], "trans": [865.9980636046727, 280.848064300893, -331.7729605903168]}], "rb_ScNup133N_56-480_renamed_1.pdb_1": [{"rot": [[-0.34039709598411333, -0.8068517575633475, 0.48282508050278533], [0.6730834969698546, -0.5676456085065937, -0.47406441466325255], [0.656573242793533, 0.16361144354878657, 0.7363035192007901]], "trans": [489.66266633339603, -292.1694112336941, -298.9474602500337]}], "rb_ScNup133N_56-480_renamed_1.pdb_2": [{"rot": [[0.24617489691710198, -0.9689609531653196, 0.022640480754837433], [0.7536548749387675, 0.17668175164113492, -0.6330781058590259], [0.6094278050834945, 0.17291104614216038, 0.7737567579757471]], "trans": [-180.459768716163, -430.23165345358575, -244.82157645663852]}], "rb_ScNup133N_56-480_renamed_1.pdb_3": [{"rot": [[0.7178903986196049, -0.5589600490377917, -0.41496631086083946], [0.39451658114806415, 0.8177798669910844, -0.41903789368419675], [0.5735765361039696, 0.13711219028122437, 0.8075953222420605]], "trans": [-751.8001570263746, -52.459737393574414, -201.07901021007734]}], "rb_ScNup133N_56-480_renamed_1.pdb_4": [{"rot": [[0.7984118170374953, 0.1829666441685825, -0.57363906556002], [-0.19394310804971898, 0.9800844220878279, 0.04266844760222842], [0.5700216147260563, 0.0771863504931824, 0.8179961039287679]], "trans": [-889.657329886378, 619.8423387295477, -193.32076868658316]}], "rb_ScNup133N_56-480_renamed_1.pdb_5": [{"rot": [[0.4405685699095736, 0.8221880084071347, -0.360425046354083], [-0.666996209440903, 0.5685151200614664, 0.48156683321524935], [0.6008455640173277, 0.02823892868021055, 0.7988661784727737]], "trans": [-513.2706983093822, 1192.8306560587619, -226.06773426063768]}], "rb_ScNup133N_56-480_renamed_1.pdb_6": [{"rot": [[-0.14600972300683934, 0.9842391554856855, 0.09977196798846272], [-0.7475215461818028, -0.17582493883379868, 0.6405444003955216], [0.647991279865272, 0.01894401469899515, 0.7614121259381488]], "trans": [156.86905521456714, 1330.84069596252, -280.11226786555875]}], "rb_ScNup133N_56-480_renamed_1.pdb_7": [{"rot": [[-0.6176972269673785, 0.5741882385244459, 0.5373620776878515], [-0.38834624060235096, -0.8168908529022907, 0.42646984870514415], [0.6838401371715698, 0.0547467002180195, 0.7275750584018164]], "trans": [728.1865274398797, 953.0243479188173, -323.7703147864729]}], "rb_ScNup133C_490_881_renamed_relative_3CQC_1.pdb_7": [{"rot": [[0.8209634001494698, 0.3311976499799021, -0.4651098926735624], [-0.28310637806308336, 0.9435120137627729, 0.17215068569517972], [0.4958526740020921, -0.009653835150255752, 0.8683529980093739]], "trans": [160.22753004360436, 120.41862529335927, -234.92786380868176]}], "rb_ScNup133C_490_881_renamed_relative_3CQC_1.pdb_8": [{"rot": [[0.3922309058453867, 0.8997752829685489, -0.1912050121167757], [-0.7502091525908444, 0.4331849938314278, 0.4995367739097835], [0.5322979840922146, -0.05249001122246805, 0.844928195087151]], "trans": [-121.87428225415084, 97.37074660891088, -212.28922547582374]}], "rb_ScNup133C_490_881_renamed_relative_3CQC_1.pdb_9": [{"rot": [[-0.24029770557256602, 0.9422417654291668, 0.2333183837109452], [-0.7762430462736627, -0.33084747751644494, 0.5366439040302148], [0.58284109824921, -0.052157474075466476, 0.8109105080646829]], "trans": [-337.6690831040082, 281.1927349278506, -195.9421861188498]}], "rb_ScNup133C_490_881_renamed_relative_3CQC_1.pdb_10": [{"rot": [[-0.7060782548823298, 0.4337196331589237, 0.5597685037538401], [-0.34595703711424297, -0.9010044057074146, 0.26173419602139014], [0.6178731475420004, -0.008851028658738741, 0.7862279776491193]], "trans": [-360.7393221221663, 564.1991943980879, -195.43906698514314]}], "rb_ScNup133C_490_881_renamed_relative_3CQC_1.pdb_11": [{"rot": [[-0.7322499287925001, -0.32789167859620727, 0.5969062647440886], [0.288581263689098, -0.9432798229945241, -0.1641463669382378], [0.6168718635429742, 0.05205979868171612, 0.7853399781815754]], "trans": [-177.56821466215405, 780.6010674660583, -211.05059745602262]}], "rb_ScNup133C_490_881_renamed_relative_3CQC_1.pdb_12": [{"rot": [[-0.30348099170589754, -0.8964295246905744, 0.3229758426511733], [0.7556503725357212, -0.4329081938476013, -0.49151094615098134], [0.5804238125368654, 0.09489258644719381, 0.8087667122709312]], "trans": [104.54193515260226, 803.6272024173143, -233.60731795788075]}], "rb_ScNup133C_490_881_renamed_relative_3CQC_1.pdb_13": [{"rot": [[0.3290496673901334, -0.9388364184984679, -0.10155045884392441], [0.7816346197888409, 0.33112758513911544, -0.5285847552734486], [0.5298807767205715, 0.09455528362237023, 0.8427844687706912]], "trans": [320.3289371467697, 619.7886815240865, -249.87117866978332]}], "rb_ScNup133C_490_881_renamed_relative_3CQC_1.pdb_14": [{"rot": [[0.7947966697148449, -0.43026980369002105, -0.42797914650452534], [0.3513120670296927, 0.9012445817307243, -0.25364943418098956], [0.4948515791320827, 0.051245486957996786, 0.8674651662729297]], "trans": [343.3836362947006, 336.7808192439523, -250.2905757650753]}], "rb_ScNup84_506-726_ScNup133C_882_1155_renamed_relative_3CQC_new_1.pdb_14": [{"rot": [[0.9757122371307192, 0.20075336924924223, 0.0876568026364443], [-0.2149388523823875, 0.9546006836346723, 0.20624942312830502], [-0.04227197712325946, -0.22008093860962558, 0.9745652673940299]], "trans": [-72.67987119488373, 80.74028866594873, 98.10620463716336]}], "rb_ScNup84_506-726_ScNup133C_882_1155_renamed_relative_3CQC_new_1.pdb_15": [{"rot": [[0.5393580639040862, 0.8109553117982693, 0.22681349423658068], [-0.8420648194281874, 0.520837789446501, 0.14019570951301064], [-0.004440583633914225, -0.26660735051879964, 0.9637949999176878]], "trans": [-308.3811864411481, 252.64140696133236, 116.09791711517525]}], "rb_ScNup84_506-726_ScNup133C_882_1155_renamed_relative_3CQC_new_1.pdb_16": [{"rot": [[-0.2113611680023385, 0.9368349797883183, 0.2786874186354813], [-0.9757997655564706, -0.21860406600879312, -0.005203831699803818], [0.05604707129390339, -0.2730430057141988, 0.960367764364221]], "trans": [-353.93556633318326, 541.3427456325737, 118.36545322270896]}], "rb_ScNup84_506-726_ScNup133C_882_1155_renamed_relative_3CQC_new_1.pdb_17": [{"rot": [[-0.8366635473966012, 0.5046502888074997, 0.21289009949793614], [-0.5377998736625482, -0.8305494176753365, -0.14477209913414052], [0.10375646652754338, -0.23561780663961995, 0.9662912836448708]], "trans": [-182.6546994742153, 777.7191065923637, 103.60446323689905]}], "rb_ScNup84_506-726_ScNup133C_882_1155_renamed_relative_3CQC_new_1.pdb_18": [{"rot": [[-0.9702381236659935, -0.2324188753634794, 0.06796653411691911], [0.21534834378364356, -0.9565120501174098, -0.19674803381439424], [0.11073876563666657, -0.1762559626082584, 0.9780954766434115]], "trans": [105.12458060881352, 823.2980014789473, 80.48614812257802]}], "rb_ScNup84_506-726_ScNup133C_882_1155_renamed_relative_3CQC_new_1.pdb_19": [{"rot": [[-0.5338350266303804, -0.8425870036780451, -0.07118500948509819], [0.84244004161226, -0.5227012771773294, -0.13068340034419343], [0.07290363935273127, -0.12973247885568653, 0.988865280662176]], "trans": [340.81902729467976, 651.3787878005255, 62.57754774314475]}], "rb_ScNup84_506-726_ScNup133C_882_1155_renamed_relative_3CQC_new_1.pdb_20": [{"rot": [[0.21689465618310794, -0.9684090031989155, -0.12304759502928933], [0.9761160612423584, 0.2167504336247072, 0.014720207478286389], [0.0124154381281473, -0.12330146814528176, 0.9922915926527354]], "trans": [386.3574237623682, 362.67428178601006, 60.39377761332338]}], "rb_ScNup84_506-726_ScNup133C_882_1155_renamed_relative_3CQC_new_1.pdb_21": [{"rot": [[0.8421628912938024, -0.536176572516572, -0.05723938864141094], [0.5380671055427505, 0.828661843831745, 0.1542833059997662], [-0.03529099687608672, -0.16073030722845028, 0.9863672307400211]], "trans": [215.06464860898097, 126.31177058741855, 75.23812596750855]}], "rb_4XMM.renamed.noAb_Nup145c_149-550_Sec13_Nup84_7-436_3IKO_updated_1.pdb_21": [{"rot": [[0.9994678237310781, -0.031093847089938113, -0.009861135807381856], [0.031131149030179786, 0.9995086364359751, 0.0036520199835337903], [0.0097427350536088, -0.003957064953591369, 0.999944708846759]], "trans": [15.61659702474958, -17.890226226548577, -3.345431254025243]}], "rb_4XMM.renamed.noAb_Nup145c_149-550_Sec13_Nup84_7-436_3IKO_updated_1.pdb_22": [{"rot": [[0.7307044798388069, 0.6825212758361251, 0.015351585407622147], [-0.6818148377466225, 0.7284382942903385, 0.06712807490111544], [0.03463365663695153, -0.05951772376705131, 0.9976262578669146]], "trans": [-317.32320048034626, 114.8280949368378, 22.587433174709076]}], "rb_4XMM.renamed.noAb_Nup145c_149-550_Sec13_Nup84_7-436_3IKO_updated_1.pdb_23": [{"rot": [[0.03803938345425173, 0.9962328590111518, 0.07793007078713517], [-0.9950904327024472, 0.030634075140800632, 0.09410942664964463], [0.09136758752685468, -0.08112733242708826, 0.99250708807685]], "trans": [-459.28050385399496, 444.8108595764447, 32.33802558360691]}], "rb_4XMM.renamed.noAb_Nup145c_149-550_Sec13_Nup84_7-436_3IKO_updated_1.pdb_24": [{"rot": [[-0.6727544853826561, 0.7262642336778885, 0.14121496123919464], [-0.7251743751262835, -0.68512047039535, 0.06879001893777328], [0.14670899105958746, -0.056126677485170466, 0.9875860813198787]], "trans": [-327.09280984267195, 778.749628204589, 20.21831635736976]}], "rb_4XMM.renamed.noAb_Nup145c_149-550_Sec13_Nup84_7-436_3IKO_updated_1.pdb_25": [{"rot": [[-0.9852840561137058, 0.03076682711417835, 0.16813307562002872], [-0.030187297362659946, -0.999526237403944, 0.0060023178067644], [0.1682380927318851, 0.0008385048844919527, 0.9857460327404298]], "trans": [1.8043798945681147, 921.0184784174451, -6.647793050186181]}], "rb_4XMM.renamed.noAb_Nup145c_149-550_Sec13_Nup84_7-436_3IKO_updated_1.pdb_26": [{"rot": [[-0.7164650995377009, -0.6828271734015247, 0.14291540297993208], [0.6827375711166962, -0.7283998944500323, -0.05747175611425105], [0.14334284122378219, 0.056397207640679306, 0.9880648687410294]], "trans": [334.7403674985383, 788.2744285647136, -32.49775203478532]}], "rb_4XMM.renamed.noAb_Nup145c_149-550_Sec13_Nup84_7-436_3IKO_updated_1.pdb_27": [{"rot": [[-0.023775550764153164, -0.9964843406917148, 0.08033481152065755], [0.9959587901159328, -0.030571076117452467, -0.0844481953379], [0.08660722589177164, 0.07800235933110823, 0.9931841824969386]], "trans": [476.67847037267177, 458.280931536407, -42.16428523764142]}], "rb_4XMM.renamed.noAb_Nup145c_149-550_Sec13_Nup84_7-436_3IKO_updated_1.pdb_28": [{"rot": [[0.6869972856127557, -0.7264598835917399, 0.017051894105387683], [0.7259869531261093, 0.6851622564282323, -0.0591238213991758], [0.03126777016952137, 0.0529973574628866, 0.9981050078276217]], "trans": [344.4712598653143, 124.35294759519525, -29.96059630921644]}], "rb_4XMM.renamed.noAb_Seh1_Nup85_47_544_3F3F_1.pdb_28": [{"rot": [[0.6655703140807652, -0.7131706934295167, 0.2200084522187647], [0.26833988311237444, 0.5037400218550963, 0.8211210005307785], [-0.6964264958670594, -0.48747671986946406, 0.5266465450751949]], "trans": [470.14136388142623, -96.39445513038959, 731.345340610525]}], "rb_4XMM.renamed.noAb_Seh1_Nup85_47_544_3F3F_1.pdb_29": [{"rot": [[0.6472599352597199, -0.16010210821853932, 0.7452663222979855], [-0.31944041217109553, 0.8307332062188297, 0.4558949036316882], [-0.6921072166070416, -0.5331506869819871, 0.48655723783650723]], "trans": [-35.91204909520786, -218.6973203095076, 772.3172306122092]}], "rb_4XMM.renamed.noAb_Seh1_Nup85_47_544_3F3F_1.pdb_30": [{"rot": [[0.2199853050271247, 0.46161533107456476, 0.8593705555166786], [-0.7219064841419289, 0.6695364800191843, -0.17484830590360712], [-0.6560925953902876, -0.5819211184004602, 0.48053128746585877]], "trans": [-480.0868573764979, 53.83046607053149, 806.4359751041369]}], "rb_4XMM.renamed.noAb_Seh1_Nup85_47_544_3F3F_1.pdb_31": [{"rot": [[-0.3659500736544795, 0.7877707822960015, 0.4954772831856456], [-0.703288033067997, 0.11458115833775184, -0.7016103624500771], [-0.6094805051317315, -0.605217607736859, 0.5120987806562759]], "trans": [-602.1772820672046, 561.5384009016923, 813.7383373898265]}], "rb_4XMM.renamed.noAb_Seh1_Nup85_47_544_3F3F_1.pdb_32": [{"rot": [[-0.7672969942645698, 0.6272977833283913, -0.13323968486845456], [-0.27449201010856944, -0.5090321065144487, -0.8158066259378024], [-0.5795769655353078, -0.5893927430574212, 0.5627670347951583]], "trans": [-330.65911756925976, 1007.004134073179, 789.970495580199]}], "rb_4XMM.renamed.noAb_Seh1_Nup85_47_544_3F3F_1.pdb_33": [{"rot": [[-0.7489407717181747, 0.07420367963624529, -0.6584690838502804], [0.3132868284627976, -0.8359818710399638, -0.45053931504835854], [-0.5838998917365096, -0.5437169532219535, 0.602853872185565]], "trans": [175.41038028758493, 1129.2676748214762, 749.0799914350904]}], "rb_4XMM.renamed.noAb_Seh1_Nup85_47_544_3F3F_1.pdb_34": [{"rot": [[-0.32163474000571046, -0.5475012042107147, -0.7725241261017529], [0.7157193513293733, -0.6747363531880674, 0.1802128292301347], [-0.6199168526134139, -0.4949477599447094, 0.6088758582597885]], "trans": [619.5704774181336, 856.7054338554871, 715.0450637400002]}], "rb_4XMM.renamed.noAb_Seh1_Nup85_47_544_3F3F_1.pdb_35": [{"rot": [[0.26429920248061406, -0.8736133812160781, -0.40858975969586386], [0.6970549122973456, -0.11975545087820186, 0.7069463071741019], [-0.6665286046451813, -0.471654844293124, 0.5773052286655455]], "trans": [741.6278396052057, 348.98833185586466, 707.8278579323792]}], "rb_4XMM.renamed.noAb_Nup120_715-1036_Nup85_553-744_Nup145c_92-99_554-712_remaining_updated_1.pdb_35": [{"rot": [[0.9944662373007498, -0.05529446654427294, 0.08932762640121], [0.04489761336584034, 0.9924111654644245, 0.11447394015930024], [-0.094979509279325, -0.10982987130616068, 0.9894019871548327]], "trans": [3.8006363483054884, -55.01756209644702, 113.15667769618915]}], "rb_4XMM.renamed.noAb_Nup120_715-1036_Nup85_553-744_Nup145c_92-99_554-712_remaining_updated_1.pdb_36": [{"rot": [[0.7347936041488086, 0.6582677950865149, 0.16359055368187486], [-0.6745875471260571, 0.734377213597134, 0.0749783262800634], [-0.07078135746405298, -0.1654497449416226, 0.9836749368232873]], "trans": [-349.5712867876631, 103.61324600322266, 140.59203256923752]}], "rb_4XMM.renamed.noAb_Nup120_715-1036_Nup85_553-744_Nup145c_92-99_554-712_remaining_updated_1.pdb_37": [{"rot": [[0.04394954947315077, 0.9811312521920875, 0.18828144643881922], [-0.9989336984711953, 0.04582486793713314, -0.005616719434343012], [-0.014138711389899875, -0.18783382935597942, 0.9820990527384204]], "trans": [-487.71604487864175, 466.4050927198025, 149.8791098347617]}], "rb_4XMM.renamed.noAb_Nup120_715-1036_Nup85_553-744_Nup145c_92-99_554-712_remaining_updated_1.pdb_38": [{"rot": [[-0.6733597385960532, 0.7241579392252553, 0.14893603155343715], [-0.738134291930858, -0.6698821988398765, -0.08009748281427526], [0.04176636821158583, -0.1638692122837105, 0.9855975100171117]], "trans": [-329.7045774545818, 820.8295156768611, 135.60141358401475]}], "rb_4XMM.renamed.noAb_Nup120_715-1036_Nup85_553-744_Nup145c_92-99_554-712_remaining_updated_1.pdb_39": [{"rot": [[-0.9969243650469013, 0.03788644624570165, 0.0686034078359354], [-0.044969297128007714, -0.9934726955462804, -0.10483208249300532], [0.06418389744823134, -0.10759470430685181, 0.9921208630572566]], "trans": [31.899683245074982, 959.2598073169688, 106.14702449738803]}], "rb_4XMM.renamed.noAb_Nup120_715-1036_Nup85_553-744_Nup145c_92-99_554-712_remaining_updated_1.pdb_40": [{"rot": [[-0.7371956094432546, -0.6756557097310998, -0.005656441049979085], [0.6744954583554192, -0.7353827465854643, -0.06533064122087773], [0.0399813716060476, -0.05197670566880963, 0.9978476396686603]], "trans": [385.26577602165804, 800.6016677254185, 78.79474390989986]}], "rb_4XMM.renamed.noAb_Nup120_715-1036_Nup85_553-744_Nup145c_92-99_554-712_remaining_updated_1.pdb_41": [{"rot": [[-0.04632623899318272, -0.9984654727895398, -0.030341048563068372], [0.9987873763041796, -0.04680508312695447, 0.015266339734573258], [-0.016663028420999808, -0.029597024185529806, 0.9994230133648121]], "trans": [523.3887746040003, 437.79938894988777, 69.59192835804396]}], "rb_4XMM.renamed.noAb_Nup120_715-1036_Nup85_553-744_Nup145c_92-99_554-712_remaining_updated_1.pdb_42": [{"rot": [[0.6709627278355386, -0.7414363321123253, 0.009010176430801188], [0.7379316786678461, 0.6688817906301994, 0.089744012512213], [-0.07256621441102618, -0.053565992823426584, 0.9959241080217374]], "trans": [365.35619222754997, 83.38777820439282, 83.95372185298314]}], "rb_4XMM.renamed.noAb_Nup120_2-711_3F7F_updated_1.pdb_42": [{"rot": [[0.9823616315884593, 0.18627975227103405, 0.01629351640077533], [-0.1800533093486631, 0.9188019362313624, 0.3512603134003241], [0.05046216974580831, -0.3479983561331022, 0.9361360550439257]], "trans": [-104.82729872621769, 52.14447508283001, 194.7510085101472]}], "rb_4XMM.renamed.noAb_Nup120_2-711_3F7F_updated_1.pdb_43": [{"rot": [[0.5704993084186185, 0.7729278089106505, 0.277692530159632], [-0.8167421031904204, 0.4983570498386171, 0.2908136650025888], [0.0863879387991516, -0.39271217588550794, 0.9155950365425225]], "trans": [-349.4210284459217, 260.64431616496455, 213.27343141539376]}], "rb_4XMM.renamed.noAb_Nup120_2-711_3F7F_updated_1.pdb_44": [{"rot": [[-0.16963598801397733, 0.8915340281839774, 0.4199889381407229], [-0.9746096567189984, -0.21496331218280246, 0.06266411609106473], [0.14614940506412333, -0.3986951855809764, 0.9053631870105792]], "trans": [-375.46740244251913, 581.5222270347706, 213.82950444106842]}], "rb_4XMM.renamed.noAb_Nup120_2-711_3F7F_updated_1.pdb_45": [{"rot": [[-0.8044625651514338, 0.4726172144930081, 0.3598234981693723], [-0.5611749311448513, -0.8032860239436445, -0.19953511067323773], [0.19473745896602868, -0.36244245377946527, 0.9114344681729858]], "trans": [-167.70617423566637, 826.8035199213522, 196.1174770692882]}], "rb_4XMM.renamed.noAb_Nup120_2-711_3F7F_updated_1.pdb_46": [{"rot": [[-0.9620900630518917, -0.2384152559750148, 0.13244197331350127], [0.181366181861055, -0.921963345544172, -0.3421840112426929], [0.20368853343757165, -0.3051913419338183, 0.9302522379197404]], "trans": [152.15511259700884, 852.7990717806994, 170.53730957521418]}], "rb_4XMM.renamed.noAb_Nup120_2-711_3F7F_updated_1.pdb_47": [{"rot": [[-0.5501780708975423, -0.8250305364620895, -0.12895233308682058], [0.8180226284701669, -0.5014724286405614, -0.2817168483142159], [0.1677589628431722, -0.26048035860389246, 0.9507927814026405]], "trans": [396.7391195240444, 644.280438591505, 152.09822965842318]}], "rb_4XMM.renamed.noAb_Nup120_2-711_3F7F_updated_1.pdb_48": [{"rot": [[0.18996955834850676, -0.9435811243834332, -0.27123095068256453], [0.97583208540297, 0.21185721872312352, -0.05355613851830597], [0.10799679624397493, -0.2545018282492232, 0.9610231586277402]], "trans": [422.7669999923495, 323.4008925839066, 151.6261152263848]}], "rb_4XMM.renamed.noAb_Nup120_2-711_3F7F_updated_1.pdb_49": [{"rot": [[0.8247639073923481, -0.5246184137714328, -0.21104505915763572], [0.562347547674885, 0.8001470311732088, 0.20863835728058494], [0.059411553480338594, -0.29075805824885376, 0.9549502703682571]], "trans": [214.99316796973983, 78.13631300593363, 169.42154247138714]}]}
