{"rb_ScNup133N_56-480_renamed_1.pdb_0": [{"rot": [[-0.5795501364658069, -0.03704097250227714, 0.8140943469147487], [0.18461083481160773, -0.9789639956635043, 0.08688115367965979], [0.7937508922783186, 0.2006426214706958, 0.5741968821377744]], "trans": [731.80879814471, 255.46696591204906, -370.71620044093055]}], "rb_ScNup133N_56-480_renamed_1.pdb_1": [{"rot": [[-0.26502704383071507, -0.7124528736231386, 0.6497473115792668], [0.5847036784397854, -0.6545633011399755, -0.4792374079928676], [0.766734813646372, 0.2528987696033146, 0.5900507926236463]], "trans": [375.86697637457723, -217.78772906384032, -340.00158738178806]}], "rb_ScNup133N_56-480_renamed_1.pdb_2": [{"rot": [[0.23947882295364242, -0.9615485683418172, 0.134440485258498], [0.6443886397138863, 0.05383621306072223, -0.7628007231059555], [0.7262321766242708, 0.26930654073579974, 0.6325036069086816]], "trans": [-209.50759906703297, -299.8019662204954, -292.90333277185954]}], "rb_ScNup133N_56-480_renamed_1.pdb_3": [{"rot": [[0.6384208135922683, -0.6384042864428153, -0.4299521273626009], [0.32870142676158765, 0.7312441230866707, -0.5976934034236139], [0.6959699970667436, 0.24025403118916858, 0.6766858678000237]], "trans": [-681.3923347656486, 57.46946776437579, -256.98825334584416]}], "rb_ScNup133N_56-480_renamed_1.pdb_4": [{"rot": [[0.6980930848869873, 0.06767749540305652, -0.7128013758747518], [-0.17742393987995064, 0.9808253237931377, -0.08063764482896608], [0.6936762864553216, 0.18276061069622218, 0.6967149838976472]], "trans": [-763.3485856349832, 644.7320461303955, -253.27190413293545]}], "rb_ScNup133N_56-480_renamed_1.pdb_5": [{"rot": [[0.38353877893432753, 0.7430641136373628, -0.5484101823251327], [-0.5774920840644462, 0.6563716287113449, 0.48546799880704683], [0.7206947328074956, 0.13050673563895754, 0.6808576165810262]], "trans": [-407.36331099337974, 1117.959186863574, -283.9073700013925]}], "rb_ScNup133N_56-480_renamed_1.pdb_6": [{"rot": [[-0.1209717566229282, 0.9921045643471297, -0.03308122581094014], [-0.6371374459677884, -0.05204741278269226, 0.7689908593528734], [0.7611975492900682, 0.11410346280555833, 0.6384032352131167]], "trans": [178.02420922100177, 1199.9278752149105, -330.92395818421767]}], "rb_ScNup133N_56-480_renamed_1.pdb_7": [{"rot": [[-0.5198891364567892, 0.6689074400362212, 0.5312985248035257], [-0.321418931587397, -0.7294299374732826, 0.603839247428435], [0.791457614917836, 0.14316006070797718, 0.5942222150060179]], "trans": [649.8876250418058, 842.6198145848665, -366.75468348883226]}], "rb_ScNup133C_490_881_renamed_relative_3CQC_1.pdb_7": [{"rot": [[0.7444149543984675, 0.40458498884470767, -0.5311848665666767], [-0.32380429294060026, 0.9144591332528118, 0.24272468659729943], [0.5839496172968763, -0.00868794636534112, 0.8117434102268941]], "trans": [204.7258848745082, 127.9672594909539, -267.85940723134286]}], "rb_ScNup133C_490_881_renamed_relative_3CQC_1.pdb_8": [{"rot": [[0.31101247741921767, 0.9313397660054259, -0.18941351363226994], [-0.7199637519638613, 0.3609765938846937, 0.5927462311356586], [0.6204219811931901, -0.04798060987905822, 0.7827990970408393]], "trans": [-85.65684395713492, 69.45072182171862, -244.38815680054444]}], "rb_ScNup133C_490_881_renamed_relative_3CQC_1.pdb_9": [{"rot": [[-0.27481204337356047, 0.9138021260398304, 0.2990719232257296], [-0.6925408451248785, -0.4038917960753113, 0.5977111299756602], [0.6669823975567644, -0.04286130548813849, 0.7438396264258077]], "trans": [-332.31091185488674, 234.07687582449557, -225.488045979795]}], "rb_ScNup133C_490_881_renamed_relative_3CQC_1.pdb_10": [{"rot": [[-0.6698743435737144, 0.3622458657204909, 0.6481097874512463], [-0.25760029791291505, -0.9320753491443342, 0.25471087537175785], [0.6963551179799463, 0.0036710061130253435, 0.7176880055966209]], "trans": [-390.7409746826236, 525.4055160508665, -222.20702127826513]}], "rb_ScNup133C_490_881_renamed_relative_3CQC_1.pdb_11": [{"rot": [[-0.6427413573455609, -0.4002195807142531, 0.6532287767470869], [0.33006358445354533, -0.9141566925464429, -0.23532014722549252], [0.691333188683478, 0.06435704068287787, 0.71966422277287]], "trans": [-226.7159644327076, 772.772334117575, -236.44314832737297]}], "rb_ScNup133C_490_881_renamed_relative_3CQC_1.pdb_12": [{"rot": [[-0.20930797059665857, -0.9269312039801336, 0.31143011500599904], [0.7261890136234888, -0.3606328279697408, -0.5853148553412031], [0.6548585266584337, 0.10364606349731209, 0.7486105820680458]], "trans": [63.67786847707964, 831.2664769241885, -259.8326982711732]}], "rb_ScNup133C_490_881_renamed_relative_3CQC_1.pdb_13": [{"rot": [[0.37651442730473267, -0.9093339085341103, -0.17705572236295763], [0.6987201278206112, 0.4042341600302501, -0.5902414140358063], [0.6082985032118188, 0.09852201101641078, 0.7875698980633683]], "trans": [310.32563551440495, 666.6213676423582, -278.6497380587467]}], "rb_ScNup133C_490_881_renamed_relative_3CQC_1.pdb_14": [{"rot": [[0.7715428155721672, -0.35773643817032935, -0.526066844178741], [0.2637485876595285, 0.9323744052586037, -0.24721377576152595], [0.5789286365749908, 0.05198662543262586, 0.8137192541224222]], "trans": [368.7395103545514, 375.2885495806013, -281.84697556108546]}], "rb_ScNup84_506-726_ScNup133C_882_1155_renamed_relative_3CQC_new_1.pdb_14": [{"rot": [[0.9747972994380025, 0.18454644448213933, 0.12535084697511187], [-0.20526951349238068, 0.9620160219782692, 0.1799711095918102], [-0.08737649477392989, -0.20116605898139647, 0.9756523791161045]], "trans": [-75.95913047375666, 79.77172187223181, 116.49970982903969]}], "rb_ScNup84_506-726_ScNup133C_882_1155_renamed_relative_3CQC_new_1.pdb_15": [{"rot": [[0.5446345379919214, 0.8050672071085567, 0.23503193839296366], [-0.8371807980124009, 0.5385927103918361, 0.09511153322334169], [-0.05001531231178495, -0.24856525169702082, 0.9673229988908311]], "trans": [-311.0251992041491, 255.32708725578883, 134.42300958862813]}], "rb_ScNup84_506-726_ScNup133C_882_1155_renamed_relative_3CQC_new_1.pdb_16": [{"rot": [[-0.20507823681242016, 0.945534364889391, 0.25279968670693465], [-0.9786900086272878, -0.20086063116962255, -0.04267169857481187], [0.010429947220751468, -0.2561635642696991, 0.9665771798162914]], "trans": [-353.5543722459678, 546.1607041323227, 136.43904343766394]}], "rb_ScNup84_506-726_ScNup133C_882_1155_renamed_relative_3CQC_new_1.pdb_17": [{"rot": [[-0.8351487105445143, 0.5236602762097042, 0.16824549442944928], [-0.5468990544789707, -0.8231618089272884, -0.15266322587172376], [0.058549598511360205, -0.2195097980581489, 0.9738518332223993]], "trans": [-178.63054703071145, 781.8982557767413, 121.39079522249136]}], "rb_ScNup84_506-726_ScNup133C_882_1155_renamed_relative_3CQC_new_1.pdb_18": [{"rot": [[-0.976472715698421, -0.21341526935729216, 0.03090239961076972], [0.2052428352400124, -0.9637580185041145, -0.17042846109632812], [0.06615447134691944, -0.1600762461272001, 0.984885364571244]], "trans": [111.27534654385101, 824.4414773314453, 98.11774582904468]}], "rb_ScNup84_506-726_ScNup133C_882_1155_renamed_relative_3CQC_new_1.pdb_19": [{"rot": [[-0.546260657386509, -0.8339030244532594, -0.07877207626668467], [0.8371203363316363, -0.5402860179234412, -0.08556027896423513], [0.028789523991651605, -0.11267992121108464, 0.9932141756258801]], "trans": [346.3342616879051, 648.8680665454449, 80.27758064318795]}], "rb_ScNup84_506-726_ScNup133C_882_1155_renamed_relative_3CQC_new_1.pdb_20": [{"rot": [[0.20346317464208147, -0.974312513265633, -0.09652907882379123], [0.9785706991836622, 0.1991783239193648, 0.05222434279020713], [-0.031656330547969694, -0.10508625873384417, 0.9939591314342653]], "trans": [388.84728491862444, 358.0315198374507, 78.345324878312]}], "rb_ScNup84_506-726_ScNup133C_882_1155_renamed_relative_3CQC_new_1.pdb_21": [{"rot": [[0.8334999884789704, -0.5523898774743325, -0.011966305588860963], [0.5467303067872578, 0.821446369125568, 0.16220922998007964], [-0.07977305839608528, -0.14174373324528722, 0.9866838263799715]], "trans": [213.91160113308985, 122.30810385949349, 93.47692610747367]}], "rb_4XMM.renamed.noAb_Nup145c_149-550_Sec13_Nup84_7-436_3IKO_updated_1.pdb_21": [{"rot": [[0.9982207493366558, -0.045829949496417895, -0.038143824177964525], [0.044499121777472846, 0.9983948364774072, -0.03503681858107913], [0.0396883327288679, 0.03327711262122354, 0.9986578343060227]], "trans": [31.125406263251364, -14.073679996869657, -34.058144362785924]}], "rb_4XMM.renamed.noAb_Nup145c_149-550_Sec13_Nup84_7-436_3IKO_updated_1.pdb_22": [{"rot": [[0.7398366537395311, 0.6720250992349098, -0.031999871590392304], [-0.6697586125389282, 0.7401808562904619, 0.05962969823038994], [0.06375834622558696, -0.022684046804464727, 0.9977075259349053]], "trans": [-304.244888471383, 104.82769928516839, -7.86432830844393]}], "rb_4XMM.renamed.noAb_Nup145c_149-550_Sec13_Nup84_7-436_3IKO_updated_1.pdb_23": [{"rot": [[0.05358884563144345, 0.997798228513811, 0.039075961902273526], [-0.9913239470817867, 0.04845615348579341, 0.12218360418462948], [0.12002111300131449, -0.04528461509232285, 0.9917379876105703]], "trans": [-457.66091564330543, 426.76846382813574, 2.8387234679678386]}], "rb_4XMM.renamed.noAb_Nup145c_149-550_Sec13_Nup84_7-436_3IKO_updated_1.pdb_24": [{"rot": [[-0.6585090329037944, 0.740646945807583, 0.13344645087077703], [-0.7318193748046794, -0.6715571877153129, 0.11597993916357208], [0.1755171109738178, -0.021284860671310697, 0.9842462590539043]], "trans": [-339.2474900299578, 763.1512911931613, -8.194982776016332]}], "rb_4XMM.renamed.noAb_Nup145c_149-550_Sec13_Nup84_7-436_3IKO_updated_1.pdb_25": [{"rot": [[-0.9793000040401526, 0.05121409835862016, 0.1958280322534744], [-0.04326633316200504, -0.9980651998491383, 0.04465289760822992], [0.19773600203723302, 0.035255821922205444, 0.9796211004867741]], "trans": [-18.370952645676198, 916.9184949071268, -34.477741446225764]}], "rb_4XMM.renamed.noAb_Nup145c_149-550_Sec13_Nup84_7-436_3IKO_updated_1.pdb_26": [{"rot": [[-0.7208601937332604, -0.6666208307943259, 0.18967669609608406], [0.6709710974540707, -0.7397948856447174, -0.05001313382699158], [0.17366164652024751, 0.09121510360131929, 0.9805719950125409]], "trans": [316.9966098899138, 797.9911957119983, -60.58873702556809]}], "rb_4XMM.renamed.noAb_Nup145c_149-550_Sec13_Nup84_7-436_3IKO_updated_1.pdb_27": [{"rot": [[-0.03458728686222029, -0.9923400186809583, 0.11859598185344508], [0.992482559440879, -0.048044636774430105, -0.11256145913629646], [0.1173971413331242, 0.11381124813253422, 0.986541895210397]], "trans": [470.39406410009605, 476.0387991463805, -71.20777523744016]}], "rb_4XMM.renamed.noAb_Nup145c_149-550_Sec13_Nup84_7-436_3IKO_updated_1.pdb_28": [{"rot": [[0.6774903712799257, -0.735132572396739, 0.024225974166966185], [0.7329221050549337, 0.6719484972950004, -0.10635038742210709], [0.06190302694400304, 0.08980711544382672, 0.994033549368846]], "trans": [351.96093174370475, 139.6656754423832, -60.0900688677022]}], "rb_4XMM.renamed.noAb_Seh1_Nup85_47_544_3F3F_1.pdb_28": [{"rot": [[0.64532915296231, -0.7441816358518093, 0.17246442299174713], [0.3208713936577209, 0.4689509338243026, 0.8228770080622438], [-0.6932473101780512, -0.4756876228432303, 0.5414143075359731]], "trans": [508.91429633820314, -102.43236330778086, 719.4592565934139]}], "rb_4XMM.renamed.noAb_Seh1_Nup85_47_544_3F3F_1.pdb_29": [{"rot": [[0.6700071459048162, -0.20637995632652315, 0.7130902734318768], [-0.26784703144231875, 0.828668282266243, 0.4914945022209869], [-0.692349905888651, -0.5203039415501103, 0.4999354120517965]], "trans": [-12.915926956992791, -250.97711558010698, 761.8163352403507]}], "rb_4XMM.renamed.noAb_Seh1_Nup85_47_544_3F3F_1.pdb_30": [{"rot": [[0.2724797598811571, 0.42760523746571666, 0.8619214241141695], [-0.7014702044684753, 0.7014312908866709, -0.12622874636158402], [-0.6585547302222234, -0.5702174191104211, 0.4910781630707966]], "trans": [-486.748453841051, 14.193748686533631, 798.3347784466828]}], "rb_4XMM.renamed.noAb_Seh1_Nup85_47_544_3F3F_1.pdb_31": [{"rot": [[-0.31437585723986394, 0.7863764798101834, 0.5317704884497144], [-0.7259755565752869, 0.16177718327731883, -0.6684217487679933], [-0.6116594735961393, -0.5961880365892995, 0.5200312619332543]], "trans": [-635.003595687398, 537.7395150907357, 807.6455721732784]}], "rb_4XMM.renamed.noAb_Seh1_Nup85_47_544_3F3F_1.pdb_32": [{"rot": [[-0.746771410284552, 0.6597605182669716, -0.08395546032105836], [-0.3270075069731184, -0.47415705520133783, -0.8174601992672328], [-0.5791360385650763, -0.5830018400819117, 0.5698335750868475]], "trans": [-370.82948666567967, 1012.959808472791, 784.3183270740924]}], "rb_4XMM.renamed.noAb_Seh1_Nup85_47_544_3F3F_1.pdb_33": [{"rot": [[-0.7714034875020308, 0.12193076839315273, -0.624555479672352], [0.2617128354315801, -0.8338321809757394, -0.48603527211469616], [-0.5800371119506658, -0.5383834894276563, 0.6113102052735859]], "trans": [151.01886864350797, 1161.4639971585343, 742.0424771435706]}], "rb_4XMM.renamed.noAb_Seh1_Nup85_47_544_3F3F_1.pdb_34": [{"rot": [[-0.3738422707460124, -0.5120445189357171, -0.7733384558079064], [0.6953047931013087, -0.7065454339479681, 0.13169963727218795], [-0.6138348322584941, -0.48847104355854054, 0.6201635577095924]], "trans": [624.8372589774965, 896.2563503019762, 705.6078162616833]}], "rb_4XMM.renamed.noAb_Seh1_Nup85_47_544_3F3F_1.pdb_35": [{"rot": [[0.21301527359467087, -0.8707736813508347, -0.44314522346755014], [0.7197640835865371, -0.16686318527002575, 0.6738667089123603], [-0.6607300183843794, -0.46250391703017874, 0.5912072137055853]], "trans": [773.058103778596, 372.69936365468897, 696.3822874029447]}], "rb_4XMM.renamed.noAb_Nup120_715-1036_Nup85_553-744_Nup145c_92-99_554-712_remaining_updated_1.pdb_35": [{"rot": [[0.9997005735091539, -0.017549901663627646, 0.017051811548002477], [0.017423871164093947, 0.9998199752639273, 0.0075117093194258565], [-0.01718057156001064, -0.007212351547137271, 0.9998263899027843]], "trans": [2.504799628050023, -13.62780631533883, 12.646483952609344]}], "rb_4XMM.renamed.noAb_Nup120_715-1036_Nup85_553-744_Nup145c_92-99_554-712_remaining_updated_1.pdb_36": [{"rot": [[0.7206737497202315, 0.6922782847030654, 0.03715000663210412], [-0.6932220447978535, 0.7189256564023886, 0.050883171802471885], [0.008517221992328062, -0.062423369782307114, 0.9980134166605964]], "trans": [-323.29759829309637, 128.00389347667704, 37.96708564348546]}], "rb_4XMM.renamed.noAb_Nup120_715-1036_Nup85_553-744_Nup145c_92-99_554-712_remaining_updated_1.pdb_37": [{"rot": [[0.022369918335342465, 0.9963862596255314, 0.08193905285707827], [-0.9975914547932353, 0.016863940065911798, 0.06728221792547802], [0.06565726218163752, -0.0832467966644861, 0.9943636632379098]], "trans": [-453.9231633926766, 459.2238593414859, 46.80844877721847]}], "rb_4XMM.renamed.noAb_Nup120_715-1036_Nup85_553-744_Nup145c_92-99_554-712_remaining_updated_1.pdb_38": [{"rot": [[-0.6861346901362224, 0.7166232834717439, 0.1251808954187833], [-0.7173804668380763, -0.6950875212453949, 0.04710205524303695], [0.1207661077904536, -0.05748397511577474, 0.9910152066512579]], "trans": [-312.8476844756254, 785.9988818691438, 34.01518306803388]}], "rb_4XMM.renamed.noAb_Nup120_715-1036_Nup85_553-744_Nup145c_92-99_554-712_remaining_updated_1.pdb_39": [{"rot": [[-0.9897880861368411, 0.016878452330555165, 0.14154385323459226], [-0.016740628651438657, -0.9998575229797634, 0.0021645075948164695], [0.1415602200264087, -0.00022712925519199304, 0.9899296199823387]], "trans": [17.286747083459943, 916.8996621303104, 7.105768854605287]}], "rb_4XMM.renamed.noAb_Nup120_715-1036_Nup85_553-744_Nup145c_92-99_554-712_remaining_updated_1.pdb_40": [{"rot": [[-0.7107058287764679, -0.6929278453134072, 0.12144227489829909], [0.6938833635352267, -0.7189075008641764, -0.04120537598743402], [0.1158581147446979, 0.054981873290606116, 0.9917428552085774]], "trans": [343.0846397210458, 775.242794142172, -18.131874692914153]}], "rb_4XMM.renamed.noAb_Nup120_715-1036_Nup85_553-744_Nup145c_92-99_554-712_remaining_updated_1.pdb_41": [{"rot": [[-0.012378239476638242, -0.9969810720315134, 0.07665194843155887], [0.9981979553006816, -0.016821939249256845, -0.05760090618587369], [0.0587164476190318, 0.0758008203833552, 0.9953926935678263]], "trans": [473.69090751901234, 444.0129853291986, -26.889175232426737]}], "rb_4XMM.renamed.noAb_Nup120_715-1036_Nup85_553-744_Nup145c_92-99_554-712_remaining_updated_1.pdb_42": [{"rot": [[0.6961045335317987, -0.7171625604618004, 0.03341167862219116], [0.7179313679529788, 0.6951075404645569, -0.03741735023328078], [0.003609612949132073, 0.050033679268968824, 0.998741008286517]], "trans": [332.5964705921986, 117.24944482951344, -14.01197772876202]}], "rb_4XMM.renamed.noAb_Nup120_2-711_3F7F_updated_1.pdb_42": [{"rot": [[0.9926434329024135, 0.09199177535521011, 0.07871803086147923], [-0.11452677409029224, 0.924330474831918, 0.36400108696743305], [-0.039276368622664246, -0.37033861068486795, 0.9280660969477438]], "trans": [-70.77826753221825, 4.097434339382289, 267.51323822219206]}], "rb_4XMM.renamed.noAb_Nup120_2-711_3F7F_updated_1.pdb_43": [{"rot": [[0.6222099956060498, 0.7095390177110223, 0.33077046983308134], [-0.7828234060122594, 0.5674302613927598, 0.2553632970007823], [-0.0064989512450081555, -0.4178244617078112, 0.908504530991064]], "trans": [-357.7164679825305, 206.8647754971256, 289.43866896226655]}], "rb_4XMM.renamed.noAb_Nup120_2-711_3F7F_updated_1.pdb_44": [{"rot": [[-0.11090006112195089, 0.8947945041628763, 0.4324858052734908], [-0.9924197823364863, -0.12289396981395856, -0.0002186562756693322], [0.05295424506447627, -0.42923171772747415, 0.9016407158210931]], "trans": [-417.75669556083, 553.7281012656077, 292.57783129569054]}], "rb_4XMM.renamed.noAb_Nup120_2-711_3F7F_updated_1.pdb_45": [{"rot": [[-0.7772205291985257, 0.5392329586449173, 0.3242777594954861], [-0.6205313905033348, -0.7422405505756815, -0.25302126092703525], [0.10425469961762522, -0.3978778473252286, 0.9114955711441941]], "trans": [-215.72462504527675, 841.4901014319381, 275.1157645665419]}], "rb_4XMM.renamed.noAb_Nup120_2-711_3F7F_updated_1.pdb_46": [{"rot": [[-0.9864114833058173, -0.1488526520606425, 0.06953613144926793], [0.11498430592501006, -0.9277875210954029, -0.3549491866318197], [0.11734988280079472, -0.34213038987228245, 0.932295983758634]], "trans": [130.02842134318746, 901.5758556496573, 247.30599858108334]}], "rb_4XMM.renamed.noAb_Nup120_2-711_3F7F_updated_1.pdb_47": [{"rot": [[-0.6159259129353218, -0.766372075195375, -0.18250784129873365], [0.7832518412095039, -0.570838849830386, -0.24629161732840768], [0.08456845166320126, -0.2946469919837217, 0.951856778669056]], "trans": [416.9573472515104, 698.7863986840708, 225.46389127248344]}], "rb_4XMM.renamed.noAb_Nup120_2-711_3F7F_updated_1.pdb_48": [{"rot": [[0.11720051094338235, -0.9515737256630884, -0.2842032456927238], [0.9927906706082436, 0.11949989861605725, 0.009298310813534882], [0.025114230783426145, -0.28324409765857544, 0.958718966409727]], "trans": [476.9770555240052, 351.9187705521415, 222.40886197701943]}], "rb_4XMM.renamed.noAb_Nup120_2-711_3F7F_updated_1.pdb_49": [{"rot": [[0.7834919921395735, -0.5959638652765239, -0.17597547993350088], [0.6208499933619521, 0.7388185516276478, 0.2620924140704713], [-0.02618365894264399, -0.3146016831733242, 0.9488625806453141]], "trans": [274.9290681160212, 64.17303544229037, 239.954594833074]}]}
