{"rb_ScNup133N_56-480_renamed_1.pdb_0": [{"rot": [[-0.6579867337367302, -0.16573037237739324, 0.7345657914020496], [0.26204560261482035, -0.9649052483763266, 0.017028323641936155], [0.7059642769834069, 0.20369414652235204, 0.6783237680457803]], "trans": [828.7158584809035, 226.0529978513972, -348.7924223667373]}], "rb_ScNup133N_56-480_renamed_1.pdb_1": [{"rot": [[-0.26777878912555986, -0.793714599829895, 0.546179141043777], [0.689680638638633, -0.5537509545969782, -0.4665838584541283], [0.6727816412339561, 0.25174791816379405, 0.6956923522065911]], "trans": [424.265332120385, -305.6201481022466, -313.92713183452423]}], "rb_ScNup133N_56-480_renamed_1.pdb_2": [{"rot": [[0.30967830315233935, -0.9481095115569866, 0.07202570827044197], [0.7151455398804873, 0.18232465020103833, -0.6747774290224251], [0.6266308365742408, 0.2604727932515025, 0.7344982768053483]], "trans": [-236.60145049684056, -394.5158032929261, -260.7781995139451]}], "rb_ScNup133N_56-480_renamed_1.pdb_3": [{"rot": [[0.7361020362955722, -0.5384683913006829, -0.4101287404359332], [0.323522608137798, 0.8121180980610166, -0.4855896588947012], [0.594547655100268, 0.22475761693835902, 0.7720084840485636]], "trans": [-766.7374965527033, 11.44247731397661, -220.45701445715423]}], "rb_ScNup133N_56-480_renamed_1.pdb_4": [{"rot": [[0.7616873748541965, 0.195235216753078, -0.6178313306454276], [-0.2557699212912303, 0.9666875071389672, -0.009849411359335994], [0.5953268768923498, 0.16552484309258897, 0.786248965639239]], "trans": [-855.5797220101659, 674.4387257223602, -216.56029049794296]}], "rb_ScNup133N_56-480_renamed_1.pdb_5": [{"rot": [[0.371446066747296, 0.8231873937855292, -0.4294069564067975], [-0.6833743166424076, 0.5554839381683585, 0.47374796863996316], [0.6285120228376571, 0.11747386581515587, 0.7688774466707662]], "trans": [-451.0811851816043, 1206.0805081626709, -251.34677857423804]}], "rb_ScNup133N_56-480_renamed_1.pdb_6": [{"rot": [[-0.20601302733366222, 0.9775249003653651, 0.04476272706729073], [-0.7087938938970403, -0.18060376017750412, 0.6819043171765492], [0.6746627665308713, 0.10875362511395936, 0.7300704078932946]], "trans": [209.7990809687047, 1294.9246891274217, -304.4140585802776]}], "rb_ScNup133N_56-480_renamed_1.pdb_7": [{"rot": [[-0.6324062279028267, 0.5678346489792747, 0.5269024334051794], [-0.3171375062833248, -0.8103650353710681, 0.49267871027317534], [0.7067433515910212, 0.1444725609471544, 0.692561559801913]], "trans": [739.9100114574214, 888.9252114996898, -344.6505647386888]}], "rb_ScNup133C_490_881_renamed_relative_3CQC_1.pdb_7": [{"rot": [[0.8413317982502956, 0.34933201244162493, -0.4124656959510801], [-0.2575516172692327, 0.9299837253637867, 0.2622926514420413], [0.4752136042822503, -0.11444394104529029, 0.8723959047720796]], "trans": [128.91449930941553, 81.73604162265622, -198.43401159311236]}], "rb_ScNup133C_490_881_renamed_relative_3CQC_1.pdb_8": [{"rot": [[0.4242787467624609, 0.9010225940480748, -0.09025425231286438], [-0.7476830897619889, 0.40480287881958255, 0.5264072820386743], [0.5108400359502392, -0.15586184367656136, 0.8454286151746355]], "trans": [-170.62277887175827, 94.18860620938042, -174.57838508829343]}], "rb_ScNup133C_490_881_renamed_relative_3CQC_1.pdb_9": [{"rot": [[-0.2162209988758188, 0.9210733801225195, 0.32383994206215483], [-0.7982789884575316, -0.3577496554201748, 0.4845264086032527], [0.5621380046148483, -0.15374983732161426, 0.8126265140217946]], "trans": [-373.7268105990171, 315.47093669822345, -159.42514086573135]}], "rb_ScNup133C_490_881_renamed_relative_3CQC_1.pdb_10": [{"rot": [[-0.7049536566232256, 0.3977383374664659, 0.5872346693809509], [-0.37969952249784067, -0.9109598508071031, 0.16118443731456222], [0.5990564369309914, -0.10934516508246667, 0.7932055346785176]], "trans": [-361.414476980422, 615.952840603141, -161.82725815055966]}], "rb_ScNup133C_490_881_renamed_relative_3CQC_1.pdb_11": [{"rot": [[-0.7556127444408545, -0.36240548690806834, 0.5456295845145179], [0.2628455549874272, -0.9307493746197847, -0.25420034592468715], [0.5999679946979762, -0.048660710062689724, 0.7985427606799047]], "trans": [-140.8966033143863, 819.6078986169663, -180.35353786628605]}], "rb_ScNup133C_490_881_renamed_relative_3CQC_1.pdb_12": [{"rot": [[-0.3385214543920004, -0.9140551226545575, 0.22339753280930874], [0.7529442777218094, -0.40552524477646507, -0.5182896781674996], [0.5643386745229384, -0.007246281663684573, 0.8255115697794568]], "trans": [158.64624404277168, 807.132223014062, -204.1270192337072]}], "rb_ScNup133C_490_881_renamed_relative_3CQC_1.pdb_13": [{"rot": [[0.3019822548255283, -0.9340464348928443, -0.19069340637383572], [0.8034899035355145, 0.35702883780040817, -0.476376304926451], [0.5130406345378297, -0.009363035985028884, 0.858313253346448]], "trans": [361.7395548943447, 585.8343572648151, -219.19685676051404]}], "rb_ScNup133C_490_881_renamed_relative_3CQC_1.pdb_14": [{"rot": [[0.790682279249803, -0.41066823103623756, -0.45406292217918715], [0.38487209213354984, 0.9101979395247385, -0.15301367122471018], [0.47612498986829027, -0.05377094849904316, 0.877732122643596]], "trans": [349.4103174670622, 285.35382822022143, -216.71092223760724]}], "rb_ScNup84_506-726_ScNup133C_882_1155_renamed_relative_3CQC_new_1.pdb_14": [{"rot": [[0.9873750380194639, 0.1475547475175688, 0.057603218495924396], [-0.1563330527793797, 0.9663258636792125, 0.2043876263214192], [-0.025505115266204307, -0.21081252730720473, 0.9771937205209658]], "trans": [-54.55603506959028, 44.56529761310827, 84.36056702660039]}], "rb_ScNup84_506-726_ScNup133C_882_1155_renamed_relative_3CQC_new_1.pdb_15": [{"rot": [[0.589274259685417, 0.7816899313220955, 0.20424666005068914], [-0.807878432049566, 0.5671549830704294, 0.16021131110978426], [0.009396057755189785, -0.25941487322055956, 0.9657202688411499]], "trans": [-321.3071692423166, 213.49731417909032, 104.84158841663293]}], "rb_ScNup84_506-726_ScNup133C_882_1155_renamed_relative_3CQC_new_1.pdb_16": [{"rot": [[-0.15159889348184752, 0.9488828518831941, 0.27683769414062037], [-0.9860087306217417, -0.16481372158851526, 0.02496438090249921], [0.06931492359356055, -0.26917981086656484, 0.9605923541175305]], "trans": [-390.9180452691971, 522.1253750389695, 108.92962331189176]}], "rb_ScNup84_506-726_ScNup133C_882_1155_renamed_relative_3CQC_new_1.pdb_17": [{"rot": [[-0.8012304820454861, 0.5511895389159934, 0.23285146946225577], [-0.5863727079551163, -0.8007826623496757, -0.12212360560329232], [0.11915016578478209, -0.23438690208656981, 0.9648139810988018]], "trans": [-222.60771712106978, 789.6509272805501, 94.2538481306288]}], "rb_ScNup84_506-726_ScNup133C_882_1155_renamed_relative_3CQC_new_1.pdb_18": [{"rot": [[-0.9790571616195209, -0.17841565736760737, 0.09805573663794935], [0.15691721900428082, -0.9681922665530996, -0.19488643197188804], [0.12970759677632196, -0.17541832342390945, 0.9759120611743943]], "trans": [85.02716513652967, 859.3538470856071, 69.4355438036444]}], "rb_ScNup84_506-726_ScNup133C_882_1155_renamed_relative_3CQC_new_1.pdb_19": [{"rot": [[-0.5809055559533006, -0.8125197255514075, -0.048584263423987466], [0.8084313306556651, -0.5689716275810024, -0.15069860856071277], [0.09480252463355904, -0.12681869971612925, 0.987385182553097]], "trans": [351.7716631645232, 690.4012980163479, 49.03762784496371]}], "rb_ScNup84_506-726_ScNup133C_882_1155_renamed_relative_3CQC_new_1.pdb_20": [{"rot": [[0.15998151041626318, -0.9796555616259753, -0.12116475106327115], [0.9865034740446813, 0.16301017524575223, -0.01544598537234311], [0.03488283277924118, -0.1170583757859411, 0.9925122289602539]], "trans": [421.36500225995394, 381.7681823436666, 45.03349193498326]}], "rb_ScNup84_506-726_ScNup133C_882_1155_renamed_relative_3CQC_new_1.pdb_21": [{"rot": [[0.8095819475022441, -0.5819126362035411, -0.07716705323593374], [0.5868164767568224, 0.7989478808878312, 0.13163854386748705], [-0.014949678430717154, -0.15185508701221664, 0.9882897043191985]], "trans": [253.04033645390132, 114.25624775072993, 59.79282024927281]}], "rb_4XMM.renamed.noAb_Nup145c_149-550_Sec13_Nup84_7-436_3IKO_updated_1.pdb_21": [{"rot": [[0.9997474012060739, -0.018192994512932974, 0.013196542439401805], [0.018142394079960985, 0.9998276342953063, 0.003944012740822475], [-0.01326602121021743, -0.003703599614532355, 0.999905143516697]], "trans": [3.0860499988607444, -10.494182501071634, 8.400812637675074]}], "rb_4XMM.renamed.noAb_Nup145c_149-550_Sec13_Nup84_7-436_3IKO_updated_1.pdb_22": [{"rot": [[0.7212908858644559, 0.6918971332693845, 0.03190321210281688], [-0.6925215050786674, 0.7195864018358807, 0.05108204475614681], [0.012386402724243444, -0.05893867377621558, 0.9981847573275476]], "trans": [-320.7602858865167, 129.5654870611948, 33.57315274167934]}], "rb_4XMM.renamed.noAb_Nup145c_149-550_Sec13_Nup84_7-436_3IKO_updated_1.pdb_23": [{"rot": [[0.023377795222104536, 0.9966507530563709, 0.0783629703541339], [-0.997308177046279, 0.017800490335394936, 0.0711304614103386], [0.06949732863341947, -0.07981490447271758, 0.994384081900364]], "trans": [-451.1103124330496, 458.28676895242086, 42.404711024012386]}], "rb_4XMM.renamed.noAb_Nup145c_149-550_Sec13_Nup84_7-436_3IKO_updated_1.pdb_24": [{"rot": [[-0.6851445416481123, 0.7175388973507707, 0.12535903572714005], [-0.7176692918921731, -0.694414018067814, 0.052344617544697505], [0.12461037085566003, -0.0541027014071747, 0.9907296064899146]], "trans": [-311.6012328151418, 783.1002180658317, 29.74584101909818]}], "rb_4XMM.renamed.noAb_Nup145c_149-550_Sec13_Nup84_7-436_3IKO_updated_1.pdb_25": [{"rot": [[-0.9892137496426718, 0.018069226702090383, 0.1453604504818065], [-0.01742125144790536, -0.9998318221265781, 0.00572952537611459], [0.1454395321632812, 0.003135364322554806, 0.9893621743197436]], "trans": [16.042480388277568, 913.7256528363378, 3.036292167069064]}], "rb_4XMM.renamed.noAb_Nup145c_149-550_Sec13_Nup84_7-436_3IKO_updated_1.pdb_26": [{"rot": [[-0.7107017993425286, -0.6919990633013171, 0.1266501038349017], [0.6932207686969019, -0.7195348658322362, -0.04140703683025471], [0.1197827961711042, 0.05836842675526862, 0.9910828464359305]], "trans": [339.88443354555324, 773.6409685519258, -22.053100308730848]}], "rb_4XMM.renamed.noAb_Nup145c_149-550_Sec13_Nup84_7-436_3IKO_updated_1.pdb_27": [{"rot": [[-0.012764918252006097, -0.9966979564125671, 0.08018878066807013], [0.9979526530889367, -0.01772505836909788, -0.06145180630839216], [0.0626702405833237, 0.07924017913170268, 0.9948836288513364]], "trans": [470.2153576648778, 444.90986525563255, -30.800611634357608]}], "rb_4XMM.renamed.noAb_Nup145c_149-550_Sec13_Nup84_7-436_3IKO_updated_1.pdb_28": [{"rot": [[0.6957356277760447, -0.7175305447926961, 0.03319417919709837], [0.7182581671317751, 0.6944675195326457, -0.042662274466755204], [0.007559205750295336, 0.05352365461803345, 0.9985379696359842]], "trans": [330.68747307038416, 120.1077751621624, -18.057821434162634]}], "rb_4XMM.renamed.noAb_Seh1_Nup85_47_544_3F3F_1.pdb_28": [{"rot": [[0.7091495957779719, -0.6606744994033701, 0.2462032831747828], [0.2681710737282976, 0.5756985862057906, 0.7724347306122781], [-0.6520668110119913, -0.4817471781741507, 0.5854302095876946]], "trans": [415.9630531054152, -120.90733212707482, 689.6053063736713]}], "rb_4XMM.renamed.noAb_Seh1_Nup85_47_544_3F3F_1.pdb_29": [{"rot": [[0.6789130576963456, -0.07204204031152478, 0.7306757177552488], [-0.34771780189958096, 0.84494768981627, 0.4063935675134006], [-0.6466601814952881, -0.5299748540279037, 0.5485957197851437]], "trans": [-92.42781400020863, -200.2516443671533, 730.554492297742]}], "rb_4XMM.renamed.noAb_Seh1_Nup85_47_544_3F3F_1.pdb_30": [{"rot": [[0.2233887098177371, 0.5341286603220214, 0.8153551732518567], [-0.761591689576834, 0.6177089074587522, -0.1959943979138535], [-0.6083383784485952, -0.5771847883206149, 0.544777144746195]], "trans": [-507.9748556228673, 104.29817347545088, 762.235624218739]}], "rb_4XMM.renamed.noAb_Seh1_Nup85_47_544_3F3F_1.pdb_31": [{"rot": [[-0.39057086197725965, 0.802734259059259, 0.45063523065437167], [-0.7309974302803111, 0.027101921905102577, -0.6818418018518865], [-0.5595508544340879, -0.5957207358835414, 0.5762114595705727]], "trans": [-587.2428422274572, 614.3326607512885, 766.1134532545693]}], "rb_4XMM.renamed.noAb_Seh1_Nup85_47_544_3F3F_1.pdb_32": [{"rot": [[-0.8032994837011731, 0.5764218088209715, -0.14982602511240875], [-0.27385757248497145, -0.5808873671488543, -0.766532384625403], [-0.5288780289235537, -0.5747240772774597, 0.6244839994103173]], "trans": [-283.7935562431346, 1031.0665401230822, 739.9402973798403]}], "rb_4XMM.renamed.noAb_Seh1_Nup85_47_544_3F3F_1.pdb_33": [{"rot": [[-0.7730149092745687, -0.012231666037703676, -0.6342699239165986], [0.3420289094406802, -0.8500902615263352, -0.4004532087084601], [-0.5342884755879026, -0.5264949511666989, 0.6613160297844942]], "trans": [224.61004530481563, 1110.3713459023156, 699.0727652486528]}], "rb_4XMM.renamed.noAb_Seh1_Nup85_47_544_3F3F_1.pdb_34": [{"rot": [[-0.3174582694090508, -0.6183846599305587, -0.7189023991797305], [0.7558670303852018, -0.6228039099402013, 0.20194138293041644], [-0.5726126784838612, -0.47928665965762063, 0.6651308279682826]], "trans": [640.1398774780864, 805.7893214609323, 667.4756383168458]}], "rb_4XMM.renamed.noAb_Seh1_Nup85_47_544_3F3F_1.pdb_35": [{"rot": [[0.2964989329135381, -0.886944202277946, -0.3541445535747606], [0.7252245839817878, -0.03217586188716698, 0.6877601447454309], [-0.6213997791837164, -0.46075448555315357, 0.6336936313969652]], "trans": [719.374618958206, 295.74902811841855, 663.6829639617482]}], "rb_4XMM.renamed.noAb_Nup120_715-1036_Nup85_553-744_Nup145c_92-99_554-712_remaining_updated_1.pdb_35": [{"rot": [[0.986255166213176, -0.11970160146532793, 0.11389588984882656], [0.11490656416026004, 0.9922257702857655, 0.047796467376812854], [-0.11873175072702447, -0.034052127502617116, 0.992342291743046]], "trans": [34.57898542001192, -74.09661626655827, 84.6871851413436]}], "rb_4XMM.renamed.noAb_Nup120_715-1036_Nup85_553-744_Nup145c_92-99_554-712_remaining_updated_1.pdb_36": [{"rot": [[0.7778584576955548, 0.6139742204813557, 0.1340592271192229], [-0.6206654715210432, 0.7840026774989549, 0.010685229807065433], [-0.09854233736345419, -0.09151752978954565, 0.9909157126053486]], "trans": [-341.7645712798819, 66.79116211151668, 114.03984966859852]}], "rb_4XMM.renamed.noAb_Nup120_715-1036_Nup85_553-744_Nup145c_92-99_554-712_remaining_updated_1.pdb_37": [{"rot": [[0.11194573137946978, 0.9861766811974467, 0.12216262394163119], [-0.9927549702684394, 0.1163899702412991, -0.029848682291499284], [-0.04365457860551324, -0.11793611952925334, 0.9920611621654967]], "trans": [-508.66563455642955, 433.3369288078726, 125.60071792421053]}], "rb_4XMM.renamed.noAb_Nup120_715-1036_Nup85_553-744_Nup145c_92-99_554-712_remaining_updated_1.pdb_38": [{"rot": [[-0.621381948289676, 0.7788643311407626, 0.08517527819958934], [-0.7833866572537711, -0.6195154142364953, -0.05005993168338148], [0.013777502548998143, -0.09783151435010402, 0.9951076199203162]], "trans": [-368.34929489797327, 810.8131221916534, 112.62127517698647]}], "rb_4XMM.renamed.noAb_Nup120_715-1036_Nup85_553-744_Nup145c_92-99_554-712_remaining_updated_1.pdb_39": [{"rot": [[-0.9925308866414132, 0.11348366807864535, 0.04476489855036049], [-0.11521144233424505, -0.9926097254414147, -0.038108483496200184], [0.04010938316742284, -0.042981275440976456, 0.9982704279619795]], "trans": [-3.0129291975626415, 978.0889825594929, 82.72906689957944]}], "rb_4XMM.renamed.noAb_Nup120_715-1036_Nup85_553-744_Nup145c_92-99_554-712_remaining_updated_1.pdb_40": [{"rot": [[-0.7840768023892644, -0.6201759336997678, 0.024604455178815963], [0.6203442123197499, -0.7843290552398303, -0.0009956645934256388], [0.019915476303971034, 0.01448255385679381, 0.9996967687440875]], "trans": [373.3261816140097, 837.1720691134593, 53.459375082217434]}], "rb_4XMM.renamed.noAb_Nup120_715-1036_Nup85_553-744_Nup145c_92-99_554-712_remaining_updated_1.pdb_41": [{"rot": [[-0.11813503729072528, -0.9923263348722976, 0.03650422007425801], [0.9923814328771735, -0.11668715699327925, 0.03953731242095031], [-0.03497434266666046, 0.0408968521005799, 0.9985510717250754]], "trans": [540.205193381126, 470.61361347389783, 41.98280279535271]}], "rb_4XMM.renamed.noAb_Nup120_715-1036_Nup85_553-744_Nup145c_92-99_554-712_remaining_updated_1.pdb_42": [{"rot": [[0.6151763328805915, -0.7849565831114196, 0.07349314317425168], [0.7829555698106769, 0.6192019315546433, 0.059745658096930346], [-0.09240484384502823, 0.02078775093756668, 0.9955045023730087]], "trans": [399.8659413558072, 93.14884422386785, 55.046492805486196]}], "rb_4XMM.renamed.noAb_Nup120_2-711_3F7F_updated_1.pdb_42": [{"rot": [[0.9686745112049778, 0.24744867674873994, 0.02094859701970606], [-0.24179788973530114, 0.9205917510860745, 0.30666693390685185], [0.056599221384676074, -0.3021257688572292, 0.9515863323582762]], "trans": [-133.81097391028425, 103.10822329804171, 158.43528062554037]}], "rb_4XMM.renamed.noAb_Nup120_2-711_3F7F_updated_1.pdb_43": [{"rot": [[0.5173879673641593, 0.8184616866279557, 0.24986027845358844], [-0.8504020088372692, 0.4591551996340899, 0.25689088347879324], [0.09553069973741214, -0.3453939347630472, 0.9335828379081201]], "trans": [-334.7577851572187, 315.01566748232824, 173.4621942669716]}], "rb_4XMM.renamed.noAb_Nup120_2-711_3F7F_updated_1.pdb_44": [{"rot": [[-0.2308379909438159, 0.8971134440604144, 0.37669787684971484], [-0.960452999549774, -0.2720480772348223, 0.05932857093067631], [0.15570439169420652, -0.3481053176251353, 0.9244343298732687]], "trans": [-327.5278024843374, 607.3409831288717, 171.50485747608406]}], "rb_4XMM.renamed.noAb_Nup120_2-711_3F7F_updated_1.pdb_45": [{"rot": [[-0.8376820473561242, 0.4373286405524022, 0.32715813865749704], [-0.5074814397944614, -0.8446688899646501, -0.17028521541820535], [0.2018697000577126, -0.3086715511323838, 0.9295001332545012]], "trans": [-116.35453834490613, 808.8359953401564, 153.7339106446148]}], "rb_4XMM.renamed.noAb_Nup120_2-711_3F7F_updated_1.pdb_46": [{"rot": [[-0.9476463971252397, -0.2915443030353579, 0.13026214102024491], [0.2431555438250142, -0.9232578925048005, -0.29743948197028924], [0.20698233625774048, -0.25019349171235417, 0.945812629003264]], "trans": [175.05564492443546, 801.4622016783183, 130.58382989797536]}], "rb_4XMM.renamed.noAb_Nup120_2-711_3F7F_updated_1.pdb_47": [{"rot": [[-0.4963123736590829, -0.8625213392406512, -0.09864566441257272], [0.8517242223228945, -0.4617765390623178, -0.2476454665042063], [0.16804724592014336, -0.20692841111393753, 0.9638157271037414]], "trans": [375.99246642018653, 589.5393912361328, 115.6402638548725]}], "rb_4XMM.renamed.noAb_Nup120_2-711_3F7F_updated_1.pdb_48": [{"rot": [[0.2519221882861404, -0.941116069478207, -0.22546785761835467], [0.9617164830167548, 0.26943288662910797, -0.05007320537560607], [0.10787315394945954, -0.20422160358932273, 0.9729629588449908]], "trans": [368.74621624021773, 297.21505127743853, 117.68136910882316]}], "rb_4XMM.renamed.noAb_Nup120_2-711_3F7F_updated_1.pdb_49": [{"rot": [[0.8587309322155949, -0.4812865925891686, -0.1759102096242297], [0.5086973087012563, 0.8420175929465372, 0.17953668507749557], [0.061710891876812286, -0.24365875515241522, 0.9678957468970206]], "trans": [157.5637632513455, 95.73701871841206, 135.53544232366588]}]}
