{"rb_ScNup133N_56-480_renamed_1.pdb_0": [{"rot": [[-0.6273784890007996, -0.5542085584655455, 0.5470366580610673], [0.5219286527378174, -0.8206102639205533, -0.23278590206353242], [0.5779158355594403, 0.13946923844270345, 0.8040905536927119]], "trans": [934.2960325449596, 116.35723168476405, -295.37549278174885]}], "rb_ScNup133N_56-480_renamed_1.pdb_1": [{"rot": [[-0.0653958509113256, -0.9686663032816026, 0.23960170193540659], [0.8444968352038663, -0.18163389240692684, -0.5038196348493856], [0.5315528929600921, 0.16939516526710152, 0.8299137304382268]], "trans": [422.83717496485394, -454.51833261308025, -251.7902373749074]}], "rb_ScNup133N_56-480_renamed_1.pdb_2": [{"rot": [[0.5595079341555975, -0.8114294832330833, -0.16891733290882857], [0.6738492037997679, 0.5640047620839679, -0.47731109235490293], [0.4825744731700584, 0.1532345329444485, 0.8623462505037882]], "trans": [-341.3572239777824, -495.2161401766989, -190.6399595126951]}], "rb_ScNup133N_56-480_renamed_1.pdb_3": [{"rot": [[0.8812554177643972, -0.1746096445435731, -0.439204235741494], [0.1099535471336461, 0.979500062246337, -0.16878935254380173], [0.45967282509806023, 0.10045446775427047, 0.8823886863364576]], "trans": [-910.609396902064, 18.10527529894179, -147.7233492845275]}], "rb_ScNup133N_56-480_renamed_1.pdb_4": [{"rot": [[0.7113623873775196, 0.5687351721228872, -0.41292112783788426], [-0.5168521081907259, 0.8214490027613325, 0.2410091992460437], [0.47626405709791153, 0.04197427608389269, 0.8782998964271117]], "trans": [-951.441481114045, 784.7351075914326, -148.15755718508245]}], "rb_ScNup133N_56-480_renamed_1.pdb_5": [{"rot": [[0.14935457568732607, 0.9831430920011706, -0.10546502439975569], [-0.8393761713245913, 0.18244012279520866, 0.5120187932165616], [0.5226287915277283, 0.0120524787845252, 0.852475151556583]], "trans": [-439.9315526106957, 1355.5709082583764, -191.6642132026971]}], "rb_ScNup133N_56-480_renamed_1.pdb_6": [{"rot": [[-0.47553591690792324, 0.8258481124749083, 0.3030519540477777], [-0.6686794984948413, -0.5631861657426716, 0.4854781879845478], [0.5716059132157685, 0.028217686611479303, 0.8200429513989301]], "trans": [324.27257353999386, 1396.209133279468, -252.73249989721654]}], "rb_ScNup133N_56-480_renamed_1.pdb_7": [{"rot": [[-0.7972394288899852, 0.18899585040979605, 0.5733148014407546], [-0.10475860746823057, -0.9786314696961493, 0.17693524431744959], [0.5945039336997621, 0.08100009289029478, 0.8000025361005277]], "trans": [893.4912583000345, 882.8434542335589, -295.5637489589618]}], "rb_ScNup133C_490_881_renamed_relative_3CQC_1.pdb_7": [{"rot": [[0.8240224811911356, 0.24299442352806944, -0.5118013878702052], [-0.2769101534343127, 0.9608400420130521, 0.010352805868183594], [0.494274941117383, 0.13319205606424175, 0.8590414185502293]], "trans": [192.06634077347928, 169.16194283319953, -263.6433241315556]}], "rb_ScNup133C_490_881_renamed_relative_3CQC_1.pdb_8": [{"rot": [[0.39873670090802593, 0.8522843125768077, -0.33855648551528916], [-0.7480746090969604, 0.5158278908152062, 0.41749966021730867], [0.5304652887545195, 0.08679307341381914, 0.8432517653903667]], "trans": [-65.50655376280906, 107.74430827467071, -242.77310544754192]}], "rb_ScNup133C_490_881_renamed_relative_3CQC_1.pdb_9": [{"rot": [[-0.2342168736040307, 0.9695892969713377, 0.07098627555931597], [-0.7794243220953697, -0.23091819027354238, 0.582386912221564], [0.58106813907263, 0.08107641210254479, 0.8098064170869799]], "trans": [-290.99701456035996, 247.0460931495116, -225.43665014442274]}], "rb_ScNup133C_490_881_renamed_relative_3CQC_1.pdb_10": [{"rot": [[-0.7040451137504706, 0.5261904628530634, 0.47691097136317523], [-0.35259418852411917, -0.8419438178316611, 0.40842128474660355], [0.6164396288551753, 0.1193909729314876, 0.7782981302556033]], "trans": [-352.30763692920704, 505.4624645180531, -221.7658932815977]}], "rb_ScNup133C_490_881_renamed_relative_3CQC_1.pdb_11": [{"rot": [[-0.7355160118753237, -0.21816290082796835, 0.6414211915561773], [0.28237268106586905, -0.9593015637742557, -0.0024857047173932473], [0.6158586406495351, 0.17929154593174523, 0.7671849035889022]], "trans": [-213.5198804666407, 731.6095851569468, -233.88721108579563]}], "rb_ScNup133C_490_881_renamed_relative_3CQC_1.pdb_12": [{"rot": [[-0.3101934721173874, -0.8274180982449816, 0.4681445295551567], [0.7535037414359188, -0.5142416057839367, -0.40961894795386566], [0.5796655255385066, 0.22568753084168747, 0.7829770219647257]], "trans": [44.064343523465396, 793.0073999167068, -254.67575977554947]}], "rb_ScNup133C_490_881_renamed_relative_3CQC_1.pdb_13": [{"rot": [[0.32276256468532855, -0.9446648442528063, 0.05858889716124574], [0.7848037744733036, 0.23251365740315927, -0.5744740504961586], [0.5290627206770535, 0.23139950551768285, 0.8164232397696471]], "trans": [269.5504780294128, 653.6883199970578, -271.9293095086783]}], "rb_ScNup133C_490_881_renamed_relative_3CQC_1.pdb_14": [{"rot": [[0.7925575274936745, -0.5012183418609406, -0.34732224143478607], [0.3579367794942581, 0.843504463362821, -0.40047656881805127], [0.49369406265256366, 0.19308131465569045, 0.8479302910218729]], "trans": [330.8474794423846, 395.26754360913617, -275.51648267527753]}], "rb_ScNup84_506-726_ScNup133C_882_1155_renamed_relative_3CQC_new_1.pdb_14": [{"rot": [[-0.9473807495339039, 0.2174579940812756, -0.2349079313746674], [0.2839189493138873, 0.23187801080376663, -0.9303884233620845], [-0.147850416411574, -0.9481268949438335, -0.2814172088751646]], "trans": [1116.3876503314204, 341.2838867393995, 741.4928897623286]}], "rb_ScNup84_506-726_ScNup133C_882_1155_renamed_relative_3CQC_new_1.pdb_15": [{"rot": [[-0.474400960459867, 0.2988931704016439, -0.8280136480771367], [0.8599227380492098, -0.04390693755292324, -0.5085322658599674], [-0.18835236473350842, -0.9532759587454078, -0.23619554013003258]], "trans": [730.9984041642314, -364.0815978980452, 775.6839734810826]}], "rb_ScNup84_506-726_ScNup133C_882_1155_renamed_relative_3CQC_new_1.pdb_16": [{"rot": [[0.266190308995688, 0.16209866428645625, -0.950193002728038], [0.9315429665333169, -0.29660358454596975, 0.2103663830957493], [-0.2477305409090408, -0.9411431010590402, -0.22995487042001433]], "trans": [-38.81966440652019, -589.2676138862198, 838.1801148848936]}], "rb_ScNup84_506-726_ScNup133C_882_1155_renamed_relative_3CQC_new_1.pdb_17": [{"rot": [[0.8405442508487981, -0.1127893737794739, -0.529871606643973], [0.4568234950749975, -0.3781786713441242, 0.8051665584758566], [-0.29120037210226035, -0.9188359209906986, -0.26635107205468145]], "trans": [-742.0943630380576, -202.3569011412468, 892.3941980450018]}], "rb_ScNup84_506-726_ScNup133C_882_1155_renamed_relative_3CQC_new_1.pdb_18": [{"rot": [[0.9121962275713308, -0.3647376551757882, 0.18672033981732816], [-0.28613831640091764, -0.24084436189230354, 0.9274259308602144], [-0.29329661827555914, -0.8994222791556559, -0.32406273693000254]], "trans": [-966.8355437595116, 569.9929061649984, 906.5908535288296]}], "rb_ScNup84_506-726_ScNup133C_882_1155_renamed_relative_3CQC_new_1.pdb_19": [{"rot": [[0.4391715009063552, -0.44615132418975795, 0.77979317047239], [-0.8621049629702953, 0.03494696891885245, 0.5055232360489161], [-0.25279126886354775, -0.8942749606732303, -0.36928155802753976]], "trans": [-581.3847407143426, 1275.3285175754131, 872.4774852822948]}], "rb_ScNup84_506-726_ScNup133C_882_1155_renamed_relative_3CQC_new_1.pdb_20": [{"rot": [[-0.3014253746171398, -0.30933710558026667, 0.9019164587965658], [-0.9336670619430778, 0.28763287084240374, -0.21338497850958332], [-0.19341292867720927, -0.9064093372876172, -0.3755177123629787]], "trans": [188.4574441565298, 1500.4545034888358, 810.0621903238966]}], "rb_ScNup84_506-726_ScNup133C_882_1155_renamed_relative_3CQC_new_1.pdb_21": [{"rot": [[-0.8757423069015465, -0.03444269768923669, 0.4815486605511874], [-0.4589025267154136, 0.36918637966031775, -0.8081521441210895], [-0.14994626663229715, -0.9287169200833982, -0.3391179727968431]], "trans": [891.7085175202062, 1113.4890038759618, 755.9327333971098]}], "rb_4XMM.renamed.noAb_Nup145c_149-550_Sec13_Nup84_7-436_3IKO_updated_1.pdb_21": [{"rot": [[0.997551811720703, -0.05914752392488398, 0.03730889098190522], [0.06012164897943091, 0.9978639881375482, -0.025550900223328024], [-0.035717926265931316, 0.02773141885630173, 0.998977075888871]], "trans": [15.497622531134539, -25.80132240914503, 7.96215971992217]}], "rb_4XMM.renamed.noAb_Nup145c_149-550_Sec13_Nup84_7-436_3IKO_updated_1.pdb_22": [{"rot": [[0.7488854281267734, 0.6620998356286312, 0.028185514008443997], [-0.6625838189674489, 0.7488718119922939, 0.013179227818451605], [-0.01238137237512854, -0.028544997178476743, 0.9995158251644594]], "trans": [-322.7612474365998, 109.96931658475852, 34.30413619225908]}], "rb_4XMM.renamed.noAb_Nup145c_149-550_Sec13_Nup84_7-436_3IKO_updated_1.pdb_23": [{"rot": [[0.06355684989587723, 0.9967729606307765, 0.04903255843487858], [-0.9970134838656284, 0.06125890863378741, 0.04702615339489405], [0.04387071712926249, -0.05187495608050306, 0.99768950536237]], "trans": [-466.3295245829804, 445.88262943113347, 44.15427826859252]}], "rb_4XMM.renamed.noAb_Nup145c_149-550_Sec13_Nup84_7-436_3IKO_updated_1.pdb_24": [{"rot": [[-0.6569587787113731, 0.7488156155642333, 0.08763753169287719], [-0.7472537325594796, -0.6621613878086202, 0.0561618702616687], [0.10008507506110753, -0.028591438972549704, 0.9945680003737764]], "trans": [-331.1009745036865, 785.1559778820417, 31.76623873478951]}], "rb_4XMM.renamed.noAb_Nup145c_149-550_Sec13_Nup84_7-436_3IKO_updated_1.pdb_25": [{"rot": [[-0.9905732431864871, 0.06348470936754766, 0.12138509611778131], [-0.05961734897663745, -0.997599267452787, 0.03523454666461115], [0.1233305379214849, 0.02766574152595304, 0.9919799318342164]], "trans": [3.7075247815396324, 929.0383674559073, 4.421110722295907]}], "rb_4XMM.renamed.noAb_Nup145c_149-550_Sec13_Nup84_7-436_3IKO_updated_1.pdb_26": [{"rot": [[-0.7418504862759943, -0.6577432499434842, 0.13050545262882368], [0.6630685777070601, -0.7485504907290577, -0.0034962961578595755], [0.09998958580575923, 0.08394033585273722, 0.9914414267859308]], "trans": [341.9623469308361, 793.2415823938464, -21.837939311677985]}], "rb_4XMM.renamed.noAb_Nup145c_149-550_Sec13_Nup84_7-436_3IKO_updated_1.pdb_27": [{"rot": [[-0.0564958059689335, -0.9923627544902339, 0.10965576778480889], [0.9974444417687373, -0.060911342629944076, -0.03734158437545633], [0.04373567757074741, 0.10726589317939265, 0.9932679490791265]], "trans": [485.5109610754167, 457.31741091506325, -31.603984703438357]}], "rb_4XMM.renamed.noAb_Nup145c_149-550_Sec13_Nup84_7-436_3IKO_updated_1.pdb_28": [{"rot": [[0.6640003625098261, -0.7443489803742014, 0.07105008094791711], [0.7476281473413802, 0.6624894681761042, -0.04647427093174705], [-0.012476854159374457, 0.0839779731336063, 0.9963894962004849]], "trans": [350.2624783531908, 118.0550859978265, -19.13193346006517]}], "rb_4XMM.renamed.noAb_Seh1_Nup85_47_544_3F3F_1.pdb_28": [{"rot": [[0.6831867481016345, -0.7017300918091375, 0.2020661908084813], [0.34114200024563124, 0.5513564214269608, 0.761333193956274], [-0.6456609039478229, -0.45119948448639796, 0.6160690077519604]], "trans": [460.87179580482314, -137.69400857129187, 662.1062502420373]}], "rb_4XMM.renamed.noAb_Seh1_Nup85_47_544_3F3F_1.pdb_29": [{"rot": [[0.7120772900127175, -0.1177051511711237, 0.6921643088428667], [-0.27745341888354813, 0.8584293694376974, 0.43141467063212363], [-0.6449539002114576, -0.49924394345307405, 0.5786103624438894]], "trans": [-72.96818156056185, -245.35548335062802, 705.2216642029186]}], "rb_4XMM.renamed.noAb_Seh1_Nup85_47_544_3F3F_1.pdb_30": [{"rot": [[0.2964696215451299, 0.5118681266425218, 0.8062857957500915], [-0.7351824289566602, 0.6611935872148806, -0.1494317114246468], [-0.6096003278003288, -0.548465186819901, 0.5723402652202083]], "trans": [-526.4776489624614, 57.23166047258536, 739.9381858591744]}], "rb_4XMM.renamed.noAb_Seh1_Nup85_47_544_3F3F_1.pdb_31": [{"rot": [[-0.3201674250446899, 0.8181768385053487, 0.47757667538693827], [-0.7639009218938342, 0.07519257700916598, -0.6409379516711945], [-0.560310807918247, -0.5700287162030601, 0.6009318274429207]], "trans": [-633.9824525740894, 592.8077243631617, 745.942392222801]}], "rb_4XMM.renamed.noAb_Seh1_Nup85_47_544_3F3F_1.pdb_32": [{"rot": [[-0.7765991732820686, 0.6217810220552753, -0.10140061473926082], [-0.34678519960172305, -0.5562860067866948, -0.7551727643331039], [-0.5259598362943656, -0.5513023120441323, 0.647635708820934]], "trans": [-332.5028492827588, 1047.6248152666794, 719.7409394478627]}], "rb_4XMM.renamed.noAb_Seh1_Nup85_47_544_3F3F_1.pdb_33": [{"rot": [[-0.8054414693618996, 0.03773211574976715, -0.5914730144927872], [0.27181246646927, -0.8633131059370551, -0.4252157854421705], [-0.5266706964546545, -0.5032561659417162, 0.6850921171182806]], "trans": [201.35207178032562, 1155.244785206056, 676.7070129115891]}], "rb_4XMM.renamed.noAb_Seh1_Nup85_47_544_3F3F_1.pdb_34": [{"rot": [[-0.3897980895642436, -0.5918257960078306, -0.7055492020771894], [0.7295088413076658, -0.666027916677536, 0.1556395343738947], [-0.5620269564940881, -0.45403638773326715, 0.691358560219018]], "trans": [654.8444838412865, 852.6224551444077, 642.0744984584799]}], "rb_4XMM.renamed.noAb_Seh1_Nup85_47_544_3F3F_1.pdb_35": [{"rot": [[0.22684121365377768, -0.8980888117433611, -0.37680173833127906], [0.7581789350142468, -0.08000288459753258, 0.6471199587068313], [-0.6113164207582996, -0.43247661749216726, 0.6627640673978862]], "trans": [762.3140510110663, 317.038369801882, 636.1556162748068]}], "rb_4XMM.renamed.noAb_Nup120_715-1036_Nup85_553-744_Nup145c_92-99_554-712_remaining_updated_1.pdb_35": [{"rot": [[0.998517318052545, -0.03646600656780504, 0.04041529307268777], [0.03130768466771181, 0.9920808763498109, 0.12163619388052276], [-0.04453082561441644, -0.12019053684042601, 0.9917516021787464]], "trans": [6.886732693050476, -50.5362302989339, 90.8111811234528]}], "rb_4XMM.renamed.noAb_Nup120_715-1036_Nup85_553-744_Nup145c_92-99_554-712_remaining_updated_1.pdb_36": [{"rot": [[0.7290821473447733, 0.6711784109704417, 0.13401030956732024], [-0.6841462379916958, 0.7202772818620586, 0.11464973735345448], [-0.019574152981572356, -0.17527172584475542, 0.9843254922303173]], "trans": [-344.6658793752923, 103.31994422170686, 118.12475648613747]}], "rb_4XMM.renamed.noAb_Nup120_715-1036_Nup85_553-744_Nup145c_92-99_554-712_remaining_updated_1.pdb_37": [{"rot": [[0.03417399570876206, 0.980149653545496, 0.19529156323800445], [-0.9987179275179857, 0.02619013476476567, 0.04331948863022901], [0.03734486941306189, -0.19652158531736252, 0.9797880521994915]], "trans": [-484.8893260916473, 461.44644913943966, 127.60021719727183]}], "rb_4XMM.renamed.noAb_Nup120_715-1036_Nup85_553-744_Nup145c_92-99_554-712_remaining_updated_1.pdb_38": [{"rot": [[-0.6791201434221751, 0.7094480107623703, 0.18835963161877675], [-0.7281268527258346, -0.6835745275436996, -0.0505682868305812], [0.09288227569249377, -0.17149164795617539, 0.9807973784342309]], "trans": [-331.63682187971114, 814.0478450849166, 113.71070966946382]}], "rb_4XMM.renamed.noAb_Nup120_715-1036_Nup85_553-744_Nup145c_92-99_554-712_remaining_updated_1.pdb_39": [{"rot": [[-0.9929425058977731, 0.01765432185658348, 0.11727533799241668], [-0.03088908056263954, -0.9932265582012996, -0.11201280634639948], [0.11450347018080359, -0.1148448039894944, 0.9867621933947253]], "trans": [25.316068772118, 954.5653794287738, 84.61690815574622]}], "rb_4XMM.renamed.noAb_Nup120_715-1036_Nup85_553-744_Nup145c_92-99_554-712_remaining_updated_1.pdb_40": [{"rot": [[-0.7234515268845165, -0.689968915919841, 0.02368086385378604], [0.6845436709858121, -0.7213674315551803, -0.10501900401713436], [0.08954245228789716, -0.05976557333350109, 0.9941882243732261]], "trans": [376.8632228235044, 800.6820160503253, 57.386376706642466]}], "rb_4XMM.renamed.noAb_Nup120_715-1036_Nup85_553-744_Nup145c_92-99_554-712_remaining_updated_1.pdb_41": [{"rot": [[-0.02851882171117487, -0.9988860323898213, -0.03759482816461998], [0.999060808460641, -0.02725605720832419, -0.03368394785988225], [0.032621738245791385, -0.0385201459236286, 0.9987251977154907]], "trans": [517.0652739555377, 442.54491576726923, 47.995149496717715]}], "rb_4XMM.renamed.noAb_Nup120_715-1036_Nup85_553-744_Nup145c_92-99_554-712_remaining_updated_1.pdb_42": [{"rot": [[0.6847542323805652, -0.7281290249939009, -0.030655573691161737], [0.728413758037454, 0.6824873347765023, 0.060203280404146825], [-0.022913715077580214, -0.0635543926971067, 0.9977152904662961]], "trans": [363.7917971054157, 89.95595845371327, 61.96874474303604]}], "rb_4XMM.renamed.noAb_Nup120_2-711_3F7F_updated_1.pdb_42": [{"rot": [[0.9979996884010773, 0.061303265876678434, -0.015444466459051074], [-0.05278137162374057, 0.9424461349272442, 0.33016573046004394], [0.03479581527810598, -0.3286901159961325, 0.9437966194501759]], "trans": [-30.22827161661519, -32.80635617784901, 190.85474588574664]}], "rb_4XMM.renamed.noAb_Nup120_2-711_3F7F_updated_1.pdb_43": [{"rot": [[0.6710014736775898, 0.7013773463204722, 0.2404721197788932], [-0.7386716429098046, 0.6042669130325276, 0.298706715316327], [0.06419677782749024, -0.3780625819657262, 0.9235515458456964]], "trans": [-356.50112505081086, 147.77647429213317, 216.0233301504187]}], "rb_4XMM.renamed.noAb_Nup120_2-711_3F7F_updated_1.pdb_44": [{"rot": [[-0.04378561136286496, 0.9157638635162866, 0.3993236363093259], [-0.9915145365833233, -0.08880447772225541, 0.09493518041502594], [0.1223999345650815, -0.3917783952876933, 0.9118815411029342]], "trans": [-460.003077312872, 506.8615824156624, 222.56719631542168]}], "rb_4XMM.renamed.noAb_Nup120_2-711_3F7F_updated_1.pdb_45": [{"rot": [[-0.7276292138056889, 0.5788721728409212, 0.3680526249423365], [-0.663191120445549, -0.7307570443263426, -0.16177663592003474], [0.17530905560948873, -0.36180263912505783, 0.9156230585472663]], "trans": [-280.09931205089305, 834.09196554913, 206.67686021397049]}], "rb_4XMM.renamed.noAb_Nup120_2-711_3F7F_updated_1.pdb_46": [{"rot": [[-0.9799241091450812, -0.11194182313515638, 0.1649780850579677], [0.05396211896984265, -0.9455259217318706, -0.3210433320431662], [0.19192923183429147, -0.3056955340960536, 0.9325842645044066]], "trans": [77.82192174083207, 937.7715680997275, 177.68510968922098]}], "rb_4XMM.renamed.noAb_Nup120_2-711_3F7F_updated_1.pdb_47": [{"rot": [[-0.6528723903332024, -0.7519895450918164, -0.09093605452850476], [0.7398267021526392, -0.6072964733135107, -0.2895642317050228], [0.1625241296625156, -0.25632541343685206, 0.9528290453716586]], "trans": [404.08723195697866, 757.1635338060992, 152.59972588344013]}], "rb_4XMM.renamed.noAb_Nup120_2-711_3F7F_updated_1.pdb_48": [{"rot": [[0.06193443432071416, -0.9663220128339682, -0.24977168245795733], [0.9926134855837361, 0.08579172101004023, -0.0857802357390038], [0.10431967255832798, -0.24261398994831473, 0.9644977230655756]], "trans": [507.56771287131744, 398.0707125259148, 146.14008523515253]}], "rb_4XMM.renamed.noAb_Nup120_2-711_3F7F_updated_1.pdb_49": [{"rot": [[0.745752448158176, -0.629380244670464, -0.21848064830696287], [0.6642364072355501, 0.7277178244605048, 0.17092911766365382], [0.05141285217620681, -0.27259360884109796, 0.9607546216647053]], "trans": [327.6449530287121, 70.85485896906687, 162.1143412182451]}]}
