{"rb_ScNup133N_56-480_renamed_1.pdb_0": [{"rot": [[-0.735316455866736, -0.13197776490711238, 0.6647492604747288], [0.145537775029705, -0.9887223475023488, -0.03531112556746141], [0.6619127327457742, 0.07078127661720307, 0.7462315626596435]], "trans": [890.841247350184, 317.5509510654831, -315.9597547772543]}], "rb_ScNup133N_56-480_renamed_1.pdb_1": [{"rot": [[-0.4056087461140787, -0.789204322961941, 0.4611269691678662], [0.6592598376988801, -0.6020353084358547, -0.45047747312577663], [0.6331334862989039, 0.12128488782499952, 0.764481500438216]], "trans": [533.4628097934215, -282.81455781734326, -284.51218041230237]}], "rb_ScNup133N_56-480_renamed_1.pdb_2": [{"rot": [[0.18973470040191598, -0.9815310818910753, 0.024443378349219058], [0.788488874637863, 0.1374895520947168, -0.5994847100945137], [0.5850521669353119, 0.1330163837522358, 0.8000128771574658]], "trans": [-142.52756048050082, -453.6541382611207, -229.75910861896386]}], "rb_ScNup133N_56-480_renamed_1.pdb_3": [{"rot": [[0.7019532983695829, -0.5962903145065278, -0.38948610724101873], [0.45752069387837724, 0.7966281434900238, -0.39504229605534535], [0.5458354894847938, 0.0991032886706443, 0.8320109113428449]], "trans": [-741.1232597616345, -94.88743840862071, -183.75165597090256]}], "rb_ScNup133N_56-480_renamed_1.pdb_4": [{"rot": [[0.830982170817231, 0.14083850576301352, -0.5381757585383389], [-0.13975887763932196, 0.9892477850565563, 0.04308452020954571], [0.5384571365530146, 0.03941237185366198, 0.8417307033962759]], "trans": [-911.6565738724678, 583.3150671512734, -173.4176320332483]}], "rb_ScNup133N_56-480_renamed_1.pdb_5": [{"rot": [[0.5012343849579267, 0.7980349224872856, -0.33452108128868824], [-0.653455045278208, 0.6025091748276942, 0.45823487214407677], [0.5672394513221872, -0.011088585985395721, 0.8234782620837909]], "trans": [-554.224769547882, 1183.6529048014268, -204.78684883722997]}], "rb_ScNup133N_56-480_renamed_1.pdb_6": [{"rot": [[-0.09411915680816824, 0.9903040082797341, 0.10217414304413852], [-0.7826373509194577, -0.13703075631009104, 0.6072078299650376], [0.6153213479698921, -0.022815411680903452, 0.7879461248856663]], "trans": [121.78547578960325, 1354.4398212780486, -259.4587719719318]}], "rb_ScNup133N_56-480_renamed_1.pdb_7": [{"rot": [[-0.6063119552295375, 0.6050118216890329, 0.5160876946433086], [-0.4516289784479176, -0.796139089183256, 0.40273293446220393], [0.6545357734851607, 0.011101634607809746, 0.7559495187756978]], "trans": [720.359742016094, 995.6265496087908, -305.3818130897424]}], "rb_ScNup133C_490_881_renamed_relative_3CQC_1.pdb_7": [{"rot": [[0.8000625457468099, 0.35306824961260647, -0.485018282138543], [-0.2772924058358705, 0.934569403887184, 0.2229101859128649], [0.5319857559736801, -0.043850204485763794, 0.8456171208103985]], "trans": [172.82614854854762, 102.40983456935678, -241.19193207774947]}], "rb_ScNup133C_490_881_renamed_relative_3CQC_1.pdb_8": [{"rot": [[0.38222651758259446, 0.9082997941339178, -0.16998344987958156], [-0.7292866914913955, 0.4094783851116783, 0.5481499555229985], [0.5674890403084589, -0.08555078084163628, 0.8189244489128222]], "trans": [-125.76243762946672, 75.39687708390011, -217.21990379921544]}], "rb_ScNup133C_490_881_renamed_relative_3CQC_1.pdb_9": [{"rot": [[-0.2319444258482703, 0.930918657075347, 0.2821209620481036], [-0.7523710709611936, -0.3555224565257538, 0.5545642924734688], [0.6165545838760926, -0.08363155394302305, 0.782857719056568]], "trans": [-356.0143849432402, 268.11124399644217, -199.76380597075905]}], "rb_ScNup133C_490_881_renamed_relative_3CQC_1.pdb_10": [{"rot": [[-0.6826602860736812, 0.4076743895998376, 0.6064458144650665], [-0.33302238926210637, -0.9122848414820376, 0.2383955877365395], [0.6504390994304973, -0.039216833968231085, 0.7585453301323201]], "trans": [-383.0429427646437, 567.6582586922217, -199.02566193008278]}], "rb_ScNup133C_490_881_renamed_relative_3CQC_1.pdb_11": [{"rot": [[-0.7058853570799642, -0.35490913866128543, 0.6129970358450313], [0.28309898305012854, -0.9346495143001547, -0.21514007347415942], [0.649292559988233, 0.021674609873954837, 0.7602298223765873]], "trans": [-191.01248747996976, 798.5591731447232, -215.41388196285914]}], "rb_ScNup133C_490_881_renamed_relative_3CQC_1.pdb_12": [{"rot": [[-0.2880140647981366, -0.910099744424908, 0.2979368283313931], [0.7350604587636546, -0.40951493430136476, -0.5403551059685776], [0.6137866245207845, 0.06337171121142418, 0.7869243964813364]], "trans": [107.58474591486339, 825.5490927599569, -239.30401079879874]}], "rb_ScNup133C_490_881_renamed_relative_3CQC_1.pdb_13": [{"rot": [[0.3261586957678847, -0.9326589426471588, -0.15416809616543276], [0.7580966327486807, 0.3554876571534623, -0.5467339581795266], [0.5647211706586732, 0.06144772015155833, 0.822990994542511]], "trans": [337.82820121543625, 632.8170588646323, -256.67686921380533]}], "rb_ScNup133C_490_881_renamed_relative_3CQC_1.pdb_14": [{"rot": [[0.7768418616426017, -0.4093712369247484, -0.4784682981957706], [0.3387125894747255, 0.9122089554535501, -0.2305398085400166], [0.5308394330972233, 0.017029737785500862, 0.8473012948768425]], "trans": [364.83992921321646, 333.2683312314876, -257.33118688987736]}], "rb_ScNup84_506-726_ScNup133C_882_1155_renamed_relative_3CQC_new_1.pdb_14": [{"rot": [[0.9838935076248941, 0.1703685413712417, 0.054112159119884845], [-0.17650572075855442, 0.9738047211956017, 0.1433530450205286], [-0.02827182684375812, -0.15059523594121427, 0.9881911650681382]], "trans": [-58.06346622675426, 71.40156775950732, 65.46589017281747]}], "rb_ScNup84_506-726_ScNup133C_882_1155_renamed_relative_3CQC_new_1.pdb_15": [{"rot": [[0.5725298393108149, 0.8043265420995831, 0.15896036226952126], [-0.8198482256304462, 0.5598334081495375, 0.12014758445461823], [0.007646569775969489, -0.19911144817362533, 0.9799470195764974]], "trans": [-305.2479711961985, 233.85683014785747, 84.41884252547754]}], "rb_ScNup84_506-726_ScNup133C_882_1155_renamed_relative_3CQC_new_1.pdb_16": [{"rot": [[-0.17194288285792303, 0.9609614013142748, 0.2167690711762377], [-0.9827724757506419, -0.1824708464556184, 0.02937092270803282], [0.06777835894633086, -0.20798455562342213, 0.9757809788475419]], "trans": [-365.5834946345936, 524.027309787421, 87.85737923450449]}], "rb_ScNup84_506-726_ScNup133C_882_1155_renamed_relative_3CQC_new_1.pdb_17": [{"rot": [[-0.8134020411694904, 0.548514209935836, 0.19367312905968423], [-0.5698351481668045, -0.818255743782176, -0.07579869181714723], [0.11689749071310104, -0.17201656683569877, 0.9781335682814679]], "trans": [-203.7227228415842, 771.9271650967588, 73.7911619135694]}], "rb_ScNup84_506-726_ScNup133C_882_1155_renamed_relative_3CQC_new_1.pdb_18": [{"rot": [[-0.9760718161108395, -0.19139765182084587, 0.1032024644645216], [0.17705924820613558, -0.9750695264091861, -0.1337514160405067], [0.1262292851075481, -0.11227803679094538, 0.9856266078163706]], "trans": [85.51593516886714, 832.3332822428795, 50.48438390412673]}], "rb_ScNup84_506-726_ScNup133C_882_1155_renamed_relative_3CQC_new_1.pdb_19": [{"rot": [[-0.5646579598775006, -0.8253233825814553, -0.001643931653032997], [0.8203694447619204, -0.5610484693994104, -0.11053772697859003], [0.09030704539510406, -0.06376463870265216, 0.9938705692408458]], "trans": [332.694308608423, 669.859022870514, 31.614489290864583]}], "rb_ScNup84_506-726_ScNup133C_882_1155_renamed_relative_3CQC_new_1.pdb_20": [{"rot": [[0.17982748961366268, -0.9819003509136243, -0.05944556211313098], [0.9832352576844009, 0.1812680543539198, -0.01975653099688388], [0.030174526102898565, -0.054896205209854346, 0.9980360237125812]], "trans": [393.0137344403906, 379.68421580223, 28.259733304932297]}], "rb_ScNup84_506-726_ScNup133C_882_1155_renamed_relative_3CQC_new_1.pdb_21": [{"rot": [[0.8212544588058891, -0.5694035610331142, -0.0363414167892574], [0.5702475973556248, 0.8170205585731188, 0.08541126728366503], [-0.018941795099172425, -0.09086798969754507, 0.9956827892691243]], "trans": [231.14015584776286, 131.79747127858866, 42.409384206135314]}], "rb_4XMM.renamed.noAb_Nup145c_149-550_Sec13_Nup84_7-436_3IKO_updated_1.pdb_21": [{"rot": [[0.9927932749424615, -0.022557804774159106, 0.11769731803568091], [0.02197286316358696, 0.999738935788379, 0.0062652656059352125], [-0.117807922116535, -0.0036339664953815953, 0.99302975170641]], "trans": [-24.46029862425985, -13.279425423606028, 65.7569378278003]}], "rb_4XMM.renamed.noAb_Nup145c_149-550_Sec13_Nup84_7-436_3IKO_updated_1.pdb_22": [{"rot": [[0.7169945640963946, 0.6887415809152706, 0.1074887425480185], [-0.6909334878960463, 0.7226038546466744, -0.021320988569271906], [-0.09235643107019896, -0.05898053889293328, 0.9939776585375921]], "trans": [-341.1187431986457, 150.3133780586756, 90.24185867763845]}], "rb_4XMM.renamed.noAb_Nup145c_149-550_Sec13_Nup84_7-436_3IKO_updated_1.pdb_23": [{"rot": [[0.01938082512884609, 0.996540094747264, 0.08082217009235704], [-0.999190495468403, 0.022155638724175253, -0.03357799038551514], [-0.03525248052167411, -0.08010597501957409, 0.9961627855843798]], "trans": [-449.7959454547238, 490.569574104979, 97.28983586087139]}], "rb_4XMM.renamed.noAb_Nup145c_149-550_Sec13_Nup84_7-436_3IKO_updated_1.pdb_24": [{"rot": [[-0.691375977319274, 0.7205250273599947, 0.05331925481189463], [-0.7222168580937901, -0.6912732707718734, -0.023325415355113566], [0.02005163013201093, -0.05463469652366844, 0.9983050546124735]], "trans": [-286.82535462306873, 808.1624022541947, 82.79606986826951]}], "rb_4XMM.renamed.noAb_Nup145c_149-550_Sec13_Nup84_7-436_3IKO_updated_1.pdb_25": [{"rot": [[-0.9989044867029433, 0.022389897041375267, 0.04109159226903164], [-0.022267637874543025, -0.999746159311063, 0.0034306335078155984], [0.04115797308196728, 0.0025118625068552914, 0.9991494942192229]], "trans": [52.32447264106952, 917.041622512815, 55.27521808158582]}], "rb_4XMM.renamed.noAb_Nup145c_149-550_Sec13_Nup84_7-436_3IKO_updated_1.pdb_26": [{"rot": [[-0.7230501660732256, -0.6888878931626095, 0.051302319591419], [0.6906170427008982, -0.7225552593194079, 0.031016085519079487], [0.015702155028674926, 0.057856442025433996, 0.9982014197763952]], "trans": [368.9766988530576, 753.4243692515139, 30.873388422656603]}], "rb_4XMM.renamed.noAb_Nup145c_149-550_Sec13_Nup84_7-436_3IKO_updated_1.pdb_27": [{"rot": [[-0.025412366000930664, -0.9966317847336238, 0.07796984874234694], [0.9988192860774446, -0.02208290840370941, 0.04327099393560638], [-0.041403446885212906, 0.07897740699151308, 0.9960162266604486]], "trans": [477.6338984407878, 413.1600532292115, 23.909521672667267]}], "rb_4XMM.renamed.noAb_Nup145c_149-550_Sec13_Nup84_7-436_3IKO_updated_1.pdb_28": [{"rot": [[0.6853228535386102, -0.7205610668004963, 0.10547196513304088], [0.7217898724334832, 0.6913243136094684, 0.03301626061278613], [-0.09670556586955376, 0.05350179832235741, 0.9938740318099277]], "trans": [314.6450651585171, 95.58042529380884, 38.48715406546921]}], "rb_4XMM.renamed.noAb_Seh1_Nup85_47_544_3F3F_1.pdb_28": [{"rot": [[0.6875828058269168, -0.6952844530249773, 0.20930698629748976], [0.24643281198681857, 0.49460309214942966, 0.8334498487686509], [-0.68300860485608, -0.521485676330593, 0.5114214847604375]], "trans": [454.3997935565881, -84.48177326808798, 747.7266885900141]}], "rb_4XMM.renamed.noAb_Seh1_Nup85_47_544_3F3F_1.pdb_29": [{"rot": [[0.647686515845734, -0.15453556523257894, 0.7460703293053919], [-0.3496716491509496, 0.8097080213484508, 0.47127768666045156], [-0.6769282938182328, -0.5661198452997553, 0.47040026125217255]], "trans": [-38.34974928695027, -198.23622274846144, 787.5965856850476]}], "rb_4XMM.renamed.noAb_Seh1_Nup85_47_544_3F3F_1.pdb_30": [{"rot": [[0.19927508929355375, 0.45008738189506015, 0.8704658450771581], [-0.742709332606128, 0.6488474813077145, -0.16546840562593704], [-0.6392748126172347, -0.6135293755473165, 0.4635832387972132]], "trans": [-467.08812577625196, 70.89658575488308, 820.5014691506854]}], "rb_4XMM.renamed.noAb_Seh1_Nup85_47_544_3F3F_1.pdb_31": [{"rot": [[-0.3949657375542429, 0.7643877407470147, 0.5096208864969156], [-0.7024332215793366, 0.10625584451669845, -0.7037735891092476], [-0.5921061014547155, -0.6359410957798783, 0.4949639252696908]], "trans": [-580.6524364135116, 565.2549750432664, 827.189199195087]}], "rb_4XMM.renamed.noAb_Seh1_Nup85_47_544_3F3F_1.pdb_32": [{"rot": [[-0.7869213095345575, 0.6042439294727495, -0.12507648178511357], [-0.25243762980323525, -0.5002090576503408, -0.8282910972018694], [-0.5630542564085061, -0.6202259042799508, 0.5461590720663491]], "trans": [-312.5131934313788, 995.2369470134432, 803.7660141624344]}], "rb_4XMM.renamed.noAb_Seh1_Nup85_47_544_3F3F_1.pdb_33": [{"rot": [[-0.7469785260077575, 0.0634704507444688, -0.661811592196424], [0.34366368012189175, -0.8152715343488317, -0.4660768179662809], [-0.5691382579376911, -0.575589981812392, 0.5871778403421355]], "trans": [180.25176720715058, 1108.9531165346593, 763.9775510129512]}], "rb_4XMM.renamed.noAb_Seh1_Nup85_47_544_3F3F_1.pdb_34": [{"rot": [[-0.29853643275708974, -0.541139966692751, -0.7861574490930131], [0.7366661558134351, -0.6543635443478765, 0.17067901659997317], [-0.6067940121620522, -0.5281816811252039, 0.5939908572764618]], "trans": [608.975696913345, 839.7870648985752, 731.1564573781211]}], "rb_4XMM.renamed.noAb_Seh1_Nup85_47_544_3F3F_1.pdb_35": [{"rot": [[0.2957012689576894, -0.8553980152973003, -0.42527049622827734], [0.6963434056763816, -0.11174725699269439, 0.7089558603507135], [-0.6539622473108244, -0.5057734532179815, 0.5626069614856608]], "trans": [722.5079859971709, 345.4201771901171, 724.553797587835]}], "rb_4XMM.renamed.noAb_Nup120_715-1036_Nup85_553-744_Nup145c_92-99_554-712_remaining_updated_1.pdb_35": [{"rot": [[0.9929317053146884, -0.04460371572991384, 0.109986986157234], [0.03838388898565988, 0.9975764030838441, 0.058034447327757345], [-0.11230897402791588, -0.05340251448561894, 0.9922373031686584]], "trans": [-7.005316348549968, -39.14682858509252, 91.99896062129653]}], "rb_4XMM.renamed.noAb_Nup120_715-1036_Nup85_553-744_Nup145c_92-99_554-712_remaining_updated_1.pdb_36": [{"rot": [[0.7287710152490728, 0.6706038698997623, 0.13850363536131258], [-0.6791100801873258, 0.7337452645234314, 0.02067331075093678], [-0.08776278437242457, -0.10912532458097682, 0.9901461292224986]], "trans": [-346.46164519239653, 121.23241809653643, 118.31664948405827]}], "rb_4XMM.renamed.noAb_Nup120_715-1036_Nup85_553-744_Nup145c_92-99_554-712_remaining_updated_1.pdb_37": [{"rot": [[0.036155838063962165, 0.9905447747885716, 0.1323397314223946], [-0.9988651932934358, 0.03992823506992549, -0.02596269768473703], [-0.031001306436355798, -0.13125084831443853, 0.990864336736357]], "trans": [-473.53051781972016, 475.3890003436976, 126.76292473509102]}], "rb_4XMM.renamed.noAb_Nup120_715-1036_Nup85_553-744_Nup145c_92-99_554-712_remaining_updated_1.pdb_38": [{"rot": [[-0.6791700895716083, 0.7277931056858907, 0.09510617617894371], [-0.733564396528016, -0.6774268866026949, -0.05455354666992747], [0.024723785668502522, -0.10681764191305752, 0.9939711896218887]], "trans": [-313.7712836350669, 815.8531154633739, 112.41384414104533]}], "rb_4XMM.renamed.noAb_Nup120_715-1036_Nup85_553-744_Nup145c_92-99_554-712_remaining_updated_1.pdb_39": [{"rot": [[-0.9981587531531413, 0.03627249515060479, 0.04861491128570237], [-0.038624637377484235, -0.9980833555113933, -0.048350313738139264], [0.04676794726332562, -0.050139022194973085, 0.9976466496521239]], "trans": [39.22875871025519, 943.1762010696153, 83.6993063371363]}], "rb_4XMM.renamed.noAb_Nup120_715-1036_Nup85_553-744_Nup145c_92-99_554-712_remaining_updated_1.pdb_40": [{"rot": [[-0.7339420958144183, -0.6789145327251073, 0.02010117524396637], [0.6788485745971743, -0.7341960909132423, -0.0109869402063983], [0.022217397663187744, 0.0055818762404229085, 0.9997375805173638]], "trans": [378.6791204490227, 782.7707151539578, 57.46469734506314]}], "rb_4XMM.renamed.noAb_Nup120_715-1036_Nup85_553-744_Nup145c_92-99_554-712_remaining_updated_1.pdb_41": [{"rot": [[-0.04130196087933263, -0.9988013328745604, 0.026268716670662814], [0.9985493154489156, -0.04035397322027062, 0.03564858288683474], [-0.03454580501340099, 0.027702965425007567, 0.9990190854346261]], "trans": [505.7269067638298, 428.6045698783249, 49.10262592155573]}], "rb_4XMM.renamed.noAb_Nup120_715-1036_Nup85_553-744_Nup145c_92-99_554-712_remaining_updated_1.pdb_42": [{"rot": [[0.6740032943812412, -0.7359937073663232, 0.0635045028356988], [0.7331923834063443, 0.6769805018491207, 0.06423650855266838], [-0.09026897627733721, 0.0032653994070936943, 0.9959120689541593]], "trans": [345.94764639693875, 88.15340368300986, 63.535716312898444]}], "rb_4XMM.renamed.noAb_Nup120_2-711_3F7F_updated_1.pdb_42": [{"rot": [[0.9823085919294727, 0.1872673126994341, -0.0008853337595936261], [-0.17438179392988837, 0.9164207766285115, 0.3602276365152831], [0.06827019970182795, -0.3537003163101856, 0.9328640126378249]], "trans": [-98.911898120454, 46.54557512214524, 188.6022105737718]}], "rb_4XMM.renamed.noAb_Nup120_2-711_3F7F_updated_1.pdb_43": [{"rot": [[0.5748121132365692, 0.771836516994231, 0.2717709062992587], [-0.8116686678203409, 0.4956489072980491, 0.309073024337291], [0.10385089385873993, -0.3982468477319825, 0.9113805133511889]], "trans": [-349.29607456514816, 252.162208597291, 207.6001961041366]}], "rb_4XMM.renamed.noAb_Nup120_2-711_3F7F_updated_1.pdb_44": [{"rot": [[-0.16265651462527225, 0.8887417380276887, 0.4285801924231655], [-0.9730558892550953, -0.21642792855540488, 0.07950589995206825], [0.16341693497287954, -0.404100327677095, 0.899998794741043]], "trans": [-381.4707696593777, 575.1096936468525, 208.63466481243864]}], "rb_4XMM.renamed.noAb_Nup120_2-711_3F7F_updated_1.pdb_45": [{"rot": [[-0.798077771146932, 0.469498248954792, 0.37768143378980806], [-0.5640005483578506, -0.8026650802055119, -0.1939900782790677], [0.21207369627840417, -0.36783170505960905, 0.9053864280514435]], "trans": [-176.58568001447924, 826.2009567644373, 191.12361524453237]}], "rb_4XMM.renamed.noAb_Nup120_2-711_3F7F_updated_1.pdb_46": [{"rot": [[-0.9592129248183052, -0.24029520299236076, 0.14889184087910387], [0.17586696849348063, -0.919636558271801, -0.35119711001502446], [0.22131736094220297, -0.3106876503964267, 0.924387261723528]], "trans": [145.33653331506605, 858.3433124241334, 165.34927204428254]}], "rb_4XMM.renamed.noAb_Nup120_2-711_3F7F_updated_1.pdb_47": [{"rot": [[-0.5516667306130344, -0.8248316055754549, -0.1237604168485966], [0.8131218377954009, -0.4988188216051993, -0.30002109944573113], [0.18573285986855084, -0.26614395664041096, 0.9458703394804341]], "trans": [395.7112119968662, 652.7074322684555, 146.43461377782143]}], "rb_4XMM.renamed.noAb_Nup120_2-711_3F7F_updated_1.pdb_48": [{"rot": [[0.18581450450209402, -0.9416812921980375, -0.28055180241957234], [0.9744511718171884, 0.21326716612491037, -0.07044167514442888], [0.12616609552785846, -0.26029494765991773, 0.9572505714607702]], "trans": [427.8672523154173, 329.75783115368995, 145.48411885550985]}], "rb_4XMM.renamed.noAb_Nup120_2-711_3F7F_updated_1.pdb_49": [{"rot": [[0.821203874511223, -0.5223920688560186, -0.22963171140780947], [0.5653459719452705, 0.7994713928938034, 0.20305029906329702], [0.0775121183622805, -0.29656705538674666, 0.9518612573091844]], "trans": [222.96910579120743, 78.68305579742093, 163.078605506003]}]}
