{"rb_ScNup133N_56-480_renamed_1.pdb_0": [{"rot": [[0.6324979544922674, 0.07789050291173405, 0.7706357162234672], [0.5418754806617181, 0.666425877996705, -0.5121010765405148], [-0.5534593941932244, 0.7414914825488418, 0.3793060509493501]], "trans": [-10.016485487822592, -112.63057820615313, 396.76623239935094]}], "rb_ScNup133N_56-480_renamed_1.pdb_1": [{"rot": [[0.8194796322950736, 0.5397017498062605, 0.19280859293504693], [-0.09448044705528044, 0.4590444920285587, -0.8833751182043096], [-0.5652668196327876, 0.7056912749880816, 0.4271688741328544]], "trans": [-394.3767230277574, 88.94856788277664, 426.4625838664566]}], "rb_ScNup133N_56-480_renamed_1.pdb_2": [{"rot": [[0.5031810404749809, 0.7201896836842914, -0.4776354886534676], [-0.6769056558192963, -0.015124809589209282, -0.7359143790243123], [-0.5372220896671737, 0.6936123266274983, 0.47988995272252233]], "trans": [-524.1675681374929, 504.0788543049649, 434.82915131598526]}], "rb_ScNup133N_56-480_renamed_1.pdb_3": [{"rot": [[-0.1311056460696559, 0.5136219280002088, -0.8479409322859743], [-0.8642072461409254, -0.47830696418175783, -0.15610343920858805], [-0.48575420254093205, 0.7123306557298933, 0.506584535513318]], "trans": [-323.3538003615662, 889.5712227324349, 416.988686468589]}], "rb_ScNup133N_56-480_renamed_1.pdb_4": [{"rot": [[-0.7118063429187081, 0.04100878663910318, -0.7011775877757955], [-0.5466613054573337, -0.6591633347203921, 0.5163962773645607], [-0.4410137722298233, 0.7508808011786432, 0.49161455951277594]], "trans": [90.42695700202273, 1019.5989250931586, 383.416390083613]}], "rb_ScNup133N_56-480_renamed_1.pdb_5": [{"rot": [[-0.8987383939781755, -0.4207862983443962, -0.12332149170015189], [0.08970927678126647, -0.4517457092687557, 0.8876249544805795], [-0.4292103736501624, 0.7866795442128195, 0.4437496477386753]], "trans": [474.7780153202685, 817.990016748801, 353.8033916539419]}], "rb_ScNup133N_56-480_renamed_1.pdb_6": [{"rot": [[-0.5823943679955024, -0.6012372548562573, 0.54711110708889], [0.672109640674294, 0.022437742595063648, 0.7401115987605578], [-0.4572586041178345, 0.798755476400725, 0.3910297404035403]], "trans": [604.5430186196846, 402.84995568827344, 345.5214081041414]}], "rb_ScNup133N_56-480_renamed_1.pdb_7": [{"rot": [[0.05190694415789501, -0.3946333682133457, 0.9173713391210666], [0.8593614412080827, 0.4856036687825698, 0.16027161392359968], [-0.5087274147448281, 0.7800343463960405, 0.36433890257498647]], "trans": [403.7057116201903, 17.373759950874046, 363.4461470748395]}], "rb_ScNup133C_490_881_renamed_relative_3CQC_1.pdb_7": [{"rot": [[0.7126618007451894, 0.32635389078821486, -0.6209720571217486], [-0.29584890035552747, 0.942447817484629, 0.1557740012867448], [0.6360712113569106, 0.0726997199846842, 0.7681979984334112]], "trans": [268.94984011515305, 132.84963128536248, -303.3613633473061]}], "rb_ScNup133C_490_881_renamed_relative_3CQC_1.pdb_8": [{"rot": [[0.30923998740908615, 0.897219139914267, -0.3152276084969864], [-0.6748158627117167, 0.44058970174210305, 0.5920340075970675], [0.6700702811048018, 0.029640001523377202, 0.7417056617620121]], "trans": [-37.385600571602254, 25.595438668082096, -278.3814512963722]}], "rb_ScNup133C_490_881_renamed_relative_3CQC_1.pdb_9": [{"rot": [[-0.24325834362390653, 0.9472734801173514, 0.20856253768046001], [-0.6565078932927583, -0.31907951393007905, 0.6835098022958023], [0.7140187422621731, 0.029346510124790393, 0.6995112708468949]], "trans": [-329.6789334974351, 167.08899769725926, -255.73105745496758]}], "rb_ScNup133C_490_881_renamed_relative_3CQC_1.pdb_10": [{"rot": [[-0.621171879808194, 0.44719437314030414, 0.6435547283387812], [-0.2516500587266472, -0.8915348916552116, 0.37661357503972503], [0.742170966609734, 0.07199117718844464, 0.6663328948270469]], "trans": [-436.6986895591341, 474.4415032295992, -248.65509700475332]}], "rb_ScNup133C_490_881_renamed_relative_3CQC_1.pdb_11": [{"rot": [[-0.6031135430661606, -0.3100647890343116, 0.7349244048004443], [0.3025862130023213, -0.9414239995410862, -0.1488705370077495], [0.7380349841783201, 0.13259215545864583, 0.6616068941899971]], "trans": [-295.749273337932, 767.6016406491085, -261.2747624473212]}], "rb_ScNup133C_490_881_renamed_relative_3CQC_1.pdb_12": [{"rot": [[-0.19966216168383782, -0.8808909118504196, 0.4291459222817693], [0.6815214991838863, -0.43952109475173684, -0.5851065316832311], [0.704033711793606, 0.17564853739091632, 0.6881018267455383]], "trans": [10.601073096286086, 874.8321846926802, -286.17327092794545]}], "rb_ScNup133C_490_881_renamed_relative_3CQC_1.pdb_13": [{"rot": [[0.3528347564605321, -0.930886003914012, -0.09465137268120055], [0.6631701661853516, 0.3201520242562783, -0.6765412123782979], [0.6600855742364975, 0.17593728735434683, 0.7302965874240848]], "trans": [302.8899106017344, 733.3160875040992, -308.74072020852]}], "rb_ScNup133C_490_881_renamed_relative_3CQC_1.pdb_14": [{"rot": [[0.7307167265114322, -0.4307622353634386, -0.5296196391572988], [0.25828268363105455, 0.8925681329770864, -0.3696108539127818], [0.6319360101566885, 0.1332892515489854, 0.7634728904740192]], "trans": [409.8922302343761, 425.9555909885856, -315.7327753982633]}], "rb_ScNup84_506-726_ScNup133C_882_1155_renamed_relative_3CQC_new_1.pdb_14": [{"rot": [[0.9754177485399378, 0.20891404906486025, 0.07010803047157523], [-0.218274023885186, 0.9596780362754813, 0.1771285329567341], [-0.030276497985193055, -0.18807707673653576, 0.981687499602593]], "trans": [-70.30975886593535, 89.62457855915005, 80.36997937521505]}], "rb_ScNup84_506-726_ScNup133C_882_1155_renamed_relative_3CQC_new_1.pdb_15": [{"rot": [[0.537035166012648, 0.8209529265113444, 0.19398330577198097], [-0.8435246444020328, 0.520520027212064, 0.13238230832545214], [0.007707447838989384, -0.2347236539499379, 0.9720315846330292]], "trans": [-300.78820956528955, 256.23152591573194, 97.97115585021706]}], "rb_ScNup84_506-726_ScNup133C_882_1155_renamed_relative_3CQC_new_1.pdb_16": [{"rot": [[-0.21379697478924364, 0.9443289991726103, 0.25006718075873624], [-0.9744951967661242, -0.22403823992950855, 0.012883265464923757], [0.06819065222388807, -0.24093486333642733, 0.9681427717947061]], "trans": [-346.3799375136159, 537.485976235984, 100.27790145738436]}], "rb_ScNup84_506-726_ScNup133C_882_1155_renamed_relative_3CQC_new_1.pdb_17": [{"rot": [[-0.8372306190508039, 0.506766824081064, 0.20550493068196243], [-0.5344612847177871, -0.8378240339861371, -0.11136437138064917], [0.11574120122764761, -0.2030720908593461, 0.9722991824805743]], "trans": [-180.3747522961571, 768.6252236297328, 85.9628969961118]}], "rb_ScNup84_506-726_ScNup133C_882_1155_renamed_relative_3CQC_new_1.pdb_18": [{"rot": [[-0.9680495475492267, -0.2354035069679978, 0.08640174996435987], [0.2187990215869026, -0.9612729824197525, -0.16757458465545053], [0.12250331278112472, -0.14331588250086044, 0.9820659327054614]], "trans": [99.9810812528516, 814.2447547055112, 63.43607882256231]}], "rb_ScNup84_506-726_ScNup133C_882_1155_renamed_relative_3CQC_new_1.pdb_19": [{"rot": [[-0.5296181874232441, -0.8474081494443669, -0.03747003877485186], [0.8440152137443387, -0.5220669506077698, -0.12281863885909451], [0.08451564659051958, -0.09667226767990901, 0.9917215224764502]], "trans": [330.4530761624116, 647.6201217189194, 45.91797955212405]}], "rb_ScNup84_506-726_ScNup133C_882_1155_renamed_relative_3CQC_new_1.pdb_20": [{"rot": [[0.22122418868316507, -0.9707261545199277, -0.0935445951000213], [0.9749268308403862, 0.22250097520930268, -0.0033151980979222798], [0.024031913136381998, -0.09046573363357413, 0.9956095711618801]], "trans": [376.02940149863883, 366.36250087600797, 43.69495364380572]}], "rb_ScNup84_506-726_ScNup133C_882_1155_renamed_relative_3CQC_new_1.pdb_21": [{"rot": [[0.8446235299693635, -0.5331160960375448, -0.048972653264620025], [0.534844001726379, 0.8362524056800701, 0.1209289370316568], [-0.023515663703212564, -0.12833215551832877, 0.9914524050203392]], "trans": [210.0127165926474, 135.23668899418772, 58.09328592055246]}], "rb_4XMM.renamed.noAb_Nup145c_149-550_Sec13_Nup84_7-436_3IKO_updated_1.pdb_21": [{"rot": [[0.9935198225177204, -0.011863314991223159, 0.11303815294747124], [0.011848149693862973, 0.9999294833836803, 0.0008059831747591814], [-0.11303974351169016, 0.0005385326965004066, 0.9935903211934713]], "trans": [-27.675857063708122, -6.957230448815835, 62.728037745102824]}], "rb_4XMM.renamed.noAb_Nup145c_149-550_Sec13_Nup84_7-436_3IKO_updated_1.pdb_22": [{"rot": [[0.7104660882541789, 0.6965401743884071, 0.10034800896765303], [-0.6983300726655252, 0.7154418328753822, -0.021865346621430852], [-0.08702325580996742, -0.05454144511177223, 0.9947121109714869]], "trans": [-339.001184082274, 156.8755485674111, 86.78670850858796]}], "rb_4XMM.renamed.noAb_Nup145c_149-550_Sec13_Nup84_7-436_3IKO_updated_1.pdb_23": [{"rot": [[0.009643430239125006, 0.9971074506924372, 0.07539055661587198], [-0.9995123989477285, 0.011850895127900107, -0.02888807079788128], [-0.029697956208786777, -0.0750752160056525, 0.9967355433306893]], "trans": [-443.7367614838239, 493.5182909069457, 93.53809494280091]}], "rb_4XMM.renamed.noAb_Nup145c_149-550_Sec13_Nup84_7-436_3IKO_updated_1.pdb_24": [{"rot": [[-0.6983963568627446, 0.7137619654633709, 0.05278622337987959], [-0.7152619757458321, -0.698669837894069, -0.016148178511616543], [0.025354186498755815, -0.04903380746933579, 0.9984752630646616]], "trans": [-280.525097915625, 805.7610482398013, 79.0511445812175]}], "rb_4XMM.renamed.noAb_Nup145c_149-550_Sec13_Nup84_7-436_3IKO_updated_1.pdb_25": [{"rot": [[-0.9988735824061564, 0.012491499119736797, 0.04577694639041879], [-0.012096708902473729, -0.99988730244392, 0.00889112170358821], [0.04588285087936968, 0.00832735619274325, 0.9989121178231942]], "trans": [55.02402615887917, 910.6877274926919, 51.83652211283999]}], "rb_4XMM.renamed.noAb_Nup145c_149-550_Sec13_Nup84_7-436_3IKO_updated_1.pdb_26": [{"rot": [[-0.7157644509389003, -0.6958898212407885, 0.05846885893872132], [0.6980592736352442, -0.7153440606221003, 0.031561454727532995], [0.019862055884723537, 0.06340529651493104, 0.9977901919290868]], "trans": [366.3431159534587, 746.8309172882765, 27.860942007007168]}], "rb_4XMM.renamed.noAb_Nup145c_149-550_Sec13_Nup84_7-436_3IKO_updated_1.pdb_27": [{"rot": [[-0.014918283513248531, -0.9964022299743927, 0.08342685969802456], [0.9991865840973735, -0.011729555547541848, 0.03858221982309536], [-0.037464849884109516, 0.08393457945753148, 0.9957667253902626]], "trans": [471.05897240654673, 410.180364220505, 21.193642046582]}], "rb_4XMM.renamed.noAb_Nup145c_149-550_Sec13_Nup84_7-436_3IKO_updated_1.pdb_28": [{"rot": [[0.693099353061892, -0.713001320819967, 0.10603019991571797], [0.714880598120121, 0.6987689147425581, 0.025840553804506988], [-0.09251495671837573, 0.0578888616098797, 0.9940270934360428]], "trans": [307.82948365361165, 97.95082584445561, 35.76442545849767]}], "rb_4XMM.renamed.noAb_Seh1_Nup85_47_544_3F3F_1.pdb_28": [{"rot": [[0.6824394345366654, -0.7025034291222259, 0.20190430966375233], [0.3003232389407198, 0.521317810457521, 0.7987701125179494], [-0.6663950557600482, -0.4844756676772283, 0.5667459369834706]], "trans": [462.09481411589405, -115.11574241995663, 704.0834529626286]}], "rb_4XMM.renamed.noAb_Seh1_Nup85_47_544_3F3F_1.pdb_29": [{"rot": [[0.6823607902459191, -0.14008814953368343, 0.7174671158284534], [-0.30698394825178077, 0.8358174129692849, 0.45515943107123], [-0.663433951083843, -0.5308338370314821, 0.5273242171678835]], "trans": [-55.353840689205754, -227.83448316350302, 745.9169830067543]}], "rb_4XMM.renamed.noAb_Seh1_Nup85_47_544_3F3F_1.pdb_30": [{"rot": [[0.25421829636720117, 0.4794341823234779, 0.8399499524447762], [-0.7361847803937104, 0.6591598547951022, -0.15342833813598425], [-0.6272200785281254, -0.5793540805468826, 0.5205226435467089]], "trans": [-500.83347248031276, 59.550820873923456, 780.0674411727312]}], "rb_4XMM.renamed.noAb_Seh1_Nup85_47_544_3F3F_1.pdb_31": [{"rot": [[-0.3511761373761717, 0.7931386491824539, 0.4976006468148826], [-0.7358473582845937, 0.09483362438497889, -0.6704738988145612], [-0.578968035251638, -0.6016125554366748, 0.5503256738494189]], "trans": [-613.3739183521243, 578.6859232495915, 786.5530124466567]}], "rb_4XMM.renamed.noAb_Seh1_Nup85_47_544_3F3F_1.pdb_32": [{"rot": [[-0.7791739156358157, 0.617252751124274, -0.10902775069802587], [-0.3061693485536032, -0.5265710154869854, -0.7930846711765852], [-0.5469445485595574, -0.5845699332659225, 0.599274272701959]], "trans": [-327.04548495338315, 1025.4542779820702, 761.5983626308966]}], "rb_4XMM.renamed.noAb_Seh1_Nup85_47_544_3F3F_1.pdb_33": [{"rot": [[-0.7790479051385583, 0.05481292722258256, -0.6245637713704828], [0.30113781223890973, -0.8410264649783721, -0.4494335359604922], [-0.5499094284872665, -0.5382100224032248, 0.6386936607212672]], "trans": [190.41850753928128, 1138.1328002304513, 719.8462823492722]}], "rb_4XMM.renamed.noAb_Seh1_Nup85_47_544_3F3F_1.pdb_34": [{"rot": [[-0.35087192461044087, -0.5646956432794925, -0.7469991452346717], [0.7303050262697242, -0.6643202879552893, 0.15916382634312376], [-0.5861258065683063, -0.4896911123066934, 0.6454914045922615]], "trans": [635.8822694206358, 850.7129396896493, 685.7797338362774]}], "rb_4XMM.renamed.noAb_Seh1_Nup85_47_544_3F3F_1.pdb_35": [{"rot": [[0.25452249927383996, -0.8783561047109916, -0.4046095039421791], [0.7299200883018706, -0.09996945447495481, 0.6761824996739961], [-0.6343776178718727, -0.4674362646275084, 0.6156852901071248]], "trans": [748.3887612808044, 331.56942007967905, 679.3793864503452]}], "rb_4XMM.renamed.noAb_Nup120_715-1036_Nup85_553-744_Nup145c_92-99_554-712_remaining_updated_1.pdb_35": [{"rot": [[0.9917615555345568, -0.08805602019511341, 0.09303308159505028], [0.08091706153564288, 0.9936711304367417, 0.07791093433531832], [-0.09930481416381831, -0.06974110584126894, 0.9926100604164375]], "trans": [20.426019281547383, -65.46028348451784, 92.99410271427729]}], "rb_4XMM.renamed.noAb_Nup120_715-1036_Nup85_553-744_Nup145c_92-99_554-712_remaining_updated_1.pdb_36": [{"rot": [[0.7581839725198202, 0.636722530755425, 0.14050438655952513], [-0.6474611728786988, 0.7606663735395206, 0.04669794193293227], [-0.07714333042202251, -0.12637676603964287, 0.9889781694136414]], "trans": [-345.54545892452893, 83.35088259755824, 121.48149733863161]}], "rb_4XMM.renamed.noAb_Nup120_715-1036_Nup85_553-744_Nup145c_92-99_554-712_remaining_updated_1.pdb_37": [{"rot": [[0.0795300074576682, 0.9851629288218913, 0.15208215407750075], [-0.9966037750170853, 0.08184882339601557, -0.009038015843034194], [-0.021351663529437237, -0.15084685539896853, 0.9883265314058733]], "trans": [-499.5245191788411, 448.13957017449576, 132.02095095946208]}], "rb_4XMM.renamed.noAb_Nup120_715-1036_Nup85_553-744_Nup145c_92-99_554-712_remaining_updated_1.pdb_38": [{"rot": [[-0.646635277897583, 0.7531438758073373, 0.12098396469042508], [-0.7619780856361603, -0.645120627792251, -0.05664602905041525], [0.03538664138575786, -0.128816450544293, 0.9910368851261803]], "trans": [-351.30614354040017, 815.2075393384096, 118.46230794057675]}], "rb_4XMM.renamed.noAb_Nup120_715-1036_Nup85_553-744_Nup145c_92-99_554-712_remaining_updated_1.pdb_39": [{"rot": [[-0.9949140204543039, 0.07658540443633612, 0.06542757622571745], [-0.08103114179748981, -0.9943730252499309, -0.06823665227934084], [0.05983348529414227, -0.07319127326819366, 0.9955214671492185]], "trans": [12.283167001962795, 969.5213148898928, 88.77241744049161]}], "rb_4XMM.renamed.noAb_Nup120_715-1036_Nup85_553-744_Nup145c_92-99_554-712_remaining_updated_1.pdb_40": [{"rot": [[-0.7612796220924973, -0.6481749932875334, 0.017958704391080806], [0.6473287354463249, -0.7613113900875111, -0.0370199350145189], [0.037667562333685206, -0.01655733673400909, 0.9991531460932854]], "trans": [378.24958106251626, 820.6818280818309, 60.36804084279942]}], "rb_4XMM.renamed.noAb_Nup120_715-1036_Nup85_553-744_Nup145c_92-99_554-712_remaining_updated_1.pdb_41": [{"rot": [[-0.08259840761752707, -0.9965624572560208, 0.006385283618338243], [0.9964180601315882, -0.08246651435219338, 0.018716929614604482], [-0.018126017285863747, 0.00790840049803028, 0.9998044332262741]], "trans": [532.2067264974141, 455.8814657183302, 49.9128673613244]}], "rb_4XMM.renamed.noAb_Nup120_715-1036_Nup85_553-744_Nup145c_92-99_554-712_remaining_updated_1.pdb_42": [{"rot": [[0.6435485981260458, -0.764486698813144, 0.03748718698139519], [0.7617353836981946, 0.6444847020375255, 0.06632250041849756], [-0.07486258793390022, -0.01412643540949918, 0.9970937953625305]], "trans": [383.96625005440626, 88.82554055221817, 63.55568994064768]}], "rb_4XMM.renamed.noAb_Nup120_2-711_3F7F_updated_1.pdb_42": [{"rot": [[0.958153880628414, 0.2809938762708071, 0.05462217988156813], [-0.2819224954903994, 0.8932493324762958, 0.3501790064625728], [0.04960693069696749, -0.35092459521805425, 0.9350888090966911]], "trans": [-157.6366935225377, 128.49103212809848, 197.84323496237937]}], "rb_4XMM.renamed.noAb_Nup120_2-711_3F7F_updated_1.pdb_43": [{"rot": [[0.4815037880358017, 0.822002461407839, 0.3040823170567882], [-0.8717623004710644, 0.4133691635225473, 0.2629760942102232], [0.09046874368846085, -0.39171148577508014, 0.9156295748430736]], "trans": [-332.97516511443723, 352.0252190710129, 210.77243577177657]}], "rb_4XMM.renamed.noAb_Nup120_2-711_3F7F_updated_1.pdb_44": [{"rot": [[-0.27143664780854826, 0.8664293143874566, 0.4190732506335094], [-0.9505585485092496, -0.3095866375932329, 0.024383594478687237], [0.15086613961536544, -0.39173505969442446, 0.9076249505846338]], "trans": [-299.43509087613546, 634.4031428680822, 206.76642052860865]}], "rb_4XMM.renamed.noAb_Nup120_2-711_3F7F_updated_1.pdb_45": [{"rot": [[-0.8595843031268705, 0.3882485583155738, 0.3322316703503252], [-0.4721512864770895, -0.8521003689006252, -0.22582764223505516], [0.19541747234041798, -0.35098150704174313, 0.9157641580771684]], "trans": [-76.66280587221303, 810.2039510254374, 188.19597434832485]}], "rb_4XMM.renamed.noAb_Nup120_2-711_3F7F_updated_1.pdb_46": [{"rot": [[-0.9383939885517515, -0.33241477755224025, 0.09443059840340687], [0.28320176598458213, -0.8963598371561474, -0.341080345485656], [0.19802394297949136, -0.2933248335860691, 0.9352791348087242]], "trans": [204.84045759207777, 776.4411681282838, 165.96393134781303]}], "rb_4XMM.renamed.noAb_Nup120_2-711_3F7F_updated_1.pdb_47": [{"rot": [[-0.4616978791447323, -0.8733859497115843, -0.15502274426562632], [0.8730041402656783, -0.41643722179721304, -0.2538578566457977], [0.15715864428098034, -0.25254113159683206, 0.9547377322487844]], "trans": [380.16803192260426, 552.8936252481926, 153.11814068976582]}], "rb_4XMM.renamed.noAb_Nup120_2-711_3F7F_updated_1.pdb_48": [{"rot": [[0.29124872278841324, -0.9177564178179873, -0.2699950722291233], [0.9517412892988557, 0.30652204219003826, -0.015256339514961748], [0.0967610444231843, -0.252522068749525, 0.9627408296507374]], "trans": [346.6124652970098, 270.51874181985534, 157.20785256850226]}], "rb_4XMM.renamed.noAb_Nup120_2-711_3F7F_updated_1.pdb_49": [{"rot": [[0.8793590812881608, -0.4395333360311181, -0.18313397465624312], [0.4732878809866776, 0.848998224236252, 0.23494807289021655], [0.05221290900895814, -0.29327881232888653, 0.9546000997128458]], "trans": [123.8329951173211, 94.73582283662779, 175.8612610017075]}]}
