{"rb_ScNup133N_56-480_renamed_1.pdb_0": [{"rot": [[0.7727275582422122, 0.14292140219128321, 0.618438027233697], [0.3620173405292003, 0.7010793901101666, -0.6143542413941022], [-0.5213785245761419, 0.6986137427494791, 0.4900033393277756]], "trans": [-62.67196639203257, 16.229631159812897, 354.19815095814863]}], "rb_ScNup133N_56-480_renamed_1.pdb_1": [{"rot": [[0.7927303718560148, 0.6093876033632366, 0.015010209999738955], [-0.3186390409699502, 0.4352468335740897, -0.842038808745464], [-0.5196611579739012, 0.6627268990549127, 0.539208065742979]], "trans": [-341.70282195543257, 214.72339832242395, 375.51411030365]}], "rb_ScNup133N_56-480_renamed_1.pdb_2": [{"rot": [[0.32708945744150564, 0.7519664472824117, -0.5723276587690744], [-0.8139294015110028, -0.08353891529846025, -0.5749262378659526], [-0.48013687234637875, 0.6538866199825665, 0.5847229019127029]], "trans": [-399.162074536239, 552.9569643501866, 378.48954080443536]}], "rb_ScNup133N_56-480_renamed_1.pdb_3": [{"rot": [[-0.35141617180040247, 0.4871332368192565, -0.7995047740840229], [-0.8337056642949254, -0.5513658499388844, 0.030505160935964337], [-0.4259595515066042, 0.6772716656609562, 0.5998846150495334]], "trans": [-201.38737045789048, 832.7884539659359, 361.40539822076084]}], "rb_ScNup133N_56-480_renamed_1.pdb_4": [{"rot": [[-0.845308351330427, -0.029968999188644735, -0.5334375785962835], [-0.3663826157375909, -0.6941743556750438, 0.6195851376594007], [-0.3888670339027416, 0.7191827466025368, 0.5758112598177594]], "trans": [135.76399334645237, 890.2887517239417, 334.29381906574025]}], "rb_ScNup133N_56-480_renamed_1.pdb_5": [{"rot": [[-0.8652580785001489, -0.496414479746336, 0.07000801302996909], [0.3142753130611293, -0.4283051962467659, 0.847222335912096], [-0.3905886393516317, 0.7550677606454891, 0.5266053471464633]], "trans": [414.7859074652401, 691.7734892385456, 313.06115358283705]}], "rb_ScNup133N_56-480_renamed_1.pdb_6": [{"rot": [[-0.3995785218423918, -0.6389528654618462, 0.6573250646372346], [0.8095291101341491, 0.09049172599771677, 0.580063675273126], [-0.43011582710667784, 0.7639047605847534, 0.48109239448185875]], "trans": [472.22531373796164, 353.53582313407276, 310.1698014937058]}], "rb_ScNup133N_56-480_renamed_1.pdb_7": [{"rot": [[0.2789286682709812, -0.37408316019179055, 0.8844549662235491], [0.8292521180775546, 0.5582978589709819, -0.025385533918085568], [-0.4842930132476265, 0.7405169072542097, 0.4659345312275036]], "trans": [274.4353114136919, 73.72026416079541, 327.33756252141075]}], "rb_ScNup133C_490_881_renamed_relative_3CQC_1.pdb_7": [{"rot": [[0.8399402872134398, 0.357622128068434, -0.4081748735917119], [-0.30427023705112494, 0.9331484066894098, 0.19145149238872383], [0.44935502307268993, -0.03661235595836326, 0.8926027104095762]], "trans": [126.46117602294902, 126.39248087959609, -209.7420432120553]}], "rb_ScNup133C_490_881_renamed_relative_3CQC_1.pdb_8": [{"rot": [[0.3898449042853458, 0.9106695267578804, -0.13675512289244893], [-0.7812265637411704, 0.4056810829616111, 0.4744553878208767], [0.487551029850121, -0.07812728052142692, 0.869591928050401]], "trans": [-141.10326427437457, 126.84284800493072, -188.37645350544136]}], "rb_ScNup133C_490_881_renamed_relative_3CQC_1.pdb_9": [{"rot": [[-0.2647407992284579, 0.9300683567119026, 0.2547256584388369], [-0.799071271246744, -0.35945004300817845, 0.4819551535667314], [0.5398123865677689, -0.0759507631603546, 0.8383519958128387]], "trans": [-330.05105822053963, 316.96170067686637, -174.19992405485402]}], "rb_ScNup133C_490_881_renamed_relative_3CQC_1.pdb_10": [{"rot": [[-0.7403512885511662, 0.4044545098199325, 0.5369325088192618], [-0.3473506783007052, -0.9140203692779806, 0.20955732110566933], [0.5755236535753057, -0.03135783843415717, 0.8171837064846982]], "trans": [-329.69201061872366, 585.3748511195403, -175.49326080032603]}], "rb_ScNup133C_490_881_renamed_relative_3CQC_1.pdb_11": [{"rot": [[-0.7583672329296366, -0.3582600112534726, 0.5445446761793823], [0.3093109224887959, -0.9331547792773445, -0.1831636184971816], [0.5737646671308515, 0.029528329592320185, 0.8184877424272833]], "trans": [-140.23454327737852, 774.842207973392, -191.4748039391253]}], "rb_ScNup133C_490_881_renamed_relative_3CQC_1.pdb_12": [{"rot": [[-0.3082346381221457, -0.911266285788765, 0.2731028455480804], [0.7862319064506986, -0.4056440658334619, -0.46614620145722296], [0.5355658662952762, 0.07103976519419794, 0.8415001809985209]], "trans": [127.33640142391039, 774.3712388988827, -212.75833525959825]}], "rb_ScNup133C_490_881_renamed_relative_3CQC_1.pdb_13": [{"rot": [[0.346352474963491, -0.9306054407746995, -0.1183785313610155], [0.8040252365942464, 0.3594885572171804, -0.47361524062204285], [0.48330464720115196, 0.06885848408465398, 0.8727400112079959]], "trans": [316.2759046680718, 584.2379610157043, -226.8516571152337]}], "rb_ScNup133C_490_881_renamed_relative_3CQC_1.pdb_14": [{"rot": [[0.821927745803414, -0.4049483265384307, -0.40056414406714264], [0.35226732923539417, 0.9140176109215323, -0.20119526753543765], [0.44759636887700566, 0.024262311493723043, 0.8939065000373922]], "trans": [315.90245474694353, 315.8252461822196, -225.4746979459756]}], "rb_ScNup84_506-726_ScNup133C_882_1155_renamed_relative_3CQC_new_1.pdb_14": [{"rot": [[0.9777949204148577, 0.12359002900357191, 0.1692412430284056], [-0.1574942572372237, 0.9661353154521146, 0.20439694511792464], [-0.13824851734539073, -0.2265128185492842, 0.9641469237023277]], "trans": [-73.78988842928368, 42.648363220715225, 157.7836936738725]}], "rb_ScNup84_506-726_ScNup133C_882_1155_renamed_relative_3CQC_new_1.pdb_15": [{"rot": [[0.5794350485523866, 0.7642556215387201, 0.28314019399505885], [-0.8084417219803429, 0.5830053915919996, 0.08078796653040912], [-0.10332960210197684, -0.2757137253042097, 0.9556698880933329]], "trans": [-334.84277204497937, 229.92628495429653, 177.72126771905766]}], "rb_ScNup84_506-726_ScNup133C_882_1155_renamed_relative_3CQC_new_1.pdb_16": [{"rot": [[-0.16119991260837968, 0.9473750986873877, 0.27657731389633966], [-0.9859656135837134, -0.14225762803487568, -0.08737606134625128], [-0.043432672097669475, -0.28678073445221974, 0.957011187678338]], "trans": [-387.4909890757096, 547.4795090346281, 180.4138485253272]}], "rb_ScNup84_506-726_ScNup133C_882_1155_renamed_relative_3CQC_new_1.pdb_17": [{"rot": [[-0.8102355598665114, 0.5656744887512577, 0.1533972304306871], [-0.5860699332592092, -0.784784440322511, -0.20158227986911587], [0.006353806524294958, -0.253230635989581, 0.9673850702481228]], "trans": [-200.89055830574907, 809.2809960901718, 164.30808919216588]}], "rb_ScNup84_506-726_ScNup133C_882_1155_renamed_relative_3CQC_new_1.pdb_18": [{"rot": [[-0.9874576596555688, -0.15724060899048506, -0.014239426668542705], [0.1569807909299826, -0.9681737790047562, -0.19492707591980935], [0.01686421259782124, -0.19471755065209556, 0.9807143691215626]], "trans": [115.64727019304917, 861.9638603980015, 138.86297552933272]}], "rb_ScNup84_506-726_ScNup133C_882_1155_renamed_relative_3CQC_new_1.pdb_19": [{"rot": [[-0.5890470070875157, -0.7978763371778492, -0.12812873999575575], [0.8078969677386221, -0.5849935836918774, -0.07130916181021132], [-0.018058597951687946, -0.1455192688649657, 0.989190593075483]], "trans": [376.69208664197146, 674.6658540133841, 119.00861879780427]}], "rb_ScNup84_506-726_ScNup133C_882_1155_renamed_relative_3CQC_new_1.pdb_20": [{"rot": [[0.15160181997308175, -0.9809392532749097, -0.1215527439645529], [0.9853627228741157, 0.14028378436108757, 0.09685434536168683], [-0.07795635029270145, -0.13445683779486517, 0.9878482506029189]], "trans": [429.3220701725909, 357.10890677349744, 116.3999860185267]}], "rb_ScNup84_506-726_ScNup133C_882_1155_renamed_relative_3CQC_new_1.pdb_21": [{"rot": [[0.8006062954856639, -0.5991885198448915, 0.0016362502284432562], [0.5854161147109437, 0.7827806165378224, 0.211050891989136], [-0.1277400965455454, -0.16801078554293702, 0.9774737048513276]], "trans": [242.70774768916652, 95.32247271960318, 132.58925595650933]}], "rb_4XMM.renamed.noAb_Nup145c_149-550_Sec13_Nup84_7-436_3IKO_updated_1.pdb_21": [{"rot": [[0.996979340242311, -0.025810865806175608, 0.07325294762901527], [0.027378608259499303, 0.9994153446515941, -0.020478786211724616], [-0.07268154469861338, 0.022422490523316997, 0.9971031165225352]], "trans": [-11.409513805689471, -10.306658698792035, 30.154426894718085]}], "rb_4XMM.renamed.noAb_Nup145c_149-550_Sec13_Nup84_7-436_3IKO_updated_1.pdb_22": [{"rot": [[0.7246653400622074, 0.6867223313643528, 0.0572065076545515], [-0.6874620333835441, 0.7261685130147226, -0.008674293178492687], [-0.04749839543274349, -0.033041342458977614, 0.9983246827159089]], "trans": [-330.47455029009905, 141.1670247600672, 54.89013326311732]}], "rb_4XMM.renamed.noAb_Nup145c_149-550_Sec13_Nup84_7-436_3IKO_updated_1.pdb_23": [{"rot": [[0.028153099230429912, 0.9981344035083155, 0.05417670658887703], [-0.9995581320544524, 0.027593377794253804, 0.011051974742737187], [0.009536437884875647, -0.05446391498046464, 0.998470199013203]], "trans": [-449.3967830055034, 474.56431710853786, 62.78807461687069]}], "rb_4XMM.renamed.noAb_Nup145c_149-550_Sec13_Nup84_7-436_3IKO_updated_1.pdb_24": [{"rot": [[-0.6845306907511708, 0.7259957678535622, 0.06593844461645894], [-0.7260793925968168, -0.6870748968882554, 0.027144091663330847], [0.06501114570563295, -0.029295581999784433, 0.9974544199156827]], "trans": [-298.50797788447403, 794.5765003822434, 49.24553045116323]}], "rb_4XMM.renamed.noAb_Nup145c_149-550_Sec13_Nup84_7-436_3IKO_updated_1.pdb_25": [{"rot": [[-0.9958858168699343, 0.029729074321410292, 0.08560152976023362], [-0.027233516635146397, -0.9991735589011181, 0.030175068592355976], [0.08642786199474857, 0.027719692149485477, 0.9958724031411609]], "trans": [33.800988840202024, 913.7360422428422, 22.21991898932538]}], "rb_4XMM.renamed.noAb_Nup145c_149-550_Sec13_Nup84_7-436_3IKO_updated_1.pdb_26": [{"rot": [[-0.7235160561382108, -0.682782830656627, 0.10164704949347725], [0.687585727965361, -0.725870811446065, 0.01836931650801492], [0.06124037237435886, 0.08318155595533729, 0.9946509164225885]], "trans": [352.8607522440422, 762.2377197140349, -2.432770611989838]}], "rb_4XMM.renamed.noAb_Nup145c_149-550_Sec13_Nup84_7-436_3IKO_updated_1.pdb_27": [{"rot": [[-0.02697945480627023, -0.9941404267265552, 0.10467531211462752], [0.9996271487663795, -0.027271257551005623, -0.001357188557580928], [0.00420386340769182, 0.10459966758802336, 0.9945055239026679]], "trans": [471.76351752167693, 428.83150305472395, -10.246640280222152]}], "rb_4XMM.renamed.noAb_Nup145c_149-550_Sec13_Nup84_7-436_3IKO_updated_1.pdb_28": [{"rot": [[0.6856830248995578, -0.7219460439685064, 0.09291231868171165], [0.7260924816786396, 0.6873756338586248, -0.017448381793284083], [-0.051268873737802645, 0.07942699525774219, 0.9955213985696039]], "trans": [320.85628158374146, 108.83157180676812, 3.3797899130276505]}], "rb_4XMM.renamed.noAb_Seh1_Nup85_47_544_3F3F_1.pdb_28": [{"rot": [[0.7006284026285441, -0.6901995095495489, 0.18095435459731538], [0.27883869301245623, 0.4982861982872082, 0.8209505757812589], [-0.6567867421844583, -0.5247242148157806, 0.5415677923184528]], "trans": [453.44631073630796, -98.0882360602534, 728.5846461273497]}], "rb_4XMM.renamed.noAb_Seh1_Nup85_47_544_3F3F_1.pdb_29": [{"rot": [[0.6802992785411766, -0.14839810616650392, 0.717754062128905], [-0.33444116469024066, 0.8085421234681136, 0.4841577655458017], [-0.6521824890143743, -0.569418683100461, 0.5004201878013583]], "trans": [-48.99654802351438, -208.28793540760924, 769.2098649843183]}], "rb_4XMM.renamed.noAb_Seh1_Nup85_47_544_3F3F_1.pdb_30": [{"rot": [[0.23362218118055378, 0.4535513238149373, 0.8600650400557809], [-0.7534988201272563, 0.6435076052804803, -0.13467549893357625], [-0.6145406451385186, -0.6165948091022929, 0.49208803771361265]], "trans": [-482.0859294800528, 70.23344136300128, 802.4158706694805]}], "rb_4XMM.renamed.noAb_Seh1_Nup85_47_544_3F3F_1.pdb_31": [{"rot": [[-0.3777331476723977, 0.7630183168246836, 0.5245195109235908], [-0.7328443900306456, 0.09986219146533121, -0.6730279657758257], [-0.5659123334493666, -0.6386161530260269, 0.5214524330599337]], "trans": [-592.1100540765254, 574.3142613831212, 808.7741217489748]}], "rb_4XMM.renamed.noAb_Seh1_Nup85_47_544_3F3F_1.pdb_32": [{"rot": [[-0.7956261362654826, 0.5987127448730244, -0.09231522311006773], [-0.28457753077846726, -0.5039189691640852, -0.815525169134975], [-0.534784704593618, -0.6225823011001901, 0.5713112970084717]], "trans": [-314.6133249448977, 1008.6569895405815, 784.5838699902798]}], "rb_4XMM.renamed.noAb_Seh1_Nup85_47_544_3F3F_1.pdb_33": [{"rot": [[-0.7752491795897329, 0.05688712871780613, -0.6290886774785276], [0.3287007109166369, -0.8141323593966918, -0.47869023807266686], [-0.5393927624545372, -0.5778861098602498, 0.612456604048192]], "trans": [187.8446746249058, 1118.8176482434544, 744.0401108573751]}], "rb_4XMM.renamed.noAb_Seh1_Nup85_47_544_3F3F_1.pdb_34": [{"rot": [[-0.32853938618089135, -0.5450494459560561, -0.7713513941070385], [0.747723293846467, -0.6490506012254252, 0.1401541754222702], [-0.5770370417635817, -0.5307112383508594, 0.6207848531663962]], "trans": [620.9188771663638, 840.2626871534889, 710.9179550185067]}], "rb_4XMM.renamed.noAb_Seh1_Nup85_47_544_3F3F_1.pdb_35": [{"rot": [[0.282814348374055, -0.8544740463989118, -0.43576386769031433], [0.7270208807123097, -0.10538091623980397, 0.6784802882182722], [-0.6256649929171751, -0.5086933914679083, 0.5914172386013289]], "trans": [730.9102218236987, 336.1736468973173, 704.6448332876676]}], "rb_4XMM.renamed.noAb_Nup120_715-1036_Nup85_553-744_Nup145c_92-99_554-712_remaining_updated_1.pdb_35": [{"rot": [[0.9938460777122394, -0.024881992150715317, 0.10793915083328776], [0.01690535122799815, 0.9971004631593595, 0.07419484798320518], [-0.1094722929140407, -0.07191350939847564, 0.9913850232125457]], "trans": [-17.00126545393823, -31.177479543597656, 101.80984409013996]}], "rb_4XMM.renamed.noAb_Nup120_715-1036_Nup85_553-744_Nup145c_92-99_554-712_remaining_updated_1.pdb_36": [{"rot": [[0.7143331839675137, 0.6838839515842999, 0.14842790522094795], [-0.6947785770512712, 0.7184433511851921, 0.03349447728212951], [-0.08373070615638256, -0.1270507453863822, 0.9883558453023485]], "trans": [-347.735933488858, 134.47742609819807, 127.40669400954496]}], "rb_4XMM.renamed.noAb_Nup120_715-1036_Nup85_553-744_Nup145c_92-99_554-712_remaining_updated_1.pdb_37": [{"rot": [[0.014953834980695857, 0.9888175243594586, 0.14837886082256913], [-0.9995368783812364, 0.018716443535055027, -0.023994238835484558], [-0.026503048414574806, -0.14795133747632133, 0.9886394641949633]], "trans": [-464.9166196282085, 486.1761945588481, 135.07677799412835]}], "rb_4XMM.renamed.noAb_Nup120_715-1036_Nup85_553-744_Nup145c_92-99_554-712_remaining_updated_1.pdb_38": [{"rot": [[-0.6945856853629159, 0.7112843396796963, 0.10782074853824761], [-0.7188378427507546, -0.6921703711402037, -0.0645935998770414], [0.028685911496257495, -0.12237142412365816, 0.9920697319440694]], "trans": [-299.8953123446192, 817.8888451166478, 120.35085759872365]}], "rb_4XMM.renamed.noAb_Nup120_715-1036_Nup85_553-744_Nup145c_92-99_554-712_remaining_updated_1.pdb_39": [{"rot": [[-0.9986271215387967, 0.013867250348322435, 0.050513082413522155], [-0.01711892308856503, -0.9977695732997306, -0.06451992769340639], [0.049505702696013974, -0.06529607924716113, 0.9966371493354657]], "trans": [50.658093094013736, 935.2935467216445, 91.87958952762301]}], "rb_4XMM.renamed.noAb_Nup120_715-1036_Nup85_553-744_Nup145c_92-99_554-712_remaining_updated_1.pdb_40": [{"rot": [[-0.719058713250866, -0.6948769791233849, 0.010027501302349277], [0.6945430432304545, -0.7190568413697246, -0.02381638048853072], [0.023759797940821413, -0.010160844637844918, 0.9996660588606866]], "trans": [381.38638231798626, 769.6130865625181, 66.36584896294352]}], "rb_4XMM.renamed.noAb_Nup120_715-1036_Nup85_553-744_Nup145c_92-99_554-712_remaining_updated_1.pdb_41": [{"rot": [[-0.01965557598875023, -0.9997559858172642, 0.010081029466347709], [0.9992464419028977, -0.019306023564303443, 0.033672329864953866], [-0.0334694887464713, 0.010735281863345077, 0.9993820826122335]], "trans": [498.5461735702817, 417.90553109015264, 58.77994977240286]}], "rb_4XMM.renamed.noAb_Nup120_715-1036_Nup85_553-744_Nup145c_92-99_554-712_remaining_updated_1.pdb_42": [{"rot": [[0.6898620708551676, -0.7221673488180465, 0.05064230935230003], [0.7184917256685257, 0.6915589845595861, 0.07426850625116012], [-0.08865643429150584, -0.014848945283371901, 0.9959515778805151]], "trans": [333.5055225215118, 86.20624217197167, 73.58982356418505]}], "rb_4XMM.renamed.noAb_Nup120_2-711_3F7F_updated_1.pdb_42": [{"rot": [[0.9989523983516321, 0.0456454076145592, -0.0032561620386908872], [-0.04136216185093123, 0.9310715186588664, 0.362484480646122], [0.019577471607407314, -0.3619700594054323, 0.9319841193386765]], "trans": [-25.600212208066523, -43.6874556661337, 223.08583083053318]}], "rb_4XMM.renamed.noAb_Nup120_2-711_3F7F_updated_1.pdb_43": [{"rot": [[0.6794264627526988, 0.6815999342556367, 0.2716637836261318], [-0.7321451206607312, 0.6053421206803485, 0.31228903154433774], [0.04840665247708713, -0.41107474570074076, 0.9103155219170068]], "trans": [-360.25398489549525, 138.6772443006272, 248.91375661814456]}], "rb_4XMM.renamed.noAb_Nup120_2-711_3F7F_updated_1.pdb_44": [{"rot": [[-0.03352380722828591, 0.9018482173295002, 0.43075044660281225], [-0.9937467596131941, -0.07600726489059711, 0.0817940917311625], [0.10650601911251753, -0.425314811149873, 0.8987567965302685]], "trans": [-468.4282889070875, 504.96685890686706, 255.79498482291885]}], "rb_4XMM.renamed.noAb_Nup120_2-711_3F7F_updated_1.pdb_45": [{"rot": [[-0.7222420908376547, 0.5773657071106886, 0.3808086165976632], [-0.672917150026858, -0.713832560960174, -0.19397315307219443], [0.1598401433375937, -0.3963482246278044, 0.9040792074880406]], "trans": [-286.7511783559016, 840.6038840278643, 239.72239983836857]}], "rb_4XMM.renamed.noAb_Nup120_2-711_3F7F_updated_1.pdb_46": [{"rot": [[-0.9832675066092406, -0.10176116671122368, 0.15109492180750383], [0.04239719910510616, -0.9344867157541497, -0.3534643625417748], [0.17716514317011445, -0.34114402094803276, 0.9231648114052653]], "trans": [78.3502470891824, 948.9675346608637, 210.135553473078]}], "rb_4XMM.renamed.noAb_Nup120_2-711_3F7F_updated_1.pdb_47": [{"rot": [[-0.6636876855256862, -0.7376903057624395, -0.12382111639649362], [0.7331550561288709, -0.6087074141706306, -0.30324733734424497], [0.14833178942569158, -0.29204160100544, 0.9448329924002175]], "trans": [412.9963378115992, 766.57697313276, 184.39084240355442]}], "rb_4XMM.renamed.noAb_Nup120_2-711_3F7F_updated_1.pdb_48": [{"rot": [[0.049283007146784685, -0.9578854537858964, -0.28288980651828904], [0.9947007287141311, 0.07265923543460517, -0.07273991890037332], [0.09023106727809575, -0.2778058547465184, 0.956390224524702]], "trans": [521.1486086955421, 400.27927888881345, 177.5938862759375]}], "rb_4XMM.renamed.noAb_Nup120_2-711_3F7F_updated_1.pdb_49": [{"rot": [[0.7379762867538723, -0.6333531883178661, -0.23292646701600395], [0.6738170740664579, 0.7104590424530516, 0.20302339691082016], [0.0368991989815709, -0.30677628305376614, 0.9510661182432226]], "trans": [339.4518478494415, 64.65692280979613, 193.7504427280532]}]}
