{"rb_ScNup133N_56-480_renamed_1.pdb_0": [{"rot": [[0.6494574113682938, 0.12508752355066768, 0.75003878717754], [0.4846543775396215, 0.691965868638297, -0.5350638942886432], [-0.5859310583596642, 0.7110107932314442, 0.3887781459366198]], "trans": [-26.001771790749558, -76.70311648105042, 419.70871920533364]}], "rb_ScNup133N_56-480_renamed_1.pdb_1": [{"rot": [[0.7905206859458462, 0.5905645566423051, 0.16220526973432367], [-0.14876423296008745, 0.4420853973638296, -0.884550566349635], [-0.5940927941689782, 0.6751251779303901, 0.43733253485300355]], "trans": [-379.92732535190953, 126.94019064802288, 446.96919478845876]}], "rb_ScNup133N_56-480_renamed_1.pdb_2": [{"rot": [[0.4438114585033547, 0.7436882169399486, -0.4999592236230912], [-0.6965408436444358, -0.06472343386404578, -0.7145920026448259], [-0.5637927300313668, 0.6653861383388787, 0.4892842164532307]], "trans": [-486.7346868352705, 521.9404740664863, 453.6017782484769]}], "rb_ScNup133N_56-480_renamed_1.pdb_3": [{"rot": [[-0.1875631169232636, 0.4947565051976278, -0.8485493961665744], [-0.8377801923243214, -0.5315648657075202, -0.12475232620824067], [-0.5127810707495466, 0.6874989411700747, 0.5141991631371767]], "trans": [-283.8526845608186, 876.9011150389871, 435.74501357626957]}], "rb_ScNup133N_56-480_renamed_1.pdb_4": [{"rot": [[-0.7337349116675813, -0.010402871908869488, -0.6793562096987212], [-0.48974227706825135, -0.6849566049284971, 0.5394320637641309], [-0.47094116559520394, 0.7285095947349444, 0.4974818478366385]], "trans": [109.86945724210386, 983.881281933976, 403.8836501983838]}], "rb_ScNup133N_56-480_renamed_1.pdb_5": [{"rot": [[-0.8747487873460713, -0.4758604285233403, -0.09149541847632886], [0.1436873840321635, -0.43503960786780504, 0.8888725866265749], [-0.4627834209504152, 0.7643934799249711, 0.4489255095688164]], "trans": [463.7856697624089, 780.2106013591946, 376.70652892799535]}], "rb_ScNup133N_56-480_renamed_1.pdb_6": [{"rot": [[-0.5279968272906275, -0.6289445650294794, 0.5706558371653685], [0.6914367641460786, 0.07178122476674348, 0.7188620569748995], [-0.49308675865229706, 0.7741293108330561, 0.3969751359353706]], "trans": [570.5687588263697, 385.2023465471259, 370.1583955038942]}], "rb_ScNup133N_56-480_renamed_1.pdb_7": [{"rot": [[0.10338878109563435, -0.37997643577566587, 0.9192000153387605], [0.8326265531365029, 0.5386031030440901, 0.1289950402275245], [-0.5440990561980257, 0.7520137004380277, 0.3720639883110418]], "trans": [367.66559855802603, 30.258039578252124, 388.09924371578666]}], "rb_ScNup133C_490_881_renamed_relative_3CQC_1.pdb_7": [{"rot": [[0.7055329987353312, 0.3666551830692913, -0.6064545856236534], [-0.30023913617924597, 0.9298098408049518, 0.21286174162730984], [0.6419343025589712, 0.03190041803324706, 0.7660957606771053]], "trans": [259.1595538305879, 121.88252510070305, -295.6592210075461]}], "rb_ScNup133C_490_881_renamed_relative_3CQC_1.pdb_8": [{"rot": [[0.30120691686333434, 0.9160742147489743, -0.26473085635364824], [-0.6725583664164633, 0.40090048964571523, 0.6220482627297061], [0.6759731037525858, -0.009318287067767161, 0.736867377843001]], "trans": [-51.905778419479475, 25.18407679277459, -270.353665991892]}], "rb_ScNup133C_490_881_renamed_relative_3CQC_1.pdb_9": [{"rot": [[-0.24724512037988206, 0.9318899844273187, 0.26542589808153616], [-0.648910202362472, -0.36267608961787967, 0.6688659083025386], [0.7195730676715422, -0.006863741220070274, 0.6943828118107696]], "trans": [-340.10420215978115, 177.49381451537565, -248.08228758520374]}], "rb_ScNup133C_490_881_renamed_relative_3CQC_1.pdb_10": [{"rot": [[-0.6185321764035162, 0.40483739122439855, 0.6734423757235308], [-0.24314807195921428, -0.9136059704234506, 0.3258882414404396], [0.7471927206926248, 0.03782614800966036, 0.6635301203944739]], "trans": [-436.60310382621043, 489.5866631384845, -241.86796838336875]}], "rb_ScNup133C_490_881_renamed_relative_3CQC_1.pdb_11": [{"rot": [[-0.5951490586414337, -0.35632872431995155, 0.7202967709373207], [0.30702684755704335, -0.9291466604837754, -0.20596358462367054], [0.7426520806389754, 0.0985714133832105, 0.6623832452487283]], "trans": [-284.87015284879544, 778.6343482246972, -255.32713929553557]}], "rb_ScNup133C_490_881_renamed_relative_3CQC_1.pdb_12": [{"rot": [[-0.19079392718062338, -0.905706519277622, 0.3785411183596955], [0.6793143308673116, -0.4001942044377861, -0.6151232710706884], [0.7086111184770468, 0.13978662193651253, 0.6916140420048503]], "trans": [26.20926199454908, 875.3087770733305, -280.55122332586075]}], "rb_ScNup133C_490_881_renamed_relative_3CQC_1.pdb_13": [{"rot": [[0.35765628056181886, -0.9214627351355014, -0.15161930197467072], [0.6556231209949215, 0.36338359073314663, -0.6618993044283726], [0.6650115098188631, 0.13732732336460174, 0.7340986977688695]], "trans": [314.40234660810654, 722.9768229505877, -302.7395914886086]}], "rb_ScNup133C_490_881_renamed_relative_3CQC_1.pdb_14": [{"rot": [[0.7289116997424411, -0.3943671584813994, -0.5596090405719796], [0.2498318627291775, 0.9142720861709784, -0.31888962481372096], [0.6373945201708704, 0.09263420944701316, 0.7649491021605767]], "trans": [410.8834418420256, 410.8768092573042, -308.8699799568631]}], "rb_ScNup84_506-726_ScNup133C_882_1155_renamed_relative_3CQC_new_1.pdb_14": [{"rot": [[0.9828496642008935, 0.17473405664369496, 0.05894528843793253], [-0.18303070142225314, 0.9633304891702683, 0.196199212464912], [-0.02250110924090381, -0.20362312757595014, 0.9787907447453308]], "trans": [-60.02083282166382, 64.09599736317995, 80.48226023773856]}], "rb_ScNup84_506-726_ScNup133C_882_1155_renamed_relative_3CQC_new_1.pdb_15": [{"rot": [[0.5673038524564087, 0.7989889049835274, 0.19945693445288562], [-0.8233939868549939, 0.5462960616063597, 0.15356742976432292], [0.013736134796841853, -0.2513510349821658, 0.9677985202583432]], "trans": [-311.48912324155015, 230.93547387174578, 99.75532554421568]}], "rb_ScNup84_506-726_ScNup133C_882_1155_renamed_relative_3CQC_new_1.pdb_16": [{"rot": [[-0.17802714477207043, 0.9466009117402625, 0.2687992738398114], [-0.9812458423333197, -0.19129028358048922, 0.023761824662088732], [0.07391165420879248, -0.2595279200783639, 0.9629030720025356]], "trans": [-371.764448320118, 527.2435261875929, 103.1592018819504]}], "rb_ScNup84_506-726_ScNup133C_882_1155_renamed_relative_3CQC_new_1.pdb_17": [{"rot": [[-0.8165179201410402, 0.5310968820265092, 0.22635058645886327], [-0.5641144252068646, -0.8173400654123553, -0.11717564911386985], [0.12277378124860364, -0.22336364828111155, 0.9669722225919797]], "trans": [-205.53475940499482, 779.4388361157394, 88.72385539882816]}], "rb_ScNup84_506-726_ScNup133C_882_1155_renamed_relative_3CQC_new_1.pdb_18": [{"rot": [[-0.9741315747194255, -0.20411506494459622, 0.09697791190429295], [0.1836387988187119, -0.9651044943902078, -0.18668183220721601], [0.13169839294036279, -0.1640437599254716, 0.9776222062363565]], "trans": [89.82216123799003, 839.781951941587, 64.9297205042335]}], "rb_ScNup84_506-726_ScNup133C_882_1155_renamed_relative_3CQC_new_1.pdb_19": [{"rot": [[-0.5585358073026785, -0.8283374041489281, -0.043530412915121205], [0.8239694477887683, -0.5480210845403719, -0.1440390225246861], [0.0954573259180125, -0.1163186820206037, 0.98861411235202]], "trans": [341.28397830285877, 672.9231423716002, 45.739741817908964]}], "rb_ScNup84_506-726_ScNup133C_882_1155_renamed_relative_3CQC_new_1.pdb_20": [{"rot": [[0.18680752165614922, -0.9758918877456064, -0.11286263015278641], [0.9817627988744959, 0.18957682177103907, -0.014227979241922581], [0.0352811082422906, -0.10814643812677793, 0.9935087273505389]], "trans": [401.54272708065514, 376.61076755627175, 42.41968433418907]}], "rb_ScNup84_506-726_ScNup133C_882_1155_renamed_relative_3CQC_new_1.pdb_21": [{"rot": [[0.8252657807120388, -0.5603390187254783, -0.0704029493666154], [0.5645812821236246, 0.8155939708963221, 0.1267061581503214], [-0.013578183287695788, -0.14431444394563633, 0.989438716751709]], "trans": [235.2998962282512, 124.4289114620857, 56.93848944103431]}], "rb_4XMM.renamed.noAb_Nup145c_149-550_Sec13_Nup84_7-436_3IKO_updated_1.pdb_21": [{"rot": [[0.9993520141668135, -0.026457716256729265, 0.024403709373977577], [0.026601954812367507, 0.9996303923604959, -0.005604879067398521], [-0.024246397276542226, 0.00625043355918683, 0.9996864730001245]], "trans": [2.531081979928558, -11.926374634121544, 10.774425907877628]}], "rb_4XMM.renamed.noAb_Nup145c_149-550_Sec13_Nup84_7-436_3IKO_updated_1.pdb_22": [{"rot": [[0.7267574108610129, 0.6860956526585594, 0.0331122509295349], [-0.6868935567925195, 0.7258449534181017, 0.036419022974176374], [0.0009525731031378507, -0.04921238665719485, 0.9987878821871958]], "trans": [-322.1164826589878, 129.0806237518783, 36.006019702716515]}], "rb_4XMM.renamed.noAb_Nup145c_149-550_Sec13_Nup84_7-436_3IKO_updated_1.pdb_23": [{"rot": [[0.03099485419720771, 0.9971423328487518, 0.06889475345946686], [-0.9978398439928121, 0.026874811075016436, 0.05994489361138694], [0.057922057574745674, -0.0706039132812698, 0.9958213306992759]], "trans": [-452.36550553909666, 459.0398517658783, 44.82350417496508]}], "rb_4XMM.renamed.noAb_Nup145c_149-550_Sec13_Nup84_7-436_3IKO_updated_1.pdb_24": [{"rot": [[-0.6803481398788959, 0.7244667933002427, 0.1107893224484536], [-0.7240801874039293, -0.687813469805174, 0.05119094611017921], [0.11328852886508231, -0.045392688396129456, 0.9925246662263638]], "trans": [-311.9123592067441, 784.6566580073419, 32.08547749543578]}], "rb_4XMM.renamed.noAb_Nup145c_149-550_Sec13_Nup84_7-436_3IKO_updated_1.pdb_25": [{"rot": [[-0.9905568155012996, 0.027806209805656467, 0.13425352866932394], [-0.025986853866796864, -0.999545417178093, 0.01528536634742046], [0.13461752742502336, 0.011652196982240017, 0.9908291212996604]], "trans": [16.965436166477957, 915.1802429782306, 5.278060200359505]}], "rb_4XMM.renamed.noAb_Nup145c_149-550_Sec13_Nup84_7-436_3IKO_updated_1.pdb_26": [{"rot": [[-0.7179065565480739, -0.6847258249096507, 0.12554170927258432], [0.68748723871653, -0.7257040608522274, -0.026737850783190558], [0.10941422515927567, 0.06711304466630595, 0.9917279700444122]], "trans": [341.6085442132855, 774.1481670152299, -19.870579773037605]}], "rb_4XMM.renamed.noAb_Nup145c_149-550_Sec13_Nup84_7-436_3IKO_updated_1.pdb_27": [{"rot": [[-0.022119729082669348, -0.9957179982077631, 0.08975737089749838], [0.9983789069260336, -0.02670952852639341, -0.05026091215918044], [0.05244307190167625, 0.08850010808479025, 0.9946946541921761]], "trans": [471.838368111299, 444.17912556491586, -28.60400963132946]}], "rb_4XMM.renamed.noAb_Nup145c_149-550_Sec13_Nup84_7-436_3IKO_updated_1.pdb_28": [{"rot": [[0.6892019327714125, -0.7229867099810026, 0.04786348352336242], [0.7245634279520645, 0.6879573269400294, -0.04150367675132882], [-0.0029214274762123134, 0.06328454392955053, 0.997991248338945]], "trans": [331.366354119809, 118.57375246754657, -15.782058120980878]}], "rb_4XMM.renamed.noAb_Seh1_Nup85_47_544_3F3F_1.pdb_28": [{"rot": [[0.6683173098471695, -0.7120231059634989, 0.21534871704454242], [0.2382312284819013, 0.4791158099312084, 0.8448040734099016], [-0.7046969952643778, -0.5132943962757146, 0.4898275284396574]], "trans": [470.1550346191855, -76.9332458179365, 758.4923848059175]}], "rb_4XMM.renamed.noAb_Seh1_Nup85_47_544_3F3F_1.pdb_29": [{"rot": [[0.6278176066421888, -0.17715873969382134, 0.7579312856322575], [-0.3431425941813382, 0.8110255756190601, 0.47380446995598263], [-0.6986402599682984, -0.5575412959071866, 0.4483854262903284]], "trans": [-21.64573596401351, -203.38229044370797, 798.3484240768039]}], "rb_4XMM.renamed.noAb_Seh1_Nup85_47_544_3F3F_1.pdb_30": [{"rot": [[0.18936287660662268, 0.43514731448789945, 0.8802207198522594], [-0.7253403396136744, 0.6662172374916859, -0.17330892705819176], [-0.6618331305490683, -0.6056413189032855, 0.4417867134089757]], "trans": [-458.6613199997054, 56.10471322617175, 831.959983631982]}], "rb_4XMM.renamed.noAb_Seh1_Nup85_47_544_3F3F_1.pdb_31": [{"rot": [[-0.3901939171930003, 0.7661975365266481, 0.5105781448574482], [-0.6844651795526348, 0.12952156182166902, -0.7174479653628203], [-0.6158377424009973, -0.6294167935825727, 0.47389700884334734]], "trans": [-584.879913100784, 549.5167364703154, 839.6609428622255]}], "rb_4XMM.renamed.noAb_Seh1_Nup85_47_544_3F3F_1.pdb_32": [{"rot": [[-0.7713402331980683, 0.6220580385439941, -0.13445460695990769], [-0.24446235910173283, -0.48465755717446735, -0.8398483239586112], [-0.5875988424361982, -0.6149397116437283, 0.5259056487728226]], "trans": [-326.35897040721056, 987.8061757579549, 816.963976168119]}], "rb_4XMM.renamed.noAb_Seh1_Nup85_47_544_3F3F_1.pdb_33": [{"rot": [[-0.7307951853297571, 0.08716777082509877, -0.677008254623401], [0.33690826547912445, -0.8165253316632086, -0.4688061469350947], [-0.59365917642254, -0.5706909518133828, 0.5673452386048916]], "trans": [165.4582080450911, 1114.2170144684765, 777.1892915674869]}], "rb_4XMM.renamed.noAb_Seh1_Nup85_47_544_3F3F_1.pdb_34": [{"rot": [[-0.29231063431449866, -0.5251270058475348, -0.7992472213253251], [0.7190715849846645, -0.6716689400134306, 0.17831682671265753], [-0.630468515260114, -0.5225920615076665, 0.5739398823177124]], "trans": [602.4600978358106, 854.6961176876106, 743.661465023619]}], "rb_4XMM.renamed.noAb_Seh1_Nup85_47_544_3F3F_1.pdb_35": [{"rot": [[0.2872429872307999, -0.8561353779427265, -0.4295621968022626], [0.6781509383457367, -0.13494729892869486, 0.7224268345878638], [-0.6764634292461921, -0.4988200488620206, 0.5418263446398374]], "trans": [728.646743538162, 361.2746027894126, 736.0455749694536]}], "rb_4XMM.renamed.noAb_Nup120_715-1036_Nup85_553-744_Nup145c_92-99_554-712_remaining_updated_1.pdb_35": [{"rot": [[0.9950040697541758, -0.05890848120784122, 0.08060205961643835], [0.05061342520323588, 0.9935628907911658, 0.10134625415819469], [-0.08605336926479354, -0.09676038902612145, 0.9915806799013835]], "trans": [8.531063152615275, -56.689345220389555, 101.40761668991152]}], "rb_4XMM.renamed.noAb_Nup120_715-1036_Nup85_553-744_Nup145c_92-99_554-712_remaining_updated_1.pdb_36": [{"rot": [[0.7393809453301313, 0.6567759934595935, 0.14819282066916795], [-0.6704108043606628, 0.7384914164569994, 0.07197069692466904], [-0.06217050007205316, -0.1525638300335226, 0.9863362036781841]], "trans": [-347.62854561496454, 98.42055851931748, 129.08229823155358]}], "rb_4XMM.renamed.noAb_Nup120_715-1036_Nup85_553-744_Nup145c_92-99_554-712_remaining_updated_1.pdb_37": [{"rot": [[0.05031649696758855, 0.9832288635977199, 0.1752976095708258], [-0.998717338774089, 0.05052760572663273, 0.00326163939367842], [-0.005650430506703885, -0.17523687639269592, 0.9845100861785107]], "trans": [-490.2270810477242, 460.70121953554735, 138.72685628899075]}], "rb_4XMM.renamed.noAb_Nup120_715-1036_Nup85_553-744_Nup145c_92-99_554-712_remaining_updated_1.pdb_38": [{"rot": [[-0.6685256056739536, 0.7292094348941546, 0.1460380588052972], [-0.741979581055522, -0.6673096407843546, -0.06453018373541176], [0.050396585746891785, -0.1514973378564839, 0.9871720927819287]], "trans": [-335.7263971105396, 817.9236352428519, 124.71537766509431]}], "rb_4XMM.renamed.noAb_Nup120_715-1036_Nup85_553-744_Nup145c_92-99_554-712_remaining_updated_1.pdb_39": [{"rot": [[-0.9960375231934321, 0.04352587035739119, 0.07755482577069465], [-0.05059812967888278, -0.9945011425646498, -0.0916913666088743], [0.07313741630444838, -0.09525217082689298, 0.9927627824858627]], "trans": [25.366740425806142, 960.8219944790098, 95.2799890007779]}], "rb_4XMM.renamed.noAb_Nup120_715-1036_Nup85_553-744_Nup145c_92-99_554-712_remaining_updated_1.pdb_40": [{"rot": [[-0.7403581563898998, -0.6721387297686743, 0.00996635399227408], [0.670406012660929, -0.7393735044711814, -0.06231050532675637], [0.049250161979638336, -0.03945058720671262, 0.9980070504330231]], "trans": [381.52079351854667, 805.6845403317939, 67.6883609157648]}], "rb_4XMM.renamed.noAb_Nup120_715-1036_Nup85_553-744_Nup145c_92-99_554-712_remaining_updated_1.pdb_41": [{"rot": [[-0.051268083415938026, -0.9985379518593314, -0.017133076764713692], [0.9986584532228451, -0.05138409419880052, 0.006400677301733243], [-0.007271686833778562, -0.016781941482973503, 0.9998327305157854]], "trans": [524.0976094330699, 443.3930976739267, 58.12806308539825]}], "rb_4XMM.renamed.noAb_Nup120_715-1036_Nup85_553-744_Nup145c_92-99_554-712_remaining_updated_1.pdb_42": [{"rot": [[0.6675540148102781, -0.7444625293848416, 0.01213176213914845], [0.7418642839662829, 0.666433191064248, 0.07419020166515031], [-0.06331683414283448, -0.04052584594854668, 0.9971703135995784]], "trans": [369.5755924128073, 86.18321871890748, 72.2236576800928]}], "rb_4XMM.renamed.noAb_Nup120_2-711_3F7F_updated_1.pdb_42": [{"rot": [[0.9819741308454732, 0.18900469072296083, 0.0020082915617041022], [-0.1768779662474219, 0.9151199326606865, 0.3623115978039866], [0.06664076384957451, -0.3561358388758702, 0.9320548658001453]], "trans": [-100.73517736118572, 48.01618934549481, 191.31383054601375]}], "rb_4XMM.renamed.noAb_Nup120_2-711_3F7F_updated_1.pdb_43": [{"rot": [[0.5727830117433107, 0.7721029878699097, 0.2752754939703528], [-0.8132918488795589, 0.4933643554089556, 0.30846066419881735], [0.10235228382567878, -0.4005603436865225, 0.9105357879080888]], "trans": [-349.4982999772776, 254.6432480581351, 210.1776918527044]}], "rb_4XMM.renamed.noAb_Nup120_2-711_3F7F_updated_1.pdb_44": [{"rot": [[-0.16526898181926042, 0.8872743294674164, 0.4306163349393197], [-0.9728599214959468, -0.2183643892716861, 0.07655433785818128], [0.16195597178037616, -0.40627731633226943, 0.8992824947915553]], "trans": [-379.8140740710406, 577.1550189724717, 211.06611300177502]}], "rb_4XMM.renamed.noAb_Nup120_2-711_3F7F_updated_1.pdb_45": [{"rot": [[-0.7998205854801763, 0.46704971969174536, 0.3770299595231262], [-0.5621049572480818, -0.8031255673720183, -0.1975533853683757], [0.21053514689780456, -0.369937673627918, 0.9048873242296435]], "trans": [-173.9211783866705, 826.6196760660953, 193.48264925854843]}], "rb_4XMM.renamed.noAb_Nup120_2-711_3F7F_updated_1.pdb_46": [{"rot": [[-0.9591425226372616, -0.2423973398835175, 0.1459080220084721], [0.17834699416264058, -0.9183578356282559, -0.3532863362958391], [0.21963144342780552, -0.3128296906586397, 0.9240668881094262]], "trans": [147.56733903336385, 856.8974225570762, 167.75194651183193]}], "rb_4XMM.renamed.noAb_Nup120_2-711_3F7F_updated_1.pdb_47": [{"rot": [[-0.5499017560645815, -0.8254627585556432, -0.12735498778923934], [0.8147287392273045, -0.49655650652091204, -0.2994139564362927], [0.18391612260532328, -0.26840802907039724, 0.9455855274782754]], "trans": [396.3208850355741, 650.2512444299512, 148.9714181347473]}], "rb_4XMM.renamed.noAb_Nup120_2-711_3F7F_updated_1.pdb_48": [{"rot": [[0.1881627028847792, -0.9405785928440975, -0.28267774572207083], [0.9742388787044247, 0.2151812539601905, -0.06749544551201499], [0.1243117229541916, -0.2626955245670116, 0.9568373199811047]], "trans": [426.6180382861311, 327.73750333788144, 148.16696735722746]}], "rb_4XMM.renamed.noAb_Nup120_2-711_3F7F_updated_1.pdb_49": [{"rot": [[0.8226822874494136, -0.5203083638894402, -0.22906999014208262], [0.5634341237953372, 0.799909430222799, 0.20660806272654825], [0.07573534221207834, -0.29903864283287956, 0.9512308069194818]], "trans": [220.71221256026143, 78.2894130515308, 165.83385768868618]}]}
