{"rb_ScNup133N_56-480_renamed_1.pdb_0": [{"rot": [[-0.7574269698147081, -0.32209545326660133, 0.567942694628862], [0.25121450781358073, -0.9466521780890096, -0.20184381284378186], [0.6026571632871301, -0.010206503040604387, 0.7979349414798129]], "trans": [966.971002049747, 294.8509564234323, -279.10708480863144]}], "rb_ScNup133N_56-480_renamed_1.pdb_1": [{"rot": [[-0.34795424058479646, -0.8959287559130599, 0.2761150318022101], [0.7461534604859751, -0.4429642416652017, -0.49702886637576515], [0.5676115395795465, 0.03308088472291251, 0.8226316278882593]], "trans": [572.1596717406358, -350.3965409730914, -244.4575050378171]}], "rb_ScNup133N_56-480_renamed_1.pdb_2": [{"rot": [[0.2905722018222909, -0.9467927685454796, -0.13838803762656787], [0.8055245191671767, 0.3201037304496039, -0.4986620606911423], [0.5164281601042249, 0.033422375472635796, 0.8556780354018276]], "trans": [-161.94648574934445, -526.4063840551511, -185.04708937906543]}], "rb_ScNup133N_56-480_renamed_1.pdb_3": [{"rot": [[0.784094564221644, -0.444890635381211, -0.4327447710928149], [0.3945472805498106, 0.8955357609321476, -0.20578664753192555], [0.47909097024345954, -0.009382080887642141, 0.8777151125447246]], "trans": [-805.2958191264792, -130.06940821130922, -135.65529211094758]}], "rb_ScNup133N_56-480_renamed_1.pdb_4": [{"rot": [[0.8435004880544121, 0.3157562971520394, -0.43451684370206145], [-0.24602199420500576, 0.9462356527341249, 0.21002682652989013], [0.47747262227206366, -0.0702570302792357, 0.8758332288038526]], "trans": [-981.0033043335783, 606.4347145529313, -125.19251959628173]}], "rb_ScNup133N_56-480_renamed_1.pdb_5": [{"rot": [[0.4339891455158337, 0.889550330854545, -0.14266615033358737], [-0.7409287919191269, 0.442502694369464, 0.505188965418909], [0.5125211672503873, -0.11354106901176297, 0.8511348182091755]], "trans": [-586.1351057215182, 1251.6516012093268, -159.76400659806512]}], "rb_ScNup133N_56-480_renamed_1.pdb_6": [{"rot": [[-0.20454194482506222, 0.9403548302875033, 0.2718370577425788], [-0.8002497323057733, -0.3205692445171043, 0.5067896263877856], [0.5637046733456443, -0.11387779689076344, 0.8180885579346449]], "trans": [147.9913316604196, 1427.6042187916391, -219.09328367149988]}], "rb_ScNup133N_56-480_renamed_1.pdb_7": [{"rot": [[-0.6980322669582049, 0.43840780333964474, 0.5661709567401849], [-0.3892337720611874, -0.8959618628114896, 0.21389111967163232], [0.601039120999797, -0.07106995397685538, 0.7960534132013496]], "trans": [791.316302950393, 1031.2171597834208, -268.4004188629741]}], "rb_ScNup133C_490_881_renamed_relative_3CQC_1.pdb_7": [{"rot": [[0.7930210328206905, 0.35835914114631073, -0.4926422306916875], [-0.30074917283004954, 0.9335615080826293, 0.19496883255670927], [0.529780687215044, -0.006452641580290408, 0.8481101266171688]], "trans": [176.33139145376242, 126.83369203946724, -248.6980385427297]}], "rb_ScNup133C_490_881_renamed_relative_3CQC_1.pdb_8": [{"rot": [[0.3606541233308392, 0.9120794863702028, -0.19503746785458634], [-0.7410373736414136, 0.4071909404214343, 0.5339093077530507], [0.5663852171367979, -0.04802654038521745, 0.8227400787779378]], "trans": [-106.20724539490124, 89.76426882286097, -225.95636115313624]}], "rb_ScNup133C_490_881_renamed_relative_3CQC_1.pdb_9": [{"rot": [[-0.25554393332992276, 0.932727432206057, 0.2543950379794482], [-0.7455401109928377, -0.3576423347991662, 0.5623716771497174], [0.6155219257175627, -0.045951034479040864, 0.7867790422928452]], "trans": [-332.1947362330616, 263.98541838220626, -208.75018867644496]}], "rb_ScNup133C_490_881_renamed_relative_3CQC_1.pdb_10": [{"rot": [[-0.6945956271771211, 0.4082071208471937, 0.5923713878945062], [-0.3116196178552608, -0.912888200805763, 0.2636822834347335], [0.6484058362431356, -0.0014419844862323394, 0.7612934993854725]], "trans": [-369.24250916484027, 547.4360515826094, -207.13513465534703]}], "rb_ScNup133C_490_881_renamed_relative_3CQC_1.pdb_11": [{"rot": [[-0.6992982853261848, -0.3542100535759746, 0.6209002706438129], [0.30652736261237107, -0.9332758003249819, -0.18718241503321179], [0.6457730902644976, 0.05942658052981617, 0.7612132404371139]], "trans": [-195.64554309393873, 774.0669076365252, -222.0333156064769]}], "rb_ScNup133C_490_881_renamed_relative_3CQC_1.pdb_12": [{"rot": [[-0.2668970243259121, -0.9078893602041966, 0.3232690644555779], [0.7467816133796945, -0.406861790093311, -0.5260995206993477], [0.6091659874976527, 0.10099699693593656, 0.7865852822713685]], "trans": [86.90252487735069, 811.1145523676792, -244.69316216312438]}], "rb_ScNup133C_490_881_renamed_relative_3CQC_1.pdb_13": [{"rot": [[0.3493014002719571, -0.9284776543364367, -0.12616567348512342], [0.7512359867622761, 0.35797308025799246, -0.5545266143332623], [0.5600294849035681, 0.09891672865855244, 0.8225463250359405]], "trans": [312.88296594295235, 636.87606991595, -261.8162118073827]}], "rb_ScNup133C_490_881_renamed_relative_3CQC_1.pdb_14": [{"rot": [[0.7883192629402039, -0.40391402297508144, -0.4641187366628235], [0.31728104802593465, 0.9131777595054628, -0.25581070366218817], [0.5271484385265449, 0.054404426186337784, 0.8480298828286402]], "trans": [349.9151647416817, 353.42293685934305, -263.3475357214585]}], "rb_ScNup84_506-726_ScNup133C_882_1155_renamed_relative_3CQC_new_1.pdb_14": [{"rot": [[0.9810042598706947, 0.16824638126470684, 0.09655981206941819], [-0.18454009387439865, 0.9628413319121758, 0.19718398341248597], [-0.05979628640959725, -0.21125748448970585, 0.9755996511780347]], "trans": [-68.13799920737085, 64.3906560055587, 105.32891825805939]}], "rb_ScNup84_506-726_ScNup133C_882_1155_renamed_relative_3CQC_new_1.pdb_15": [{"rot": [[0.564194172791101, 0.7938937447720354, 0.2267546193584574], [-0.8253088739566493, 0.5500827255640383, 0.1275705985109648], [-0.02345629887625658, -0.25911718786655663, 0.9655610208553133]], "trans": [-316.5447983110539, 238.29565903200216, 124.32358662687875]}], "rb_ScNup84_506-726_ScNup133C_882_1155_renamed_relative_3CQC_new_1.pdb_16": [{"rot": [[-0.18231696073815057, 0.9455047682450427, 0.26978001974403276], [-0.9825505210833964, -0.18546917288075887, -0.013987831485703373], [0.036810315754539885, -0.2676227179011793, 0.9628203786362417]], "trans": [-369.67408415988643, 537.4260800327188, 127.14414723307186]}], "rb_ScNup84_506-726_ScNup133C_882_1155_renamed_relative_3CQC_new_1.pdb_17": [{"rot": [[-0.8212123928886419, 0.5342635764178102, 0.2004311270221288], [-0.5641506612605672, -0.8129176900314861, -0.1445643823116075], [0.0856985248728053, -0.23179141517131846, 0.9689832313758076]], "trans": [-196.400058641428, 786.5472174417328, 112.16228080481284]}], "rb_ScNup84_506-726_ScNup133C_882_1155_renamed_relative_3CQC_new_1.pdb_18": [{"rot": [[-0.9782181710810215, -0.19891894203646462, 0.05933350036862426], [0.1847861681896015, -0.9646946375171551, -0.18766546936356623], [0.0945689262533112, -0.17261376203749498, 0.9804392930429489]], "trans": [101.77282427111231, 839.7205131519851, 88.17858084127909]}], "rb_ScNup84_506-726_ScNup133C_882_1155_renamed_relative_3CQC_new_1.pdb_19": [{"rot": [[-0.5613580966687215, -0.8245341299337573, -0.0708558810463221], [0.8255222125659055, -0.551886939445702, -0.11804186812121484], [0.058225113694697815, -0.12475686211041193, 0.9904774411825852]], "trans": [350.1725988691832, 665.7964175881201, 69.2670418524645]}], "rb_ScNup84_506-726_ScNup133C_882_1155_renamed_relative_3CQC_new_1.pdb_20": [{"rot": [[0.18516532103048344, -0.9760877890296846, -0.11387024191955679], [0.9827052626944806, 0.1836768340640732, 0.02351993411489977], [-0.002042194958442073, -0.11625596214964343, 0.9932171870766288]], "trans": [403.285088095677, 366.66223505637686, 66.53031493190304]}], "rb_ScNup84_506-726_ScNup133C_882_1155_renamed_relative_3CQC_new_1.pdb_21": [{"rot": [[0.82402813794821, -0.5647976489192591, -0.04451116314905062], [0.5642552715290005, 0.8110930530409379, 0.15409103757345016], [-0.05092756052804715, -0.15209100921489715, 0.9870535489499312]], "trans": [229.9981602148789, 117.55510427100421, 81.59561819869592]}], "rb_4XMM.renamed.noAb_Nup145c_149-550_Sec13_Nup84_7-436_3IKO_updated_1.pdb_21": [{"rot": [[0.9939803197139266, -0.009771268984240473, 0.1091221623861882], [0.011607355720727474, 0.9998013390422523, -0.016203448475285268], [-0.10894215581937279, 0.017372528651763666, 0.9938962732265731]], "trans": [-26.812204471348764, -1.019396533102963, 52.00282796783148]}], "rb_4XMM.renamed.noAb_Nup145c_149-550_Sec13_Nup84_7-436_3IKO_updated_1.pdb_22": [{"rot": [[0.7107038020847809, 0.698265764807705, 0.08558637391399654], [-0.6985888623004056, 0.7148464472920257, -0.031115241663741553], [-0.08290782334653643, -0.03767596702778807, 0.9958447742175784]], "trans": [-334.4148198906654, 159.84775590374315, 75.77920473937951]}], "rb_4XMM.renamed.noAb_Nup145c_149-550_Sec13_Nup84_7-436_3IKO_updated_1.pdb_23": [{"rot": [[0.009710869598885286, 0.9982444674810013, 0.05842672466607036], [-0.9996258757949886, 0.011185201349990292, -0.024959962176676665], [-0.025569658831012983, -0.05816248287626247, 0.9979796180949456]], "trans": [-438.60752731227944, 491.75361152558395, 82.51036826538399]}], "rb_4XMM.renamed.noAb_Nup145c_149-550_Sec13_Nup84_7-436_3IKO_updated_1.pdb_24": [{"rot": [[-0.6983469338931749, 0.7144330853099237, 0.04355372012289924], [-0.7151519576360046, -0.6989677192874421, -0.0013434595270540028], [0.029482832485884264, -0.03208572904974979, 0.9990501832140137]], "trans": [-278.3508562721708, 800.2631570317601, 68.27711294409261]}], "rb_4XMM.renamed.noAb_Nup145c_149-550_Sec13_Nup84_7-436_3IKO_updated_1.pdb_25": [{"rot": [[-0.9986793634907217, 0.013092327710778123, 0.049680176055236794], [-0.01181594016323244, -0.9995947205546825, 0.02589938604029012], [0.04999912495058931, 0.025278164377949903, 0.9984293174330647]], "trans": [52.47648905456691, 904.6472674753418, 41.44148533280412]}], "rb_4XMM.renamed.noAb_Nup145c_149-550_Sec13_Nup84_7-436_3IKO_updated_1.pdb_26": [{"rot": [[-0.7153474472482547, -0.6949225006101736, 0.0732171281948911], [0.6983580205499313, -0.7145842662686637, 0.040809331467883], [0.023960485157554265, 0.08032461980599276, 0.9964807326807857]], "trans": [360.07309844922526, 743.7563759377006, 17.748179369747504]}], "rb_4XMM.renamed.noAb_Nup145c_149-550_Sec13_Nup84_7-436_3IKO_updated_1.pdb_27": [{"rot": [[-0.014331016680630415, -0.9948463302134389, 0.10037629810742746], [0.9993400048648697, -0.010899499197541185, 0.03465192049401022], [-0.03337928455763989, 0.1008066474896098, 0.9943459373801071]], "trans": [464.2464543554851, 411.84275203833727, 11.101072664881599]}], "rb_4XMM.renamed.noAb_Nup145c_149-550_Sec13_Nup84_7-436_3IKO_updated_1.pdb_28": [{"rot": [[0.693704618853966, -0.7109795527914277, 0.11524746111378628], [0.7148105225239129, 0.6992311221532059, 0.01103425128666121], [-0.08842973860507947, 0.07472558681514777, 0.9932755247187799]], "trans": [303.97224937840474, 103.34619343477539, 25.418138951308265]}], "rb_4XMM.renamed.noAb_Seh1_Nup85_47_544_3F3F_1.pdb_28": [{"rot": [[0.6851682238336473, -0.6917342871272929, 0.22814070452494759], [0.2674194453468021, 0.5302366908529482, 0.8045718687126231], [-0.6775185202627692, -0.49025781756725656, 0.5482845310740919]], "trans": [447.52816575583665, -105.19641396240957, 717.467293392685]}], "rb_4XMM.renamed.noAb_Seh1_Nup85_47_544_3F3F_1.pdb_29": [{"rot": [[0.6608786099620706, -0.126280041350468, 0.7397924128099204], [-0.33281406966238036, 0.8342012024709554, 0.43970802679820875], [-0.6726620681511363, -0.5368069531521868, 0.5092779566387103]], "trans": [-58.423140611182305, -209.78358193222192, 758.3448496329684]}], "rb_4XMM.renamed.noAb_Seh1_Nup85_47_544_3F3F_1.pdb_30": [{"rot": [[0.2205962771908579, 0.4879658361407042, 0.8445274567762945], [-0.7398409215984805, 0.6479415300568898, -0.181127536161253], [-0.6355884621497182, -0.5848599117626702, 0.5039505832868103]], "trans": [-490.03804304134866, 75.19357651365061, 791.4019197833958]}], "rb_4XMM.renamed.noAb_Seh1_Nup85_47_544_3F3F_1.pdb_31": [{"rot": [[-0.3777551759617224, 0.791169449445022, 0.4809905709044476], [-0.7152190415187182, 0.08057121597229155, -0.6942405936026717], [-0.5880159433919898, -0.6062665926979687, 0.5354232614438983]], "trans": [-594.4685325816827, 582.7915405748614, 797.2972109463446]}], "rb_4XMM.renamed.noAb_Seh1_Nup85_47_544_3F3F_1.pdb_32": [{"rot": [[-0.7836530314833996, 0.605709846717869, -0.137853211191801], [-0.27337227394232816, -0.5355362098706531, -0.7990422815827547], [-0.5578131641387432, -0.5884866604319838, 0.585258852480791]], "trans": [-310.5358426502907, 1015.6523825682397, 772.6011833361404]}], "rb_4XMM.renamed.noAb_Seh1_Nup85_47_544_3F3F_1.pdb_33": [{"rot": [[-0.7593166024498119, 0.04023187821720986, -0.6494764762631415], [0.32685931464501794, -0.8394563302984424, -0.4341382935789687], [-0.5626733383357174, -0.541935849983174, 0.6242629644862422]], "trans": [195.43016687935352, 1120.2002347113712, 731.8051230420165]}], "rb_4XMM.renamed.noAb_Seh1_Nup85_47_544_3F3F_1.pdb_34": [{"rot": [[-0.319002512132485, -0.5739994888699138, -0.7541631017427456], [0.733851596383454, -0.6531484534907799, 0.18670546908983743], [-0.5997493074098689, -0.4938842824788795, 0.62958643868948]], "trans": [627.0293868433143, 835.1896078892742, 698.8319423099073]}], "rb_4XMM.renamed.noAb_Seh1_Nup85_47_544_3F3F_1.pdb_35": [{"rot": [[0.27934703693201807, -0.8771588590415885, -0.3905861863432416], [0.709182754039431, -0.08575436062265712, 0.6997899763552234], [-0.6473214459063956, -0.47248124369021777, 0.5981107088412606]], "trans": [731.4268219769654, 327.5838627393512, 693.0218002357176]}], "rb_4XMM.renamed.noAb_Nup120_715-1036_Nup85_553-744_Nup145c_92-99_554-712_remaining_updated_1.pdb_35": [{"rot": [[0.9944327490087791, -0.06175174344031712, 0.08538284301264969], [0.05959211523563319, 0.997840698316233, 0.027617396428962753], [-0.08690389807473854, -0.022375499231362884, 0.9959653857105485]], "trans": [9.671767673996328, -40.97190415951161, 60.269087307895916]}], "rb_4XMM.renamed.noAb_Nup120_715-1036_Nup85_553-744_Nup145c_92-99_554-712_remaining_updated_1.pdb_36": [{"rot": [[0.7452889814198691, 0.6592466114501582, 0.09969071905456664], [-0.6637083175703239, 0.747804588057966, 0.01672026517206402], [-0.06352639893857137, -0.07862698882024002, 0.9948779790843487]], "trans": [-336.5524873020489, 106.36088711924026, 87.18969895678444]}], "rb_4XMM.renamed.noAb_Nup120_715-1036_Nup85_553-744_Nup145c_92-99_554-712_remaining_updated_1.pdb_37": [{"rot": [[0.05920333099820008, 0.9930077366159984, 0.10213031195236769], [-0.9982198806079314, 0.05963044429459363, -0.0011314028083998645], [-0.007213567619635264, -0.10188152498858535, 0.9947703852187175]], "trans": [-477.60512391400863, 456.09684069136495, 96.77207523133117]}], "rb_4XMM.renamed.noAb_Nup120_715-1036_Nup85_553-744_Nup145c_92-99_554-712_remaining_updated_1.pdb_38": [{"rot": [[-0.6619055544315435, 0.7440096589031892, 0.09127247378826109], [-0.74798098363672, -0.6635396163018741, -0.01547984870095468], [0.04904574528451541, -0.07851627256002217, 0.9957056341172147]], "trans": [-330.8536054531571, 803.3558204725465, 83.42672989958794]}], "rb_4XMM.renamed.noAb_Nup120_715-1036_Nup85_553-744_Nup145c_92-99_554-712_remaining_updated_1.pdb_39": [{"rot": [[-0.9956019221493335, 0.05811896310879049, 0.07347787925429866], [-0.05958510087087295, -0.9980623755361717, -0.0179195505886547], [0.07229404101831727, -0.022218925857262074, 0.9971358437880915]], "trans": [17.73487270899267, 944.7087365505326, 54.99555932744539]}], "rb_4XMM.renamed.noAb_Nup120_715-1036_Nup85_553-744_Nup145c_92-99_554-712_remaining_updated_1.pdb_40": [{"rot": [[-0.7464017348273038, -0.6628599101120284, 0.059170852732258444], [0.6636957531834297, -0.7479696842779429, -0.0070212967058886615], [0.0489121401399393, 0.03403073562862957, 0.9982231772401916]], "trans": [363.95417830677474, 797.3491744059023, 28.157949016756334]}], "rb_4XMM.renamed.noAb_Nup120_715-1036_Nup85_553-744_Nup145c_92-99_554-712_remaining_updated_1.pdb_41": [{"rot": [[-0.060289975921340666, -0.9965673710243997, 0.0567326520878256], [0.9981534559611355, -0.05976936737320482, 0.010830562157439348], [-0.007402510131262228, 0.057280867078990515, 0.9983306592058732]], "trans": [504.98607376806405, 447.6025601079857, 18.65975439901439]}], "rb_4XMM.renamed.noAb_Nup120_715-1036_Nup85_553-744_Nup145c_92-99_554-712_remaining_updated_1.pdb_42": [{"rot": [[0.6607994120256423, -0.7475128837506572, 0.06759160963713792], [0.747857969321455, 0.6633811259107788, 0.025178155367981805], [-0.06365999362984867, 0.03391121366334586, 0.997395325234144]], "trans": [358.2139995211741, 100.35550853494362, 32.08915670702345]}], "rb_4XMM.renamed.noAb_Nup120_2-711_3F7F_updated_1.pdb_42": [{"rot": [[0.9711287820765219, 0.20239346162768712, 0.12627658259920693], [-0.23456280737469137, 0.9065704657359507, 0.3508707455058143], [-0.04346467553169825, -0.37036046946949464, 0.9278706508103708]], "trans": [-137.90162163561843, 92.14244811603237, 270.34807030600155]}], "rb_4XMM.renamed.noAb_Nup120_2-711_3F7F_updated_1.pdb_43": [{"rot": [[0.5222503964998286, 0.7752863575699124, 0.35522610703853175], [-0.8527793596114098, 0.4770637797635742, 0.21255002671946766], [-0.0046783732777783416, -0.41393382780786425, 0.9102949516611656]], "trans": [-343.1761694620873, 316.59079137750626, 285.65891395444146]}], "rb_4XMM.renamed.noAb_Nup120_2-711_3F7F_updated_1.pdb_44": [{"rot": [[-0.23104785302713027, 0.8777750363720433, 0.41967591679010147], [-0.9713328452847907, -0.2329043489899164, -0.04762423639846336], [0.05594098034989298, -0.41864847992515364, 0.9064237733940189]], "trans": [-330.1674841079706, 620.8501613907133, 283.1829139681001]}], "rb_4XMM.renamed.noAb_Nup120_2-711_3F7F_updated_1.pdb_45": [{"rot": [[-0.8474732304261444, 0.44982018490142045, 0.2818704045591289], [-0.5207729608832192, -0.8074245801501114, -0.2772382920563848], [0.10288171326333971, -0.3817425161344597, 0.9185249068214382]], "trans": [-106.49432353690923, 826.6812459399797, 264.39455095176265]}], "rb_4XMM.renamed.noAb_Nup120_2-711_3F7F_updated_1.pdb_46": [{"rot": [[-0.96591505801905, -0.2578762106870593, 0.0225379824682405], [0.23495596041649333, -0.9099348615681091, -0.3417809888917014], [0.10864528225753074, -0.32483597039846046, 0.9395093373556603]], "trans": [196.81433433626853, 813.5054102732322, 240.32431777750446]}], "rb_4XMM.renamed.noAb_Nup120_2-711_3F7F_updated_1.pdb_47": [{"rot": [[-0.516988443172154, -0.8307356233384869, -0.20640076003456997], [0.8531372607391855, -0.48038322499427866, -0.20344230504625954], [0.06985530734934607, -0.28126549959159913, 0.9570840897092672]], "trans": [402.07791441664295, 589.0413614985137, 225.09690133028056]}], "rb_4XMM.renamed.noAb_Nup120_2-711_3F7F_updated_1.pdb_48": [{"rot": [[0.23631907327196255, -0.9331689318039376, -0.2708302795548869], [0.9716316179994895, 0.22959292418835442, 0.056737007907838685], [0.00923550277864657, -0.27655529985617333, 0.9609536261495074]], "trans": [389.05203061591556, 284.7834211263216, 227.6567417726329]}], "rb_4XMM.renamed.noAb_Nup120_2-711_3F7F_updated_1.pdb_49": [{"rot": [[0.8527093265443546, -0.5051692596747016, -0.1330068551014834], [0.5210233669438823, 0.8040795471249005, 0.28634023991377006], [-0.037702195197807625, -0.3134646726110118, 0.9488511176692249]], "trans": [165.36934266877773, 78.97029745882514, 246.52825338086794]}]}
