{"rb_ScNup133N_56-480_renamed_1.pdb_0": [{"rot": [[0.6749499339411132, 0.08718093692396423, 0.7326950736219988], [0.5021479799685334, 0.6733040382310559, -0.5426869063422056], [-0.5406385048129738, 0.7342078427385615, 0.41066878475820323]], "trans": [-23.488652458786078, -84.52788349504067, 381.70491543537935]}], "rb_ScNup133N_56-480_renamed_1.pdb_1": [{"rot": [[0.8218216041474907, 0.5509931702073021, 0.14496819424050275], [-0.15175190678303158, 0.45694094410114955, -0.876456691680578], [-0.5491635546393798, 0.6982918444238462, 0.45913820388526116]], "trans": [-384.41334696311867, 117.44715678355809, 409.53138279661016]}], "rb_ScNup133N_56-480_renamed_1.pdb_2": [{"rot": [[0.4647839224189237, 0.726565387108158, -0.5060421363061097], [-0.7181252987610992, -0.024996214340443662, -0.6954647687323403], [-0.5179497666185023, 0.686642503436117, 0.5101471471397444]], "trans": [-497.3476153178202, 516.2331514893524, 416.63389939926634]}], "rb_ScNup133N_56-480_renamed_1.pdb_3": [{"rot": [[-0.1870054030566799, 0.5110449073977528, -0.8389648871379719], [-0.8651826770800903, -0.49018185436470396, -0.1057387579466843], [-0.46528261788738245, 0.7060841679816943, 0.5338138563370771]], "trans": [-296.1310574082604, 878.215758836342, 398.8757157732142]}], "rb_ScNup133N_56-480_renamed_1.pdb_4": [{"rot": [[-0.7517189951862224, 0.03068666692920549, -0.6587692166069926], [-0.5067757560117058, -0.6661036689278954, 0.5472515284214009], [-0.42201526677950735, 0.7452276368423082, 0.5162740395288616]], "trans": [101.36274332793857, 991.3405802810762, 366.6838311781708]}], "rb_ScNup133N_56-480_renamed_1.pdb_5": [{"rot": [[-0.8985396692385693, -0.43310870397981804, -0.07101628926917403], [0.1471356365446073, -0.44970417856131545, 0.8809751734544532], [-0.41349433764352067, 0.7811421140365004, 0.46780276871276777]], "trans": [462.2782270961846, 789.3376171564269, 338.9407104166719]}], "rb_ScNup133N_56-480_renamed_1.pdb_6": [{"rot": [[-0.5414578041823515, -0.6086433375360826, 0.5799799427247143], [0.7134809866787263, 0.032246744045479225, 0.6999321603887158], [-0.4447115109123845, 0.7927883924297844, 0.41679519777778207]], "trans": [575.187927935982, 390.54317029777303, 331.92266970999265]}], "rb_ScNup133N_56-480_renamed_1.pdb_7": [{"rot": [[0.11034300857820109, -0.3930865703639945, 0.9128567076257814], [0.8604872028126467, 0.4974154529214194, 0.1101800389845819], [-0.4973793263230548, 0.7733439179268493, 0.3931322809843687]], "trans": [373.94966440785964, 28.576766471794826, 349.7649811596665]}], "rb_ScNup133C_490_881_renamed_relative_3CQC_1.pdb_7": [{"rot": [[0.8549874170246051, 0.3276913522151419, -0.40201355003656847], [-0.2537623369298475, 0.9403071091429421, 0.22677569722336724], [0.4523286339438344, -0.09187446967821691, 0.8871064697858143]], "trans": [123.6007907806453, 87.3806105835175, -196.67404392210904]}], "rb_ScNup133C_490_881_renamed_relative_3CQC_1.pdb_8": [{"rot": [[0.43617877877995503, 0.8934046755638702, -0.107592558398067], [-0.755945832095461, 0.42865408017851425, 0.49477427023220544], [0.4881536355283309, -0.13447589087612075, 0.862335354078415]], "trans": [-170.37573463841983, 102.02616259697672, -173.27231376419076]}], "rb_ScNup133C_490_881_renamed_relative_3CQC_1.pdb_9": [{"rot": [[-0.21405820172306755, 0.9329103467989489, 0.2895813721746445], [-0.8138150024677288, -0.3342838282317596, 0.4753519369279656], [0.540263110006167, -0.13391268430653933, 0.8307726313187502]], "trans": [-368.0004547283097, 320.91399229923167, -158.54415423020788]}], "rb_ScNup133C_490_881_renamed_relative_3CQC_1.pdb_10": [{"rot": [[-0.714805532964367, 0.4230653866809044, 0.5568381529996504], [-0.3934692720872737, -0.9015668319166324, 0.17988657401517108], [0.578130592484636, -0.09051478431914614, 0.8109081895338215]], "trans": [-353.50010861254975, 615.8166395274819, -161.09352394103]}], "rb_ScNup133C_490_881_renamed_relative_3CQC_1.pdb_11": [{"rot": [[-0.7727183677654197, -0.3374558383391748, 0.5376149935490528], [0.25884690331423454, -0.9408725486271539, -0.21853404285024597], [0.5795727777963477, -0.029705292636945865, 0.81437889880987]], "trans": [-135.36729016136889, 813.9760922032721, -179.4029612727585]}], "rb_ScNup133C_490_881_renamed_relative_3CQC_1.pdb_12": [{"rot": [[-0.35387055092879854, -0.9031292712952537, 0.24317309167556023], [0.7609975105285198, -0.4291751353036951, -0.48650949857782655], [0.5437448134508888, 0.012892733098795878, 0.8391515687159854]], "trans": [158.61463324305498, 799.3078656960208, -202.7225347722137]}], "rb_ScNup133C_490_881_renamed_relative_3CQC_1.pdb_13": [{"rot": [[0.29637096068838675, -0.9425754391662569, -0.15399933487251932], [0.818815643525892, 0.3337658483953342, -0.46705599274842813], [0.4916352261361259, 0.012324768779918643, 0.8707140199265196]], "trans": [356.2288190645543, 580.4049307108495, -217.36730457624174]}], "rb_ScNup133C_490_881_renamed_relative_3CQC_1.pdb_14": [{"rot": [[0.7970855211754748, -0.4326862206223835, -0.4212330784921063], [0.39843062476081514, 0.9010088167511721, -0.17156966337134472], [0.4537705468462286, -0.031076464087282332, 0.8905765234917793]], "trans": [341.7120042281382, 285.50382988863424, -214.73415314120234]}], "rb_ScNup84_506-726_ScNup133C_882_1155_renamed_relative_3CQC_new_1.pdb_14": [{"rot": [[0.9874020451673912, 0.14591178237784047, 0.06121235955730879], [-0.1560851399816664, 0.961675180113783, 0.22542909534934719], [-0.025973645800217198, -0.23214348949829106, 0.9723347006084889]], "trans": [-55.01395331611252, 38.077700155528134, 92.62984985694328]}], "rb_ScNup84_506-726_ScNup133C_882_1155_renamed_relative_3CQC_new_1.pdb_15": [{"rot": [[0.589458919754955, 0.7768247884184256, 0.2215432915255785], [-0.8077491535707317, 0.5637957428146633, 0.17226626277314566], [0.008915538519112795, -0.2804952913735419, 0.959813994839721]], "trans": [-326.0420201693713, 209.70896291957848, 113.43863615719036]}], "rb_ScNup84_506-726_ScNup133C_882_1155_renamed_relative_3CQC_new_1.pdb_16": [{"rot": [[-0.15138633960268832, 0.9426487789350485, 0.2974818578568434], [-0.986075137077678, -0.16497447679679744, 0.020958197509782728], [0.06883313314774835, -0.29016667895863335, 0.9544974060746207]], "trans": [-396.7755732839993, 523.2787670688784, 117.59211145338156]}], "rb_ScNup84_506-726_ScNup133C_882_1155_renamed_relative_3CQC_new_1.pdb_17": [{"rot": [[-0.8011361340556749, 0.5462417221648052, 0.2445421756604632], [-0.5865972149677688, -0.7977116084121093, -0.13985670236574355], [0.11867856631415051, -0.2554920170396539, 0.9594994669756853]], "trans": [-225.7759865630842, 795.0936167937093, 102.68111625419323]}], "rb_ScNup84_506-726_ScNup133C_882_1155_renamed_relative_3CQC_new_1.pdb_18": [{"rot": [[-0.9791578725413432, -0.1801755386967951, 0.09373705721659656], [0.15666481334830895, -0.9637493187374666, -0.21597080101626145], [0.12925168044883328, -0.19678421148147476, 0.9718898997380125]], "trans": [86.78468433735247, 865.9206573310635, 77.46472669352852]}], "rb_ScNup84_506-726_ScNup133C_882_1155_renamed_relative_3CQC_new_1.pdb_19": [{"rot": [[-0.5811639105482764, -0.8110575297536488, -0.06658973273816955], [0.8082975716883979, -0.5658203759325598, -0.16279538624350684], [0.09435859621079014, -0.1484351225601356, 0.9844102141443287]], "trans": [357.8059046376391, 694.2685264680666, 56.7390642283043]}], "rb_ScNup84_506-726_ScNup133C_882_1155_renamed_relative_3CQC_new_1.pdb_20": [{"rot": [[0.1596952772731226, -0.9768246852085773, -0.14251650004059474], [0.9865654021949815, 0.16296283450940274, -0.011481365794707626], [0.03444017433915459, -0.1387683282879107, 0.9897258334789811]], "trans": [428.52153542592595, 380.6935795544872, 52.669519063676034]}], "rb_ScNup84_506-726_ScNup133C_882_1155_renamed_relative_3CQC_new_1.pdb_21": [{"rot": [[0.8094139325825308, -0.5803682680791918, -0.0895642738374994], [0.587036496180893, 0.7956688320682533, 0.1493293736235414], [-0.015402528783920927, -0.17344677305126863, 0.9847227929854977]], "trans": [257.5072764353033, 108.89255869423084, 67.66409303885652]}], "rb_4XMM.renamed.noAb_Nup145c_149-550_Sec13_Nup84_7-436_3IKO_updated_1.pdb_21": [{"rot": [[0.9983922138678804, 0.004957952367966333, 0.056465972021307424], [-0.0038268503741493813, 0.999790205909766, -0.020122111795808525], [-0.05655389026590451, 0.0198736729173578, 0.9982017304235488]], "trans": [-18.35814045281188, 8.073923403502306, 21.57015088993984]}], "rb_4XMM.renamed.noAb_Nup145c_149-550_Sec13_Nup84_7-436_3IKO_updated_1.pdb_22": [{"rot": [[0.7039862882222139, 0.7087495251633849, 0.04557868554256038], [-0.7095942114215308, 0.7046020153402326, 0.0034720448642748154], [-0.029654023540946, -0.034786643401744866, 0.9989547178569576]], "trans": [-322.61230635416086, 158.56662568694762, 45.130112100045835]}], "rb_4XMM.renamed.noAb_Nup145c_149-550_Sec13_Nup84_7-436_3IKO_updated_1.pdb_23": [{"rot": [[-0.0017573402023562945, 0.9985117463732106, 0.05450875260116558], [-0.9996061218270674, -0.0032807881110827886, 0.027871807175368708], [0.028009158524738637, -0.054438302546020584, 0.99812421985174]], "trans": [-431.74931545470923, 480.7643775725964, 52.30260159405583]}], "rb_4XMM.renamed.noAb_Nup145c_149-550_Sec13_Nup84_7-436_3IKO_updated_1.pdb_24": [{"rot": [[-0.7054041028895561, 0.7044978211654086, 0.07802481400024658], [-0.7039695153072593, -0.709170477034871, 0.03878345033898579], [0.08265575082620424, -0.027569085500358713, 0.9961967538493745]], "trans": [-281.8332556522633, 785.9193098127138, 38.909878795463555]}], "rb_4XMM.renamed.noAb_Nup145c_149-550_Sec13_Nup84_7-436_3IKO_updated_1.pdb_25": [{"rot": [[-0.9947478048378701, -0.0010547474769449765, 0.10235082939575599], [0.004127515562437831, -0.9995469186149629, 0.02981477993571056], [0.1022730090763008, 0.03008064153393165, 0.9943014566113169]], "trans": [39.31484474372445, 895.2674772116736, 12.821594458262325]}], "rb_4XMM.renamed.noAb_Nup145c_149-550_Sec13_Nup84_7-436_3IKO_updated_1.pdb_26": [{"rot": [[-0.7002868256997786, -0.7048233165519416, 0.11323627597218733], [0.7098717459304201, -0.7043034990659149, 0.006219769546034336], [0.07536886678878044, 0.08473885559901204, 0.9935486199833126]], "trans": [343.5638136723325, 744.7512982931844, -10.655361706819633]}], "rb_4XMM.renamed.noAb_Nup145c_149-550_Sec13_Nup84_7-436_3IKO_updated_1.pdb_27": [{"rot": [[0.005479441045818212, -0.9945303351586247, 0.10430430564027039], [0.9998282546534757, 0.003602023508224972, -0.018179291054124067], [0.017704149864078866, 0.10438600421474008, 0.994379266277043]], "trans": [452.6822285639846, 422.54538974099955, -17.7438528520089]}], "rb_4XMM.renamed.noAb_Nup145c_149-550_Sec13_Nup84_7-436_3IKO_updated_1.pdb_28": [{"rot": [[0.7091031650349892, -0.7004613469282367, 0.08078739256122375], [0.7041364305348655, 0.7094686125156578, -0.029089088138437396], [-0.03694033745080515, 0.07751251069722676, 0.9963067911815281]], "trans": [302.74889674476447, 117.40263268347894, -4.2673360155419005]}], "rb_4XMM.renamed.noAb_Seh1_Nup85_47_544_3F3F_1.pdb_28": [{"rot": [[0.6243817397030846, -0.7610594309337496, 0.17588628631062464], [0.2791187715381286, 0.42768739678677353, 0.8597535705100592], [-0.7295479110383305, -0.4877212659055852, 0.47946617428454535]], "trans": [528.9030421018988, -71.65879799313427, 760.6599444236726]}], "rb_4XMM.renamed.noAb_Seh1_Nup85_47_544_3F3F_1.pdb_29": [{"rot": [[0.6250038510770994, -0.24767359403464853, 0.7402891171405613], [-0.2846982067465562, 0.8106925749719347, 0.5115901484202623], [-0.7268542613303487, -0.5305047970596788, 0.43617375331693115]], "trans": [23.764476746792866, -240.93135452627837, 801.787445132917]}], "rb_4XMM.renamed.noAb_Seh1_Nup85_47_544_3F3F_1.pdb_30": [{"rot": [[0.22801301191338638, 0.38545609417479443, 0.894110544542281], [-0.6836563916008174, 0.7172353757452874, -0.13486049830422012], [-0.6932705133074188, -0.5805144401675335, 0.42705852073859796]], "trans": [-452.8718273345741, -2.2516179216317056, 838.6582585882902]}], "rb_4XMM.renamed.noAb_Seh1_Nup85_47_544_3F3F_1.pdb_31": [{"rot": [[-0.3340279466351193, 0.7674333352128835, 0.5472398074617301], [-0.6840404530266222, 0.20206434416031094, -0.7008984658580673], [-0.6484705000922207, -0.6084538411606002, 0.4574603083187127]], "trans": [-621.7836893001856, 504.5585735286969, 849.6969472903518]}], "rb_4XMM.renamed.noAb_Seh1_Nup85_47_544_3F3F_1.pdb_32": [{"rot": [[-0.7318675062731872, 0.674490475400408, -0.09712132544191154], [-0.2856254024254685, -0.43302606556896983, -0.8549307317128932], [-0.6186987011064038, -0.5979557049915868, 0.5095693202276398]], "trans": [-384.0182454140698, 982.6027804445848, 828.4608966531097]}], "rb_4XMM.renamed.noAb_Seh1_Nup85_47_544_3F3F_1.pdb_33": [{"rot": [[-0.7324456434270462, 0.1610747525098392, -0.6614970170217166], [0.2781916059082743, -0.8159909366483652, -0.5067230226759922], [-0.6213958559782248, -0.5551699878520207, 0.5528593625520613]], "trans": [121.14006814179203, 1151.8360827865667, 787.4144894693604]}], "rb_4XMM.renamed.noAb_Seh1_Nup85_47_544_3F3F_1.pdb_34": [{"rot": [[-0.33542367720023236, -0.4720476638278347, -0.8152680294529847], [0.6771186186728827, -0.7224840477948835, 0.13973967557012126], [-0.6549819333538877, -0.5051611661208718, 0.5619705181087344]], "trans": [597.764301893419, 913.1193426483267, 750.6272947228726]}], "rb_4XMM.renamed.noAb_Seh1_Nup85_47_544_3F3F_1.pdb_35": [{"rot": [[0.2266173265818629, -0.8539847350959342, -0.4683531354822036], [0.6774585669199689, -0.2072830529460273, 0.705750399268829], [-0.6997817355430379, -0.4772251126926333, 0.5315653435052667]], "trans": [766.6431726466757, 406.29630910406087, 739.6737746967713]}], "rb_4XMM.renamed.noAb_Nup120_715-1036_Nup85_553-744_Nup145c_92-99_554-712_remaining_updated_1.pdb_35": [{"rot": [[0.9987195859192263, -0.05044921177737765, -0.003750430957910469], [0.04943041033020227, 0.9889442018715523, -0.13980701026495704], [0.01076212041916396, 0.1394426140592583, 0.9901716690293677]], "trans": [27.45505366323107, 20.06788506997657, -76.06171561588087]}], "rb_4XMM.renamed.noAb_Nup120_715-1036_Nup85_553-744_Nup145c_92-99_554-712_remaining_updated_1.pdb_36": [{"rot": [[0.7430949645696474, 0.6641864980430595, -0.08164661320918892], [-0.6682893862859814, 0.7428688454153907, -0.03918130534719545], [0.03462903129947762, 0.08367899574266453, 0.9958908855204764]], "trans": [-283.60787511289016, 129.13655673059276, -51.75750637492047]}], "rb_4XMM.renamed.noAb_Nup120_715-1036_Nup85_553-744_Nup145c_92-99_554-712_remaining_updated_1.pdb_37": [{"rot": [[0.0563587305013416, 0.996238811908593, -0.06581734682612943], [-0.9942592208968504, 0.0620076135539252, 0.08719895368027092], [0.09095215862124488, 0.06052508164637991, 0.9940142953367592]], "trans": [-426.7607018747373, 426.8848215187218, -41.75478728618367]}], "rb_4XMM.renamed.noAb_Nup120_715-1036_Nup85_553-744_Nup145c_92-99_554-712_remaining_updated_1.pdb_38": [{"rot": [[-0.6591893473875775, 0.7511868024191686, 0.034464360751415735], [-0.73752136821269, -0.6547813839450289, 0.16529842911750003], [0.14673662024327924, 0.08354476111819675, 0.9856412314677598]], "trans": [-318.1405689110999, 738.8876644661245, -51.889287329005015]}], "rb_4XMM.renamed.noAb_Nup120_715-1036_Nup85_553-744_Nup145c_92-99_554-712_remaining_updated_1.pdb_39": [{"rot": [[-0.9843711158418823, 0.07258539196702432, 0.1604520712524437], [-0.04847648233960408, -0.9875930456217189, 0.14936534705075938], [0.16930309198648408, 0.13925278134604413, 0.9756767527881379]], "trans": [-21.376768316687446, 882.3695377293056, -76.20006858066256]}], "rb_4XMM.renamed.noAb_Nup120_715-1036_Nup85_553-744_Nup145c_92-99_554-712_remaining_updated_1.pdb_40": [{"rot": [[-0.7286905098381067, -0.6420311449250858, 0.2383404074387343], [0.6692232270450625, -0.7414616074215109, 0.04873353161120288], [0.14543181651643844, 0.19501459859736386, 0.9699581914075659]], "trans": [289.68419448996866, 773.2768536514601, -100.42152770073324]}], "rb_4XMM.renamed.noAb_Nup120_715-1036_Nup85_553-744_Nup145c_92-99_554-712_remaining_updated_1.pdb_41": [{"rot": [[-0.04192883346980669, -0.9740303648525942, 0.2225012837468183], [0.9951391506178705, -0.06057433629536513, -0.07764548080807968], [0.08910692358847924, 0.21816415408470965, 0.9718355612144981]], "trans": [432.82033487641775, 475.51776156741505, -110.3403875129195]}], "rb_4XMM.renamed.noAb_Nup120_715-1036_Nup85_553-744_Nup145c_92-99_554-712_remaining_updated_1.pdb_42": [{"rot": [[0.6735992399068305, -0.7289224435929648, 0.12221348216706407], [0.7383451449353459, 0.6561954038204991, -0.15573708278779738], [0.03332432966079519, 0.19514011179486188, 0.9802090725051189]], "trans": [324.18239692396185, 163.52385281838235, -100.12203518213255]}], "rb_4XMM.renamed.noAb_Nup120_2-711_3F7F_updated_1.pdb_42": [{"rot": [[-0.6763386901812256, 0.7279600431045972, 0.11242842971018535], [0.4076440847224232, 0.2427848567941909, 0.8802737151035711], [0.6135081713838562, 0.6411939558000981, -0.4609533975258885]], "trans": [544.0513947345997, -53.27202841209953, -305.2888904666303]}], "rb_4XMM.renamed.noAb_Nup120_2-711_3F7F_updated_1.pdb_43": [{"rot": [[-0.17997160632089135, 0.6999180466212502, 0.6911764962237735], [0.8002417058666731, -0.3044346024653518, 0.5166553832230538], [0.5720344684631123, 0.6460915576260511, -0.5053140271697076]], "trans": [26.393503321147477, -300.0038255863334, -262.78664616802894]}], "rb_4XMM.renamed.noAb_Nup120_2-711_3F7F_updated_1.pdb_44": [{"rot": [[0.4478812396941415, 0.29435066592629144, 0.844251195201279], [0.7256369692730263, -0.671328310070768, -0.150894959895234], [0.5223536962196174, 0.6802029002924612, -0.5142670808825197]], "trans": [-513.6990622296314, -107.19315253194611, -220.6348010962135]}], "rb_4XMM.renamed.noAb_Nup120_2-711_3F7F_updated_1.pdb_45": [{"rot": [[0.8394147979431381, -0.2511550088691054, 0.4819792096284239], [0.2275343815648267, -0.6429647589055278, -0.731316910792762], [0.49356955153249926, 0.7235450782954136, -0.48256773356130167]], "trans": [-759.8305483736526, 412.208896640492, -203.50249553408236]}], "rb_4XMM.renamed.noAb_Nup120_2-711_3F7F_updated_1.pdb_46": [{"rot": [[0.7652631893806652, -0.6170340618397815, -0.1834154233112169], [-0.40227053813197544, -0.23595971716830036, -0.8845911066842502], [0.5025441922159115, 0.7507276326360688, -0.42878590982762077]], "trans": [-567.8117467345303, 953.9293947520525, -221.40207074425354]}], "rb_4XMM.renamed.noAb_Nup120_2-711_3F7F_updated_1.pdb_47": [{"rot": [[0.26886547184029985, -0.5889493848608681, -0.7621351455772771], [-0.7948291876096255, 0.31125752292015796, -0.520927362450303], [0.5440201472150779, 0.7458266397076547, -0.38442776034838144]], "trans": [-50.1280654383018, 1200.620952545139, -263.82369828341206]}], "rb_4XMM.renamed.noAb_Nup120_2-711_3F7F_updated_1.pdb_48": [{"rot": [[-0.358981572534994, -0.18335337770055865, -0.915157783918215], [-0.7201751749271592, 0.6781193863529428, 0.14663497287803906], [0.5937002172805208, 0.7117131702716367, -0.37547891453843]], "trans": [489.95600901106, 1007.7682939087772, -305.89218569298356]}], "rb_4XMM.renamed.noAb_Nup120_2-711_3F7F_updated_1.pdb_49": [{"rot": [[-0.7504762925068443, 0.3621500997429371, -0.5528405191747086], [-0.22204187333554357, 0.6497130207788548, 0.727028470636506], [0.6224811168789164, 0.6683713757235532, -0.40718173245196176]], "trans": [736.0535239549331, 488.34734228981324, -322.9392149815827]}]}
