{"rb_ScNup133N_56-480_renamed_1.pdb_0": [{"rot": [[0.6614384245339134, 0.04925229952640464, 0.7483805325778162], [0.5085120841513864, 0.7040092598103612, -0.4957685169242606], [-0.5512845642879073, 0.7084808911273676, 0.44061338618483153]], "trans": [-12.053098686516933, -105.33801006122053, 384.6016986822211]}], "rb_ScNup133N_56-480_renamed_1.pdb_1": [{"rot": [[0.8165188928008001, 0.5452422321171135, 0.18975722915162777], [-0.13834262958436566, 0.5039014853842269, -0.8526104678381876], [-0.5604981842424102, 0.6699210411261298, 0.48687532707813796]], "trans": [-390.91985954008794, 94.8398063786019, 413.86700417206794]}], "rb_ScNup133N_56-480_renamed_1.pdb_2": [{"rot": [[0.47025393461440623, 0.7550341378710886, -0.4569296309377747], [-0.7055593064363958, 0.010628496450239666, -0.7085711680305647], [-0.5301389460138365, 0.6555993332153934, 0.5377194549268879]], "trans": [-517.8125924362724, 505.08278089622684, 422.0263532131867]}], "rb_ScNup133N_56-480_renamed_1.pdb_3": [{"rot": [[-0.17450955518376748, 0.5557289603317805, -0.812841766765292], [-0.860854419349641, -0.4868434349249263, -0.14803087028282585], [-0.4779917194217441, 0.67390562582535, 0.5633605627350812]], "trans": [-318.3938319176883, 885.0649113884685, 404.3238889916552]}], "rb_ScNup133N_56-480_renamed_1.pdb_4": [{"rot": [[-0.740060033104745, 0.06408248270471897, -0.6694808308020491], [-0.5132539015184303, -0.6970882369874667, 0.500638015366206], [-0.43460508507967555, 0.7141158346263605, 0.5487777280090577]], "trans": [90.51601363861835, 1012.1874248601112, 371.15396955437876]}], "rb_ScNup133N_56-480_renamed_1.pdb_5": [{"rot": [[-0.8950900549206791, -0.4318918562008285, -0.11082968072451141], [0.13361296254441127, -0.4969415402374365, 0.8574361094720402], [-0.4253955451367586, 0.7526742523388492, 0.5025137809492918]], "trans": [469.3737044162045, 811.9802772872061, 341.97200630476425]}], "rb_ScNup133N_56-480_renamed_1.pdb_6": [{"rot": [[-0.5487808479284881, -0.6416452954158139, 0.5358459627706835], [0.700802443048088, -0.0036521016994276456, 0.7133460576543523], [-0.4557581779460673, 0.7669928141931502, 0.45167079406504795]], "trans": [596.2409766033845, 401.72775543392174, 333.8972096813044]}], "rb_ScNup133N_56-480_renamed_1.pdb_7": [{"rot": [[0.09599477145598384, -0.442301312724606, 0.8917143895974776], [0.8560469449418713, 0.4938041701499112, 0.15277784393767468], [-0.5079061250947859, 0.7486835047632919, 0.4260333059592311]], "trans": [396.7991066636339, 21.761687957649087, 351.6839143018409]}], "rb_ScNup133C_490_881_renamed_relative_3CQC_1.pdb_7": [{"rot": [[0.78925331447341, 0.33321814355088564, -0.5157953803605051], [-0.2762546025846261, 0.9428384727095933, 0.18638403614433283], [0.5484182711612982, -0.004613370475369111, 0.8361914354197308]], "trans": [193.7968279647621, 111.54702222642028, -255.62893873742416]}], "rb_ScNup133C_490_881_renamed_relative_3CQC_1.pdb_8": [{"rot": [[0.3756198945249502, 0.9008325013202299, -0.2177395219113946], [-0.7199884061752013, 0.43157508858372434, 0.5434699972282216], [0.5835463904526854, -0.047368211694004375, 0.8106971461097869]], "trans": [-104.73922454063245, 66.24684397122678, -231.57212175352385]}], "rb_ScNup133C_490_881_renamed_relative_3CQC_1.pdb_9": [{"rot": [[-0.22975550568070668, 0.94195755835081, 0.24480270806341786], [-0.7402152558406432, -0.33243591931790906, 0.5844379646874659], [0.6318969715310984, -0.04692885906387345, 0.7736303377949892]], "trans": [-347.84455359929865, 245.9981799243223, -213.02845854455052]}], "rb_ScNup133C_490_881_renamed_relative_3CQC_1.pdb_10": [{"rot": [[-0.6722354409099444, 0.43250167637080744, 0.6008675493992444], [-0.3250859778483551, -0.9016261300113185, 0.2852883255360987], [0.665145562257609, -0.0035526915505791345, 0.7467052694281425]], "trans": [-393.10271632426634, 545.5002797857256, -210.83708358278477]}], "rb_ScNup133C_490_881_renamed_relative_3CQC_1.pdb_11": [{"rot": [[-0.6926089261383886, -0.32908870562795584, 0.6418671975272952], [0.28221084343096065, -0.9425558924903343, -0.1787328436010967], [0.6638146693794986, 0.05734992031262886, 0.7456950257020099]], "trans": [-213.99892951189133, 789.3007072721982, -226.2577303180296]}], "rb_ScNup133C_490_881_renamed_relative_3CQC_1.pdb_12": [{"rot": [[-0.2789408864530753, -0.8966632034462183, 0.34378348047911944], [0.7259121672067008, -0.43124797478509813, -0.5357953991450664], [0.6286839487103534, 0.10010136776945594, 0.7711914216357963]], "trans": [84.5471964990067, 834.5778511713163, -250.2327615604732]}], "rb_ScNup133C_490_881_renamed_relative_3CQC_1.pdb_13": [{"rot": [[0.3264361077789795, -0.9377286734616227, -0.11876195731805109], [0.7460915018223716, 0.3327662354710231, -0.57672706147612], [0.5803334717613203, 0.0996572501042838, 0.8082583089923072]], "trans": [327.6450449301312, 654.8078389744272, -268.693261059165]}], "rb_ScNup133C_490_881_renamed_relative_3CQC_1.pdb_14": [{"rot": [[0.7688836775210193, -0.4282283843160179, -0.4748034765119609], [0.3309275085314953, 0.9019164413096288, -0.2775494856642874], [0.5470876296708677, 0.05627773770742918, 0.8351813825149861]], "trans": [372.88638183013006, 355.30259537882, -270.80080301354144]}], "rb_ScNup84_506-726_ScNup133C_882_1155_renamed_relative_3CQC_new_1.pdb_14": [{"rot": [[0.9751752642341392, 0.16665919074524238, 0.14580095392696607], [-0.19114414215482473, 0.9659633472582742, 0.17429494735500184], [-0.11179052261157257, -0.1978371196053148, 0.9738394904502999]], "trans": [-78.44820937466261, 71.8553780310979, 131.26769987327017]}], "rb_ScNup84_506-726_ScNup133C_882_1155_renamed_relative_3CQC_new_1.pdb_15": [{"rot": [[0.5543780923297534, 0.7952348146112749, 0.2454924039048667], [-0.8288653532570127, 0.5541818982305664, 0.07658100184568772], [-0.07514756759168291, -0.2459349777964348, 0.9663688890797946]], "trans": [-318.078803627792, 252.3342783364031, 149.53086525842113]}], "rb_ScNup84_506-726_ScNup133C_882_1155_renamed_relative_3CQC_new_1.pdb_16": [{"rot": [[-0.19280515922945068, 0.9496059826033625, 0.2471328557242111], [-0.981124660726546, -0.1827565021336463, -0.06320174872651571], [-0.014851622427237948, -0.2546537624535953, 0.9669182439997199]], "trans": [-360.36620067292097, 549.8858147469398, 151.49494221266576]}], "rb_ScNup84_506-726_ScNup133C_882_1155_renamed_relative_3CQC_new_1.pdb_17": [{"rot": [[-0.8286640063962438, 0.5393398878782717, 0.14976130957885664], [-0.5587264153915371, -0.8131429480695627, -0.16316659813962855], [0.033775098031603716, -0.2188858865897679, 0.9751657353520794]], "trans": [-180.53593372945159, 790.2002185519314, 136.03335166390906]}], "rb_ScNup84_506-726_ScNup133C_882_1155_renamed_relative_3CQC_new_1.pdb_18": [{"rot": [[-0.9807033708905739, -0.1952238065221036, 0.010419390139552679], [0.1908825348155068, -0.9676881710990356, -0.16475272810307265], [0.04224637530329417, -0.15958467621303243, 0.9862798664130326]], "trans": [116.06680455963203, 832.4980403644998, 112.22771626522604]}], "rb_ScNup84_506-726_ScNup133C_882_1155_renamed_relative_3CQC_new_1.pdb_19": [{"rot": [[-0.5598564492366233, -0.8237673310699325, -0.08926444146509244], [0.8285706973771012, -0.5558574004837554, -0.06703096131983], [0.005599615717067623, -0.11148961650914685, 0.9937498224978251]], "trans": [355.6898613452386, 652.0007365627342, 94.04771779381076]}], "rb_ScNup84_506-726_ScNup133C_882_1155_renamed_relative_3CQC_new_1.pdb_20": [{"rot": [[0.18733869791912883, -0.9780810266214008, -0.09089399113905205], [0.9807713552615722, 0.18109309153598152, 0.07275191335156424], [-0.05469699224215426, -0.10277547159298907, 0.9931995980056046]], "trans": [397.9605846165229, 354.44628952087237, 92.16746059338331]}], "rb_ScNup84_506-726_ScNup133C_882_1155_renamed_relative_3CQC_new_1.pdb_21": [{"rot": [[0.8231646179212676, -0.5677657544993515, 0.006485354293329727], [0.5583232170509209, 0.8114473157330754, 0.17270911699007446], [-0.10332084544968706, -0.1385471104258877, 0.9849515222020794]], "trans": [218.11810200323254, 114.14640662891941, 107.71243074476726]}], "rb_4XMM.renamed.noAb_Nup145c_149-550_Sec13_Nup84_7-436_3IKO_updated_1.pdb_21": [{"rot": [[0.9980277410425547, -0.01797629337167399, 0.06014549846920317], [0.01846557213762141, 0.9998006951967335, -0.007588974222938086], [-0.05999708955544186, 0.008684627841285352, 0.9981607718619945]], "trans": [-10.107516001640647, -8.437278576524136, 28.919004468405547]}], "rb_4XMM.renamed.noAb_Nup145c_149-550_Sec13_Nup84_7-436_3IKO_updated_1.pdb_22": [{"rot": [[0.7193757564730906, 0.6922766730921258, 0.057022178941745265], [-0.6937727010732943, 0.7201281813635637, 0.009738667848819136], [-0.034321425439976995, -0.046566192656283825, 0.9983254126071638]], "trans": [-328.2580387951449, 141.50010282049413, 53.58929326791696]}], "rb_4XMM.renamed.noAb_Nup145c_149-550_Sec13_Nup84_7-436_3IKO_updated_1.pdb_23": [{"rot": [[0.02021463151419567, 0.9975463655152544, 0.06702698948967306], [-0.999533514411478, 0.018628740912990494, 0.024201726802719613], [0.022893716189865236, -0.06748495135435842, 0.9974575976449901]], "trans": [-447.6163046119645, 473.1627919953821, 61.530428823314594]}], "rb_4XMM.renamed.noAb_Nup145c_149-550_Sec13_Nup84_7-436_3IKO_updated_1.pdb_24": [{"rot": [[-0.6898771886613472, 0.7190014937735804, 0.08429897102618171], [-0.719697872195954, -0.6937493627969289, 0.027327538774437228], [0.07813089863382626, -0.04181714445310871, 0.9960657052165061]], "trans": [-298.2586450457951, 792.2582259807526, 48.11438685742161]}], "rb_4XMM.renamed.noAb_Nup145c_149-550_Sec13_Nup84_7-436_3IKO_updated_1.pdb_25": [{"rot": [[-0.9949179035000406, 0.01981757121606798, 0.0987199532322448], [-0.018197439319131658, -0.9996849920816621, 0.01728495903699098], [0.09903140157196125, 0.015400664848635882, 0.9949651255320006]], "trans": [32.32103032576498, 911.8559170975354, 21.224478821236346]}], "rb_4XMM.renamed.noAb_Nup145c_149-550_Sec13_Nup84_7-436_3IKO_updated_1.pdb_26": [{"rot": [[-0.7162103611752995, -0.6904136018297842, 0.10184192139570145], [0.6940189394836431, -0.7199567416138397, -4.292759904880872e-05], [0.07335141568601933, 0.07064947709080224, 0.9948005936888306]], "trans": [350.46639983589745, 761.8939683572542, -3.3628031087538943]}], "rb_4XMM.renamed.noAb_Nup145c_149-550_Sec13_Nup84_7-436_3IKO_updated_1.pdb_27": [{"rot": [[-0.017025369757303233, -0.9956285899341756, 0.09183598254664765], [0.9997248672587636, -0.0184333646858435, -0.014505200819088487], [0.01613463879578627, 0.09156375905367672, 0.9956684947606234]], "trans": [469.8053335151199, 430.22232059062264, -11.219877596099025]}], "rb_4XMM.renamed.noAb_Nup145c_149-550_Sec13_Nup84_7-436_3IKO_updated_1.pdb_28": [{"rot": [[0.6930446442729066, -0.7170281495342224, 0.07456375674659688], [0.7198335010619833, 0.6939228530182917, -0.0176296570527764], [-0.03910053443988526, 0.06589162947203178, 0.9970604000621188]], "trans": [320.4293146744432, 111.13901842474627, 2.2800452798242645]}], "rb_4XMM.renamed.noAb_Seh1_Nup85_47_544_3F3F_1.pdb_28": [{"rot": [[0.6818455266799692, -0.6954357914978482, 0.22683857178680153], [0.2689058695573971, 0.5266860881853714, 0.8064064718425631], [-0.6802766430387673, -0.4888464221161405, 0.5461253194278332]], "trans": [451.8761558546443, -105.27896444317037, 718.8361856385183]}], "rb_4XMM.renamed.noAb_Seh1_Nup85_47_544_3F3F_1.pdb_29": [{"rot": [[0.6595163986327673, -0.13137942954806792, 0.740119966914883], [-0.3295801678480203, 0.8343805537194485, 0.4417986017815083], [-0.675584956090449, -0.5353022856914113, 0.506987603436036]], "trans": [-55.37180330930585, -212.8274128013989, 759.8315011630611]}], "rb_4XMM.renamed.noAb_Seh1_Nup85_47_544_3F3F_1.pdb_30": [{"rot": [[0.2218526330109228, 0.48450685213867817, 0.8461882293300872], [-0.7367625486181388, 0.6517488815683844, -0.18001206161827887], [-0.6387193093838824, -0.583503646608166, 0.5015587086425147]], "trans": [-489.9913014145491, 70.97644167184404, 793.1337648712285]}], "rb_4XMM.renamed.noAb_Seh1_Nup85_47_544_3F3F_1.pdb_31": [{"rot": [[-0.3747561652251924, 0.7914281857537226, 0.48290707534708727], [-0.7141080928262542, 0.08577928038484967, -0.6947600642068492], [-0.5912761185653926, -0.6052134680021806, 0.5330189581647311]], "trans": [-597.3741949968471, 579.8764161869645, 799.2580460220438]}], "rb_4XMM.renamed.noAb_Seh1_Nup85_47_544_3F3F_1.pdb_32": [{"rot": [[-0.7808081498848072, 0.6095857264745685, -0.13690827276660406], [-0.27488810010307924, -0.5319752772864645, -0.800898768120982], [-0.5610482737654416, -0.5877138303923599, 0.5829384942430518]], "trans": [-314.61215755762623, 1015.7518469785434, 774.6406592661823]}], "rb_4XMM.renamed.noAb_Seh1_Nup85_47_544_3F3F_1.pdb_33": [{"rot": [[-0.7584323430213354, 0.0455053509256203, -0.6501612446895779], [0.32359616481225273, -0.839625461222439, -0.43625062405205306], [-0.5657436726804521, -0.541256268235427, 0.6220737487773381]], "trans": [192.65073576575338, 1123.2608776404793, 733.726821771567]}], "rb_4XMM.renamed.noAb_Seh1_Nup85_47_544_3F3F_1.pdb_34": [{"rot": [[-0.32073680779427566, -0.5703667033632529, -0.7561810126024524], [0.730744180904205, -0.6569454558057864, 0.18556834366552769], [-0.6026116844208862, -0.49305627649453965, 0.6274987378543162]], "trans": [627.2546429969243, 839.4233189288572, 700.5084413288387]}], "rb_4XMM.renamed.noAb_Seh1_Nup85_47_544_3F3F_1.pdb_35": [{"rot": [[0.2758702397533136, -0.8772439031936637, -0.3928597015831381], [0.708042899559085, -0.09095178399765869, 0.7002878160953566], [-0.6500545078702322, -0.4713500899513931, 0.5960354263803461]], "trans": [734.6043807040382, 330.5153316417032, 694.4693184816987]}], "rb_4XMM.renamed.noAb_Nup120_715-1036_Nup85_553-744_Nup145c_92-99_554-712_remaining_updated_1.pdb_35": [{"rot": [[0.9954610394454521, -0.08095789789549523, 0.050031367306142695], [0.07777264931654687, 0.9950017760135909, 0.06263290467545563], [-0.05485192762761413, -0.058457544407389, 0.9967818124029914]], "trans": [29.248190997463553, -60.329947229056074, 61.974897485326466]}], "rb_4XMM.renamed.noAb_Nup120_715-1036_Nup85_553-744_Nup145c_92-99_554-712_remaining_updated_1.pdb_36": [{"rot": [[0.7594687038784691, 0.6429158441718489, 0.09933028310619299], [-0.6497314007367455, 0.7572546959427353, 0.06644119482174618], [-0.0325022264748768, -0.11499801209357272, 0.9928338544231363]], "trans": [-336.2874359126746, 78.97431471781596, 90.47380764041367]}], "rb_4XMM.renamed.noAb_Nup120_715-1036_Nup85_553-744_Nup145c_92-99_554-712_remaining_updated_1.pdb_37": [{"rot": [[0.07972283105866329, 0.9873733783368087, 0.13688711392876915], [-0.9965431956650562, 0.07572700948651412, 0.0341625410048176], [0.023365131749431084, -0.13913745644500403, 0.9899973933462376]], "trans": [-496.65954418093537, 436.73416292739597, 101.55702539652512]}], "rb_4XMM.renamed.noAb_Nup120_715-1036_Nup85_553-744_Nup145c_92-99_554-712_remaining_updated_1.pdb_38": [{"rot": [[-0.6455718622993162, 0.7506266242343194, 0.14070053872669147], [-0.7594954959530724, -0.6503327550886395, -0.015293766240354473], [0.08002226086775907, -0.11673465059444915, 0.9899340680652438]], "trans": [-357.9179781977817, 803.368950699832, 88.75585041994691]}], "rb_4XMM.renamed.noAb_Nup120_715-1036_Nup85_553-744_Nup145c_92-99_554-712_remaining_updated_1.pdb_39": [{"rot": [[-0.9915275181711889, 0.0713651685468518, 0.10853659948404734], [-0.07745418646464046, -0.9955885502519201, -0.052955524795616146], [0.10427861577706993, -0.06091347408872559, 0.9926809754226474]], "trans": [-1.3375902329611336, 964.098966602703, 59.59339640971217]}], "rb_4XMM.renamed.noAb_Nup120_715-1036_Nup85_553-744_Nup145c_92-99_554-712_remaining_updated_1.pdb_40": [{"rot": [[-0.7554784353724641, -0.65249005039735, 0.05923738532072112], [0.6500313169194524, -0.7577846630899662, -0.056759945468499474], [0.0819244817568853, -0.004374759203474979, 0.9966289383570877]], "trans": [364.1937139995276, 824.7664178220618, 31.177445016804597]}], "rb_4XMM.renamed.noAb_Nup120_715-1036_Nup85_553-744_Nup145c_92-99_554-712_remaining_updated_1.pdb_41": [{"rot": [[-0.07570549489870221, -0.9968944389821857, 0.021683071012508937], [0.9967897487712072, -0.07622996373705943, -0.02447834498649796], [0.026055225709518952, 0.019760317685643056, 0.9994651845152918]], "trans": [524.5444558281669, 466.9943928177262, 20.178466133290613]}], "rb_4XMM.renamed.noAb_Nup120_715-1036_Nup85_553-744_Nup145c_92-99_554-712_remaining_updated_1.pdb_42": [{"rot": [[0.6495707299221062, -0.7600910502727798, 0.017873503396993208], [0.7596851304179768, 0.6498111950046065, 0.024978259917465155], [-0.03060015441597165, -0.0026469117676009932, 0.9995282009067133]], "trans": [385.78082308354413, 100.37090521796756, 33.06382157592151]}], "rb_4XMM.renamed.noAb_Nup120_2-711_3F7F_updated_1.pdb_42": [{"rot": [[0.9940478743242521, 0.10870850807518172, -0.007161272477844066], [-0.1001411951304196, 0.9376359276885641, 0.3328822737026634], [0.04290180170208478, -0.3301837781897709, 0.9429412007283599]], "trans": [-58.11539540774038, -0.760259065044238, 186.85835930623108]}], "rb_4XMM.renamed.noAb_Nup120_2-711_3F7F_updated_1.pdb_43": [{"rot": [[0.6349719288775677, 0.731564239962599, 0.2482426481196252], [-0.7689077727505558, 0.5673700792237939, 0.29474061512686583], [0.07477624316103837, -0.37802771857302814, 0.9227695039657469]], "trans": [-353.75831695392037, 189.8599141105392, 209.53671192579387]}], "rb_4XMM.renamed.noAb_Nup120_2-711_3F7F_updated_1.pdb_44": [{"rot": [[-0.09043548243202931, 0.9111534243519966, 0.4020209706083925], [-0.9868928084940477, -0.136166847797564, 0.08660931880348324], [0.13365630572484957, -0.3889190492281175, 0.9115250764995333]], "trans": [-428.51843019760946, 534.3121201869507, 213.86087152867842]}], "rb_4XMM.renamed.noAb_Nup120_2-711_3F7F_updated_1.pdb_45": [{"rot": [[-0.7572204698148769, 0.5422701848205657, 0.3640881854001908], [-0.6263975948333537, -0.7608330016557269, -0.1695853672299686], [0.1850492185347557, -0.3564774750895255, 0.9157950624858544]], "trans": [-238.59829334379458, 830.8115168637021, 197.3216893500512]}], "rb_4XMM.renamed.noAb_Nup120_2-711_3F7F_updated_1.pdb_46": [{"rot": [[-0.974770985993781, -0.15898847566050373, 0.1566658529222562], [0.10139468908657844, -0.9406901416278136, -0.32376098355002053], [0.19884828862664294, -0.2997077277138345, 0.9330780439271208]], "trans": [104.74611290389328, 905.6646937212387, 169.632056413807]}], "rb_4XMM.renamed.noAb_Nup120_2-711_3F7F_updated_1.pdb_47": [{"rot": [[-0.6156428711288621, -0.7818153460342886, -0.09873509980494921], [0.7701330614742495, -0.5703754191325027, -0.2855992802401961], [0.16696982617379563, -0.2518663255671624, 0.9532494066050001]], "trans": [400.38070754869506, 715.0217211218015, 147.03695501900887]}], "rb_4XMM.renamed.noAb_Nup120_2-711_3F7F_updated_1.pdb_48": [{"rot": [[0.10978156138559098, -0.9613496637769537, -0.25249719352039524], [0.9880611545739114, 0.13317557995486567, -0.07745592117940729], [0.10808868396741224, -0.2409794365907999, 0.964492481846577]], "trans": [475.1204899391646, 370.5640572752342, 142.79691905484572]}], "rb_4XMM.renamed.noAb_Nup120_2-711_3F7F_updated_1.pdb_49": [{"rot": [[0.7765384504981132, -0.5924176941209658, -0.21454442568005214], [0.6275136186616694, 0.7578127602998244, 0.17873577907317328], [0.05669826533609726, -0.2734247538522347, 0.9602209176479748]], "trans": [285.18375505929754, 74.07997531109493, 159.41982627481784]}]}
