{"rb_ScNup133N_56-480_renamed_1.pdb_0": [{"rot": [[0.7305969142711828, 0.16948677914501076, 0.661439627292225], [0.4123039475710317, 0.6626581338817055, -0.6252116860854096], [-0.5442734640553138, 0.7294918980327796, 0.41425591972808656]], "trans": [-54.75846285261571, -2.8011774713933733, 383.69347062147085]}], "rb_ScNup133N_56-480_renamed_1.pdb_1": [{"rot": [[0.7978611147982722, 0.6017447583457982, 0.036344013210104], [-0.2547079611429163, 0.3911354060969434, -0.8843850680714815], [-0.5463895094374323, 0.696359346817961, 0.4653409116722771]], "trans": [-348.92603633649253, 197.3884701414295, 406.2076688531655]}], "rb_ScNup133N_56-480_renamed_1.pdb_2": [{"rot": [[0.375269212721095, 0.7161148941279749, -0.5885171844489926], [-0.7738792377746415, -0.10740649713413625, -0.6241592502837038], [-0.5101803047208212, 0.6896689805852186, 0.5138800968061674]], "trans": [-415.89707813758366, 547.5580228546651, 409.8831736407039]}], "rb_ScNup133N_56-480_renamed_1.pdb_3": [{"rot": [[-0.2896184971777195, 0.44559754833142773, -0.8470914655534787], [-0.8410720281582792, -0.5409146994579312, 0.003021814033812409], [-0.4568577125782582, 0.7133401102078566, 0.5314385360758145]], "trans": [-216.43709433785682, 842.5733360933863, 392.59082735611537]}], "rb_ScNup133N_56-480_renamed_1.pdb_4": [{"rot": [[-0.8073014195227359, -0.051334403581650534, -0.5879023703349833], [-0.4169238482687499, -0.6554339834875099, 0.6297466141508592], [-0.41765885933540553, 0.7535058541900062, 0.5077302481830653]], "trans": [132.6093575063004, 909.6103964416129, 364.48473517618055]}], "rb_ScNup133N_56-480_renamed_1.pdb_5": [{"rot": [[-0.8745135990750388, -0.48357121744005643, 0.03721347466125646], [0.25009331762532344, -0.38387733791644024, 0.8888709253391889], [-0.4155469859257571, 0.7866365533699338, 0.4566438824623514]], "trans": [426.7678576888731, 709.3980655199825, 342.0538470969919]}], "rb_ScNup133N_56-480_renamed_1.pdb_6": [{"rot": [[-0.4518811933611577, -0.5979024731464606, 0.6620543933030288], [0.7692314088011538, 0.11467352533104225, 0.6285960724518909], [-0.45175925757010005, 0.7933237770251793, 0.4081065522706237]], "trans": [493.71812250732216, 359.2236665714315, 338.4624985320464]}], "rb_ScNup133N_56-480_renamed_1.pdb_7": [{"rot": [[0.21301177523479561, -0.3273513090373462, 0.920579765193031], [0.8363720116008543, 0.5481604809973909, 0.001394734185769242], [-0.5050820149461479, 0.7696500552486463, 0.39055211001055196]], "trans": [294.2416561715294, 64.22441675422601, 355.83855700989056]}], "rb_ScNup133C_490_881_renamed_relative_3CQC_1.pdb_7": [{"rot": [[0.783067331116865, 0.33059134892097536, -0.526796844102279], [-0.2602205653278488, 0.9434774696520305, 0.20526938797457614], [0.5648812373569914, -0.023656379216021928, 0.8248330518380205]], "trans": [200.92005195877516, 97.20637966336977, -256.0032153131921]}], "rb_ScNup133C_490_881_renamed_relative_3CQC_1.pdb_8": [{"rot": [[0.38286367784537684, 0.8990442809168762, -0.2124494884375321], [-0.703342830473958, 0.43278133223827914, 0.5639230278033892], [0.5989359456633014, -0.06648081991610802, 0.7980326018250692]], "trans": [-109.80667530968111, 51.06482877578745, -230.9706323904037]}], "rb_ScNup133C_490_881_renamed_relative_3CQC_1.pdb_9": [{"rot": [[-0.21258088845250678, 0.9411623655980025, 0.2627218442511299], [-0.732663903697735, -0.3314235813169607, 0.5944426077977893], [0.6465392254791191, -0.06611967429602211, 0.7600100121628984]], "trans": [-362.1283550205085, 238.86898104880868, -211.7315497204417]}], "rb_ScNup133C_490_881_renamed_relative_3CQC_1.pdb_10": [{"rot": [[-0.6544465450711009, 0.4322722350931566, 0.6203550873588979], [-0.33100708687755864, -0.9014552573637478, 0.27894932767097885], [0.679804404282093, -0.02278450655216363, 0.7330394519941219]], "trans": [-408.2294761241566, 550.6006328375297, -209.53248830124875]}], "rb_ScNup133C_490_881_renamed_relative_3CQC_1.pdb_11": [{"rot": [[-0.683882160057475, -0.32951109679708246, 0.6509436444445136], [0.26633139333219413, -0.9433811026272424, -0.19773640062350645], [0.6792442712904199, 0.03813833102524984, 0.7329206557505077]], "trans": [-221.10143851303712, 803.6431039030072, -225.63768441776773]}], "rb_ScNup133C_490_881_renamed_relative_3CQC_1.pdb_12": [{"rot": [[-0.28364393511044, -0.8979242131064329, 0.3365683074685687], [0.7094222327520794, -0.43264036579767146, -0.5563653561819883], [0.6451869603084971, 0.08095938117135967, 0.7597232159465916]], "trans": [89.63542821418963, 849.7606635914216, -250.58848220048986]}], "rb_ScNup133C_490_881_renamed_relative_3CQC_1.pdb_13": [{"rot": [[0.3118029342370595, -0.9399826956759377, -0.13860541847617716], [0.7386965700690927, 0.3315678280458133, -0.5868476401700349], [0.5975837243176196, 0.08059346893376762, 0.7977458149034088]], "trans": [341.94899947815713, 661.9371119748879, -269.74434760086126]}], "rb_ScNup133C_490_881_renamed_relative_3CQC_1.pdb_14": [{"rot": [[0.7536372761204004, -0.43104809239177677, -0.49621406478175595], [0.3370050857147716, 0.9015595436141655, -0.27132630082724424], [0.5643212101668711, 0.037254950860617864, 0.8247142780334109]], "trans": [388.03234095034225, 350.202250697629, -271.8594996684558]}], "rb_ScNup84_506-726_ScNup133C_882_1155_renamed_relative_3CQC_new_1.pdb_14": [{"rot": [[0.9845283083150161, 0.16365352583247686, 0.06262214950775881], [-0.17382065550093437, 0.9573017124205002, 0.23099742664801373], [-0.022144747630053686, -0.23830852875920702, 0.970936998611663]], "trans": [-59.626811912762946, 48.64027936921673, 92.64735664927946]}], "rb_ScNup84_506-726_ScNup133C_882_1155_renamed_relative_3CQC_new_1.pdb_15": [{"rot": [[0.5749939457200884, 0.7861975296707622, 0.22644073556857175], [-0.8180440865064729, 0.547844423211063, 0.17512955344067072], [0.013632128118346007, -0.2859369376210943, 0.958151466516039]], "trans": [-321.86541440811243, 220.42974558287239, 112.7547984810214]}], "rb_ScNup84_506-726_ScNup133C_882_1155_renamed_relative_3CQC_new_1.pdb_16": [{"rot": [[-0.1688057462866907, 0.937940417930806, 0.30293958544960603], [-0.9828886194689681, -0.18317265618333994, 0.01943552790964928], [0.07371961570016648, -0.29447504213180054, 0.9528115594505007]], "trans": [-386.2700800023218, 527.8765213443871, 116.43361367755844]}], "rb_ScNup84_506-726_ScNup133C_882_1155_renamed_relative_3CQC_new_1.pdb_17": [{"rot": [[-0.8111424205520927, 0.5299890670951501, 0.24730459425676848], [-0.5717860026710753, -0.8075094133126479, -0.14487689450321822], [0.12291761765640243, -0.25892110028168036, 0.9580454702667296]], "trans": [-215.10973414525483, 790.8740672083068, 101.55270532665162]}], "rb_ScNup84_506-726_ScNup133C_882_1155_renamed_relative_3CQC_new_1.pdb_18": [{"rot": [[-0.9757261963443378, -0.1986728694026312, 0.09212752428419915], [0.17443405442010282, -0.9594205727022368, -0.22155117994331797], [0.13240525074926324, -0.20010311251711427, 0.9707871002104363]], "trans": [91.34939253840548, 855.3548293373299, 76.85352426225643]}], "rb_ScNup84_506-726_ScNup133C_882_1155_renamed_relative_3CQC_new_1.pdb_19": [{"rot": [[-0.5661415771730907, -0.821184955028833, -0.0716867088814842], [0.818625320657749, -0.5499144352343384, -0.16567045089241494], [0.09662452573732447, -0.15247748540421258, 0.9835722228036156]], "trans": [353.58113590294903, 683.5451848927084, 56.82920391153493]}], "rb_ScNup84_506-726_ScNup133C_882_1155_renamed_relative_3CQC_new_1.pdb_20": [{"rot": [[0.17767099190800179, -0.9728708326032193, -0.14817341767113668], [0.9834114691829964, 0.18111452972581393, -0.00997042634680774], [0.036536295840802466, -0.14394398282705528, 0.9889111329609537]], "trans": [417.96835655710845, 376.0937629012677, 53.23427838004352]}], "rb_ScNup84_506-726_ScNup133C_882_1155_renamed_relative_3CQC_new_1.pdb_21": [{"rot": [[0.8199756201740118, -0.5648707762718407, -0.09252560961318598], [0.5722584507050611, 0.8054192469961576, 0.15433762394434086], [-0.012658906622878573, -0.17950165091772752, 0.9836762218336492]], "trans": [246.79402612112966, 113.11005822582331, 68.19871063376635]}], "rb_4XMM.renamed.noAb_Nup145c_149-550_Sec13_Nup84_7-436_3IKO_updated_1.pdb_21": [{"rot": [[0.9970908591393983, -0.008937278410136763, 0.07569639142836875], [0.008521511196263097, 0.9999467905061263, 0.005813777036444693], [-0.07574432300568192, -0.005151816293039984, 0.9971139635574733]], "trans": [-18.565061113437082, -7.011547629544509, 43.288722475276586]}], "rb_4XMM.renamed.noAb_Nup145c_149-550_Sec13_Nup84_7-436_3IKO_updated_1.pdb_22": [{"rot": [[0.711389794234382, 0.6985142734162088, 0.07747496687956301], [-0.7010508916024786, 0.7130641465534237, 0.008195747885773694], [-0.04951977425769672, -0.06014426600984757, 0.9969606106680461]], "trans": [-332.964747176734, 149.2964928847075, 67.6290500972056]}], "rb_4XMM.renamed.noAb_Nup145c_149-550_Sec13_Nup84_7-436_3IKO_updated_1.pdb_23": [{"rot": [[0.009121541965301572, 0.9967199659565117, 0.08041210689830894], [-0.999927115764382, 0.00845564209045302, 0.008617730325451566], [0.007909527880935137, -0.08048485311217249, 0.9967244492778397]], "trans": [-445.179161529287, 482.80141429808134, 74.99181312615315]}], "rb_4XMM.renamed.noAb_Nup145c_149-550_Sec13_Nup84_7-436_3IKO_updated_1.pdb_24": [{"rot": [[-0.6983152535062589, 0.710986699820398, 0.08278719344795092], [-0.7130212550206434, -0.7011091259884645, 0.0068325210923626395], [0.062900688464243, -0.05425777487319468, 0.996543826059112]], "trans": [-289.46960468086434, 798.13144802241, 61.08780606598981]}], "rb_4XMM.renamed.noAb_Nup145c_149-550_Sec13_Nup84_7-436_3IKO_updated_1.pdb_25": [{"rot": [[-0.9964941425342432, 0.008701051149455323, 0.08320886733898826], [-0.008406807967581377, -0.9999571116794694, 0.003885920926700544], [0.08323911024716084, 0.0031727764728895027, 0.9965245526401812]], "trans": [42.94898280124005, 910.5619309436856, 34.08619720024518]}], "rb_4XMM.renamed.noAb_Nup145c_149-550_Sec13_Nup84_7-436_3IKO_updated_1.pdb_26": [{"rot": [[-0.7107377276037229, -0.6987281448372314, 0.0814301060604495], [0.7011431472474167, -0.7130189512081727, 0.0015040897525725044], [0.05701025897750832, 0.05816317417676995, 0.9966779196616122]], "trans": [357.3430186071899, 754.2296176919954, 9.828914626344101]}], "rb_4XMM.renamed.noAb_Nup145c_149-550_Sec13_Nup84_7-436_3IKO_updated_1.pdb_27": [{"rot": [[-0.008446145746447642, -0.996878890378998, 0.0784929330498366], [0.9999642422050365, -0.00838706480672291, 0.0010823378556022653], [-0.00042063444414922047, 0.07849926789890588, 0.9969140825597755]], "trans": [469.5379569452186, 420.71629845097584, 2.5502214049486724]}], "rb_4XMM.renamed.noAb_Nup145c_149-550_Sec13_Nup84_7-436_3IKO_updated_1.pdb_28": [{"rot": [[0.6989682920742868, -0.7110902748119657, 0.07611798567090605], [0.713002866101666, 0.7011552531613126, 0.002867733443736739], [-0.05540974287580755, 0.0522678871979486, 0.9970946937790304]], "trans": [313.8103343275424, 105.398894964997, 16.53808355591326]}], "rb_4XMM.renamed.noAb_Seh1_Nup85_47_544_3F3F_1.pdb_28": [{"rot": [[0.649772655261885, -0.7323460792558772, 0.2036288699385872], [0.26067696232584536, 0.46632944729992376, 0.8453309221207513], [-0.7140329248616563, -0.49619156258394226, 0.4939138745105431]], "trans": [492.3939960073699, -80.01708943117524, 752.0126564526211]}], "rb_4XMM.renamed.noAb_Seh1_Nup85_47_544_3F3F_1.pdb_29": [{"rot": [[0.6303099695355552, -0.20024269648468024, 0.7500747994757818], [-0.3147393578371109, 0.8172923471534226, 0.4826720997869409], [-0.7096819561834534, -0.5403110972291758, 0.4521232567327558]], "trans": [-8.18177741788486, -221.60931973941956, 792.6417965342014]}], "rb_4XMM.renamed.noAb_Seh1_Nup85_47_544_3F3F_1.pdb_30": [{"rot": [[0.21093552140640867, 0.42354076063338364, 0.880976407113779], [-0.7076489353864461, 0.6879096547587219, -0.1612863637638555], [-0.6743435252565545, -0.589400993358369, 0.4448227500620128]], "trans": [-462.0788353367462, 33.39877492857998, 827.6207060958452]}], "rb_4XMM.renamed.noAb_Seh1_Nup85_47_544_3F3F_1.pdb_31": [{"rot": [[-0.3626752242317806, 0.7735831475718069, 0.5196496853855731], [-0.6878797997687167, 0.1539755756166009, -0.7093045207692446], [-0.6287193831898131, -0.6147036976515057, 0.4762890942431796]], "trans": [-603.3959679325649, 535.6199738973535, 836.4822516149038]}], "rb_4XMM.renamed.noAb_Seh1_Nup85_47_544_3F3F_1.pdb_32": [{"rot": [[-0.7544930046726488, 0.6448246984644059, -0.12223507741367715], [-0.2670129893736008, -0.4717237782409707, -0.8403456077994564], [-0.5995367957063295, -0.6013965291655354, 0.5280888611794756]], "trans": [-349.3456930198771, 990.8461342872679, 814.0592196797072]}], "rb_4XMM.renamed.noAb_Seh1_Nup85_47_544_3F3F_1.pdb_33": [{"rot": [[-0.7349854395032309, 0.11269392829242839, -0.668652736661015], [0.30840178404741625, -0.8226449029633379, -0.47764390839286575], [-0.6038913340284114, -0.5572750148306153, 0.5698770170229048]], "trans": [151.24766958785227, 1132.399469448229, 773.5113434638299]}], "rb_4XMM.renamed.noAb_Seh1_Nup85_47_544_3F3F_1.pdb_34": [{"rot": [[-0.3155803354564409, -0.5110794547335213, -0.7995041230803547], [0.7012784328759971, -0.6932132557002794, 0.166324807844185], [-0.6392320482079933, -0.5081861598574934, 0.5771734708673886]], "trans": [605.1313830478662, 877.3561565360998, 738.6161454807745]}], "rb_4XMM.renamed.noAb_Seh1_Nup85_47_544_3F3F_1.pdb_35": [{"rot": [[0.2580288839051446, -0.8610802076321422, -0.438134649502699], [0.6814642766676113, -0.1592517204047215, 0.7143145869811328], [-0.684855849574606, -0.48288690764228004, 0.5457038571708298]], "trans": [746.415881594193, 375.1242811606969, 729.8397296324927]}], "rb_4XMM.renamed.noAb_Nup120_715-1036_Nup85_553-744_Nup145c_92-99_554-712_remaining_updated_1.pdb_35": [{"rot": [[0.9897180433637645, -0.08011789511313201, 0.11848762603260408], [0.07787675475725715, 0.996687574486375, 0.023432668071390463], [-0.11997252063984938, -0.013964302600098424, 0.9926789977350248]], "trans": [10.415992373328322, -47.32598129644225, 73.97597860859793]}], "rb_4XMM.renamed.noAb_Nup120_715-1036_Nup85_553-744_Nup145c_92-99_554-712_remaining_updated_1.pdb_36": [{"rot": [[0.75418327586548, 0.6455794155036945, 0.12014493198933175], [-0.6493612219165614, 0.76041749279349, -0.009759104707529546], [-0.09766058506809831, -0.07065730628583577, 0.992708393836068]], "trans": [-340.2334619700241, 102.13292270132308, 101.23896150572182]}], "rb_4XMM.renamed.noAb_Nup120_715-1036_Nup85_553-744_Nup145c_92-99_554-712_remaining_updated_1.pdb_37": [{"rot": [[0.07494862466532132, 0.9923680071139871, 0.09792059087540878], [-0.9963095291226118, 0.07864022042797641, -0.03439531814822626], [-0.04183331017568672, -0.09498133599635077, 0.9945996782485365]], "trans": [-482.9176525686484, 456.51069129252403, 110.92879811369255]}], "rb_4XMM.renamed.noAb_Nup120_715-1036_Nup85_553-744_Nup145c_92-99_554-712_remaining_updated_1.pdb_38": [{"rot": [[-0.6500806743550768, 0.7570942330332953, 0.06483393507858101], [-0.7597209565284586, -0.6492495033989075, -0.03604373104653001], [0.01480489924083473, -0.07268703215840486, 0.997244909896496]], "trans": [-334.04825538352003, 808.2079477050777, 97.39305042205137]}], "rb_4XMM.renamed.noAb_Nup120_715-1036_Nup85_553-744_Nup145c_92-99_554-712_remaining_updated_1.pdb_39": [{"rot": [[-0.9961722349164484, 0.07758478747830275, 0.04026759408647689], [-0.07819242585863026, -0.9968436152242668, -0.013738679883992614], [0.03907458150651496, -0.01683471230995085, 0.9990944747828056]], "trans": [19.166850995076572, 951.1955969963736, 68.5851551837905]}], "rb_4XMM.renamed.noAb_Nup120_715-1036_Nup85_553-744_Nup145c_92-99_554-712_remaining_updated_1.pdb_40": [{"rot": [[-0.7605807409509386, -0.6480941152616935, 0.03861287683767896], [0.6490270400682052, -0.7605165832638296, 0.019453221867150122], [0.0167582145475986, 0.03985654706407702, 0.9990648717182]], "trans": [369.81119025682307, 801.7095748808955, 41.40518852199256]}], "rb_4XMM.renamed.noAb_Nup120_715-1036_Nup85_553-744_Nup145c_92-99_554-712_remaining_updated_1.pdb_41": [{"rot": [[-0.08131901146360854, -0.9948295418890749, 0.06083914002804623], [0.9959220243176381, -0.07871211505117137, 0.044087690155264085], [-0.039070959210607006, 0.06417620687561607, 0.9971734425953285]], "trans": [512.4742777162693, 447.32101766198195, 31.799563045855393]}], "rb_4XMM.renamed.noAb_Nup120_715-1036_Nup85_553-744_Nup145c_92-99_554-712_remaining_updated_1.pdb_42": [{"rot": [[0.6436918548214791, -0.7594989905160068, 0.0939259252903506], [0.7592765538970732, 0.6491591184917319, 0.04573350611116929], [-0.09570742258919507, 0.04187746749986339, 0.9945282132635197]], "trans": [363.58397852940186, 95.6358558323085, 45.41939449980595]}], "rb_4XMM.renamed.noAb_Nup120_2-711_3F7F_updated_1.pdb_42": [{"rot": [[0.975299953908391, 0.018966997178290555, 0.2200687459052958], [-0.042580935718032724, 0.9937632097341885, 0.10306088924601975], [-0.2167414676975029, -0.10988601365434231, 0.9700248451372214]], "trans": [-61.582519417097274, 0.2863341020730559, 205.79399773637076]}], "rb_4XMM.renamed.noAb_Nup120_2-711_3F7F_updated_1.pdb_43": [{"rot": [[0.6571272352280307, 0.7118669345157367, 0.2478492773133148], [-0.7299492951722015, 0.6829932113346912, -0.026349568276010024], [-0.18803676023365967, -0.16360238633312696, 0.9684402077500375]], "trans": [-355.10413057431936, 194.1341403816641, 228.28756482354433]}], "rb_4XMM.renamed.noAb_Nup120_2-711_3F7F_updated_1.pdb_44": [{"rot": [[-0.0524588859494331, 0.9829412653629974, 0.1762797042530254], [-0.9900973394614783, -0.028177084110602324, -0.13752567150291006], [-0.13021260951323668, -0.181748509698467, 0.9746856701245483]], "trans": [-426.08856286061445, 539.3629388379628, 232.3070007863273]}], "rb_4XMM.renamed.noAb_Nup120_2-711_3F7F_updated_1.pdb_45": [{"rot": [[-0.7377728546739333, 0.6733908245616821, 0.04728649175412536], [-0.6706266761537801, -0.7231340900286735, -0.16533889158130685], [-0.07714321834878299, -0.15369412882260694, 0.9851025523407457]], "trans": [-232.95022162291184, 833.732948404391, 215.52166826486126]}], "rb_4XMM.renamed.noAb_Nup120_2-711_3F7F_updated_1.pdb_46": [{"rot": [[-0.9973480851396987, -0.03544537500558285, -0.06356431749723353], [0.04131227564889039, -0.9947621934589325, -0.09349585202287243], [-0.05991738436285085, -0.09587389558939578, 0.9935884979183421]], "trans": [111.16964293039416, 904.7981836549792, 187.78865662459572]}], "rb_4XMM.renamed.noAb_Nup120_2-711_3F7F_updated_1.pdb_47": [{"rot": [[-0.679121747329135, -0.72832109304188, -0.09133475644519479], [0.7286556396413086, -0.6839378214556758, 0.035916781612204435], [-0.08862624398865854, -0.042159717892137336, 0.995172320286149]], "trans": [404.6826753931509, 710.9277445552956, 165.37836002104908]}], "rb_4XMM.renamed.noAb_Nup120_2-711_3F7F_updated_1.pdb_48": [{"rot": [[0.030484683076966723, -0.9993399643739224, -0.01975651039085355], [0.9887479816552839, 0.027253726237943532, 0.14708726382236156], [-0.14645174246248716, -0.024018118395790995, 0.9889261939692093]], "trans": [475.6467161541816, 365.69378469830565, 161.4430510909475]}], "rb_4XMM.renamed.noAb_Nup120_2-711_3F7F_updated_1.pdb_49": [{"rot": [[0.7157737536960435, -0.6897353128093134, 0.10923887487388766], [0.6692235404370067, 0.722186413182181, 0.1748903586250897], [-0.1995188874388394, -0.05207670188186942, 0.9785091878343674]], "trans": [282.49194288196344, 71.33934236224763, 178.3120941945872]}]}
