{"rb_ScNup133N_56-480_renamed_1.pdb_0": [{"rot": [[-0.6406873014158715, 0.011821070094298065, 0.7677109118061801], [0.12086415796027203, -0.9858626121188783, 0.11604639307922908], [0.7582292774121856, 0.16713818333334315, 0.6302009128421087]], "trans": [771.2023361608778, 287.1244530206941, -359.83370208742684]}], "rb_ScNup133N_56-480_renamed_1.pdb_1": [{"rot": [[-0.3540127234368221, -0.6833383213676375, 0.6385324817073172], [0.5806696656249984, -0.6958073424061135, -0.42269951700551534], [0.733142367530208, 0.22113543543313638, 0.6431184868498188]], "trans": [426.3280476418189, -222.53904589083612, -329.8240939354047]}], "rb_ScNup133N_56-480_renamed_1.pdb_2": [{"rot": [[0.17288510864833762, -0.9706125906809118, 0.16739754484263858], [0.7023151883547762, 0.0023241318142683265, -0.7118623284157598], [0.6905534848321668, 0.2406362342271018, 0.6820777722248039]], "trans": [-176.8820554023354, -338.13854806257064, -281.1408291638647]}], "rb_ScNup133N_56-480_renamed_1.pdb_3": [{"rot": [[0.6313420155446884, -0.6817124203146112, -0.3696964097699174], [0.41453906373263066, 0.6995565492901809, -0.5820463890317422], [0.6554117973058204, 0.2142167368204712, 0.7242558702684739]], "trans": [-685.057076006603, 8.045881625853099, -242.27924580882132]}], "rb_ScNup133N_56-480_renamed_1.pdb_4": [{"rot": [[0.7527874769499611, 0.014120396438282862, -0.6581121704935556], [-0.11407539679442785, 0.9874413288871485, -0.10929970654936552], [0.6483038010018968, 0.15735385730896242, 0.7449442564356644]], "trans": [-800.4990084939498, 613.2146398576766, -235.98100244679802]}], "rb_ScNup133N_56-480_renamed_1.pdb_5": [{"rot": [[0.46607702919194116, 0.7092571842812088, -0.5288917180341425], [-0.5738583887857549, 0.6973315075418751, 0.4294360467049709], [0.673393460377982, 0.10335867227701828, 0.7320233824033904]], "trans": [-455.5784277427761, 1122.8514519763862, -265.91169394331274]}], "rb_ScNup133N_56-480_renamed_1.pdb_6": [{"rot": [[-0.06083030481541002, 0.9964770114670726, -0.057734215450782056], [-0.6954625525926447, -0.000822490853096769, 0.7185618703007561], [0.7159828992073682, 0.0838623224484607, 0.6930624783640817]], "trans": [147.64724000195565, 1238.4040043589707, -314.5134942957706]}], "rb_ScNup133N_56-480_renamed_1.pdb_7": [{"rot": [[-0.5192647794171766, 0.7075224534308313, 0.47934962892240673], [-0.4076504544383108, -0.6980322100666156, 0.5887037801014664], [0.7511226237127134, 0.11028604445139112, 0.6508853912527122]], "trans": [655.8018064327304, 892.1800993239033, -353.29077867112994]}], "rb_ScNup133C_490_881_renamed_relative_3CQC_1.pdb_7": [{"rot": [[0.7816825243429584, 0.3414331856328163, -0.5219155208321048], [-0.26703834718487185, 0.9394763796797285, 0.21465007141075562], [0.5636159616880915, -0.02841675161761889, 0.8255480215940865]], "trans": [196.38088527966096, 100.47530117114988, -255.03005811420746]}], "rb_ScNup133C_490_881_renamed_relative_3CQC_1.pdb_8": [{"rot": [[0.37705045127420433, 0.9038156796633872, -0.20236149433261333], [-0.7072605999072838, 0.4220370336569681, 0.5671571087809938], [0.598009532543343, -0.07072453192942818, 0.7983624737991233]], "trans": [-110.70088713393761, 56.63137648473048, -230.29917969946803]}], "rb_ScNup133C_490_881_renamed_relative_3CQC_1.pdb_9": [{"rot": [[-0.21948243019461805, 0.9368864974210392, 0.27216016201127136], [-0.7313905662099264, -0.342628016894924, 0.5896387722137808], [0.6456743006307343, -0.06964002433075761, 0.7604307756240694]], "trans": [-358.8246669104744, 243.47396935637437, -211.39001720728186]}], "rb_ScNup133C_490_881_renamed_relative_3CQC_1.pdb_10": [{"rot": [[-0.6584587469854446, 0.42127228756480917, 0.6236679711579473], [-0.3252925716001859, -0.906567203585437, 0.26892498627873535], [0.6786875727314413, -0.025798548664465293, 0.7339738506968153]], "trans": [-402.6341319722952, 551.5481711964924, -209.35581974357598]}], "rb_ScNup133C_490_881_renamed_relative_3CQC_1.pdb_11": [{"rot": [[-0.6827199831561418, -0.34097287561116374, 0.6462437022491827], [0.2731354526978268, -0.9394169993087356, -0.20710559115901073], [0.6777097085617334, 0.03511694045932752, 0.7344905386823886]], "trans": [-216.463166633465, 800.3798875160767, -225.3642439635874]}], "rb_ScNup133C_490_881_renamed_relative_3CQC_1.pdb_12": [{"rot": [[-0.2780535644744856, -0.903315027861594, 0.32666217369392375], [0.7133259322151935, -0.4219335305479923, -0.5595875358052842], [0.6433135547401103, 0.07742129060350655, 0.7616781564735392]], "trans": [90.62856593918235, 844.2001071630946, -250.01332433926513]}], "rb_ScNup133C_490_881_renamed_relative_3CQC_1.pdb_13": [{"rot": [[0.318481215199306, -0.9363262073738333, -0.14786124898060637], [0.7374090773648799, 0.34273409017983975, -0.5820319544908786], [0.5956488631610474, 0.07633201696227454, 0.7996098142228003]], "trans": [338.74431215042495, 657.338444398405, -268.8392771333171]}], "rb_ScNup133C_490_881_renamed_relative_3CQC_1.pdb_14": [{"rot": [[0.7574258707919332, -0.42066799973198055, -0.4993440539914082], [0.33127664214585306, 0.9066327888389449, -0.2612905902834694], [0.5626382822237112, 0.0324872313934238, 0.8260646119842807]], "trans": [382.5362827769585, 349.26121281418824, -270.78958885186705]}], "rb_ScNup84_506-726_ScNup133C_882_1155_renamed_relative_3CQC_new_1.pdb_14": [{"rot": [[0.9830910526374724, 0.16795684666709296, 0.0729553279876955], [-0.17953580692271928, 0.9624750323765167, 0.20349129240444344], [-0.03603992587053493, -0.21314856253202666, 0.9763548607108875]], "trans": [-62.22670082029458, 59.60650080239853, 92.28338885901567]}], "rb_ScNup84_506-726_ScNup133C_882_1155_renamed_relative_3CQC_new_1.pdb_15": [{"rot": [[0.5696711982127415, 0.7933928593986987, 0.21448192600313803], [-0.8218726936228962, 0.5499188442760697, 0.14870958337348805], [3.7468706929680295e-05, -0.2609924048037183, 0.965340853393695]], "trans": [-315.9847076416079, 229.99530261661224, 111.72168959707474]}], "rb_ScNup84_506-726_ScNup133C_882_1155_renamed_relative_3CQC_new_1.pdb_16": [{"rot": [[-0.17554714706066787, 0.944997063752673, 0.27597780464683297], [-0.9826275874058386, -0.1853400582751059, 0.009596211104409502], [0.06021813371269763, -0.2694988168757065, 0.9611161033271438]], "trans": [-375.3778047651424, 530.4363091687904, 115.03513813004284]}], "rb_ScNup84_506-726_ScNup133C_882_1155_renamed_relative_3CQC_new_1.pdb_17": [{"rot": [[-0.8160045689429235, 0.5339575791991767, 0.221417811117415], [-0.5676280048494967, -0.8125766430120054, -0.1323542494290169], [0.10924738703901354, -0.23368462261581024, 0.9661555286691957]], "trans": [-205.6107651139987, 784.927059397654, 100.30667448886942]}], "rb_ScNup84_506-726_ScNup133C_882_1155_renamed_relative_3CQC_new_1.pdb_18": [{"rot": [[-0.9765120792457515, -0.19893286855361975, 0.08276395892032586], [0.18001344709050987, -0.9643468745599079, -0.19398521694481646], [0.11840320077484955, -0.17453028200161586, 0.9775069629985789]], "trans": [93.86639910818792, 844.3834002947361, 76.18844524707794]}], "rb_ScNup84_506-726_ScNup133C_882_1155_renamed_relative_3CQC_new_1.pdb_19": [{"rot": [[-0.5630421152778609, -0.8243367214568149, -0.05875837030806359], [0.8223178641232534, -0.5517416113177884, -0.13919240167559194], [0.08232197013677935, -0.12668924184112113, 0.9885205760299172]], "trans": [347.6176558113088, 673.9750858232986, 56.833254062728486]}], "rb_ScNup84_506-726_ScNup133C_882_1155_renamed_relative_3CQC_new_1.pdb_20": [{"rot": [[0.1821887881418668, -0.9758835842853916, -0.12024340064092072], [0.9830142622586725, 0.18352916577290845, -7.42073847503355e-05], [0.022140588777936412, -0.11818745801900996, 0.9927444379575082]], "trans": [406.9938542652203, 373.5298261531235, 53.60364974099531]}], "rb_ScNup84_506-726_ScNup133C_882_1155_renamed_relative_3CQC_new_1.pdb_21": [{"rot": [[0.8226138600344166, -0.5647951679836032, -0.0656723343703302], [0.5679644256498251, 0.8107334681744955, 0.14187196614559383], [-0.026885841544191862, -0.15400539537342706, 0.9877041509077162]], "trans": [237.21349355048642, 119.05280747233996, 68.41558493215729]}], "rb_4XMM.renamed.noAb_Nup145c_149-550_Sec13_Nup84_7-436_3IKO_updated_1.pdb_21": [{"rot": [[0.9985217476574496, 0.0002283541244154396, 0.054353172027996936], [0.0017389945792801876, 0.9993450209519693, -0.03614560825826567], [-0.0543258258378499, 0.036186695799708374, 0.9978673397271473]], "trans": [-15.91087884556157, 11.122624829907124, 14.650316870016297]}], "rb_4XMM.renamed.noAb_Nup145c_149-550_Sec13_Nup84_7-436_3IKO_updated_1.pdb_22": [{"rot": [[0.7080460298622366, 0.7054051558518143, 0.032777823204123244], [-0.7056215594796168, 0.7085600913914392, -0.006388402375205511], [-0.027731469378251966, -0.01860545578671388, 0.9994422457656522]], "trans": [-318.86483514085126, 158.59904382437395, 38.12131896607798]}], "rb_4XMM.renamed.noAb_Nup145c_149-550_Sec13_Nup84_7-436_3IKO_updated_1.pdb_23": [{"rot": [[0.003959466718766125, 0.9992510712170064, 0.03849180815402954], [-0.9995474821513322, 0.002806980151882854, 0.029949153366291066], [0.029818677841810345, -0.038592972599821425, 0.9988100064164727]], "trans": [-429.20827813339787, 477.74251751726507, 45.40482921721775]}], "rb_4XMM.renamed.noAb_Nup145c_149-550_Sec13_Nup84_7-436_3IKO_updated_1.pdb_24": [{"rot": [[-0.7012741054629761, 0.7096270197716551, 0.06814779392687292], [-0.7078528235792653, -0.7044741890836989, 0.05158000645331941], [0.08461092812374871, -0.01206688546650882, 0.9963409964049326]], "trans": [-282.298549736358, 781.5944158914853, 32.25806952201009]}], "rb_4XMM.renamed.noAb_Nup145c_149-550_Sec13_Nup84_7-436_3IKO_updated_1.pdb_25": [{"rot": [[-0.9945189163055581, 0.006198854551573327, 0.10437288590752233], [-0.0014164276496192126, -0.9989481347126161, 0.04583249815246979], [0.10454720868167466, 0.04543344975270084, 0.9934815966088335]], "trans": [35.804473067375795, 892.1541293628286, 6.406601980405696]}], "rb_4XMM.renamed.noAb_Nup145c_149-550_Sec13_Nup84_7-436_3IKO_updated_1.pdb_26": [{"rot": [[-0.7039880208655623, -0.6989552869201857, 0.1259459144399164], [0.7059213041488369, -0.708107867302816, 0.01607359986624697], [0.07794856526319933, 0.1002235259316679, 0.991906883746267]], "trans": [338.75346760601843, 744.6543356830018, -16.98141431484453]}], "rb_4XMM.renamed.noAb_Nup145c_149-550_Sec13_Nup84_7-436_3IKO_updated_1.pdb_27": [{"rot": [[0.0001214858226354365, -0.9927461658960709, 0.12022909523007638], [0.9997919550665492, -0.0023317163507302063, -0.02026350618881389], [0.020396858223737796, 0.12020654390467939, 0.9925393468155759]], "trans": [449.07855463727424, 425.502610531918, -24.180944745766737]}], "rb_4XMM.renamed.noAb_Nup145c_149-550_Sec13_Nup84_7-436_3IKO_updated_1.pdb_28": [{"rot": [[0.7053323267970452, -0.7030669430206153, 0.09057142157827744], [0.708041954219744, 0.7049266974721814, -0.04189203093246278], [-0.03439331097392416, 0.09367616998259176, 0.9950084800330298]], "trans": [302.15165593377014, 121.66265133758611, -10.950397971361156]}], "rb_4XMM.renamed.noAb_Seh1_Nup85_47_544_3F3F_1.pdb_28": [{"rot": [[0.6653110890770507, -0.7116643877722438, 0.2255991000156518], [0.21744714387471584, 0.4738018923815862, 0.8533630566156251], [-0.7141973777408059, -0.518696024615951, 0.469975041545582]], "trans": [467.42439657671696, -66.64758845184485, 772.4532827247353]}], "rb_4XMM.renamed.noAb_Seh1_Nup85_47_544_3F3F_1.pdb_29": [{"rot": [[0.6108459927959713, -0.18075747101243803, 0.7708397432399927], [-0.3562675551088197, 0.8067041645679733, 0.4714889394731104], [-0.7070647793957032, -0.5626323200295925, 0.4283739840329123]], "trans": [-16.054324877265344, -193.38071287491312, 811.6473853319405]}], "rb_4XMM.renamed.noAb_Seh1_Nup85_47_544_3F3F_1.pdb_30": [{"rot": [[0.1679114804135921, 0.4294488280625493, 0.8873440363359777], [-0.7231452617313117, 0.665404585714999, -0.18519629517085237], [-0.6699751228074626, -0.6105820513126468, 0.4222829542308944]], "trans": [-447.38341774426164, 60.00221122942717, 844.8353955594713]}], "rb_4XMM.renamed.noAb_Seh1_Nup85_47_544_3F3F_1.pdb_31": [{"rot": [[-0.4040151653398641, 0.761487055545773, 0.5068621216974458], [-0.6682638424776403, 0.1326784414387971, -0.7319971776000209], [-0.6246560517696336, -0.6344555897882891, 0.45527016328107023]], "trans": [-573.882304343312, 545.0660110168028, 852.599313966282]}], "rb_4XMM.renamed.noAb_Seh1_Nup85_47_544_3F3F_1.pdb_32": [{"rot": [[-0.7698912512163179, 0.6208445360385537, -0.14771433028535397], [-0.22377360657461848, -0.4793957815049985, -0.8485900409949463], [-0.5976561170950779, -0.6202674800005961, 0.5080112390021994]], "trans": [-321.44423993112815, 977.6535899673714, 830.4149325796002]}], "rb_4XMM.renamed.noAb_Seh1_Nup85_47_544_3F3F_1.pdb_33": [{"rot": [[-0.7153814072565319, 0.08991164052774547, -0.6929252045129247], [0.34993679847343745, -0.8122563730693692, -0.46667314201950766], [-0.6047922612152291, -0.5763293167155461, 0.5496097155876767]], "trans": [162.05091132218809, 1104.3491616422064, 791.302179716708]}], "rb_4XMM.renamed.noAb_Seh1_Nup85_47_544_3F3F_1.pdb_34": [{"rot": [[-0.27241826864094854, -0.5202836546425934, -0.8093782833894292], [0.7167797280726654, -0.6709089053815657, 0.19002121487820758], [-0.6418840302848705, -0.5283806955136237, 0.5556966189152095]], "trans": [593.3667858700753, 850.9327905418085, 758.1978623956895]}], "rb_4XMM.renamed.noAb_Seh1_Nup85_47_544_3F3F_1.pdb_35": [{"rot": [[0.29950411224916906, -0.8522803418080169, -0.4288537113205989], [0.6618534215785303, -0.13815671801239748, 0.7367922160370857], [-0.6872025429890621, -0.504510594770474, 0.5227061551901924]], "trans": [719.8343761878139, 365.85947682280255, 750.5189613752582]}], "rb_4XMM.renamed.noAb_Nup120_715-1036_Nup85_553-744_Nup145c_92-99_554-712_remaining_updated_1.pdb_35": [{"rot": [[0.9926673554556539, -0.1025087514141372, 0.06405838974087029], [0.09469454453697337, 0.9888447300914215, 0.11497409710608301], [-0.0751296522527143, -0.10806505287991332, 0.9913009027023266]], "trans": [38.31666952062517, -79.42805622141066, 100.91452310492576]}], "rb_4XMM.renamed.noAb_Nup120_715-1036_Nup85_553-744_Nup145c_92-99_554-712_remaining_updated_1.pdb_36": [{"rot": [[0.769017034139457, 0.622316193316909, 0.14606627515927229], [-0.63696502329739, 0.7652319632907133, 0.09325020886837465], [-0.0537434675017179, -0.16475010741663126, 0.9848700634129864]], "trans": [-342.552581420358, 61.32179773023108, 130.6285845539272]}], "rb_4XMM.renamed.noAb_Nup120_715-1036_Nup85_553-744_Nup145c_92-99_554-712_remaining_updated_1.pdb_37": [{"rot": [[0.095072289061021, 0.9774097611619716, 0.18876286350337657], [-0.9954688880022264, 0.09301994610842007, 0.019722642966813128], [0.0017183923613205004, -0.18978263464101058, 0.9818246272712905]], "trans": [-512.7521903449599, 430.9804001640629, 142.43722190664758]}], "rb_4XMM.renamed.noAb_Nup120_715-1036_Nup85_553-744_Nup145c_92-99_554-712_remaining_updated_1.pdb_38": [{"rot": [[-0.6343605454918004, 0.7547531332581064, 0.16713589129931128], [-0.7708004307289508, -0.6340000436006279, -0.06253511575478744], [0.05876558781640899, -0.1684982271463762, 0.9839486537096938]], "trans": [-372.5749131913991, 812.9966463832309, 129.44677380126362]}], "rb_4XMM.renamed.noAb_Nup120_715-1036_Nup85_553-744_Nup145c_92-99_554-712_remaining_updated_1.pdb_39": [{"rot": [[-0.991969430034998, 0.08478170168985132, 0.09385474380452591], [-0.09457360157349552, -0.9899294448830163, -0.10533531240291562], [0.08397906740050082, -0.11336559095323044, 0.9899978580918072]], "trans": [-4.136662076575419, 983.580149718655, 99.2912328044136]}], "rb_4XMM.renamed.noAb_Nup120_715-1036_Nup85_553-744_Nup145c_92-99_554-712_remaining_updated_1.pdb_40": [{"rot": [[-0.7682620377178941, -0.6400258223329249, 0.011848550485645384], [0.6370683881465826, -0.7662597958629637, -0.08360498829832516], [0.06258841926317281, -0.05668220171368851, 0.9964285311968063]], "trans": [376.7281538563704, 842.8008054842255, 69.66014492636714]}], "rb_4XMM.renamed.noAb_Nup120_715-1036_Nup85_553-744_Nup145c_92-99_554-712_remaining_updated_1.pdb_41": [{"rot": [[-0.09428931323408035, -0.9950669714515913, -0.03084230432380427], [0.9955193447012071, -0.09401993067846809, -0.010074073699055037], [0.0071245866914105335, -0.03165398808006226, 0.999473494047292]], "trans": [546.9054685792779, 473.1292553164048, 57.935824145609445]}], "rb_4XMM.renamed.noAb_Nup120_715-1036_Nup85_553-744_Nup145c_92-99_554-712_remaining_updated_1.pdb_42": [{"rot": [[0.6351260183984104, -0.7723536344322304, -0.00920891593539469], [0.7707936435821912, 0.6329825590632938, 0.07218198483674648], [-0.049920935154208444, -0.052942830496742234, 0.9973489644714737]], "trans": [406.704924966594, 91.12442246753915, 71.0105477896179]}], "rb_4XMM.renamed.noAb_Nup120_2-711_3F7F_updated_1.pdb_42": [{"rot": [[0.9846552554895524, 0.17445024684892912, 0.004597739787162335], [-0.16709920357728297, 0.9349121975912175, 0.31307673014613596], [0.050317829848280524, -0.3090409263665678, 0.9497167060917963]], "trans": [-94.9026434250851, 48.19303076893789, 167.2609497562847]}], "rb_4XMM.renamed.noAb_Nup120_2-711_3F7F_updated_1.pdb_43": [{"rot": [[0.5812550117399399, 0.7766690929054669, 0.24275034799686573], [-0.8092070342525564, 0.520329536066244, 0.27283905441352646], [0.08559548494741061, -0.35502435694256845, 0.9309302438604791]], "trans": [-345.71420199339843, 249.27230788367828, 186.31507666952447]}], "rb_4XMM.renamed.noAb_Nup120_2-711_3F7F_updated_1.pdb_44": [{"rot": [[-0.15671433843868698, 0.9104218079478729, 0.38284820456761876], [-0.9769074867631754, -0.1998925064628675, 0.07546355521738257], [0.14523215358101366, -0.36218105620382335, 0.9207239022059229]], "trans": [-381.389565619478, 569.3158661646526, 187.6426993110639]}], "rb_4XMM.renamed.noAb_Nup120_2-711_3F7F_updated_1.pdb_45": [{"rot": [[-0.7969399443438512, 0.4973541655910232, 0.3428200097404964], [-0.5719592714520387, -0.803837702351764, -0.163424417018656], [0.1942918343864972, -0.3263185288136296, 0.9250766999787834]], "trans": [-181.02768992927525, 820.837793351874, 170.49008251919682]}], "rb_4XMM.renamed.noAb_Nup120_2-711_3F7F_updated_1.pdb_46": [{"rot": [[-0.9643686188552646, -0.22055298501868198, 0.14611484444277445], [0.1684132373817534, -0.9377064402214682, -0.3038809198383093], [0.20403467460650976, -0.2684455489787991, 0.9414387068692707]], "trans": [137.99852653470532, 856.4931148350744, 144.9294759636819]}], "rb_4XMM.renamed.noAb_Nup120_2-711_3F7F_updated_1.pdb_47": [{"rot": [[-0.5609182836998303, -0.8227395125632538, -0.09203463195131119], [0.8104893848109912, -0.5230765258787031, -0.2636245534531346], [0.16875318106612075, -0.22246492429559098, 0.9602248285366397]], "trans": [388.80094123747557, 655.394557344541, 125.95864827047893]}], "rb_4XMM.renamed.noAb_Nup120_2-711_3F7F_updated_1.pdb_48": [{"rot": [[0.17706416613867226, -0.9564360583770439, -0.23211709826248794], [0.9781319103979484, 0.1971559905727469, -0.06623806490633356], [0.10911575015034908, -0.21531275303023678, 0.9704298900238306]], "trans": [424.4578766713694, 335.3486081430689, 124.71498269212316]}], "rb_4XMM.renamed.noAb_Nup120_2-711_3F7F_updated_1.pdb_49": [{"rot": [[0.8172582059923054, -0.5433213008010382, -0.19207027056289347], [0.5731334588941752, 0.8010687457171405, 0.17264675766188947], [0.06005882977742957, -0.2511788779555957, 0.9660756224202797]], "trans": [224.08291063568603, 83.84281371594386, 141.9510409612867]}]}
