{"rb_ScNup133N_56-480_renamed_1.pdb_0": [{"rot": [[-0.5073908380736113, 0.09086317921662632, 0.8569121425803241], [0.16911687877252582, -0.9645863200685028, 0.20241717429837522], [0.844957998218369, 0.24762292664320737, 0.4740557640694347]], "trans": [646.8385523241111, 227.09438506257925, -381.3379952972244]}], "rb_ScNup133N_56-480_renamed_1.pdb_1": [{"rot": [[-0.22378104953774447, -0.6107113791444366, 0.7595746528493972], [0.5258421215290144, -0.7318330524486673, -0.43348638567955955], [0.8206169051961134, 0.3024103085662969, 0.4849081358145957]], "trans": [295.4156405576246, -178.5778209035801, -351.3123880684635]}], "rb_ScNup133N_56-480_renamed_1.pdb_2": [{"rot": [[0.2282882493220066, -0.9429153278109121, 0.2424771325315631], [0.5768025168088509, -0.06965312589469835, -0.8139086549828969], [0.7843362364601449, 0.3256672022668743, 0.5279749440486718]], "trans": [-239.12395579019696, -216.0289416791703, -308.4828166685328]}], "rb_ScNup133N_56-480_renamed_1.pdb_3": [{"rot": [[0.5839884890564853, -0.711138909578303, -0.3914573998959541], [0.2921447465155336, 0.6340391218811239, -0.7159929042997446], [0.757369719313423, 0.3037693914929398, 0.5780270452661459]], "trans": [-643.6374908312272, 136.6805341421318, -277.9154430192818]}], "rb_ScNup133N_56-480_renamed_1.pdb_4": [{"rot": [[0.634945453855854, -0.051160018294768794, -0.7708611568602077], [-0.16137465383855076, 0.9670108500710294, -0.19709956099237821], [0.7555147197283894, 0.24954492255499658, 0.6057432128391941]], "trans": [-681.1533187583227, 672.9285392157777, -277.49306070322365]}], "rb_ScNup133N_56-480_renamed_1.pdb_5": [{"rot": [[0.3513078352474389, 0.6503964058234288, -0.6734740679385649], [-0.5180776249024348, 0.7342025254000043, 0.4387963380336064], [0.7798579226174505, 0.19475925392190352, 0.5948869250055621]], "trans": [-329.69222525935373, 1078.5735478679335, -307.4391023355096]}], "rb_ScNup133N_56-480_renamed_1.pdb_6": [{"rot": [[-0.10076545049752789, 0.9825487175822701, -0.1563468629792782], [-0.5690025367150034, 0.07199654705771313, 0.8191780089966114], [0.8161387364890336, 0.1715066027568543, 0.5518179482518497]], "trans": [204.85683883182932, 1115.983111230724, -350.1867495875725]}], "rb_ScNup133N_56-480_renamed_1.pdb_7": [{"rot": [[-0.45644349835631604, 0.75071740940583, 0.4775800498589129], [-0.2843168578951972, -0.6316774857386357, 0.7212125056649479], [0.8431033490176898, 0.19340869997471605, 0.5017666964329541]], "trans": [609.3494079680714, 763.2422964065627, -380.6698230561412]}], "rb_ScNup133C_490_881_renamed_relative_3CQC_1.pdb_7": [{"rot": [[0.6708304075517894, 0.3525453889278985, -0.6524556023589514], [-0.29629785369780565, 0.9339227056042599, 0.1999899043724403], [0.6798486200603624, 0.059161885555658614, 0.7309621912927681]], "trans": [295.22196118365787, 121.9904989025365, -313.6835950690253]}], "rb_ScNup133C_490_881_renamed_relative_3CQC_1.pdb_8": [{"rot": [[0.28013288384341123, 0.9095096482599707, -0.30711197813110985], [-0.6431305204527829, 0.4153230064384728, 0.6433427810934432], [0.7126771366135662, 0.01729161776519761, 0.7012790449623856]], "trans": [-26.619826226741964, -1.1932463246408531, -287.3902263728728]}], "rb_ScNup133C_490_881_renamed_relative_3CQC_1.pdb_9": [{"rot": [[-0.2407134586628894, 0.9379298640082128, 0.24968900860888854], [-0.6111354386017827, -0.3463187530707156, 0.7117420859809797], [0.7540361440299537, 0.018732097402183845, 0.656565763669839]], "trans": [-341.11046380178027, 140.04049597450782, -262.96930577330534]}], "rb_ScNup133C_490_881_renamed_relative_3CQC_1.pdb_10": [{"rot": [[-0.5865894885934922, 0.42115707306226247, 0.6917654889348394], [-0.21905577822377487, -0.9048220910540133, 0.3651185418017319], [0.7796969526030005, 0.06263947118450808, 0.6230160180535678]], "trans": [-464.01498839274603, 462.95512496055414, -254.7029479913432]}], "rb_ScNup133C_490_881_renamed_relative_3CQC_1.pdb_11": [{"rot": [[-0.5548761507630282, -0.33807593714538975, 0.7601428273934283], [0.3034226673085917, -0.9330078772237395, -0.19347089187212352], [0.7746270988532151, 0.1232921804565143, 0.6202837221469975]], "trans": [-323.3322832011912, 778.3828146723831, -267.40969707011817]}], "rb_ScNup133C_490_881_renamed_relative_3CQC_1.pdb_12": [{"rot": [[-0.16415156563064692, -0.8949997640496576, 0.41476461499514194], [0.650224657656375, -0.41436448062208364, -0.6367966486834276], [0.7417965745921594, 0.1651590129234604, 0.6499694934175688]], "trans": [-1.474347215207871, 901.5416937415595, -293.62175533293515]}], "rb_ScNup133C_490_881_renamed_relative_3CQC_1.pdb_13": [{"rot": [[0.3566922956164529, -0.9233605772240621, -0.142041721604309], [0.6181886969657799, 0.34727948414981236, -0.7051522493989475], [0.7004379638423521, 0.16371378780387186, 0.6946829884856061]], "trans": [313.0118158069813, 760.2836710643447, -317.95972455822806]}], "rb_ScNup133C_490_881_renamed_relative_3CQC_1.pdb_14": [{"rot": [[0.7025377551612758, -0.40654421242357064, -0.58409117945562], [0.2260819027164025, 0.9057422433486683, -0.35849401930556124], [0.6747797239374415, 0.11980313835047754, 0.7282304114799724]], "trans": [435.89769065134317, 437.35980485835074, -326.1420743072672]}], "rb_ScNup84_506-726_ScNup133C_882_1155_renamed_relative_3CQC_new_1.pdb_14": [{"rot": [[0.9654020414207549, 0.24481860477173437, 0.08979281250891198], [-0.25643989528557154, 0.9537879952501414, 0.15661111142777112], [-0.04730199283924942, -0.17421914611872585, 0.9835701350687189]], "trans": [-80.56631300317758, 118.81298815641048, 86.05790711066854]}], "rb_ScNup84_506-726_ScNup133C_882_1155_renamed_relative_3CQC_new_1.pdb_15": [{"rot": [[0.5026914890047538, 0.8425287144835231, 0.19351132306127575], [-0.8644336710871138, 0.4918491503811943, 0.10410975727640806], [-0.007462919873545609, -0.21961279229598415, 0.9755585714281443]], "trans": [-287.36954054674845, 284.42671453752746, 101.77685419133485]}], "rb_ScNup84_506-726_ScNup133C_882_1155_renamed_relative_3CQC_new_1.pdb_16": [{"rot": [[-0.2531852010606797, 0.9397110374892482, 0.22987044173782642], [-0.9659495826385381, -0.25864687612601983, -0.0065724630607612855], [0.05327905558750931, -0.2237073076390926, 0.9731990457992503]], "trans": [-316.91432829157714, 548.1850010560579, 102.88968639970162]}], "rb_ScNup84_506-726_ScNup133C_882_1155_renamed_relative_3CQC_new_1.pdb_17": [{"rot": [[-0.8594248058738848, 0.4794347987014017, 0.17757048415426724], [-0.5015181775786671, -0.8580489299496017, -0.11059634429091636], [0.09934042785697537, -0.18410406732739193, 0.9778738015647537]], "trans": [-151.89100965597214, 755.574641272786, 88.76849583836037]}], "rb_ScNup84_506-726_ScNup133C_882_1155_renamed_relative_3CQC_new_1.pdb_18": [{"rot": [[-0.9608836169568584, -0.268663691303129, 0.0672495028924492], [0.25679007852561503, -0.9552188363907385, -0.14702323005270707], [0.10373779559405037, -0.12400320794116489, 0.9868443008831669]], "trans": [111.02934181380033, 785.1039765500053, 67.70967994811787]}], "rb_ScNup84_506-726_ScNup133C_882_1155_renamed_relative_3CQC_new_1.pdb_19": [{"rot": [[-0.4981256322079582, -0.8663377888909807, -0.03646491569861895], [0.8647475171020089, -0.4932330941605311, -0.09451373704778708], [0.06389511877547072, -0.07861266033098051, 0.9948554987697225]], "trans": [317.82619038905517, 619.4744227138724, 52.073794907969045]}], "rb_ScNup84_506-726_ScNup133C_882_1155_renamed_relative_3CQC_new_1.pdb_20": [{"rot": [[0.2577589960193249, -0.9634615804904141, -0.07281540283498739], [0.9662040984325793, 0.25727053494359925, 0.01617133333771], [0.003152799263303481, -0.0745228472936061, 0.997214322544586]], "trans": [347.3569396781078, 355.71422457348274, 51.04456754159855]}], "rb_ScNup84_506-726_ScNup133C_882_1155_renamed_relative_3CQC_new_1.pdb_21": [{"rot": [[0.8639623945361905, -0.5031385795370196, -0.0205073306103029], [0.5017251266360814, 0.8566364428912825, 0.12019110621246758], [-0.04290545570551864, -0.11412963897269941, 0.9925389399810274]], "trans": [182.32397370312947, 148.33794201344995, 65.24893865351874]}], "rb_4XMM.renamed.noAb_Nup145c_149-550_Sec13_Nup84_7-436_3IKO_updated_1.pdb_21": [{"rot": [[0.995631901846673, -0.02616881673890738, 0.08962315022170443], [0.027724137492737565, 0.9994850918856357, -0.016153120399657085], [-0.08915429448692026, 0.01856728652354768, 0.9958447507747841]], "trans": [-15.42707412066477, -11.275754240577498, 40.68086093607093]}], "rb_4XMM.renamed.noAb_Nup145c_149-550_Sec13_Nup84_7-436_3IKO_updated_1.pdb_22": [{"rot": [[0.7236280288456721, 0.6864415223962332, 0.07183670509752786], [-0.687216900072048, 0.7262480457164687, -0.017225224189398772], [-0.0639953758039772, -0.03690274276191356, 0.9972676568767064]], "trans": [-333.7978726962367, 143.91952252768775, 65.34312493558258]}], "rb_4XMM.renamed.noAb_Nup145c_149-550_Sec13_Nup84_7-436_3IKO_updated_1.pdb_23": [{"rot": [[0.02726439310278983, 0.9979150598789939, 0.05849945414651197], [-0.9996039507842622, 0.02762510602504742, -0.005366105999528529], [-0.006970971613041339, -0.058329981860173796, 0.9982730181523294]], "trans": [-449.60569812683207, 479.45484887596854, 72.98242619921052]}], "rb_4XMM.renamed.noAb_Nup145c_149-550_Sec13_Nup84_7-436_3IKO_updated_1.pdb_24": [{"rot": [[-0.685519368836528, 0.7257862056750954, 0.05742454703100024], [-0.7264362756792757, -0.6871205585339428, 0.012476995520761164], [0.04851321806673798, -0.03316205198340086, 0.9982718797908006]], "trans": [-295.0067800456071, 798.76901637652, 59.14755923375981]}], "rb_4XMM.renamed.noAb_Nup145c_149-550_Sec13_Nup84_7-436_3IKO_updated_1.pdb_25": [{"rot": [[-0.9971644789771863, 0.02947187959402585, 0.06924167949544978], [-0.02773935049780822, -0.9992808597479755, 0.02585133991315318], [0.06995377259387155, 0.02385731867878036, 0.9972649086603532]], "trans": [39.434568829976, 914.8034001729363, 31.96718908040259]}], "rb_4XMM.renamed.noAb_Nup145c_149-550_Sec13_Nup84_7-436_3IKO_updated_1.pdb_26": [{"rot": [[-0.7251048376027348, -0.6831171681139265, 0.08702820872061828], [0.6871803143621913, -0.7259878917056237, 0.026922047654328332], [0.04479051281454574, 0.07932537881933777, 0.9958420026474969]], "trans": [357.7998040448453, 759.5835389476451, 7.387964719380875]}], "rb_4XMM.renamed.noAb_Nup145c_149-550_Sec13_Nup84_7-436_3IKO_updated_1.pdb_27": [{"rot": [[-0.028716818671270516, -0.9945362257958709, 0.10036453509633998], [0.999512698858461, -0.02734052851694646, 0.015061883052527064], [-0.012235568890547513, 0.10074815670828488, 0.9948367201575372]], "trans": [473.5879951995778, 424.0395328016449, -0.16725275036850462]}], "rb_4XMM.renamed.noAb_Nup145c_149-550_Sec13_Nup84_7-436_3IKO_updated_1.pdb_28": [{"rot": [[0.684045657256088, -0.7223516184530107, 0.10143805058951519], [0.7262890882664644, 0.6873837535343084, -0.0027813022401945303], [-0.06771778979081255, 0.07557588699710824, 0.9948379698475756]], "trans": [318.9707006414996, 104.73790850092848, 13.75149449468654]}], "rb_4XMM.renamed.noAb_Seh1_Nup85_47_544_3F3F_1.pdb_28": [{"rot": [[0.605327213212421, -0.7746712149242458, 0.18293024274917824], [0.22511484854521596, 0.3870498721385861, 0.8941564188898744], [-0.7634803664200833, -0.500076899331786, 0.4086818136958851]], "trans": [542.5114185445613, -35.434706682810656, 803.7474896876504]}], "rb_4XMM.renamed.noAb_Seh1_Nup85_47_544_3F3F_1.pdb_29": [{"rot": [[0.5727522788814265, -0.28621685242326333, 0.7681371885444996], [-0.31140991004626006, 0.7908392078540425, 0.5268749521905236], [-0.7582734961483941, -0.5409743623404959, 0.3638241942603336]], "trans": [59.801434231943745, -222.4261920727218, 843.1735045650511]}], "rb_4XMM.renamed.noAb_Seh1_Nup85_47_544_3F3F_1.pdb_30": [{"rot": [[0.17151707522278078, 0.34392776749593895, 0.9231985613356846], [-0.6675289319663056, 0.72975792213428, -0.1478462041114914], [-0.7245598787505017, -0.5909036011292473, 0.35474767973524624]], "trans": [-413.4596043482566, -12.180365604248948, 879.9136328596617]}], "rb_4XMM.renamed.noAb_Seh1_Nup85_47_544_3F3F_1.pdb_31": [{"rot": [[-0.36332915804390986, 0.7466150414455517, 0.5572772225763009], [-0.6346226728959488, 0.23958829340006493, -0.7347458830861464], [-0.6820894266600973, -0.6206153636133227, 0.38676942030827366]], "trans": [-600.026794475851, 472.13791990640254, 892.4689942818773]}], "rb_4XMM.renamed.noAb_Seh1_Nup85_47_544_3F3F_1.pdb_32": [{"rot": [[-0.7184659561391291, 0.6859450864553291, -0.11526494799752818], [-0.2319680833768582, -0.3925213984443353, -0.890009977504615], [-0.6557419295451137, -0.6127040803936997, 0.4411306288451945]], "trans": [-390.60453223744986, 946.8083007144471, 873.508485981154]}], "rb_4XMM.renamed.noAb_Seh1_Nup85_47_544_3F3F_1.pdb_33": [{"rot": [[-0.6858491753098443, 0.1974592176049093, -0.7004432640190481], [0.30455410062097105, -0.7962723831698153, -0.522682591632827], [-0.6609521227152177, -0.5718042927295268, 0.48598574289203983]], "trans": [92.12658163305724, 1133.762291685342, 834.1634459644096]}], "rb_4XMM.renamed.noAb_Seh1_Nup85_47_544_3F3F_1.pdb_34": [{"rot": [[-0.2845861856624606, -0.4326806554823812, -0.8554520169485971], [0.6606416187488162, -0.735141641035305, 0.15205071256938293], [-0.6946678015476389, -0.5218756729214825, 0.49505800418305984]], "trans": [565.3777674608858, 923.4797256522442, 797.506758339703]}], "rb_4XMM.renamed.noAb_Seh1_Nup85_47_544_3F3F_1.pdb_35": [{"rot": [[0.25025749565943123, -0.8353297101797974, -0.48948489369662895], [0.6276933820533803, -0.244940422726664, 0.7389216517607717], [-0.737137845991273, -0.49216711044665873, 0.4630327541350909]], "trans": [751.9137210856375, 439.14721157670255, 785.0364324780701]}], "rb_4XMM.renamed.noAb_Nup120_715-1036_Nup85_553-744_Nup145c_92-99_554-712_remaining_updated_1.pdb_35": [{"rot": [[0.9981755920314598, -0.03633186599843767, 0.04822326187347832], [0.03519245472433953, 0.999085799411625, 0.02427048710906204], [-0.04906096822446343, -0.022529112878837545, 0.9985416668671231]], "trans": [4.395191512658016, -26.540169573194135, 40.19523149294821]}], "rb_4XMM.renamed.noAb_Nup120_715-1036_Nup85_553-744_Nup145c_92-99_554-712_remaining_updated_1.pdb_36": [{"rot": [[0.731489049608235, 0.6781425772994589, 0.0710381246718281], [-0.6814194138809528, 0.7307611388633971, 0.040690789046309114], [-0.02431774433169242, -0.07817162388437292, 0.996643288508933]], "trans": [-330.5158908060853, 119.1280678119357, 66.22221207016383]}], "rb_4XMM.renamed.noAb_Nup120_715-1036_Nup85_553-744_Nup145c_92-99_554-712_remaining_updated_1.pdb_37": [{"rot": [[0.03770895648871769, 0.9943974277496302, 0.09875115333732687], [-0.9987593152547575, 0.034288058139187616, 0.03611314526447306], [0.032524833471998645, -0.09999042331125482, 0.9944566609227656]], "trans": [-464.73930340553915, 459.6624275229883, 75.30502700327668]}], "rb_4XMM.renamed.noAb_Nup120_715-1036_Nup85_553-744_Nup145c_92-99_554-712_remaining_updated_1.pdb_38": [{"rot": [[-0.6767385264783659, 0.7271661347649747, 0.11512766492402134], [-0.7309250606796907, -0.6823296918023232, 0.013219204035730823], [0.0881675816288605, -0.075203750810144, 0.9932627413800464]], "trans": [-319.6431652955622, 795.5731969019372, 62.146840137965455]}], "rb_4XMM.renamed.noAb_Nup120_715-1036_Nup85_553-744_Nup145c_92-99_554-712_remaining_updated_1.pdb_39": [{"rot": [[-0.9933199900613882, 0.032996557737134884, 0.1105740680356124], [-0.03481773294881591, -0.9992873287351242, -0.014579441063549123], [0.11001419370585441, -0.018331988624273356, 0.9937609447831661]], "trans": [19.775073302737326, 930.0792276999247, 34.47990777155064]}], "rb_4XMM.renamed.noAb_Nup120_715-1036_Nup85_553-744_Nup145c_92-99_554-712_remaining_updated_1.pdb_40": [{"rot": [[-0.7265775490947788, -0.6814569773199447, 0.08775792393504625], [0.6817731802397992, -0.7309065998413001, -0.030997951773312656], [0.08526661631104715, 0.03730858306602719, 0.9956594165539091]], "trans": [354.68133576057534, 784.3851073356352, 8.535913889210974]}], "rb_4XMM.renamed.noAb_Nup120_715-1036_Nup85_553-744_Nup145c_92-99_554-712_remaining_updated_1.pdb_41": [{"rot": [[-0.03277268656519494, -0.9976575157749825, 0.0600452515440663], [0.999058618008388, -0.03440872027513053, -0.026418133018779332], [0.028422329223158047, 0.05912293283251881, 0.9978460051605218]], "trans": [488.88472469111326, 443.8406226007464, -0.4627791812786768]}], "rb_4XMM.renamed.noAb_Nup120_715-1036_Nup85_553-744_Nup145c_92-99_554-712_remaining_updated_1.pdb_42": [{"rot": [[0.6816539264089716, -0.7303703237734255, 0.0436705250979893], [0.731168297187439, 0.6821880314934208, -0.003522907201799182], [-0.027218482677279544, 0.034331906999659004, 0.9990397761663514]], "trans": [343.76891593032235, 107.94165112537007, 12.779394743533487]}], "rb_4XMM.renamed.noAb_Nup120_2-711_3F7F_updated_1.pdb_42": [{"rot": [[0.9863346951183688, 0.1283052637173584, 0.10335196422019541], [-0.157228944304299, 0.9204637028929706, 0.3578066946404379], [-0.04922324937170519, -0.36916707729560483, 0.9280585869234285]], "trans": [-95.44759836962874, 33.90245580089686, 273.37975286859194]}], "rb_4XMM.renamed.noAb_Nup120_2-711_3F7F_updated_1.pdb_43": [{"rot": [[0.5874362384741034, 0.7325803013926563, 0.3438673694011106], [-0.8091448649131027, 0.5391711112109416, 0.23362170365852958], [-0.014256693591148756, -0.41547637098516416, 0.9094922384720197]], "trans": [-354.0773865254324, 245.66386144079343, 293.0050674912946]}], "rb_4XMM.renamed.noAb_Nup120_2-711_3F7F_updated_1.pdb_44": [{"rot": [[-0.1542623576193614, 0.8912534495725657, 0.42646267556108175], [-0.9869712323386339, -0.1589794273196798, -0.024765464361947126], [0.04572648639106744, -0.4247267713649646, 0.9041660567220042]], "trans": [-387.7533398220432, 578.8036569918172, 294.10960537072253]}], "rb_4XMM.renamed.noAb_Nup120_2-711_3F7F_updated_1.pdb_45": [{"rot": [[-0.8042635976202687, 0.5113717407619065, 0.302752387757781], [-0.5865348531912364, -0.7650014833050623, -0.2659879631355276], [0.09558729797852343, -0.39149926346187364, 0.9152001940417043]], "trans": [-176.74569664810173, 838.1639697442411, 276.07031754430926]}], "rb_4XMM.renamed.noAb_Nup120_2-711_3F7F_updated_1.pdb_46": [{"rot": [[-0.9817875901186033, -0.18452476368594287, 0.04520773690144005], [0.15758299547159862, -0.9238787914379799, -0.3487342516434159], [0.10611657470584418, -0.3352589899133835, 0.9361306972079029]], "trans": [155.33620375659234, 871.8079883024644, 249.47887807591255]}], "rb_4XMM.renamed.noAb_Nup120_2-711_3F7F_updated_1.pdb_47": [{"rot": [[-0.5828382772205469, -0.7887700793247194, -0.19529798915671964], [0.8094675858415161, -0.5425387844441246, -0.2245303873550232], [0.07114611780336323, -0.28895229595205657, 0.9546961823457463]], "trans": [413.9560151194375, 660.0266890095979, 229.93693204660218]}], "rb_4XMM.renamed.noAb_Nup120_2-711_3F7F_updated_1.pdb_48": [{"rot": [[0.15887420839290745, -0.9473887803942778, -0.2778731449610907], [0.9872357333070947, 0.1556241846854044, 0.033863254755023664], [0.011162114007996354, -0.2797062958248231, 0.9600207264881454]], "trans": [447.6125187440025, 326.8846599029022, 228.91643188297382]}], "rb_4XMM.renamed.noAb_Nup120_2-711_3F7F_updated_1.pdb_49": [{"rot": [[0.8088442345033511, -0.5674597952843854, -0.15414403993177572], [0.5867483505521187, 0.7616164045366645, 0.2750760357883055], [-0.03869596148247705, -0.3129374267748181, 0.9489851366004103]], "trans": [236.5911735895798, 67.54131573087, 247.03920587111975]}]}
