{"rb_ScNic96_CTD_nucl_out.pdb_0": [{"rot": [[0.9804239375916449, -0.0018983343202639905, 0.19688905232160991], [-0.03877985169610123, 0.9785055031380397, 0.20254160913500835], [-0.19304151289223137, -0.20621197020391085, 0.9592766012182817]], "trans": [-174.39353594027477, -145.2701305679808, 323.7923013846108]}], "rb_ScNup188_NTD_nucl_out.pdb_0": [{"rot": [[0.988114083819298, -0.15207270445704582, 0.0224599625349116], [0.15202390343757996, 0.9883692231050915, 0.0038744808994014253], [-0.022787938510339174, -0.0004139779685683447, 0.9997402355015482]], "trans": [94.82355746359735, -118.18769438365825, 23.765363540155704]}], "rb_ScNup188_CTD_nucl_out.pdb_0": [{"rot": [[0.9843173796721183, -0.15983772077525174, 0.0746404655182934], [0.1218860061972141, 0.9221004329981082, 0.3672527643980289], [-0.12752685038339015, -0.3523956504868839, 0.9271214634281844]], "trans": [51.40151988301511, -384.38566191575296, 439.9687069003452]}], "rb_ScNup157_NTD_nucl_out.pdb_0": [{"rot": [[0.9660177526613952, 0.10223053778108854, -0.23739970237558347], [-0.16383244896383659, 0.9525688486122371, -0.25645958223483706], [0.1999215601418168, 0.28663828390245555, 0.9369470977552125]], "trans": [200.7939574551168, 423.5239278745537, -282.57024260326193]}], "rb_ScNup157_CTD_nucl_out.pdb_0": [{"rot": [[0.971692404195839, -0.22699110334687117, 0.06548977499944851], [0.23303446138407008, 0.9664840495539058, -0.10771964428700079], [-0.03884342203700236, 0.11993173457951692, 0.9920219592353798]], "trans": [116.35074568107439, -36.06796572038422, -43.472589452031684]}]}
