{"rb_ScNic96_CTD_nucl_out.pdb_0": [{"rot": [[0.997478524191267, 0.04215390143745781, -0.05709327780758633], [-0.031044711752671005, 0.9826029082743101, 0.18310584513625536], [0.06381864656514355, -0.1808717038247549, 0.9814339545308816]], "trans": [26.005788130289375, -141.96289121210884, 105.12692672967523]}], "rb_ScNup188_NTD_nucl_out.pdb_0": [{"rot": [[0.994412869190794, -0.09650672644495353, -0.04277262370500992], [0.09539811106656412, 0.9950661998674891, -0.027248087753163983], [0.04519121587944902, 0.023015421615767456, 0.9987131942530768]], "trans": [113.66919099408096, -47.92415407635178, -48.58166865553312]}], "rb_ScNup188_CTD_nucl_out.pdb_0": [{"rot": [[0.9630770343805298, -0.20766679689147405, 0.17133921710349734], [0.0996575460614791, 0.8661896304119211, 0.4896773403781967], [-0.25010197792462235, -0.4545217548541493, 0.854902903844932]], "trans": [17.565590033693184, -438.0836467070035, 678.5514764778623]}], "rb_ScNup157_NTD_nucl_out.pdb_0": [{"rot": [[0.9675307774742462, -0.0025850688750587505, -0.2527400088213], [-0.10731274301861884, 0.901143932246104, -0.4200280806825276], [0.22884092690316446, 0.43351231908094523, 0.8716070785503983]], "trans": [282.17224643827643, 569.732250908278, -333.54936354126426]}], "rb_ScNup157_CTD_nucl_out.pdb_0": [{"rot": [[0.9928131841505332, 0.08563461426546151, 0.0835984103705591], [-0.08155295806080295, 0.9953591225029981, -0.051081623717282004], [-0.08758479553216816, 0.043896811839434155, 0.9951894158912267]], "trans": [-137.101692873896, 115.44814576736292, 46.96991276212486]}]}
