{"rb_ScNic96_CTD_nucl_out.pdb_0": [{"rot": [[0.997005548807636, -0.06131062501636018, -0.04712688093737565], [0.07167656714425881, 0.9614145080895738, 0.2656023594723799], [0.029024220389131362, -0.26818491921617077, 0.9629301344001117]], "trans": [96.04503254773579, -275.67027601923064, 212.51155820483632]}], "rb_ScNup188_NTD_nucl_out.pdb_0": [{"rot": [[0.99653942671937, -0.0779664591419503, 0.028816700760053646], [0.07861386464471423, 0.996661044289299, -0.022059534940367782], [-0.027000579242868708, 0.02424858851622813, 0.9993412703754002]], "trans": [35.922773954774016, -36.54120922401478, 11.026616585508464]}], "rb_ScNup188_CTD_nucl_out.pdb_0": [{"rot": [[0.9298464408632647, -0.3666232427372411, 0.031192856533965703], [0.3648270628512681, 0.9296588464758324, 0.05133851751405531], [-0.04782060879197831, -0.03635693955841303, 0.9981940504334363]], "trans": [302.63114975913265, -282.8040481056521, 71.07412189267325]}], "rb_ScNup157_NTD_nucl_out.pdb_0": [{"rot": [[0.7260635565843475, 0.5630624874649967, 0.3947053926789167], [-0.6366198272326867, 0.7673881918041082, 0.07635809488092678], [-0.25989787874146164, -0.3067181088383126, 0.9156293433132957]], "trans": [-546.230926621646, 575.0592227174552, 491.55001495259467]}], "rb_ScNup157_CTD_nucl_out.pdb_0": [{"rot": [[0.9795156223951548, -0.03432877251208253, 0.19842046482569445], [0.02932099549895039, 0.9991743645619232, 0.0281223829933714], [-0.19922204874657193, -0.02172842792493329, 0.9797134533694675]], "trans": [-145.78701471319823, -39.47274314289359, 192.91993915306307]}]}
