{"rb_ScNic96_CTD_nucl_out.pdb_0": [{"rot": [[0.9959424481660551, 0.020638801048064113, -0.08759383444228344], [-0.007406635006756729, 0.9888430265392095, 0.14877705005360303], [0.08968713229265624, -0.14752460390075295, 0.9849836087697322]], "trans": [72.55818935856826, -130.08465065740359, 59.38303966766614]}], "rb_ScNup188_NTD_nucl_out.pdb_0": [{"rot": [[0.9902633309657272, -0.1380229251569344, -0.018116497337625027], [0.13805335880434658, 0.9904246976164153, 0.0004341362329852538], [0.017883105644692643, -0.002930952499398031, 0.9998357885422713]], "trans": [123.23513012294791, -104.63571151441829, -8.70093992819227]}], "rb_ScNup188_CTD_nucl_out.pdb_0": [{"rot": [[0.9548550353314554, -0.21094536633079491, 0.20917436249629917], [0.08817355905535706, 0.8736335181787617, 0.4785288908708774], [-0.2836851864050675, -0.4384820729951994, 0.8527931675829469]], "trans": [-8.813208797958737, -423.5975776071375, 694.854205723841]}], "rb_ScNup157_NTD_nucl_out.pdb_0": [{"rot": [[0.6438602064834434, -0.7141233057706595, -0.27472156570295553], [0.14589860251914527, 0.46704391679014196, -0.8721144291733076], [0.7511042752441626, 0.5214382839267833, 0.40490058503962834]], "trans": [1025.9821967358762, 1120.2956931066233, -329.56123745562127]}], "rb_ScNup157_CTD_nucl_out.pdb_0": [{"rot": [[0.9989937050379638, 0.012399021651870672, 0.043102686187728674], [-0.007658261601445297, 0.994071218648056, -0.1084608836623241], [-0.044191948630550364, 0.1080216483749661, 0.9931658447402376]], "trans": [-50.56589906134218, 115.59353463984382, -28.726506514640505]}]}
