{"rb_ScNic96_CTD_nucl_out.pdb_0": [{"rot": [[0.998229329499863, -0.05746666888630372, -0.015355379948528605], [0.05943500352574339, 0.9532708003192396, 0.29621320297145615], [-0.002384550722172283, -0.2966013540525837, 0.9549984035023438]], "trans": [61.86669319613725, -288.8821101228343, 263.4072506109777]}], "rb_ScNup188_NTD_nucl_out.pdb_0": [{"rot": [[0.9982923683359464, -0.04922575259210263, -0.031451114510434704], [0.047904069726367, 0.9979903307546376, -0.04147890818115247], [0.03342973864478666, 0.039901441101672146, 0.9986442447499266]], "trans": [66.80755135702373, 2.980426486793135, -49.396535207491866]}], "rb_ScNup188_CTD_nucl_out.pdb_0": [{"rot": [[0.9877085444535403, -0.15484609555679058, 0.021319425514906044], [0.15260102153234334, 0.9848036683102921, 0.08291358821011706], [-0.03383429385628769, -0.0786410934143776, 0.996328670161527]], "trans": [107.35692677347583, -184.77255789641777, 92.58607464478064]}], "rb_ScNup157_NTD_nucl_out.pdb_0": [{"rot": [[0.8733213993954414, 0.3234078896934904, -0.3643035413525235], [-0.4181429939715156, 0.8813424219174832, -0.21998175360961358], [0.24993233074279075, 0.3444457463993812, 0.9049259405259902]], "trans": [264.59419097621037, 631.2970977750095, -327.3009777480663]}], "rb_ScNup157_CTD_nucl_out.pdb_0": [{"rot": [[0.9753254666729284, -0.00486480952414119, 0.22071829939433796], [-0.013910021811042558, 0.9964166861115075, 0.08342840602443738], [-0.2203332597508853, -0.08444004539823438, 0.9717628997758113]], "trans": [-184.21442896133658, -57.278264926107454, 260.32227653463974]}]}
