{"rb_ScNic96_CTD_nucl_out.pdb_0": [{"rot": [[0.9989715558545376, -0.04483271978805723, -0.0067718409588110205], [0.04489785318731942, 0.9572708412332345, 0.2856864002779746], [-0.006325612439582489, -0.28569662889334685, 0.9582992345119778]], "trans": [42.94332824945445, -271.92666302356974, 254.4334998606231]}], "rb_ScNup188_NTD_nucl_out.pdb_0": [{"rot": [[0.99572267598522, -0.08917895424963086, 0.024155054290422532], [0.08947683045538123, 0.9959220111700577, -0.011543157221702412], [-0.02302714355906906, 0.013655101095496319, 0.9996415802044152]], "trans": [48.370975480146285, -54.813934364339616, 14.941635670280107]}], "rb_ScNup188_CTD_nucl_out.pdb_0": [{"rot": [[0.9332804363732601, -0.3591476688319027, -0.0007609569945832197], [0.35786894595860547, 0.9297746840816383, 0.08630674573500353], [-0.030289347985955943, -0.08082072019909141, 0.9962683205768847]], "trans": [323.2383414202746, -310.3356775170828, 90.46675617525887]}], "rb_ScNup157_NTD_nucl_out.pdb_0": [{"rot": [[0.8492889937787507, 0.33903716277422363, -0.4046751874087207], [-0.37044461305930193, 0.9288542583604071, 0.0007452389441172241], [0.37613693477458804, 0.14927681998134984, 0.914460189026638]], "trans": [314.15336210731454, 333.26401722472843, -311.11976807524525]}], "rb_ScNup157_CTD_nucl_out.pdb_0": [{"rot": [[0.9469737364126063, 0.057803159034970186, 0.3160688807053387], [-0.0733705959023064, 0.9965969698170876, 0.03756641330150255], [-0.31282183140197894, -0.05876456889126981, 0.9479922084286005]], "trans": [-299.60497082087363, 28.553961062608323, 330.5478432779155]}]}
