{"rb_ScNic96_CTD_nucl_out.pdb_0": [{"rot": [[0.9789204739533068, -0.19610015896560656, -0.057091447071321154], [0.20420131011206943, 0.9341473337060502, 0.292695377275406], [-0.0040657869531105645, -0.29818364573454, 0.9544998600277064]], "trans": [214.95390022717294, -378.61700426168454, 267.0854570225807]}], "rb_ScNup188_NTD_nucl_out.pdb_0": [{"rot": [[0.9629648966939862, -0.24224129984906828, -0.11839662318906885], [0.22992220220584236, 0.9671198226577781, -0.10869696203300112], [0.14083461459441105, 0.07744934647769304, 0.9869990932428571]], "trans": [318.4787038865776, -62.923177898396375, -154.49275643638373]}], "rb_ScNup188_CTD_nucl_out.pdb_0": [{"rot": [[0.9524718117023679, -0.2791639059584615, 0.12192194848517904], [0.1796038747936485, 0.8378961853918944, 0.5154342156520247], [-0.246048564457334, -0.46903890682514365, 0.8482114169313909]], "trans": [125.37028585395035, -511.9020181800063, 691.1858604288709]}], "rb_ScNup157_NTD_nucl_out.pdb_0": [{"rot": [[0.5574032441916297, 0.570718739958276, 0.6029773986022064], [-0.6689470040531695, 0.7388867993931427, -0.08097038625847314], [-0.49174335697895827, -0.35822676832279754, 0.7936384903241962]], "trans": [-635.7353818160561, 783.6883165300808, 823.8239505460693]}], "rb_ScNup157_CTD_nucl_out.pdb_0": [{"rot": [[0.9747244126901654, -0.07297195268923863, 0.2111573191403287], [0.052032609821829626, 0.9933110454385098, 0.10308139756999105], [-0.2172669482938911, -0.08948888830783874, 0.9720014465259225]], "trans": [-126.16528254855416, -123.55780571811204, 260.6793023191973]}]}
