{"rb_ScNic96_CTD_nucl_out.pdb_0": [{"rot": [[0.9530605476151409, 0.04838075775359684, 0.29888943584328126], [-0.17004982544827904, 0.9022878845339016, 0.39618130986752215], [-0.25051676479736235, -0.42841087253070914, 0.8681621247514423]], "trans": [-290.1759164714963, -184.3805963111538, 620.6293443956712]}], "rb_ScNup188_NTD_nucl_out.pdb_0": [{"rot": [[0.9902082856834764, -0.13638156781386854, -0.029792934135823478], [0.13605988213917455, 0.990620744014123, -0.012579745672262062], [0.03122914401747605, 0.008402945289364416, 0.9994769287354257]], "trans": [133.39653794033916, -91.6643480317191, -27.581059266902457]}], "rb_ScNup188_CTD_nucl_out.pdb_0": [{"rot": [[0.9603179167352386, -0.20147953690690912, 0.19286133621093612], [0.07685555650221902, 0.8558779263362203, 0.5114354295951198], [-0.26810953401925963, -0.47631814097112435, 0.8373997291316654]], "trans": [-5.5679837918095245, -433.86631154883025, 724.5465868815945]}], "rb_ScNup157_NTD_nucl_out.pdb_0": [{"rot": [[0.9686334209809849, -0.06092564666376805, -0.24090944634297243], [-0.05650383238937521, 0.8900807070293265, -0.45228713435105516], [0.24198473646903687, 0.451712741189329, 0.8587193876716858]], "trans": [306.8426439665921, 569.6059274805068, -342.4271488980248]}], "rb_ScNup157_CTD_nucl_out.pdb_0": [{"rot": [[0.9187134372273803, 0.2594690145996752, 0.2977271413904426], [-0.25951541971949865, 0.9649055287615519, -0.04011318353360885], [-0.29768669299393197, -0.04041226333753274, 0.9538078851562682]], "trans": [-410.2569033636378, 259.1850006640189, 303.6065243238736]}]}
