{"rb_ScNic96_CTD_nucl_out.pdb_0": [{"rot": [[0.8651499814375282, -0.23764546148064802, -0.44163349539668373], [0.17637500733999706, 0.9685235027207287, -0.17565329903928606], [0.4694756291911848, 0.07407333741110035, 0.8798328104136154]], "trans": [692.1350651503421, 61.49645845141458, -274.94577579302904]}], "rb_ScNup188_NTD_nucl_out.pdb_0": [{"rot": [[0.9590608803191316, -0.24240297319803164, -0.14643437583520075], [0.19868553040391032, 0.9443854591758876, -0.26203084647663705], [0.2018075515177945, 0.22220914266046854, 0.9538851131391508]], "trans": [349.30434323419314, 123.81982022662532, -282.596943730391]}], "rb_ScNup188_CTD_nucl_out.pdb_0": [{"rot": [[0.9706668858338611, -0.2344240885003272, 0.053396099823716375], [0.2258951771830477, 0.9652610506041391, 0.13131059786640373], [-0.08232354262926869, -0.11539692767740248, 0.9899022090143968]], "trans": [145.5163372470579, -280.2783495118739, 160.59953599704806]}], "rb_ScNup157_NTD_nucl_out.pdb_0": [{"rot": [[0.9734632059025121, 0.07962186176437544, -0.21454544013606788], [-0.13925948873565272, 0.9500570305996423, -0.27928199620683714], [0.18159345128910628, 0.30174823568227516, 0.935933662559236]], "trans": [185.78854261713354, 430.06538399993786, -276.7008606752918]}], "rb_ScNup157_CTD_nucl_out.pdb_0": [{"rot": [[0.8169208437827242, -0.5474738290989631, -0.18141869100245106], [0.5432633937202023, 0.8360521141708865, -0.07669255135931285], [0.19366264491876578, -0.0359063899899685, 0.980410888924107]], "trans": [692.2222576847763, -212.71628015310478, -94.09255611753281]}]}
