{"rb_ScNic96_CTD_nucl_out.pdb_0": [{"rot": [[0.9868612497013003, -0.161446653691531, 0.006312832153245972], [0.15613359374530694, 0.962977699684197, 0.21976407990185448], [-0.041559291887177885, -0.2158910093606033, 0.9755326223838425]], "trans": [118.61754505079284, -296.1544446959674, 209.56035941120967]}], "rb_ScNup188_NTD_nucl_out.pdb_0": [{"rot": [[0.9638382935042106, -0.2656847746053875, 0.020672312830859685], [0.26532174305703077, 0.9639781181939818, 0.018723255709670008], [-0.024902141194512124, -0.012561376758747387, 0.9996109719175029]], "trans": [203.07479056661452, -206.8900950975957, 35.12546445286296]}], "rb_ScNup188_CTD_nucl_out.pdb_0": [{"rot": [[0.9414004050294226, -0.33720969081584423, -0.00740957693273947], [0.3198331466164565, 0.8854828249560606, 0.3370859312300817], [-0.10710758953433533, -0.3197026604952137, 0.9414447265434264]], "trans": [297.28572136868206, -489.24358951867134, 385.5177757523693]}], "rb_ScNup157_NTD_nucl_out.pdb_0": [{"rot": [[0.8583390935582453, 0.3881385736297326, -0.3355628825276804], [-0.4724504058080292, 0.8529746072467352, -0.22186692733281793], [0.20011150522005913, 0.34897387732171875, 0.9155176778334799]], "trans": [204.39244769065726, 694.8626922061663, -300.30203656876506]}], "rb_ScNup157_CTD_nucl_out.pdb_0": [{"rot": [[0.9496224941762488, -0.3037978443133669, 0.07696744990598209], [0.3101600859518581, 0.9462352802677414, -0.0918668354683168], [-0.04492036995411495, 0.1111110443078369, 0.9927922724296385]], "trans": [177.6349192160227, -98.58653405157065, -31.482321608391317]}]}
