{"rb_ScNup133N_56-480_renamed.pdb_0": [{"rot": [[0.941372448333, 0.29300293549663675, -0.16723394783920784], [-0.3012885851086394, 0.50709815372, -0.8075126320850972], [-0.15179954546298, 0.8105558230523799, 0.565646670381]], "trans": [808.187505673, 606.263103316, 483.777241749]}], "rb_ScNup84_437-726_ScNup133C_490_1155_renamed_relative_3I4R.pdb_0": [{"rot": [[-0.1847748225180001, -0.5551016469689011, 0.8109996464215354], [0.0730686919643053, 0.8151655856770003, 0.5746007606873654], [-0.9800608303661908, 0.16543043692225146, -0.11006152516500016]], "trans": [568.424569155, 504.49512808800006, 635.008251613]}], "rb_4XMM.renamed.noAb_Nup145c_149-550_Sec13_Nup84_7-436_3IKO_updated.pdb_0": [{"rot": [[-0.5993546054839999, 0.7986209439044496, -0.05457696256008276], [0.7843809555390131, 0.5995378532789998, 0.15906250052514906], [0.15975159928095692, 0.0525257122062546, -0.9857588326179999]], "trans": [530.186825649, 559.917662863, 790.090280594]}], "rb_4XMM.renamed.noAb_Seh1_Nup85_47_544_3F3F.pdb_0": [{"rot": [[-0.16680415400300005, 0.27047484313422376, 0.9481665114518971], [0.7563033554100022, 0.6520739641690001, -0.05296017228538619], [-0.6325990901059815, 0.7082675373645491, -0.313329677357]], "trans": [557.429290648, 549.389109979, 706.26471035]}], "rb_4XMM.renamed.noAb_Nup120_715-1036_Nup85_553-744_Nup145c_92-99_554-712_remaining_updated.pdb_0": [{"rot": [[-0.5437321617880001, 0.2509491436550345, -0.8008619503610801], [-0.40817984792297624, -0.9128579945010001, -0.00891591976120451], [-0.7333106763077464, 0.3220478367795957, 0.5987826340490001]], "trans": [508.513821516, 352.568091953, 651.510843408]}], "rb_4XMM.renamed.noAb_Nup120_2-711_3F7F_updated.pdb_0": [{"rot": [[0.5180100097600001, 0.27187953150164557, 0.8110161219968999], [-0.664253474500187, 0.725225342357, 0.18115055732070365], [-0.5389183160766333, -0.6325580788778354, 0.556270910118]], "trans": [508.79424516, 640.54946604, 450.48115323]}]}
