{"rb_ScNup133N_56-480_renamed.pdb_0": [{"rot": [[-0.650836104917, -0.7131574552272959, 0.2604204457990873], [-0.4980991964744446, 0.14221686286800006, -0.8553780184149562], [0.5729830320419449, -0.6864261125348541, -0.447783024491]], "trans": [440.32242082999994, 343.329660969, 803.158012032]}], "rb_ScNup84_437-726_ScNup133C_490_1155_renamed_relative_3I4R.pdb_0": [{"rot": [[-0.9063158655260001, 0.005873203179920572, 0.42256012279942473], [-0.3663630263737443, -0.509311229958, -0.7787041825654595], [0.21064112799291762, -0.860562360624189, 0.46374857269300007]], "trans": [625.115423342, 443.583425414, 607.870493287]}], "rb_4XMM.renamed.noAb_Nup145c_149-550_Sec13_Nup84_7-436_3IKO_updated.pdb_0": [{"rot": [[-0.24305992531700005, -0.3983201307022137, 0.8844562997583691], [-0.12312281778595549, -0.8917565154570001, -0.43544355418404784], [0.9621656013625415, -0.2147356295945338, 0.1677079751749999]], "trans": [495.4337327090001, 496.353423654, 685.960122751]}], "rb_4XMM.renamed.noAb_Seh1_Nup85_47_544_3F3F.pdb_0": [{"rot": [[0.9761164915720002, -0.09403251300577181, 0.19584300186370987], [-0.21448751021371676, -0.27388399549700015, 0.9375407537664271], [-0.034521049281423355, -0.9571548691347807, -0.28751148437600016]], "trans": [565.793247744, 495.74291438, 583.672875717]}], "rb_4XMM.renamed.noAb_Nup120_715-1036_Nup85_553-744_Nup145c_92-99_554-712_remaining_updated.pdb_0": [{"rot": [[-0.821524130487, 0.14041404800761792, -0.552613787513208], [-0.48361702177819477, 0.341774908794, 0.8057943211299283], [0.30201436931703723, 0.9292329131283326, -0.212869711056]], "trans": [546.718322383, 538.834322658, 812.99867005]}], "rb_4XMM.renamed.noAb_Nup120_2-711_3F7F_updated.pdb_0": [{"rot": [[-0.735715095394, -0.0058064790260595744, -0.6772662572509555], [-0.6170851354116116, -0.4064066821979999, 0.6738245649416821], [-0.2791580807775955, 0.9136738441403114, 0.2954164390659999]], "trans": [529.902292625, 387.605184339, 775.5928678339999]}]}
