{"rb_ScNup133N_56-480_renamed.pdb_0": [{"rot": [[-0.7297564187229999, -0.6833764654766314, 0.02126442487460546], [-0.6806633870488266, 0.7232246043670001, -0.11680550145183835], [0.06444317546335451, -0.099713479885432, -0.992927136836]], "trans": [254.74402249199997, 263.942802137, 794.089110485]}], "rb_ScNup84_437-726_ScNup133C_490_1155_renamed_relative_3I4R.pdb_0": [{"rot": [[0.08020833842290007, 0.9491753089913446, -0.3043564608294416], [0.29580569035177035, -0.3142511506480002, -0.9020782714775479], [-0.9518747900868845, -0.017676173726058675, -0.3059770201820001]], "trans": [389.705564169, 512.58867974, 694.289963512]}], "rb_4XMM.renamed.noAb_Nup145c_149-550_Sec13_Nup84_7-436_3IKO_updated.pdb_0": [{"rot": [[-0.651970379849, -0.604480578895056, -0.4577530486389453], [0.5180566859695914, 0.0857085296947, -0.8510413139558953], [0.5536712868857793, -0.7919957560973864, 0.25727578277399993]], "trans": [297.687431564, 890.045467766, 676.542877127]}], "rb_4XMM.renamed.noAb_Seh1_Nup85_47_544_3F3F.pdb_0": [{"rot": [[-0.9471201183540001, -0.003713560431578028, 0.3208577424311683], [0.09253055209380928, 0.954295433807, 0.28418008717066096], [-0.3072483984308458, 0.2988418218456557, -0.9034887864150001]], "trans": [398.827656472, 953.968680185, 645.101020309]}], "rb_4XMM.renamed.noAb_Nup120_715-1036_Nup85_553-744_Nup145c_92-99_554-712_remaining_updated.pdb_0": [{"rot": [[0.9019985815119997, -0.2888149558187888, -0.3209119509238181], [0.41306745261973365, 0.7935312445, 0.44685953451674865], [0.12559394307284102, -0.5356249483525504, 0.835064115003]], "trans": [371.105185742, 930.868313256, 625.5387432969999]}], "rb_4XMM.renamed.noAb_Nup120_2-711_3F7F_updated.pdb_0": [{"rot": [[-0.707139182161, 0.3816417797294147, -0.5952341799809862], [-0.087081519607526, 0.788411753997, 0.6089529662479837], [0.701691517688162, 0.4824483994421981, -0.5242828968029999]], "trans": [478.907393125, 898.529131694, 878.155834955]}]}
