{"rb_ScNup133N_56-480_renamed.pdb_0": [{"rot": [[0.4658965506369998, -0.6950812898570479, -0.5475421486928729], [-0.3229967295526447, -0.709699280722, 0.6260990685514327], [-0.8237800172393364, -0.1148430730751252, -0.5551554302750001]], "trans": [648.862094707, 363.644660703, 615.3478617189999]}], "rb_ScNup84_437-726_ScNup133C_490_1155_renamed_relative_3I4R.pdb_0": [{"rot": [[-0.6928295501689998, -0.41485122143872977, -0.5898183436308293], [-0.173328211043117, -0.6981542375249999, 0.6946495460895936], [-0.6999603886429673, 0.5835058908842992, 0.4117964662719999]], "trans": [536.106348845, 499.436629242, 696.586308128]}], "rb_4XMM.renamed.noAb_Nup145c_149-550_Sec13_Nup84_7-436_3IKO_updated.pdb_0": [{"rot": [[-0.5655072157280001, 0.5291965731577715, 0.6325761423873308], [0.7081553823842179, 0.704713588427, 0.04352829753853074], [-0.42274997736230246, 0.47257776634582827, -0.7732740208979999]], "trans": [477.58292857899994, 613.205169481, 703.892390713]}], "rb_4XMM.renamed.noAb_Seh1_Nup85_47_544_3F3F.pdb_0": [{"rot": [[0.11936314249600016, 0.8535803001693867, -0.5071026635467607], [-0.8633645497533702, 0.3414412402830002, 0.37150980291664837], [0.49025921148168133, 0.393469885247583, 0.7777064709519999]], "trans": [577.168901862, 538.616326671, 722.229679239]}], "rb_4XMM.renamed.noAb_Nup120_715-1036_Nup85_553-744_Nup145c_92-99_554-712_remaining_updated.pdb_0": [{"rot": [[-0.665671076223, -0.1120250524162614, -0.737788862691249], [0.23583081152889127, 0.906420253275, -0.3504085512462694], [0.7080013041045456, -0.40725018365130145, -0.576958786485]], "trans": [445.008191345, 634.186284461, 640.364182841]}], "rb_4XMM.renamed.noAb_Nup120_2-711_3F7F_updated.pdb_0": [{"rot": [[-0.18410434443299983, 0.6189573143169093, -0.7635426860461003], [0.5909627346485359, 0.6904377455949999, 0.4172035063544146], [0.7854098526359465, -0.3744162957341636, -0.49289329562399997]], "trans": [585.638161906, 602.013246494, 644.849931004]}]}
