{"rb_ScNup133N_56-480_renamed.pdb_0": [{"rot": [[-0.13080321653299987, 0.7237251643411735, -0.6775783386767633], [-0.9864949642581531, -0.16297179777799997, 0.016366997962731666], [-0.09858095169923298, 0.6705684749735467, 0.735268465483]], "trans": [579.98738131, 467.997854941, 473.801470613]}], "rb_ScNup84_437-726_ScNup133C_490_1155_renamed_relative_3I4R.pdb_0": [{"rot": [[-0.15973860803700018, 0.49749747951085116, -0.852631124802955], [0.25819219303599, 0.8547111833890002, 0.45033941027300883], [0.9527960792098529, -0.14820610942240386, -0.26498033997300013]], "trans": [543.304060735, 616.226509565, 653.139035207]}], "rb_4XMM.renamed.noAb_Nup145c_149-550_Sec13_Nup84_7-436_3IKO_updated.pdb_0": [{"rot": [[-0.5054930803289999, -0.7873873153136922, -0.3528426865085845], [-0.42230045703074726, -0.13083432138999998, 0.8969641600075444], [-0.7524221353277167, 0.6024148039594597, -0.26637817898499994]], "trans": [563.583533703, 393.600791895, 621.008601726]}], "rb_4XMM.renamed.noAb_Seh1_Nup85_47_544_3F3F.pdb_0": [{"rot": [[-0.8493586664700002, -0.16782409897775366, 0.5004247470845227], [0.45193585064874053, -0.721011083842, 0.5252589874294242], [0.27266067298146, 0.6722931568737629, 0.688242739613]], "trans": [664.214609248, 363.435381615, 630.883858815]}], "rb_4XMM.renamed.noAb_Nup120_715-1036_Nup85_553-744_Nup145c_92-99_554-712_remaining_updated.pdb_0": [{"rot": [[0.01367792996849998, 0.23360898746211328, -0.9722344137134331], [-0.9859239821345054, 0.16518830745200014, 0.025821009530671735], [0.1666337771396194, 0.9581960467764776, 0.23258013728200003]], "trans": [712.253269432, 415.914698325, 657.2123315030001]}], "rb_4XMM.renamed.noAb_Nup120_2-711_3F7F_updated.pdb_0": [{"rot": [[0.7637385436250002, 0.5482626058138523, -0.3407514520112399], [0.06224040266353406, 0.462864222314, 0.8842413946304126], [0.6425181470260938, -0.6965377425293338, 0.3193831616950001]], "trans": [777.744617973, 473.607607168, 378.042908931]}]}
