{"rb_ScNup133N_56-480_renamed.pdb_0": [{"rot": [[-0.7196189322980001, -0.5272165505577066, -0.45187531587410235], [0.5878947228053543, -0.8089023204540001, 0.007538624659050613], [-0.36949747925513954, -0.26023017654024583, 0.8920492520270001]], "trans": [166.581227441, 923.229695212, 528.806593794]}], "rb_ScNup84_437-726_ScNup133C_490_1155_renamed_relative_3I4R.pdb_0": [{"rot": [[-0.20041992917499996, -0.10778883663355285, -0.9737625063056563], [-0.5861592165769153, -0.783216117481, 0.20734002541700772], [-0.7850154296645544, 0.6123349410373164, 0.09379069875739998]], "trans": [334.33247421, 763.393446133, 675.768342356]}], "rb_4XMM.renamed.noAb_Nup145c_149-550_Sec13_Nup84_7-436_3IKO_updated.pdb_0": [{"rot": [[0.614897620319, 0.6452891908403977, -0.453324140886602], [-0.07818335878172739, 0.621892398408, 0.7791900969673274], [0.7847217844151126, -0.44367973244998493, 0.43285103220099996]], "trans": [645.148930777, 609.630190231, 640.542610319]}], "rb_4XMM.renamed.noAb_Seh1_Nup85_47_544_3F3F.pdb_0": [{"rot": [[-0.11642382298000015, 0.13627138120662757, -0.9838066904157339], [-0.8539551325839987, -0.51953262244, 0.02909442823053615], [-0.5071549319253112, 0.8435140573130091, 0.17685561947300005]], "trans": [563.229979596, 469.369948845, 697.494215723]}], "rb_4XMM.renamed.noAb_Nup120_715-1036_Nup85_553-744_Nup145c_92-99_554-712_remaining_updated.pdb_0": [{"rot": [[0.13817663673200006, -0.35169040597642265, -0.925862341498763], [0.7936394529423015, 0.5985589625490001, -0.10892009495822802], [0.5924893550055372, -0.7197506698130987, 0.361822245735]], "trans": [524.138037724, 640.465751749, 588.296911268]}], "rb_4XMM.renamed.noAb_Nup120_2-711_3F7F_updated.pdb_0": [{"rot": [[-0.1812508629020001, 0.9820745958852404, 0.051745655026507825], [-0.9831784653458815, -0.18215840019600005, 0.013357489215845134], [0.02254395656041534, -0.04845415725070327, 0.9985709612580002]], "trans": [711.941766206, 454.463847473, 673.2547470250001]}]}
