{"rb_ScNup133N_56-480_renamed.pdb_0": [{"rot": [[0.9042323456839999, 0.3796235516889013, 0.19557562225879588], [0.39936850644065114, -0.5895613281639999, -0.7020842089072107], [-0.15122387735465143, 0.7129539952455589, -0.6847101135379999]], "trans": [681.679610528, 707.427378764, 761.666592033]}], "rb_ScNup84_437-726_ScNup133C_490_1155_renamed_relative_3I4R.pdb_0": [{"rot": [[-0.3878709763410001, -0.7414303488069895, 0.5475738704323144], [0.9030961784406406, -0.4245039293730001, 0.06491306827437426], [0.18431874076769825, 0.5196897649702452, 0.834235668134]], "trans": [532.025950358, 506.568842866, 691.048630776]}], "rb_4XMM.renamed.noAb_Nup145c_149-550_Sec13_Nup84_7-436_3IKO_updated.pdb_0": [{"rot": [[0.45380536800300003, 0.8797255600938011, 0.14192824556553124], [0.6104625733634402, -0.19089051738800003, -0.7686977669369335], [-0.6491503173334725, 0.435481055028792, -0.62366667076]], "trans": [637.253354913, 634.184647803, 659.052802664]}], "rb_4XMM.renamed.noAb_Seh1_Nup85_47_544_3F3F.pdb_0": [{"rot": [[0.232646187782, -0.10134881170391552, 0.9672663385421343], [-0.924691471501193, -0.33123155380399993, 0.18770013398382607], [0.3013659467216905, -0.9380906545376051, -0.170776140095]], "trans": [500.623787365, 476.75106266, 603.899454136]}], "rb_4XMM.renamed.noAb_Nup120_715-1036_Nup85_553-744_Nup145c_92-99_554-712_remaining_updated.pdb_0": [{"rot": [[-0.8153445498460001, -0.31061257382923085, 0.48860320712783306], [0.02524485446871172, 0.824033905274, 0.5659777559955284], [-0.5784254164188128, 0.47380159554191126, -0.6640301843310001]], "trans": [452.959434557, 623.283584174, 710.34493704]}], "rb_4XMM.renamed.noAb_Nup120_2-711_3F7F_updated.pdb_0": [{"rot": [[-0.895263989701, 0.34247635726897596, -0.2849777771273061], [0.205910056714918, -0.2491713083849998, -0.9463163887523911], [-0.39509927523131083, -0.905882775964683, 0.1525547735149998]], "trans": [579.841463158, 495.63782989, 411.310446562]}]}
