{"rb_ScNup133N_56-480_renamed.pdb_0": [{"rot": [[-0.24720048731799993, -0.554897480740717, 0.7943429391247517], [0.03514694835927035, -0.824380960255, -0.5649431160657461], [0.9683267067941347, -0.11173548333743316, 0.22329032821099992]], "trans": [183.71976036100003, 857.545016541, 924.187182879]}], "rb_ScNup84_437-726_ScNup133C_490_1155_renamed_relative_3I4R.pdb_0": [{"rot": [[-0.755943594693, -0.6545513215102673, 0.010575875934782653], [0.4834227130107667, -0.5690543629190001, -0.6651914104888612], [0.441420165135141, -0.49773456736699884, 0.74659797633]], "trans": [358.572679979, 839.429596739, 696.009909088]}], "rb_4XMM.renamed.noAb_Nup145c_149-550_Sec13_Nup84_7-436_3IKO_updated.pdb_0": [{"rot": [[-0.910276423744, 0.41387429350849514, -0.010242145706729405], [0.09538059801411061, 0.23372590081200006, 0.9676129106270182], [0.4028639645070088, 0.8798183178716292, -0.252230754745]], "trans": [303.542717744, 759.171750779, 777.600604015]}], "rb_4XMM.renamed.noAb_Seh1_Nup85_47_544_3F3F.pdb_0": [{"rot": [[-0.3005093268250001, 0.8059404908130409, -0.5100530068132338], [0.9523373191162382, 0.2829364889310001, -0.11402005898040388], [0.05241922461923726, -0.5200066042844392, -0.8525522602110004]], "trans": [411.898983928, 814.368777233, 686.514016005]}], "rb_4XMM.renamed.noAb_Nup120_715-1036_Nup85_553-744_Nup145c_92-99_554-712_remaining_updated.pdb_0": [{"rot": [[-0.652580984813, 0.6727808471369695, -0.3485742245005454], [0.739773026831373, 0.6652330475990001, -0.10099931264565701], [0.1639326905569591, -0.323776040045906, -0.931823561013]], "trans": [390.53131251700006, 848.099120853, 706.444950711]}], "rb_4XMM.renamed.noAb_Nup120_2-711_3F7F_updated.pdb_0": [{"rot": [[0.547644174035, -0.42338486360792504, 0.7216863002116789], [0.45438003339225375, 0.8747497408170002, 0.16837955990869496], [-0.7025842610676509, 0.2357077601783406, 0.6714292277610001]], "trans": [172.772862548, 886.368943636, 746.611807932]}]}
