{"rb_ScNup133N_56-480_renamed.pdb_0": [{"rot": [[-0.942788519289, -0.2601645118693247, -0.20848077767662643], [-0.32912130209090723, 0.626525685576, 0.7065017578346915], [-0.053188122798616344, 0.7346972111539007, -0.676306906305]], "trans": [75.5093903163, 560.821080815, 612.719405349]}], "rb_ScNup84_437-726_ScNup133C_490_1155_renamed_relative_3I4R.pdb_0": [{"rot": [[-0.8661766096129999, -0.07092743323202194, -0.4946790678555599], [-0.351852331742344, 0.7894941094950001, 0.5028906319670036], [0.35487746844059304, 0.6096460860924261, -0.708797313839]], "trans": [331.431328618, 678.244254763, 568.705984794]}], "rb_4XMM.renamed.noAb_Nup145c_149-550_Sec13_Nup84_7-436_3IKO_updated.pdb_0": [{"rot": [[0.570554433569, 0.5038652038726321, -0.6485271734176976], [0.08491709732771607, 0.7492462104540001, 0.656825092929431], [0.8168578364172023, -0.4298255139550365, 0.384698976652]], "trans": [656.095735484, 585.035703998, 655.476216842]}], "rb_4XMM.renamed.noAb_Seh1_Nup85_47_544_3F3F.pdb_0": [{"rot": [[-0.28486854649499993, 0.31709133247937726, 0.9046010159646511], [-0.8151293228348181, 0.41644008457700005, -0.4026684032952573], [-0.5043947841449958, -0.8520743763451369, 0.1398397615250001]], "trans": [602.749661014, 484.035882264, 598.18148182]}], "rb_4XMM.renamed.noAb_Nup120_715-1036_Nup85_553-744_Nup145c_92-99_554-712_remaining_updated.pdb_0": [{"rot": [[-0.5715658221460002, 0.777391034483855, -0.2626322342338974], [-0.15079192852362183, 0.21510516351700004, 0.9648790405643869], [0.8065818651858558, 0.5910947031842245, -0.0057224663266499665]], "trans": [620.711859022, 526.86456011, 790.850453169]}], "rb_4XMM.renamed.noAb_Nup120_2-711_3F7F_updated.pdb_0": [{"rot": [[-0.09890500788510004, 0.5548584997200772, -0.8260446989743553], [-0.990854779973553, 0.021654462543299946, 0.13318366737525517], [0.09178564386008353, 0.8316628701224709, 0.5476424618680001]], "trans": [605.832780026, 499.545790367, 786.626443716]}]}
