{"rb_ScNup133N_56-480_renamed.pdb_0": [{"rot": [[-0.12125572609599983, -0.8422821029641061, 0.5252217702221559], [0.9712001490963116, -0.21000247275699996, -0.11255768224003057], [0.20510319179436012, 0.4964471980606887, 0.843488506296]], "trans": [538.00950705, 804.476127928, 566.453512242]}], "rb_ScNup84_437-726_ScNup133C_490_1155_renamed_relative_3I4R.pdb_0": [{"rot": [[0.646475050906, 0.004582124966022533, 0.7629213673026076], [0.2770336238393568, -0.9331371631780001, -0.22914494530438223], [0.7108603096379191, 0.35949136126882153, -0.604519297752]], "trans": [549.585654618, 615.962608733, 651.443445129]}], "rb_4XMM.renamed.noAb_Nup145c_149-550_Sec13_Nup84_7-436_3IKO_updated.pdb_0": [{"rot": [[-0.929397962536, -0.1922445839552385, 0.3150578473452282], [-0.1796389103082773, -0.510073608796, -0.8411627520956214], [0.32241167649014596, -0.8383715963400135, 0.439526765184]], "trans": [235.78962951900002, 731.048085721, 523.958256077]}], "rb_4XMM.renamed.noAb_Seh1_Nup85_47_544_3F3F.pdb_0": [{"rot": [[-0.9145748348050002, -0.3351496301225304, 0.22633514302939794], [0.14286695079303774, 0.2558216648700002, 0.9561089426180687], [-0.3783409915836595, 0.9067689899924196, -0.1860862511730001]], "trans": [272.95125425, 777.8452924430001, 775.008101711]}], "rb_4XMM.renamed.noAb_Nup120_715-1036_Nup85_553-744_Nup145c_92-99_554-712_remaining_updated.pdb_0": [{"rot": [[0.830767781215, -0.11126424011594266, 0.5453853340222194], [-0.5024272816491615, -0.5716046585320002, 0.648717920978872], [0.23956569109482326, -0.8129504186701288, -0.5307729236070001]], "trans": [334.550664486, 678.690497597, 599.008852116]}], "rb_4XMM.renamed.noAb_Nup120_2-711_3F7F_updated.pdb_0": [{"rot": [[0.512447096737, 0.35253955420435984, -0.7830158592054257], [-0.8296634747916403, 0.43845126145699986, -0.34557055708411677], [0.22148700106886876, 0.8267262872608787, 0.517172267537]], "trans": [489.198346218, 900.509980543, 889.466232541]}]}
