{"rb_ScNup133N_56-480_renamed.pdb_0": [{"rot": [[-0.8909120263769998, 0.4221999548558856, -0.16740059550824754], [0.03355460078142708, -0.30638699736400005, -0.9513154558886716], [-0.45293470834462085, -0.8531554406823882, 0.25879710974200004]], "trans": [385.9153511580001, 546.895571895, 470.502031964]}], "rb_ScNup84_437-726_ScNup133C_490_1155_renamed_relative_3I4R.pdb_0": [{"rot": [[-0.559713640279, 0.7959591814610829, -0.2305853905463945], [-0.20872590988857948, -0.404693864726, -0.890312512769712], [-0.8019689117583143, -0.45019091205946943, 0.392649980609]], "trans": [583.995150894, 505.564269432, 627.513032214]}], "rb_4XMM.renamed.noAb_Nup145c_149-550_Sec13_Nup84_7-436_3IKO_updated.pdb_0": [{"rot": [[-0.443993936316, -0.8580387690188602, 0.25814502779488674], [0.4883393816320802, -0.47327023594400003, -0.7331711479025265], [0.751261627438685, -0.19946116070581177, 0.629143236877]], "trans": [459.026047258, 705.388502633, 635.552377385]}], "rb_4XMM.renamed.noAb_Seh1_Nup85_47_544_3F3F.pdb_0": [{"rot": [[0.2865442849010001, -0.7432725621669699, -0.6045149056229484], [0.1472638790508295, 0.657645042285, -0.7387938469457249], [0.946681426202858, 0.12267394461624026, 0.2979016290570001]], "trans": [439.527023515, 851.946586426, 601.295522725]}], "rb_4XMM.renamed.noAb_Nup120_715-1036_Nup85_553-744_Nup145c_92-99_554-712_remaining_updated.pdb_0": [{"rot": [[-0.849509351052, 0.3773102956454837, -0.3687421907988394], [-0.1858250030214629, -0.868143982245, -0.4602120102125393], [-0.49376404357474557, -0.3224328874226555, 0.807610117805]], "trans": [559.227612233, 697.887833022, 545.883173698]}], "rb_4XMM.renamed.noAb_Nup120_2-711_3F7F_updated.pdb_0": [{"rot": [[-0.30514059209600014, 0.2585682181053886, 0.9165324302178876], [0.15298233159124258, 0.9632433139750001, -0.2208137774310443], [-0.9399391604121033, 0.07283402136545702, -0.3334810040400001]], "trans": [486.73862081, 1075.04076964, 654.141510493]}]}
