{"rb_ScNup133N_56-480_renamed.pdb_0": [{"rot": [[0.513083753624, 0.4885026184170883, -0.7057692636880377], [0.816611322277753, -0.02455957127910001, 0.5766652198514892], [0.26436907930937414, -0.8722167272290959, -0.41151788618099994]], "trans": [801.9332926229999, 665.50717202, 808.9367386469999]}], "rb_ScNup84_437-726_ScNup133C_490_1155_renamed_relative_3I4R.pdb_0": [{"rot": [[0.646475050906, 0.004582124966022533, 0.7629213673026076], [0.2770336238393568, -0.9331371631780001, -0.22914494530438223], [0.7108603096379191, 0.35949136126882153, -0.604519297752]], "trans": [549.585654618, 615.962608733, 651.443445129]}], "rb_4XMM.renamed.noAb_Nup145c_149-550_Sec13_Nup84_7-436_3IKO_updated.pdb_0": [{"rot": [[0.570554433569, 0.5038652038726321, -0.6485271734176976], [0.08491709732771607, 0.7492462104540001, 0.656825092929431], [0.8168578364172023, -0.4298255139550365, 0.384698976652]], "trans": [656.095735484, 585.035703998, 655.476216842]}], "rb_4XMM.renamed.noAb_Seh1_Nup85_47_544_3F3F.pdb_0": [{"rot": [[-0.4649018641640001, -0.8763251970804589, -0.1261760898852584], [-0.4133278044115447, 0.3408524539930002, -0.844381270935874], [0.7829600135365596, -0.34040234072174785, -0.5206725109260002]], "trans": [398.76826418, 508.606094261, 642.998939205]}], "rb_4XMM.renamed.noAb_Nup120_715-1036_Nup85_553-744_Nup145c_92-99_554-712_remaining_updated.pdb_0": [{"rot": [[-0.5431226255439999, -0.38462876296744314, 0.7463769344776983], [0.005170559065779401, 0.8873618440689999, 0.46104470825442845], [-0.8396374687572841, 0.25426299846536493, -0.4799575488209998]], "trans": [468.0495159260001, 583.223768988, 676.462289187]}], "rb_4XMM.renamed.noAb_Nup120_2-711_3F7F_updated.pdb_0": [{"rot": [[0.8118789452750002, 0.3999611733356278, -0.42530417120355346], [0.19899601853136267, -0.874432925854, -0.4424563738845657], [-0.5488653412521318, 0.27458717742531413, -0.7895243626170001]], "trans": [738.353021291, 289.822497341, 697.701523848]}]}
