{"rb_ScNup133N_56-480_renamed.pdb_0": [{"rot": [[0.8871797393120001, -0.29585785596764597, 0.35409072173176104], [0.44976975278249515, 0.383097740448, -0.8068105668281809], [0.10304988906478749, 0.8750452847286618, 0.472944468239]], "trans": [866.916832487, 643.743241027, 553.906470333]}], "rb_ScNup84_437-726_ScNup133C_490_1155_renamed_relative_3I4R.pdb_0": [{"rot": [[0.5617708835899999, 0.4801436362795392, 0.6737028743376209], [-0.07405203396743881, -0.7818930829789998, 0.6189987908347477], [0.8239719477116899, -0.3976245658027885, -0.40368915523499993]], "trans": [591.020005503, 500.496102766, 653.897628884]}], "rb_4XMM.renamed.noAb_Nup145c_149-550_Sec13_Nup84_7-436_3IKO_updated.pdb_0": [{"rot": [[-0.5692719156140003, -0.7958432336984534, 0.20630810325713247], [0.48663319859689513, -0.5284305360790001, -0.6956646451866125], [0.6626595023966092, -0.2956259730058398, 0.6881044019390001]], "trans": [458.7722188849999, 597.495095428, 640.462860688]}], "rb_4XMM.renamed.noAb_Seh1_Nup85_47_544_3F3F.pdb_0": [{"rot": [[0.08827835062589981, -0.9912393917926563, 0.09824154400911886], [-0.8945869015009924, -0.03551915665899988, 0.4454802635056766], [-0.4380881286609172, -0.1272118613524634, -0.889885348715]], "trans": [444.313407876, 473.797823871, 695.683213382]}], "rb_4XMM.renamed.noAb_Nup120_715-1036_Nup85_553-744_Nup145c_92-99_554-712_remaining_updated.pdb_0": [{"rot": [[-0.5715658221460002, 0.777391034483855, -0.2626322342338974], [-0.15079192852362183, 0.21510516351700004, 0.9648790405643869], [0.8065818651858558, 0.5910947031842245, -0.0057224663266499665]], "trans": [620.711859022, 526.86456011, 790.850453169]}], "rb_4XMM.renamed.noAb_Nup120_2-711_3F7F_updated.pdb_0": [{"rot": [[-0.09890500788510004, 0.5548584997200772, -0.8260446989743553], [-0.990854779973553, 0.021654462543299946, 0.13318366737525517], [0.09178564386008353, 0.8316628701224709, 0.5476424618680001]], "trans": [605.832780026, 499.545790367, 786.626443716]}]}
