{"rb_ScNup133N_56-480_renamed.pdb_0": [{"rot": [[-0.8909120263769998, 0.4221999548558856, -0.16740059550824754], [0.03355460078142708, -0.30638699736400005, -0.9513154558886716], [-0.45293470834462085, -0.8531554406823882, 0.25879710974200004]], "trans": [385.9153511580001, 546.895571895, 470.502031964]}], "rb_ScNup84_437-726_ScNup133C_490_1155_renamed_relative_3I4R.pdb_0": [{"rot": [[-0.559713640279, 0.7959591814610829, -0.2305853905463945], [-0.20872590988857948, -0.404693864726, -0.890312512769712], [-0.8019689117583143, -0.45019091205946943, 0.392649980609]], "trans": [583.995150894, 505.564269432, 627.513032214]}], "rb_4XMM.renamed.noAb_Nup145c_149-550_Sec13_Nup84_7-436_3IKO_updated.pdb_0": [{"rot": [[-0.443993936316, -0.8580387690188602, 0.25814502779488674], [0.4883393816320802, -0.47327023594400003, -0.7331711479025265], [0.751261627438685, -0.19946116070581177, 0.629143236877]], "trans": [459.026047258, 705.388502633, 635.552377385]}], "rb_4XMM.renamed.noAb_Seh1_Nup85_47_544_3F3F.pdb_0": [{"rot": [[-0.7630416452820001, 0.10767301373140617, 0.637317793317694], [-0.3291992298407569, -0.913292698865, -0.23984226748456383], [0.5562331477335659, -0.3928141651135827, 0.732326236761]], "trans": [595.148222315, 662.345401545, 636.379622693]}], "rb_4XMM.renamed.noAb_Nup120_715-1036_Nup85_553-744_Nup145c_92-99_554-712_remaining_updated.pdb_0": [{"rot": [[0.579784366263, 0.7457127135233345, -0.3282722003561629], [0.738872094449258, -0.651019455113, -0.17390140053645137], [-0.3433920742841601, -0.14172585492434997, -0.928437216706]], "trans": [662.538217931, 745.251711659, 614.540390728]}], "rb_4XMM.renamed.noAb_Nup120_2-711_3F7F_updated.pdb_0": [{"rot": [[0.006452072232069839, 0.8437490445575755, 0.5366990968616313], [0.930361606959593, -0.20181986034199995, 0.30609806315476673], [0.3665864851020508, 0.4973492673963782, -0.786293873282]], "trans": [621.192344787, 815.092465849, 762.5305955]}]}
