{"rb_ScNup133N_56-480_renamed.pdb_0": [{"rot": [[-0.976733374061, 0.10719676860227867, -0.18574382572953568], [0.1559966085027184, -0.23920235603500012, -0.9583565573433276], [-0.1471630868494685, -0.9650342406715601, 0.21691459194900015]], "trans": [215.15697847800004, 696.9723533610002, 654.43905382]}], "rb_ScNup84_437-726_ScNup133C_490_1155_renamed_relative_3I4R.pdb_0": [{"rot": [[0.9712744094489999, 0.19109796300444065, -0.14180123442710119], [0.2253969009518504, -0.5477275482109999, 0.8057237553728128], [0.0763037259299834, -0.8145404234697747, -0.5750666395669998]], "trans": [424.176396151, 499.788280671, 784.858702621]}], "rb_4XMM.renamed.noAb_Nup145c_149-550_Sec13_Nup84_7-436_3IKO_updated.pdb_0": [{"rot": [[0.9552180445860001, -0.2606691998476305, 0.14003590806680458], [0.2874057302438492, 0.9299116242759999, -0.22948271668988782], [-0.07040194258895333, 0.25945315432109817, 0.9631861851129999]], "trans": [462.588897124, 566.985104792, 701.829613613]}], "rb_4XMM.renamed.noAb_Seh1_Nup85_47_544_3F3F.pdb_0": [{"rot": [[0.470882506633, 0.8332880464197276, 0.2896561696926486], [-0.7114458290321923, 0.5528361764629999, -0.43383982568047785], [-0.5216459501421623, -0.0017870891876285433, 0.8531601895379999]], "trans": [506.514125699, 487.824038098, 663.976320077]}], "rb_4XMM.renamed.noAb_Nup120_715-1036_Nup85_553-744_Nup145c_92-99_554-712_remaining_updated.pdb_0": [{"rot": [[-0.8301929058199999, 0.043787499562684434, 0.5557538969797624], [0.5032371054005275, -0.37006482060599993, 0.7808997658457502], [0.2398586143423723, 0.9279734281927996, 0.28518969422799995]], "trans": [430.933998119, 432.827559385, 789.042204912]}], "rb_4XMM.renamed.noAb_Nup120_2-711_3F7F_updated.pdb_0": [{"rot": [[0.5180100097600001, 0.27187953150164557, 0.8110161219968999], [-0.664253474500187, 0.725225342357, 0.18115055732070365], [-0.5389183160766333, -0.6325580788778354, 0.556270910118]], "trans": [508.79424516, 640.54946604, 450.48115323]}]}
