{"rb_ScNup133N_56-480_renamed.pdb_0": [{"rot": [[0.3008073418190001, -0.8763555263230018, -0.37618603720888094], [0.30935169082536085, -0.2834638622499999, 0.90771678963309], [-0.9021177719628837, -0.3894216612894657, 0.185834052927]], "trans": [559.051892232, 779.899117481, 490.323269035]}], "rb_ScNup84_437-726_ScNup133C_490_1155_renamed_relative_3I4R.pdb_0": [{"rot": [[0.8495564930439999, 0.49259762325074774, 0.1886831913406554], [-0.4554876393168963, 0.865457228132, -0.20860200551192298], [-0.26605408389329605, 0.09127632684212107, 0.9596269361589999]], "trans": [335.003551924, 771.696785166, 679.374860751]}], "rb_4XMM.renamed.noAb_Nup145c_149-550_Sec13_Nup84_7-436_3IKO_updated.pdb_0": [{"rot": [[0.4299780874399998, 0.48325992069298407, -0.7626130692384246], [-0.33978836596722106, 0.8691973720949998, 0.35922109444807354], [0.836458433321564, 0.10466984950288538, 0.5379419224509999]], "trans": [436.54426202700006, 707.85703039, 601.634456229]}], "rb_4XMM.renamed.noAb_Seh1_Nup85_47_544_3F3F.pdb_0": [{"rot": [[0.5615475952249998, 0.5121973367166298, -0.6498601284564326], [-0.35105544697386537, 0.8586697953659999, 0.37342503354233136], [0.7492825711619077, 0.018441008283255372, 0.6619936236599999]], "trans": [337.304991783, 877.3752650659999, 646.188297677]}], "rb_4XMM.renamed.noAb_Nup120_715-1036_Nup85_553-744_Nup145c_92-99_554-712_remaining_updated.pdb_0": [{"rot": [[0.56836763947, -0.17399082405118346, 0.8041675320163643], [0.5980386633165518, -0.5838960182680001, -0.5490129297469482], [0.5650734320261855, 0.7929644588484186, -0.22781436175400008]], "trans": [307.99300305, 681.221750656, 686.473903325]}], "rb_4XMM.renamed.noAb_Nup120_2-711_3F7F_updated.pdb_0": [{"rot": [[-0.26386037720699995, -0.1457742631650838, -0.9534818118552953], [0.7453454977088729, 0.5966293844620001, -0.2974785145882095], [0.6122399777744773, -0.789166168683866, -0.04877466370499994]], "trans": [372.229907544, 928.847395954, 368.72318340900006]}]}
