{"rb_ScNup133N_56-480_renamed.pdb_0": [{"rot": [[0.44281031574599994, -0.8746214173240485, 0.19737375870920687], [0.25872943517645886, 0.335411864171, 0.9058465437073793], [-0.8584742882825311, -0.35005179292699967, 0.374814138776]], "trans": [776.265841057, 327.454014024, 282.185351764]}], "rb_ScNup84_437-726_ScNup133C_490_1155_renamed_relative_3I4R.pdb_0": [{"rot": [[-0.823855634868, 0.2676182976921343, 0.49964221162408706], [-0.5413982211083549, -0.11061780025699997, -0.8334576584608311], [-0.16777919739036096, -0.9571541929107696, 0.23602116836499998]], "trans": [626.199638267, 447.534043766, 604.060934161]}], "rb_4XMM.renamed.noAb_Nup145c_149-550_Sec13_Nup84_7-436_3IKO_updated.pdb_0": [{"rot": [[-0.5655072157280001, 0.5291965731577715, 0.6325761423873308], [0.7081553823842179, 0.704713588427, 0.04352829753853074], [-0.42274997736230246, 0.47257776634582827, -0.7732740208979999]], "trans": [477.58292857899994, 613.205169481, 703.892390713]}], "rb_4XMM.renamed.noAb_Seh1_Nup85_47_544_3F3F.pdb_0": [{"rot": [[-0.741101633949, -0.6343981960898439, -0.21978921028129325], [-0.6702803210165931, 0.717943479801, 0.18783357279550433], [0.03863495070548709, 0.2865241501325554, -0.9572937124910001]], "trans": [469.39961142999994, 544.506338863, 697.257325552]}], "rb_4XMM.renamed.noAb_Nup120_715-1036_Nup85_553-744_Nup145c_92-99_554-712_remaining_updated.pdb_0": [{"rot": [[-0.23601511218600013, -0.04772789038517922, -0.9705765890949619], [-0.9715143347744517, 0.033556003997799955, 0.23459303468657067], [0.02137204125919434, 0.9982965707018533, -0.05428805372579998]], "trans": [544.366361461, 468.334734627, 775.43671681]}], "rb_4XMM.renamed.noAb_Nup120_2-711_3F7F_updated.pdb_0": [{"rot": [[-0.895263989701, 0.34247635726897596, -0.2849777771273061], [0.205910056714918, -0.2491713083849998, -0.9463163887523911], [-0.39509927523131083, -0.905882775964683, 0.1525547735149998]], "trans": [579.841463158, 495.63782989, 411.310446562]}]}
