{"rb_ScNup133N_56-480_renamed.pdb_0": [{"rot": [[0.37531226669700013, 0.9257924078833475, 0.04526720636745529], [-0.4707881173289237, 0.14833156123600008, 0.8696874706026174], [0.7984355021218982, -0.34771563877232303, 0.4915227192150001]], "trans": [480.704004494, 228.97012407, 831.753561408]}], "rb_ScNup84_437-726_ScNup133C_490_1155_renamed_relative_3I4R.pdb_0": [{"rot": [[-0.597023311463, -0.6243037934481974, -0.5037935480491429], [0.7223212291545291, -0.14511737340599995, -0.6761604764021879], [0.3490203539658453, -0.7675843415690121, 0.537586338271]], "trans": [506.384668908, 498.330205278, 718.438329488]}], "rb_4XMM.renamed.noAb_Nup145c_149-550_Sec13_Nup84_7-436_3IKO_updated.pdb_0": [{"rot": [[-0.5692719156140003, -0.7958432336984534, 0.20630810325713247], [0.48663319859689513, -0.5284305360790001, -0.6956646451866125], [0.6626595023966092, -0.2956259730058398, 0.6881044019390001]], "trans": [458.7722188849999, 597.495095428, 640.462860688]}], "rb_4XMM.renamed.noAb_Seh1_Nup85_47_544_3F3F.pdb_0": [{"rot": [[0.7403968284119999, 0.6540670747366315, 0.15494772738868076], [-0.5811716651996108, 0.5071023927929998, 0.6364641850039365], [0.3377159043435216, -0.561287292720118, 0.755582254281]], "trans": [607.940941162, 711.121319796, 625.258393893]}], "rb_4XMM.renamed.noAb_Nup120_715-1036_Nup85_553-744_Nup145c_92-99_554-712_remaining_updated.pdb_0": [{"rot": [[-0.22537003556900018, 0.3945214411113666, 0.8908205091773752], [0.5101837708991156, 0.82674615261, -0.23707239201501581], [-0.830012570373959, 0.40105315314553147, -0.38760224634700013]], "trans": [567.315635942, 724.783645341, 666.046839116]}], "rb_4XMM.renamed.noAb_Nup120_2-711_3F7F_updated.pdb_0": [{"rot": [[-0.735715095394, -0.0058064790260595744, -0.6772662572509555], [-0.6170851354116116, -0.4064066821979999, 0.6738245649416821], [-0.2791580807775955, 0.9136738441403114, 0.2954164390659999]], "trans": [529.902292625, 387.605184339, 775.5928678339999]}]}
