{"rb_ScNup133N_56-480_renamed.pdb_0": [{"rot": [[-0.12125572609599983, -0.8422821029641061, 0.5252217702221559], [0.9712001490963116, -0.21000247275699996, -0.11255768224003057], [0.20510319179436012, 0.4964471980606887, 0.843488506296]], "trans": [538.00950705, 804.476127928, 566.453512242]}], "rb_ScNup84_437-726_ScNup133C_490_1155_renamed_relative_3I4R.pdb_0": [{"rot": [[0.646475050906, 0.004582124966022533, 0.7629213673026076], [0.2770336238393568, -0.9331371631780001, -0.22914494530438223], [0.7108603096379191, 0.35949136126882153, -0.604519297752]], "trans": [549.585654618, 615.962608733, 651.443445129]}], "rb_4XMM.renamed.noAb_Nup145c_149-550_Sec13_Nup84_7-436_3IKO_updated.pdb_0": [{"rot": [[0.614897620319, 0.6452891908403977, -0.453324140886602], [-0.07818335878172739, 0.621892398408, 0.7791900969673274], [0.7847217844151126, -0.44367973244998493, 0.43285103220099996]], "trans": [645.148930777, 609.630190231, 640.542610319]}], "rb_4XMM.renamed.noAb_Seh1_Nup85_47_544_3F3F.pdb_0": [{"rot": [[-0.28486854649499993, 0.31709133247937726, 0.9046010159646511], [-0.8151293228348181, 0.41644008457700005, -0.4026684032952573], [-0.5043947841449958, -0.8520743763451369, 0.1398397615250001]], "trans": [602.749661014, 484.035882264, 598.18148182]}], "rb_4XMM.renamed.noAb_Nup120_715-1036_Nup85_553-744_Nup145c_92-99_554-712_remaining_updated.pdb_0": [{"rot": [[-0.5715658221460002, 0.777391034483855, -0.2626322342338974], [-0.15079192852362183, 0.21510516351700004, 0.9648790405643869], [0.8065818651858558, 0.5910947031842245, -0.0057224663266499665]], "trans": [620.711859022, 526.86456011, 790.850453169]}], "rb_4XMM.renamed.noAb_Nup120_2-711_3F7F_updated.pdb_0": [{"rot": [[-0.09890500788510004, 0.5548584997200772, -0.8260446989743553], [-0.990854779973553, 0.021654462543299946, 0.13318366737525517], [0.09178564386008353, 0.8316628701224709, 0.5476424618680001]], "trans": [605.832780026, 499.545790367, 786.626443716]}]}
