{"rb_ScNup133N_56-480_renamed.pdb_0": [{"rot": [[-0.7297564187229999, -0.6833764654766314, 0.02126442487460546], [-0.6806633870488266, 0.7232246043670001, -0.11680550145183835], [0.06444317546335451, -0.099713479885432, -0.992927136836]], "trans": [254.74402249199997, 263.942802137, 794.089110485]}], "rb_ScNup84_437-726_ScNup133C_490_1155_renamed_relative_3I4R.pdb_0": [{"rot": [[0.08020833842290007, 0.9491753089913446, -0.3043564608294416], [0.29580569035177035, -0.3142511506480002, -0.9020782714775479], [-0.9518747900868845, -0.017676173726058675, -0.3059770201820001]], "trans": [389.705564169, 512.58867974, 694.289963512]}], "rb_4XMM.renamed.noAb_Nup145c_149-550_Sec13_Nup84_7-436_3IKO_updated.pdb_0": [{"rot": [[0.4384826435559999, 0.601291394811841, -0.6679682850445617], [-0.4093665536842394, -0.5280287075430001, -0.744046173792432], [-0.800094991875859, 0.5996952080312965, 0.01461716249720002]], "trans": [415.481152115, 746.79047081, 675.77492073]}], "rb_4XMM.renamed.noAb_Seh1_Nup85_47_544_3F3F.pdb_0": [{"rot": [[0.5970009838660001, -0.737365791739141, 0.3160403683644511], [-0.41345862454932997, 0.0547966913828999, 0.908872536937531], [-0.6874894843187089, -0.673267414766523, -0.27215656737400007]], "trans": [297.91795492, 754.407931818, 502.336394794]}], "rb_4XMM.renamed.noAb_Nup120_715-1036_Nup85_553-744_Nup145c_92-99_554-712_remaining_updated.pdb_0": [{"rot": [[0.43039276956799993, -0.8998251655729562, -0.07125121265766782], [0.06605542319577418, -0.04732675550910001, 0.9966929613875122], [-0.9002214977270946, -0.43367597306581734, 0.03906923873590004]], "trans": [259.775972927, 768.314722279, 522.117169383]}], "rb_4XMM.renamed.noAb_Nup120_2-711_3F7F_updated.pdb_0": [{"rot": [[-0.5807573758890001, 0.6747027563393071, -0.45551845290686543], [0.3999331445049168, 0.7238368902790001, 0.562239838678865], [0.7090658292972043, 0.14434800608033477, -0.690209607919]], "trans": [536.259899333, 957.9680236039999, 738.568311391]}]}
