{"rb_ScNup133N_56-480_renamed.pdb_0": [{"rot": [[0.9042323456839999, 0.3796235516889013, 0.19557562225879588], [0.39936850644065114, -0.5895613281639999, -0.7020842089072107], [-0.15122387735465143, 0.7129539952455589, -0.6847101135379999]], "trans": [681.679610528, 707.427378764, 761.666592033]}], "rb_ScNup84_437-726_ScNup133C_490_1155_renamed_relative_3I4R.pdb_0": [{"rot": [[-0.3878709763410001, -0.7414303488069895, 0.5475738704323144], [0.9030961784406406, -0.4245039293730001, 0.06491306827437426], [0.18431874076769825, 0.5196897649702452, 0.834235668134]], "trans": [532.025950358, 506.568842866, 691.048630776]}], "rb_4XMM.renamed.noAb_Nup145c_149-550_Sec13_Nup84_7-436_3IKO_updated.pdb_0": [{"rot": [[0.8840306607819999, -0.20479793288752637, -0.4201756745485592], [0.2290954172230061, 0.9733745059380001, 0.007573704336124351], [0.4074372106285301, -0.1029557083164917, 0.907411175554]], "trans": [688.7334729470001, 540.885524814, 590.572264916]}], "rb_4XMM.renamed.noAb_Seh1_Nup85_47_544_3F3F.pdb_0": [{"rot": [[-0.7287207447760001, 0.0784927529245282, -0.680297702385831], [0.5337545228660999, -0.557272837982, -0.6360448831391302], [-0.4290363451423362, -0.8266110764959641, 0.36420041565200006]], "trans": [631.7921338039998, 343.641606207, 490.813768269]}], "rb_4XMM.renamed.noAb_Nup120_715-1036_Nup85_553-744_Nup145c_92-99_554-712_remaining_updated.pdb_0": [{"rot": [[-0.6806790409909999, -0.4919368196681154, -0.5428390264253231], [-0.2023828623942322, -0.5858833841569999, 0.784717679919255], [-0.7040718856513799, 0.644002193803376, 0.2992389583789999]], "trans": [563.805661225, 332.374158566, 650.807730107]}], "rb_4XMM.renamed.noAb_Nup120_2-711_3F7F_updated.pdb_0": [{"rot": [[0.40423969081200006, 0.18451086445062032, 0.8958493250942947], [-0.8584245660040892, -0.2615816887929999, 0.44122815477810673], [0.3157491676202955, -0.9473810009641774, 0.05264695773930006]], "trans": [649.090980807, 377.672403054, 352.67193881700007]}]}
