{"rb_ScNup133N_56-480_renamed.pdb_0": [{"rot": [[-0.1600447198640001, -0.690132278009947, -0.7057642145167571], [-0.7620181297175521, 0.5408636132370002, -0.3560827458021252], [0.6274663796773641, 0.48081596346733124, -0.6124556732119999]], "trans": [439.826173672, 296.42842260500004, 927.443174616]}], "rb_ScNup84_437-726_ScNup133C_490_1155_renamed_relative_3I4R.pdb_0": [{"rot": [[0.11578378272999992, -0.6616084677695848, -0.7408564982723138], [-0.9932058421106416, -0.06835098365919998, -0.0941822606976051], [0.011673510783995089, 0.746727780659326, -0.6650273308200002]], "trans": [468.986683747, 499.140034462, 674.482395685]}], "rb_4XMM.renamed.noAb_Nup145c_149-550_Sec13_Nup84_7-436_3IKO_updated.pdb_0": [{"rot": [[0.825063600904, 0.1273170994734735, -0.5505092284830353], [-0.006163840333463372, 0.9762538913880001, 0.21654178955141815], [0.5650062491120507, -0.17526749764702168, 0.8062563132979998]], "trans": [689.745069773, 546.010047134, 618.246148914]}], "rb_4XMM.renamed.noAb_Seh1_Nup85_47_544_3F3F.pdb_0": [{"rot": [[0.7954603177609999, 0.29731020155559507, -0.5280620483603611], [-0.19853321590291545, -0.695440445391, -0.6906136033250531], [-0.5725621757074206, 0.6541935730082792, -0.4941693272390001]], "trans": [542.692768967, 423.851228921, 729.566913451]}], "rb_4XMM.renamed.noAb_Nup120_715-1036_Nup85_553-744_Nup145c_92-99_554-712_remaining_updated.pdb_0": [{"rot": [[-0.5431226255439999, -0.38462876296744314, 0.7463769344776983], [0.005170559065779401, 0.8873618440689999, 0.46104470825442845], [-0.8396374687572841, 0.25426299846536493, -0.4799575488209998]], "trans": [468.0495159260001, 583.223768988, 676.462289187]}], "rb_4XMM.renamed.noAb_Nup120_2-711_3F7F_updated.pdb_0": [{"rot": [[0.6214227369830001, 0.4940559453208947, -0.6080645564852754], [-0.17110147973935674, -0.6717992699370002, -0.7207010646191085], [-0.7645639708955425, 0.5519007735138546, -0.3329376377090001]], "trans": [764.532825874, 321.007986725, 739.610180203]}]}
