{"rb_ScNup133N_56-480_renamed.pdb_0": [{"rot": [[-0.7196189322980001, -0.5272165505577066, -0.45187531587410235], [0.5878947228053543, -0.8089023204540001, 0.007538624659050613], [-0.36949747925513954, -0.26023017654024583, 0.8920492520270001]], "trans": [166.581227441, 923.229695212, 528.806593794]}], "rb_ScNup84_437-726_ScNup133C_490_1155_renamed_relative_3I4R.pdb_0": [{"rot": [[-0.20041992917499996, -0.10778883663355285, -0.9737625063056563], [-0.5861592165769153, -0.783216117481, 0.20734002541700772], [-0.7850154296645544, 0.6123349410373164, 0.09379069875739998]], "trans": [334.33247421, 763.393446133, 675.768342356]}], "rb_4XMM.renamed.noAb_Nup145c_149-550_Sec13_Nup84_7-436_3IKO_updated.pdb_0": [{"rot": [[-0.910276423744, 0.41387429350849514, -0.010242145706729405], [0.09538059801411061, 0.23372590081200006, 0.9676129106270182], [0.4028639645070088, 0.8798183178716292, -0.252230754745]], "trans": [303.542717744, 759.171750779, 777.600604015]}], "rb_4XMM.renamed.noAb_Seh1_Nup85_47_544_3F3F.pdb_0": [{"rot": [[-0.212201837381, 0.6119367530001394, -0.7619079934872544], [-0.47490230384558, -0.7459832838309999, -0.46687979400149465], [-0.8540715321413588, 0.2627591113022803, 0.448909197292]], "trans": [397.620263403, 722.941440397, 773.400117501]}], "rb_4XMM.renamed.noAb_Nup120_715-1036_Nup85_553-744_Nup145c_92-99_554-712_remaining_updated.pdb_0": [{"rot": [[0.6167413002569999, -0.7870767323477963, -0.011848457875190732], [-0.7146671818734776, -0.5535657561209999, -0.4275696116461122], [0.32997119224309057, 0.272167542236213, -0.9039047744329998]], "trans": [276.755297863, 739.323806475, 758.589372891]}], "rb_4XMM.renamed.noAb_Nup120_2-711_3F7F_updated.pdb_0": [{"rot": [[-0.8046009789999999, 0.17975805091438513, -0.5659543336027235], [0.4246892942035403, -0.4919443403749999, -0.76001958485417], [-0.4150376705567102, -0.8518672485220145, 0.31947757810899985]], "trans": [482.166944536, 810.96798725, 475.103012561]}]}
