{"rb_ScNup133N_56-480_renamed.pdb_0": [{"rot": [[-0.13080321653299987, 0.7237251643411735, -0.6775783386767633], [-0.9864949642581531, -0.16297179777799997, 0.016366997962731666], [-0.09858095169923298, 0.6705684749735467, 0.735268465483]], "trans": [579.98738131, 467.997854941, 473.801470613]}], "rb_ScNup84_437-726_ScNup133C_490_1155_renamed_relative_3I4R.pdb_0": [{"rot": [[-0.15973860803700018, 0.49749747951085116, -0.852631124802955], [0.25819219303599, 0.8547111833890002, 0.45033941027300883], [0.9527960792098529, -0.14820610942240386, -0.26498033997300013]], "trans": [543.304060735, 616.226509565, 653.139035207]}], "rb_4XMM.renamed.noAb_Nup145c_149-550_Sec13_Nup84_7-436_3IKO_updated.pdb_0": [{"rot": [[-0.006296373859449977, -0.27770799527649737, 0.9606449005932061], [-0.9039538447639552, -0.40919169102599995, -0.12421596729787021], [0.4275836786088602, -0.8691607615135368, -0.2484587861849999]], "trans": [476.77494243399997, 422.610903207, 685.4154932249999]}], "rb_4XMM.renamed.noAb_Seh1_Nup85_47_544_3F3F.pdb_0": [{"rot": [[-0.5900853355110001, -0.6509567442293757, 0.47755064020181326], [-0.747854496881505, 0.6635745316829998, -0.019557412809430408], [-0.30415941265885826, -0.3686789362629475, -0.878386528612]], "trans": [514.795505745, 578.921935379, 594.923537234]}], "rb_4XMM.renamed.noAb_Nup120_715-1036_Nup85_553-744_Nup145c_92-99_554-712_remaining_updated.pdb_0": [{"rot": [[0.09928061244339992, 0.9723429935241827, -0.21140591982556883], [-0.9128535949149352, 0.004442335822129995, -0.4082628808786355], [-0.3960324156476877, 0.23351524275060687, 0.8880478349500001]], "trans": [672.231740401, 467.773567343, 683.441087737]}], "rb_4XMM.renamed.noAb_Nup120_2-711_3F7F_updated.pdb_0": [{"rot": [[-0.9874973742750001, 0.04381231890863119, 0.15142462320187253], [0.050723195407770774, -0.8211972616440001, 0.5683856216654508], [0.14925177803833953, 0.5689600497225129, 0.8087078388220001]], "trans": [442.101761356, 281.61633657100003, 772.078969251]}]}
