{"rb_ScNup133N_56-480_renamed.pdb_0": [{"rot": [[-0.641999095337, -0.6553680093266412, -0.3979069413037541], [0.04180766931142521, -0.5481346150449999, 0.835344577151379], [-0.7655646807247707, 0.5196549010071061, 0.379301335993]], "trans": [363.706822844, 413.573579088, 463.11936538000003]}], "rb_ScNup84_437-726_ScNup133C_490_1155_renamed_relative_3I4R.pdb_0": [{"rot": [[0.53295511169, -0.49397842514068235, -0.686981924375766], [-0.8327544190422781, -0.16235408275599994, -0.5293025877303222], [0.14992973850793323, 0.8541817530877073, -0.4978901547559999]], "trans": [559.026075293, 491.735145579, 704.093417891]}], "rb_4XMM.renamed.noAb_Nup145c_149-550_Sec13_Nup84_7-436_3IKO_updated.pdb_0": [{"rot": [[-0.5054930803289999, -0.7873873153136922, -0.3528426865085845], [-0.42230045703074726, -0.13083432138999998, 0.8969641600075444], [-0.7524221353277167, 0.6024148039594597, -0.26637817898499994]], "trans": [563.583533703, 393.600791895, 621.008601726]}], "rb_4XMM.renamed.noAb_Seh1_Nup85_47_544_3F3F.pdb_0": [{"rot": [[0.8658386429260001, 0.2453495650364394, 0.4360355895480238], [-0.3951252569820954, -0.199302365371, 0.8967466746257594], [0.3069193309501631, -0.9487265981798733, -0.07561987962930006]], "trans": [687.093052186, 408.925787302, 528.63484292]}], "rb_4XMM.renamed.noAb_Nup120_715-1036_Nup85_553-744_Nup145c_92-99_554-712_remaining_updated.pdb_0": [{"rot": [[-0.7434908315810002, 0.06786929960536982, -0.6652932748240205], [-0.2996153070901364, 0.855599063006, 0.42211480800907497], [0.5978729389362561, 0.5131705384707227, -0.6157953778110001]], "trans": [634.649817062, 529.227111646, 700.667729641]}], "rb_4XMM.renamed.noAb_Nup120_2-711_3F7F_updated.pdb_0": [{"rot": [[-0.137384398849, -0.9903719680803527, -0.01699681715933371], [0.6649909465085737, -0.10493789428400002, 0.7394424111483404], [-0.7341066462132937, 0.09028512160865138, 0.673005221972]], "trans": [422.406174172, 358.465380206, 531.989402732]}]}
