{"rb_ScNup133N_56-480_renamed.pdb_0": [{"rot": [[0.4658965506369998, -0.6950812898570479, -0.5475421486928729], [-0.3229967295526447, -0.709699280722, 0.6260990685514327], [-0.8237800172393364, -0.1148430730751252, -0.5551554302750001]], "trans": [648.862094707, 363.644660703, 615.3478617189999]}], "rb_ScNup84_437-726_ScNup133C_490_1155_renamed_relative_3I4R.pdb_0": [{"rot": [[-0.6928295501689998, -0.41485122143872977, -0.5898183436308293], [-0.173328211043117, -0.6981542375249999, 0.6946495460895936], [-0.6999603886429673, 0.5835058908842992, 0.4117964662719999]], "trans": [536.106348845, 499.436629242, 696.586308128]}], "rb_4XMM.renamed.noAb_Nup145c_149-550_Sec13_Nup84_7-436_3IKO_updated.pdb_0": [{"rot": [[-0.5054930803289999, -0.7873873153136922, -0.3528426865085845], [-0.42230045703074726, -0.13083432138999998, 0.8969641600075444], [-0.7524221353277167, 0.6024148039594597, -0.26637817898499994]], "trans": [563.583533703, 393.600791895, 621.008601726]}], "rb_4XMM.renamed.noAb_Seh1_Nup85_47_544_3F3F.pdb_0": [{"rot": [[0.38518343155099993, -0.7600606862715547, -0.5233941891567099], [0.922692051022471, 0.3070338368770001, 0.2331729014970092], [-0.01652582943583547, -0.5727459962295689, 0.8195663004080003]], "trans": [569.879917759, 442.530143579, 535.513347107]}], "rb_4XMM.renamed.noAb_Nup120_715-1036_Nup85_553-744_Nup145c_92-99_554-712_remaining_updated.pdb_0": [{"rot": [[-0.0910170345305, -0.9340135903453497, -0.34544827756910745], [-0.6250314379123798, -0.21647614533799994, 0.7499825198768196], [-0.7752751776282127, 0.28417721856227407, -0.5640848406080002]], "trans": [527.711242695, 370.726816589, 607.488352434]}], "rb_4XMM.renamed.noAb_Nup120_2-711_3F7F_updated.pdb_0": [{"rot": [[-0.28778053255300007, -0.8954958975952962, -0.33951356743656985], [-0.5569513448898669, 0.444887390096, -0.7013418635436914], [0.7790940665342536, -0.012739997000162873, -0.6267775745569999]], "trans": [518.4966104540001, 533.735119228, 572.038337612]}]}
