{"rb_ScNup133N_56-480_renamed.pdb_0": [{"rot": [[0.8871797393120001, -0.29585785596764597, 0.35409072173176104], [0.44976975278249515, 0.383097740448, -0.8068105668281809], [0.10304988906478749, 0.8750452847286618, 0.472944468239]], "trans": [866.916832487, 643.743241027, 553.906470333]}], "rb_ScNup84_437-726_ScNup133C_490_1155_renamed_relative_3I4R.pdb_0": [{"rot": [[0.5617708835899999, 0.4801436362795392, 0.6737028743376209], [-0.07405203396743881, -0.7818930829789998, 0.6189987908347477], [0.8239719477116899, -0.3976245658027885, -0.40368915523499993]], "trans": [591.020005503, 500.496102766, 653.897628884]}], "rb_4XMM.renamed.noAb_Nup145c_149-550_Sec13_Nup84_7-436_3IKO_updated.pdb_0": [{"rot": [[0.151408769534, 0.9386048729738863, -0.3099939950029274], [0.12008462991354185, -0.32875268467, -0.9367504224609644], [-0.9811498693709988, 0.10460671465992233, -0.16248805827299995]], "trans": [621.685384995, 650.902983628, 591.414450655]}], "rb_4XMM.renamed.noAb_Seh1_Nup85_47_544_3F3F.pdb_0": [{"rot": [[-0.43746615822999996, 0.22827484959144678, 0.8697781058680928], [0.026443673479050786, -0.9635583865540001, 0.2661878431378595], [0.8988459782056203, 0.13944830133585231, 0.41548776000999993]], "trans": [511.886015615, 445.949671067, 663.713190678]}], "rb_4XMM.renamed.noAb_Nup120_715-1036_Nup85_553-744_Nup145c_92-99_554-712_remaining_updated.pdb_0": [{"rot": [[0.2547527789699999, -0.8414256291030999, 0.47655422807432424], [-0.16095770278110694, 0.44904253039200004, 0.8788932948968144], [-0.9535164600165491, -0.30060558309453006, -0.021039103828499967]], "trans": [425.68720139900006, 646.838107524, 566.399134694]}], "rb_4XMM.renamed.noAb_Nup120_2-711_3F7F_updated.pdb_0": [{"rot": [[-0.3119919831619999, -0.10040725439539314, -0.9447641958221222], [-0.5957201067240244, 0.7953164678909999, 0.11220191774698426], [0.7401206367122588, 0.5978211263966529, -0.30794698236299994]], "trans": [581.920373724, 701.880409072, 786.66803814]}]}
