{"rb_ScNup133N_56-480_renamed.pdb_0": [{"rot": [[0.8871797393120001, -0.29585785596764597, 0.35409072173176104], [0.44976975278249515, 0.383097740448, -0.8068105668281809], [0.10304988906478749, 0.8750452847286618, 0.472944468239]], "trans": [866.916832487, 643.743241027, 553.906470333]}], "rb_ScNup84_437-726_ScNup133C_490_1155_renamed_relative_3I4R.pdb_0": [{"rot": [[0.5617708835899999, 0.4801436362795392, 0.6737028743376209], [-0.07405203396743881, -0.7818930829789998, 0.6189987908347477], [0.8239719477116899, -0.3976245658027885, -0.40368915523499993]], "trans": [591.020005503, 500.496102766, 653.897628884]}], "rb_4XMM.renamed.noAb_Nup145c_149-550_Sec13_Nup84_7-436_3IKO_updated.pdb_0": [{"rot": [[0.10845514792899999, 0.969972695570009, -0.21769347885581913], [0.3325873228641509, -0.2417701344449999, -0.9115551956741311], [-0.9368154319596553, 0.026460762254645775, -0.34882183776700015]], "trans": [636.949750773, 620.9795107280002, 604.932661563]}], "rb_4XMM.renamed.noAb_Seh1_Nup85_47_544_3F3F.pdb_0": [{"rot": [[0.7954603177609999, 0.29731020155559507, -0.5280620483603611], [-0.19853321590291545, -0.695440445391, -0.6906136033250531], [-0.5725621757074206, 0.6541935730082792, -0.4941693272390001]], "trans": [542.692768967, 423.851228921, 729.566913451]}], "rb_4XMM.renamed.noAb_Nup120_715-1036_Nup85_553-744_Nup145c_92-99_554-712_remaining_updated.pdb_0": [{"rot": [[-0.8153445498460001, -0.31061257382923085, 0.48860320712783306], [0.02524485446871172, 0.824033905274, 0.5659777559955284], [-0.5784254164188128, 0.47380159554191126, -0.6640301843310001]], "trans": [452.959434557, 623.283584174, 710.34493704]}], "rb_4XMM.renamed.noAb_Nup120_2-711_3F7F_updated.pdb_0": [{"rot": [[-0.895263989701, 0.34247635726897596, -0.2849777771273061], [0.205910056714918, -0.2491713083849998, -0.9463163887523911], [-0.39509927523131083, -0.905882775964683, 0.1525547735149998]], "trans": [579.841463158, 495.63782989, 411.310446562]}]}
