{"rb_ScNup133N_56-480_renamed.pdb_0": [{"rot": [[0.37531226669700013, 0.9257924078833475, 0.04526720636745529], [-0.4707881173289237, 0.14833156123600008, 0.8696874706026174], [0.7984355021218982, -0.34771563877232303, 0.4915227192150001]], "trans": [480.704004494, 228.97012407, 831.753561408]}], "rb_ScNup84_437-726_ScNup133C_490_1155_renamed_relative_3I4R.pdb_0": [{"rot": [[-0.597023311463, -0.6243037934481974, -0.5037935480491429], [0.7223212291545291, -0.14511737340599995, -0.6761604764021879], [0.3490203539658453, -0.7675843415690121, 0.537586338271]], "trans": [506.384668908, 498.330205278, 718.438329488]}], "rb_4XMM.renamed.noAb_Nup145c_149-550_Sec13_Nup84_7-436_3IKO_updated.pdb_0": [{"rot": [[-0.5692719156140003, -0.7958432336984534, 0.20630810325713247], [0.48663319859689513, -0.5284305360790001, -0.6956646451866125], [0.6626595023966092, -0.2956259730058398, 0.6881044019390001]], "trans": [458.7722188849999, 597.495095428, 640.462860688]}], "rb_4XMM.renamed.noAb_Seh1_Nup85_47_544_3F3F.pdb_0": [{"rot": [[-0.10993781659899998, -0.4925026858382565, 0.863339319690438], [0.9924690601702949, -0.10160800597400005, 0.0684176711579621], [0.0540262999486002, 0.8643592526051256, 0.4999642400710002]], "trans": [468.040793022, 541.746159291, 750.691150523]}], "rb_4XMM.renamed.noAb_Nup120_715-1036_Nup85_553-744_Nup145c_92-99_554-712_remaining_updated.pdb_0": [{"rot": [[-0.598558124295, 0.22643707515162614, 0.7684103219226225], [0.3014979667189923, -0.825011226879, 0.47797013671140665], [0.7421773022026238, 0.5177670581645613, 0.425546854735]], "trans": [548.902665375, 450.28587143999994, 735.430763917]}], "rb_4XMM.renamed.noAb_Nup120_2-711_3F7F_updated.pdb_0": [{"rot": [[0.09672295246210022, 0.8355020003192442, 0.5409076426984151], [0.7533546543951932, -0.41661798640600006, 0.5088086262084294], [0.6504624779094591, 0.3582818176597188, -0.6697258423910002]], "trans": [679.805445651, 525.1645869920001, 735.780639384]}]}
