{"rb_ScNup133N_56-480_renamed.pdb_0": [{"rot": [[0.47140128408499987, -0.8578606152988931, -0.204587375177497], [0.750003460800348, 0.2679093973399999, 0.6047473551859646], [-0.46397805783303403, -0.43851991920085315, 0.769691264283]], "trans": [758.364976084, 674.191100428, 454.03348861999996]}], "rb_ScNup84_437-726_ScNup133C_490_1155_renamed_relative_3I4R.pdb_0": [{"rot": [[0.4133232221029999, -0.07293979698667641, 0.9076583608858217], [0.12945169855690541, -0.981955753314, -0.13785919002470245], [0.901335770848537, 0.174478321143566, -0.39642293530999995]], "trans": [534.83959448, 658.922014819, 647.97414538]}], "rb_4XMM.renamed.noAb_Nup145c_149-550_Sec13_Nup84_7-436_3IKO_updated.pdb_0": [{"rot": [[-0.455299634113, -0.8903371876017889, -0.0013912404196670392], [-0.3184527969494139, 0.16139041213000005, 0.934099004917361], [-0.8314385481150508, 0.4257379795670639, -0.35701136321199994]], "trans": [263.078591318, 641.316055151, 559.733628245]}], "rb_4XMM.renamed.noAb_Seh1_Nup85_47_544_3F3F.pdb_0": [{"rot": [[0.4219999854999999, -0.19994205865764003, -0.8842732526870551], [-0.9044933612370641, -0.15924145137699997, -0.39564367762094255], [-0.06170714477333644, 0.9667809127941508, -0.24804615485999998]], "trans": [294.972663582, 705.402606836, 592.462581447]}], "rb_4XMM.renamed.noAb_Nup120_715-1036_Nup85_553-744_Nup145c_92-99_554-712_remaining_updated.pdb_0": [{"rot": [[-0.750460493833, 0.5426309029311117, 0.3773072360558384], [-0.4540185590578014, -0.008403744128850088, -0.890952594202236], [-0.4802876171909989, -0.839929211462956, 0.2526711786180001]], "trans": [381.64666924200003, 672.71115942, 437.465163682]}], "rb_4XMM.renamed.noAb_Nup120_2-711_3F7F_updated.pdb_0": [{"rot": [[-0.7425304767479999, -0.1741593858325296, 0.6467743033136241], [-0.3972897284657369, 0.8919260787669998, -0.2159368927972807], [-0.5392674315736198, -0.41729651129833256, -0.7314740315979997]], "trans": [223.228556014, 777.957709468, 537.86965405]}]}
