{"rb_ScNup133N_56-480_renamed.pdb_0": [{"rot": [[-0.1600447198640001, -0.690132278009947, -0.7057642145167571], [-0.7620181297175521, 0.5408636132370002, -0.3560827458021252], [0.6274663796773641, 0.48081596346733124, -0.6124556732119999]], "trans": [439.826173672, 296.42842260500004, 927.443174616]}], "rb_ScNup84_437-726_ScNup133C_490_1155_renamed_relative_3I4R.pdb_0": [{"rot": [[-0.616346057355, -0.6032779322649507, -0.5061356280929772], [-0.7656443213589815, 0.3087960592900001, 0.5642993593277521], [-0.18413666325230227, 0.7353235547764618, -0.6522215567100003]], "trans": [431.144307683, 457.271260697, 677.08267543]}], "rb_4XMM.renamed.noAb_Nup145c_149-550_Sec13_Nup84_7-436_3IKO_updated.pdb_0": [{"rot": [[0.10845514792899999, 0.969972695570009, -0.21769347885581913], [0.3325873228641509, -0.2417701344449999, -0.9115551956741311], [-0.9368154319596553, 0.026460762254645775, -0.34882183776700015]], "trans": [636.949750773, 620.9795107280002, 604.932661563]}], "rb_4XMM.renamed.noAb_Seh1_Nup85_47_544_3F3F.pdb_0": [{"rot": [[0.718414525535, -0.671329859847752, 0.1821998594322143], [0.1841726023167556, 0.4361474311749999, 0.8808268109199009], [-0.6707913401768058, -0.5992425531921497, 0.4369752171319999]], "trans": [440.929949207, 571.471043231, 597.730025856]}], "rb_4XMM.renamed.noAb_Nup120_715-1036_Nup85_553-744_Nup145c_92-99_554-712_remaining_updated.pdb_0": [{"rot": [[-0.6308838301, -0.4864435284496272, 0.6044487460056733], [-0.5786831425151069, 0.813952817168, 0.051055185761261834], [-0.5168282243523421, -0.31757440868834685, -0.795006340515]], "trans": [438.54025549900007, 604.787517184, 617.358554049]}], "rb_4XMM.renamed.noAb_Nup120_2-711_3F7F_updated.pdb_0": [{"rot": [[-0.7992733797480001, -0.16515525385147609, 0.5778285269450307], [0.31901094242538475, -0.9314465521710003, 0.17504096395308305], [0.5093074543329181, 0.32423920579413457, 0.7971667669860001]], "trans": [491.03907395600004, 297.8026607979999, 713.242420324]}]}
