{"rb_ScNup133N_56-480_renamed.pdb_0": [{"rot": [[0.16997254515299998, 0.18195547912582224, -0.9685047947792019], [0.5871462050931411, 0.770612758443, 0.24782112575322096], [0.7914345631440004, -0.6107767023560764, 0.024148542815299878]], "trans": [515.270668681, 970.888019009, 926.505396913]}], "rb_ScNup84_437-726_ScNup133C_490_1155_renamed_relative_3I4R.pdb_0": [{"rot": [[-0.2953180314899998, 0.42395939520145765, -0.8561808754563989], [0.5654343529410201, 0.7999108924169999, 0.2010635638468805], [0.7701111950822694, -0.42473638343454034, -0.4759493164149998]], "trans": [377.630757819, 781.828850351, 769.254194721]}], "rb_4XMM.renamed.noAb_Nup145c_149-550_Sec13_Nup84_7-436_3IKO_updated.pdb_0": [{"rot": [[-0.500290431463, 0.03688983721625222, -0.86507145606402], [-0.8060708488845683, -0.384656260131, 0.44976588145450075], [-0.3161633608833838, 0.9223224498255429, 0.22217566874599992]], "trans": [435.205985187, 394.552106578, 784.943176757]}], "rb_4XMM.renamed.noAb_Seh1_Nup85_47_544_3F3F.pdb_0": [{"rot": [[-0.0003398293056260937, -0.9007931529766201, 0.4342482931071601], [0.922024202642305, -0.16839371453899993, -0.34858991185285193], [0.3871320889023078, 0.40026897513321813, 0.8306103137379999]], "trans": [378.66425134, 473.778769412, 713.314788445]}], "rb_4XMM.renamed.noAb_Nup120_715-1036_Nup85_553-744_Nup145c_92-99_554-712_remaining_updated.pdb_0": [{"rot": [[-0.34161368576099993, -0.6467677472650802, -0.6819029042308282], [0.43016615280736076, -0.752692290762, 0.4984088646948079], [-0.8356178376983698, -0.12306825961679274, 0.535347581292]], "trans": [387.897497738, 433.3855375879999, 609.682153665]}], "rb_4XMM.renamed.noAb_Nup120_2-711_3F7F_updated.pdb_0": [{"rot": [[0.30118410269599993, -0.9313336077921497, 0.2047091773225203], [0.4113688315788029, 0.3205752010819999, 0.8532333941289014], [-0.860269620926309, -0.17276935911235253, 0.4796737723319998]], "trans": [334.50473892800005, 661.633386073, 581.07113445]}]}
