{"rb_ScNup133N_56-480_renamed.pdb_0": [{"rot": [[0.6835407481309999, 0.5101130096719145, -0.5220696917155545], [0.32146713621805145, -0.8525363151729999, -0.4121173517858816], [-0.655309793896198, 0.11387075425544768, -0.746727879049]], "trans": [770.895915397, 689.343955976, 608.985007551]}], "rb_ScNup84_437-726_ScNup133C_490_1155_renamed_relative_3I4R.pdb_0": [{"rot": [[0.33733091783399993, 0.9396951088091354, 0.05639994994198233], [-0.6073131151774029, 0.17145318496899986, 0.7757413135172732], [0.7192903669637107, -0.2959339585856494, 0.6285256240989999]], "trans": [486.984835361, 505.917571971, 667.709055056]}], "rb_4XMM.renamed.noAb_Nup145c_149-550_Sec13_Nup84_7-436_3IKO_updated.pdb_0": [{"rot": [[0.41767936191499994, -0.7555233605684064, -0.504706253444219], [-0.18165675374505563, 0.4748261693930001, -0.8611277098539903], [0.8902498382190736, 0.45135857197464613, 0.061079170393200086]], "trans": [532.325530721, 592.95026991, 739.634100422]}], "rb_4XMM.renamed.noAb_Seh1_Nup85_47_544_3F3F.pdb_0": [{"rot": [[-0.4622346415509999, -0.02915430048410861, -0.8862782649447636], [0.836883324723505, 0.31612012633199993, -0.4468717562428539], [0.2931986305390099, -0.9482711070633347, -0.12172292536299983]], "trans": [550.922687955, 529.61136988, 573.104941966]}], "rb_4XMM.renamed.noAb_Nup120_715-1036_Nup85_553-744_Nup145c_92-99_554-712_remaining_updated.pdb_0": [{"rot": [[0.408412606666, 0.784222864049034, -0.4671120232010878], [-0.305365921105648, 0.5996359749880001, 0.7397218069838754], [0.8602039275332231, -0.15947161817364536, 0.4843738288280001]], "trans": [659.869284367, 541.419767256, 664.944541295]}], "rb_4XMM.renamed.noAb_Nup120_2-711_3F7F_updated.pdb_0": [{"rot": [[-0.976728856995, -0.15139349767164975, 0.15192349645787193], [0.2071544682308167, -0.8494221786840002, 0.4853544979205757], [0.05556767230367315, 0.5055313751118429, 0.8610169931960001]], "trans": [403.610991648, 277.995349662, 756.441549143]}]}
