{"rb_ScNup133N_56-480_renamed.pdb_0": [{"rot": [[-0.860680138342, 0.04348464438358879, 0.5072857036881964], [0.3535460484757957, -0.6659260011149999, 0.6569229427003866], [0.3663808006306364, 0.7447493851906277, 0.557775458574]], "trans": [282.823724337, 563.342883644, 637.018266686]}], "rb_ScNup84_437-726_ScNup133C_490_1155_renamed_relative_3I4R.pdb_0": [{"rot": [[0.11363617735599996, -0.055940545049828184, 0.9919463063167502], [-0.06408999805238463, 0.995921362215, 0.0635067904516045], [-0.9914531211033435, -0.0707905057429795, 0.10958746712599998]], "trans": [535.070374717, 492.628787138, 648.263884773]}], "rb_4XMM.renamed.noAb_Nup145c_149-550_Sec13_Nup84_7-436_3IKO_updated.pdb_0": [{"rot": [[-0.4169108383430002, -0.6072823384350705, 0.6763087418457411], [-0.7895719322627912, -0.12664170571600003, -0.6004482010599617], [0.4502904803068114, -0.7843277629908141, -0.4266947896879999]], "trans": [330.32422001, 457.306865709, 745.792558547]}], "rb_4XMM.renamed.noAb_Seh1_Nup85_47_544_3F3F.pdb_0": [{"rot": [[-0.889618286698, 0.455966445463597, -0.02595967225924911], [0.331786220952071, 0.6843043115, 0.6493423695161548], [0.31384264776932175, 0.5690537846933307, -0.7600530129980001]], "trans": [518.342895028, 551.737704248, 762.263170861]}], "rb_4XMM.renamed.noAb_Nup120_715-1036_Nup85_553-744_Nup145c_92-99_554-712_remaining_updated.pdb_0": [{"rot": [[-0.3352523071560001, -0.12662527354390363, -0.9335801683018501], [-0.8690868709373575, -0.3409958728959999, 0.35834316713481246], [-0.3637222859695182, 0.9314976407741604, 0.004271290353199952]], "trans": [428.052474049, 393.374628621, 788.117206191]}], "rb_4XMM.renamed.noAb_Nup120_2-711_3F7F_updated.pdb_0": [{"rot": [[0.8376441410380001, -0.30643803608800735, 0.4521592894359644], [-0.008123501830363256, 0.8207219932490001, 0.5712700049148393], [-0.5461559316740259, -0.48219408938301334, 0.6849836191190001]], "trans": [399.944620953, 638.014415729, 472.18002463]}]}
