{"rb_ScNup133N_56-480_renamed.pdb_0": [{"rot": [[0.769432390102, 0.2685922146725169, 0.5795101545954447], [-0.4059407186078322, -0.4948499769280001, 0.7683330224001275], [0.4931388547235763, -0.8264270824166344, -0.27172108385300003]], "trans": [444.719523911, 313.342294844, 824.288990333]}], "rb_ScNup84_437-726_ScNup133C_490_1155_renamed_relative_3I4R.pdb_0": [{"rot": [[-0.4046871138739998, -0.9127006104741135, -0.05662098113343408], [-0.913018077545511, 0.3998058651199998, 0.08095220991886219], [-0.0512477310661783, 0.08445629553697516, -0.9951084384149997]], "trans": [424.999161787, 461.718652964, 720.368888316]}], "rb_4XMM.renamed.noAb_Nup145c_149-550_Sec13_Nup84_7-436_3IKO_updated.pdb_0": [{"rot": [[0.8752544407019999, 0.21168176209716713, -0.43487986344146523], [-0.47569134059927587, 0.5393241824240002, -0.6948720563755226], [0.08744948547757636, 0.8150584383025072, 0.572741066837]], "trans": [622.400715516, 521.945917378, 714.703415528]}], "rb_4XMM.renamed.noAb_Seh1_Nup85_47_544_3F3F.pdb_0": [{"rot": [[-0.43746615822999996, 0.22827484959144678, 0.8697781058680928], [0.026443673479050786, -0.9635583865540001, 0.2661878431378595], [0.8988459782056203, 0.13944830133585231, 0.41548776000999993]], "trans": [511.886015615, 445.949671067, 663.713190678]}], "rb_4XMM.renamed.noAb_Nup120_715-1036_Nup85_553-744_Nup145c_92-99_554-712_remaining_updated.pdb_0": [{"rot": [[-0.8955031457399998, -0.31395089730876924, -0.31545039237379774], [0.43433028819749797, -0.46181908632299984, -0.7733565363156037], [0.0971149665295865, -0.8295528708809391, 0.5499188282729998]], "trans": [458.877827544, 487.75885685200006, 502.50133570699995]}], "rb_4XMM.renamed.noAb_Nup120_2-711_3F7F_updated.pdb_0": [{"rot": [[0.6136639366010002, 0.14849337849516164, 0.7754781037904659], [0.661714286805645, 0.43910149738599996, -0.60772039428562], [-0.43075605109233295, 0.8860810298931274, 0.1712005634069999]], "trans": [555.431875618, 658.501752059, 828.835491653]}]}
