{"rb_ScNup133N_56-480_renamed.pdb_0": [{"rot": [[0.4658965506369998, -0.6950812898570479, -0.5475421486928729], [-0.3229967295526447, -0.709699280722, 0.6260990685514327], [-0.8237800172393364, -0.1148430730751252, -0.5551554302750001]], "trans": [648.862094707, 363.644660703, 615.3478617189999]}], "rb_ScNup84_437-726_ScNup133C_490_1155_renamed_relative_3I4R.pdb_0": [{"rot": [[-0.6928295501689998, -0.41485122143872977, -0.5898183436308293], [-0.173328211043117, -0.6981542375249999, 0.6946495460895936], [-0.6999603886429673, 0.5835058908842992, 0.4117964662719999]], "trans": [536.106348845, 499.436629242, 696.586308128]}], "rb_4XMM.renamed.noAb_Nup145c_149-550_Sec13_Nup84_7-436_3IKO_updated.pdb_0": [{"rot": [[-0.5655072157280001, 0.5291965731577715, 0.6325761423873308], [0.7081553823842179, 0.704713588427, 0.04352829753853074], [-0.42274997736230246, 0.47257776634582827, -0.7732740208979999]], "trans": [477.58292857899994, 613.205169481, 703.892390713]}], "rb_4XMM.renamed.noAb_Seh1_Nup85_47_544_3F3F.pdb_0": [{"rot": [[0.0352826005284001, 0.015707298145598014, -0.9992539311330823], [-0.5104333106695613, -0.859339072706, -0.0315308337933389], [-0.8591932107848993, 0.5111649820808908, -0.022302189026600083]], "trans": [593.87298708, 399.54904581, 633.153882469]}], "rb_4XMM.renamed.noAb_Nup120_715-1036_Nup85_553-744_Nup145c_92-99_554-712_remaining_updated.pdb_0": [{"rot": [[0.9136814254749999, 0.07025343254113875, -0.4003132622811288], [-0.1731208542819654, 0.958398698403, -0.22693854831675941], [0.36771649752853713, 0.27665211026779335, 0.8878334231879998]], "trans": [619.24019925, 612.359263147, 681.532154308]}], "rb_4XMM.renamed.noAb_Nup120_2-711_3F7F_updated.pdb_0": [{"rot": [[-0.6686149036990001, -0.3736085284314611, -0.6429391713333814], [0.7109114320716975, -0.06758866336000013, -0.7000262197482154], [0.21808036661136002, -0.9251207705313327, 0.31079336162500015]], "trans": [499.8876680430001, 501.176875751, 465.564335303]}]}
