{"rb_ScNup133N_56-480_renamed.pdb_0": [{"rot": [[0.16997254515299998, 0.18195547912582224, -0.9685047947792019], [0.5871462050931411, 0.770612758443, 0.24782112575322096], [0.7914345631440004, -0.6107767023560764, 0.024148542815299878]], "trans": [515.270668681, 970.888019009, 926.505396913]}], "rb_ScNup84_437-726_ScNup133C_490_1155_renamed_relative_3I4R.pdb_0": [{"rot": [[-0.2953180314899998, 0.42395939520145765, -0.8561808754563989], [0.5654343529410201, 0.7999108924169999, 0.2010635638468805], [0.7701111950822694, -0.42473638343454034, -0.4759493164149998]], "trans": [377.630757819, 781.828850351, 769.254194721]}], "rb_4XMM.renamed.noAb_Nup145c_149-550_Sec13_Nup84_7-436_3IKO_updated.pdb_0": [{"rot": [[-0.500290431463, 0.03688983721625222, -0.86507145606402], [-0.8060708488845683, -0.384656260131, 0.44976588145450075], [-0.3161633608833838, 0.9223224498255429, 0.22217566874599992]], "trans": [435.205985187, 394.552106578, 784.943176757]}], "rb_4XMM.renamed.noAb_Seh1_Nup85_47_544_3F3F.pdb_0": [{"rot": [[0.311639547343, 0.38064280869311695, -0.8706272708352668], [-0.33474425390779383, 0.9014965270419998, 0.2743178743846762], [0.8892845871865566, 0.20594917800619572, 0.4083599626199999]], "trans": [500.487041523, 586.602428089, 728.704121991]}], "rb_4XMM.renamed.noAb_Nup120_715-1036_Nup85_553-744_Nup145c_92-99_554-712_remaining_updated.pdb_0": [{"rot": [[0.8833392020769998, 0.31703525973563695, -0.34525425147031313], [-0.4272604594995556, 0.24167752725999997, -0.8712292881702959], [-0.19277020989301635, 0.917104474365843, 0.34893986484199996]], "trans": [515.621261917, 530.605583159, 787.93067653]}], "rb_4XMM.renamed.noAb_Nup120_2-711_3F7F_updated.pdb_0": [{"rot": [[0.552882013589, -0.814643524205076, -0.1751496717681958], [0.4094941027539411, 0.44870056996600005, -0.7943439924377421], [0.7256969469823598, 0.3674557483329396, 0.5816701936300002]], "trans": [278.0748423, 596.683590469, 714.780165872]}]}
