{"rb_ScNup133N_56-480_renamed.pdb_0": [{"rot": [[0.45781409490099984, 0.8890403128188484, 0.0036846564212368593], [0.8432372902303487, -0.43290699985099995, -0.3186571854595234], [-0.28170397028610905, 0.1489927906409254, -0.9478628706000002]], "trans": [393.104495395, 1028.18913598, 753.476675886]}], "rb_ScNup84_437-726_ScNup133C_490_1155_renamed_relative_3I4R.pdb_0": [{"rot": [[-0.755943594693, -0.6545513215102673, 0.010575875934782653], [0.4834227130107667, -0.5690543629190001, -0.6651914104888612], [0.441420165135141, -0.49773456736699884, 0.74659797633]], "trans": [358.572679979, 839.429596739, 696.009909088]}], "rb_4XMM.renamed.noAb_Nup145c_149-550_Sec13_Nup84_7-436_3IKO_updated.pdb_0": [{"rot": [[-0.910276423744, 0.41387429350849514, -0.010242145706729405], [0.09538059801411061, 0.23372590081200006, 0.9676129106270182], [0.4028639645070088, 0.8798183178716292, -0.252230754745]], "trans": [303.542717744, 759.171750779, 777.600604015]}], "rb_4XMM.renamed.noAb_Seh1_Nup85_47_544_3F3F.pdb_0": [{"rot": [[-0.3462479854450001, -0.5659643565500108, 0.748195615925549], [-0.25234016177909363, 0.8243219217150001, 0.5067719527888164], [-0.9035689101162014, -0.013331035031905192, -0.4282353420450001]], "trans": [324.533263874, 858.7847549170001, 572.364202795]}], "rb_4XMM.renamed.noAb_Nup120_715-1036_Nup85_553-744_Nup145c_92-99_554-712_remaining_updated.pdb_0": [{"rot": [[0.614386357189, -0.31411641539705226, -0.723781929643271], [-0.44283080810995135, 0.6219465078149999, -0.6458199569581398], [0.6530162934328039, 0.717295907554778, 0.24301502323200003]], "trans": [321.591177108, 798.657860227, 681.812000254]}], "rb_4XMM.renamed.noAb_Nup120_2-711_3F7F_updated.pdb_0": [{"rot": [[0.745125216007, -0.5542283046952883, 0.37097088665434147], [0.4098387682231015, -0.05829910016800004, -0.9102930291839942], [0.5261374312210569, 0.8303205412334372, 0.18370411610499995]], "trans": [209.069966702, 709.354931312, 716.136711941]}]}
