{"rb_ScNup133N_56-480_renamed.pdb_0": [{"rot": [[0.03284010712910007, -0.9986942520377626, -0.039132062435845216], [0.5845853717305711, -0.012563854467899871, 0.8112349183310217], [-0.8106672995269879, -0.04951707289050006, 0.5834094522459999]], "trans": [349.9093065, 647.569127514, 274.13948072700003]}], "rb_ScNup84_437-726_ScNup133C_490_1155_renamed_relative_3I4R.pdb_0": [{"rot": [[-0.14560857110400005, 0.6006338342530453, -0.7861533827260027], [0.12068030070839905, -0.7779054083320001, -0.6166842309551581], [-0.9819543823630413, -0.1846677363220488, 0.04078502322800004]], "trans": [335.340801769, 743.154690875, 566.119268761]}], "rb_4XMM.renamed.noAb_Nup145c_149-550_Sec13_Nup84_7-436_3IKO_updated.pdb_0": [{"rot": [[0.9429085893899999, -0.2975571475730622, -0.1496099461357542], [0.25208934312188924, 0.344065610046, 0.9044721217749324], [-0.21765650722855676, -0.8905496055312453, 0.39943340489900003]], "trans": [579.576272176, 797.101871793, 535.619751806]}], "rb_4XMM.renamed.noAb_Seh1_Nup85_47_544_3F3F.pdb_0": [{"rot": [[0.4036399268590001, -0.8783318113817069, -0.2561406616689166], [-0.44718729108708016, -0.4336394928660002, 0.7822917083269624], [-0.7981843998321816, -0.2012213193025223, -0.5678130365910001]], "trans": [418.140982134, 790.533838766, 502.062674553]}], "rb_4XMM.renamed.noAb_Nup120_715-1036_Nup85_553-744_Nup145c_92-99_554-712_remaining_updated.pdb_0": [{"rot": [[-0.907747377062, 0.013261611908845797, 0.419307559062126], [0.22373813777226897, -0.830185103161, 0.5106211317559792], [0.3548745484579816, 0.5573300854423158, 0.750631221518]], "trans": [481.314968971, 719.756038769, 628.477421804]}], "rb_4XMM.renamed.noAb_Nup120_2-711_3F7F_updated.pdb_0": [{"rot": [[0.806560050637, 0.40231546608310653, -0.43313179341485986], [-0.5683135832513135, 0.729397367316, -0.38078754134627446], [0.16272847264228973, 0.5532827001658566, 0.816944121644]], "trans": [624.05533059, 994.186274825, 631.250005542]}]}
