{"rb_ScNup133N_56-480_renamed.pdb_0": [{"rot": [[0.3294198980950001, 0.509405728866136, -0.7949769393746213], [0.934716660550954, -0.29487800052899993, 0.19837270299235094], [-0.13336901899448822, -0.8084261055918343, -0.573288702636]], "trans": [710.014147764, 919.262466149, 705.77533285]}], "rb_ScNup84_437-726_ScNup133C_490_1155_renamed_relative_3I4R.pdb_0": [{"rot": [[-0.365168493221, 0.6417097977821655, -0.6744334711363875], [-0.2314363861263466, -0.764296982559, -0.6019030832517676], [-0.9017145727642872, -0.06370759673366883, 0.42761217403500007]], "trans": [540.868589196, 777.789951941, 612.423753947]}], "rb_4XMM.renamed.noAb_Nup145c_149-550_Sec13_Nup84_7-436_3IKO_updated.pdb_0": [{"rot": [[-0.70498920258, -0.6756631371805113, -0.21556796909792808], [-0.5947806951553347, 0.39770457746, 0.698617916845753], [-0.38629800532251324, 0.6207337546184776, -0.6822488233490002]], "trans": [484.193047949, 694.142627228, 671.74171028]}], "rb_4XMM.renamed.noAb_Seh1_Nup85_47_544_3F3F.pdb_0": [{"rot": [[-0.8812745616229999, 0.04121806399772724, 0.47080380015083595], [0.11908541096452274, -0.9446788046679999, 0.3056151516310168], [0.45735523603824607, 0.32539672280359233, 0.8276129293679999]], "trans": [585.511247826, 689.882629148, 688.456420356]}], "rb_4XMM.renamed.noAb_Nup120_715-1036_Nup85_553-744_Nup145c_92-99_554-712_remaining_updated.pdb_0": [{"rot": [[0.579784366263, 0.7457127135233345, -0.3282722003561629], [0.738872094449258, -0.651019455113, -0.17390140053645137], [-0.3433920742841601, -0.14172585492434997, -0.928437216706]], "trans": [662.538217931, 745.251711659, 614.540390728]}], "rb_4XMM.renamed.noAb_Nup120_2-711_3F7F_updated.pdb_0": [{"rot": [[0.006452072232069839, 0.8437490445575755, 0.5366990968616313], [0.930361606959593, -0.20181986034199995, 0.30609806315476673], [0.3665864851020508, 0.4973492673963782, -0.786293873282]], "trans": [621.192344787, 815.092465849, 762.5305955]}]}
