{"rb_ScNup133N_56-480_renamed.pdb_0": [{"rot": [[0.3008073418190001, -0.8763555263230018, -0.37618603720888094], [0.30935169082536085, -0.2834638622499999, 0.90771678963309], [-0.9021177719628837, -0.3894216612894657, 0.185834052927]], "trans": [559.051892232, 779.899117481, 490.323269035]}], "rb_ScNup84_437-726_ScNup133C_490_1155_renamed_relative_3I4R.pdb_0": [{"rot": [[0.8495564930439999, 0.49259762325074774, 0.1886831913406554], [-0.4554876393168963, 0.865457228132, -0.20860200551192298], [-0.26605408389329605, 0.09127632684212107, 0.9596269361589999]], "trans": [335.003551924, 771.696785166, 679.374860751]}], "rb_4XMM.renamed.noAb_Nup145c_149-550_Sec13_Nup84_7-436_3IKO_updated.pdb_0": [{"rot": [[0.4299780874399998, 0.48325992069298407, -0.7626130692384246], [-0.33978836596722106, 0.8691973720949998, 0.35922109444807354], [0.836458433321564, 0.10466984950288538, 0.5379419224509999]], "trans": [436.54426202700006, 707.85703039, 601.634456229]}], "rb_4XMM.renamed.noAb_Seh1_Nup85_47_544_3F3F.pdb_0": [{"rot": [[0.9812187596679999, 0.17042455141927879, -0.09036159554329087], [-0.14688471913563114, 0.35646409260999995, -0.9226907553260605], [-0.12503849391302838, 0.9186342160801909, 0.374802017186]], "trans": [375.541435695, 781.11482614, 602.02235776]}], "rb_4XMM.renamed.noAb_Nup120_715-1036_Nup85_553-744_Nup145c_92-99_554-712_remaining_updated.pdb_0": [{"rot": [[-0.6620199928560001, -0.6504626459602991, 0.3723276450510603], [0.7358406970340372, -0.6584554696610001, 0.15803437303945728], [0.14236571794994768, 0.3785957483699977, 0.914547572119]], "trans": [230.571072572, 693.123388098, 567.121262654]}], "rb_4XMM.renamed.noAb_Nup120_2-711_3F7F_updated.pdb_0": [{"rot": [[0.9468278557879999, 0.27391163513236705, 0.16878811463788349], [-0.19122257879706409, 0.9009799758220001, -0.3894470548431311], [-0.25874879103504794, 0.3364632213287229, 0.9054510278480001]], "trans": [521.132961042, 988.458446382, 567.015507279]}]}
