{"rb_ScNup133N_56-480_renamed.pdb_0": [{"rot": [[-0.860680138342, 0.04348464438358879, 0.5072857036881964], [0.3535460484757957, -0.6659260011149999, 0.6569229427003866], [0.3663808006306364, 0.7447493851906277, 0.557775458574]], "trans": [282.823724337, 563.342883644, 637.018266686]}], "rb_ScNup84_437-726_ScNup133C_490_1155_renamed_relative_3I4R.pdb_0": [{"rot": [[0.11363617735599996, -0.055940545049828184, 0.9919463063167502], [-0.06408999805238463, 0.995921362215, 0.0635067904516045], [-0.9914531211033435, -0.0707905057429795, 0.10958746712599998]], "trans": [535.070374717, 492.628787138, 648.263884773]}], "rb_4XMM.renamed.noAb_Nup145c_149-550_Sec13_Nup84_7-436_3IKO_updated.pdb_0": [{"rot": [[-0.990537870911, -0.1319422454059747, 0.03776202018341544], [-0.10881179027618909, 0.587362913823, -0.8019755618235792], [0.08363444618094731, -0.7984961185519842, -0.596162082046]], "trans": [348.610372826, 557.072394015, 738.286493778]}], "rb_4XMM.renamed.noAb_Seh1_Nup85_47_544_3F3F.pdb_0": [{"rot": [[-0.27189986234499997, -0.9597581635053644, -0.07024765079047353], [-0.9294117033409964, 0.280827763694, -0.23943611430069311], [0.24952825601433948, 0.00018634225809735505, -0.96836749983]], "trans": [306.009656568, 487.655019249, 677.197466295]}], "rb_4XMM.renamed.noAb_Nup120_715-1036_Nup85_553-744_Nup145c_92-99_554-712_remaining_updated.pdb_0": [{"rot": [[0.330417242949, -0.8778030989277315, 0.3468229592671928], [0.31307097992682525, 0.448589447754, 0.8371105475929799], [-0.8903993525882861, -0.16801555546029862, 0.4230363649069999]], "trans": [318.429228244, 537.604596112, 690.118150553]}], "rb_4XMM.renamed.noAb_Nup120_2-711_3F7F_updated.pdb_0": [{"rot": [[0.6300495992039999, -0.09834666653825663, -0.7703021716986729], [-0.4188279659832993, -0.878342404934, -0.2304295002924962], [-0.6539270887898521, 0.46780610606913864, -0.5945896144999999]], "trans": [522.013385064, 311.903007103, 865.533230235]}]}
