{"rb_ScNup133N_56-480_renamed.pdb_0": [{"rot": [[0.25518977342600013, -0.9206954575402706, 0.29529316619843804], [-0.33943559503101634, -0.371273246547, -0.8642567056288255], [0.9053516755188155, 0.12031646131416163, -0.40726194613799993]], "trans": [598.110021357, 864.648132266, 912.495311524]}], "rb_ScNup84_437-726_ScNup133C_490_1155_renamed_relative_3I4R.pdb_0": [{"rot": [[0.31131573610700014, -0.8103874186639214, 0.4963413584655051], [0.3135944212424736, 0.5806449774700001, 0.7513387711974282], [-0.8970736042364388, -0.07825370157436312, 0.43489689211600024]], "trans": [576.182533791, 738.336924211, 611.4890847]}], "rb_4XMM.renamed.noAb_Nup145c_149-550_Sec13_Nup84_7-436_3IKO_updated.pdb_0": [{"rot": [[-0.30878356430000004, -0.9290008606333297, 0.2039855665499899], [-0.6077631326800493, 0.35768887182000003, 0.7090011604581957], [-0.7316260554225228, 0.09495299847118144, -0.6750609180719999]], "trans": [468.72150593, 529.036759186, 640.728044553]}], "rb_4XMM.renamed.noAb_Seh1_Nup85_47_544_3F3F.pdb_0": [{"rot": [[0.8429296702469999, -0.25709166321576693, -0.4726240024821364], [0.5377525219369368, 0.4304764553660001, 0.7249222348128028], [0.0170820422592875, -0.8652132096081722, 0.5011130668340001]], "trans": [540.701862, 556.976902899, 615.206267866]}], "rb_4XMM.renamed.noAb_Nup120_715-1036_Nup85_553-744_Nup145c_92-99_554-712_remaining_updated.pdb_0": [{"rot": [[-0.5715658221460002, 0.777391034483855, -0.2626322342338974], [-0.15079192852362183, 0.21510516351700004, 0.9648790405643869], [0.8065818651858558, 0.5910947031842245, -0.0057224663266499665]], "trans": [620.711859022, 526.86456011, 790.850453169]}], "rb_4XMM.renamed.noAb_Nup120_2-711_3F7F_updated.pdb_0": [{"rot": [[-0.09890500788510004, 0.5548584997200772, -0.8260446989743553], [-0.990854779973553, 0.021654462543299946, 0.13318366737525517], [0.09178564386008353, 0.8316628701224709, 0.5476424618680001]], "trans": [605.832780026, 499.545790367, 786.626443716]}]}
