{"rb_ScNup133N_56-480_renamed.pdb_0": [{"rot": [[-0.6970417112550003, -0.17919660225492332, 0.6942776321551718], [0.49573069981583273, 0.5791411376740001, 0.6471836029395136], [-0.5180578404298173, 0.7952887025438976, -0.314852272622]], "trans": [266.346408367, 535.205263034, 560.470174844]}], "rb_ScNup84_437-726_ScNup133C_490_1155_renamed_relative_3I4R.pdb_0": [{"rot": [[0.2518786673410001, 0.5053976465123158, 0.8253062194351465], [-0.7973697077241855, 0.5916503311819998, -0.11895980336263468], [-0.5484147027044123, -0.6281107422358273, 0.552012870634]], "trans": [420.908970605, 481.03964636, 695.353725254]}], "rb_4XMM.renamed.noAb_Nup145c_149-550_Sec13_Nup84_7-436_3IKO_updated.pdb_0": [{"rot": [[0.42304649080100004, -0.046772985603835304, -0.9048999692997359], [-0.7291554621485681, -0.6104475735350001, -0.3093316537054347], [-0.5379256255653448, 0.7906744259067282, -0.2923524817360001]], "trans": [525.553998122, 446.581193472, 710.417032383]}], "rb_4XMM.renamed.noAb_Seh1_Nup85_47_544_3F3F.pdb_0": [{"rot": [[-0.4622346415509999, -0.02915430048410861, -0.8862782649447636], [0.836883324723505, 0.31612012633199993, -0.4468717562428539], [0.2931986305390099, -0.9482711070633347, -0.12172292536299983]], "trans": [550.922687955, 529.61136988, 573.104941966]}], "rb_4XMM.renamed.noAb_Nup120_715-1036_Nup85_553-744_Nup145c_92-99_554-712_remaining_updated.pdb_0": [{"rot": [[-0.23601511218600013, -0.04772789038517922, -0.9705765890949619], [-0.9715143347744517, 0.033556003997799955, 0.23459303468657067], [0.02137204125919434, 0.9982965707018533, -0.05428805372579998]], "trans": [544.366361461, 468.334734627, 775.43671681]}], "rb_4XMM.renamed.noAb_Nup120_2-711_3F7F_updated.pdb_0": [{"rot": [[-0.895263989701, 0.34247635726897596, -0.2849777771273061], [0.205910056714918, -0.2491713083849998, -0.9463163887523911], [-0.39509927523131083, -0.905882775964683, 0.1525547735149998]], "trans": [579.841463158, 495.63782989, 411.310446562]}]}
