{"rb_ScNup133N_56-480_renamed.pdb_0": [{"rot": [[-0.5884674855999998, 0.4888667286040203, -0.6439839594707442], [-0.10432372681721108, -0.8357488511359998, -0.5391107658429982], [-0.8017621707305613, -0.2500663501730276, 0.5428114240659999]], "trans": [235.646340335, 847.265701069, 476.1888510719999]}], "rb_ScNup84_437-726_ScNup133C_490_1155_renamed_relative_3I4R.pdb_0": [{"rot": [[0.07069255885810005, 0.3522168809907512, -0.9332447861452219], [-0.8754712274475712, -0.42649096516999985, -0.2272786539466582], [-0.47807184819181414, 0.8330958680569174, 0.278206007471]], "trans": [390.167473617, 826.184472084, 672.948734507]}], "rb_4XMM.renamed.noAb_Nup145c_149-550_Sec13_Nup84_7-436_3IKO_updated.pdb_0": [{"rot": [[0.9329424444619999, -0.33605569074075026, -0.1291703063479575], [0.24162636944360513, 0.3184688318, 0.9166211326177494], [-0.2668990313035445, -0.8863657122727053, 0.378313006909]], "trans": [575.544835076, 794.523934644, 533.828820462]}], "rb_4XMM.renamed.noAb_Seh1_Nup85_47_544_3F3F.pdb_0": [{"rot": [[0.4036399268590001, -0.8783318113817069, -0.2561406616689166], [-0.44718729108708016, -0.4336394928660002, 0.7822917083269624], [-0.7981843998321816, -0.2012213193025223, -0.5678130365910001]], "trans": [418.140982134, 790.533838766, 502.062674553]}], "rb_4XMM.renamed.noAb_Nup120_715-1036_Nup85_553-744_Nup145c_92-99_554-712_remaining_updated.pdb_0": [{"rot": [[-0.907747377062, 0.013261611908845797, 0.419307559062126], [0.22373813777226897, -0.830185103161, 0.5106211317559792], [0.3548745484579816, 0.5573300854423158, 0.750631221518]], "trans": [481.314968971, 719.756038769, 628.477421804]}], "rb_4XMM.renamed.noAb_Nup120_2-711_3F7F_updated.pdb_0": [{"rot": [[0.806560050637, 0.40231546608310653, -0.43313179341485986], [-0.5683135832513135, 0.729397367316, -0.38078754134627446], [0.16272847264228973, 0.5532827001658566, 0.816944121644]], "trans": [624.05533059, 994.186274825, 631.250005542]}]}
