{"rb_ScNup133N_56-480_renamed.pdb_0": [{"rot": [[-0.950112892847, 0.011307883637209415, -0.3117011751879555], [-0.28323037268854345, -0.4498378127050001, 0.847010329480987], [-0.1306370806188425, 0.8930386744304126, 0.4305994416380001]], "trans": [200.718250065, 321.145594019, 565.536583215]}], "rb_ScNup84_437-726_ScNup133C_490_1155_renamed_relative_3I4R.pdb_0": [{"rot": [[-0.597023311463, -0.6243037934481974, -0.5037935480491429], [0.7223212291545291, -0.14511737340599995, -0.6761604764021879], [0.3490203539658453, -0.7675843415690121, 0.537586338271]], "trans": [506.384668908, 498.330205278, 718.438329488]}], "rb_4XMM.renamed.noAb_Nup145c_149-550_Sec13_Nup84_7-436_3IKO_updated.pdb_0": [{"rot": [[-0.5655072157280001, 0.5291965731577715, 0.6325761423873308], [0.7081553823842179, 0.704713588427, 0.04352829753853074], [-0.42274997736230246, 0.47257776634582827, -0.7732740208979999]], "trans": [477.58292857899994, 613.205169481, 703.892390713]}], "rb_4XMM.renamed.noAb_Seh1_Nup85_47_544_3F3F.pdb_0": [{"rot": [[-0.43746615822999996, 0.22827484959144678, 0.8697781058680928], [0.026443673479050786, -0.9635583865540001, 0.2661878431378595], [0.8988459782056203, 0.13944830133585231, 0.41548776000999993]], "trans": [511.886015615, 445.949671067, 663.713190678]}], "rb_4XMM.renamed.noAb_Nup120_715-1036_Nup85_553-744_Nup145c_92-99_554-712_remaining_updated.pdb_0": [{"rot": [[0.17405953980199995, -0.9841604445385155, 0.033637717069793405], [0.7956700072131244, 0.12043295917600005, -0.5936372141009848], [0.580183174717591, 0.13009274287931427, 0.804029453456]], "trans": [424.14111061299997, 550.17080965, 680.920418113]}], "rb_4XMM.renamed.noAb_Nup120_2-711_3F7F_updated.pdb_0": [{"rot": [[0.16132809000999992, 0.3567764680313727, 0.9201542257865167], [-0.2928083149687937, 0.907689005127, -0.30060598905659314], [-0.9424630168122572, -0.22093261830389782, 0.250902849945]], "trans": [628.522360936, 698.669746839, 582.9943025079999]}]}
