{"rb_ScNup133N_56-480_renamed.pdb_0": [{"rot": [[0.47140128408499987, -0.8578606152988931, -0.204587375177497], [0.750003460800348, 0.2679093973399999, 0.6047473551859646], [-0.46397805783303403, -0.43851991920085315, 0.769691264283]], "trans": [758.364976084, 674.191100428, 454.03348861999996]}], "rb_ScNup84_437-726_ScNup133C_490_1155_renamed_relative_3I4R.pdb_0": [{"rot": [[0.4133232221029999, -0.07293979698667641, 0.9076583608858217], [0.12945169855690541, -0.981955753314, -0.13785919002470245], [0.901335770848537, 0.174478321143566, -0.39642293530999995]], "trans": [534.83959448, 658.922014819, 647.97414538]}], "rb_4XMM.renamed.noAb_Nup145c_149-550_Sec13_Nup84_7-436_3IKO_updated.pdb_0": [{"rot": [[0.49864243663100005, 0.6879973615502815, -0.5272716101693228], [-0.07848794959906491, 0.64162960311, 0.7629882660831939], [0.8632469879231747, -0.339073860556598, 0.373943250947]], "trans": [643.730329078, 612.485433906, 654.100693425]}], "rb_4XMM.renamed.noAb_Seh1_Nup85_47_544_3F3F.pdb_0": [{"rot": [[0.6517605097980002, -0.427903497842395, 0.6261843453824877], [-0.11860228686132815, 0.7579756485510001, 0.6414097081857698], [-0.7490939429865352, -0.4923124137556706, 0.4432682617140001]], "trans": [474.453517313, 593.390848887, 637.702690043]}], "rb_4XMM.renamed.noAb_Nup120_715-1036_Nup85_553-744_Nup145c_92-99_554-712_remaining_updated.pdb_0": [{"rot": [[-0.6308838301, -0.4864435284496272, 0.6044487460056733], [-0.5786831425151069, 0.813952817168, 0.051055185761261834], [-0.5168282243523421, -0.31757440868834685, -0.795006340515]], "trans": [438.54025549900007, 604.787517184, 617.358554049]}], "rb_4XMM.renamed.noAb_Nup120_2-711_3F7F_updated.pdb_0": [{"rot": [[-0.7992733797480001, -0.16515525385147609, 0.5778285269450307], [0.31901094242538475, -0.9314465521710003, 0.17504096395308305], [0.5093074543329181, 0.32423920579413457, 0.7971667669860001]], "trans": [491.03907395600004, 297.8026607979999, 713.242420324]}]}
