{"rb_ScNup133N_56-480_renamed.pdb_0": [{"rot": [[-0.09870590625499995, -0.7382279610741225, 0.6672905076192253], [-0.39371754764056105, 0.6448194839200001, 0.6551292436130809], [-0.9139166465002604, -0.19805885651868468, -0.354300793965]], "trans": [470.73147270299995, 435.8659392320001, 425.41001056900006]}], "rb_ScNup84_437-726_ScNup133C_490_1155_renamed_relative_3I4R.pdb_0": [{"rot": [[-0.2972267158720001, -0.5304418282005251, 0.7939066357369926], [-0.1977931915439889, 0.847653755335, 0.49230170063215806], [-0.9340953552773872, -0.010704109573273946, -0.35686312402300013]], "trans": [559.260155112, 535.056954562, 644.352629141]}], "rb_4XMM.renamed.noAb_Nup145c_149-550_Sec13_Nup84_7-436_3IKO_updated.pdb_0": [{"rot": [[0.8840306607819999, -0.20479793288752637, -0.4201756745485592], [0.2290954172230061, 0.9733745059380001, 0.007573704336124351], [0.4074372106285301, -0.1029557083164917, 0.907411175554]], "trans": [688.7334729470001, 540.885524814, 590.572264916]}], "rb_4XMM.renamed.noAb_Seh1_Nup85_47_544_3F3F.pdb_0": [{"rot": [[0.702802683302, 0.359125066396173, -0.6140827102511949], [0.0534869103782491, 0.8341023414049997, 0.54901041381825], [0.7093712277515193, -0.4186913788802455, 0.567000873447]], "trans": [657.200810009, 468.89344945000005, 553.315963708]}], "rb_4XMM.renamed.noAb_Nup120_715-1036_Nup85_553-744_Nup145c_92-99_554-712_remaining_updated.pdb_0": [{"rot": [[-0.6806790409909999, -0.4919368196681154, -0.5428390264253231], [-0.2023828623942322, -0.5858833841569999, 0.784717679919255], [-0.7040718856513799, 0.644002193803376, 0.2992389583789999]], "trans": [563.805661225, 332.374158566, 650.807730107]}], "rb_4XMM.renamed.noAb_Nup120_2-711_3F7F_updated.pdb_0": [{"rot": [[-0.1387822069149999, -0.49560566796801914, -0.8573881973305765], [-0.9829134985208201, -0.03677376978390004, 0.18035726844638722], [-0.12091548068532676, 0.867768812376807, -0.48203395606199995]], "trans": [601.038305096, 423.876042111, 741.627312779]}]}
