{"rb_ScNup133N_56-480_renamed.pdb_0": [{"rot": [[-0.5884674855999998, 0.4888667286040203, -0.6439839594707442], [-0.10432372681721108, -0.8357488511359998, -0.5391107658429982], [-0.8017621707305613, -0.2500663501730276, 0.5428114240659999]], "trans": [235.646340335, 847.265701069, 476.1888510719999]}], "rb_ScNup84_437-726_ScNup133C_490_1155_renamed_relative_3I4R.pdb_0": [{"rot": [[0.07069255885810005, 0.3522168809907512, -0.9332447861452219], [-0.8754712274475712, -0.42649096516999985, -0.2272786539466582], [-0.47807184819181414, 0.8330958680569174, 0.278206007471]], "trans": [390.167473617, 826.184472084, 672.948734507]}], "rb_4XMM.renamed.noAb_Nup145c_149-550_Sec13_Nup84_7-436_3IKO_updated.pdb_0": [{"rot": [[0.9429085893899999, -0.2975571475730622, -0.1496099461357542], [0.25208934312188924, 0.344065610046, 0.9044721217749324], [-0.21765650722855676, -0.8905496055312453, 0.39943340489900003]], "trans": [579.576272176, 797.101871793, 535.619751806]}], "rb_4XMM.renamed.noAb_Seh1_Nup85_47_544_3F3F.pdb_0": [{"rot": [[0.5712276654649999, -0.33658227736279245, 0.7486062548313914], [0.7885588280088061, 0.47812717467899996, -0.38674200651449164], [-0.22775848826505712, 0.8112378044684266, 0.538534395953]], "trans": [539.841729514, 859.913102686, 637.127274243]}], "rb_4XMM.renamed.noAb_Nup120_715-1036_Nup85_553-744_Nup145c_92-99_554-712_remaining_updated.pdb_0": [{"rot": [[-0.8449457936230002, 0.5286570838580228, -0.08116830369996715], [-0.4350717084971033, -0.7676241362960002, -0.4706015234157573], [-0.311093578050416, -0.3623187451161634, 0.8786045257300003]], "trans": [575.774015852, 697.129042147, 552.563059172]}], "rb_4XMM.renamed.noAb_Nup120_2-711_3F7F_updated.pdb_0": [{"rot": [[-0.07672842621219983, 0.6321053181813096, -0.7710743254303727], [0.996982461098138, 0.03950496999629988, -0.06682312180892913], [-0.011777982581857527, -0.7738748116281449, -0.633229069969]], "trans": [642.73793228, 871.421764258, 502.246578248]}]}
