{"rb_ScNup133N_56-480_renamed.pdb_0": [{"rot": [[0.16997254515299998, 0.18195547912582224, -0.9685047947792019], [0.5871462050931411, 0.770612758443, 0.24782112575322096], [0.7914345631440004, -0.6107767023560764, 0.024148542815299878]], "trans": [515.270668681, 970.888019009, 926.505396913]}], "rb_ScNup84_437-726_ScNup133C_490_1155_renamed_relative_3I4R.pdb_0": [{"rot": [[-0.2953180314899998, 0.42395939520145765, -0.8561808754563989], [0.5654343529410201, 0.7999108924169999, 0.2010635638468805], [0.7701111950822694, -0.42473638343454034, -0.4759493164149998]], "trans": [377.630757819, 781.828850351, 769.254194721]}], "rb_4XMM.renamed.noAb_Nup145c_149-550_Sec13_Nup84_7-436_3IKO_updated.pdb_0": [{"rot": [[0.24677940885699995, 0.5386075665769581, -0.8056064874305802], [0.1439481626638748, -0.8424691220930001, -0.5191576877843036], [-0.9583208491052901, 0.01215185359924742, -0.28543560153599984]], "trans": [652.214742122, 704.449453254, 583.125187505]}], "rb_4XMM.renamed.noAb_Seh1_Nup85_47_544_3F3F.pdb_0": [{"rot": [[-0.047528869270099805, -0.8486280874704463, 0.5268504301432793], [-0.1122534209014967, -0.5195673590890001, -0.8470235704307132], [0.9925422792414524, -0.0993988356347027, -0.07056695680449998]], "trans": [468.308650359, 777.7135881429999, 594.529602073]}], "rb_4XMM.renamed.noAb_Nup120_715-1036_Nup85_553-744_Nup145c_92-99_554-712_remaining_updated.pdb_0": [{"rot": [[0.29591758908500004, 0.9306858093762846, -0.21507371921211382], [0.19082561837915896, -0.2782173815880001, -0.9413716970211761], [-0.9359585267736669, 0.23752686754960428, -0.259928111892]], "trans": [632.714585411, 787.316705368, 555.825117618]}], "rb_4XMM.renamed.noAb_Nup120_2-711_3F7F_updated.pdb_0": [{"rot": [[-0.9209482813580001, -0.11525304118183, -0.3722512586440581], [0.3488417263642746, -0.6695780768450001, -0.6557245221552599], [-0.17367703651012317, -0.7337451434298496, 0.6568518489600002]], "trans": [364.851910128, 691.962577754, 346.72509337100007]}]}
