{"rb_ScNup133N_56-480_renamed.pdb_0": [{"rot": [[-0.09870590625499995, -0.7382279610741225, 0.6672905076192253], [-0.39371754764056105, 0.6448194839200001, 0.6551292436130809], [-0.9139166465002604, -0.19805885651868468, -0.354300793965]], "trans": [470.73147270299995, 435.8659392320001, 425.41001056900006]}], "rb_ScNup84_437-726_ScNup133C_490_1155_renamed_relative_3I4R.pdb_0": [{"rot": [[-0.2972267158720001, -0.5304418282005251, 0.7939066357369926], [-0.1977931915439889, 0.847653755335, 0.49230170063215806], [-0.9340953552773872, -0.010704109573273946, -0.35686312402300013]], "trans": [559.260155112, 535.056954562, 644.352629141]}], "rb_4XMM.renamed.noAb_Nup145c_149-550_Sec13_Nup84_7-436_3IKO_updated.pdb_0": [{"rot": [[0.8840306607819999, -0.20479793288752637, -0.4201756745485592], [0.2290954172230061, 0.9733745059380001, 0.007573704336124351], [0.4074372106285301, -0.1029557083164917, 0.907411175554]], "trans": [688.7334729470001, 540.885524814, 590.572264916]}], "rb_4XMM.renamed.noAb_Seh1_Nup85_47_544_3F3F.pdb_0": [{"rot": [[-0.3693840308329998, 0.7652619910933744, 0.5271902149636023], [-0.07834734422846834, 0.5396463058909999, -0.8382383659738695], [-0.9259682129630105, -0.3509358196679288, -0.13938048305299994]], "trans": [739.839618557, 397.066478973, 500.47393157399995]}], "rb_4XMM.renamed.noAb_Nup120_715-1036_Nup85_553-744_Nup145c_92-99_554-712_remaining_updated.pdb_0": [{"rot": [[0.14489839207100008, 0.8655018270815217, 0.47949039958458667], [-0.7230645193522706, -0.23817507088900008, 0.6484214188788721], [0.6754125826701104, -0.44065771628960226, 0.5913024777939999]], "trans": [741.472099662, 329.858149116, 547.064832086]}], "rb_4XMM.renamed.noAb_Nup120_2-711_3F7F_updated.pdb_0": [{"rot": [[0.6214227369830001, 0.4940559453208947, -0.6080645564852754], [-0.17110147973935674, -0.6717992699370002, -0.7207010646191085], [-0.7645639708955425, 0.5519007735138546, -0.3329376377090001]], "trans": [764.532825874, 321.007986725, 739.610180203]}]}
