{"rb_ScNup133N_56-480_renamed.pdb_0": [{"rot": [[0.8871797393120001, -0.29585785596764597, 0.35409072173176104], [0.44976975278249515, 0.383097740448, -0.8068105668281809], [0.10304988906478749, 0.8750452847286618, 0.472944468239]], "trans": [866.916832487, 643.743241027, 553.906470333]}], "rb_ScNup84_437-726_ScNup133C_490_1155_renamed_relative_3I4R.pdb_0": [{"rot": [[0.5617708835899999, 0.4801436362795392, 0.6737028743376209], [-0.07405203396743881, -0.7818930829789998, 0.6189987908347477], [0.8239719477116899, -0.3976245658027885, -0.40368915523499993]], "trans": [591.020005503, 500.496102766, 653.897628884]}], "rb_4XMM.renamed.noAb_Nup145c_149-550_Sec13_Nup84_7-436_3IKO_updated.pdb_0": [{"rot": [[0.151408769534, 0.9386048729738863, -0.3099939950029274], [0.12008462991354185, -0.32875268467, -0.9367504224609644], [-0.9811498693709988, 0.10460671465992233, -0.16248805827299995]], "trans": [621.685384995, 650.902983628, 591.414450655]}], "rb_4XMM.renamed.noAb_Seh1_Nup85_47_544_3F3F.pdb_0": [{"rot": [[0.05413354183390001, -0.8481106590037842, 0.5270463639308068], [0.9704476481594412, -0.07961987553669991, -0.22779823880208175], [0.2351614803285761, 0.5238024298375176, 0.8187368885460002]], "trans": [501.922627379, 791.107059722, 694.543571938]}], "rb_4XMM.renamed.noAb_Nup120_715-1036_Nup85_553-744_Nup145c_92-99_554-712_remaining_updated.pdb_0": [{"rot": [[-0.4077605006719999, 0.03438156926833458, -0.9124413853976411], [0.8340739880336941, 0.4206558597800001, -0.3568882599894791], [0.3715534370414154, -0.9065685607428682, -0.200203616589]], "trans": [575.901136038, 811.636824363, 533.103946617]}], "rb_4XMM.renamed.noAb_Nup120_2-711_3F7F_updated.pdb_0": [{"rot": [[0.18493437849099997, -0.982705807777954, -0.009411217329675425], [0.6158264172585894, 0.10841809056000001, 0.7803866614991402], [-0.7658701583549247, -0.15011599847718587, 0.6252264290180001]], "trans": [354.0108386090001, 667.707297916, 572.667375927]}]}
