{"rb_ScNup133N_56-480_renamed.pdb_0": [{"rot": [[-0.12125572609599983, -0.8422821029641061, 0.5252217702221559], [0.9712001490963116, -0.21000247275699996, -0.11255768224003057], [0.20510319179436012, 0.4964471980606887, 0.843488506296]], "trans": [538.00950705, 804.476127928, 566.453512242]}], "rb_ScNup84_437-726_ScNup133C_490_1155_renamed_relative_3I4R.pdb_0": [{"rot": [[0.646475050906, 0.004582124966022533, 0.7629213673026076], [0.2770336238393568, -0.9331371631780001, -0.22914494530438223], [0.7108603096379191, 0.35949136126882153, -0.604519297752]], "trans": [549.585654618, 615.962608733, 651.443445129]}], "rb_4XMM.renamed.noAb_Nup145c_149-550_Sec13_Nup84_7-436_3IKO_updated.pdb_0": [{"rot": [[0.614897620319, 0.6452891908403977, -0.453324140886602], [-0.07818335878172739, 0.621892398408, 0.7791900969673274], [0.7847217844151126, -0.44367973244998493, 0.43285103220099996]], "trans": [645.148930777, 609.630190231, 640.542610319]}], "rb_4XMM.renamed.noAb_Seh1_Nup85_47_544_3F3F.pdb_0": [{"rot": [[-0.43746615822999996, 0.22827484959144678, 0.8697781058680928], [0.026443673479050786, -0.9635583865540001, 0.2661878431378595], [0.8988459782056203, 0.13944830133585231, 0.41548776000999993]], "trans": [511.886015615, 445.949671067, 663.713190678]}], "rb_4XMM.renamed.noAb_Nup120_715-1036_Nup85_553-744_Nup145c_92-99_554-712_remaining_updated.pdb_0": [{"rot": [[0.5305229034280001, 0.5291687531605239, 0.6622128657892878], [-0.6604609680313788, 0.7477390953970002, -0.06839265254345744], [-0.5313537038972995, -0.40108188178152915, 0.7461880228610003]], "trans": [602.317788695, 586.022613375, 565.502716784]}], "rb_4XMM.renamed.noAb_Nup120_2-711_3F7F_updated.pdb_0": [{"rot": [[-0.7492500689909999, -0.3087873138408669, 0.5858965172519152], [0.20555192081683837, -0.949390601692, -0.2374992489828347], [0.6295814021756757, -0.05751417416467253, 0.7748027993009999]], "trans": [422.568418864, 295.085167404, 681.392114917]}]}
