{"rb_ScNup133N_56-480_renamed.pdb_0": [{"rot": [[-0.641999095337, -0.6553680093266412, -0.3979069413037541], [0.04180766931142521, -0.5481346150449999, 0.835344577151379], [-0.7655646807247707, 0.5196549010071061, 0.379301335993]], "trans": [363.706822844, 413.573579088, 463.11936538000003]}], "rb_ScNup84_437-726_ScNup133C_490_1155_renamed_relative_3I4R.pdb_0": [{"rot": [[0.53295511169, -0.49397842514068235, -0.686981924375766], [-0.8327544190422781, -0.16235408275599994, -0.5293025877303222], [0.14992973850793323, 0.8541817530877073, -0.4978901547559999]], "trans": [559.026075293, 491.735145579, 704.093417891]}], "rb_4XMM.renamed.noAb_Nup145c_149-550_Sec13_Nup84_7-436_3IKO_updated.pdb_0": [{"rot": [[-0.443993936316, -0.8580387690188602, 0.25814502779488674], [0.4883393816320802, -0.47327023594400003, -0.7331711479025265], [0.751261627438685, -0.19946116070581177, 0.629143236877]], "trans": [459.026047258, 705.388502633, 635.552377385]}], "rb_4XMM.renamed.noAb_Seh1_Nup85_47_544_3F3F.pdb_0": [{"rot": [[0.6080647559110001, -0.6957648702453472, 0.3823198895576469], [0.47078921050924444, 0.7037874003830001, 0.5320158027072327], [-0.6392298271255639, -0.14350798024714206, 0.7555069077900002]], "trans": [488.070855861, 916.252283434, 613.117766049]}], "rb_4XMM.renamed.noAb_Nup120_715-1036_Nup85_553-744_Nup145c_92-99_554-712_remaining_updated.pdb_0": [{"rot": [[0.8478710996749999, 0.4427407652561421, 0.2917108381879425], [0.48187893698595313, -0.41399239942200006, -0.7722713145715714], [-0.22114992295995525, 0.7953558373465432, -0.5643596402770001]], "trans": [620.656558335, 765.925481044, 723.211966445]}], "rb_4XMM.renamed.noAb_Nup120_2-711_3F7F_updated.pdb_0": [{"rot": [[-0.8757096368010001, -0.3689270103012561, -0.31148915403916966], [-0.4813527126286753, 0.71761791389, 0.5033131189519906], [0.03784439270059145, 0.5906922978457918, -0.806008939905]], "trans": [429.526487969, 915.451150739, 705.098164226]}]}
