{"rb_ScNup133N_56-480_renamed.pdb_0": [{"rot": [[0.25518977342600013, -0.9206954575402706, 0.29529316619843804], [-0.33943559503101634, -0.371273246547, -0.8642567056288255], [0.9053516755188155, 0.12031646131416163, -0.40726194613799993]], "trans": [598.110021357, 864.648132266, 912.495311524]}], "rb_ScNup84_437-726_ScNup133C_490_1155_renamed_relative_3I4R.pdb_0": [{"rot": [[0.31131573610700014, -0.8103874186639214, 0.4963413584655051], [0.3135944212424736, 0.5806449774700001, 0.7513387711974282], [-0.8970736042364388, -0.07825370157436312, 0.43489689211600024]], "trans": [576.182533791, 738.336924211, 611.4890847]}], "rb_4XMM.renamed.noAb_Nup145c_149-550_Sec13_Nup84_7-436_3IKO_updated.pdb_0": [{"rot": [[-0.636167797431, -0.587393238589977, -0.5002596493527819], [-0.7038082883925173, 0.17612831707, 0.6882097856875363], [-0.31613988470578225, 0.7899037910941228, -0.525459393401]], "trans": [536.318000111, 456.395426013, 694.598556889]}], "rb_4XMM.renamed.noAb_Seh1_Nup85_47_544_3F3F.pdb_0": [{"rot": [[0.5501196937040002, -0.33679782595966457, 0.7641567555337457], [0.3717577765813782, 0.918158641353, 0.13704329556779965], [-0.7477730124511631, 0.2086910006149204, 0.6303043614890002]], "trans": [657.497935444, 517.108187387, 642.979942135]}], "rb_4XMM.renamed.noAb_Nup120_715-1036_Nup85_553-744_Nup145c_92-99_554-712_remaining_updated.pdb_0": [{"rot": [[-0.0910170345305, -0.9340135903453497, -0.34544827756910745], [-0.6250314379123798, -0.21647614533799994, 0.7499825198768196], [-0.7752751776282127, 0.28417721856227407, -0.5640848406080002]], "trans": [527.711242695, 370.726816589, 607.488352434]}], "rb_4XMM.renamed.noAb_Nup120_2-711_3F7F_updated.pdb_0": [{"rot": [[-0.850174636942, 0.22643338593823875, 0.4753220049956483], [-0.361989733921891, 0.40417275438699996, -0.8400046530504366], [-0.38231730177392836, -0.88621233705234, -0.261650863596]], "trans": [682.58618529, 547.621120218, 371.72194119900007]}]}
