{"rb_ScNup133N_56-480_renamed.pdb_0": [{"rot": [[-0.1600447198640001, -0.690132278009947, -0.7057642145167571], [-0.7620181297175521, 0.5408636132370002, -0.3560827458021252], [0.6274663796773641, 0.48081596346733124, -0.6124556732119999]], "trans": [439.826173672, 296.42842260500004, 927.443174616]}], "rb_ScNup84_437-726_ScNup133C_490_1155_renamed_relative_3I4R.pdb_0": [{"rot": [[0.11578378272999992, -0.6616084677695848, -0.7408564982723138], [-0.9932058421106416, -0.06835098365919998, -0.0941822606976051], [0.011673510783995089, 0.746727780659326, -0.6650273308200002]], "trans": [468.986683747, 499.140034462, 674.482395685]}], "rb_4XMM.renamed.noAb_Nup145c_149-550_Sec13_Nup84_7-436_3IKO_updated.pdb_0": [{"rot": [[-0.023038332425400043, 0.9326318763424375, -0.360093069176624], [0.06280354120795084, -0.35812711516499995, -0.9315582024733269], [-0.9977599663500223, -0.044076667450920204, -0.05032193294800008]], "trans": [613.030433275, 645.021881822, 576.176029928]}], "rb_4XMM.renamed.noAb_Seh1_Nup85_47_544_3F3F.pdb_0": [{"rot": [[0.6695553223529999, -0.23466338717932678, 0.7047189262580478], [0.1705780870019773, 0.9720024962349999, 0.1615990827562912], [-0.7229099435915349, 0.01201008036834765, 0.6908378763689998]], "trans": [351.681339094, 807.919404188, 584.175364314]}], "rb_4XMM.renamed.noAb_Nup120_715-1036_Nup85_553-744_Nup145c_92-99_554-712_remaining_updated.pdb_0": [{"rot": [[-0.4435020544170001, 0.6866038051011635, 0.5760912623434795], [0.804114411982266, 0.5887086005869999, -0.08259658611171924], [-0.3958610111773005, 0.42661153103907024, -0.813201488817]], "trans": [415.52221466, 773.227425756, 617.401942744]}], "rb_4XMM.renamed.noAb_Nup120_2-711_3F7F_updated.pdb_0": [{"rot": [[0.745125216007, -0.5542283046952883, 0.37097088665434147], [0.4098387682231015, -0.05829910016800004, -0.9102930291839942], [0.5261374312210569, 0.8303205412334372, 0.18370411610499995]], "trans": [209.069966702, 709.354931312, 716.136711941]}]}
