{"rb_ScNup133N_56-480_renamed.pdb_0": [{"rot": [[-0.5884674855999998, 0.4888667286040203, -0.6439839594707442], [-0.10432372681721108, -0.8357488511359998, -0.5391107658429982], [-0.8017621707305613, -0.2500663501730276, 0.5428114240659999]], "trans": [235.646340335, 847.265701069, 476.1888510719999]}], "rb_ScNup84_437-726_ScNup133C_490_1155_renamed_relative_3I4R.pdb_0": [{"rot": [[0.07069255885810005, 0.3522168809907512, -0.9332447861452219], [-0.8754712274475712, -0.42649096516999985, -0.2272786539466582], [-0.47807184819181414, 0.8330958680569174, 0.278206007471]], "trans": [390.167473617, 826.184472084, 672.948734507]}], "rb_4XMM.renamed.noAb_Nup145c_149-550_Sec13_Nup84_7-436_3IKO_updated.pdb_0": [{"rot": [[-0.910276423744, 0.41387429350849514, -0.010242145706729405], [0.09538059801411061, 0.23372590081200006, 0.9676129106270182], [0.4028639645070088, 0.8798183178716292, -0.252230754745]], "trans": [303.542717744, 759.171750779, 777.600604015]}], "rb_4XMM.renamed.noAb_Seh1_Nup85_47_544_3F3F.pdb_0": [{"rot": [[-0.542507566357, 0.4001399147092004, 0.7386295344094487], [-0.8199390347284927, -0.44347188636199997, -0.361984344046862], [0.18271704839426672, -0.8020104330138376, 0.568677189241]], "trans": [385.782697758, 692.8164255, 553.2189052589999]}], "rb_4XMM.renamed.noAb_Nup120_715-1036_Nup85_553-744_Nup145c_92-99_554-712_remaining_updated.pdb_0": [{"rot": [[0.8298404303669998, -0.5536596947953825, 0.06946799613776253], [-0.44633441719235345, -0.5838935805119999, 0.6781252647309629], [-0.33488871010811094, -0.593741719096747, -0.7316558773399998]], "trans": [310.582452021, 692.379399977, 547.271899095]}], "rb_4XMM.renamed.noAb_Nup120_2-711_3F7F_updated.pdb_0": [{"rot": [[0.40599522872299987, 0.0990704530967147, 0.9084893612901423], [-0.71064634223556, -0.5908057897460002, 0.3820082395313281], [0.5745865039499087, -0.8007081641433519, -0.16946027662199997]], "trans": [380.591436776, 742.40000994, 501.83367312499996]}]}
