{"rb_ScNup133N_56-480_renamed.pdb_0": [{"rot": [[0.45781409490099984, 0.8890403128188484, 0.0036846564212368593], [0.8432372902303487, -0.43290699985099995, -0.3186571854595234], [-0.28170397028610905, 0.1489927906409254, -0.9478628706000002]], "trans": [393.104495395, 1028.18913598, 753.476675886]}], "rb_ScNup84_437-726_ScNup133C_490_1155_renamed_relative_3I4R.pdb_0": [{"rot": [[-0.755943594693, -0.6545513215102673, 0.010575875934782653], [0.4834227130107667, -0.5690543629190001, -0.6651914104888612], [0.441420165135141, -0.49773456736699884, 0.74659797633]], "trans": [358.572679979, 839.429596739, 696.009909088]}], "rb_4XMM.renamed.noAb_Nup145c_149-550_Sec13_Nup84_7-436_3IKO_updated.pdb_0": [{"rot": [[-0.910276423744, 0.41387429350849514, -0.010242145706729405], [0.09538059801411061, 0.23372590081200006, 0.9676129106270182], [0.4028639645070088, 0.8798183178716292, -0.252230754745]], "trans": [303.542717744, 759.171750779, 777.600604015]}], "rb_4XMM.renamed.noAb_Seh1_Nup85_47_544_3F3F.pdb_0": [{"rot": [[0.9246500073569999, 0.10785757127263164, -0.3652247365853921], [0.1526575563931369, 0.7736420528029999, 0.6149582462337069], [0.3488811178192023, -0.6243754627256979, 0.6988828565469998]], "trans": [381.997404911, 954.203652849, 660.220826556]}], "rb_4XMM.renamed.noAb_Nup120_715-1036_Nup85_553-744_Nup145c_92-99_554-712_remaining_updated.pdb_0": [{"rot": [[-0.43390021896500003, -0.8219474929015422, -0.3689619477601917], [0.3964827221694063, 0.19353587424599994, -0.897410338920259], [0.8090315513027058, -0.5356735799838421, 0.24191272125300003]], "trans": [250.012287712, 865.299288727, 668.308161849]}], "rb_4XMM.renamed.noAb_Nup120_2-711_3F7F_updated.pdb_0": [{"rot": [[-0.707139182161, 0.3816417797294147, -0.5952341799809862], [-0.087081519607526, 0.788411753997, 0.6089529662479837], [0.701691517688162, 0.4824483994421981, -0.5242828968029999]], "trans": [478.907393125, 898.529131694, 878.155834955]}]}
