{"rb_ScNup133N_56-480_renamed.pdb_0": [{"rot": [[-0.12125572609599983, -0.8422821029641061, 0.5252217702221559], [0.9712001490963116, -0.21000247275699996, -0.11255768224003057], [0.20510319179436012, 0.4964471980606887, 0.843488506296]], "trans": [538.00950705, 804.476127928, 566.453512242]}], "rb_ScNup84_437-726_ScNup133C_490_1155_renamed_relative_3I4R.pdb_0": [{"rot": [[0.646475050906, 0.004582124966022533, 0.7629213673026076], [0.2770336238393568, -0.9331371631780001, -0.22914494530438223], [0.7108603096379191, 0.35949136126882153, -0.604519297752]], "trans": [549.585654618, 615.962608733, 651.443445129]}], "rb_4XMM.renamed.noAb_Nup145c_149-550_Sec13_Nup84_7-436_3IKO_updated.pdb_0": [{"rot": [[0.614897620319, 0.6452891908403977, -0.453324140886602], [-0.07818335878172739, 0.621892398408, 0.7791900969673274], [0.7847217844151126, -0.44367973244998493, 0.43285103220099996]], "trans": [645.148930777, 609.630190231, 640.542610319]}], "rb_4XMM.renamed.noAb_Seh1_Nup85_47_544_3F3F.pdb_0": [{"rot": [[0.3239532310770001, 0.03372578076304106, -0.9454717741882595], [0.4261432703796678, -0.8974441402049997, 0.11399968562162685], [-0.8446633750701478, -0.4398370004031399, -0.305101943441]], "trans": [442.492359067, 453.048831273, 574.714890308]}], "rb_4XMM.renamed.noAb_Nup120_715-1036_Nup85_553-744_Nup145c_92-99_554-712_remaining_updated.pdb_0": [{"rot": [[-0.19667361370700007, 0.15971872096030212, 0.9673724307867342], [-0.04766976251529068, 0.983918032089, -0.1721420920979102], [-0.9793094931701445, -0.0799702213634223, -0.18589696146500004]], "trans": [477.447848603, 641.198818983, 631.823237446]}], "rb_4XMM.renamed.noAb_Nup120_2-711_3F7F_updated.pdb_0": [{"rot": [[-0.944092138256, -0.303773059608761, 0.12810918288376485], [0.329029067562551, -0.8437381133210001, 0.424082384482588], [-0.02073420319501198, 0.44252449015331513, 0.8965166860870001]], "trans": [374.585298281, 280.991492219, 742.011049035]}]}
