{"rb_ScNup133N_56-480_renamed.pdb_0": [{"rot": [[0.5815859149760001, 0.22388538301419741, -0.7820697914982492], [0.4043233415457002, -0.913780638213, 0.03908427699678382], [-0.7058898348771202, -0.3389399364188711, -0.621964034746]], "trans": [716.381617099, 660.722277186, 535.135322895]}], "rb_ScNup84_437-726_ScNup133C_490_1155_renamed_relative_3I4R.pdb_0": [{"rot": [[-0.7484934010370001, 0.6325402556196772, 0.19912421657010526], [0.6597864589324206, 0.740509843803, 0.12777714913189223], [-0.06662925193548269, 0.22701981466702412, -0.9716082268770001]], "trans": [426.340705205, 483.859005669, 685.399575137]}], "rb_4XMM.renamed.noAb_Nup145c_149-550_Sec13_Nup84_7-436_3IKO_updated.pdb_0": [{"rot": [[-0.990537870911, -0.1319422454059747, 0.03776202018341544], [-0.10881179027618909, 0.587362913823, -0.8019755618235792], [0.08363444618094731, -0.7984961185519842, -0.596162082046]], "trans": [348.610372826, 557.072394015, 738.286493778]}], "rb_4XMM.renamed.noAb_Seh1_Nup85_47_544_3F3F.pdb_0": [{"rot": [[-0.914791347499, -0.3957774482245411, -0.0807279506604402], [-0.3912963910218452, 0.917895261836, -0.06599562616037602], [0.10021938392468285, -0.02878367203627081, -0.9945489305760001]], "trans": [459.705638321, 532.780698561, 706.868167558]}], "rb_4XMM.renamed.noAb_Nup120_715-1036_Nup85_553-744_Nup145c_92-99_554-712_remaining_updated.pdb_0": [{"rot": [[-0.45659173832800004, -0.8763850006491243, -0.15321003598932287], [0.026674205118976835, -0.18561629907899996, 0.9822601876781355], [-0.8892763750780102, 0.44440513065608245, 0.10812774192899993]], "trans": [392.428462661, 440.723796851, 760.308824162]}], "rb_4XMM.renamed.noAb_Nup120_2-711_3F7F_updated.pdb_0": [{"rot": [[-0.7983595425319999, -0.5189506639625135, -0.30547053740248353], [0.012799726918849452, -0.5217831232889999, 0.8529821447378481], [-0.6020450214385122, 0.6770764954003665, 0.4232129623929999]], "trans": [456.626151572, 351.19163998600004, 779.917769354]}]}
