{"rb_ScNup133N_56-480_renamed.pdb_0": [{"rot": [[-0.5884674855999998, 0.4888667286040203, -0.6439839594707442], [-0.10432372681721108, -0.8357488511359998, -0.5391107658429982], [-0.8017621707305613, -0.2500663501730276, 0.5428114240659999]], "trans": [235.646340335, 847.265701069, 476.1888510719999]}], "rb_ScNup84_437-726_ScNup133C_490_1155_renamed_relative_3I4R.pdb_0": [{"rot": [[0.07069255885810005, 0.3522168809907512, -0.9332447861452219], [-0.8754712274475712, -0.42649096516999985, -0.2272786539466582], [-0.47807184819181414, 0.8330958680569174, 0.278206007471]], "trans": [390.167473617, 826.184472084, 672.948734507]}], "rb_4XMM.renamed.noAb_Nup145c_149-550_Sec13_Nup84_7-436_3IKO_updated.pdb_0": [{"rot": [[-0.910276423744, 0.41387429350849514, -0.010242145706729405], [0.09538059801411061, 0.23372590081200006, 0.9676129106270182], [0.4028639645070088, 0.8798183178716292, -0.252230754745]], "trans": [303.542717744, 759.171750779, 777.600604015]}], "rb_4XMM.renamed.noAb_Seh1_Nup85_47_544_3F3F.pdb_0": [{"rot": [[-0.593729128215, 0.7772295855087827, -0.20832641147704234], [-0.37239439966303434, -0.4949104070849999, -0.785102604796703], [-0.7133078812186673, -0.3885586961693247, 0.5832786694389999]], "trans": [384.214813223, 717.851215891, 584.77838166]}], "rb_4XMM.renamed.noAb_Nup120_715-1036_Nup85_553-744_Nup145c_92-99_554-712_remaining_updated.pdb_0": [{"rot": [[0.9099576023380002, -0.34925838497147366, 0.2235972774306432], [0.35367281005480145, 0.9351255737340002, 0.021347242833625404], [-0.21654723589835648, 0.05965519152408577, 0.9744478194080001]], "trans": [306.283447805, 895.96477172, 669.63459745]}], "rb_4XMM.renamed.noAb_Nup120_2-711_3F7F_updated.pdb_0": [{"rot": [[-0.7501946326039998, -0.2887281884317548, -0.5948479187297091], [0.11240807284179394, 0.830841204878, -0.5450388219538743], [0.6515922332042821, -0.4757509069689624, -0.5908372332089998]], "trans": [275.187278217, 918.7629100080001, 653.096105656]}]}
