{"rb_ScNup133N_56-480_renamed.pdb_0": [{"rot": [[-0.4212022539779999, -0.447912641072582, 0.7886462624087155], [0.25983957405672964, -0.8926880243729998, -0.36822749339918587], [0.8689488230027528, 0.04982325870930632, 0.4923876378359998]], "trans": [290.513093552, 666.012854966, 786.063542779]}], "rb_ScNup84_437-726_ScNup133C_490_1155_renamed_relative_3I4R.pdb_0": [{"rot": [[-0.601086097949, 0.42457330425142403, 0.6770768140835077], [0.152223357724824, 0.8925237198149999, -0.42453440252890656], [-0.7845530907564033, -0.15211482138379256, -0.601113574044]], "trans": [424.999151386, 481.086181791, 690.683189496]}], "rb_4XMM.renamed.noAb_Nup145c_149-550_Sec13_Nup84_7-436_3IKO_updated.pdb_0": [{"rot": [[0.8752544407019999, 0.21168176209716713, -0.43487986344146523], [-0.47569134059927587, 0.5393241824240002, -0.6948720563755226], [0.08744948547757636, 0.8150584383025072, 0.572741066837]], "trans": [622.400715516, 521.945917378, 714.703415528]}], "rb_4XMM.renamed.noAb_Seh1_Nup85_47_544_3F3F.pdb_0": [{"rot": [[0.08880973444020006, -0.6519211788892103, 0.753068129444052], [-0.5687777582562192, 0.587473649192, 0.5756444850930692], [-0.8176825134376366, -0.47945123633247333, -0.3186248879129999]], "trans": [532.462070949, 645.635026068, 579.061690126]}], "rb_4XMM.renamed.noAb_Nup120_715-1036_Nup85_553-744_Nup145c_92-99_554-712_remaining_updated.pdb_0": [{"rot": [[-0.2789151018489999, 0.8848257952701478, -0.3732153238883853], [0.7521159421633073, -0.04037174520260001, -0.6577930766837674], [-0.5970996361616396, -0.46416961793491684, -0.6542312972349998]], "trans": [687.568718177, 551.259667278, 576.682807052]}], "rb_4XMM.renamed.noAb_Nup120_2-711_3F7F_updated.pdb_0": [{"rot": [[0.9871484813639999, -0.0021584074534278658, 0.1597911668960881], [-0.15879984084754134, -0.125263050281, 0.9793323127422555], [0.017902130810158706, -0.9921212171461531, -0.12399598461599999]], "trans": [532.957487542, 470.78969614000005, 462.1291395260001]}]}
