{"rb_ScNup133N_56-480_renamed.pdb_0": [{"rot": [[-0.888253008578, -0.39398433886884243, 0.23618410928386468], [0.3682398786675911, -0.30336444247500005, 0.8788454965468676], [-0.2746015012905231, 0.8676095641288849, 0.41454512386600006]], "trans": [310.226084206, 751.258891486, 453.6975460240001]}], "rb_ScNup84_437-726_ScNup133C_490_1155_renamed_relative_3I4R.pdb_0": [{"rot": [[0.89063026225, 0.18328779190338784, 0.4161530022764184], [0.44660690311007745, -0.5247647934389998, -0.724682127322973], [0.08555705732972685, 0.8312806366721796, -0.5492289987199999]], "trans": [523.12509131, 852.645898778, 589.829011724]}], "rb_4XMM.renamed.noAb_Nup145c_149-550_Sec13_Nup84_7-436_3IKO_updated.pdb_0": [{"rot": [[-0.612026685391, -0.3199639245163879, -0.7232194849265173], [-0.6884689231150181, 0.665561545772, 0.2881637914354148], [0.3891450607089252, 0.6742780700850779, -0.62762664533]], "trans": [509.27799602799996, 787.985454297, 714.846514171]}], "rb_4XMM.renamed.noAb_Seh1_Nup85_47_544_3F3F.pdb_0": [{"rot": [[-0.21416142211099992, -0.7593263309426976, 0.6144578166290141], [0.6049683062505298, 0.3907767972070001, 0.6937628147984038], [-0.7669082303064424, 0.5203047356134096, 0.37567904970400007]], "trans": [455.248361878, 851.678852492, 590.767953476]}], "rb_4XMM.renamed.noAb_Nup120_715-1036_Nup85_553-744_Nup145c_92-99_554-712_remaining_updated.pdb_0": [{"rot": [[-0.849509351052, 0.3773102956454837, -0.3687421907988394], [-0.1858250030214629, -0.868143982245, -0.4602120102125393], [-0.49376404357474557, -0.3224328874226555, 0.807610117805]], "trans": [559.227612233, 697.887833022, 545.883173698]}], "rb_4XMM.renamed.noAb_Nup120_2-711_3F7F_updated.pdb_0": [{"rot": [[-0.8401915115749999, -0.11037552259951569, -0.5309382900942446], [0.4739719408906605, -0.6251850951909999, -0.6200759598624676], [-0.26349349731190097, -0.7726324098573033, 0.5775901108159999]], "trans": [475.4309002890001, 775.747163055, 450.7473656540001]}]}
