{"rb_ScNup133N_56-480_renamed.pdb_0": [{"rot": [[0.5485226045110001, -0.7824988509245318, -0.29464979321604223], [0.521105290178617, 0.04434034901300002, 0.8523398441920129], [-0.653890074009637, -0.6210712372596181, 0.43208597450099995]], "trans": [763.22558241, 661.444466989, 430.86401248399994]}], "rb_ScNup84_437-726_ScNup133C_490_1155_renamed_relative_3I4R.pdb_0": [{"rot": [[-0.1847748225180001, -0.5551016469689011, 0.8109996464215354], [0.0730686919643053, 0.8151655856770003, 0.5746007606873654], [-0.9800608303661908, 0.16543043692225146, -0.11006152516500016]], "trans": [568.424569155, 504.49512808800006, 635.008251613]}], "rb_4XMM.renamed.noAb_Nup145c_149-550_Sec13_Nup84_7-436_3IKO_updated.pdb_0": [{"rot": [[-0.5692719156140003, -0.7958432336984534, 0.20630810325713247], [0.48663319859689513, -0.5284305360790001, -0.6956646451866125], [0.6626595023966092, -0.2956259730058398, 0.6881044019390001]], "trans": [458.7722188849999, 597.495095428, 640.462860688]}], "rb_4XMM.renamed.noAb_Seh1_Nup85_47_544_3F3F.pdb_0": [{"rot": [[0.9382183525469999, -0.3299879649934416, -0.10418380825963461], [-0.34215218368981165, -0.9296505454399998, -0.13668118582820354], [-0.05175138781024638, 0.1638835144930621, -0.9851213060009999]], "trans": [523.19433747, 431.22180195499993, 685.8619196]}], "rb_4XMM.renamed.noAb_Nup120_715-1036_Nup85_553-744_Nup145c_92-99_554-712_remaining_updated.pdb_0": [{"rot": [[-0.7683740130359998, -0.3822322468679703, 0.5133223992241289], [-0.34282427280729133, 0.9231056448179998, 0.17420529980255028], [-0.5404376874951495, -0.04212455292828103, -0.840328880841]], "trans": [492.975944389, 638.935085095, 640.921837764]}], "rb_4XMM.renamed.noAb_Nup120_2-711_3F7F_updated.pdb_0": [{"rot": [[0.904540220196, -0.06482259771207519, -0.4214321070749479], [-0.365287672197414, -0.627625293103, -0.687496478534958], [-0.2199361420693891, 0.7758121694606446, -0.591391216648]], "trans": [639.004129135, 360.361190672, 790.522192391]}]}
