{"rb_ScNup133N_56-480_renamed.pdb_0": [{"rot": [[0.16997254515299998, 0.18195547912582224, -0.9685047947792019], [0.5871462050931411, 0.770612758443, 0.24782112575322096], [0.7914345631440004, -0.6107767023560764, 0.024148542815299878]], "trans": [515.270668681, 970.888019009, 926.505396913]}], "rb_ScNup84_437-726_ScNup133C_490_1155_renamed_relative_3I4R.pdb_0": [{"rot": [[-0.044393529071000096, 0.9029568669989132, -0.42743199566261936], [0.12636027486738644, 0.4294927193810001, 0.8941862697079128], [0.9909905627764883, -0.014314340299876771, -0.13316457543100013]], "trans": [332.728853109, 779.717979338, 695.388921565]}], "rb_4XMM.renamed.noAb_Nup145c_149-550_Sec13_Nup84_7-436_3IKO_updated.pdb_0": [{"rot": [[-0.929397962536, -0.1922445839552385, 0.3150578473452282], [-0.1796389103082773, -0.510073608796, -0.8411627520956214], [0.32241167649014596, -0.8383715963400135, 0.439526765184]], "trans": [235.78962951900002, 731.048085721, 523.958256077]}], "rb_4XMM.renamed.noAb_Seh1_Nup85_47_544_3F3F.pdb_0": [{"rot": [[-0.20479074200200026, -0.9349845082347408, 0.28959406304568797], [0.8386317312303493, -0.01504047644650014, 0.5444911417478243], [-0.5047351497209771, 0.3543695153780895, 0.787187827146]], "trans": [282.810945512, 770.060374485, 588.747951866]}], "rb_4XMM.renamed.noAb_Nup120_715-1036_Nup85_553-744_Nup145c_92-99_554-712_remaining_updated.pdb_0": [{"rot": [[0.698723938134, 0.24526830702227392, -0.6720329722929833], [0.6570025422264179, -0.5917148453549999, 0.4671415216982243], [-0.2830768761070712, -0.7679303349633585, -0.57458722824]], "trans": [392.09196193900004, 715.518033947, 493.735477703]}], "rb_4XMM.renamed.noAb_Nup120_2-711_3F7F_updated.pdb_0": [{"rot": [[0.9789552313830002, -0.09764787411137485, 0.17919695206500033], [0.177869181120362, -0.02220861209459985, -0.9838035027160678], [0.10004603618049437, 0.9949732007598803, -0.0043726895854298495]], "trans": [308.530945535, 844.917937234, 819.5367452]}]}
