{"rb_ScNup133N_56-480_renamed.pdb_0": [{"rot": [[-0.976733374061, 0.10719676860227867, -0.18574382572953568], [0.1559966085027184, -0.23920235603500012, -0.9583565573433276], [-0.1471630868494685, -0.9650342406715601, 0.21691459194900015]], "trans": [215.15697847800004, 696.9723533610002, 654.43905382]}], "rb_ScNup84_437-726_ScNup133C_490_1155_renamed_relative_3I4R.pdb_0": [{"rot": [[0.9712744094489999, 0.19109796300444065, -0.14180123442710119], [0.2253969009518504, -0.5477275482109999, 0.8057237553728128], [0.0763037259299834, -0.8145404234697747, -0.5750666395669998]], "trans": [424.176396151, 499.788280671, 784.858702621]}], "rb_4XMM.renamed.noAb_Nup145c_149-550_Sec13_Nup84_7-436_3IKO_updated.pdb_0": [{"rot": [[-0.676201573099, -0.296514851051228, -0.6744111325033907], [-0.15143815797908386, -0.839934592207, 0.5211298927541604], [-0.7209839920874387, 0.4545204328961778, 0.523061429694]], "trans": [378.02418303, 408.85516638, 745.354902678]}], "rb_4XMM.renamed.noAb_Seh1_Nup85_47_544_3F3F.pdb_0": [{"rot": [[0.37619090840199987, -0.4104068625292141, 0.8306904403113142], [0.5537530949391619, -0.619222415624, -0.5567055863147754], [0.7428579341172696, 0.6694249824869887, -0.005681772726649825]], "trans": [331.521799458, 689.048184538, 739.381901362]}], "rb_4XMM.renamed.noAb_Nup120_715-1036_Nup85_553-744_Nup145c_92-99_554-712_remaining_updated.pdb_0": [{"rot": [[-0.13945643316999978, 0.9894588079741012, 0.0390278178991845], [-0.9865602527151084, -0.14222109917799985, 0.08044890745872735], [0.08515145923707199, -0.02728417620292118, 0.9959943788589999]], "trans": [475.902240505, 665.274907383, 682.35513444]}], "rb_4XMM.renamed.noAb_Nup120_2-711_3F7F_updated.pdb_0": [{"rot": [[0.37040109418500017, 0.07557863208847326, 0.9257920391741279], [0.8452588946088546, -0.44069295394499997, -0.3022037746750485], [0.3851498805804982, 0.8944705644764759, -0.227116663356]], "trans": [267.653492143, 642.287432521, 915.863887402]}]}
