{"rb_ScNup133N_56-480_renamed.pdb_0": [{"rot": [[0.37531226669700013, 0.9257924078833475, 0.04526720636745529], [-0.4707881173289237, 0.14833156123600008, 0.8696874706026174], [0.7984355021218982, -0.34771563877232303, 0.4915227192150001]], "trans": [480.704004494, 228.97012407, 831.753561408]}], "rb_ScNup84_437-726_ScNup133C_490_1155_renamed_relative_3I4R.pdb_0": [{"rot": [[-0.597023311463, -0.6243037934481974, -0.5037935480491429], [0.7223212291545291, -0.14511737340599995, -0.6761604764021879], [0.3490203539658453, -0.7675843415690121, 0.537586338271]], "trans": [506.384668908, 498.330205278, 718.438329488]}], "rb_4XMM.renamed.noAb_Nup145c_149-550_Sec13_Nup84_7-436_3IKO_updated.pdb_0": [{"rot": [[-0.5655072157280001, 0.5291965731577715, 0.6325761423873308], [0.7081553823842179, 0.704713588427, 0.04352829753853074], [-0.42274997736230246, 0.47257776634582827, -0.7732740208979999]], "trans": [477.58292857899994, 613.205169481, 703.892390713]}], "rb_4XMM.renamed.noAb_Seh1_Nup85_47_544_3F3F.pdb_0": [{"rot": [[-0.876749532604, -0.4514764637348974, 0.16576869358265262], [0.31449385075613506, -0.277410252181, 0.9078200095952125], [-0.3638734325493486, 0.8480640038807836, 0.38520588054500005]], "trans": [391.605150712, 500.867159609, 812.3184870159998]}], "rb_4XMM.renamed.noAb_Nup120_715-1036_Nup85_553-744_Nup145c_92-99_554-712_remaining_updated.pdb_0": [{"rot": [[0.02399917668410001, -0.9993493747776607, 0.026923347674164926], [-0.9934011813475809, -0.020817774604599992, 0.11278613903198717], [-0.11215227334172062, -0.029452459863493215, -0.9932544589340001]], "trans": [348.901358674, 487.92235908199996, 683.419302155]}], "rb_4XMM.renamed.noAb_Nup120_2-711_3F7F_updated.pdb_0": [{"rot": [[-0.46437746947700004, 0.2569688096240922, -0.8475379618179443], [-0.6840763750316384, 0.503725621524, 0.5275414783160023], [0.5624882922921252, 0.8247590733666633, -0.058132537650200045]], "trans": [639.01122192, 564.973401049, 833.511004853]}]}
