{"rb_ScNup133N_56-480_renamed.pdb_0": [{"rot": [[0.5815859149760001, 0.22388538301419741, -0.7820697914982492], [0.4043233415457002, -0.913780638213, 0.03908427699678382], [-0.7058898348771202, -0.3389399364188711, -0.621964034746]], "trans": [716.381617099, 660.722277186, 535.135322895]}], "rb_ScNup84_437-726_ScNup133C_490_1155_renamed_relative_3I4R.pdb_0": [{"rot": [[-0.601086097949, 0.42457330425142403, 0.6770768140835077], [0.152223357724824, 0.8925237198149999, -0.42453440252890656], [-0.7845530907564033, -0.15211482138379256, -0.601113574044]], "trans": [424.999151386, 481.086181791, 690.683189496]}], "rb_4XMM.renamed.noAb_Nup145c_149-550_Sec13_Nup84_7-436_3IKO_updated.pdb_0": [{"rot": [[0.8752544407019999, 0.21168176209716713, -0.43487986344146523], [-0.47569134059927587, 0.5393241824240002, -0.6948720563755226], [0.08744948547757636, 0.8150584383025072, 0.572741066837]], "trans": [622.400715516, 521.945917378, 714.703415528]}], "rb_4XMM.renamed.noAb_Seh1_Nup85_47_544_3F3F.pdb_0": [{"rot": [[0.499465929886, 0.034698821647524955, -0.8656383636712196], [0.1985552452743894, 0.968015649989, 0.1533672584041355], [0.8432731464105451, -0.24847875795054808, 0.4766012037230001]], "trans": [531.060536247, 580.486873217, 724.131913802]}], "rb_4XMM.renamed.noAb_Nup120_715-1036_Nup85_553-744_Nup145c_92-99_554-712_remaining_updated.pdb_0": [{"rot": [[-0.7425412509389998, 0.21153327276800307, 0.6355203892606457], [0.5879964559779141, -0.24852694408199993, 0.7697366600485358], [0.32076885511432995, 0.9452449590330116, 0.060160693241699925]], "trans": [526.587301786, 463.111599313, 790.304201194]}], "rb_4XMM.renamed.noAb_Nup120_2-711_3F7F_updated.pdb_0": [{"rot": [[-0.786580163449, 0.13256288759031917, -0.6030909776329446], [-0.37716199572474496, 0.6701815902020001, 0.6392225474240141], [0.4889176571258927, 0.730262772560696, -0.4771538615190001]], "trans": [553.2836244, 605.043958845, 769.132904884]}]}
