{"rb_ScNup133N_56-480_renamed.pdb_0": [{"rot": [[0.941372448333, 0.29300293549663675, -0.16723394783920784], [-0.3012885851086394, 0.50709815372, -0.8075126320850972], [-0.15179954546298, 0.8105558230523799, 0.565646670381]], "trans": [808.187505673, 606.263103316, 483.777241749]}], "rb_ScNup84_437-726_ScNup133C_490_1155_renamed_relative_3I4R.pdb_0": [{"rot": [[-0.1847748225180001, -0.5551016469689011, 0.8109996464215354], [0.0730686919643053, 0.8151655856770003, 0.5746007606873654], [-0.9800608303661908, 0.16543043692225146, -0.11006152516500016]], "trans": [568.424569155, 504.49512808800006, 635.008251613]}], "rb_4XMM.renamed.noAb_Nup145c_149-550_Sec13_Nup84_7-436_3IKO_updated.pdb_0": [{"rot": [[-0.5993546054839999, 0.7986209439044496, -0.05457696256008276], [0.7843809555390131, 0.5995378532789998, 0.15906250052514906], [0.15975159928095692, 0.0525257122062546, -0.9857588326179999]], "trans": [530.186825649, 559.917662863, 790.090280594]}], "rb_4XMM.renamed.noAb_Seh1_Nup85_47_544_3F3F.pdb_0": [{"rot": [[0.866972103439, -0.4803489382326279, 0.1327564288362068], [-0.4980710227534332, -0.8261476840359999, 0.26344878146482775], [-0.016870926231387348, -0.29452487450254605, -0.9554948823239998]], "trans": [353.430316834, 437.507362081, 645.750606292]}], "rb_4XMM.renamed.noAb_Nup120_715-1036_Nup85_553-744_Nup145c_92-99_554-712_remaining_updated.pdb_0": [{"rot": [[-0.177788571026, -0.06005045706804257, 0.9822347818207481], [0.8937196236910848, 0.4079288916160001, 0.18670632987236319], [-0.4118937463011535, 0.91103675117465, -0.018856822827300057]], "trans": [389.015561996, 564.158547982, 799.245917967]}], "rb_4XMM.renamed.noAb_Nup120_2-711_3F7F_updated.pdb_0": [{"rot": [[-0.1356788102730001, -0.9868965728344834, 0.08732934770427808], [0.9505264162723552, -0.15452495273200006, -0.269483897388335], [0.2794472980927473, 0.046445597323369364, 0.9590370243520001]], "trans": [266.213881508, 490.20578273500007, 620.464821291]}]}
