{"rb_ScNup133N_56-480_renamed.pdb_0": [{"rot": [[-0.5443332850769999, -0.5619937177818556, 0.6227875528067413], [-0.4288414885350756, -0.4516444714150001, -0.7823760279758613], [0.7209689677567974, -0.6929504546603552, 0.004838896331260001]], "trans": [390.128314443, 501.94481248, 877.395028058]}], "rb_ScNup84_437-726_ScNup133C_490_1155_renamed_relative_3I4R.pdb_0": [{"rot": [[0.5109707573990001, 0.34659176771299394, 0.786627632133956], [-0.8341573592629197, 0.4209148719470001, 0.3563876689243792], [-0.20758223688602223, -0.8382749054620582, 0.504187264617]], "trans": [508.57687775399995, 463.308208141, 742.868675941]}], "rb_4XMM.renamed.noAb_Nup145c_149-550_Sec13_Nup84_7-436_3IKO_updated.pdb_0": [{"rot": [[0.8752544407019999, 0.21168176209716713, -0.43487986344146523], [-0.47569134059927587, 0.5393241824240002, -0.6948720563755226], [0.08744948547757636, 0.8150584383025072, 0.572741066837]], "trans": [622.400715516, 521.945917378, 714.703415528]}], "rb_4XMM.renamed.noAb_Seh1_Nup85_47_544_3F3F.pdb_0": [{"rot": [[0.963723930665, 0.21433255180580993, -0.1590526412858717], [0.20724030151627945, -0.225392000012, 0.9519715876842293], [0.16818930670837534, -0.9503999177014909, -0.261634006853]], "trans": [513.857450416, 525.173443394, 529.359572001]}], "rb_4XMM.renamed.noAb_Nup120_715-1036_Nup85_553-744_Nup145c_92-99_554-712_remaining_updated.pdb_0": [{"rot": [[-0.6439662216170001, 0.6845182475797107, 0.34167568562414097], [-0.24221740021127758, 0.24121077799499996, -0.9397595924564627], [-0.725698447325895, -0.6879332302698052, 0.010470637007200023]], "trans": [526.373791529, 522.098191114, 552.330116819]}], "rb_4XMM.renamed.noAb_Nup120_2-711_3F7F_updated.pdb_0": [{"rot": [[-0.33894151896200014, 0.6258247399765529, -0.7024685342113285], [0.8828890196487744, 0.4695185146320002, -0.00770346684204648], [0.32500096262527955, -0.6228127802566679, -0.7116731096800001]], "trans": [579.128434175, 578.585566632, 614.162181642]}]}
