{"rb_ScNup133N_56-480_renamed.pdb_0": [{"rot": [[-0.12125572609599983, -0.8422821029641061, 0.5252217702221559], [0.9712001490963116, -0.21000247275699996, -0.11255768224003057], [0.20510319179436012, 0.4964471980606887, 0.843488506296]], "trans": [538.00950705, 804.476127928, 566.453512242]}], "rb_ScNup84_437-726_ScNup133C_490_1155_renamed_relative_3I4R.pdb_0": [{"rot": [[0.646475050906, 0.004582124966022533, 0.7629213673026076], [0.2770336238393568, -0.9331371631780001, -0.22914494530438223], [0.7108603096379191, 0.35949136126882153, -0.604519297752]], "trans": [549.585654618, 615.962608733, 651.443445129]}], "rb_4XMM.renamed.noAb_Nup145c_149-550_Sec13_Nup84_7-436_3IKO_updated.pdb_0": [{"rot": [[0.24677940885699995, 0.5386075665769581, -0.8056064874305802], [0.1439481626638748, -0.8424691220930001, -0.5191576877843036], [-0.9583208491052901, 0.01215185359924742, -0.28543560153599984]], "trans": [652.214742122, 704.449453254, 583.125187505]}], "rb_4XMM.renamed.noAb_Seh1_Nup85_47_544_3F3F.pdb_0": [{"rot": [[-0.8356256063730001, -0.4940024293379942, 0.24019043649137273], [-0.5364099272095363, 0.6397004968129999, -0.5504976515556275], [0.11829723566007816, -0.5888504684428477, -0.7995379227089999]], "trans": [426.623047002, 888.178934184, 565.095322959]}], "rb_4XMM.renamed.noAb_Nup120_715-1036_Nup85_553-744_Nup145c_92-99_554-712_remaining_updated.pdb_0": [{"rot": [[0.019980653453500086, 0.570593940122008, 0.8209892380437233], [0.8781253288835004, -0.402615846231, 0.25844997027846606], [0.4780132636871234, 0.7157674453757575, -0.5090975190269998]], "trans": [567.985196722, 815.190075918, 724.496103174]}], "rb_4XMM.renamed.noAb_Nup120_2-711_3F7F_updated.pdb_0": [{"rot": [[0.6874593228670002, -0.4142745527590523, -0.5964698436128462], [-0.4989564586746898, 0.32734502889799993, -0.8024261239532151], [0.5276761618171306, 0.8492478006989803, 0.018331428146399934]], "trans": [464.9982766250001, 944.183085444, 732.866946462]}]}
