{"rb_ScNup133N_56-480_renamed.pdb_0": [{"rot": [[0.9835303515619997, -0.05989002909892862, -0.17053220215213966], [0.16046165918234134, 0.7235776389249999, 0.6713325974360044], [0.08318715939842437, -0.6876398656726147, 0.7212706230319998]], "trans": [774.208175504, 446.190978071, 641.072049529]}], "rb_ScNup84_437-726_ScNup133C_490_1155_renamed_relative_3I4R.pdb_0": [{"rot": [[-0.603072789495, -0.6786547672916866, -0.41920271635926487], [0.23731931613198406, -0.654373813793, 0.717965496394257], [-0.761565987135302, 0.333500552704596, 0.55569292652]], "trans": [587.57246608, 506.868744185, 625.261454348]}], "rb_4XMM.renamed.noAb_Nup145c_149-550_Sec13_Nup84_7-436_3IKO_updated.pdb_0": [{"rot": [[-0.24305992531700005, -0.3983201307022137, 0.8844562997583691], [-0.12312281778595549, -0.8917565154570001, -0.43544355418404784], [0.9621656013625415, -0.2147356295945338, 0.1677079751749999]], "trans": [495.4337327090001, 496.353423654, 685.960122751]}], "rb_4XMM.renamed.noAb_Seh1_Nup85_47_544_3F3F.pdb_0": [{"rot": [[0.518504093822, -0.7460500956613325, 0.4178070840155097], [0.02575677429043005, -0.47477149779999983, -0.8797321259649988], [0.8546871318020286, 0.4669060715395135, -0.2269551213159999]], "trans": [497.814783615, 447.96105702700004, 659.719564188]}], "rb_4XMM.renamed.noAb_Nup120_715-1036_Nup85_553-744_Nup145c_92-99_554-712_remaining_updated.pdb_0": [{"rot": [[0.3518184593700001, -0.6608655872519931, 0.6629332147604298], [0.698955771685462, 0.6565462070880003, 0.28356288047969413], [-0.6226432372346945, 0.36359834095391486, 0.6929008916010001]], "trans": [505.738208861, 600.305600445, 644.641484559]}], "rb_4XMM.renamed.noAb_Nup120_2-711_3F7F_updated.pdb_0": [{"rot": [[-0.7682622556879999, -0.13446263534262085, 0.625853741845412], [-0.36122255725188224, 0.8982203843109999, -0.25043642973938546], [-0.5284802461943083, -0.4184733455130886, -0.7386397555489999]], "trans": [587.677313223, 636.24685379, 550.343201836]}]}
