{"rb_ScNup133N_56-480_renamed.pdb_0": [{"rot": [[-0.35051355870100004, -0.6108300815886898, 0.7099484886899298], [-0.9361865372229334, 0.20717901882600004, -0.2839570771803882], [0.02636309331800113, -0.7641750228741128, -0.6444699540910002]], "trans": [394.491028121, 246.354478448, 789.136728935]}], "rb_ScNup84_437-726_ScNup133C_490_1155_renamed_relative_3I4R.pdb_0": [{"rot": [[0.755449985333, -0.5704749584817381, 0.3222633106725452], [0.15218488614188447, -0.325621776098, -0.933172127402424], [0.6372872822286286, 0.7540084752017336, -0.15917329937399993]], "trans": [574.849935521, 556.760589897, 666.292863079]}], "rb_4XMM.renamed.noAb_Nup145c_149-550_Sec13_Nup84_7-436_3IKO_updated.pdb_0": [{"rot": [[-0.443993936316, -0.8580387690188602, 0.25814502779488674], [0.4883393816320802, -0.47327023594400003, -0.7331711479025265], [0.751261627438685, -0.19946116070581177, 0.629143236877]], "trans": [459.026047258, 705.388502633, 635.552377385]}], "rb_4XMM.renamed.noAb_Seh1_Nup85_47_544_3F3F.pdb_0": [{"rot": [[-0.1943903834050002, 0.6192804403253359, 0.7607260446902784], [0.796814684322121, 0.5519923400570002, -0.2457454279677161], [-0.5721002863906781, 0.5583871351928296, -0.6007537511850001]], "trans": [631.053717899, 789.821280032, 633.239393516]}], "rb_4XMM.renamed.noAb_Nup120_715-1036_Nup85_553-744_Nup145c_92-99_554-712_remaining_updated.pdb_0": [{"rot": [[0.48964846817200003, 0.8376961080876809, 0.24188759395960485], [-0.8359928970555374, 0.529859516302, -0.14270518230569051], [-0.2477100193563107, -0.1323409365198962, 0.959752896756]], "trans": [676.3250319680001, 734.873551791, 578.048808887]}], "rb_4XMM.renamed.noAb_Nup120_2-711_3F7F_updated.pdb_0": [{"rot": [[0.5104912138570001, -0.5501408868859433, 0.6608658904431021], [0.00842984986329387, 0.771718230726, 0.6359087277246749], [-0.8598416471688778, -0.31905481808222247, 0.3985929814390001]], "trans": [394.633218329, 791.052230029, 552.8090303049999]}]}
