{"rb_ScNup133N_56-480_renamed.pdb_0": [{"rot": [[-0.563912044244, -0.20874161000199298, -0.7990182392225654], [0.5644360015358074, 0.608851605757, -0.5574152153802339], [0.6028392874778675, -0.7653278136987434, -0.22551747394000002]], "trans": [478.043074524, 723.314453704, 893.862467601]}], "rb_ScNup84_437-726_ScNup133C_490_1155_renamed_relative_3I4R.pdb_0": [{"rot": [[-0.859581620254, -0.5093761435348456, -0.040686392308443176], [0.21563733283948366, -0.4337697370179999, 0.8748396172631924], [-0.4632709561448698, 0.7432225505492306, 0.4827010063669999]], "trans": [575.530426605, 507.434832216, 636.231595235]}], "rb_4XMM.renamed.noAb_Nup145c_149-550_Sec13_Nup84_7-436_3IKO_updated.pdb_0": [{"rot": [[0.5489386521829999, 0.27462614161708915, 0.7894598396878855], [0.49716687240815144, -0.8665251942909998, -0.044262722903608887], [0.6719311401620022, 0.41679079884212333, -0.6122041921459999]], "trans": [620.413468857, 471.99249187, 725.513282972]}], "rb_4XMM.renamed.noAb_Seh1_Nup85_47_544_3F3F.pdb_0": [{"rot": [[0.81537825697, 0.1873223612628906, -0.5477852051958502], [0.5598917230467546, -0.495804066105, 0.6638520817904278], [-0.1472397925979958, -0.8479909557328095, -0.5091480948320001]], "trans": [646.286838206, 388.06361738, 472.917958429]}], "rb_4XMM.renamed.noAb_Nup120_715-1036_Nup85_553-744_Nup145c_92-99_554-712_remaining_updated.pdb_0": [{"rot": [[0.4215572574880001, -0.8938035316107793, 0.1529860305364339], [-0.34609510061799753, -0.002649425895550034, 0.9381956948689554], [-0.8381573002649408, -0.4484509197476605, -0.31045790791999994]], "trans": [539.435944718, 418.403156842, 521.335591151]}], "rb_4XMM.renamed.noAb_Nup120_2-711_3F7F_updated.pdb_0": [{"rot": [[-0.786102304356, -0.10008735488586332, -0.6099390858750879], [-0.5938326753738384, 0.39606885435999994, 0.7003514947969387], [0.17148154636734567, 0.9127496830993196, -0.37078578081900004]], "trans": [673.581298331, 497.377911, 750.8843286629999]}]}
