{"rb_ScNup133N_56-480_renamed.pdb_0": [{"rot": [[0.6835407481309999, 0.5101130096719145, -0.5220696917155545], [0.32146713621805145, -0.8525363151729999, -0.4121173517858816], [-0.655309793896198, 0.11387075425544768, -0.746727879049]], "trans": [770.895915397, 689.343955976, 608.985007551]}], "rb_ScNup84_437-726_ScNup133C_490_1155_renamed_relative_3I4R.pdb_0": [{"rot": [[0.33733091783399993, 0.9396951088091354, 0.05639994994198233], [-0.6073131151774029, 0.17145318496899986, 0.7757413135172732], [0.7192903669637107, -0.2959339585856494, 0.6285256240989999]], "trans": [486.984835361, 505.917571971, 667.709055056]}], "rb_4XMM.renamed.noAb_Nup145c_149-550_Sec13_Nup84_7-436_3IKO_updated.pdb_0": [{"rot": [[0.8550167521579998, 0.31789155361357424, 0.4097454254416189], [0.14429373667741047, -0.9047257204089999, 0.4008125352157613], [0.49812214474449473, -0.28357773356094773, -0.8194254071869999]], "trans": [476.955942879, 420.936877208, 793.282755103]}], "rb_4XMM.renamed.noAb_Seh1_Nup85_47_544_3F3F.pdb_0": [{"rot": [[-0.6908277452589999, -0.08996086158067712, 0.7174009128541923], [-0.606227399184569, 0.6127894290520001, -0.5069294389952481], [-0.39401188669668225, -0.7851090109187298, -0.47786867873500005]], "trans": [391.57087286, 511.44727507, 624.606930517]}], "rb_4XMM.renamed.noAb_Nup120_715-1036_Nup85_553-744_Nup145c_92-99_554-712_remaining_updated.pdb_0": [{"rot": [[0.330417242949, -0.8778030989277315, 0.3468229592671928], [0.31307097992682525, 0.448589447754, 0.8371105475929799], [-0.8903993525882861, -0.16801555546029862, 0.4230363649069999]], "trans": [318.429228244, 537.604596112, 690.118150553]}], "rb_4XMM.renamed.noAb_Nup120_2-711_3F7F_updated.pdb_0": [{"rot": [[0.6300495992039999, -0.09834666653825663, -0.7703021716986729], [-0.4188279659832993, -0.878342404934, -0.2304295002924962], [-0.6539270887898521, 0.46780610606913864, -0.5945896144999999]], "trans": [522.013385064, 311.903007103, 865.533230235]}]}
