{"rb_ScNup133N_56-480_renamed.pdb_0": [{"rot": [[0.16997254515299998, 0.18195547912582224, -0.9685047947792019], [0.5871462050931411, 0.770612758443, 0.24782112575322096], [0.7914345631440004, -0.6107767023560764, 0.024148542815299878]], "trans": [515.270668681, 970.888019009, 926.505396913]}], "rb_ScNup84_437-726_ScNup133C_490_1155_renamed_relative_3I4R.pdb_0": [{"rot": [[-0.044393529071000096, 0.9029568669989132, -0.42743199566261936], [0.12636027486738644, 0.4294927193810001, 0.8941862697079128], [0.9909905627764883, -0.014314340299876771, -0.13316457543100013]], "trans": [332.728853109, 779.717979338, 695.388921565]}], "rb_4XMM.renamed.noAb_Nup145c_149-550_Sec13_Nup84_7-436_3IKO_updated.pdb_0": [{"rot": [[-0.651970379849, -0.604480578895056, -0.4577530486389453], [0.5180566859695914, 0.0857085296947, -0.8510413139558953], [0.5536712868857793, -0.7919957560973864, 0.25727578277399993]], "trans": [297.687431564, 890.045467766, 676.542877127]}], "rb_4XMM.renamed.noAb_Seh1_Nup85_47_544_3F3F.pdb_0": [{"rot": [[0.5558884390559999, 0.731080825229897, 0.39561201991984096], [-0.5263770068827638, -0.05876027075569995, 0.8482184136210789], [0.6433624872099917, -0.6797558808586284, 0.3521599813850001]], "trans": [602.308268451, 836.1477191840002, 594.364054905]}], "rb_4XMM.renamed.noAb_Nup120_715-1036_Nup85_553-744_Nup145c_92-99_554-712_remaining_updated.pdb_0": [{"rot": [[0.23039960246799995, -0.28989863033560587, -0.9289105486063377], [-0.8821437378300598, -0.46519066782600005, -0.07362111364826368], [-0.4107778584463847, 0.8363948987751777, -0.362912006295]], "trans": [465.89530205, 778.845079574, 721.876697568]}], "rb_4XMM.renamed.noAb_Nup120_2-711_3F7F_updated.pdb_0": [{"rot": [[0.6874593228670002, -0.4142745527590523, -0.5964698436128462], [-0.4989564586746898, 0.32734502889799993, -0.8024261239532151], [0.5276761618171306, 0.8492478006989803, 0.018331428146399934]], "trans": [464.9982766250001, 944.183085444, 732.866946462]}]}
