{"rb_ScNup133N_56-480_renamed.pdb_0": [{"rot": [[0.4658965506369998, -0.6950812898570479, -0.5475421486928729], [-0.3229967295526447, -0.709699280722, 0.6260990685514327], [-0.8237800172393364, -0.1148430730751252, -0.5551554302750001]], "trans": [648.862094707, 363.644660703, 615.3478617189999]}], "rb_ScNup84_437-726_ScNup133C_490_1155_renamed_relative_3I4R.pdb_0": [{"rot": [[-0.6928295501689998, -0.41485122143872977, -0.5898183436308293], [-0.173328211043117, -0.6981542375249999, 0.6946495460895936], [-0.6999603886429673, 0.5835058908842992, 0.4117964662719999]], "trans": [536.106348845, 499.436629242, 696.586308128]}], "rb_4XMM.renamed.noAb_Nup145c_149-550_Sec13_Nup84_7-436_3IKO_updated.pdb_0": [{"rot": [[-0.5655072157280001, 0.5291965731577715, 0.6325761423873308], [0.7081553823842179, 0.704713588427, 0.04352829753853074], [-0.42274997736230246, 0.47257776634582827, -0.7732740208979999]], "trans": [477.58292857899994, 613.205169481, 703.892390713]}], "rb_4XMM.renamed.noAb_Seh1_Nup85_47_544_3F3F.pdb_0": [{"rot": [[0.17548795984199994, -0.45275796418907177, -0.8741934578878177], [-0.2459488836788738, -0.8799789200239999, 0.40638189788733253], [-0.9532644557349279, 0.14369177490991542, -0.26578102124799974]], "trans": [368.70182918399996, 429.98647954, 686.274691229]}], "rb_4XMM.renamed.noAb_Nup120_715-1036_Nup85_553-744_Nup145c_92-99_554-712_remaining_updated.pdb_0": [{"rot": [[0.3784364491779999, 0.4887415372544571, 0.7860773267915169], [0.9042472376362339, -0.3766745497380001, -0.20112985061127847], [0.19779481075292976, 0.7869231178087381, -0.5844905640790001]], "trans": [528.433173038, 500.14350922100004, 774.575630891]}], "rb_4XMM.renamed.noAb_Nup120_2-711_3F7F_updated.pdb_0": [{"rot": [[0.5180100097600001, 0.27187953150164557, 0.8110161219968999], [-0.664253474500187, 0.725225342357, 0.18115055732070365], [-0.5389183160766333, -0.6325580788778354, 0.556270910118]], "trans": [508.79424516, 640.54946604, 450.48115323]}]}
