{"rb_ScNup133N_56-480_renamed.pdb_0": [{"rot": [[0.10518166741400009, -0.8609313771060899, 0.49772882250701733], [0.5844137135700102, -0.3514446235959999, -0.7314009078041781], [0.8046101094513545, 0.3678095165431112, 0.4661745717099999]], "trans": [553.645701435, 884.0417755880001, 791.9304276310002]}], "rb_ScNup84_437-726_ScNup133C_490_1155_renamed_relative_3I4R.pdb_0": [{"rot": [[0.208395957232, -0.5397185340834258, 0.8156439351679116], [-0.14172527882547087, -0.841815936081, -0.5208261467149209], [0.9677215872094623, -0.007059300737866481, -0.25192279754300007]], "trans": [566.578983941, 744.907097, 642.748457736]}], "rb_4XMM.renamed.noAb_Nup145c_149-550_Sec13_Nup84_7-436_3IKO_updated.pdb_0": [{"rot": [[0.28923716576400005, 0.7178298577234512, -0.633294684409666], [-0.23356175988221917, 0.6944976598719999, 0.6805306053022424], [0.9283268639124526, -0.04892132247850384, 0.36853213963699993]], "trans": [649.427819356, 722.584187759, 663.928671595]}], "rb_4XMM.renamed.noAb_Seh1_Nup85_47_544_3F3F.pdb_0": [{"rot": [[-0.74650824513, 0.3874253723579172, 0.5409501093504436], [-0.20888041074720454, -0.9083530281609999, 0.3623033952874587], [0.6317391977382809, 0.15746859078581565, 0.759018595923]], "trans": [595.609805065, 498.021694528, 703.938359929]}], "rb_4XMM.renamed.noAb_Nup120_715-1036_Nup85_553-744_Nup145c_92-99_554-712_remaining_updated.pdb_0": [{"rot": [[-0.2741938050849999, -0.9090980998465746, -0.3136214312006699], [-0.5207921307707318, -0.133788789376, 0.8431346964540037], [-0.8084511820637595, 0.394513884030273, -0.4367670792620001]], "trans": [417.49318132999997, 590.153685376, 662.214120792]}], "rb_4XMM.renamed.noAb_Nup120_2-711_3F7F_updated.pdb_0": [{"rot": [[-0.005290458415070018, -0.728768160526241, -0.6847400815294498], [-0.576510749194487, 0.561720716387, -0.5933845235973776], [0.817072436882416, 0.3916207412597992, -0.42311443830500006]], "trans": [437.55197013799994, 827.536566259, 724.756884471]}]}
