{"rb_ScNup133N_56-480_renamed.pdb_0": [{"rot": [[-0.690952460289, 0.45196983086273657, -0.5641878850263334], [-0.13505013939607127, 0.6860063588030001, 0.7149522610153431], [0.7101733291737163, 0.5701916762561157, -0.4129591927280001]], "trans": [195.455876981, 605.233828366, 981.51957226]}], "rb_ScNup84_437-726_ScNup133C_490_1155_renamed_relative_3I4R.pdb_0": [{"rot": [[-0.952970096267, -0.1213327866868614, 0.277716312980828], [0.1847849769581071, -0.9589457025519998, 0.21512241130956822], [0.24021346321856407, 0.2563230275099212, 0.936267054668]], "trans": [309.066542064, 786.979555743, 676.237884109]}], "rb_4XMM.renamed.noAb_Nup145c_149-550_Sec13_Nup84_7-436_3IKO_updated.pdb_0": [{"rot": [[-0.455299634113, -0.8903371876017889, -0.0013912404196670392], [-0.3184527969494139, 0.16139041213000005, 0.934099004917361], [-0.8314385481150508, 0.4257379795670639, -0.35701136321199994]], "trans": [263.078591318, 641.316055151, 559.733628245]}], "rb_4XMM.renamed.noAb_Seh1_Nup85_47_544_3F3F.pdb_0": [{"rot": [[-0.33210357275800007, -0.8793244358726787, -0.34131474248641447], [-0.6667953293307486, 0.4747974982630001, -0.5744138964421868], [0.6671515612992827, 0.036822168871374295, -0.744011372316]], "trans": [439.136144604, 843.643277749, 560.186671448]}], "rb_4XMM.renamed.noAb_Nup120_715-1036_Nup85_553-744_Nup145c_92-99_554-712_remaining_updated.pdb_0": [{"rot": [[0.11124710674600002, -0.5751284858231527, -0.8104636364670608], [-0.23065815212395038, 0.7783128204440001, -0.583974289152588], [0.9666544874459586, 0.2519054948334267, -0.04607302435609995]], "trans": [435.194623617, 885.047461242, 608.5690767599999]}], "rb_4XMM.renamed.noAb_Nup120_2-711_3F7F_updated.pdb_0": [{"rot": [[-0.746127334857, 0.12741124835262346, 0.6534985646291936], [0.31794302190853485, -0.794192839765, 0.5178512992024583], [0.5849839613176239, 0.5941583181772608, 0.55205946957]], "trans": [480.270047728, 599.6476918010001, 634.475108545]}]}
