{"rb_ScNup133N_56-480_renamed.pdb_0": [{"rot": [[0.4658965506369998, -0.6950812898570479, -0.5475421486928729], [-0.3229967295526447, -0.709699280722, 0.6260990685514327], [-0.8237800172393364, -0.1148430730751252, -0.5551554302750001]], "trans": [648.862094707, 363.644660703, 615.3478617189999]}], "rb_ScNup84_437-726_ScNup133C_490_1155_renamed_relative_3I4R.pdb_0": [{"rot": [[-0.6928295501689998, -0.41485122143872977, -0.5898183436308293], [-0.173328211043117, -0.6981542375249999, 0.6946495460895936], [-0.6999603886429673, 0.5835058908842992, 0.4117964662719999]], "trans": [536.106348845, 499.436629242, 696.586308128]}], "rb_4XMM.renamed.noAb_Nup145c_149-550_Sec13_Nup84_7-436_3IKO_updated.pdb_0": [{"rot": [[-0.5692719156140003, -0.7958432336984534, 0.20630810325713247], [0.48663319859689513, -0.5284305360790001, -0.6956646451866125], [0.6626595023966092, -0.2956259730058398, 0.6881044019390001]], "trans": [458.7722188849999, 597.495095428, 640.462860688]}], "rb_4XMM.renamed.noAb_Seh1_Nup85_47_544_3F3F.pdb_0": [{"rot": [[0.685942138486, 0.015774302688511616, 0.7274850885234312], [0.06353708023347046, 0.99464802136, -0.08147608876254792], [-0.7248768323547516, 0.10211016099942388, 0.6812687376770001]], "trans": [602.1534595, 773.705027674, 644.214956446]}], "rb_4XMM.renamed.noAb_Nup120_715-1036_Nup85_553-744_Nup145c_92-99_554-712_remaining_updated.pdb_0": [{"rot": [[-0.634912647849, 0.7490164443596592, -0.18936814853661404], [0.47107301554114067, 0.18104521957000003, -0.8633150308548013], [-0.6123529567417372, -0.6373358569464486, -0.46778933487200003]], "trans": [611.183637569, 677.605133919, 544.735203399]}], "rb_4XMM.renamed.noAb_Nup120_2-711_3F7F_updated.pdb_0": [{"rot": [[-0.3048593166689999, 0.3695040661365639, -0.8777969823077862], [-0.9520779651550044, -0.09436846356719991, 0.2909332248992407], [0.024664657030182502, 0.9244248688738916, 0.380565784722]], "trans": [591.02734342, 491.972618259, 843.456382283]}]}
