{"rb_ScNup133N_56-480_renamed.pdb_0": [{"rot": [[-0.601019017034, -0.15212183743760904, -0.7846241697386656], [0.7513613997967865, -0.4422065602279999, -0.4898054766810329], [-0.27245584607216294, -0.8839187206219392, 0.3800730288709999]], "trans": [462.25460473499993, 821.861003813, 577.885663168]}], "rb_ScNup84_437-726_ScNup133C_490_1155_renamed_relative_3I4R.pdb_0": [{"rot": [[0.16449994943099996, -0.06121680593784693, -0.984475631647613], [0.14076211514548445, 0.989314026142, -0.03799716592688783], [0.976281615916723, -0.13232634034641044, 0.17135911435799991]], "trans": [593.414062939, 506.98180854200007, 657.984794408]}], "rb_4XMM.renamed.noAb_Nup145c_149-550_Sec13_Nup84_7-436_3IKO_updated.pdb_0": [{"rot": [[-0.6921387854900001, 0.5870565266907541, 0.41989110027507826], [0.5385280882133348, 0.8073752768810001, -0.24110715561056997], [-0.48055322267748735, 0.059243537631683135, -0.8749621725670003]], "trans": [526.237915271, 582.658599629, 677.332030579]}], "rb_4XMM.renamed.noAb_Seh1_Nup85_47_544_3F3F.pdb_0": [{"rot": [[0.939355974197, -0.33996330305756073, 0.04511436926964789], [-0.2614865790003389, -0.7951277997740002, -0.5471714091847792], [0.22188988878068455, 0.5021919300434354, -0.8358038900700001]], "trans": [470.80859908, 442.628632562, 679.008158413]}], "rb_4XMM.renamed.noAb_Nup120_715-1036_Nup85_553-744_Nup145c_92-99_554-712_remaining_updated.pdb_0": [{"rot": [[-0.2850414827329998, 0.9572121282899853, 0.04996293201894375], [-0.016193942951244822, 0.04730872440769984, -0.998749037950279], [-0.9583783748254467, -0.28549400352629634, 0.0020160896463899958]], "trans": [571.07857065, 517.825635431, 577.119773806]}], "rb_4XMM.renamed.noAb_Nup120_2-711_3F7F_updated.pdb_0": [{"rot": [[-0.8114615748860001, 0.5533442845017802, -0.18798993401973854], [-0.11431537683359178, 0.165169757696, 0.9796177549238472], [0.5731161375349036, 0.8164123063451811, -0.07077315130199996]], "trans": [494.504111386, 482.243401969, 867.6121495480002]}]}
