{"rb_ScNup133N_56-480_renamed.pdb_0": [{"rot": [[-0.805085273373, -0.5285495750091755, -0.26920818961454684], [-0.30497040055596664, 0.75811676836, -0.5764130639707288], [0.5087541227180918, -0.38196113976294765, -0.7715406213080002]], "trans": [424.99356497, 454.705608924, 898.702081364]}], "rb_ScNup84_437-726_ScNup133C_490_1155_renamed_relative_3I4R.pdb_0": [{"rot": [[0.5512698231390001, 0.026461869127346493, 0.8339072799649749], [-0.8336610412608588, -0.022457223798699966, 0.5518196638242571], [0.03332942213955242, -0.999397539811632, 0.009680239578710004]], "trans": [512.999636731, 463.685860653, 736.827953637]}], "rb_4XMM.renamed.noAb_Nup145c_149-550_Sec13_Nup84_7-436_3IKO_updated.pdb_0": [{"rot": [[-0.6643525815259999, 0.12980819159261103, -0.7360607860871244], [-0.6676453978389761, -0.545760637071, 0.5063545692183408], [-0.3359840326030017, 0.8278255615884981, 0.449243329852]], "trans": [432.479758733, 380.75581611000007, 727.107927893]}], "rb_4XMM.renamed.noAb_Seh1_Nup85_47_544_3F3F.pdb_0": [{"rot": [[0.49705254276900007, -0.3275354847704387, 0.8035292626551102], [-0.8379077911886296, 0.05947470082379983, 0.5425617876586142], [-0.22549790063826125, -0.94296514579178, -0.24488248330500012]], "trans": [298.306700064, 594.401313359, 535.85729204]}], "rb_4XMM.renamed.noAb_Nup120_715-1036_Nup85_553-744_Nup145c_92-99_554-712_remaining_updated.pdb_0": [{"rot": [[0.3503971945019999, 0.907607354777101, -0.23123731454858426], [0.11541370504370241, -0.28684963031199995, -0.9509978792184313], [-0.9294630077486745, 0.3065390336390819, -0.20526163324499994]], "trans": [440.91942421299996, 528.648649065, 635.460084087]}], "rb_4XMM.renamed.noAb_Nup120_2-711_3F7F_updated.pdb_0": [{"rot": [[0.895616214383, 0.36741069433376333, -0.2507607988172118], [0.43531209025450085, -0.8398967193809999, 0.3241556491121067], [-0.09151492016344423, -0.3994782628156579, -0.912163437617]], "trans": [360.018647424, 373.5916142710001, 554.392928196]}]}
