{"rb_ScNup133N_56-480_renamed.pdb_0": [{"rot": [[0.19847743427999998, -0.973335433453076, -0.11499931332986763], [-0.9748604705337219, -0.183929177658, -0.1257661345387628], [0.10126090594300732, 0.13707002440637664, -0.9853720299139999]], "trans": [634.139688359, 226.82166974299997, 824.536028415]}], "rb_ScNup84_437-726_ScNup133C_490_1155_renamed_relative_3I4R.pdb_0": [{"rot": [[0.4337467574509999, -0.8985387193867359, -0.06702178872268244], [-0.41191378065352835, -0.13158542524499997, -0.9016719542997937], [0.8013680725537176, 0.4187044848409638, -0.42719523249399993]], "trans": [600.403412193, 508.675764655, 654.713734762]}], "rb_4XMM.renamed.noAb_Nup145c_149-550_Sec13_Nup84_7-436_3IKO_updated.pdb_0": [{"rot": [[-0.443993936316, -0.8580387690188602, 0.25814502779488674], [0.4883393816320802, -0.47327023594400003, -0.7331711479025265], [0.751261627438685, -0.19946116070581177, 0.629143236877]], "trans": [459.026047258, 705.388502633, 635.552377385]}], "rb_4XMM.renamed.noAb_Seh1_Nup85_47_544_3F3F.pdb_0": [{"rot": [[0.6013369209369999, -0.5027309669260484, 0.6210116604473774], [0.7955417649467093, 0.30453792503200006, -0.5238033528364234], [0.07421056355723998, 0.8090230077759251, 0.583073378869]], "trans": [323.290054442, 778.450853037, 761.294621502]}], "rb_4XMM.renamed.noAb_Nup120_715-1036_Nup85_553-744_Nup145c_92-99_554-712_remaining_updated.pdb_0": [{"rot": [[-0.13945643316999978, 0.9894588079741012, 0.0390278178991845], [-0.9865602527151084, -0.14222109917799985, 0.08044890745872735], [0.08515145923707199, -0.02728417620292118, 0.9959943788589999]], "trans": [475.902240505, 665.274907383, 682.35513444]}], "rb_4XMM.renamed.noAb_Nup120_2-711_3F7F_updated.pdb_0": [{"rot": [[0.37040109418500017, 0.07557863208847326, 0.9257920391741279], [0.8452588946088546, -0.44069295394499997, -0.3022037746750485], [0.3851498805804982, 0.8944705644764759, -0.227116663356]], "trans": [267.653492143, 642.287432521, 915.863887402]}]}
