{"rb_ScNup133N_56-480_renamed.pdb_0": [{"rot": [[0.25518977342600013, -0.9206954575402706, 0.29529316619843804], [-0.33943559503101634, -0.371273246547, -0.8642567056288255], [0.9053516755188155, 0.12031646131416163, -0.40726194613799993]], "trans": [598.110021357, 864.648132266, 912.495311524]}], "rb_ScNup84_437-726_ScNup133C_490_1155_renamed_relative_3I4R.pdb_0": [{"rot": [[0.31131573610700014, -0.8103874186639214, 0.4963413584655051], [0.3135944212424736, 0.5806449774700001, 0.7513387711974282], [-0.8970736042364388, -0.07825370157436312, 0.43489689211600024]], "trans": [576.182533791, 738.336924211, 611.4890847]}], "rb_4XMM.renamed.noAb_Nup145c_149-550_Sec13_Nup84_7-436_3IKO_updated.pdb_0": [{"rot": [[-0.30878356430000004, -0.9290008606333297, 0.2039855665499899], [-0.6077631326800493, 0.35768887182000003, 0.7090011604581957], [-0.7316260554225228, 0.09495299847118144, -0.6750609180719999]], "trans": [468.72150593, 529.036759186, 640.728044553]}], "rb_4XMM.renamed.noAb_Seh1_Nup85_47_544_3F3F.pdb_0": [{"rot": [[0.588545401024, -0.7230701783583106, -0.36164046800984534], [-0.7370655248903585, -0.6636909085129999, 0.1274707416440684], [-0.33218778266456345, 0.19153040261553667, -0.9235623324509997]], "trans": [491.7404859569999, 453.278924874, 683.931488399]}], "rb_4XMM.renamed.noAb_Nup120_715-1036_Nup85_553-744_Nup145c_92-99_554-712_remaining_updated.pdb_0": [{"rot": [[-0.7408512094570001, 0.6668430920937517, -0.08037273152596361], [0.6652746879120955, 0.7120531675350004, -0.22447689463915185], [-0.09246120845827277, -0.2197739227711453, -0.9711592803450002]], "trans": [617.429004772, 664.523774819, 645.891091288]}], "rb_4XMM.renamed.noAb_Nup120_2-711_3F7F_updated.pdb_0": [{"rot": [[0.8585523992159999, -0.18068546929561904, 0.4798338660264322], [-0.4383783807325009, -0.744047559127, 0.5041999851879249], [0.2659176058609144, -0.6432309001770478, -0.718012420471]], "trans": [478.213600025, 311.988071516, 568.381742479]}]}
