{"rb_ScNup133N_56-480_renamed.pdb_0": [{"rot": [[0.03284010712910007, -0.9986942520377626, -0.039132062435845216], [0.5845853717305711, -0.012563854467899871, 0.8112349183310217], [-0.8106672995269879, -0.04951707289050006, 0.5834094522459999]], "trans": [349.9093065, 647.569127514, 274.13948072700003]}], "rb_ScNup84_437-726_ScNup133C_490_1155_renamed_relative_3I4R.pdb_0": [{"rot": [[-0.14560857110400005, 0.6006338342530453, -0.7861533827260027], [0.12068030070839905, -0.7779054083320001, -0.6166842309551581], [-0.9819543823630413, -0.1846677363220488, 0.04078502322800004]], "trans": [335.340801769, 743.154690875, 566.119268761]}], "rb_4XMM.renamed.noAb_Nup145c_149-550_Sec13_Nup84_7-436_3IKO_updated.pdb_0": [{"rot": [[0.9429085893899999, -0.2975571475730622, -0.1496099461357542], [0.25208934312188924, 0.344065610046, 0.9044721217749324], [-0.21765650722855676, -0.8905496055312453, 0.39943340489900003]], "trans": [579.576272176, 797.101871793, 535.619751806]}], "rb_4XMM.renamed.noAb_Seh1_Nup85_47_544_3F3F.pdb_0": [{"rot": [[0.782505999221, -0.32727468029363804, 0.5296939161646483], [-0.6144429101010935, -0.54349757612, 0.5719005988615367], [0.10071877386884734, -0.7729823208782862, -0.626381720838]], "trans": [530.607494118, 819.130383788, 476.303580955]}], "rb_4XMM.renamed.noAb_Nup120_715-1036_Nup85_553-744_Nup145c_92-99_554-712_remaining_updated.pdb_0": [{"rot": [[0.77758749366, 0.5917098152997683, 0.21269034811545526], [-0.22388211809236336, 0.576640562376, -0.7857241621721758], [-0.5875665808247066, 0.5633517163376753, 0.580861736386]], "trans": [610.924175978, 921.245355169, 616.462042188]}], "rb_4XMM.renamed.noAb_Nup120_2-711_3F7F_updated.pdb_0": [{"rot": [[0.06301405812639999, 0.17763843671559748, -0.982076277220706], [-0.4997780981777931, -0.8461401507619999, -0.1851180646243042], [-0.8638582528749902, 0.5024852545793743, 0.03546107542180005]], "trans": [560.973314699, 621.494394538, 638.312795213]}]}
