{"rb_ScNup133N_56-480_renamed.pdb_0": [{"rot": [[-0.289724300645, -0.6836292267124211, 0.6698588731966928], [-0.8690323195636025, -0.10536886273400012, -0.4834048306751269], [0.40105193824450014, -0.7221831368501488, -0.563567972546]], "trans": [411.33585050299996, 429.6668238660001, 859.846919268]}], "rb_ScNup84_437-726_ScNup133C_490_1155_renamed_relative_3I4R.pdb_0": [{"rot": [[0.33733091783399993, 0.9396951088091354, 0.05639994994198233], [-0.6073131151774029, 0.17145318496899986, 0.7757413135172732], [0.7192903669637107, -0.2959339585856494, 0.6285256240989999]], "trans": [486.984835361, 505.917571971, 667.709055056]}], "rb_4XMM.renamed.noAb_Nup145c_149-550_Sec13_Nup84_7-436_3IKO_updated.pdb_0": [{"rot": [[0.41767936191499994, -0.7555233605684064, -0.504706253444219], [-0.18165675374505563, 0.4748261693930001, -0.8611277098539903], [0.8902498382190736, 0.45135857197464613, 0.061079170393200086]], "trans": [532.325530721, 592.95026991, 739.634100422]}], "rb_4XMM.renamed.noAb_Seh1_Nup85_47_544_3F3F.pdb_0": [{"rot": [[-0.741101633949, -0.6343981960898439, -0.21978921028129325], [-0.6702803210165931, 0.717943479801, 0.18783357279550433], [0.03863495070548709, 0.2865241501325554, -0.9572937124910001]], "trans": [469.39961142999994, 544.506338863, 697.257325552]}], "rb_4XMM.renamed.noAb_Nup120_715-1036_Nup85_553-744_Nup145c_92-99_554-712_remaining_updated.pdb_0": [{"rot": [[-0.5113899346370001, -0.8419706826736418, 0.17194680651307961], [-0.7174670252000855, 0.5284542363749999, 0.45384709738837764], [-0.4729919687505325, 0.10872667370704076, -0.874332378402]], "trans": [459.32017109599997, 534.689939036, 657.724422854]}], "rb_4XMM.renamed.noAb_Nup120_2-711_3F7F_updated.pdb_0": [{"rot": [[-0.7682622556879999, -0.13446263534262085, 0.625853741845412], [-0.36122255725188224, 0.8982203843109999, -0.25043642973938546], [-0.5284802461943083, -0.4184733455130886, -0.7386397555489999]], "trans": [587.677313223, 636.24685379, 550.343201836]}]}
