{"rb_ScNup133N_56-480_renamed.pdb_0": [{"rot": [[-0.5884674855999998, 0.4888667286040203, -0.6439839594707442], [-0.10432372681721108, -0.8357488511359998, -0.5391107658429982], [-0.8017621707305613, -0.2500663501730276, 0.5428114240659999]], "trans": [235.646340335, 847.265701069, 476.1888510719999]}], "rb_ScNup84_437-726_ScNup133C_490_1155_renamed_relative_3I4R.pdb_0": [{"rot": [[0.07069255885810005, 0.3522168809907512, -0.9332447861452219], [-0.8754712274475712, -0.42649096516999985, -0.2272786539466582], [-0.47807184819181414, 0.8330958680569174, 0.278206007471]], "trans": [390.167473617, 826.184472084, 672.948734507]}], "rb_4XMM.renamed.noAb_Nup145c_149-550_Sec13_Nup84_7-436_3IKO_updated.pdb_0": [{"rot": [[0.9429085893899999, -0.2975571475730622, -0.1496099461357542], [0.25208934312188924, 0.344065610046, 0.9044721217749324], [-0.21765650722855676, -0.8905496055312453, 0.39943340489900003]], "trans": [579.576272176, 797.101871793, 535.619751806]}], "rb_4XMM.renamed.noAb_Seh1_Nup85_47_544_3F3F.pdb_0": [{"rot": [[-0.8812745616229999, 0.04121806399772724, 0.47080380015083595], [0.11908541096452274, -0.9446788046679999, 0.3056151516310168], [0.45735523603824607, 0.32539672280359233, 0.8276129293679999]], "trans": [585.511247826, 689.882629148, 688.456420356]}], "rb_4XMM.renamed.noAb_Nup120_715-1036_Nup85_553-744_Nup145c_92-99_554-712_remaining_updated.pdb_0": [{"rot": [[0.7372414431770001, -0.09539527706828832, -0.6688608192855662], [-0.6227406054072707, -0.4799180811510001, -0.6179585534332608], [-0.2620480735271301, 0.872111447291805, -0.41322201134900005]], "trans": [566.704741468, 728.029794265, 729.981670586]}], "rb_4XMM.renamed.noAb_Nup120_2-711_3F7F_updated.pdb_0": [{"rot": [[-0.42306767027500014, 0.8518561620539818, 0.3087957667111777], [0.7297096704627638, 0.11828100815500009, 0.6734488844321902], [0.5371569074313467, 0.5102457077531344, -0.671648549852]], "trans": [679.998659323, 817.265042169, 686.827638411]}]}
