{"rb_ScNup133N_56-480_renamed.pdb_0": [{"rot": [[-0.19909626259999988, 0.8560390327405716, 0.4770302429021649], [0.2970058283979407, -0.4111718113189998, 0.861815107476253], [0.9338887600332091, 0.3132649294147676, -0.17238581114000018]], "trans": [307.63768099000004, 504.41174285700004, 915.796335406]}], "rb_ScNup84_437-726_ScNup133C_490_1155_renamed_relative_3I4R.pdb_0": [{"rot": [[-0.4273961094109999, -0.7006977788067403, -0.5712750549740826], [0.03540211032911372, -0.6443832461200001, 0.7638827938264461], [-0.9033710512544588, 0.3062561916029651, 0.300213072434]], "trans": [554.525358029, 547.837619449, 636.924072748]}], "rb_4XMM.renamed.noAb_Nup145c_149-550_Sec13_Nup84_7-436_3IKO_updated.pdb_0": [{"rot": [[-0.006296373859449977, -0.27770799527649737, 0.9606449005932061], [-0.9039538447639552, -0.40919169102599995, -0.12421596729787021], [0.4275836786088602, -0.8691607615135368, -0.2484587861849999]], "trans": [476.77494243399997, 422.610903207, 685.4154932249999]}], "rb_4XMM.renamed.noAb_Seh1_Nup85_47_544_3F3F.pdb_0": [{"rot": [[0.16915227021, -0.7789912593079769, 0.6037881477841177], [-0.5952649987404541, 0.40751274179299996, 0.6925264951977499], [-0.7855234501638576, -0.476556379873488, -0.39477452557700016]], "trans": [478.555954101, 519.583611644, 684.599294139]}], "rb_4XMM.renamed.noAb_Nup120_715-1036_Nup85_553-744_Nup145c_92-99_554-712_remaining_updated.pdb_0": [{"rot": [[-0.23869590146200004, 0.9594804942546645, 0.14973793029846477], [0.5339014200639393, 0.0008647695939479894, 0.8455462884001435], [0.811155681900184, 0.28177372716130594, -0.512474415364]], "trans": [651.013610579, 504.64752342099996, 789.21068508]}], "rb_4XMM.renamed.noAb_Nup120_2-711_3F7F_updated.pdb_0": [{"rot": [[-0.7486032857200001, -0.10028766064161837, 0.6553895831734371], [-0.6630108521339886, 0.11788264044500019, -0.7392701083056702], [-0.003119384840381323, -0.9879504381317651, -0.15473913930700012]], "trans": [393.218080358, 541.764534741, 496.59048780000006]}]}
