{"rb_ScNup133N_56-480_renamed.pdb_0": [{"rot": [[0.44281031574599994, -0.8746214173240485, 0.19737375870920687], [0.25872943517645886, 0.335411864171, 0.9058465437073793], [-0.8584742882825311, -0.35005179292699967, 0.374814138776]], "trans": [776.265841057, 327.454014024, 282.185351764]}], "rb_ScNup84_437-726_ScNup133C_490_1155_renamed_relative_3I4R.pdb_0": [{"rot": [[-0.823855634868, 0.2676182976921343, 0.49964221162408706], [-0.5413982211083549, -0.11061780025699997, -0.8334576584608311], [-0.16777919739036096, -0.9571541929107696, 0.23602116836499998]], "trans": [626.199638267, 447.534043766, 604.060934161]}], "rb_4XMM.renamed.noAb_Nup145c_149-550_Sec13_Nup84_7-436_3IKO_updated.pdb_0": [{"rot": [[-0.03430083958569996, -0.4839354107675041, 0.8744312269178195], [0.4696041671329968, -0.780145437388, -0.41333403287657156], [0.8822105069738405, 0.39645884367481743, 0.25401772902099995]], "trans": [473.909033047, 598.052617148, 708.833088235]}], "rb_4XMM.renamed.noAb_Seh1_Nup85_47_544_3F3F.pdb_0": [{"rot": [[0.7655785401840001, -0.4375306383967459, -0.4716528800652782], [-0.6106934022151198, -0.7248225569290001, -0.3188821560668275], [-0.20234393319459215, 0.5321646375239928, -0.8221056691620001]], "trans": [510.355328589, 585.322946934, 635.823257769]}], "rb_4XMM.renamed.noAb_Nup120_715-1036_Nup85_553-744_Nup145c_92-99_554-712_remaining_updated.pdb_0": [{"rot": [[-0.6250812423149998, 0.7209346868264843, 0.2992099895329956], [-0.36060062988021074, -0.6066845445919999, 0.7084497505703511], [0.6922720752969396, 0.33494333951221744, 0.6391966309989999]], "trans": [617.206129845, 590.985912565, 682.823656415]}], "rb_4XMM.renamed.noAb_Nup120_2-711_3F7F_updated.pdb_0": [{"rot": [[0.662801631473, -0.6998586031433002, -0.266255390411233], [0.6482036464546391, 0.35825232029100007, 0.6719280524944795], [-0.37486801682677423, -0.6179427243785813, 0.6911011209279999]], "trans": [409.764619812, 824.532862324, 469.1465268090001]}]}
