{"rb_ScNup133N_56-480_renamed.pdb_0": [{"rot": [[0.9042323456839999, 0.3796235516889013, 0.19557562225879588], [0.39936850644065114, -0.5895613281639999, -0.7020842089072107], [-0.15122387735465143, 0.7129539952455589, -0.6847101135379999]], "trans": [681.679610528, 707.427378764, 761.666592033]}], "rb_ScNup84_437-726_ScNup133C_490_1155_renamed_relative_3I4R.pdb_0": [{"rot": [[-0.3878709763410001, -0.7414303488069895, 0.5475738704323144], [0.9030961784406406, -0.4245039293730001, 0.06491306827437426], [0.18431874076769825, 0.5196897649702452, 0.834235668134]], "trans": [532.025950358, 506.568842866, 691.048630776]}], "rb_4XMM.renamed.noAb_Nup145c_149-550_Sec13_Nup84_7-436_3IKO_updated.pdb_0": [{"rot": [[0.8840306607819999, -0.20479793288752637, -0.4201756745485592], [0.2290954172230061, 0.9733745059380001, 0.007573704336124351], [0.4074372106285301, -0.1029557083164917, 0.907411175554]], "trans": [688.7334729470001, 540.885524814, 590.572264916]}], "rb_4XMM.renamed.noAb_Seh1_Nup85_47_544_3F3F.pdb_0": [{"rot": [[0.11437428341799999, 0.7594868801417047, 0.6403891021755745], [-0.9898529056256848, 0.032411141494099904, 0.13835007456246], [0.08431932469492281, -0.6497147041584244, 0.755487296176]], "trans": [729.432170107, 430.01787958, 526.640923792]}], "rb_4XMM.renamed.noAb_Nup120_715-1036_Nup85_553-744_Nup145c_92-99_554-712_remaining_updated.pdb_0": [{"rot": [[0.14560733166499998, 0.9628919111049357, 0.22723924065636925], [0.5501936034717132, 0.11208306223300005, -0.8274807465187843], [-0.8222441873702786, 0.24551284017166602, -0.5134568547079998]], "trans": [756.6277324949999, 470.143877081, 597.921750558]}], "rb_4XMM.renamed.noAb_Nup120_2-711_3F7F_updated.pdb_0": [{"rot": [[0.8634360402439999, -0.48581911999171135, -0.13586017465850977], [-0.16247538923478025, -0.012851556986100058, -0.9866288995240508], [0.47757716894839963, 0.8739648849544882, -0.09003014809340006]], "trans": [520.309676049, 440.181492062, 728.595679607]}]}
