{"rb_ScNup133N_56-480_renamed.pdb_0": [{"rot": [[0.25518977342600013, -0.9206954575402706, 0.29529316619843804], [-0.33943559503101634, -0.371273246547, -0.8642567056288255], [0.9053516755188155, 0.12031646131416163, -0.40726194613799993]], "trans": [598.110021357, 864.648132266, 912.495311524]}], "rb_ScNup84_437-726_ScNup133C_490_1155_renamed_relative_3I4R.pdb_0": [{"rot": [[0.31131573610700014, -0.8103874186639214, 0.4963413584655051], [0.3135944212424736, 0.5806449774700001, 0.7513387711974282], [-0.8970736042364388, -0.07825370157436312, 0.43489689211600024]], "trans": [576.182533791, 738.336924211, 611.4890847]}], "rb_4XMM.renamed.noAb_Nup145c_149-550_Sec13_Nup84_7-436_3IKO_updated.pdb_0": [{"rot": [[-0.07762188798420006, -0.9183845782411575, 0.3880007847344891], [0.3393314054950806, -0.39027606400899995, -0.8558848001374812], [0.9374588202958578, 0.06522545753349746, 0.34193069464299997]], "trans": [484.571541991, 761.611697899, 673.117795399]}], "rb_4XMM.renamed.noAb_Seh1_Nup85_47_544_3F3F.pdb_0": [{"rot": [[0.540872068027, -0.696708419551889, 0.47122689243474347], [0.20501860281972806, 0.6525534878150001, 0.7294801697361795], [-0.815735728361853, -0.29794516889184103, 0.4957861412020001]], "trans": [453.40026324, 946.053138718, 605.837185508]}], "rb_4XMM.renamed.noAb_Nup120_715-1036_Nup85_553-744_Nup145c_92-99_554-712_remaining_updated.pdb_0": [{"rot": [[0.8526566397710001, 0.27127457159638757, 0.44652744759938734], [0.521562689319358, -0.49233272038200016, -0.6968363176178595], [0.03080609946724827, 0.8270541694752865, -0.5612774581160002]], "trans": [596.873327533, 758.059557847, 734.930496096]}], "rb_4XMM.renamed.noAb_Nup120_2-711_3F7F_updated.pdb_0": [{"rot": [[-0.614489298004, 0.20830260928219235, -0.7609289885428085], [0.7642484625642695, 0.39651675857400004, -0.5086243679161652], [0.1957733130605438, -0.8940830404029586, -0.40285025351500015]], "trans": [604.940587111, 935.13147964, 397.39487244200006]}]}
