{"rb_ScNup133N_56-480_renamed.pdb_0": [{"rot": [[-0.5443332850769999, -0.5619937177818556, 0.6227875528067413], [-0.4288414885350756, -0.4516444714150001, -0.7823760279758613], [0.7209689677567974, -0.6929504546603552, 0.004838896331260001]], "trans": [390.128314443, 501.94481248, 877.395028058]}], "rb_ScNup84_437-726_ScNup133C_490_1155_renamed_relative_3I4R.pdb_0": [{"rot": [[0.5109707573990001, 0.34659176771299394, 0.786627632133956], [-0.8341573592629197, 0.4209148719470001, 0.3563876689243792], [-0.20758223688602223, -0.8382749054620582, 0.504187264617]], "trans": [508.57687775399995, 463.308208141, 742.868675941]}], "rb_4XMM.renamed.noAb_Nup145c_149-550_Sec13_Nup84_7-436_3IKO_updated.pdb_0": [{"rot": [[0.8752544407019999, 0.21168176209716713, -0.43487986344146523], [-0.47569134059927587, 0.5393241824240002, -0.6948720563755226], [0.08744948547757636, 0.8150584383025072, 0.572741066837]], "trans": [622.400715516, 521.945917378, 714.703415528]}], "rb_4XMM.renamed.noAb_Seh1_Nup85_47_544_3F3F.pdb_0": [{"rot": [[0.08880973444020006, -0.6519211788892103, 0.753068129444052], [-0.5687777582562192, 0.587473649192, 0.5756444850930692], [-0.8176825134376366, -0.47945123633247333, -0.3186248879129999]], "trans": [532.462070949, 645.635026068, 579.061690126]}], "rb_4XMM.renamed.noAb_Nup120_715-1036_Nup85_553-744_Nup145c_92-99_554-712_remaining_updated.pdb_0": [{"rot": [[-0.3022195789430001, 0.8253516531787404, -0.4769255441875973], [0.860754667967691, 0.02130608228980005, -0.5085739399824672], [-0.4095909272375862, -0.5642168904353896, -0.716864403407]], "trans": [637.125306231, 571.599801736, 587.270626558]}], "rb_4XMM.renamed.noAb_Nup120_2-711_3F7F_updated.pdb_0": [{"rot": [[-0.7486032857200001, -0.10028766064161837, 0.6553895831734371], [-0.6630108521339886, 0.11788264044500019, -0.7392701083056702], [-0.003119384840381323, -0.9879504381317651, -0.15473913930700012]], "trans": [393.218080358, 541.764534741, 496.59048780000006]}]}
