{"rb_ScNup133N_56-480_renamed.pdb_0": [{"rot": [[0.2649345868530001, 0.9638446056174836, 0.02851737910656854], [0.7412148501272195, -0.18464500648400006, -0.645373355145227], [-0.6167740353159445, 0.19211922809183143, -0.7633347834060001]], "trans": [331.242542606, 1025.56413788, 636.55929862]}], "rb_ScNup84_437-726_ScNup133C_490_1155_renamed_relative_3I4R.pdb_0": [{"rot": [[-0.755943594693, -0.6545513215102673, 0.010575875934782653], [0.4834227130107667, -0.5690543629190001, -0.6651914104888612], [0.441420165135141, -0.49773456736699884, 0.74659797633]], "trans": [358.572679979, 839.429596739, 696.009909088]}], "rb_4XMM.renamed.noAb_Nup145c_149-550_Sec13_Nup84_7-436_3IKO_updated.pdb_0": [{"rot": [[0.9429085893899999, -0.2975571475730622, -0.1496099461357542], [0.25208934312188924, 0.344065610046, 0.9044721217749324], [-0.21765650722855676, -0.8905496055312453, 0.39943340489900003]], "trans": [579.576272176, 797.101871793, 535.619751806]}], "rb_4XMM.renamed.noAb_Seh1_Nup85_47_544_3F3F.pdb_0": [{"rot": [[-0.768308554029, -0.2316894582207961, -0.5966757584779367], [-0.5789539533213837, -0.14600220726799995, 0.8021818219122228], [-0.2729730494745008, 0.9617709448835652, -0.021962783028700028]], "trans": [520.486368713, 744.681548623, 689.008734043]}], "rb_4XMM.renamed.noAb_Nup120_715-1036_Nup85_553-744_Nup145c_92-99_554-712_remaining_updated.pdb_0": [{"rot": [[-0.44258728822100013, -0.30968387554357657, -0.8415535571391116], [-0.7578132380870596, -0.3725618417939999, 0.5356461240586627], [-0.4794117108344217, 0.8748105916524864, -0.06979140525479999]], "trans": [499.56250104699996, 712.276233833, 710.8779741599999]}], "rb_4XMM.renamed.noAb_Nup120_2-711_3F7F_updated.pdb_0": [{"rot": [[-0.750002574777, -0.2959533418219081, -0.591530013855861], [-0.6299706773703317, 0.592166307659, 0.502469909275244], [0.20157649535954297, 0.7495002892180571, -0.6305681826579999]], "trans": [461.362069743, 899.503257185, 731.390044276]}]}
