{"rb_ScNup133N_56-480_renamed.pdb_0": [{"rot": [[0.16997254515299998, 0.18195547912582224, -0.9685047947792019], [0.5871462050931411, 0.770612758443, 0.24782112575322096], [0.7914345631440004, -0.6107767023560764, 0.024148542815299878]], "trans": [515.270668681, 970.888019009, 926.505396913]}], "rb_ScNup84_437-726_ScNup133C_490_1155_renamed_relative_3I4R.pdb_0": [{"rot": [[-0.044393529071000096, 0.9029568669989132, -0.42743199566261936], [0.12636027486738644, 0.4294927193810001, 0.8941862697079128], [0.9909905627764883, -0.014314340299876771, -0.13316457543100013]], "trans": [332.728853109, 779.717979338, 695.388921565]}], "rb_4XMM.renamed.noAb_Nup145c_149-550_Sec13_Nup84_7-436_3IKO_updated.pdb_0": [{"rot": [[-0.651970379849, -0.604480578895056, -0.4577530486389453], [0.5180566859695914, 0.0857085296947, -0.8510413139558953], [0.5536712868857793, -0.7919957560973864, 0.25727578277399993]], "trans": [297.687431564, 890.045467766, 676.542877127]}], "rb_4XMM.renamed.noAb_Seh1_Nup85_47_544_3F3F.pdb_0": [{"rot": [[0.8019763578809999, 0.3737760152288237, -0.4659671789295769], [-0.22872755462742494, 0.9127452637349999, 0.3384963652441244], [0.5518311581943199, -0.16488654878123768, 0.8174929962249998]], "trans": [412.408187084, 902.4691451900001, 701.917448391]}], "rb_4XMM.renamed.noAb_Nup120_715-1036_Nup85_553-744_Nup145c_92-99_554-712_remaining_updated.pdb_0": [{"rot": [[0.6409031447640002, -0.006075061287663108, 0.7675977153834985], [-0.4378413119228049, 0.818457391092, 0.37205172293727407], [-0.6305062605599823, -0.5745351099778222, 0.5218920030020001]], "trans": [391.639859324, 868.299633348, 643.1939992379998]}], "rb_4XMM.renamed.noAb_Nup120_2-711_3F7F_updated.pdb_0": [{"rot": [[-0.932665737714, -0.006619245351309283, -0.36068103261105844], [-0.3604018383201626, 0.06049183057510016, 0.9308336335614011], [0.015656839714566634, 0.9981467447347874, -0.058804245981900094]], "trans": [406.758943747, 729.868715159, 970.7863742949999]}]}
