{"rb_ScNup133N_56-480_renamed.pdb_0": [{"rot": [[-0.408098299176, 0.6398490877658893, 0.6511903892832075], [-0.0008667831964083161, -0.713562170809, 0.7005913766791866], [0.9129375810517094, 0.28534570835305517, 0.29175811870099994]], "trans": [183.803791832, 446.459199441, 983.361389679]}], "rb_ScNup84_437-726_ScNup133C_490_1155_renamed_relative_3I4R.pdb_0": [{"rot": [[-0.25040274804399987, 0.4891863398170641, -0.8354610635501795], [-0.9555975262365373, 0.013581027019300085, 0.2943618921594834], [0.1553442358847712, 0.8720735523116642, 0.4640645297110001]], "trans": [404.223624413, 479.24309235, 707.418097918]}], "rb_4XMM.renamed.noAb_Nup145c_149-550_Sec13_Nup84_7-436_3IKO_updated.pdb_0": [{"rot": [[0.41767936191499994, -0.7555233605684064, -0.504706253444219], [-0.18165675374505563, 0.4748261693930001, -0.8611277098539903], [0.8902498382190736, 0.45135857197464613, 0.061079170393200086]], "trans": [532.325530721, 592.95026991, 739.634100422]}], "rb_4XMM.renamed.noAb_Seh1_Nup85_47_544_3F3F.pdb_0": [{"rot": [[0.8815504065710001, 0.4646893164132793, -0.08326295626425774], [0.4053159034313693, -0.8354249024440003, -0.37119301017401457], [-0.24204937326941683, 0.2934775486946017, -0.924815132506]], "trans": [684.735111476, 389.794410063, 588.0419403230001]}], "rb_4XMM.renamed.noAb_Nup120_715-1036_Nup85_553-744_Nup145c_92-99_554-712_remaining_updated.pdb_0": [{"rot": [[0.3679533464940001, 0.9245758733179413, -0.0988422444212616], [-0.7987261279641663, 0.3687019620539999, 0.4754949376017594], [0.47607447664334696, -0.09601207036564116, 0.8741480281009999]], "trans": [722.2265373600001, 511.647420868, 629.412205557]}], "rb_4XMM.renamed.noAb_Nup120_2-711_3F7F_updated.pdb_0": [{"rot": [[0.7928328101820001, 0.44625679986605027, 0.4150554224103389], [-0.3273801322655895, -0.262579346051, 0.9076752370893427], [0.5140412280125768, -0.8555156080404035, -0.06208591066079995]], "trans": [599.15495402, 401.461095101, 531.922792347]}]}
