{"rb_ScNup133N_56-480_renamed.pdb_0": [{"rot": [[0.37531226669700013, 0.9257924078833475, 0.04526720636745529], [-0.4707881173289237, 0.14833156123600008, 0.8696874706026174], [0.7984355021218982, -0.34771563877232303, 0.4915227192150001]], "trans": [480.704004494, 228.97012407, 831.753561408]}], "rb_ScNup84_437-726_ScNup133C_490_1155_renamed_relative_3I4R.pdb_0": [{"rot": [[0.74201177776, -0.4613273852447376, -0.4864109016959815], [-0.6577101800288504, -0.36052748831699993, -0.6613903909600234], [0.12975299900912302, 0.8106768615120878, -0.570935360139]], "trans": [481.445094421, 514.325441741, 668.587090696]}], "rb_4XMM.renamed.noAb_Nup145c_149-550_Sec13_Nup84_7-436_3IKO_updated.pdb_0": [{"rot": [[0.29373815321000024, 0.5982206248122174, -0.7455534731983072], [0.1356114575993904, -0.7981515638780001, -0.5869954119470371], [-0.9462174326847649, 0.07131735502935538, -0.31557313725200004]], "trans": [645.137429413, 682.740200494, 589.572694558]}], "rb_4XMM.renamed.noAb_Seh1_Nup85_47_544_3F3F.pdb_0": [{"rot": [[0.2865442849010001, -0.7432725621669699, -0.6045149056229484], [0.1472638790508295, 0.657645042285, -0.7387938469457249], [0.946681426202858, 0.12267394461624026, 0.2979016290570001]], "trans": [439.527023515, 851.946586426, 601.295522725]}], "rb_4XMM.renamed.noAb_Nup120_715-1036_Nup85_553-744_Nup145c_92-99_554-712_remaining_updated.pdb_0": [{"rot": [[-0.849509351052, 0.3773102956454837, -0.3687421907988394], [-0.1858250030214629, -0.868143982245, -0.4602120102125393], [-0.49376404357474557, -0.3224328874226555, 0.807610117805]], "trans": [559.227612233, 697.887833022, 545.883173698]}], "rb_4XMM.renamed.noAb_Nup120_2-711_3F7F_updated.pdb_0": [{"rot": [[-0.8401915115749999, -0.11037552259951569, -0.5309382900942446], [0.4739719408906605, -0.6251850951909999, -0.6200759598624676], [-0.26349349731190097, -0.7726324098573033, 0.5775901108159999]], "trans": [475.4309002890001, 775.747163055, 450.7473656540001]}]}
