{"rb_ScNup133N_56-480_renamed.pdb_0": [{"rot": [[-0.5443332850769999, -0.5619937177818556, 0.6227875528067413], [-0.4288414885350756, -0.4516444714150001, -0.7823760279758613], [0.7209689677567974, -0.6929504546603552, 0.004838896331260001]], "trans": [390.128314443, 501.94481248, 877.395028058]}], "rb_ScNup84_437-726_ScNup133C_490_1155_renamed_relative_3I4R.pdb_0": [{"rot": [[0.5109707573990001, 0.34659176771299394, 0.786627632133956], [-0.8341573592629197, 0.4209148719470001, 0.3563876689243792], [-0.20758223688602223, -0.8382749054620582, 0.504187264617]], "trans": [508.57687775399995, 463.308208141, 742.868675941]}], "rb_4XMM.renamed.noAb_Nup145c_149-550_Sec13_Nup84_7-436_3IKO_updated.pdb_0": [{"rot": [[0.8953840221289997, 0.18361534320107692, -0.4056758048703978], [-0.43288264227791345, 0.5725150186379999, -0.6963039361144112], [0.10440340478445309, 0.7990694332628929, 0.592104695045]], "trans": [621.020279132, 526.666009958, 713.516380499]}], "rb_4XMM.renamed.noAb_Seh1_Nup85_47_544_3F3F.pdb_0": [{"rot": [[0.702802683302, 0.359125066396173, -0.6140827102511949], [0.0534869103782491, 0.8341023414049997, 0.54901041381825], [0.7093712277515193, -0.4186913788802455, 0.567000873447]], "trans": [657.200810009, 468.89344945000005, 553.315963708]}], "rb_4XMM.renamed.noAb_Nup120_715-1036_Nup85_553-744_Nup145c_92-99_554-712_remaining_updated.pdb_0": [{"rot": [[-0.66178230825, -0.5433327740452271, -0.5165594575028322], [-0.3534106925984666, -0.38156815080100004, 0.8541116019885092], [-0.6611694630307529, 0.747793583111425, 0.060495439605000034]], "trans": [558.512116038, 355.175479044, 664.305150996]}], "rb_4XMM.renamed.noAb_Nup120_2-711_3F7F_updated.pdb_0": [{"rot": [[-0.1387822069149999, -0.49560566796801914, -0.8573881973305765], [-0.9829134985208201, -0.03677376978390004, 0.18035726844638722], [-0.12091548068532676, 0.867768812376807, -0.48203395606199995]], "trans": [601.038305096, 423.876042111, 741.627312779]}]}
