{"rb_ScNup133N_56-480_renamed.pdb_0": [{"rot": [[-0.005699929690269986, 0.7090705384323803, -0.7051145171734448], [0.9786600792922953, -0.14088450133600006, -0.1495861172799967], [-0.2054068158584917, -0.6909200596382483, -0.693135997614]], "trans": [588.846215352, 916.561918636, 701.533841736]}], "rb_ScNup84_437-726_ScNup133C_490_1155_renamed_relative_3I4R.pdb_0": [{"rot": [[-0.32044495069100004, 0.025722518495125832, -0.9469178346714728], [-0.06848855699261151, -0.9976441874390003, -0.003923369756625467], [-0.9447879926934468, 0.06359581205901303, 0.3214517406250001]], "trans": [570.722361049, 737.813320964, 611.001346653]}], "rb_4XMM.renamed.noAb_Nup145c_149-550_Sec13_Nup84_7-436_3IKO_updated.pdb_0": [{"rot": [[-0.4735765543629999, -0.5288216585324823, 0.7043244285303636], [-0.1609904764157005, 0.8381866509139999, 0.5210808044181037], [-0.865914149128604, 0.13338212660070659, -0.482080796799]], "trans": [458.110093557, 699.943529254, 606.880763936]}], "rb_4XMM.renamed.noAb_Seh1_Nup85_47_544_3F3F.pdb_0": [{"rot": [[0.5567362124340001, -0.7437210171327432, -0.37003221270543735], [-0.7403067261658086, -0.646281280283, 0.18511201460042787], [-0.37681658795534284, 0.1708787740791829, -0.9103898635260002]], "trans": [490.06487948200004, 455.935346279, 682.0221381610002]}], "rb_4XMM.renamed.noAb_Nup120_715-1036_Nup85_553-744_Nup145c_92-99_554-712_remaining_updated.pdb_0": [{"rot": [[-0.577861441601, 0.27691573937422825, -0.7677198887599817], [-0.042322948258772364, 0.929244283754, 0.3670338256362766], [0.8150367613558909, 0.24458686472772806, -0.5252545509]], "trans": [583.214459302, 657.691884651, 728.642021944]}], "rb_4XMM.renamed.noAb_Nup120_2-711_3F7F_updated.pdb_0": [{"rot": [[-0.721379868005, -0.6709375583563145, -0.17162132391971552], [0.015466923540084276, -0.26336113545300005, 0.9645733184206952], [-0.6923668538522725, 0.6931693192285516, 0.20036076104600004]], "trans": [361.954829302, 402.775936732, 735.918949681]}]}
