{"rb_ScNup133N_56-480_renamed.pdb_0": [{"rot": [[0.25518977342600013, -0.9206954575402706, 0.29529316619843804], [-0.33943559503101634, -0.371273246547, -0.8642567056288255], [0.9053516755188155, 0.12031646131416163, -0.40726194613799993]], "trans": [598.110021357, 864.648132266, 912.495311524]}], "rb_ScNup84_437-726_ScNup133C_490_1155_renamed_relative_3I4R.pdb_0": [{"rot": [[0.31131573610700014, -0.8103874186639214, 0.4963413584655051], [0.3135944212424736, 0.5806449774700001, 0.7513387711974282], [-0.8970736042364388, -0.07825370157436312, 0.43489689211600024]], "trans": [576.182533791, 738.336924211, 611.4890847]}], "rb_4XMM.renamed.noAb_Nup145c_149-550_Sec13_Nup84_7-436_3IKO_updated.pdb_0": [{"rot": [[-0.30878356430000004, -0.9290008606333297, 0.2039855665499899], [-0.6077631326800493, 0.35768887182000003, 0.7090011604581957], [-0.7316260554225228, 0.09495299847118144, -0.6750609180719999]], "trans": [468.72150593, 529.036759186, 640.728044553]}], "rb_4XMM.renamed.noAb_Seh1_Nup85_47_544_3F3F.pdb_0": [{"rot": [[-0.741101633949, -0.6343981960898439, -0.21978921028129325], [-0.6702803210165931, 0.717943479801, 0.18783357279550433], [0.03863495070548709, 0.2865241501325554, -0.9572937124910001]], "trans": [469.39961142999994, 544.506338863, 697.257325552]}], "rb_4XMM.renamed.noAb_Nup120_715-1036_Nup85_553-744_Nup145c_92-99_554-712_remaining_updated.pdb_0": [{"rot": [[-0.24499554877800006, 0.9633411484030823, -0.10932068821772456], [-0.690790896467844, -0.09432942477339995, 0.7168750916157371], [0.680283116383259, 0.2511489426920802, 0.6885775846979998]], "trans": [649.935692025, 469.39711352000006, 704.702597161]}], "rb_4XMM.renamed.noAb_Nup120_2-711_3F7F_updated.pdb_0": [{"rot": [[-0.09890500788510004, 0.5548584997200772, -0.8260446989743553], [-0.990854779973553, 0.021654462543299946, 0.13318366737525517], [0.09178564386008353, 0.8316628701224709, 0.5476424618680001]], "trans": [605.832780026, 499.545790367, 786.626443716]}]}
