{"rb_ScNup133N_56-480_renamed.pdb_0": [{"rot": [[-0.8035379689710002, -0.29996666929733584, 0.5141466033463831], [0.03784573853779441, -0.88774138085, -0.45878419850847546], [0.5940491835668904, -0.3491922651451462, 0.7246863662760001]], "trans": [50.0587484852, 854.254111884, 777.84466733]}], "rb_ScNup84_437-726_ScNup133C_490_1155_renamed_relative_3I4R.pdb_0": [{"rot": [[-0.755943594693, -0.6545513215102673, 0.010575875934782653], [0.4834227130107667, -0.5690543629190001, -0.6651914104888612], [0.441420165135141, -0.49773456736699884, 0.74659797633]], "trans": [358.572679979, 839.429596739, 696.009909088]}], "rb_4XMM.renamed.noAb_Nup145c_149-550_Sec13_Nup84_7-436_3IKO_updated.pdb_0": [{"rot": [[0.9429085893899999, -0.2975571475730622, -0.1496099461357542], [0.25208934312188924, 0.344065610046, 0.9044721217749324], [-0.21765650722855676, -0.8905496055312453, 0.39943340489900003]], "trans": [579.576272176, 797.101871793, 535.619751806]}], "rb_4XMM.renamed.noAb_Seh1_Nup85_47_544_3F3F.pdb_0": [{"rot": [[-0.649129905536, -0.6884582317055074, 0.3235052224242285], [-0.5315529979320638, 0.714757842569, 0.45450262581809575], [-0.5441339689159821, 0.12307107573688669, -0.829922727842]], "trans": [534.580514298, 798.810172555, 597.011900854]}], "rb_4XMM.renamed.noAb_Nup120_715-1036_Nup85_553-744_Nup145c_92-99_554-712_remaining_updated.pdb_0": [{"rot": [[0.774356384007, 0.524194788065971, 0.3543896368576195], [-0.5066664135370647, 0.8491747575440001, -0.14896770302175272], [-0.3790268274688374, -0.06420323445559975, 0.923155787906]], "trans": [648.5158304689999, 800.752657808, 581.9907529700001]}], "rb_4XMM.renamed.noAb_Nup120_2-711_3F7F_updated.pdb_0": [{"rot": [[0.3245182460500001, 0.495351084953965, 0.8058009745685106], [-0.7254321221692028, 0.6770251436900002, -0.12403705469182039], [-0.6069894102088755, -0.544301623593449, 0.5790506009390001]], "trans": [603.20651142, 754.967690199, 505.181994934]}]}
