{"rb_ScNup133N_56-480_renamed.pdb_0": [{"rot": [[-0.12125572609599983, -0.8422821029641061, 0.5252217702221559], [0.9712001490963116, -0.21000247275699996, -0.11255768224003057], [0.20510319179436012, 0.4964471980606887, 0.843488506296]], "trans": [538.00950705, 804.476127928, 566.453512242]}], "rb_ScNup84_437-726_ScNup133C_490_1155_renamed_relative_3I4R.pdb_0": [{"rot": [[0.646475050906, 0.004582124966022533, 0.7629213673026076], [0.2770336238393568, -0.9331371631780001, -0.22914494530438223], [0.7108603096379191, 0.35949136126882153, -0.604519297752]], "trans": [549.585654618, 615.962608733, 651.443445129]}], "rb_4XMM.renamed.noAb_Nup145c_149-550_Sec13_Nup84_7-436_3IKO_updated.pdb_0": [{"rot": [[-0.929397962536, -0.1922445839552385, 0.3150578473452282], [-0.1796389103082773, -0.510073608796, -0.8411627520956214], [0.32241167649014596, -0.8383715963400135, 0.439526765184]], "trans": [235.78962951900002, 731.048085721, 523.958256077]}], "rb_4XMM.renamed.noAb_Seh1_Nup85_47_544_3F3F.pdb_0": [{"rot": [[0.337353479972, 0.7832692025967256, -0.522189607148851], [0.8582227262945805, -0.48384536809700013, -0.17131086317737215], [-0.3868415458844607, -0.3903626724400891, -0.8354463491710001]], "trans": [394.966847516, 797.97602769, 651.37918546]}], "rb_4XMM.renamed.noAb_Nup120_715-1036_Nup85_553-744_Nup145c_92-99_554-712_remaining_updated.pdb_0": [{"rot": [[-0.6779090912449999, -0.7224279083890335, -0.13615131724674734], [-0.5056764462504522, 0.5926674497059999, -0.6269263320091917], [0.5336015327141514, -0.35615054575225924, -0.7670894296269998]], "trans": [212.23450673, 836.947966938, 671.184405669]}], "rb_4XMM.renamed.noAb_Nup120_2-711_3F7F_updated.pdb_0": [{"rot": [[-0.45714245650499996, 0.6812139785111953, -0.5718114111676356], [0.700558501901984, -0.12029558079099989, -0.7033823701622068], [-0.5479402886021632, -0.7221332901363187, -0.422238026951]], "trans": [494.571949537, 739.036903506, 550.730358944]}]}
