{"rb_ScNup133N_56-480_renamed.pdb_0": [{"rot": [[-0.12350518173200009, 0.7959633996298505, -0.5926117924366987], [-0.9922567023494957, -0.09113756927880001, 0.08438352984117592], [0.013157002996515843, 0.5984448261248844, 0.801055980164]], "trans": [541.523524564, 376.6994041749999, 504.754932336]}], "rb_ScNup84_437-726_ScNup133C_490_1155_renamed_relative_3I4R.pdb_0": [{"rot": [[-0.11025345898699992, -0.04475465952783199, -0.992895359658786], [0.2885008677713635, 0.9545328967620003, -0.0750612969133569], [0.9511106266237237, -0.29472694048846765, -0.09232879547429992]], "trans": [564.975893225, 556.69010301, 666.446869525]}], "rb_4XMM.renamed.noAb_Nup145c_149-550_Sec13_Nup84_7-436_3IKO_updated.pdb_0": [{"rot": [[-0.6921387854900001, 0.5870565266907541, 0.41989110027507826], [0.5385280882133348, 0.8073752768810001, -0.24110715561056997], [-0.48055322267748735, 0.059243537631683135, -0.8749621725670003]], "trans": [526.237915271, 582.658599629, 677.332030579]}], "rb_4XMM.renamed.noAb_Seh1_Nup85_47_544_3F3F.pdb_0": [{"rot": [[-0.10993781659899998, -0.4925026858382565, 0.863339319690438], [0.9924690601702949, -0.10160800597400005, 0.0684176711579621], [0.0540262999486002, 0.8643592526051256, 0.4999642400710002]], "trans": [468.040793022, 541.746159291, 750.691150523]}], "rb_4XMM.renamed.noAb_Nup120_715-1036_Nup85_553-744_Nup145c_92-99_554-712_remaining_updated.pdb_0": [{"rot": [[-0.936467408473, -0.3481271089619701, -0.04285217466644947], [0.17736461026886852, -0.3645914240759999, -0.9141197342331073], [0.3026063249372618, -0.8636437978101938, 0.40317341506099996]], "trans": [470.600445372, 475.529423793, 562.494269904]}], "rb_4XMM.renamed.noAb_Nup120_2-711_3F7F_updated.pdb_0": [{"rot": [[-0.921865888051, -0.188106194040021, 0.3387910037349267], [-0.31912191219061753, 0.864488066122, -0.3883575526398944], [-0.21982831848455048, -0.4661292130905577, -0.856970867122]], "trans": [459.577631447, 671.565117663, 690.296284768]}]}
