{"rb_ScNup133N_56-480_renamed.pdb_0": [{"rot": [[0.5690531276669998, 0.3225112429885061, -0.7564159147178315], [0.45359542666626473, -0.890380533992, -0.03838871703469718], [-0.6858787989141042, -0.32126158007786987, -0.65296345255]], "trans": [704.485202824, 682.759073706, 544.04864647]}], "rb_ScNup84_437-726_ScNup133C_490_1155_renamed_relative_3I4R.pdb_0": [{"rot": [[-0.601086097949, 0.42457330425142403, 0.6770768140835077], [0.152223357724824, 0.8925237198149999, -0.42453440252890656], [-0.7845530907564033, -0.15211482138379256, -0.601113574044]], "trans": [424.999151386, 481.086181791, 690.683189496]}], "rb_4XMM.renamed.noAb_Nup145c_149-550_Sec13_Nup84_7-436_3IKO_updated.pdb_0": [{"rot": [[0.8752544407019999, 0.21168176209716713, -0.43487986344146523], [-0.47569134059927587, 0.5393241824240002, -0.6948720563755226], [0.08744948547757636, 0.8150584383025072, 0.572741066837]], "trans": [622.400715516, 521.945917378, 714.703415528]}], "rb_4XMM.renamed.noAb_Seh1_Nup85_47_544_3F3F.pdb_0": [{"rot": [[0.24657983623399998, 0.18998494232537189, 0.9503178973651074], [0.7626748085629871, 0.5669719392339999, -0.31123938777835997], [-0.597934378294328, 0.8015288777148721, -0.005092881592260054]], "trans": [608.998135546, 604.122156878, 698.468187653]}], "rb_4XMM.renamed.noAb_Nup120_715-1036_Nup85_553-744_Nup145c_92-99_554-712_remaining_updated.pdb_0": [{"rot": [[-0.2789151018489999, 0.8848257952701478, -0.3732153238883853], [0.7521159421633073, -0.04037174520260001, -0.6577930766837674], [-0.5970996361616396, -0.46416961793491684, -0.6542312972349998]], "trans": [687.568718177, 551.259667278, 576.682807052]}], "rb_4XMM.renamed.noAb_Nup120_2-711_3F7F_updated.pdb_0": [{"rot": [[-0.721379868005, -0.6709375583563145, -0.17162132391971552], [0.015466923540084276, -0.26336113545300005, 0.9645733184206952], [-0.6923668538522725, 0.6931693192285516, 0.20036076104600004]], "trans": [361.954829302, 402.775936732, 735.918949681]}]}
