{"rb_ScNup133N_56-480_renamed.pdb_0": [{"rot": [[-0.942788519289, -0.2601645118693247, -0.20848077767662643], [-0.32912130209090723, 0.626525685576, 0.7065017578346915], [-0.053188122798616344, 0.7346972111539007, -0.676306906305]], "trans": [75.5093903163, 560.821080815, 612.719405349]}], "rb_ScNup84_437-726_ScNup133C_490_1155_renamed_relative_3I4R.pdb_0": [{"rot": [[-0.8661766096129999, -0.07092743323202194, -0.4946790678555599], [-0.351852331742344, 0.7894941094950001, 0.5028906319670036], [0.35487746844059304, 0.6096460860924261, -0.708797313839]], "trans": [331.431328618, 678.244254763, 568.705984794]}], "rb_4XMM.renamed.noAb_Nup145c_149-550_Sec13_Nup84_7-436_3IKO_updated.pdb_0": [{"rot": [[0.570554433569, 0.5038652038726321, -0.6485271734176976], [0.08491709732771607, 0.7492462104540001, 0.656825092929431], [0.8168578364172023, -0.4298255139550365, 0.384698976652]], "trans": [656.095735484, 585.035703998, 655.476216842]}], "rb_4XMM.renamed.noAb_Seh1_Nup85_47_544_3F3F.pdb_0": [{"rot": [[-0.43746615822999996, 0.22827484959144678, 0.8697781058680928], [0.026443673479050786, -0.9635583865540001, 0.2661878431378595], [0.8988459782056203, 0.13944830133585231, 0.41548776000999993]], "trans": [511.886015615, 445.949671067, 663.713190678]}], "rb_4XMM.renamed.noAb_Nup120_715-1036_Nup85_553-744_Nup145c_92-99_554-712_remaining_updated.pdb_0": [{"rot": [[0.5305229034280001, 0.5291687531605239, 0.6622128657892878], [-0.6604609680313788, 0.7477390953970002, -0.06839265254345744], [-0.5313537038972995, -0.40108188178152915, 0.7461880228610003]], "trans": [602.317788695, 586.022613375, 565.502716784]}], "rb_4XMM.renamed.noAb_Nup120_2-711_3F7F_updated.pdb_0": [{"rot": [[-0.7492500689909999, -0.3087873138408669, 0.5858965172519152], [0.20555192081683837, -0.949390601692, -0.2374992489828347], [0.6295814021756757, -0.05751417416467253, 0.7748027993009999]], "trans": [422.568418864, 295.085167404, 681.392114917]}]}
