{"rb_ScNup133N_56-480_renamed.pdb_0": [{"rot": [[-0.7196189322980001, -0.5272165505577066, -0.45187531587410235], [0.5878947228053543, -0.8089023204540001, 0.007538624659050613], [-0.36949747925513954, -0.26023017654024583, 0.8920492520270001]], "trans": [166.581227441, 923.229695212, 528.806593794]}], "rb_ScNup84_437-726_ScNup133C_490_1155_renamed_relative_3I4R.pdb_0": [{"rot": [[-0.20041992917499996, -0.10778883663355285, -0.9737625063056563], [-0.5861592165769153, -0.783216117481, 0.20734002541700772], [-0.7850154296645544, 0.6123349410373164, 0.09379069875739998]], "trans": [334.33247421, 763.393446133, 675.768342356]}], "rb_4XMM.renamed.noAb_Nup145c_149-550_Sec13_Nup84_7-436_3IKO_updated.pdb_0": [{"rot": [[0.614897620319, 0.6452891908403977, -0.453324140886602], [-0.07818335878172739, 0.621892398408, 0.7791900969673274], [0.7847217844151126, -0.44367973244998493, 0.43285103220099996]], "trans": [645.148930777, 609.630190231, 640.542610319]}], "rb_4XMM.renamed.noAb_Seh1_Nup85_47_544_3F3F.pdb_0": [{"rot": [[-0.4622346415509999, -0.02915430048410861, -0.8862782649447636], [0.836883324723505, 0.31612012633199993, -0.4468717562428539], [0.2931986305390099, -0.9482711070633347, -0.12172292536299983]], "trans": [550.922687955, 529.61136988, 573.104941966]}], "rb_4XMM.renamed.noAb_Nup120_715-1036_Nup85_553-744_Nup145c_92-99_554-712_remaining_updated.pdb_0": [{"rot": [[0.9885306826010001, -0.08008041273476053, 0.1280399041417615], [-0.0687281638266191, 0.5163969994220001, 0.853586889827261], [-0.13447501274743376, -0.8525967783684064, 0.504970498606]], "trans": [569.109347118, 545.600760936, 577.03041742]}], "rb_4XMM.renamed.noAb_Nup120_2-711_3F7F_updated.pdb_0": [{"rot": [[-0.921865888051, -0.188106194040021, 0.3387910037349267], [-0.31912191219061753, 0.864488066122, -0.3883575526398944], [-0.21982831848455048, -0.4661292130905577, -0.856970867122]], "trans": [459.577631447, 671.565117663, 690.296284768]}]}
