{"rb_ScNup133N_56-480_renamed.pdb_0": [{"rot": [[-0.408098299176, 0.6398490877658893, 0.6511903892832075], [-0.0008667831964083161, -0.713562170809, 0.7005913766791866], [0.9129375810517094, 0.28534570835305517, 0.29175811870099994]], "trans": [183.803791832, 446.459199441, 983.361389679]}], "rb_ScNup84_437-726_ScNup133C_490_1155_renamed_relative_3I4R.pdb_0": [{"rot": [[-0.25040274804399987, 0.4891863398170641, -0.8354610635501795], [-0.9555975262365373, 0.013581027019300085, 0.2943618921594834], [0.1553442358847712, 0.8720735523116642, 0.4640645297110001]], "trans": [404.223624413, 479.24309235, 707.418097918]}], "rb_4XMM.renamed.noAb_Nup145c_149-550_Sec13_Nup84_7-436_3IKO_updated.pdb_0": [{"rot": [[0.41767936191499994, -0.7555233605684064, -0.504706253444219], [-0.18165675374505563, 0.4748261693930001, -0.8611277098539903], [0.8902498382190736, 0.45135857197464613, 0.061079170393200086]], "trans": [532.325530721, 592.95026991, 739.634100422]}], "rb_4XMM.renamed.noAb_Seh1_Nup85_47_544_3F3F.pdb_0": [{"rot": [[0.16915227021, -0.7789912593079769, 0.6037881477841177], [-0.5952649987404541, 0.40751274179299996, 0.6925264951977499], [-0.7855234501638576, -0.476556379873488, -0.39477452557700016]], "trans": [478.555954101, 519.583611644, 684.599294139]}], "rb_4XMM.renamed.noAb_Nup120_715-1036_Nup85_553-744_Nup145c_92-99_554-712_remaining_updated.pdb_0": [{"rot": [[-0.23869590146200004, 0.9594804942546645, 0.14973793029846477], [0.5339014200639393, 0.0008647695939479894, 0.8455462884001435], [0.811155681900184, 0.28177372716130594, -0.512474415364]], "trans": [651.013610579, 504.64752342099996, 789.21068508]}], "rb_4XMM.renamed.noAb_Nup120_2-711_3F7F_updated.pdb_0": [{"rot": [[0.566295061535, -0.4072057187046142, 0.7165845420711566], [-0.5158889414029447, 0.5029284468699999, 0.6934850953460201], [-0.6427818474562109, -0.7623952255773827, 0.07473296861219984]], "trans": [422.93111393799995, 558.334267643, 509.50476280400005]}]}
