{"rb_ScNup133N_56-480_renamed.pdb_0": [{"rot": [[0.47140128408499987, -0.8578606152988931, -0.204587375177497], [0.750003460800348, 0.2679093973399999, 0.6047473551859646], [-0.46397805783303403, -0.43851991920085315, 0.769691264283]], "trans": [758.364976084, 674.191100428, 454.03348861999996]}], "rb_ScNup84_437-726_ScNup133C_490_1155_renamed_relative_3I4R.pdb_0": [{"rot": [[0.4133232221029999, -0.07293979698667641, 0.9076583608858217], [0.12945169855690541, -0.981955753314, -0.13785919002470245], [0.901335770848537, 0.174478321143566, -0.39642293530999995]], "trans": [534.83959448, 658.922014819, 647.97414538]}], "rb_4XMM.renamed.noAb_Nup145c_149-550_Sec13_Nup84_7-436_3IKO_updated.pdb_0": [{"rot": [[-0.929397962536, -0.1922445839552385, 0.3150578473452282], [-0.1796389103082773, -0.510073608796, -0.8411627520956214], [0.32241167649014596, -0.8383715963400135, 0.439526765184]], "trans": [235.78962951900002, 731.048085721, 523.958256077]}], "rb_4XMM.renamed.noAb_Seh1_Nup85_47_544_3F3F.pdb_0": [{"rot": [[-0.579690860427, -0.3332193990064578, -0.7435881511046148], [-0.5823011926234938, 0.8077529836150001, 0.09198064214997878], [0.5699858133380701, 0.48631260479946503, -0.662281075531]], "trans": [316.231922782, 881.298306638, 710.725742583]}], "rb_4XMM.renamed.noAb_Nup120_715-1036_Nup85_553-744_Nup145c_92-99_554-712_remaining_updated.pdb_0": [{"rot": [[-0.014701011502099959, 0.7102369711764477, -0.703809153844223], [0.5166601696594665, -0.5972404390810002, -0.6134868596912126], [-0.856064337154788, -0.37264903421374945, -0.3581711154619999]], "trans": [449.645061384, 747.985257532, 551.503931321]}], "rb_4XMM.renamed.noAb_Nup120_2-711_3F7F_updated.pdb_0": [{"rot": [[0.3046919927020001, -0.34336743710305845, -0.8884039580734441], [-0.8544894471959557, -0.510572823162, -0.09572448421974128], [-0.4207262461673088, 0.7882982908681602, -0.4489713024240001]], "trans": [267.800016402, 679.14163497, 762.9797599359999]}]}
