{"rb_ScNup133N_56-480_renamed.pdb_0": [{"rot": [[0.47140128408499987, -0.8578606152988931, -0.204587375177497], [0.750003460800348, 0.2679093973399999, 0.6047473551859646], [-0.46397805783303403, -0.43851991920085315, 0.769691264283]], "trans": [758.364976084, 674.191100428, 454.03348861999996]}], "rb_ScNup84_437-726_ScNup133C_490_1155_renamed_relative_3I4R.pdb_0": [{"rot": [[0.4133232221029999, -0.07293979698667641, 0.9076583608858217], [0.12945169855690541, -0.981955753314, -0.13785919002470245], [0.901335770848537, 0.174478321143566, -0.39642293530999995]], "trans": [534.83959448, 658.922014819, 647.97414538]}], "rb_4XMM.renamed.noAb_Nup145c_149-550_Sec13_Nup84_7-436_3IKO_updated.pdb_0": [{"rot": [[-0.929397962536, -0.1922445839552385, 0.3150578473452282], [-0.1796389103082773, -0.510073608796, -0.8411627520956214], [0.32241167649014596, -0.8383715963400135, 0.439526765184]], "trans": [235.78962951900002, 731.048085721, 523.958256077]}], "rb_4XMM.renamed.noAb_Seh1_Nup85_47_544_3F3F.pdb_0": [{"rot": [[0.9067655576839999, -0.4107606673611476, 0.09514146071534291], [0.08713950564298004, -0.03820889487090006, -0.9954631017315717], [0.41253233807099476, 0.910942234448359, 0.0011469716253299442]], "trans": [297.533470976, 689.380293488, 800.517354284]}], "rb_4XMM.renamed.noAb_Nup120_715-1036_Nup85_553-744_Nup145c_92-99_554-712_remaining_updated.pdb_0": [{"rot": [[0.830767781215, -0.11126424011594266, 0.5453853340222194], [-0.5024272816491615, -0.5716046585320002, 0.648717920978872], [0.23956569109482326, -0.8129504186701288, -0.5307729236070001]], "trans": [334.550664486, 678.690497597, 599.008852116]}], "rb_4XMM.renamed.noAb_Nup120_2-711_3F7F_updated.pdb_0": [{"rot": [[0.512447096737, 0.35253955420435984, -0.7830158592054257], [-0.8296634747916403, 0.43845126145699986, -0.34557055708411677], [0.22148700106886876, 0.8267262872608787, 0.517172267537]], "trans": [489.198346218, 900.509980543, 889.466232541]}]}
