{"rb_ScNup133N_56-480_renamed.pdb_0": [{"rot": [[0.44281031574599994, -0.8746214173240485, 0.19737375870920687], [0.25872943517645886, 0.335411864171, 0.9058465437073793], [-0.8584742882825311, -0.35005179292699967, 0.374814138776]], "trans": [776.265841057, 327.454014024, 282.185351764]}], "rb_ScNup84_437-726_ScNup133C_490_1155_renamed_relative_3I4R.pdb_0": [{"rot": [[-0.823855634868, 0.2676182976921343, 0.49964221162408706], [-0.5413982211083549, -0.11061780025699997, -0.8334576584608311], [-0.16777919739036096, -0.9571541929107696, 0.23602116836499998]], "trans": [626.199638267, 447.534043766, 604.060934161]}], "rb_4XMM.renamed.noAb_Nup145c_149-550_Sec13_Nup84_7-436_3IKO_updated.pdb_0": [{"rot": [[-0.006296373859449977, -0.27770799527649737, 0.9606449005932061], [-0.9039538447639552, -0.40919169102599995, -0.12421596729787021], [0.4275836786088602, -0.8691607615135368, -0.2484587861849999]], "trans": [476.77494243399997, 422.610903207, 685.4154932249999]}], "rb_4XMM.renamed.noAb_Seh1_Nup85_47_544_3F3F.pdb_0": [{"rot": [[-0.16680415400300005, 0.27047484313422376, 0.9481665114518971], [0.7563033554100022, 0.6520739641690001, -0.05296017228538619], [-0.6325990901059815, 0.7082675373645491, -0.313329677357]], "trans": [557.429290648, 549.389109979, 706.26471035]}], "rb_4XMM.renamed.noAb_Nup120_715-1036_Nup85_553-744_Nup145c_92-99_554-712_remaining_updated.pdb_0": [{"rot": [[-0.631395710001, -0.2554442343108534, -0.7321801011702482], [-0.13596300248946444, -0.8930941858499999, 0.4288319451195021], [-0.7634484392192986, 0.3703120553779847, 0.5291648725069998]], "trans": [511.55060350900004, 379.50873072800005, 688.942742896]}], "rb_4XMM.renamed.noAb_Nup120_2-711_3F7F_updated.pdb_0": [{"rot": [[-0.1209722017969998, -0.8384165515098125, -0.5314352383374474], [0.4943572474166458, -0.5151383597499998, 0.7001738228759462], [-0.8607999990235962, -0.17801729261078386, 0.4767947202019998]], "trans": [396.21238028499994, 473.587546892, 584.01695527]}]}
