{"rb_ScNup133N_56-480_renamed.pdb_0": [{"rot": [[-0.005699929690269986, 0.7090705384323803, -0.7051145171734448], [0.9786600792922953, -0.14088450133600006, -0.1495861172799967], [-0.2054068158584917, -0.6909200596382483, -0.693135997614]], "trans": [588.846215352, 916.561918636, 701.533841736]}], "rb_ScNup84_437-726_ScNup133C_490_1155_renamed_relative_3I4R.pdb_0": [{"rot": [[-0.32044495069100004, 0.025722518495125832, -0.9469178346714728], [-0.06848855699261151, -0.9976441874390003, -0.003923369756625467], [-0.9447879926934468, 0.06359581205901303, 0.3214517406250001]], "trans": [570.722361049, 737.813320964, 611.001346653]}], "rb_4XMM.renamed.noAb_Nup145c_149-550_Sec13_Nup84_7-436_3IKO_updated.pdb_0": [{"rot": [[-0.7671787969920001, -0.2443341657535555, 0.59307462337502], [-0.08415719164781399, -0.8782742943500003, -0.4706929264158986], [0.6358885598435161, -0.41101712778121974, 0.6532309393550002]], "trans": [446.45477612, 764.388826805, 605.83099393]}], "rb_4XMM.renamed.noAb_Seh1_Nup85_47_544_3F3F.pdb_0": [{"rot": [[0.9259855759590001, 0.12368177902417313, -0.35672612835800893], [0.11659923727587337, 0.8049611126590002, 0.581757874870181], [0.3591035101228664, -0.5802933953132676, 0.730961178431]], "trans": [383.79957756, 954.55425482, 664.562845417]}], "rb_4XMM.renamed.noAb_Nup120_715-1036_Nup85_553-744_Nup145c_92-99_554-712_remaining_updated.pdb_0": [{"rot": [[-0.8565817514840001, 0.08031687534101914, 0.5097223779274931], [-0.2303054718532533, 0.8244616241260001, -0.5169356052526937], [-0.46176519212588263, -0.5601894589145475, -0.6877213661520001]], "trans": [345.970494492, 939.116433479, 605.575393907]}], "rb_4XMM.renamed.noAb_Nup120_2-711_3F7F_updated.pdb_0": [{"rot": [[-0.595873683122, -0.5759719954214402, -0.5596345363296183], [-0.6743276213931733, -0.01960589894390019, 0.7381719770844912], [-0.436138524770339, 0.8172342804954074, -0.37671118644699997]], "trans": [244.77697651900002, 696.886911291, 869.24658103]}]}
