{"rb_ScNup133N_56-480_renamed.pdb_0": [{"rot": [[0.9042323456839999, 0.3796235516889013, 0.19557562225879588], [0.39936850644065114, -0.5895613281639999, -0.7020842089072107], [-0.15122387735465143, 0.7129539952455589, -0.6847101135379999]], "trans": [681.679610528, 707.427378764, 761.666592033]}], "rb_ScNup84_437-726_ScNup133C_490_1155_renamed_relative_3I4R.pdb_0": [{"rot": [[-0.3878709763410001, -0.7414303488069895, 0.5475738704323144], [0.9030961784406406, -0.4245039293730001, 0.06491306827437426], [0.18431874076769825, 0.5196897649702452, 0.834235668134]], "trans": [532.025950358, 506.568842866, 691.048630776]}], "rb_4XMM.renamed.noAb_Nup145c_149-550_Sec13_Nup84_7-436_3IKO_updated.pdb_0": [{"rot": [[0.8840306607819999, -0.20479793288752637, -0.4201756745485592], [0.2290954172230061, 0.9733745059380001, 0.007573704336124351], [0.4074372106285301, -0.1029557083164917, 0.907411175554]], "trans": [688.7334729470001, 540.885524814, 590.572264916]}], "rb_4XMM.renamed.noAb_Seh1_Nup85_47_544_3F3F.pdb_0": [{"rot": [[0.6661946848210001, 0.19568286535994975, -0.7196477319638883], [-0.5791934137839145, 0.7436408915650001, -0.33396588721267195], [0.4698080792681026, 0.6393015255706276, 0.6087478361830001]], "trans": [650.169239617, 472.33984822, 621.164435231]}], "rb_4XMM.renamed.noAb_Nup120_715-1036_Nup85_553-744_Nup145c_92-99_554-712_remaining_updated.pdb_0": [{"rot": [[0.4649354946199998, -0.6683281164400373, 0.5806655789851571], [0.7308083763051999, 0.6599267376049998, 0.17440131340152978], [-0.4997540424695062, 0.34326990804574364, 0.795243149776]], "trans": [564.963795545, 510.140848372, 577.119272424]}], "rb_4XMM.renamed.noAb_Nup120_2-711_3F7F_updated.pdb_0": [{"rot": [[-0.10728012329799996, 0.001486520144892145, -0.9942277231112724], [0.28222661210048344, -0.958817699012, -0.031886666235547145], [-0.9533305379392025, -0.2840183274353836, 0.10244254542599995]], "trans": [715.666089987, 212.613362507, 478.74339706000006]}]}
