{"rb_ScNup133N_56-480_renamed.pdb_0": [{"rot": [[-0.289724300645, -0.6836292267124211, 0.6698588731966928], [-0.8690323195636025, -0.10536886273400012, -0.4834048306751269], [0.40105193824450014, -0.7221831368501488, -0.563567972546]], "trans": [411.33585050299996, 429.6668238660001, 859.846919268]}], "rb_ScNup84_437-726_ScNup133C_490_1155_renamed_relative_3I4R.pdb_0": [{"rot": [[0.33733091783399993, 0.9396951088091354, 0.05639994994198233], [-0.6073131151774029, 0.17145318496899986, 0.7757413135172732], [0.7192903669637107, -0.2959339585856494, 0.6285256240989999]], "trans": [486.984835361, 505.917571971, 667.709055056]}], "rb_4XMM.renamed.noAb_Nup145c_149-550_Sec13_Nup84_7-436_3IKO_updated.pdb_0": [{"rot": [[0.41767936191499994, -0.7555233605684064, -0.504706253444219], [-0.18165675374505563, 0.4748261693930001, -0.8611277098539903], [0.8902498382190736, 0.45135857197464613, 0.061079170393200086]], "trans": [532.325530721, 592.95026991, 739.634100422]}], "rb_4XMM.renamed.noAb_Seh1_Nup85_47_544_3F3F.pdb_0": [{"rot": [[0.8429296702469999, -0.25709166321576693, -0.4726240024821364], [0.5377525219369368, 0.4304764553660001, 0.7249222348128028], [0.0170820422592875, -0.8652132096081722, 0.5011130668340001]], "trans": [540.701862, 556.976902899, 615.206267866]}], "rb_4XMM.renamed.noAb_Nup120_715-1036_Nup85_553-744_Nup145c_92-99_554-712_remaining_updated.pdb_0": [{"rot": [[-0.5715658221460002, 0.777391034483855, -0.2626322342338974], [-0.15079192852362183, 0.21510516351700004, 0.9648790405643869], [0.8065818651858558, 0.5910947031842245, -0.0057224663266499665]], "trans": [620.711859022, 526.86456011, 790.850453169]}], "rb_4XMM.renamed.noAb_Nup120_2-711_3F7F_updated.pdb_0": [{"rot": [[0.0004631327838880983, 0.8725907576124126, 0.4884517941797537], [-0.08887760664244992, 0.48655474245400004, -0.8691175142827532], [-0.9960424471605287, -0.04300990961299145, 0.0777791175673]], "trans": [637.162526623, 639.752216718, 598.318776498]}]}
