{"rb_ScNup133N_56-480_renamed.pdb_0": [{"rot": [[0.4658965506369998, -0.6950812898570479, -0.5475421486928729], [-0.3229967295526447, -0.709699280722, 0.6260990685514327], [-0.8237800172393364, -0.1148430730751252, -0.5551554302750001]], "trans": [648.862094707, 363.644660703, 615.3478617189999]}], "rb_ScNup84_437-726_ScNup133C_490_1155_renamed_relative_3I4R.pdb_0": [{"rot": [[-0.6928295501689998, -0.41485122143872977, -0.5898183436308293], [-0.173328211043117, -0.6981542375249999, 0.6946495460895936], [-0.6999603886429673, 0.5835058908842992, 0.4117964662719999]], "trans": [536.106348845, 499.436629242, 696.586308128]}], "rb_4XMM.renamed.noAb_Nup145c_149-550_Sec13_Nup84_7-436_3IKO_updated.pdb_0": [{"rot": [[-0.03430083958569996, -0.4839354107675041, 0.8744312269178195], [0.4696041671329968, -0.780145437388, -0.41333403287657156], [0.8822105069738405, 0.39645884367481743, 0.25401772902099995]], "trans": [473.909033047, 598.052617148, 708.833088235]}], "rb_4XMM.renamed.noAb_Seh1_Nup85_47_544_3F3F.pdb_0": [{"rot": [[-0.900366588231, -0.0934241923251117, 0.4249846198224935], [0.0682807529170171, 0.934245330213, 0.350033429483939], [-0.4297414869178377, 0.34417667449088263, -0.8347842063420001]], "trans": [555.031157016, 780.475446438, 614.684242514]}], "rb_4XMM.renamed.noAb_Nup120_715-1036_Nup85_553-744_Nup145c_92-99_554-712_remaining_updated.pdb_0": [{"rot": [[-0.45795936483900007, 0.8466272216542565, -0.27110065973776987], [-0.5930061673895437, -0.518131995055, -0.6163464294844987], [-0.6622815908616396, -0.12149725615963489, 0.739338563279]], "trans": [638.843614588, 589.364795815, 576.647618561]}], "rb_4XMM.renamed.noAb_Nup120_2-711_3F7F_updated.pdb_0": [{"rot": [[0.5104912138570001, -0.5501408868859433, 0.6608658904431021], [0.00842984986329387, 0.771718230726, 0.6359087277246749], [-0.8598416471688778, -0.31905481808222247, 0.3985929814390001]], "trans": [394.633218329, 791.052230029, 552.8090303049999]}]}
