{"rb_ScNup133N_56-480_renamed.pdb_0": [{"rot": [[-0.1600447198640001, -0.690132278009947, -0.7057642145167571], [-0.7620181297175521, 0.5408636132370002, -0.3560827458021252], [0.6274663796773641, 0.48081596346733124, -0.6124556732119999]], "trans": [439.826173672, 296.42842260500004, 927.443174616]}], "rb_ScNup84_437-726_ScNup133C_490_1155_renamed_relative_3I4R.pdb_0": [{"rot": [[-0.616346057355, -0.6032779322649507, -0.5061356280929772], [-0.7656443213589815, 0.3087960592900001, 0.5642993593277521], [-0.18413666325230227, 0.7353235547764618, -0.6522215567100003]], "trans": [431.144307683, 457.271260697, 677.08267543]}], "rb_4XMM.renamed.noAb_Nup145c_149-550_Sec13_Nup84_7-436_3IKO_updated.pdb_0": [{"rot": [[-0.5993546054839999, 0.7986209439044496, -0.05457696256008276], [0.7843809555390131, 0.5995378532789998, 0.15906250052514906], [0.15975159928095692, 0.0525257122062546, -0.9857588326179999]], "trans": [530.186825649, 559.917662863, 790.090280594]}], "rb_4XMM.renamed.noAb_Seh1_Nup85_47_544_3F3F.pdb_0": [{"rot": [[0.8934767461289997, 0.4462191228791024, -0.050870408920500834], [-0.39384681122259185, 0.8329274999139998, 0.38873701801707766], [0.21583325373197387, -0.3272923376188604, 0.9199433310369999]], "trans": [604.394102295, 611.273121969, 671.558015082]}], "rb_4XMM.renamed.noAb_Nup120_715-1036_Nup85_553-744_Nup145c_92-99_554-712_remaining_updated.pdb_0": [{"rot": [[0.3371657208480003, 0.4679542113812462, -0.8169076647550838], [-0.4382333825438673, -0.689963129711, -0.5761096962068615], [-0.8332291276168932, 0.5522406501607409, -0.027558759058300186]], "trans": [611.87917349, 413.844771088, 749.100942466]}], "rb_4XMM.renamed.noAb_Nup120_2-711_3F7F_updated.pdb_0": [{"rot": [[-0.689582519802, -0.6844747993071073, 0.23658021366339846], [-0.6585559750023863, 0.7285759999919998, 0.1883641155430453], [-0.3012971559311183, -0.025908711838923987, -0.9531782427639999]], "trans": [324.477681981, 658.302286611, 701.878104583]}]}
