{"rb_ScNup133N_56-480_renamed.pdb_0": [{"rot": [[0.1329071172780001, -0.9615239255900292, 0.2404317755513854], [0.3929788435124241, -0.17157763984299998, -0.9033984403670083], [0.9098919313459646, 0.21455268356244245, 0.3550546707869998]], "trans": [525.061972776, 738.505694845, 838.449875926]}], "rb_ScNup84_437-726_ScNup133C_490_1155_renamed_relative_3I4R.pdb_0": [{"rot": [[-0.23965469731, 0.3839600890172896, -0.8917063844669316], [-0.3699820865355694, -0.8852828525599999, -0.28175792199335864], [-0.8975961684967458, 0.2623907791921511, 0.3542205489449999]], "trans": [548.425619148, 607.59277744, 624.966455634]}], "rb_4XMM.renamed.noAb_Nup145c_149-550_Sec13_Nup84_7-436_3IKO_updated.pdb_0": [{"rot": [[-0.30878356430000004, -0.9290008606333297, 0.2039855665499899], [-0.6077631326800493, 0.35768887182000003, 0.7090011604581957], [-0.7316260554225228, 0.09495299847118144, -0.6750609180719999]], "trans": [468.72150593, 529.036759186, 640.728044553]}], "rb_4XMM.renamed.noAb_Seh1_Nup85_47_544_3F3F.pdb_0": [{"rot": [[-0.2643684809810002, -0.4046966305839889, 0.8754027321511882], [-0.6296926495469649, -0.615079588385, -0.4745147701164447], [0.7304768807911185, -0.6766814148076667, -0.09222683711139984]], "trans": [465.598293777, 446.3483516719999, 637.538919223]}], "rb_4XMM.renamed.noAb_Nup120_715-1036_Nup85_553-744_Nup145c_92-99_554-712_remaining_updated.pdb_0": [{"rot": [[-0.6308838301, -0.4864435284496272, 0.6044487460056733], [-0.5786831425151069, 0.813952817168, 0.051055185761261834], [-0.5168282243523421, -0.31757440868834685, -0.795006340515]], "trans": [438.54025549900007, 604.787517184, 617.358554049]}], "rb_4XMM.renamed.noAb_Nup120_2-711_3F7F_updated.pdb_0": [{"rot": [[-0.7992733797480001, -0.16515525385147609, 0.5778285269450307], [0.31901094242538475, -0.9314465521710003, 0.17504096395308305], [0.5093074543329181, 0.32423920579413457, 0.7971667669860001]], "trans": [491.03907395600004, 297.8026607979999, 713.242420324]}]}
