{"rb_ScNup133N_56-480_renamed.pdb_0": [{"rot": [[-0.5884674855999998, 0.4888667286040203, -0.6439839594707442], [-0.10432372681721108, -0.8357488511359998, -0.5391107658429982], [-0.8017621707305613, -0.2500663501730276, 0.5428114240659999]], "trans": [235.646340335, 847.265701069, 476.1888510719999]}], "rb_ScNup84_437-726_ScNup133C_490_1155_renamed_relative_3I4R.pdb_0": [{"rot": [[0.07069255885810005, 0.3522168809907512, -0.9332447861452219], [-0.8754712274475712, -0.42649096516999985, -0.2272786539466582], [-0.47807184819181414, 0.8330958680569174, 0.278206007471]], "trans": [390.167473617, 826.184472084, 672.948734507]}], "rb_4XMM.renamed.noAb_Nup145c_149-550_Sec13_Nup84_7-436_3IKO_updated.pdb_0": [{"rot": [[0.9329424444619999, -0.33605569074075026, -0.1291703063479575], [0.24162636944360513, 0.3184688318, 0.9166211326177494], [-0.2668990313035445, -0.8863657122727053, 0.378313006909]], "trans": [575.544835076, 794.523934644, 533.828820462]}], "rb_4XMM.renamed.noAb_Seh1_Nup85_47_544_3F3F.pdb_0": [{"rot": [[-0.2301578293840001, 0.9260506969652166, 0.2990944336216942], [-0.7932847763389571, -0.0005149720986239448, -0.6088505550893325], [-0.5636724555999665, -0.3773987830584171, 0.7347404448809999]], "trans": [547.202193021, 832.706965783, 617.402405088]}], "rb_4XMM.renamed.noAb_Nup120_715-1036_Nup85_553-744_Nup145c_92-99_554-712_remaining_updated.pdb_0": [{"rot": [[0.019980653453500086, 0.570593940122008, 0.8209892380437233], [0.8781253288835004, -0.402615846231, 0.25844997027846606], [0.4780132636871234, 0.7157674453757575, -0.5090975190269998]], "trans": [567.985196722, 815.190075918, 724.496103174]}], "rb_4XMM.renamed.noAb_Nup120_2-711_3F7F_updated.pdb_0": [{"rot": [[0.6874593228670002, -0.4142745527590523, -0.5964698436128462], [-0.4989564586746898, 0.32734502889799993, -0.8024261239532151], [0.5276761618171306, 0.8492478006989803, 0.018331428146399934]], "trans": [464.9982766250001, 944.183085444, 732.866946462]}]}
