{"rb_ScNup133N_56-480_renamed.pdb_0": [{"rot": [[0.44281031574599994, -0.8746214173240485, 0.19737375870920687], [0.25872943517645886, 0.335411864171, 0.9058465437073793], [-0.8584742882825311, -0.35005179292699967, 0.374814138776]], "trans": [776.265841057, 327.454014024, 282.185351764]}], "rb_ScNup84_437-726_ScNup133C_490_1155_renamed_relative_3I4R.pdb_0": [{"rot": [[-0.823855634868, 0.2676182976921343, 0.49964221162408706], [-0.5413982211083549, -0.11061780025699997, -0.8334576584608311], [-0.16777919739036096, -0.9571541929107696, 0.23602116836499998]], "trans": [626.199638267, 447.534043766, 604.060934161]}], "rb_4XMM.renamed.noAb_Nup145c_149-550_Sec13_Nup84_7-436_3IKO_updated.pdb_0": [{"rot": [[-0.5655072157280001, 0.5291965731577715, 0.6325761423873308], [0.7081553823842179, 0.704713588427, 0.04352829753853074], [-0.42274997736230246, 0.47257776634582827, -0.7732740208979999]], "trans": [477.58292857899994, 613.205169481, 703.892390713]}], "rb_4XMM.renamed.noAb_Seh1_Nup85_47_544_3F3F.pdb_0": [{"rot": [[0.38945099083700013, 0.27166014745869016, -0.8800731162913689], [0.6255360560607831, 0.6233268672059998, 0.4692209065963221], [0.6760418391667777, -0.733256013205399, 0.0728220488185]], "trans": [501.7402675519999, 545.535415435, 707.722970508]}], "rb_4XMM.renamed.noAb_Nup120_715-1036_Nup85_553-744_Nup145c_92-99_554-712_remaining_updated.pdb_0": [{"rot": [[0.34450952793300005, -0.9387772502706446, -0.0032341208494767112], [-0.9352877706884792, -0.3435218888150001, 0.08502645415133635], [-0.08093189213132279, -0.02626758990204955, -0.996373445329]], "trans": [413.389916891, 415.984598508, 733.891712803]}], "rb_4XMM.renamed.noAb_Nup120_2-711_3F7F_updated.pdb_0": [{"rot": [[-0.761576634446, 0.11666127634285037, -0.6374881775123056], [-0.18839077786157685, -0.981038191123, 0.04553001619615614], [-0.620088658727616, 0.1547714901400427, 0.769113672455]], "trans": [607.827496657, 287.85986436999997, 659.939470307]}]}
