{"rb_ScNup133N_56-480_renamed.pdb_0": [{"rot": [[-0.805085273373, -0.5285495750091755, -0.26920818961454684], [-0.30497040055596664, 0.75811676836, -0.5764130639707288], [0.5087541227180918, -0.38196113976294765, -0.7715406213080002]], "trans": [424.99356497, 454.705608924, 898.702081364]}], "rb_ScNup84_437-726_ScNup133C_490_1155_renamed_relative_3I4R.pdb_0": [{"rot": [[0.5512698231390001, 0.026461869127346493, 0.8339072799649749], [-0.8336610412608588, -0.022457223798699966, 0.5518196638242571], [0.03332942213955242, -0.999397539811632, 0.009680239578710004]], "trans": [512.999636731, 463.685860653, 736.827953637]}], "rb_4XMM.renamed.noAb_Nup145c_149-550_Sec13_Nup84_7-436_3IKO_updated.pdb_0": [{"rot": [[0.8953840221289997, 0.18361534320107692, -0.4056758048703978], [-0.43288264227791345, 0.5725150186379999, -0.6963039361144112], [0.10440340478445309, 0.7990694332628929, 0.592104695045]], "trans": [621.020279132, 526.666009958, 713.516380499]}], "rb_4XMM.renamed.noAb_Seh1_Nup85_47_544_3F3F.pdb_0": [{"rot": [[0.588545401024, -0.7230701783583106, -0.36164046800984534], [-0.7370655248903585, -0.6636909085129999, 0.1274707416440684], [-0.33218778266456345, 0.19153040261553667, -0.9235623324509997]], "trans": [491.7404859569999, 453.278924874, 683.931488399]}], "rb_4XMM.renamed.noAb_Nup120_715-1036_Nup85_553-744_Nup145c_92-99_554-712_remaining_updated.pdb_0": [{"rot": [[0.43504989040500014, 0.7359539705641152, 0.5187517191002947], [0.8479416367607535, -0.528661211387, 0.0388883558706726], [0.3028639521403824, 0.4229528068067918, -0.854040016456]], "trans": [647.030517482, 458.953067416, 755.766891311]}], "rb_4XMM.renamed.noAb_Nup120_2-711_3F7F_updated.pdb_0": [{"rot": [[-0.08466670224829995, 0.9057025671110819, 0.4153726152008509], [-0.5035869809277205, 0.32081475563199996, -0.8021708329332875], [-0.8597858466911988, -0.2770934003132817, 0.4289376939980002]], "trans": [652.459938038, 606.833472055, 529.339010106]}]}
