{"rb_ScNup133N_56-480_renamed.pdb_0": [{"rot": [[0.16997254515299998, 0.18195547912582224, -0.9685047947792019], [0.5871462050931411, 0.770612758443, 0.24782112575322096], [0.7914345631440004, -0.6107767023560764, 0.024148542815299878]], "trans": [515.270668681, 970.888019009, 926.505396913]}], "rb_ScNup84_437-726_ScNup133C_490_1155_renamed_relative_3I4R.pdb_0": [{"rot": [[-0.2953180314899998, 0.42395939520145765, -0.8561808754563989], [0.5654343529410201, 0.7999108924169999, 0.2010635638468805], [0.7701111950822694, -0.42473638343454034, -0.4759493164149998]], "trans": [377.630757819, 781.828850351, 769.254194721]}], "rb_4XMM.renamed.noAb_Nup145c_149-550_Sec13_Nup84_7-436_3IKO_updated.pdb_0": [{"rot": [[-0.500290431463, 0.03688983721625222, -0.86507145606402], [-0.8060708488845683, -0.384656260131, 0.44976588145450075], [-0.3161633608833838, 0.9223224498255429, 0.22217566874599992]], "trans": [435.205985187, 394.552106578, 784.943176757]}], "rb_4XMM.renamed.noAb_Seh1_Nup85_47_544_3F3F.pdb_0": [{"rot": [[0.18673791329499992, 0.6761788736815391, -0.7126788074055482], [0.9277863717814536, 0.11714392096000009, 0.35424532476621856], [0.32301919459195527, -0.7273647177096803, -0.6054743325330001]], "trans": [563.990260874, 570.60299375, 588.572825037]}], "rb_4XMM.renamed.noAb_Nup120_715-1036_Nup85_553-744_Nup145c_92-99_554-712_remaining_updated.pdb_0": [{"rot": [[0.7633297771080001, 0.59386825265692, -0.25426000445698826], [-0.5001991952000294, 0.2942629260700001, -0.8143771211557731], [-0.40881342505046714, 0.7488189559746323, 0.5216720758020001]], "trans": [564.612326592, 545.891327773, 743.789875048]}], "rb_4XMM.renamed.noAb_Nup120_2-711_3F7F_updated.pdb_0": [{"rot": [[-0.8660846196290002, -0.23373524936081871, 0.44188829453644324], [0.3510180459405463, -0.9137267735720003, 0.20466976982882332], [0.35592662595845653, 0.33237210542393425, 0.8734099956320002]], "trans": [365.5833375909999, 276.27236721199995, 664.030618035]}]}
