{"rb_ScNup133N_56-480_renamed.pdb_0": [{"rot": [[0.21660361623999982, -0.9261349050278066, -0.30879930557060925], [-0.9268017001546155, -0.2944733618159998, 0.2330751976751221], [-0.30679224570101, 0.23571079073712106, -0.9221273996079999]], "trans": [560.110049021, 219.984556802, 790.11730881]}], "rb_ScNup84_437-726_ScNup133C_490_1155_renamed_relative_3I4R.pdb_0": [{"rot": [[-0.6928295501689998, -0.41485122143872977, -0.5898183436308293], [-0.173328211043117, -0.6981542375249999, 0.6946495460895936], [-0.6999603886429673, 0.5835058908842992, 0.4117964662719999]], "trans": [536.106348845, 499.436629242, 696.586308128]}], "rb_4XMM.renamed.noAb_Nup145c_149-550_Sec13_Nup84_7-436_3IKO_updated.pdb_0": [{"rot": [[-0.5655072157280001, 0.5291965731577715, 0.6325761423873308], [0.7081553823842179, 0.704713588427, 0.04352829753853074], [-0.42274997736230246, 0.47257776634582827, -0.7732740208979999]], "trans": [477.58292857899994, 613.205169481, 703.892390713]}], "rb_4XMM.renamed.noAb_Seh1_Nup85_47_544_3F3F.pdb_0": [{"rot": [[-0.3261404916449997, 0.1844129235293426, 0.9271592383970072], [-0.16188265852389713, 0.9554042260819999, -0.24697524097344223], [-0.9313572808427456, -0.23063962890192, -0.28174274968699986]], "trans": [465.593461426, 539.155805085, 690.944497045]}], "rb_4XMM.renamed.noAb_Nup120_715-1036_Nup85_553-744_Nup145c_92-99_554-712_remaining_updated.pdb_0": [{"rot": [[-0.17318443300599995, -0.9696649342358913, -0.17250236948429065], [-0.7611312550352968, 0.020613235839699984, 0.6482702423500641], [-0.6250490898903736, 0.24356725933819867, -0.74161217992]], "trans": [322.003513612, 439.436227658, 710.541441406]}], "rb_4XMM.renamed.noAb_Nup120_2-711_3F7F_updated.pdb_0": [{"rot": [[0.8585523992159999, -0.18068546929561904, 0.4798338660264322], [-0.4383783807325009, -0.744047559127, 0.5041999851879249], [0.2659176058609144, -0.6432309001770478, -0.718012420471]], "trans": [478.213600025, 311.988071516, 568.381742479]}]}
