{"rb_ScNup133N_56-480_renamed.pdb_0": [{"rot": [[0.8785029602170003, 0.16359679643401728, 0.4488525783444881], [0.4608321599987578, -0.042469106132800104, -0.8864705834573197], [-0.1259613797989186, 0.9856127349120485, -0.1126999005250001]], "trans": [542.623793792, 913.026279529, 493.28551671899993]}], "rb_ScNup84_437-726_ScNup133C_490_1155_renamed_relative_3I4R.pdb_0": [{"rot": [[0.24164198546199994, -0.04636892629741465, 0.9692569698155424], [-0.317080325952242, -0.9477994799689999, 0.033707753774362886], [0.9170982595970851, -0.31547752446809585, -0.24373082242399996]], "trans": [325.694027201, 735.603396344, 595.1427647999999]}], "rb_4XMM.renamed.noAb_Nup145c_149-550_Sec13_Nup84_7-436_3IKO_updated.pdb_0": [{"rot": [[0.0511664021680001, 0.4072416648113092, -0.9118860815534447], [-0.5322630457236445, 0.783714942362, 0.3201358137970767], [0.8450313896218128, 0.46898306532351497, 0.2568595627840001]], "trans": [414.044888353, 692.209863347, 636.658492819]}], "rb_4XMM.renamed.noAb_Seh1_Nup85_47_544_3F3F.pdb_0": [{"rot": [[0.9812187596679999, 0.17042455141927879, -0.09036159554329087], [-0.14688471913563114, 0.35646409260999995, -0.9226907553260605], [-0.12503849391302838, 0.9186342160801909, 0.374802017186]], "trans": [375.541435695, 781.11482614, 602.02235776]}], "rb_4XMM.renamed.noAb_Nup120_715-1036_Nup85_553-744_Nup145c_92-99_554-712_remaining_updated.pdb_0": [{"rot": [[-0.9435362884780001, -0.32742967963352826, -0.05028993159913306], [0.27567200969986655, -0.6918994673549999, -0.6672930916335822], [0.18369598632849085, -0.6434787735185619, 0.7430954532479999]], "trans": [270.402247899, 674.746784358, 465.293858443]}], "rb_4XMM.renamed.noAb_Nup120_2-711_3F7F_updated.pdb_0": [{"rot": [[-0.11561868713700008, -0.21136773693904204, -0.9705441767204543], [0.9685615409709001, -0.2406731518480001, -0.06296805008593576], [-0.22027451177290563, -0.9473120466672096, 0.23254897484700005]], "trans": [346.949464176, 752.902377586, 415.25266311400003]}]}
