{"rb_ScNup133N_56-480_renamed.pdb_0": [{"rot": [[0.44281031574599994, -0.8746214173240485, 0.19737375870920687], [0.25872943517645886, 0.335411864171, 0.9058465437073793], [-0.8584742882825311, -0.35005179292699967, 0.374814138776]], "trans": [776.265841057, 327.454014024, 282.185351764]}], "rb_ScNup84_437-726_ScNup133C_490_1155_renamed_relative_3I4R.pdb_0": [{"rot": [[-0.823855634868, 0.2676182976921343, 0.49964221162408706], [-0.5413982211083549, -0.11061780025699997, -0.8334576584608311], [-0.16777919739036096, -0.9571541929107696, 0.23602116836499998]], "trans": [626.199638267, 447.534043766, 604.060934161]}], "rb_4XMM.renamed.noAb_Nup145c_149-550_Sec13_Nup84_7-436_3IKO_updated.pdb_0": [{"rot": [[-0.5655072157280001, 0.5291965731577715, 0.6325761423873308], [0.7081553823842179, 0.704713588427, 0.04352829753853074], [-0.42274997736230246, 0.47257776634582827, -0.7732740208979999]], "trans": [477.58292857899994, 613.205169481, 703.892390713]}], "rb_4XMM.renamed.noAb_Seh1_Nup85_47_544_3F3F.pdb_0": [{"rot": [[0.971298528554, 0.18332316880676738, -0.15156445562030663], [0.20575816254122783, -0.9672423155079998, 0.14868046824778455], [-0.11934298042403706, -0.17559874392878863, -0.9772012761729999]], "trans": [571.461477779, 425.370136396, 613.540191945]}], "rb_4XMM.renamed.noAb_Nup120_715-1036_Nup85_553-744_Nup145c_92-99_554-712_remaining_updated.pdb_0": [{"rot": [[0.7907968420110003, -0.5823150263180799, -0.18854592223011266], [0.5701257737922967, 0.5886952021200003, 0.5730572057470594], [-0.22270374205020618, -0.5606667184032476, 0.7975311117140003]], "trans": [480.299807179, 603.7242061730001, 585.596357061]}], "rb_4XMM.renamed.noAb_Nup120_2-711_3F7F_updated.pdb_0": [{"rot": [[-0.921865888051, -0.188106194040021, 0.3387910037349267], [-0.31912191219061753, 0.864488066122, -0.3883575526398944], [-0.21982831848455048, -0.4661292130905577, -0.856970867122]], "trans": [459.577631447, 671.565117663, 690.296284768]}]}
