solution_id,filename,rotation,translation,overlap,cc_score,cam_score
0,ScNup84_437-726_ScNup133C_490_1155_renamed_relative_3I4R_fit1_0.72.pdb,0.241641985462 -0.0463689262851 0.969256969772 -0.317080325821 -0.947799479969 0.0337077537552 0.917098259596 -0.315477524336 -0.243730822424,325.694027201 735.603396344 595.1427648,0.931145,0.899316,0.720899
1,ScNup84_437-726_ScNup133C_490_1155_renamed_relative_3I4R_fit2_0.72.pdb,-0.110253458987 -0.0447546594983 -0.992895359694 0.288500867891 0.954532896762 -0.0750612968955 0.951110626623 -0.294726940605 -0.0923287954743,564.975893225 556.69010301 666.446869525,2.513354,0.848355,0.718797
2,ScNup84_437-726_ScNup133C_490_1155_renamed_relative_3I4R_fit3_0.7.pdb,0.311315736107 -0.810387418579 0.496341358463 0.313594421238 0.58064497747 0.751338771106 -0.89707360416 -0.0782537015548 0.434896892116,576.182533791 738.336924211 611.4890847,1.265152,0.822304,0.704583
3,ScNup84_437-726_ScNup133C_490_1155_renamed_relative_3I4R_fit4_0.7.pdb,-0.23965469731 0.383960086069 -0.891706385599 -0.369982089263 -0.88528285256 -0.281757917976 -0.897596167236 0.262390783038 0.354220548945,548.425619148 607.59277744 624.966455634,2.163984,0.801858,0.700202
4,ScNup84_437-726_ScNup133C_490_1155_renamed_relative_3I4R_fit5_0.7.pdb,-0.91542275823 -0.2987451213 0.269726762906 0.33789277913 -0.206276621153 0.918301925181 -0.218699894697 0.931773206568 0.289774132722,421.995489309 482.295026768 697.01784465,2.129455,0.819752,0.696459
5,ScNup84_437-726_ScNup133C_490_1155_renamed_relative_3I4R_fit6_0.68.pdb,0.278089296626 -0.0589668843872 0.958743578562 -0.103223154968 0.99049954493 0.0908605060414 -0.954992839328 -0.124231871214 0.269360573941,532.698147258 612.841769649 623.528454374,1.780596,0.738668,0.677643
6,ScNup84_437-726_ScNup133C_490_1155_renamed_relative_3I4R_fit7_0.67.pdb,-0.754593061402 -0.530839614726 0.38574423532 0.61022020901 -0.783834234573 0.115044292289 0.241289469643 0.322200552623 0.915404935365,456.261593523 517.426125546 651.397066619,2.020741,0.856898,0.672320
7,ScNup84_437-726_ScNup133C_490_1155_renamed_relative_3I4R_fit8_0.67.pdb,-0.866176609613 -0.0709274331553 -0.494679067761 -0.351852331611 0.789494109495 0.502890631956 0.354877468424 0.609646086017 -0.708797313839,331.431328618 678.244254763 568.705984794,0.877804,0.870777,0.670546
8,ScNup84_437-726_ScNup133C_490_1155_renamed_relative_3I4R_fit9_0.66.pdb,-0.320444950691 0.0257225184296 -0.94691783476 -0.06848855821 -0.997644187439 -0.00392336927528 -0.944787992692 0.0635958133669 0.321451740625,570.722361049 737.813320964 611.001346653,1.347779,0.771057,0.660823
9,ScNup84_437-726_ScNup133C_490_1155_renamed_relative_3I4R_fit10_0.66.pdb,-0.764438978196 0.222000432913 -0.605267590597 -0.612596674971 0.0424253380075 0.789256234905 0.200893907962 0.974123143298 0.103565145017,411.348830444 469.740428211 716.504899476,2.125417,0.819846,0.660801
10,ScNup84_437-726_ScNup133C_490_1155_renamed_relative_3I4R_fit11_0.66.pdb,-0.603072789495 -0.6786547674 -0.419202716375 0.23731931616 -0.654373813793 0.717965496496 -0.761565987231 0.333500552724 0.55569292652,587.57246608 506.868744185 625.261454348,1.842620,0.758095,0.656123
11,ScNup84_437-726_ScNup133C_490_1155_renamed_relative_3I4R_fit12_0.65.pdb,-0.601086097949 0.424573304173 0.677076814078 0.152223357699 0.892523719815 -0.424534402452 -0.784553090714 -0.152114821362 -0.601113574044,424.999151386 481.086181791 690.683189496,1.954914,0.805067,0.654449
12,ScNup84_437-726_ScNup133C_490_1155_renamed_relative_3I4R_fit13_0.65.pdb,0.643502901259 -0.597610165944 -0.47829499844 0.414467619877 0.797370612996 -0.438653277093 0.643522033846 0.0840368668581 0.760800365973,651.013527849 461.440105725 616.241329475,1.732586,0.772191,0.653384
13,ScNup84_437-726_ScNup133C_490_1155_renamed_relative_3I4R_fit14_0.65.pdb,-0.559713640279 0.795959181346 -0.230585390531 -0.208725909872 -0.404693864726 -0.890312512667 -0.801968911644 -0.450190912052 0.392649980609,583.995150894 505.564269432 627.513032214,2.044023,0.800788,0.652938
14,ScNup84_437-726_ScNup133C_490_1155_renamed_relative_3I4R_fit15_0.65.pdb,-0.0393250061333 -0.406566491769 -0.912774469323 0.998881194487 -0.0400071563779 -0.0252148155529 -0.0262660118295 -0.912744824906 0.407684904569,428.838024483 504.545528744 750.743823514,1.702390,0.751250,0.652823
15,ScNup84_437-726_ScNup133C_490_1155_renamed_relative_3I4R_fit16_0.65.pdb,-0.350158417764 -0.28956397941 -0.890809622905 -0.0796829334723 0.956779119779 -0.279686156308 0.933295083317 -0.0269521380453 -0.358097570045,574.858069664 741.444031617 643.270231597,1.118135,0.751767,0.647982
16,ScNup84_437-726_ScNup133C_490_1155_renamed_relative_3I4R_fit17_0.65.pdb,-0.859581620254 -0.509376143604 -0.0406863923351 0.215637332845 -0.433769737018 0.874839617303 -0.46327095622 0.743222550551 0.482701006367,575.530426605 507.434832216 636.231595235,2.179848,0.813577,0.647552
17,ScNup84_437-726_ScNup133C_490_1155_renamed_relative_3I4R_fit18_0.65.pdb,-0.404687113874 -0.912700609324 -0.056621002511 -0.913018078872 0.39980586512 0.0809521969502 -0.0512477105814 0.0844563098684 -0.995108438415,424.999161787 461.718652964 720.368888316,1.711494,0.785000,0.646738
18,ScNup84_437-726_ScNup133C_490_1155_renamed_relative_3I4R_fit19_0.64.pdb,-0.261164852219 0.890996494232 -0.371373353023 0.0090424727239 -0.382450495405 -0.923931735766 -0.965251860271 -0.244656628634 0.0918258156125,554.846656702 550.181590952 641.395431437,2.011563,0.739520,0.644992
19,ScNup84_437-726_ScNup133C_490_1155_renamed_relative_3I4R_fit20_0.64.pdb,0.208395957232 -0.539718533937 0.815643935168 -0.141725278827 -0.841815936081 -0.520826146564 0.967721587128 -0.0070593007714 -0.251922797543,566.578983941 744.907097 642.748457736,1.378632,0.781329,0.642725
20,ScNup84_437-726_ScNup133C_490_1155_renamed_relative_3I4R_fit21_0.64.pdb,0.251878667341 0.505397646487 0.825306219623 -0.797369707918 0.591650331182 -0.118959803259 -0.548414702682 -0.628110742483 0.552012870634,420.908970605 481.03964636 695.353725254,1.962553,0.827104,0.639123
21,ScNup84_437-726_ScNup133C_490_1155_renamed_relative_3I4R_fit22_0.64.pdb,0.433746757451 -0.898538719437 -0.0670217887114 -0.411913780652 -0.131585425245 -0.90167195435 0.80136807261 0.418704484839 -0.427195232494,600.403412193 508.675764655 654.713734762,1.646843,0.701161,0.638949
22,ScNup84_437-726_ScNup133C_490_1155_renamed_relative_3I4R_fit23_0.64.pdb,0.911522035439 0.253618214557 0.323736590771 0.32743614766 -0.923855878403 -0.198181445137 0.248823528157 0.286649816389 -0.925158761862,340.914519296 736.779563406 575.21736232,0.848147,0.857516,0.638801
23,ScNup84_437-726_ScNup133C_490_1155_renamed_relative_3I4R_fit24_0.64.pdb,-0.387870976341 -0.741430348808 0.547573870465 0.903096178461 -0.424503929373 0.0649130682852 0.18431874077 0.519689765005 0.834235668134,532.025950358 506.568842866 691.048630776,1.874136,0.790557,0.637422
24,ScNup84_437-726_ScNup133C_490_1155_renamed_relative_3I4R_fit25_0.64.pdb,0.774204355677 -0.483784711336 0.408117591948 0.517279096769 0.85520043423 0.0324738890227 -0.364732712854 0.185969272999 0.912351619609,349.115058062 688.790671755 544.6551755,0.874586,0.858148,0.636623
25,ScNup84_437-726_ScNup133C_490_1155_renamed_relative_3I4R_fit26_0.64.pdb,-0.431163150647 -0.463162678225 -0.774324654781 0.580096487609 0.515015038792 -0.631068597587 0.69107626393 -0.721276537325 0.0466235360748,522.69711574 511.339631599 723.291869047,2.106067,0.833365,0.636388
26,ScNup84_437-726_ScNup133C_490_1155_renamed_relative_3I4R_fit27_0.63.pdb,-0.250402748044 0.489186339817 -0.835461063549 -0.955597526235 0.0135810270193 0.294361892159 0.155344235885 0.87207355231 0.464064529711,404.223624413 479.24309235 707.418097918,1.815346,0.771115,0.632769
27,ScNup84_437-726_ScNup133C_490_1155_renamed_relative_3I4R_fit28_0.63.pdb,0.615051218886 -0.788181908671 -0.0219380242346 -0.786759197615 -0.615306738125 0.0490671265037 -0.0521724355555 -0.0129188536198 -0.998554525355,379.276251617 814.663705791 703.293785714,0.730756,0.866767,0.628920
28,ScNup84_437-726_ScNup133C_490_1155_renamed_relative_3I4R_fit29_0.63.pdb,0.653488976423 0.528289490997 0.542090740877 -0.616421845848 -0.0442048018801 0.786174308535 0.439290639104 -0.847912819305 0.296761832457,550.45737944 477.88855306 687.49964786,1.936739,0.784957,0.626618
29,ScNup84_437-726_ScNup133C_490_1155_renamed_relative_3I4R_fit30_0.62.pdb,-0.640605275449 0.765625062252 -0.058678320915 -0.722344087279 -0.626783653163 -0.29216651404 -0.260468617815 -0.144777472023 0.954565651464,263.844192753 539.862156737 591.745606408,0.280355,0.842560,0.623848
30,ScNup84_437-726_ScNup133C_490_1155_renamed_relative_3I4R_fit31_0.62.pdb,0.252138659569 -0.867831825482 -0.428128507742 0.961100006013 0.276128757078 0.00629984655552 0.11275138537 -0.413062746209 0.903695907317,435.920422101 491.300093612 706.251344477,1.695301,0.755389,0.621736
31,ScNup84_437-726_ScNup133C_490_1155_renamed_relative_3I4R_fit32_0.62.pdb,-0.427396109411 -0.70069777897 -0.571275054977 0.0354021103707 -0.64438324612 0.763882793976 -0.903371051381 0.306256191608 0.300213072434,554.525358029 547.837619449 636.924072748,2.210504,0.786241,0.620438
32,ScNup84_437-726_ScNup133C_490_1155_renamed_relative_3I4R_fit33_0.62.pdb,-0.686501840109 0.495121302029 0.532513022923 0.701754303937 0.642923586668 0.306904151797 -0.190410399431 0.584383570749 -0.788821730054,312.790311206 787.120294117 693.490648268,0.761303,0.869763,0.618760
33,ScNup84_437-726_ScNup133C_490_1155_renamed_relative_3I4R_fit34_0.62.pdb,-0.0110763344481 -0.257902397414 0.9661074828 -0.988737171193 -0.141386256429 -0.0490788436359 0.14925187173 -0.955769993251 -0.253431645387,429.526233107 470.240111329 755.181112047,1.910666,0.772398,0.618199
34,ScNup84_437-726_ScNup133C_490_1155_renamed_relative_3I4R_fit35_0.62.pdb,0.164499949431 -0.0612168056438 -0.984475631795 0.14076211618 0.989314026142 -0.0379971654527 0.976281615898 -0.132326341447 0.171359114358,593.414062939 506.981808542 657.984794408,2.365307,0.784915,0.617394
35,ScNup84_437-726_ScNup133C_490_1155_renamed_relative_3I4R_fit36_0.62.pdb,-0.12905914804 -0.546379067228 0.827534682819 0.579469629631 -0.718758957349 -0.384188117505 0.804710311049 0.429948225014 0.409372494393,323.545673382 792.308932217 690.831413988,0.666908,0.855134,0.615722
36,ScNup84_437-726_ScNup133C_490_1155_renamed_relative_3I4R_fit37_0.61.pdb,0.0802083384229 0.949175309178 -0.304356460828 0.295805690351 -0.314251150648 -0.902078271674 -0.951874790273 -0.0176761737065 -0.305977020182,389.705564169 512.58867974 694.289963512,1.473301,0.707771,0.614419
37,ScNup84_437-726_ScNup133C_490_1155_renamed_relative_3I4R_fit38_0.61.pdb,0.89063026225 0.183287791918 0.416153002356 0.446606903185 -0.524764793439 -0.724682127327 0.0855570573571 0.831280636713 -0.54922899872,523.12509131 852.645898778 589.829011724,0.882388,0.818151,0.613515
38,ScNup84_437-726_ScNup133C_490_1155_renamed_relative_3I4R_fit39_0.61.pdb,-0.755943594693 -0.654551321697 0.010575876088 0.483422713014 -0.569054362919 -0.665191410673 0.441420165412 -0.49773456737 0.74659797633,358.572679979 839.429596739 696.009909088,0.771396,0.867688,0.610419
39,ScNup84_437-726_ScNup133C_490_1155_renamed_relative_3I4R_fit40_0.61.pdb,-0.145608571104 0.600633834067 -0.786153382732 0.120680300752 -0.777905408332 -0.616684230774 -0.981954382249 -0.18466773635 0.040785023228,335.340801769 743.154690875 566.119268761,0.885178,0.857973,0.609213
40,ScNup84_437-726_ScNup133C_490_1155_renamed_relative_3I4R_fit41_0.61.pdb,-0.52497150917 0.629811441199 0.572487958998 0.0616164435185 0.698987177004 -0.712474799818 -0.848886522777 -0.338754298898 -0.405755094275,493.529959819 479.599551537 733.512186042,1.485042,0.680501,0.608754
41,ScNup84_437-726_ScNup133C_490_1155_renamed_relative_3I4R_fit42_0.61.pdb,0.755449985333 -0.570474958905 0.322263310591 0.152184885968 -0.325621776098 -0.933172127661 0.637287282608 0.754008475167 -0.159173299374,574.849935521 556.760589897 666.292863079,2.307513,0.793791,0.608746
42,ScNup84_437-726_ScNup133C_490_1155_renamed_relative_3I4R_fit43_0.61.pdb,-0.775095858787 0.631804819791 -0.00700565139908 0.315766977319 0.377730416888 -0.870408494883 -0.547282034693 -0.676862173281 -0.492280380125,503.641439276 492.820657977 732.178313041,1.839558,0.776829,0.607922
43,ScNup84_437-726_ScNup133C_490_1155_renamed_relative_3I4R_fit44_0.61.pdb,0.210333203631 -0.865164433037 0.455247676972 -0.653459716778 0.22194114618 0.723693668834 -0.727152213865 -0.449702825842 -0.518668513052,523.062960546 483.040374158 709.558233679,2.000345,0.810796,0.605678
44,ScNup84_437-726_ScNup133C_490_1155_renamed_relative_3I4R_fit45_0.6.pdb,0.668889130176 0.449678806894 0.591925926081 0.212959429943 -0.878824920792 0.42698365261 0.712204754641 -0.159548516223 -0.683599779286,561.499015685 545.8414163 669.477946843,2.152390,0.760853,0.602222
45,ScNup84_437-726_ScNup133C_490_1155_renamed_relative_3I4R_fit46_0.6.pdb,0.74201177776 -0.461327385216 -0.486410901877 -0.657710180163 -0.360527488317 -0.66139039094 0.129752998906 0.810676861621 -0.570935360139,481.445094421 514.325441741 668.587090696,1.809522,0.770675,0.602173
46,ScNup84_437-726_ScNup133C_490_1155_renamed_relative_3I4R_fit47_0.6.pdb,0.846189521873 -0.498935837552 -0.187153208263 -0.321986176697 -0.198880635157 -0.925619465688 0.424603574376 0.843510238972 -0.328941152277,422.775298422 504.009753204 788.281991218,1.044796,0.584299,0.600192
47,ScNup84_437-726_ScNup133C_490_1155_renamed_relative_3I4R_fit48_0.6.pdb,0.413323222103 -0.0729397968795 0.907658360906 0.129451698695 -0.981955753314 -0.137859189969 0.90133577084 0.174478321246 -0.39642293531,534.83959448 658.922014819 647.97414538,1.712263,0.691827,0.599732
48,ScNup84_437-726_ScNup133C_490_1155_renamed_relative_3I4R_fit49_0.6.pdb,0.11578378273 -0.66160846777 -0.740856498194 -0.993205842052 -0.0683509836592 -0.0941822606987 0.0116735107908 0.746727780582 -0.66502733082,468.986683747 499.140034462 674.482395685,1.781353,0.799648,0.598540
49,ScNup84_437-726_ScNup133C_490_1155_renamed_relative_3I4R_fit50_0.6.pdb,-0.199957686976 -0.911384186738 -0.359716259522 -0.977625731307 0.161110965584 0.135244911314 -0.0653058396073 0.378711130961 -0.923208008187,502.550227561 461.607935481 745.681204452,1.587449,0.709981,0.597847
50,ScNup84_437-726_ScNup133C_490_1155_renamed_relative_3I4R_fit51_0.6.pdb,0.316052592948 0.759276248228 -0.568867592298 0.20552160274 -0.640156964286 -0.740243157404 -0.926213598204 0.117041189982 -0.358370939878,325.324358913 735.647856059 560.585904644,0.828312,0.836715,0.596968
51,ScNup84_437-726_ScNup133C_490_1155_renamed_relative_3I4R_fit52_0.6.pdb,0.938439742474 -0.270663051297 -0.214644735293 -0.329951850312 -0.518329724286 -0.788965191487 0.102286979631 0.811218718697 -0.575726987568,340.297052509 783.882432746 685.205999553,0.648033,0.837758,0.596233
52,ScNup84_437-726_ScNup133C_490_1155_renamed_relative_3I4R_fit53_0.6.pdb,-0.859091360827 0.489127287172 0.150720041297 -0.215661761939 -0.0788767699443 -0.973277175194 -0.46416811431 -0.868638562498 0.17324840418,391.174374883 505.485195642 786.945509964,1.266357,0.627032,0.595914
53,ScNup84_437-726_ScNup133C_490_1155_renamed_relative_3I4R_fit54_0.59.pdb,0.445694943766 0.101679477581 0.88939153402 -0.714189646692 0.639392530751 0.28479877111 -0.539712113545 -0.762127597785 0.357592448234,370.710803112 815.346350634 700.391361966,0.569280,0.846864,0.593754
54,ScNup84_437-726_ScNup133C_490_1155_renamed_relative_3I4R_fit55_0.59.pdb,-0.0157793603488 -0.901731250345 -0.43200898637 -0.444196025703 0.393407918806 -0.804934842416 0.895790657968 0.179195317845 -0.406753162896,439.969925866 487.689350013 709.593605968,1.859759,0.789085,0.593645
55,ScNup84_437-726_ScNup133C_490_1155_renamed_relative_3I4R_fit56_0.59.pdb,0.820261199319 0.476020895351 0.317136677193 -0.525262441752 0.846358009564 0.0881900610673 -0.226430855045 -0.238918870698 0.944270533824,450.009338627 466.350172384 657.030992344,1.693056,0.763517,0.590941
56,ScNup84_437-726_ScNup133C_490_1155_renamed_relative_3I4R_fit57_0.59.pdb,-0.852777236564 -0.509188434099 0.116181424526 -0.251743311767 0.595655355732 0.762771264663 -0.457598393579 0.621226074625 -0.63614611091,621.567735666 448.29999654 610.581032002,1.575389,0.681264,0.590711
57,ScNup84_437-726_ScNup133C_490_1155_renamed_relative_3I4R_fit58_0.59.pdb,-0.616346057355 -0.603277932323 -0.50613562777 -0.765644321145 0.30879605929 0.56429935939 -0.184136663446 0.735323554554 -0.65222155671,431.144307683 457.271260697 677.08267543,1.570478,0.738455,0.590710
58,ScNup84_437-726_ScNup133C_490_1155_renamed_relative_3I4R_fit59_0.59.pdb,0.849556493044 0.492597623277 0.188683191359 -0.455487639326 0.865457228132 -0.208602005571 -0.266054083939 0.0912763268808 0.959626936159,335.003551924 771.696785166 679.374860751,0.732602,0.856276,0.590447
59,ScNup84_437-726_ScNup133C_490_1155_renamed_relative_3I4R_fit60_0.59.pdb,0.220524670804 -0.758893524945 0.612739330755 0.951962708023 0.304291227346 0.0342615175369 -0.212452046802 0.575749482715 0.789542057811,437.399497197 492.012772875 735.843140561,1.468268,0.649347,0.589351
60,ScNup84_437-726_ScNup133C_490_1155_renamed_relative_3I4R_fit61_0.59.pdb,-0.698654238575 -0.149893977158 -0.699581339501 0.0454471292459 -0.985130224716 0.165689465081 -0.714014575068 0.0839656835097 0.695077657984,567.361642055 539.253785429 636.000809187,1.905248,0.733296,0.588932
61,ScNup84_437-726_ScNup133C_490_1155_renamed_relative_3I4R_fit62_0.59.pdb,-0.468698222416 0.69332920228 -0.547372445133 -0.314328255327 -0.709993814623 -0.630163892349 -0.825542079078 -0.123302070475 0.550705797327,534.718113606 780.021824364 613.276295685,1.062782,0.695919,0.588824
62,ScNup84_437-726_ScNup133C_490_1155_renamed_relative_3I4R_fit63_0.59.pdb,-0.406477119931 0.661990076769 -0.629718579364 -0.258949766923 -0.744435067864 -0.615435981975 -0.876197106334 -0.0870951661028 0.474017998454,538.339190526 778.627996953 612.650085,1.053206,0.686039,0.588814
63,ScNup84_437-726_ScNup133C_490_1155_renamed_relative_3I4R_fit64_0.59.pdb,0.0706925588581 0.352216880987 -0.933244786168 -0.875471227472 -0.42649096517 -0.227278653941 -0.478071848189 0.833095868083 0.278206007471,390.167473617 826.184472084 672.948734507,0.565577,0.840073,0.588795
64,ScNup84_437-726_ScNup133C_490_1155_renamed_relative_3I4R_fit65_0.59.pdb,0.28003264107 0.826047933437 -0.489107893688 0.511249015821 0.302906255558 0.804283683928 0.812530715619 -0.475281613442 -0.337492554239,434.717139008 487.384790301 714.749959176,1.856478,0.772340,0.588723
65,ScNup84_437-726_ScNup133C_490_1155_renamed_relative_3I4R_fit66_0.59.pdb,-0.365168493221 0.641709797739 -0.674433471135 -0.231436386123 -0.764296982559 -0.601903083206 -0.901714572733 -0.0637075967212 0.427612174035,540.868589196 777.789951941 612.423753947,1.048199,0.681375,0.588521
66,ScNup84_437-726_ScNup133C_490_1155_renamed_relative_3I4R_fit67_0.59.pdb,-0.723228693554 0.233928292196 0.649782895275 0.436221911889 0.884165008506 0.167220457428 -0.535397703085 0.404388169838 -0.741498150832,307.464442169 757.011957195 696.690089576,0.713300,0.857836,0.588493
67,ScNup84_437-726_ScNup133C_490_1155_renamed_relative_3I4R_fit68_0.59.pdb,-0.298661702231 0.603972970849 -0.738930198546 -0.197045515023 -0.796610246386 -0.571476316729 -0.933795616208 -0.0250752079979 0.356927137262,545.221340654 776.786094444 611.799901148,1.043919,0.676704,0.587552
68,ScNup84_437-726_ScNup133C_490_1155_renamed_relative_3I4R_fit69_0.59.pdb,-0.55990952272 0.82774329629 -0.0366382571764 0.744066382041 0.521777540991 0.417268998258 0.36450863578 0.206371590191 -0.908044173638,322.818420516 789.409181663 695.946411423,0.767770,0.860711,0.587216
69,ScNup84_437-726_ScNup133C_490_1155_renamed_relative_3I4R_fit70_0.59.pdb,-0.159738608037 0.497497479701 -0.852631124785 0.25819219298 0.854711183389 0.450339410483 0.952796079309 -0.148206109325 -0.264980339973,543.304060735 616.226509565 653.139035207,1.780739,0.706481,0.585968
70,ScNup84_437-726_ScNup133C_490_1155_renamed_relative_3I4R_fit71_0.59.pdb,0.510970757399 0.346591767722 0.786627632213 -0.834157359338 0.420914871947 0.356387668932 -0.2075822369 -0.838274905536 0.504187264617,508.576877754 463.308208141 742.868675941,1.551570,0.707760,0.585442
71,ScNup84_437-726_ScNup133C_490_1155_renamed_relative_3I4R_fit72_0.59.pdb,-0.149399615589 0.528691795681 -0.835562529163 -0.151191286039 -0.847323950294 -0.509100499296 -0.977149400035 0.0502703544566 0.20652346495,553.467344224 774.407361422 611.30247801,1.046470,0.671296,0.585331
72,ScNup84_437-726_ScNup133C_490_1155_renamed_relative_3I4R_fit73_0.59.pdb,-0.184774822518 -0.555101646979 0.810999646421 0.073068691962 0.815165585677 0.574600760698 -0.980060830372 0.165430436922 -0.110061525165,568.424569155 504.495128088 635.008251613,2.238730,0.754487,0.585025
73,ScNup84_437-726_ScNup133C_490_1155_renamed_relative_3I4R_fit74_0.59.pdb,0.551269823139 0.0264618691282 0.833907279925 -0.833661041221 -0.0224572237987 0.551819663824 0.0333294221402 -0.999397539778 0.00968023957871,512.999636731 463.685860653 736.827953637,1.641220,0.732387,0.585003
74,ScNup84_437-726_ScNup133C_490_1155_renamed_relative_3I4R_fit75_0.58.pdb,-0.462176232084 -0.884464414847 -0.0641547290803 -0.885988805632 0.463620613434 -0.00893101294845 0.0376426179943 0.0527126698829 -0.997899998819,532.918187899 485.731936971 692.737085576,1.924929,0.813549,0.584514
75,ScNup84_437-726_ScNup133C_490_1155_renamed_relative_3I4R_fit76_0.58.pdb,-0.850651320761 0.0510104491354 0.523249715442 -0.514799291201 0.121081004502 -0.8487173147 -0.106649052555 -0.991331087262 -0.0767375733346,621.370630144 454.121106294 609.719534206,1.328105,0.701451,0.582636
76,ScNup84_437-726_ScNup133C_490_1155_renamed_relative_3I4R_fit77_0.58.pdb,-0.297226715872 -0.530441827986 0.793906635738 -0.197793191549 0.847653755335 0.492301700401 -0.934095355156 -0.0107041096473 -0.356863124023,559.260155112 535.056954562 644.352629141,2.269508,0.765029,0.582201
77,ScNup84_437-726_ScNup133C_490_1155_renamed_relative_3I4R_fit78_0.58.pdb,0.831160337307 0.399593874181 0.38664871593 -0.194286419175 0.860250628179 -0.471403907671 -0.520984914501 0.316691636391 0.792641865175,334.277364195 777.089494847 669.357252871,0.720347,0.850147,0.580572
78,ScNup84_437-726_ScNup133C_490_1155_renamed_relative_3I4R_fit79_0.58.pdb,0.646475050906 0.00458212521602 0.762921367457 0.277033624263 -0.933137163178 -0.229144945312 0.71086030964 0.359491361597 -0.604519297752,549.585654618 615.962608733 651.443445129,2.006421,0.708615,0.578458
79,ScNup84_437-726_ScNup133C_490_1155_renamed_relative_3I4R_fit80_0.58.pdb,0.56177088359 0.480143636143 0.673702874346 -0.0740520340395 -0.781893082979 0.618998790729 0.823971947633 -0.397624565816 -0.403689155235,591.020005503 500.496102766 653.897628884,1.817599,0.738620,0.577700
80,ScNup84_437-726_ScNup133C_490_1155_renamed_relative_3I4R_fit81_0.58.pdb,-0.815793000705 0.216315879455 0.536366684768 -0.555660407662 -0.0359713151959 -0.830630830195 -0.160384823439 -0.975660548044 0.149543316907,624.908979947 448.837121847 605.552872905,1.490457,0.780987,0.577528
81,ScNup84_437-726_ScNup133C_490_1155_renamed_relative_3I4R_fit82_0.58.pdb,0.672961573961 -0.17850428672 0.717815393659 0.560765289201 -0.509717571909 -0.65248010475 0.482353615285 0.841619995182 -0.242921331528,374.051793792 848.088993632 698.888265795,0.586618,0.836302,0.577243
82,ScNup84_437-726_ScNup133C_490_1155_renamed_relative_3I4R_fit83_0.58.pdb,0.750408263828 -0.130531790572 -0.647957474825 0.618504762684 -0.207055962415 0.758010347501 -0.233107906491 -0.96958201305 -0.0746419711225,428.737777683 493.678328381 770.340936142,1.335477,0.628534,0.577013
83,ScNup84_437-726_ScNup133C_490_1155_renamed_relative_3I4R_fit84_0.58.pdb,-0.952970096267 -0.121332786486 0.277716312796 0.184784976681 -0.958945702552 0.215122411196 0.240213463116 0.25632302731 0.936267054668,309.066542064 786.979555743 676.237884109,0.689830,0.847471,0.576149
84,ScNup84_437-726_ScNup133C_490_1155_renamed_relative_3I4R_fit85_0.58.pdb,-0.044393529071 0.902956866969 -0.427431995663 0.126360274868 0.429492719381 0.894186269678 0.990990562749 -0.0143143403017 -0.133164575431,332.728853109 779.717979338 695.388921565,0.718883,0.845270,0.575788
85,ScNup84_437-726_ScNup133C_490_1155_renamed_relative_3I4R_fit86_0.58.pdb,-0.748493401037 0.632540255656 0.199124217216 0.659786459127 0.740509843803 0.127777149315 -0.0666292522829 0.227019815235 -0.971608226877,426.340705205 483.859005669 685.399575137,1.663101,0.736028,0.575408
86,ScNup84_437-726_ScNup133C_490_1155_renamed_relative_3I4R_fit87_0.58.pdb,0.0975051999757 -0.655346257508 0.749008690631 0.954083876939 -0.152623762739 -0.257740068102 0.283225513743 0.73974811234 0.610373687626,532.154655214 500.196633266 673.361298836,1.689532,0.751289,0.575308
87,ScNup84_437-726_ScNup133C_490_1155_renamed_relative_3I4R_fit88_0.58.pdb,-0.823855634868 0.267618297674 0.499642211689 -0.541398221168 -0.110617800257 -0.833457658455 -0.167779197362 -0.957154192944 0.236021168365,626.199638267 447.534043766 604.060934161,1.470556,0.785229,0.575096
88,ScNup84_437-726_ScNup133C_490_1155_renamed_relative_3I4R_fit89_0.57.pdb,0.113636177356 -0.0559405426803 0.991946306488 -0.0640900007029 0.995921362215 0.0635067883653 -0.991453120969 -0.0707905081434 0.109587467126,535.070374717 492.628787138 648.263884773,1.902651,0.750532,0.574967
89,ScNup84_437-726_ScNup133C_490_1155_renamed_relative_3I4R_fit90_0.57.pdb,0.337330917834 0.939695108838 0.0563999499323 -0.607313115176 0.171453184969 0.775741313553 0.719290367002 -0.295933958583 0.628525624099,486.984835361 505.917571971 667.709055056,1.799909,0.749237,0.574829
90,ScNup84_437-726_ScNup133C_490_1155_renamed_relative_3I4R_fit91_0.57.pdb,0.344381570038 -0.802937333941 0.486511019222 -0.170137480944 -0.563005771688 -0.808750727027 0.923284664466 0.195745085897 -0.330498546973,567.175634403 554.639408892 666.328485907,2.189245,0.780657,0.574643
91,ScNup84_437-726_ScNup133C_490_1155_renamed_relative_3I4R_fit92_0.57.pdb,0.792772920803 0.603634039598 -0.0844810175244 -0.54848076735 0.646044514792 -0.530843981596 -0.265856999026 0.467174947089 0.84324825818,342.151466517 773.855275603 673.802299387,0.719818,0.851480,0.574181
92,ScNup84_437-726_ScNup133C_490_1155_renamed_relative_3I4R_fit93_0.57.pdb,-0.597023311463 -0.624303793408 -0.503793548143 0.72232122922 -0.145117373406 -0.676160476365 0.349020353894 -0.767584341631 0.537586338271,506.384668908 498.330205278 718.438329488,2.048724,0.803196,0.573901
93,ScNup84_437-726_ScNup133C_490_1155_renamed_relative_3I4R_fit94_0.57.pdb,0.53295511169 -0.493978425158 -0.686981924215 -0.83275441891 -0.162354082756 -0.529302587746 0.149929738566 0.854181752958 -0.497890154756,559.026075293 491.735145579 704.093417891,1.758536,0.741158,0.572728
94,ScNup84_437-726_ScNup133C_490_1155_renamed_relative_3I4R_fit95_0.57.pdb,0.804913205549 0.51443614403 -0.295753588165 -0.113795216473 0.622980519183 0.773915965135 0.58237906891 -0.589279836833 0.559985619156,457.659633701 459.382118048 691.289530993,1.806895,0.760154,0.571829
95,ScNup84_437-726_ScNup133C_490_1155_renamed_relative_3I4R_fit96_0.57.pdb,-0.692829550169 -0.414851221932 -0.589818343528 -0.173328210694 -0.698154237525 0.694649546385 -0.699960388935 0.583505890781 0.411796466272,536.106348845 499.436629242 696.586308128,1.458855,0.673573,0.571437
96,ScNup84_437-726_ScNup133C_490_1155_renamed_relative_3I4R_fit97_0.57.pdb,-0.906315865526 0.00587320319253 0.422560122827 -0.366363026405 -0.509311229958 -0.778704182566 0.210641127995 -0.860562360638 0.463748572693,625.115423342 443.583425414 607.870493287,1.306037,0.737426,0.571400
97,ScNup84_437-726_ScNup133C_490_1155_renamed_relative_3I4R_fit98_0.57.pdb,-0.200419929175 -0.107788836635 -0.973762506302 -0.586159216571 -0.783216117481 0.207340025418 -0.785015429665 0.612334941032 0.0937906987574,334.33247421 763.393446133 675.768342356,0.670641,0.840606,0.570691
98,ScNup84_437-726_ScNup133C_490_1155_renamed_relative_3I4R_fit99_0.57.pdb,0.971274409449 0.191097963208 -0.141801233822 0.225396900571 -0.547727548211 0.805723755421 0.0763037264381 -0.814540423365 -0.575066639567,424.176396151 499.788280671 784.858702621,1.667901,0.708239,0.569877
99,ScNup84_437-726_ScNup133C_490_1155_renamed_relative_3I4R_fit100_0.57.pdb,-0.29531803149 0.423959395338 -0.856180875245 0.565434352622 0.799910892417 0.201063564134 0.770111195157 -0.424736383009 -0.475949316415,377.630757819 781.828850351 769.254194721,0.394966,0.728789,0.569775
100,ScNup84_437-726_ScNup133C_490_1155_renamed_relative_3I4R_fit101_0.57.pdb,-0.819078778936 0.568512576909 0.0768336104624 0.343615566324 0.378932121144 0.859266425534 0.459389046866 0.730208119214 -0.505725030187,315.623823399 778.438359793 686.861998599,0.691464,0.837045,0.569718
101,ScNup84_437-726_ScNup133C_490_1155_renamed_relative_3I4R_fit102_0.57.pdb,-0.759412957639 -0.364279741954 -0.539066071257 -0.112448229365 0.889576621019 -0.442728845748 0.640817723921 -0.275596996985 -0.716518624859,535.873086379 797.658871311 640.316197619,0.710677,0.647844,0.568746
102,ScNup84_437-726_ScNup133C_490_1155_renamed_relative_3I4R_fit103_0.57.pdb,0.350636911554 -0.348194328039 0.869375906175 -0.921336641405 -0.294690654019 0.253566976751 0.167906371292 -0.889897819087 -0.424133613528,477.468979902 506.309605555 674.867120525,1.290236,0.719714,0.568306
103,ScNup84_437-726_ScNup133C_490_1155_renamed_relative_3I4R_fit104_0.57.pdb,0.468987067523 0.0335220621123 -0.882568638597 -0.652342291346 0.686796958411 -0.320561184217 0.595399584653 0.726075897724 0.34396675032,442.100360749 455.65098607 716.16633678,1.800529,0.736330,0.567236
104,ScNup84_437-726_ScNup133C_490_1155_renamed_relative_3I4R_fit105_0.57.pdb,-0.103528175467 0.638024768877 0.763024449929 -0.145500537466 -0.768608875201 0.622952639103 0.983926577793 -0.0465273174353 0.172405621285,535.580101902 773.408792082 636.679888547,0.742075,0.561627,0.566884
105,ScNup84_437-726_ScNup133C_490_1155_renamed_relative_3I4R_fit106_0.57.pdb,0.37892094463 0.922422913409 0.0745311091549 0.622225933785 -0.313560473602 0.717296811936 0.685021025035 -0.225423596603 -0.692770089603,542.730467707 502.971984506 674.974047494,1.788214,0.740550,0.566461
106,ScNup84_437-726_ScNup133C_490_1155_renamed_relative_3I4R_fit107_0.57.pdb,0.160990334423 0.0358955863333 0.9863030056 -0.00582328129931 0.999355544806 -0.0354201102847 -0.986938803254 -4.12244479669e-05 0.161095613483,544.425947395 672.006112083 616.367698723,1.152999,0.659285,0.566175
107,ScNup84_437-726_ScNup133C_490_1155_renamed_relative_3I4R_fit108_0.57.pdb,0.000519225691543 0.499371973941 -0.86638753572 0.151530109861 0.856343871786 0.493673777978 0.988452505796 -0.131540126579 -0.0752252543337,555.271219481 669.158909133 644.042151121,1.170276,0.653873,0.565916
108,ScNup84_437-726_ScNup133C_490_1155_renamed_relative_3I4R_fit109_0.57.pdb,-0.070674214107 0.636078133086 0.768381261981 -0.104058985796 -0.770805885686 0.628514131711 0.992056894855 -0.0355372325182 0.120665745634,535.875781862 773.708100134 637.262454571,0.744939,0.561632,0.565842
109,ScNup84_437-726_ScNup133C_490_1155_renamed_relative_3I4R_fit110_0.57.pdb,0.641689245614 0.730681511738 0.233108215794 0.179940898451 0.152025380724 -0.971858815098 -0.745557633541 0.665577051755 -0.0339264358361,488.548566222 525.797412426 658.765059842,1.708209,0.780951,0.565818
110,ScNup84_437-726_ScNup133C_490_1155_renamed_relative_3I4R_fit111_0.57.pdb,0.0526525217463 -0.83230047105 -0.551818482602 -0.490281671237 0.459856106375 -0.740375745265 0.869972180418 0.309529137913 -0.383849082296,596.619263572 521.401106769 657.255906134,1.774691,0.693611,0.565551
111,ScNup84_437-726_ScNup133C_490_1155_renamed_relative_3I4R_fit112_0.57.pdb,-0.272586319969 0.759034849034 -0.591238358238 -0.213806930419 -0.646931842076 -0.731960236863 -0.938074248024 -0.073111488804 0.338631681233,276.887777139 552.359605915 593.546201481,0.287475,0.828062,0.565527
112,ScNup84_437-726_ScNup133C_490_1155_renamed_relative_3I4R_fit113_0.57.pdb,0.640254184687 -0.514298612809 -0.570588745031 0.0105716434402 -0.736826642974 0.675999067057 -0.768090371928 -0.438843292269 -0.466319359973,378.328688472 811.338181599 710.270242869,0.687979,0.845950,0.565119
113,ScNup84_437-726_ScNup133C_490_1155_renamed_relative_3I4R_fit114_0.56.pdb,0.718343315503 0.537890242976 -0.441199464629 0.455716264329 0.115358143091 0.882618368976 0.525647759914 -0.835084777336 -0.16225858117,450.49598022 476.118203634 701.010099482,1.730211,0.765864,0.563598
114,ScNup84_437-726_ScNup133C_490_1155_renamed_relative_3I4R_fit115_0.56.pdb,0.317487868573 0.67880708985 0.66213472037 0.944646388985 -0.287325601814 -0.15838938778 0.0827324176373 0.675769881804 -0.732455059208,477.580078972 533.588692027 686.169749811,1.786643,0.762833,0.562174
115,ScNup84_437-726_ScNup133C_490_1155_renamed_relative_3I4R_fit116_0.56.pdb,0.817489758439 0.542718005648 -0.192789162469 0.194083777282 -0.574746983847 -0.794982636244 -0.542256380522 0.612472914403 -0.575182533531,545.113379303 613.888481265 626.572385376,1.913372,0.700661,0.561917
116,ScNup84_437-726_ScNup133C_490_1155_renamed_relative_3I4R_fit117_0.56.pdb,0.293291948714 0.57824160062 0.761325478493 0.269700398977 -0.814045589705 0.514384557257 0.917192197787 0.0544649361125 -0.394705007725,536.468485845 783.494497786 641.271903266,0.800387,0.602591,0.561282
117,ScNup84_437-726_ScNup133C_490_1155_renamed_relative_3I4R_fit118_0.56.pdb,-0.716199069474 0.67599731887 -0.173454656032 -0.656446554117 -0.736902030961 -0.161410403283 -0.236932088175 -0.00173826938651 0.971524659464,496.09749463 838.412309534 597.627175119,0.794066,0.754206,0.560957
118,ScNup84_437-726_ScNup133C_490_1155_renamed_relative_3I4R_fit119_0.56.pdb,0.845308455616 -0.341354330304 0.411011966199 0.0464266794755 0.813304315971 0.579983321628 -0.532257624285 -0.471182885 0.70334096325,561.035336503 548.749510159 645.156290107,2.053412,0.726773,0.560779
119,ScNup84_437-726_ScNup133C_490_1155_renamed_relative_3I4R_fit120_0.56.pdb,-0.678242012788 -0.658795797505 0.325539351488 -0.189370532345 -0.271346745391 -0.94366823902 0.710018713597 -0.701683006096 0.0592822518746,353.677264281 818.219724206 729.086946481,0.726736,0.849222,0.560253
120,ScNup84_437-726_ScNup133C_490_1155_renamed_relative_3I4R_fit121_0.56.pdb,-0.626634570101 0.548253345528 -0.553847799135 -0.367165704668 -0.834566092004 -0.41071740081 -0.687399782372 -0.0540158044428 0.724267790255,531.261978596 653.200260217 620.972097125,1.794746,0.710443,0.559953
121,ScNup84_437-726_ScNup133C_490_1155_renamed_relative_3I4R_fit122_0.56.pdb,0.166483132933 -0.44109405439 0.881884006979 -0.0390679316767 0.890712505437 0.452885117341 -0.985270045875 -0.109851117318 0.131055976059,555.305275424 544.077790038 636.338550113,2.260373,0.766519,0.559570
122,ScNup84_437-726_ScNup133C_490_1155_renamed_relative_3I4R_fit123_0.56.pdb,0.113867162934 -0.447700158103 0.886904074687 -0.0559116573017 0.888407744352 0.455637538412 -0.991921446406 -0.101470430506 0.0761288115619,555.364705385 543.430909866 637.11342793,2.268474,0.768223,0.559498
123,ScNup84_437-726_ScNup133C_490_1155_renamed_relative_3I4R_fit124_0.56.pdb,-0.288985133328 -0.00405764551759 0.957324985739 -0.209981225283 -0.975371136006 -0.0675206055055 0.934021133507 -0.220532724674 0.281015728392,537.501508876 787.198515421 639.097524324,0.992941,0.679482,0.559273
124,ScNup84_437-726_ScNup133C_490_1155_renamed_relative_3I4R_fit125_0.56.pdb,0.87374939915 -0.250000257372 -0.417207213184 -0.30370198229 0.389575645398 -0.869480259926 0.379904058115 0.886414512382 0.264465912362,449.127204056 487.138596334 709.406576511,1.849584,0.716661,0.559247
125,ScNup84_437-726_ScNup133C_490_1155_renamed_relative_3I4R_fit126_0.56.pdb,0.189667317956 -0.693396029413 0.695146211106 0.658730031567 -0.435143446766 -0.613779216143 0.728080389746 0.574327543351 0.374228297884,531.948924122 521.738614693 708.024305571,1.752136,0.743535,0.558990
126,ScNup84_437-726_ScNup133C_490_1155_renamed_relative_3I4R_fit127_0.56.pdb,0.867715203405 0.0131965745241 0.496886482382 -0.421539697797 0.549245340201 0.721549609953 -0.263390601834 -0.835556944118 0.482151412086,319.580396139 721.782569688 717.10159717,0.613338,0.793657,0.558872
127,ScNup84_437-726_ScNup133C_490_1155_renamed_relative_3I4R_fit128_0.56.pdb,0.218905640532 -0.698412686892 -0.681395655504 -0.172336788225 0.659680422641 -0.731520178407 0.960406347322 0.277563431995 0.0240455661496,453.554854533 474.03531435 696.180116631,1.585936,0.724720,0.557204
128,ScNup84_437-726_ScNup133C_490_1155_renamed_relative_3I4R_fit129_0.56.pdb,-0.81232395704 0.56378636564 0.14924718712 -0.583187726923 -0.783197497613 -0.215624105852 -0.0046759075046 -0.262195754689 0.965003379392,314.06211398 721.166817832 555.046230817,0.807314,0.800769,0.556556
129,ScNup84_437-726_ScNup133C_490_1155_renamed_relative_3I4R_fit130_0.56.pdb,-0.310719211167 0.89113563077 0.330652173016 -0.442915243139 0.172048798074 -0.879900732249 -0.840999202939 -0.419852949007 0.341238687729,542.333592487 502.882507353 641.91263368,1.887257,0.749748,0.555519
130,ScNup84_437-726_ScNup133C_490_1155_renamed_relative_3I4R_fit131_0.56.pdb,0.332016508266 0.695537029318 -0.637176019078 0.859730274251 -0.501066340629 -0.0989766539487 -0.388109384036 -0.514937630532 -0.764336537715,423.349724359 501.109302091 723.532522074,1.954823,0.762756,0.555374
131,ScNup84_437-726_ScNup133C_490_1155_renamed_relative_3I4R_fit132_0.55.pdb,0.376321030288 -0.699859342088 0.607107390282 -0.181771660247 -0.698313799054 -0.692327163602 0.908483101424 0.150182353232 -0.390004762899,474.068582085 528.502580851 690.388245123,1.595402,0.727238,0.553893
132,ScNup84_437-726_ScNup133C_490_1155_renamed_relative_3I4R_fit133_0.55.pdb,0.876508480772 -0.422794453114 0.2301689239 0.422192897374 0.445453388498 -0.789508984154 0.231270492108 0.789187005132 0.568944487967,450.339297514 481.267943649 682.913805533,1.753540,0.719704,0.553684
133,ScNup84_437-726_ScNup133C_490_1155_renamed_relative_3I4R_fit134_0.55.pdb,0.545065988624 -0.123814468455 0.829200244524 -0.827035918371 0.0828366902114 0.556012295325 -0.137530570574 -0.988841777146 -0.0572475501801,335.088797042 768.241310569 679.888238922,0.603985,0.805862,0.552938
134,ScNup84_437-726_ScNup133C_490_1155_renamed_relative_3I4R_fit135_0.55.pdb,0.344475675383 -0.851071251388 -0.396250216483 0.936871237528 0.284637751492 0.203109907811 -0.0600732327644 -0.441201853373 0.895394958227,549.501896618 509.187778102 671.359236392,1.802837,0.760876,0.552235
135,ScNup84_437-726_ScNup133C_490_1155_renamed_relative_3I4R_fit136_0.55.pdb,0.185835842982 -0.8365959312 0.515337061992 -0.177657746607 -0.544437233437 -0.819771812163 0.966386446839 0.0607893645868 -0.249803700172,364.830098661 840.786701703 696.347567262,0.707265,0.842444,0.551893
136,ScNup84_437-726_ScNup133C_490_1155_renamed_relative_3I4R_fit137_0.55.pdb,-0.698257381297 0.550476463587 -0.457615878826 0.665828750629 0.264670621691 -0.697582638045 -0.262885344499 -0.791786034925 -0.551331271195,297.46214766 738.939169789 732.831634512,0.386792,0.651262,0.551349
137,ScNup84_437-726_ScNup133C_490_1155_renamed_relative_3I4R_fit138_0.55.pdb,-0.234445938769 -0.257508537036 -0.937403037759 -0.602345921135 0.795347376693 -0.0678376129601 0.763029811435 0.548736643385 -0.341575179308,638.224882765 445.511765113 616.785718089,1.669887,0.708905,0.550751
138,ScNup84_437-726_ScNup133C_490_1155_renamed_relative_3I4R_fit139_0.55.pdb,0.304340785207 -0.793536242506 0.526950584064 -0.405473170457 -0.608492832635 -0.682149529376 0.861956028029 -0.00605840059637 -0.50694684266,365.090077109 834.468772404 698.609960016,0.713549,0.840690,0.550555
139,ScNup84_437-726_ScNup133C_490_1155_renamed_relative_3I4R_fit140_0.55.pdb,0.00599964572984 -0.685480627622 0.728066146446 -0.0929365511859 0.724545805432 0.682932041626 -0.995653956905 -0.0717613069863 -0.0593591872825,556.312657824 571.855096486 633.191494966,1.973124,0.720936,0.550152
