{"rb_ScNup133N_56-480_renamed.pdb_0": [{"rot": [[0.0022171113950300025, 0.769935274571614, -0.6381181374850549], [-0.42484241704738024, -0.5769433799810001, -0.6975996394590805], [-0.9052646050157942, 0.27264630800073675, 0.32582201527699983]], "trans": [627.693549044, 307.88481756499993, -10.280747988299993]}], "rb_ScNup133C_490_881_renamed_relative_3CQC.pdb_0": [{"rot": [[0.22715464280300016, -0.2400713440795301, 0.9438042795012584], [0.5911917803741799, 0.804124833157, 0.06225376710074987], [-0.773881804328703, 0.5438281000942069, 0.3245888945680001]], "trans": [538.834627194, 387.461849653, 234.974427417]}], "rb_ScNup84_506-726_ScNup133C_882_1155_renamed_relative_3CQC_new.pdb_0": [{"rot": [[-0.620902559373, 0.754892580177947, 0.21122784891282714], [0.6754300943613626, 0.6519630627300002, -0.34458431837029224], [-0.39783690049448556, -0.07128363927297668, -0.9146827009280001]], "trans": [559.211664265, 430.724898152, 280.802058566]}], "rb_4XMM.renamed.noAb_Nup145c_149-550_Sec13_Nup84_7-436_3IKO_updated.pdb_0": [{"rot": [[-0.28433883623100015, 0.3425031810936246, 0.895456865042392], [-0.5279064355869796, -0.8355941678000001, 0.15197757072830095], [0.8002913353752188, -0.42950431625232055, 0.4184015067420002]], "trans": [455.991069436, 453.21674409, 313.623883193]}], "rb_4XMM.renamed.noAb_Seh1_Nup85_47_544_3F3F.pdb_0": [{"rot": [[-0.8273910010779999, -0.10926275120771059, -0.5508954370238212], [-0.02074538814994619, 0.986169571727, -0.1644360199904306], [0.5612430491379409, -0.12462434352207098, -0.8182145273679999]], "trans": [469.066693083, 639.300485983, 226.244234679]}], "rb_4XMM.renamed.noAb_Nup120_715-1036_Nup85_553-744_Nup145c_92-99_554-712_remaining_updated.pdb_0": [{"rot": [[-0.5403970645439999, 0.6299508776322603, -0.5577928866546908], [-0.5274183792115236, -0.770130709471, -0.3587876023493337], [-0.6555919965207915, 0.10030245311077424, 0.748424045577]], "trans": [532.073906535, 427.727956111, 285.413042024]}], "rb_4XMM.renamed.noAb_Nup120_2-711_3F7F_updated.pdb_0": [{"rot": [[0.06123612123150002, 0.7958015922866112, 0.602453287127405], [-0.6968681069319475, -0.39803417391600004, 0.59661012222061], [0.7145802817022066, -0.45636457148764503, 0.530194680182]], "trans": [542.000854477, 436.580596873, 238.882634803]}]}
