{"rb_ScNup133N_56-480_renamed.pdb_0": [{"rot": [[-0.499925452965, 0.8651710999020765, 0.039414583239846035], [0.4191092580610755, 0.28150020780600016, -0.8631946841893048], [-0.75790630772229, -0.4150139767518799, -0.5033303366730001]], "trans": [292.053140847, 729.516137936, 279.480331678]}], "rb_ScNup133C_490_881_renamed_relative_3CQC.pdb_0": [{"rot": [[-0.375466251165, -0.8992756730360111, -0.22433982731947155], [-0.3668205024243897, 0.36646711118499997, -0.8550699242873877], [0.8511567500979001, -0.23875745078499644, -0.46746878661300006]], "trans": [393.304212639, 565.533903225, 451.113174826]}], "rb_ScNup84_506-726_ScNup133C_882_1155_renamed_relative_3CQC_new.pdb_0": [{"rot": [[0.07269722632580017, 0.8521733388725892, -0.5181850188873458], [-0.26742150331624975, -0.483879798848, -0.8332743124751275], [-0.9608334157639464, 0.19915054803229315, 0.19271275611600003]], "trans": [395.678336095, 569.205912867, 395.673047121]}], "rb_4XMM.renamed.noAb_Nup145c_149-550_Sec13_Nup84_7-436_3IKO_updated.pdb_0": [{"rot": [[0.2460328007110001, 0.7508760436298026, -0.6129053989623163], [0.047608880335955894, -0.6409413623630001, -0.7661119791031976], [-0.9680915532569521, 0.15930893608054858, -0.19344096618200013]], "trans": [620.811907077, 465.280519935, 262.325886438]}], "rb_4XMM.renamed.noAb_Seh1_Nup85_47_544_3F3F.pdb_0": [{"rot": [[0.6586117702629998, -0.6566873655751203, -0.3674129011957059], [-0.630949816632394, -0.7480011459889998, 0.20590438191231192], [-0.4100400772639008, 0.09620805316162995, -0.9069791318129999]], "trans": [532.565693421, 384.736847313, 215.40983228]}], "rb_4XMM.renamed.noAb_Nup120_715-1036_Nup85_553-744_Nup145c_92-99_554-712_remaining_updated.pdb_0": [{"rot": [[0.204103380683, 0.11671133120631116, -0.9719672191806785], [-0.9469913904442863, -0.22807918086800016, -0.22624586997109936], [-0.24809094384553404, 0.9666221352848448, 0.06397289394109995]], "trans": [582.93214025, 406.385181186, 312.12832678]}], "rb_4XMM.renamed.noAb_Nup120_2-711_3F7F_updated.pdb_0": [{"rot": [[-0.494102609262, -0.7813974532091623, -0.3811569645680353], [0.6265998309293037, -0.0161467905349999, -0.7791738785629219], [0.6026900226483357, -0.6238247360225899, 0.497601683404]], "trans": [385.904619592, 514.075475729, 2.2439176827400047]}]}
