{"rb_ScNup133N_56-480_renamed.pdb_0": [{"rot": [[0.9183516023160001, -0.27794957637867584, 0.2817345692572178], [0.38713297627358983, 0.4830261953099999, -0.7853749125900942], [0.08220944717724062, 0.8303190517116059, 0.5511913271809998]], "trans": [746.866450191, 667.303917259, 154.47636357]}], "rb_ScNup133C_490_881_renamed_relative_3CQC.pdb_0": [{"rot": [[0.32981918848599995, 0.18057318777083933, 0.9266135261071434], [-0.6174368309584913, -0.7012373267910001, 0.3564238646484654], [0.7141365854529315, -0.6896807488782686, -0.11978898924499992]], "trans": [511.78359601899996, 402.58989472, 215.83044159]}], "rb_ScNup84_506-726_ScNup133C_882_1155_renamed_relative_3CQC_new.pdb_0": [{"rot": [[-0.611607527505, 0.7718124630397939, 0.17390156467285572], [0.713351167942052, 0.633027962188, -0.30067542347823917], [-0.34214959227643543, -0.05984246806871277, -0.9377379887370001]], "trans": [560.103015709, 428.864760977, 280.236691416]}], "rb_4XMM.renamed.noAb_Nup145c_149-550_Sec13_Nup84_7-436_3IKO_updated.pdb_0": [{"rot": [[-0.4493630695010002, 0.6263434469576914, 0.6369982089627859], [-0.20704791277957402, -0.7666493258220001, 0.6077663803060308], [0.8690247370370199, 0.14121861658375845, 0.4741869976580001]], "trans": [477.82347369600006, 437.87228754600005, 329.50379166900007]}], "rb_4XMM.renamed.noAb_Seh1_Nup85_47_544_3F3F.pdb_0": [{"rot": [[-0.46566703192500025, -0.3476842217988713, -0.8137996665582228], [0.64951017101666, -0.7588714283590002, -0.04744146884615147], [-0.6010746651823469, -0.5506630885872816, 0.5792058440170003]], "trans": [437.856471132, 507.82515456600004, 274.829083831]}], "rb_4XMM.renamed.noAb_Nup120_715-1036_Nup85_553-744_Nup145c_92-99_554-712_remaining_updated.pdb_0": [{"rot": [[-0.31344695774200015, -0.27687627564151684, -0.9083449414562551], [0.13858246789278178, 0.9329712611409999, -0.3322040419346489], [0.939439143465414, -0.23000902997894376, -0.25406680588600006]], "trans": [437.576396356, 649.104519389, 348.520268456]}], "rb_4XMM.renamed.noAb_Nup120_2-711_3F7F_updated.pdb_0": [{"rot": [[0.7272166444830002, 0.6822309495150212, 0.07561007545769574], [-0.6666662441302948, 0.728231287496, -0.15885625845123152], [-0.16343827863781477, 0.06511623020223864, 0.9844022580430001]], "trans": [591.395493237, 595.799082444, 341.783993531]}]}
