{"rb_ScNup133N_56-480_renamed.pdb_0": [{"rot": [[-0.733176399448, 0.5593344334857213, 0.38677817778369306], [0.594278485852807, 0.803478697824, -0.03542687391718645], [-0.3305834970850209, 0.20387980199189987, -0.921492038921]], "trans": [205.899645921, 614.239887104, 430.013409714]}], "rb_ScNup133C_490_881_renamed_relative_3CQC.pdb_0": [{"rot": [[0.510750231394, -0.6234219893146371, -0.5920128582809296], [-0.5423316133559135, -0.767941656451, 0.3407961758031717], [-0.6670911648985822, 0.14700556290928207, -0.730327831996]], "trans": [503.783540558, 378.194650765, 419.681233178]}], "rb_ScNup84_506-726_ScNup133C_882_1155_renamed_relative_3CQC_new.pdb_0": [{"rot": [[0.722009489911, -0.1990383668875533, 0.6626356653434776], [0.6113776656965757, 0.6319082536109998, -0.4763499857307675], [-0.3239130228407986, 0.7490498565015763, 0.5779313679919998]], "trans": [428.804119392, 431.543410244, 335.035217821]}], "rb_4XMM.renamed.noAb_Nup145c_149-550_Sec13_Nup84_7-436_3IKO_updated.pdb_0": [{"rot": [[0.918665518257, 0.393652151931536, -0.03304010964370971], [-0.2397920330497414, 0.6221543398279998, 0.7452675749816687], [0.31393223225955824, -0.6767288679470208, 0.6659463888599999]], "trans": [640.739519552, 255.61603226899996, 247.647547089]}], "rb_4XMM.renamed.noAb_Seh1_Nup85_47_544_3F3F.pdb_0": [{"rot": [[-0.5340046118820001, 0.35045423135037523, -0.7694289481280077], [0.15019246857347734, -0.856253881902, -0.49423831509865856], [-0.832034432504184, -0.3794879727427123, 0.40460793574900006]], "trans": [557.247030941, 55.2660752199, 321.312949184]}], "rb_4XMM.renamed.noAb_Nup120_715-1036_Nup85_553-744_Nup145c_92-99_554-712_remaining_updated.pdb_0": [{"rot": [[0.47937291277099986, -0.823457139236561, 0.3035126856356845], [-0.8326475789256249, -0.5360262485969999, -0.13919005037833065], [0.2773078069776295, -0.18599516298916446, -0.9426060574459999]], "trans": [477.0125324, 90.140984826, 346.177776955]}], "rb_4XMM.renamed.noAb_Nup120_2-711_3F7F_updated.pdb_0": [{"rot": [[0.36162894029099985, -0.12136505957277138, -0.9243890046181348], [-0.09311528398301444, -0.9912352095819998, 0.0937139433259064], [-0.927660527042501, 0.05218507066035531, -0.36976028040799985]], "trans": [636.95310692, -0.17550240450000842, 337.376772002]}]}
