{"rb_ScNup133N_56-480_renamed.pdb_0": [{"rot": [[-0.399301729012, 0.6319290349784892, 0.6642468095212672], [0.9167810182120528, 0.26856764574500014, 0.2956078217927596], [0.008407963730837464, 0.7270055807283349, -0.686580069428]], "trans": [234.301977594, 701.319722768, 476.74850735]}], "rb_ScNup133C_490_881_renamed_relative_3CQC.pdb_0": [{"rot": [[0.9156642345469999, -0.1023764877455558, -0.38868761792516715], [0.36249925669313854, 0.6281051200529999, 0.6885334030097076], [0.17364705142437253, -0.7713643840106247, 0.612244794679]], "trans": [453.568752505, 495.3242566789999, 345.971600881]}], "rb_ScNup84_506-726_ScNup133C_882_1155_renamed_relative_3CQC_new.pdb_0": [{"rot": [[-0.43498849223299996, 0.8906811344788879, 0.13218217848205632], [-0.8453521121973182, -0.35339773404999997, -0.40061184202649075], [-0.3101045275844805, -0.28600202490843724, 0.9066631258189998]], "trans": [428.082195972, 579.0856314549999, 304.743161456]}], "rb_4XMM.renamed.noAb_Nup145c_149-550_Sec13_Nup84_7-436_3IKO_updated.pdb_0": [{"rot": [[0.2460328007110001, 0.7508760436298026, -0.6129053989623163], [0.047608880335955894, -0.6409413623630001, -0.7661119791031976], [-0.9680915532569521, 0.15930893608054858, -0.19344096618200013]], "trans": [620.811907077, 465.280519935, 262.325886438]}], "rb_4XMM.renamed.noAb_Seh1_Nup85_47_544_3F3F.pdb_0": [{"rot": [[0.21722144225800005, -0.19798890957288215, -0.9558322220502382], [0.6958067036685112, 0.7181679886320003, 0.009368630328292493], [0.6845932194765849, -0.6671095350768182, 0.29376349680700004]], "trans": [545.499115725, 628.453189555, 276.492772706]}], "rb_4XMM.renamed.noAb_Nup120_715-1036_Nup85_553-744_Nup145c_92-99_554-712_remaining_updated.pdb_0": [{"rot": [[0.3030687562069999, 0.3234639744926975, -0.8963929864833444], [-0.3494713018766118, -0.83737580792, -0.42032316790178637], [-0.8865772037311854, 0.44065044368037887, -0.14074106830799998]], "trans": [587.062447056, 424.646633721, 330.567599138]}], "rb_4XMM.renamed.noAb_Nup120_2-711_3F7F_updated.pdb_0": [{"rot": [[0.7754268848900001, -0.5783857101089128, 0.2533438701283286], [0.260043887576518, 0.6581267785640001, 0.7065736478747724], [-0.5754044861867884, -0.4820156778350475, 0.6607348663400001]], "trans": [386.595595352, 681.0710086410002, 122.66369697499998]}]}
