{"rb_ScNup133N_56-480_renamed.pdb_0": [{"rot": [[-0.9779938083179999, 0.07339337692387721, 0.19529854867705698], [-0.005732015619379881, 0.9262769540349999, -0.3767998784773977], [-0.20855516030200327, -0.36962740245732895, -0.9054724338509997]], "trans": [335.78005127, 587.211535389, 412.611377155]}], "rb_ScNup133C_490_881_renamed_relative_3CQC.pdb_0": [{"rot": [[-0.9946509694790001, -0.028016851372830266, -0.09942084768114857], [-0.07146840436576868, 0.8815927861050001, 0.4665687802082719], [0.07457691393384673, 0.471178538907256, -0.8788794390480001]], "trans": [589.259084662, 577.817097761, 387.320080962]}], "rb_ScNup84_506-726_ScNup133C_882_1155_renamed_relative_3CQC_new.pdb_0": [{"rot": [[-0.391705275807, 0.8696737611357971, 0.3003906225182118], [-0.8727312126557935, -0.45457867739, 0.178040603567576], [0.29138841322418874, -0.19242082853546555, 0.9370523023740001]], "trans": [572.136767759, 612.364101386, 270.883264595]}], "rb_4XMM.renamed.noAb_Nup145c_149-550_Sec13_Nup84_7-436_3IKO_updated.pdb_0": [{"rot": [[-0.8993501006989999, 0.3445050718829551, 0.2692315951362664], [-0.42054132676440525, -0.5130789422479999, -0.7482613123133569], [-0.11964275513349006, -0.786171898803686, 0.6063162183839998]], "trans": [488.661738559, 675.680435813, 217.686396988]}], "rb_4XMM.renamed.noAb_Seh1_Nup85_47_544_3F3F.pdb_0": [{"rot": [[-0.21483380199399998, 0.9748562504132589, 0.059175404950063515], [0.2821806239319379, 0.003951171889889971, 0.9593531590181368], [0.9349976112259244, 0.22279963929705482, -0.27593439026499983]], "trans": [696.746343796, 714.558753458, 347.176184963]}], "rb_4XMM.renamed.noAb_Nup120_715-1036_Nup85_553-744_Nup145c_92-99_554-712_remaining_updated.pdb_0": [{"rot": [[0.14566233939800013, 0.38551839298612867, -0.9111300958427916], [-0.935663831737669, 0.352892507725, -0.00026827139958812696], [0.321427560826829, 0.8525505537274336, 0.41211876501800004]], "trans": [620.092362946, 686.270196728, 411.17331382]}], "rb_4XMM.renamed.noAb_Nup120_2-711_3F7F_updated.pdb_0": [{"rot": [[-0.9971264835980002, 0.06520577217078985, 0.03856141832322034], [-0.018418663466157396, -0.7024324584540002, 0.7115120477872388], [0.07348148435903962, 0.7087572564608284, 0.7016150104370001]], "trans": [471.56036063299996, 487.97735232700006, 367.071318342]}]}
