{"rb_ScNup133N_56-480_renamed.pdb_0": [{"rot": [[0.4635925031789999, -0.5559075215043547, -0.68996291098226], [0.5366184795709812, -0.4434915297869999, 0.7178829085513283], [-0.7050692153109204, -0.7030519828164001, 0.09271090053910006]], "trans": [814.334529215, 270.253114986, 140.222335908]}], "rb_ScNup133C_490_881_renamed_relative_3CQC.pdb_0": [{"rot": [[0.10542236596699983, -0.5911577168250637, -0.799636591579011], [0.49206046679551996, 0.7297859550920001, -0.4746461384731077], [0.8641542812315953, -0.34343123560421135, 0.367821104126]], "trans": [607.333428422, 297.020801661, 291.044617797]}], "rb_ScNup84_506-726_ScNup133C_882_1155_renamed_relative_3CQC_new.pdb_0": [{"rot": [[0.613118245524, -0.532385114891707, -0.5836540982870901], [0.6315812875849892, 0.7741346524910001, -0.042668688579867636], [0.4745430372242958, -0.34246405541951785, 0.8108805562889999]], "trans": [604.015681968, 264.98596754100004, 261.620603373]}], "rb_4XMM.renamed.noAb_Nup145c_149-550_Sec13_Nup84_7-436_3IKO_updated.pdb_0": [{"rot": [[0.13272398881699993, 0.8352422702143014, -0.5336241119362626], [0.18991407636137536, -0.5498423473310001, -0.8133916871233328], [-0.9727882536257881, 0.006613858843063425, -0.2316015338439999]], "trans": [613.897315682, 437.1183352869999, 262.730394431]}], "rb_4XMM.renamed.noAb_Seh1_Nup85_47_544_3F3F.pdb_0": [{"rot": [[-0.039315144801000027, -0.5592082686518398, -0.8280944581753268], [0.36040858988019775, 0.7650143451179999, -0.5337215567168381], [0.9319656472906305, -0.3194356962443136, 0.17146681380099998]], "trans": [405.58421496099993, 566.022718753, 287.888163576]}], "rb_4XMM.renamed.noAb_Nup120_715-1036_Nup85_553-744_Nup145c_92-99_554-712_remaining_updated.pdb_0": [{"rot": [[-0.41248034827700003, -0.5177887278439486, 0.7495030324175015], [0.6353177234186937, -0.753155025717, -0.17067190028623186], [0.65286396178329, 0.4057737553797321, 0.6396220031]], "trans": [437.78353988299995, 414.333040934, 362.27021501499996]}], "rb_4XMM.renamed.noAb_Nup120_2-711_3F7F_updated.pdb_0": [{"rot": [[0.1458462116560001, 0.8180397007063667, 0.5563631283737547], [0.2844812893711241, -0.573302370222, 0.7683715171032691], [0.9475227060832556, 0.04621082520443276, -0.3163309676439999]], "trans": [737.560669502, 429.766395942, 322.341839502]}]}
