{"rb_ScNup133N_56-480_renamed.pdb_0": [{"rot": [[0.46244437797100013, -0.5276335521221407, 0.7125644054806466], [0.3811318772148904, 0.8439173429320004, 0.37754736188887184], [-0.8005521153889164, 0.09698635457405974, 0.5913627969130002]], "trans": [623.916819425, 540.182522853, 5.657149259359983]}], "rb_ScNup133C_490_881_renamed_relative_3CQC.pdb_0": [{"rot": [[-0.271267718545, -0.9575247455748637, -0.09777620614026494], [0.06126924453905064, 0.084200712713, -0.9945633814153008], [0.9605518749911452, -0.27578361370903776, 0.03582588255130004]], "trans": [511.105669207, 552.26014061, 316.66629016699994]}], "rb_ScNup84_506-726_ScNup133C_882_1155_renamed_relative_3CQC_new.pdb_0": [{"rot": [[0.32103197839300013, -0.9237040112781127, -0.20906785596499633], [0.6079586704114202, 0.3702620097620001, -0.7023477053415801], [0.7261712772622273, 0.09837145762734584, 0.680439808068]], "trans": [507.886129921, 546.083984355, 288.177742449]}], "rb_4XMM.renamed.noAb_Nup145c_149-550_Sec13_Nup84_7-436_3IKO_updated.pdb_0": [{"rot": [[0.7986177914149999, -0.3824534171691037, -0.464692378817539], [0.41616235507224714, 0.908703195562, -0.032671036043114], [0.434762598961949, -0.16729580410484027, 0.8848692538859999]], "trans": [508.630534029, 614.346765021, 267.948635031]}], "rb_4XMM.renamed.noAb_Seh1_Nup85_47_544_3F3F.pdb_0": [{"rot": [[0.006993469992440077, 0.9951209527385698, -0.09841433228014362], [0.9135492961884146, -0.04638192552279999, -0.4040747460785567], [-0.40666789252548263, -0.0870804593779747, -0.909416416601]], "trans": [582.499080326, 574.738172301, 202.194228773]}], "rb_4XMM.renamed.noAb_Nup120_715-1036_Nup85_553-744_Nup145c_92-99_554-712_remaining_updated.pdb_0": [{"rot": [[-0.9439596710179999, -0.17168628211678588, -0.2818935260422001], [0.3298205772530018, -0.4580782109509998, -0.8254591082981808], [0.012590723255071823, -0.8721743937910849, 0.4890330259839999]], "trans": [428.421075301, 485.418075104, 183.828812825]}], "rb_4XMM.renamed.noAb_Nup120_2-711_3F7F_updated.pdb_0": [{"rot": [[0.13224696189600016, -0.945503026590236, -0.29754792517841716], [-0.46197932084758814, 0.206793017302, -0.8624452186106291], [0.8769753977042223, 0.25151674835652155, -0.40945509780399997]], "trans": [305.211264432, 587.703446501, 481.674500741]}]}
