{"rb_ScNup133N_56-480_renamed.pdb_0": [{"rot": [[-0.6838156121950001, -0.17776199418548133, 0.7076700374762084], [0.577614802732523, 0.460713561449, 0.6738725057169548], [-0.44582210373942427, 0.8695652291347553, -0.21236516686399998]], "trans": [211.758822491, 559.157283143, 144.94887208800003]}], "rb_ScNup133C_490_881_renamed_relative_3CQC.pdb_0": [{"rot": [[0.344203993796, 0.5789314453190901, 0.7391630349764744], [-0.8794776139257003, -0.07680776775779996, 0.4697017068476764], [0.32869855073979254, -0.8117505456929569, 0.4827197057390001]], "trans": [494.5572261230001, 424.752517394, 187.428265217]}], "rb_ScNup84_506-726_ScNup133C_882_1155_renamed_relative_3CQC_new.pdb_0": [{"rot": [[0.6382562538020001, 0.6486799329693098, 0.4145398642417504], [-0.3113596274548495, 0.709999886257, -0.6316291189505314], [-0.7040483910029298, 0.2740702575581287, 0.655134609869]], "trans": [487.98182222899993, 474.367437764, 157.820352377]}], "rb_4XMM.renamed.noAb_Nup145c_149-550_Sec13_Nup84_7-436_3IKO_updated.pdb_0": [{"rot": [[0.014452862686999912, -0.8310274024706412, 0.556043677333939], [0.4971581624201607, -0.47651819105000015, -0.7250959765006594], [0.8675395531612147, 0.2869213654319501, 0.40626500435]], "trans": [454.31476609999993, 484.008342914, 357.500815518]}], "rb_4XMM.renamed.noAb_Seh1_Nup85_47_544_3F3F.pdb_0": [{"rot": [[-0.03292085759709992, -0.46491467018380855, 0.884743220704715], [0.7011154797537478, 0.6201326676640001, 0.3519553360095613], [-0.7122873726135708, 0.6318938391405723, 0.30554357278700006]], "trans": [463.250326195, 602.258786238, 376.326053194]}], "rb_4XMM.renamed.noAb_Nup120_715-1036_Nup85_553-744_Nup145c_92-99_554-712_remaining_updated.pdb_0": [{"rot": [[-0.3222657138609999, 0.2981098895831787, 0.898485004550641], [0.9294282449919546, -0.08057477533660015, 0.3600983796001195], [0.17974411556664527, 0.9511247022931123, -0.2511052639969999]], "trans": [546.262728611, 543.137870912, 426.267485252]}], "rb_4XMM.renamed.noAb_Nup120_2-711_3F7F_updated.pdb_0": [{"rot": [[0.16190237920099992, 0.32724948319252917, 0.9309647659064646], [0.5029209335492423, -0.8390601794780002, 0.20748144450120126], [0.84903365905423, 0.4346099296663261, -0.30042645494100007]], "trans": [541.0684813369999, 397.39672583800007, 346.358064756]}]}
