{"rb_ScNup133N_56-480_renamed.pdb_0": [{"rot": [[0.0022171113950300025, 0.769935274571614, -0.6381181374850549], [-0.42484241704738024, -0.5769433799810001, -0.6975996394590805], [-0.9052646050157942, 0.27264630800073675, 0.32582201527699983]], "trans": [627.693549044, 307.88481756499993, -10.280747988299993]}], "rb_ScNup133C_490_881_renamed_relative_3CQC.pdb_0": [{"rot": [[-0.261363958347, -0.9424656829440748, 0.20844020185642265], [-0.9351160743789914, 0.30076130775099996, 0.18735144301000986], [-0.23926305338520698, -0.14594886855562392, -0.959922975583]], "trans": [508.65062575, 325.20576564299995, 305.105150769]}], "rb_ScNup84_506-726_ScNup133C_882_1155_renamed_relative_3CQC_new.pdb_0": [{"rot": [[0.47051157017099987, -0.8315918569424507, 0.29508277788143916], [-0.03861863451546782, -0.35349796419300006, -0.9346377856579333], [0.8815483329933651, 0.4283621981202485, -0.19843982417400016]], "trans": [504.435614795, 392.052826001, 245.49265276099996]}], "rb_4XMM.renamed.noAb_Nup145c_149-550_Sec13_Nup84_7-436_3IKO_updated.pdb_0": [{"rot": [[-0.11528327597899984, 0.09737205760224114, -0.9885486577189084], [-0.21442040355355868, -0.974161210708, -0.07094946153321086], [-0.96991425230248, 0.20378571576592253, 0.13318305158799987]], "trans": [625.71249922, 213.705945531, 232.16210501299997]}], "rb_4XMM.renamed.noAb_Seh1_Nup85_47_544_3F3F.pdb_0": [{"rot": [[0.08845537565639996, 0.978019987254021, 0.18881883128843258], [0.7041539243478763, 0.07267740684920007, -0.7063180907772084], [-0.7045160731615498, 0.19543515309513854, -0.682247904791]], "trans": [680.0142041930001, 355.54411714, 244.22303605]}], "rb_4XMM.renamed.noAb_Nup120_715-1036_Nup85_553-744_Nup145c_92-99_554-712_remaining_updated.pdb_0": [{"rot": [[-0.644538316495, 0.6989094547474812, 0.30999343966343806], [-0.6161161375122952, -0.23469987835599992, -0.7518755696234646], [-0.4527375218233206, -0.6756045745584153, 0.5818824582069999]], "trans": [616.025817423, 305.357191625, 178.932875902]}], "rb_4XMM.renamed.noAb_Nup120_2-711_3F7F_updated.pdb_0": [{"rot": [[-0.2760254890680001, -0.9014237503273863, -0.33353433366069124], [0.5673873113798245, -0.432918449674, 0.7004664551690072], [-0.7758102656384134, 0.004103447035152696, 0.63095292491]], "trans": [360.89354785499995, 269.983477025, 292.465060191]}]}
