{"rb_ScNup133N_56-480_renamed.pdb_0": [{"rot": [[-0.13835520576400007, -0.610954357521412, -0.7794822705255071], [0.6541890401662238, -0.647286915264, 0.3912241672678342], [-0.7435687841514034, -0.4558008582194795, 0.489235159082]], "trans": [605.495646142, 647.729710501, -31.709606704200013]}], "rb_ScNup133C_490_881_renamed_relative_3CQC.pdb_0": [{"rot": [[0.32981918848599995, 0.18057318777083933, 0.9266135261071434], [-0.6174368309584913, -0.7012373267910001, 0.3564238646484654], [0.7141365854529315, -0.6896807488782686, -0.11978898924499992]], "trans": [511.78359601899996, 402.58989472, 215.83044159]}], "rb_ScNup84_506-726_ScNup133C_882_1155_renamed_relative_3CQC_new.pdb_0": [{"rot": [[-0.611607527505, 0.7718124630397939, 0.17390156467285572], [0.713351167942052, 0.633027962188, -0.30067542347823917], [-0.34214959227643543, -0.05984246806871277, -0.9377379887370001]], "trans": [560.103015709, 428.864760977, 280.236691416]}], "rb_4XMM.renamed.noAb_Nup145c_149-550_Sec13_Nup84_7-436_3IKO_updated.pdb_0": [{"rot": [[-0.27865353264900017, 0.36469719090891634, 0.8884526817368374], [-0.4827265838462252, -0.8529291072100001, 0.19871331943809295], [0.8302573420273898, -0.37350755951800724, 0.4137207379290001]], "trans": [458.351668921, 452.33276314399995, 318.33959101]}], "rb_4XMM.renamed.noAb_Seh1_Nup85_47_544_3F3F.pdb_0": [{"rot": [[-0.13221414229200004, -0.8867661054503038, -0.4429055145315891], [-0.8641943185622851, -0.115722439268, 0.4896697834403627], [-0.48547667332494815, 0.44749769974198184, -0.751038087172]], "trans": [326.833667658, 515.644581065, 388.512916542]}], "rb_4XMM.renamed.noAb_Nup120_715-1036_Nup85_553-744_Nup145c_92-99_554-712_remaining_updated.pdb_0": [{"rot": [[-0.8592686510550003, -0.010144016441920992, 0.511423976994183], [-0.18532269049468125, 0.9380538106050001, -0.2927636398141875], [-0.47677341127828543, -0.3463410852611408, -0.8079201488750002]], "trans": [422.288771943, 644.100210662, 301.570178487]}], "rb_4XMM.renamed.noAb_Nup120_2-711_3F7F_updated.pdb_0": [{"rot": [[-0.18389585820099985, -0.575871928366328, 0.7965888748006494], [0.12116667521569413, -0.8175097995980001, -0.5630243017653968], [0.9754491017750194, -0.007017811687760833, 0.220113153095]], "trans": [306.288752472, 300.528958861, 357.83414185]}]}
