{"rb_ScNup133N_56-480_renamed.pdb_0": [{"rot": [[-0.286122862171, 0.3225706599417343, 0.9022648597212621], [-0.40716118651662425, 0.8114618007930001, -0.4192248967417803], [-0.8673831194676604, -0.4873170581854648, -0.10083952034799992]], "trans": [285.445013151, 392.0968791480001, 208.929899202]}], "rb_ScNup133C_490_881_renamed_relative_3CQC.pdb_0": [{"rot": [[0.510750231394, -0.6234219893146371, -0.5920128582809296], [-0.5423316133559135, -0.767941656451, 0.3407961758031717], [-0.6670911648985822, 0.14700556290928207, -0.730327831996]], "trans": [503.783540558, 378.194650765, 419.681233178]}], "rb_ScNup84_506-726_ScNup133C_882_1155_renamed_relative_3CQC_new.pdb_0": [{"rot": [[0.722009489911, -0.1990383668875533, 0.6626356653434776], [0.6113776656965757, 0.6319082536109998, -0.4763499857307675], [-0.3239130228407986, 0.7490498565015763, 0.5779313679919998]], "trans": [428.804119392, 431.543410244, 335.035217821]}], "rb_4XMM.renamed.noAb_Nup145c_149-550_Sec13_Nup84_7-436_3IKO_updated.pdb_0": [{"rot": [[-0.743015160142, -0.6179219329133055, -0.2571010630546722], [-0.4999988275874797, 0.2571386445510001, 0.8269709123600542], [-0.44489284576210475, 0.7430021549788122, -0.5000181531570002]], "trans": [473.984657173, 294.812738425, 347.303476644]}], "rb_4XMM.renamed.noAb_Seh1_Nup85_47_544_3F3F.pdb_0": [{"rot": [[-0.5743034401850001, 0.1051515113678982, -0.8118612678584445], [-0.3018373451616603, 0.8946483872350001, 0.329391074990769], [0.7609663433144958, 0.43422047726340635, -0.482060993514]], "trans": [472.930571995, 347.297331178, 300.960885389]}], "rb_4XMM.renamed.noAb_Nup120_715-1036_Nup85_553-744_Nup145c_92-99_554-712_remaining_updated.pdb_0": [{"rot": [[0.7142547598760001, -0.4262419299022604, 0.5551197665258141], [-0.6965528234928231, -0.35560708639399996, 0.6231835718233805], [-0.06822244556341933, -0.831782073201609, -0.5508940738669998]], "trans": [479.22460368899993, 205.714498896, 176.76680044699998]}], "rb_4XMM.renamed.noAb_Nup120_2-711_3F7F_updated.pdb_0": [{"rot": [[0.569535750879, -0.30581945001732525, -0.7629570711788406], [-0.773224344554214, 0.11554924484900016, -0.6235162267363472], [0.27884250296430746, 0.9450517636647882, -0.17065761786299977]], "trans": [532.03995586, 319.935054062, 500.140139114]}]}
