{"rb_ScNup133N_56-480_renamed.pdb_0": [{"rot": [[0.07944397345069999, -0.752158679500232, 0.6541757989522631], [-0.2251164028838984, 0.62575972468, 0.7468248604063907], [-0.971087668665903, -0.20659643709628178, -0.11961041737299995]], "trans": [495.98632992, 294.99141318400007, -3.9086786186799998]}], "rb_ScNup133C_490_881_renamed_relative_3CQC.pdb_0": [{"rot": [[0.32981918848599995, 0.18057318777083933, 0.9266135261071434], [-0.6174368309584913, -0.7012373267910001, 0.3564238646484654], [0.7141365854529315, -0.6896807488782686, -0.11978898924499992]], "trans": [511.78359601899996, 402.58989472, 215.83044159]}], "rb_ScNup84_506-726_ScNup133C_882_1155_renamed_relative_3CQC_new.pdb_0": [{"rot": [[-0.611607527505, 0.7718124630397939, 0.17390156467285572], [0.713351167942052, 0.633027962188, -0.30067542347823917], [-0.34214959227643543, -0.05984246806871277, -0.9377379887370001]], "trans": [560.103015709, 428.864760977, 280.236691416]}], "rb_4XMM.renamed.noAb_Nup145c_149-550_Sec13_Nup84_7-436_3IKO_updated.pdb_0": [{"rot": [[0.695544389613, 0.7182280938986569, -0.019141766182386444], [-0.3490004780070646, 0.3610258417179999, 0.8647884180322086], [0.6280260093568735, -0.5948182468170521, 0.5017714468009999]], "trans": [619.411595607, 410.244800681, 287.018449711]}], "rb_4XMM.renamed.noAb_Seh1_Nup85_47_544_3F3F.pdb_0": [{"rot": [[-0.9973732593869999, -0.06870649054270092, -0.02293468153381806], [-0.057173418738560716, 0.9411506753349999, -0.333116505904794], [0.04447225707671133, -0.3309302410989048, -0.9426067015869999]], "trans": [438.751440104, 581.978340476, 286.055642003]}], "rb_4XMM.renamed.noAb_Nup120_715-1036_Nup85_553-744_Nup145c_92-99_554-712_remaining_updated.pdb_0": [{"rot": [[-0.24263337517900005, 0.9568517346761116, 0.15988684466385278], [0.07770637775404593, 0.183451315079, -0.979952720212629], [-0.9670009121534437, -0.22534500847168065, -0.11886489410800002]], "trans": [560.95538104, 481.207112199, 308.276377936]}], "rb_4XMM.renamed.noAb_Nup120_2-711_3F7F_updated.pdb_0": [{"rot": [[0.5645747546330002, -0.34533457942368057, 0.7496661754977062], [0.4231156314578432, -0.6587550186190001, -0.6221052867966256], [0.7086808229711868, 0.6684204168773952, -0.22579999436300002]], "trans": [346.74129925400007, 284.398955991, 526.258900709]}]}
