{"rb_ScNup133N_56-480_renamed.pdb_0": [{"rot": [[-0.549651547962, 0.7563942677191551, 0.35461371601304503], [0.29924040164571064, 0.574587378344, -0.7617772159041534], [-0.7799604847977178, -0.312597275115079, -0.5421665664210001]], "trans": [197.48790127800004, 701.467963173, 251.47612085900002]}], "rb_ScNup133C_490_881_renamed_relative_3CQC.pdb_0": [{"rot": [[-0.01509256100490003, 0.8737131188876731, -0.48620736366892703], [-0.5374388750370224, -0.41713630780600003, -0.73290978729235], [-0.8431676406274455, 0.25024525288914645, 0.4758630508930001]], "trans": [449.944246052, 531.35762047, 350.780756319]}], "rb_ScNup84_506-726_ScNup133C_882_1155_renamed_relative_3CQC_new.pdb_0": [{"rot": [[-0.6380872334529999, -0.22493068656338977, 0.7363768523972076], [-0.01976669205123692, 0.960848421306, 0.27636857484004795], [-0.7697103093954558, 0.1617915248580398, -0.6175512465329998]], "trans": [389.439431656, 478.27715794, 427.720125212]}], "rb_4XMM.renamed.noAb_Nup145c_149-550_Sec13_Nup84_7-436_3IKO_updated.pdb_0": [{"rot": [[0.35742898089999997, -0.6508117004163007, -0.6698422606957781], [0.9328815157504905, 0.21464786511800005, 0.2892375694327283], [-0.044458983162628085, -0.7282653531519458, 0.683851573234]], "trans": [484.876036282, 606.275901288, 232.90480540600004]}], "rb_4XMM.renamed.noAb_Seh1_Nup85_47_544_3F3F.pdb_0": [{"rot": [[0.9979373037789999, -0.06014228554763164, 0.022450906783623534], [0.04563264610187752, 0.41858911523799996, -0.9070285630640355], [0.04515306563280745, 0.9061821329585876, 0.42047014468399996]], "trans": [529.419648956, 573.803503188, 328.177782343]}], "rb_4XMM.renamed.noAb_Nup120_715-1036_Nup85_553-744_Nup145c_92-99_554-712_remaining_updated.pdb_0": [{"rot": [[0.742244624471, -0.4501482240685632, 0.49642672552132266], [0.38589284888622016, 0.8927525712649999, 0.23255011433712108], [-0.5478682566296216, 0.01895845108783628, 0.8363497776109999]], "trans": [493.83106152499994, 649.590028722, 260.169077202]}], "rb_4XMM.renamed.noAb_Nup120_2-711_3F7F_updated.pdb_0": [{"rot": [[-0.7722673159440001, -0.1459951874802241, -0.6182949117995913], [0.5378936691377944, 0.367600364062, -0.7586437721638306], [0.3380437744229748, -0.918452708403704, -0.2053558594240001]], "trans": [537.506019091, 589.064324884, 117.38831100299998]}]}
