{"rb_ScNup133N_56-480_renamed.pdb_0": [{"rot": [[-0.537478282076, -0.7409876892090359, 0.402559735613592], [0.19377091436928567, 0.3560790504660001, 0.9141447054836137], [-0.8207130613321094, 0.5693372939303073, -0.04780289425330014]], "trans": [437.64785746200005, 124.33771433100002, 46.23718440870002]}], "rb_ScNup133C_490_881_renamed_relative_3CQC.pdb_0": [{"rot": [[0.10542236596699983, -0.5911577168250637, -0.799636591579011], [0.49206046679551996, 0.7297859550920001, -0.4746461384731077], [0.8641542812315953, -0.34343123560421135, 0.367821104126]], "trans": [607.333428422, 297.020801661, 291.044617797]}], "rb_ScNup84_506-726_ScNup133C_882_1155_renamed_relative_3CQC_new.pdb_0": [{"rot": [[0.613118245524, -0.532385114891707, -0.5836540982870901], [0.6315812875849892, 0.7741346524910001, -0.042668688579867636], [0.4745430372242958, -0.34246405541951785, 0.8108805562889999]], "trans": [604.015681968, 264.98596754100004, 261.620603373]}], "rb_4XMM.renamed.noAb_Nup145c_149-550_Sec13_Nup84_7-436_3IKO_updated.pdb_0": [{"rot": [[0.014452862686999912, -0.8310274024706412, 0.556043677333939], [0.4971581624201607, -0.47651819105000015, -0.7250959765006594], [0.8675395531612147, 0.2869213654319501, 0.40626500435]], "trans": [454.31476609999993, 484.008342914, 357.500815518]}], "rb_4XMM.renamed.noAb_Seh1_Nup85_47_544_3F3F.pdb_0": [{"rot": [[-0.9810886143240001, -0.08039526424121768, -0.17607308803845761], [0.19352844840303224, -0.39124106616600024, -0.899709490782445], [0.0034453595644798884, -0.9167698891395137, 0.3994009262190002]], "trans": [543.226640052, 392.475982814, 198.200359693]}], "rb_4XMM.renamed.noAb_Nup120_715-1036_Nup85_553-744_Nup145c_92-99_554-712_remaining_updated.pdb_0": [{"rot": [[-0.3437814456190001, -0.6622731038232472, -0.6657391783577358], [-0.5081233292319998, -0.46500228229199997, 0.7249714199562767], [-0.7896993098251381, 0.5875093304923367, -0.1766572575530001]], "trans": [478.25025239400003, 430.38222277399996, 346.85303699]}], "rb_4XMM.renamed.noAb_Nup120_2-711_3F7F_updated.pdb_0": [{"rot": [[0.1458462116560001, 0.8180397007063667, 0.5563631283737547], [0.2844812893711241, -0.573302370222, 0.7683715171032691], [0.9475227060832556, 0.04621082520443276, -0.3163309676439999]], "trans": [737.560669502, 429.766395942, 322.341839502]}]}
