{"rb_ScNup133N_56-480_renamed.pdb_0": [{"rot": [[-0.6512592607240001, -0.19753467941789027, 0.732694633355875], [-0.6767998565940524, 0.5878964004120001, -0.44307987597822984], [-0.3432248962932309, -0.7844474952537516, -0.516564417817]], "trans": [234.46417500799998, 365.54241127, 356.784724458]}], "rb_ScNup133C_490_881_renamed_relative_3CQC.pdb_0": [{"rot": [[0.27748402610700007, -0.7183063568067702, 0.6379957625458295], [-0.23362399379222337, 0.5936900475939999, 0.7700337375157047], [-0.9318918632438105, -0.36272317979255037, -0.0030740951774999026]], "trans": [447.981307531, 504.308593416, 274.272980388]}], "rb_ScNup84_506-726_ScNup133C_882_1155_renamed_relative_3CQC_new.pdb_0": [{"rot": [[0.7106325419199999, 0.33854855332525624, -0.6167546249568748], [0.48355533666623995, 0.401734396422, 0.7776784111141639], [0.5110534480325112, -0.8508785763978473, 0.12177857562500002]], "trans": [521.905727103, 518.399428919, 262.142687384]}], "rb_4XMM.renamed.noAb_Nup145c_149-550_Sec13_Nup84_7-436_3IKO_updated.pdb_0": [{"rot": [[-0.628124340307, -0.5723255457058674, 0.5271653278112827], [-0.20492623993568654, 0.775249263078, 0.5974895951251697], [-0.7506430904895598, 0.2672677493254641, -0.6042374540450001]], "trans": [440.15140262400007, 477.200353954, 301.670871772]}], "rb_4XMM.renamed.noAb_Seh1_Nup85_47_544_3F3F.pdb_0": [{"rot": [[-0.10477982166999993, -0.20199939403596806, -0.9737645679423259], [-0.8870138076185714, 0.4617427745189998, -0.00033951951334776354], [0.4496973360659444, 0.8637070423405135, -0.22755757721199998]], "trans": [535.454631289, 453.68863103, 292.917013304]}], "rb_4XMM.renamed.noAb_Nup120_715-1036_Nup85_553-744_Nup145c_92-99_554-712_remaining_updated.pdb_0": [{"rot": [[-0.35262815304600004, -0.16592357779894035, -0.9209358023281349], [-0.5920739297480613, -0.7225510339159998, 0.3568871881976253], [-0.7246391152788085, 0.6711105495500115, 0.156552811826]], "trans": [544.762129954, 341.738324889, 257.350140796]}], "rb_4XMM.renamed.noAb_Nup120_2-711_3F7F_updated.pdb_0": [{"rot": [[-0.5947864293630001, -0.42268185277027415, 0.6837902856755874], [-0.7539856519791542, -0.001688478613790012, -0.656888716335987], [0.2788095049584626, -0.9062765584404461, -0.31769176817499994]], "trans": [412.575506327, 506.893954549, 10.04870009999999]}]}
