{"rb_ScNup133N_56-480_renamed.pdb_0": [{"rot": [[-0.9345334552050001, -0.1258387126620476, 0.33288412322933475], [-0.06657623533315601, 0.9807017207530001, 0.1838252969560203], [-0.34959237118602654, 0.14962871819160733, -0.9248764353690001]], "trans": [324.499412936, 481.281004228, 329.674699577]}], "rb_ScNup133C_490_881_renamed_relative_3CQC.pdb_0": [{"rot": [[0.5370441625900002, -0.4681998589959433, -0.701692567627864], [-0.5295535331756736, -0.8346202649400001, 0.15159838011220694], [-0.6566251768925455, 0.2901687532930849, -0.6961648308290003]], "trans": [614.894128188, 483.926101501, 332.601518064]}], "rb_ScNup84_506-726_ScNup133C_882_1155_renamed_relative_3CQC_new.pdb_0": [{"rot": [[-0.7982474873730001, -0.5771065734510823, -0.1724788444483638], [-0.4669600246538704, 0.412058186573, 0.782404234557449], [-0.38045930699346686, 0.705092939801358, -0.59841011185]], "trans": [564.323591609, 427.737843755, 310.458218936]}], "rb_4XMM.renamed.noAb_Nup145c_149-550_Sec13_Nup84_7-436_3IKO_updated.pdb_0": [{"rot": [[0.29525132503900015, -0.6323273655702366, -0.7162323350796995], [0.9274745083218556, 0.009708330704059964, 0.373760330597126], [-0.2293854648312466, -0.774640465678075, 0.5893339099849999]], "trans": [484.062810377, 592.375546353, 224.896600408]}], "rb_4XMM.renamed.noAb_Seh1_Nup85_47_544_3F3F.pdb_0": [{"rot": [[-0.13221414229200004, -0.8867661054503038, -0.4429055145315891], [-0.8641943185622851, -0.115722439268, 0.4896697834403627], [-0.48547667332494815, 0.44749769974198184, -0.751038087172]], "trans": [326.833667658, 515.644581065, 388.512916542]}], "rb_4XMM.renamed.noAb_Nup120_715-1036_Nup85_553-744_Nup145c_92-99_554-712_remaining_updated.pdb_0": [{"rot": [[-0.685133593619, -0.507983625811996, 0.5220580377712932], [-0.21509281059969806, 0.825830853549, 0.521285415252386], [-0.6959360902576023, 0.24485921921264908, -0.6750680862279999]], "trans": [366.478751593, 613.191216447, 359.914127696]}], "rb_4XMM.renamed.noAb_Nup120_2-711_3F7F_updated.pdb_0": [{"rot": [[-0.616445431634, 0.7872977067065355, -0.01254395600284594], [0.709143935123718, 0.562034748005, 0.4257133088267316], [0.3422132509047823, 0.25353355409015593, -0.904771146675]], "trans": [646.329088211, 604.747713923, 382.591608987]}]}
