{"rb_ScNup133N_56-480_renamed.pdb_0": [{"rot": [[0.06332189097290009, 0.997310035802931, -0.03691924444476674], [0.3445999110164956, -0.05656783054669992, -0.9370437459770291], [-0.9366115734129274, 0.046613013569132444, -0.3472549315919997]], "trans": [565.673856959, 836.967388224, 117.33689315199999]}], "rb_ScNup133C_490_881_renamed_relative_3CQC.pdb_0": [{"rot": [[0.8691921834169999, 0.3683803197177208, -0.3298497966218231], [-0.142558694105006, 0.825435857638, 0.5461983739086878], [0.47347858137603605, -0.4277284009392983, 0.7699782126840001]], "trans": [650.637762146, 619.896538347, 269.713008074]}], "rb_ScNup84_506-726_ScNup133C_882_1155_renamed_relative_3CQC_new.pdb_0": [{"rot": [[-0.6783264029630001, 0.0813672272551133, 0.7302415116741121], [0.15489913637459454, -0.9556774831619999, 0.2503733327004898], [0.7182475538375905, 0.28294862167178003, 0.635657556315]], "trans": [584.119256357, 609.441001028, 260.341450111]}], "rb_4XMM.renamed.noAb_Nup145c_149-550_Sec13_Nup84_7-436_3IKO_updated.pdb_0": [{"rot": [[0.487933521366, 0.31111861419629944, -0.8155526265226232], [-0.04269990142341451, -0.9246969058469999, -0.3783019306525082], [-0.8718357627132565, 0.21941020992095744, -0.4379058833089998]], "trans": [651.9464123119999, 490.040105507, 277.958091079]}], "rb_4XMM.renamed.noAb_Seh1_Nup85_47_544_3F3F.pdb_0": [{"rot": [[0.19422011373600007, -0.2382956719556682, -0.9515743376886387], [0.15121168070711838, -0.9511792364139999, 0.26905963620098855], [-0.9692334987184994, -0.1961459480643849, -0.14870505041800014]], "trans": [485.972731319, 425.311537428, 176.884205858]}], "rb_4XMM.renamed.noAb_Nup120_715-1036_Nup85_553-744_Nup145c_92-99_554-712_remaining_updated.pdb_0": [{"rot": [[0.2301175552539999, 0.398583275057131, 0.8877934915331682], [-0.963415355184764, -0.035490306169200014, 0.2656525768032967], [0.1373927369191592, -0.9164452034970492, 0.375834305019]], "trans": [566.607468475, 494.367349089, 150.64624759600002]}], "rb_4XMM.renamed.noAb_Nup120_2-711_3F7F_updated.pdb_0": [{"rot": [[-0.5668486595070001, 0.8191400568681887, 0.08770498531496312], [0.13772098091827978, 0.19918630456999992, -0.9702359236220097], [-0.8122287415685461, -0.5378981161016723, -0.22572126187899993]], "trans": [649.267941619, 620.969204519, 202.07421522599998]}]}
