{"rb_ScNup133N_56-480_renamed.pdb_0": [{"rot": [[-0.0269626426174, -0.7111661172163275, -0.702506775502229], [0.36741766144276555, -0.6606215266730001, 0.6546628602236146], [-0.9296651429213725, -0.24046195586763267, 0.2791070938140001]], "trans": [613.927337987, 415.694341719, 2.130654425909995]}], "rb_ScNup133C_490_881_renamed_relative_3CQC.pdb_0": [{"rot": [[0.3719977381749998, -0.8564238841638111, 0.3579885660554749], [-0.200145714487744, -0.45059949858299986, -0.8700010257746478], [0.9063991260834681, 0.25198853646648284, -0.3390315644959999]], "trans": [466.11993626, 371.816997201, 312.331115176]}], "rb_ScNup84_506-726_ScNup133C_882_1155_renamed_relative_3CQC_new.pdb_0": [{"rot": [[0.782332727722, 0.4073663137265886, -0.4711774501988243], [0.2430552269477747, 0.49683599704500003, 0.833113526893944], [0.5734803046211968, -0.7662941200877842, 0.289678548965]], "trans": [555.262664187, 253.45809642499998, 303.001135695]}], "rb_4XMM.renamed.noAb_Nup145c_149-550_Sec13_Nup84_7-436_3IKO_updated.pdb_0": [{"rot": [[0.715187561091, 0.4598585798917717, -0.5263428910516699], [-0.193000050760758, 0.853723047804, 0.48364029821200183], [0.6717571978528045, -0.24430932063302913, 0.6993248336679999]], "trans": [644.419651807, 355.032807688, 300.035521769]}], "rb_4XMM.renamed.noAb_Seh1_Nup85_47_544_3F3F.pdb_0": [{"rot": [[0.44786329290600013, 0.5978978066304188, 0.6647831854777382], [0.22704810838931364, -0.7952008601120001, 0.5622319348400355], [0.8647934015383265, -0.10086528096262734, -0.4918928417370002]], "trans": [682.696859746, 179.730396329, 270.524837353]}], "rb_4XMM.renamed.noAb_Nup120_715-1036_Nup85_553-744_Nup145c_92-99_554-712_remaining_updated.pdb_0": [{"rot": [[-0.022342686413599933, -0.6549395485406581, -0.7553509066130673], [0.4420307895190362, -0.684149264702, 0.5801280589015587], [-0.8967215763440741, -0.32092673831432583, 0.30478917820999996]], "trans": [518.257782883, 215.160562471, 207.82986910199998]}], "rb_4XMM.renamed.noAb_Nup120_2-711_3F7F_updated.pdb_0": [{"rot": [[-0.3872346981959999, 0.4171840576822481, -0.8221962968347811], [-0.3431803937320781, -0.8929123130460002, -0.2914357880712969], [-0.8557315618060075, 0.1693075994355147, 0.4889360192319999]], "trans": [716.873766329, 199.90866605800002, 279.559904919]}]}
