{"rb_ScNup133N_56-480_renamed.pdb_0": [{"rot": [[-0.254441442115, 0.9670772453837432, 0.004599347283086697], [-0.6167415845629826, -0.158599965166, -0.7710226124570438], [-0.7449089678646514, -0.19901671414817135, 0.6367911565689999]], "trans": [315.616890836, 436.375007919, 114.72299512500001]}], "rb_ScNup133C_490_881_renamed_relative_3CQC.pdb_0": [{"rot": [[-0.0030052843272600493, 0.8180689936445681, -0.5751122411351335], [-0.7346629810312241, -0.391980589052, -0.5537341619484591], [-0.6784255836629598, 0.4208495449015132, 0.602183018681]], "trans": [461.575540315, 473.532678174, 348.049701945]}], "rb_ScNup84_506-726_ScNup133C_882_1155_renamed_relative_3CQC_new.pdb_0": [{"rot": [[0.7722622700940001, 0.6123102147147467, -0.16937292329425832], [-0.22903412778793666, 0.01965886300299996, -0.9732198607785646], [-0.5925827828225192, 0.7903731587430144, 0.15542173413299992]], "trans": [433.671376206, 477.724192307, 347.430411959]}], "rb_4XMM.renamed.noAb_Nup145c_149-550_Sec13_Nup84_7-436_3IKO_updated.pdb_0": [{"rot": [[0.12511205650200008, 0.9786659912967233, 0.16297193254374298], [-0.6341136288218179, 0.20521079252600005, -0.7455121973336698], [-0.7630510330641497, -0.010070159385677069, 0.646259787415]], "trans": [597.605846853, 472.136597172, 106.198988967]}], "rb_4XMM.renamed.noAb_Seh1_Nup85_47_544_3F3F.pdb_0": [{"rot": [[0.6157256048380001, -0.7855174418260988, -0.062002646184340704], [0.42213979461002316, 0.39528679729500016, -0.815810236323907], [0.6653419972867236, 0.47614146686803394, 0.5749863739040001]], "trans": [470.954466238, 506.755997644, 304.120260358]}], "rb_4XMM.renamed.noAb_Nup120_715-1036_Nup85_553-744_Nup145c_92-99_554-712_remaining_updated.pdb_0": [{"rot": [[-0.25685951530999995, -0.9200607323023784, -0.2958233227281499], [-0.487946965300623, 0.387675457464, -0.7820585008386463], [0.834224758952061, -0.05653307487913234, -0.548518972321]], "trans": [418.229018429, 506.410936035, 228.395184944]}], "rb_4XMM.renamed.noAb_Nup120_2-711_3F7F_updated.pdb_0": [{"rot": [[-0.21823295027800002, -0.8694604012179419, -0.4431850517863791], [-0.33040317205061515, 0.49313909660800004, -0.8047655405741085], [0.918263645862043, -0.02919661128592138, -0.39489167448499995]], "trans": [448.00398751500006, 515.417088904, 272.087614232]}]}
