{"rb_ScNup133N_56-480_renamed.pdb_0": [{"rot": [[0.13222408707799999, 0.9730431173288339, 0.18895471048739415], [-0.4893326411749422, -0.10170252641400007, 0.8661467326046812], [0.8620152881922367, -0.20698716853948973, 0.46269423487100003]], "trans": [504.705743712, 148.762643652, 534.017883859]}], "rb_ScNup133C_490_881_renamed_relative_3CQC.pdb_0": [{"rot": [[0.030778908456199988, 0.6956585550891444, -0.7177129186001382], [0.7295969871542364, -0.506431864927, -0.45958133395735506], [-0.6831843785755832, -0.5094957712462829, -0.5231378058909999]], "trans": [613.381940058, 385.34931163, 308.340819797]}], "rb_ScNup84_506-726_ScNup133C_882_1155_renamed_relative_3CQC_new.pdb_0": [{"rot": [[-0.18310564725299996, 0.8569551943731669, -0.48176770001828456], [0.36235424989618104, 0.5143807718510001, 0.7772463053190704], [0.9138773000388161, -0.03225238575388267, -0.404707380816]], "trans": [595.926003551, 316.72922846, 269.654941481]}], "rb_4XMM.renamed.noAb_Nup145c_149-550_Sec13_Nup84_7-436_3IKO_updated.pdb_0": [{"rot": [[-0.31681906401899995, -0.8986804241828401, 0.3033136592121679], [0.4750235743808404, -0.4271301025289999, -0.7693584855553464], [0.8209618045052856, -0.09966629673122401, 0.5622173466189999]], "trans": [454.648593904, 533.278926448, 318.987180051]}], "rb_4XMM.renamed.noAb_Seh1_Nup85_47_544_3F3F.pdb_0": [{"rot": [[0.991688306747, 0.07090693631169767, 0.1073615789943349], [-0.12661006633970143, 0.6862859888759999, 0.7162272213298985], [-0.022895269439872627, -0.7238672170055637, 0.689559322163]], "trans": [500.68316588, 590.927079158, 252.89503129800002]}], "rb_4XMM.renamed.noAb_Nup120_715-1036_Nup85_553-744_Nup145c_92-99_554-712_remaining_updated.pdb_0": [{"rot": [[-0.3045747391719999, 0.516311261966612, 0.800410462840631], [0.27505080030764445, -0.7568604664630001, 0.5928821902836469], [0.9119107881303044, 0.40073047684429336, 0.08850875335079994]], "trans": [531.823265969, 445.35697677099995, 400.970156193]}], "rb_4XMM.renamed.noAb_Nup120_2-711_3F7F_updated.pdb_0": [{"rot": [[-0.6549066009539999, -0.46746315402962374, 0.5937807201750108], [0.6419234114937298, 0.07051517632750015, 0.7635194455177636], [-0.39878776034769414, 0.8811956704002679, 0.25389468813799987]], "trans": [316.343022348, 618.518055692, 453.895325474]}]}
