{"rb_ScNup133N_56-480_renamed.pdb_0": [{"rot": [[-0.254441442115, 0.9670772453837432, 0.004599347283086697], [-0.6167415845629826, -0.158599965166, -0.7710226124570438], [-0.7449089678646514, -0.19901671414817135, 0.6367911565689999]], "trans": [315.616890836, 436.375007919, 114.72299512500001]}], "rb_ScNup133C_490_881_renamed_relative_3CQC.pdb_0": [{"rot": [[-0.0030052843272600493, 0.8180689936445681, -0.5751122411351335], [-0.7346629810312241, -0.391980589052, -0.5537341619484591], [-0.6784255836629598, 0.4208495449015132, 0.602183018681]], "trans": [461.575540315, 473.532678174, 348.049701945]}], "rb_ScNup84_506-726_ScNup133C_882_1155_renamed_relative_3CQC_new.pdb_0": [{"rot": [[-0.5589463035020001, 0.34371845307511806, -0.7546102668378546], [0.733754883345419, 0.628918545994, -0.2570315810781695], [0.3862418943721676, -0.697365820441783, -0.603736789927]], "trans": [489.086510049, 422.396911248, 415.645959977]}], "rb_4XMM.renamed.noAb_Nup145c_149-550_Sec13_Nup84_7-436_3IKO_updated.pdb_0": [{"rot": [[0.2866823748780001, -0.6210968073631307, -0.729418927515345], [0.9083262348117145, -0.06582752395489999, 0.4130498616907421], [-0.3045597923020763, -0.7809644633229436, 0.545286933586]], "trans": [485.105574115, 585.263320485, 222.219395431]}], "rb_4XMM.renamed.noAb_Seh1_Nup85_47_544_3F3F.pdb_0": [{"rot": [[-0.538927479032, -0.833570728068343, -0.12131369935759875], [-0.8418472036636823, 0.5280035503549999, 0.11182815609744118], [-0.029162613529173133, 0.1623948648206821, -0.986294808793]], "trans": [333.3836368220001, 557.47550969, 365.31226433]}], "rb_4XMM.renamed.noAb_Nup120_715-1036_Nup85_553-744_Nup145c_92-99_554-712_remaining_updated.pdb_0": [{"rot": [[-0.685133593619, -0.507983625811996, 0.5220580377712932], [-0.21509281059969806, 0.825830853549, 0.521285415252386], [-0.6959360902576023, 0.24485921921264908, -0.6750680862279999]], "trans": [366.478751593, 613.191216447, 359.914127696]}], "rb_4XMM.renamed.noAb_Nup120_2-711_3F7F_updated.pdb_0": [{"rot": [[0.823053131165, -0.2850100559709422, 0.49127671558392594], [-0.56636703120614, -0.34702769549099993, 0.7475293736870472], [-0.0425667621769914, -0.8934993265569069, -0.44704253063900007]], "trans": [446.05550673899995, 378.284687448, 136.917873902]}]}
