{"rb_ScNup133N_56-480_renamed.pdb_0": [{"rot": [[-0.480785464848, 0.15465039886136422, -0.8630924579226222], [-0.15309005038776108, -0.9840099345939999, -0.0910378223189941], [-0.8633705886021166, 0.08836120615028359, 0.49677311117299994]], "trans": [520.01375709, 359.530460102, 1.4283701773600228]}], "rb_ScNup133C_490_881_renamed_relative_3CQC.pdb_0": [{"rot": [[0.785781075742, -0.6118584816447458, -0.09042842166670614], [0.6184977547686762, 0.778022921391, 0.11018557589957184], [0.0029374056328439965, -0.14251151612975022, 0.989788785256]], "trans": [543.911841469, 424.660781562, 246.360705309]}], "rb_ScNup84_506-726_ScNup133C_882_1155_renamed_relative_3CQC_new.pdb_0": [{"rot": [[-0.7982474873730001, -0.5771065734510823, -0.1724788444483638], [-0.4669600246538704, 0.412058186573, 0.782404234557449], [-0.38045930699346686, 0.705092939801358, -0.59841011185]], "trans": [564.323591609, 427.737843755, 310.458218936]}], "rb_4XMM.renamed.noAb_Nup145c_149-550_Sec13_Nup84_7-436_3IKO_updated.pdb_0": [{"rot": [[0.1135210509709999, -0.9857234806718456, 0.1243470572173761], [0.2670055699882541, -0.09028378330650008, -0.9594565462109852], [0.9569853690530943, 0.14211987237556434, 0.2529445498409999]], "trans": [526.7380375979999, 622.256491685, 353.180783592]}], "rb_4XMM.renamed.noAb_Seh1_Nup85_47_544_3F3F.pdb_0": [{"rot": [[-0.676792041946, 0.4101513641973985, 0.6113332891357847], [0.17214264334457796, 0.8955683278410003, -0.4102734216475842], [-0.7157649350875644, -0.17243325843667157, -0.6767180573060001]], "trans": [624.1769435850001, 701.619776906, 261.902348439]}], "rb_4XMM.renamed.noAb_Nup120_715-1036_Nup85_553-744_Nup145c_92-99_554-712_remaining_updated.pdb_0": [{"rot": [[-0.7493419686179998, -0.39241498655716167, 0.5333826885014576], [-0.6584023288585749, 0.35557709957599987, -0.6633786999977648], [0.07066107430053287, -0.8482779052777821, -0.5248157848199999]], "trans": [531.461553076, 632.189396526, 228.91134738600002]}], "rb_4XMM.renamed.noAb_Nup120_2-711_3F7F_updated.pdb_0": [{"rot": [[0.04858457828859997, -0.9821587413875403, -0.18166933001627367], [0.5675589309886875, -0.12252022612500002, 0.8141656183143926], [-0.8218980463582435, -0.14266394396034937, 0.5514803718050001]], "trans": [484.371111651, 541.228891655, 289.701682046]}]}
