{"rb_ScNup133N_56-480_renamed.pdb_0": [{"rot": [[-0.6572356409890001, 0.7474473191244544, 0.09676681945504015], [-0.4773075940570939, -0.31341817204299993, -0.8209424523610975], [-0.5832827555047437, -0.58574017667127, 0.562751874776]], "trans": [278.743490582, 512.875608861, 132.20671549599996]}], "rb_ScNup133C_490_881_renamed_relative_3CQC.pdb_0": [{"rot": [[-0.028573693235299985, 0.9995613367838746, 0.007789612424812055], [0.9977604442760216, 0.028991968856299982, -0.06027903101370699], [-0.060478425020920386, 0.006049772613011692, -0.998151171095]], "trans": [573.274317583, 561.694733028, 365.934634965]}], "rb_ScNup84_506-726_ScNup133C_882_1155_renamed_relative_3CQC_new.pdb_0": [{"rot": [[0.681425555784, 0.37905680856696666, 0.6260791865279445], [0.015564832557716929, 0.8477320374909999, -0.5301963113779725], [-0.7317219061309541, 0.3710341338615407, 0.5717663190479999]], "trans": [559.291984748, 586.227988776, 281.862947646]}], "rb_4XMM.renamed.noAb_Nup145c_149-550_Sec13_Nup84_7-436_3IKO_updated.pdb_0": [{"rot": [[0.31846390292200005, 0.44797217451884547, 0.8354050953833977], [-0.25287228509666754, -0.8092066405039999, 0.5303208655090045], [0.913584342009908, -0.38013884808196996, -0.14442335757500008]], "trans": [437.693924388, 447.509170471, 407.830549507]}], "rb_4XMM.renamed.noAb_Seh1_Nup85_47_544_3F3F.pdb_0": [{"rot": [[0.33329039486799983, 0.7849481932900955, -0.5222775569937386], [0.07388671570886929, 0.530500970182, 0.8444580948026454], [0.9399246065139957, -0.3200391452409717, 0.11881363382599994]], "trans": [499.706621657, 509.583524734, 370.211969949]}], "rb_4XMM.renamed.noAb_Nup120_715-1036_Nup85_553-744_Nup145c_92-99_554-712_remaining_updated.pdb_0": [{"rot": [[-0.63551860426, -0.5204433476577403, -0.5703111655212669], [-0.43102189000366753, -0.373695533527, 0.8213231876427434], [-0.6405749245615908, 0.7677827623102613, 0.013167988538000164]], "trans": [337.200082275, 414.101061026, 468.22303546]}], "rb_4XMM.renamed.noAb_Nup120_2-711_3F7F_updated.pdb_0": [{"rot": [[0.773828780926, 0.48577502489897756, 0.4064623512639004], [0.26447103909258046, 0.335298632285, -0.9042288961701563], [-0.5755380850055637, 0.8072158647921919, 0.13099030626699995]], "trans": [534.698937135, 647.2718982219999, 460.011422607]}]}
