{"rb_ScNup133N_56-480_renamed.pdb_0": [{"rot": [[0.28977869497, 0.8949427608595089, -0.33927240195253694], [-0.6419874516444672, -0.08115567887519992, -0.7624079404868159], [-0.709845349264561, 0.4387382027718415, 0.5510248356980001]], "trans": [609.901601393, 445.89125141, 34.80699725490001]}], "rb_ScNup133C_490_881_renamed_relative_3CQC.pdb_0": [{"rot": [[0.5887988008410001, -0.4910477860211137, 0.6420187255617729], [0.2200299559010151, 0.8616812922000001, 0.4572659720323998], [-0.7777549682479681, -0.12797430412508848, 0.615402134258]], "trans": [459.80369172300004, 543.660753141, 246.406388813]}], "rb_ScNup84_506-726_ScNup133C_882_1155_renamed_relative_3CQC_new.pdb_0": [{"rot": [[0.7106325419199999, 0.33854855332525624, -0.6167546249568748], [0.48355533666623995, 0.401734396422, 0.7776784111141639], [0.5110534480325112, -0.8508785763978473, 0.12177857562500002]], "trans": [521.905727103, 518.399428919, 262.142687384]}], "rb_4XMM.renamed.noAb_Nup145c_149-550_Sec13_Nup84_7-436_3IKO_updated.pdb_0": [{"rot": [[0.5707727703030001, 0.7273199626397118, -0.3810828212166055], [-0.1315195644045674, 0.5390959971050002, 0.831912321151814], [0.8105066618230055, -0.4247130535445483, 0.4033581203960001]], "trans": [625.8807415049998, 393.749243809, 319.270561705]}], "rb_4XMM.renamed.noAb_Seh1_Nup85_47_544_3F3F.pdb_0": [{"rot": [[0.5038053894229999, -0.017174895543385138, 0.8636464279735157], [-0.7531781555429307, -0.49828824969399976, 0.42945487100490404], [0.4229690243992912, -0.866841302188563, -0.2639760618289999]], "trans": [598.212249662, 202.08657448, 239.688147329]}], "rb_4XMM.renamed.noAb_Nup120_715-1036_Nup85_553-744_Nup145c_92-99_554-712_remaining_updated.pdb_0": [{"rot": [[0.1492468879630001, -0.7806710230790432, -0.606859225980853], [-0.5486069287072859, -0.5759832704260001, 0.6060311130327621], [-0.8226516906976602, 0.24247891849414352, -0.5142452429320002]], "trans": [477.22062269199995, 221.690708373, 309.341904171]}], "rb_4XMM.renamed.noAb_Nup120_2-711_3F7F_updated.pdb_0": [{"rot": [[-0.3155745058199999, -0.36568494183762745, 0.8756067922244972], [-0.5462886696720091, -0.684484890986, -0.48275161667245636], [0.7758746165872741, -0.6306781725453123, 0.016236440818599984]], "trans": [482.385373028, 247.300681786, 132.8250179]}]}
