{"rb_ScNup133N_56-480_renamed.pdb_0": [{"rot": [[0.5488403377100002, 0.8184371696208471, 0.17010256636920518], [0.3758849384000892, -0.05987246321550008, -0.9247301234589852], [-0.7466490452591059, 0.5714681859312253, -0.340498628018]], "trans": [660.3213115859999, 665.050620735, 55.319010306300015]}], "rb_ScNup133C_490_881_renamed_relative_3CQC.pdb_0": [{"rot": [[-0.523200307058, -0.01666556422147475, -0.8520467696456541], [0.5116886061872701, 0.7933843575989998, -0.3297211418992584], [0.6814955678451203, -0.6084928266515572, -0.40657136018299994]], "trans": [570.072993928, 519.711073374, 213.952314642]}], "rb_ScNup84_506-726_ScNup133C_882_1155_renamed_relative_3CQC_new.pdb_0": [{"rot": [[-0.420254920139, 0.43962045886797185, -0.7938007648293598], [-0.16898647219226137, 0.821580978589, 0.5444706308303096], [0.891532037738957, 0.3629580523496551, -0.27098353809700004]], "trans": [542.248836141, 524.29981967, 236.28713146799998]}], "rb_4XMM.renamed.noAb_Nup145c_149-550_Sec13_Nup84_7-436_3IKO_updated.pdb_0": [{"rot": [[0.2866823748780001, -0.6210968073631307, -0.729418927515345], [0.9083262348117145, -0.06582752395489999, 0.4130498616907421], [-0.3045597923020763, -0.7809644633229436, 0.545286933586]], "trans": [485.105574115, 585.263320485, 222.219395431]}], "rb_4XMM.renamed.noAb_Seh1_Nup85_47_544_3F3F.pdb_0": [{"rot": [[-0.854897909549, 0.20808526724526888, 0.4752368733633942], [0.22795171362763061, -0.672212780337, 0.7043919322407283], [0.4660338834279933, 0.7105142500380025, 0.527239907433]], "trans": [491.075092084, 504.705477267, 357.361136901]}], "rb_4XMM.renamed.noAb_Nup120_715-1036_Nup85_553-744_Nup145c_92-99_554-712_remaining_updated.pdb_0": [{"rot": [[0.44814685461500003, -0.7887091613929544, 0.4208351879697142], [0.8164167897593233, 0.5528636800690001, 0.16674944275661965], [-0.36418130388278147, 0.26884867489981235, 0.8916795208520001]], "trans": [413.765114809, 633.479495038, 309.123376043]}], "rb_4XMM.renamed.noAb_Nup120_2-711_3F7F_updated.pdb_0": [{"rot": [[-0.430829762531, 0.3930491633249682, 0.8123411050334856], [0.8043952639739276, -0.240777813694, 0.543115368710049], [0.4090647565041471, 0.8874336029485697, -0.21243263719099986]], "trans": [636.373767426, 497.5023577559999, 486.07373963199996]}]}
