{"rb_ScNup133N_56-480_renamed.pdb_0": [{"rot": [[-0.1146465479470001, -0.9797443506565374, -0.16418640747770796], [-0.5439085892880055, -0.07639415919909995, 0.8356598464321439], [-0.8312758961635829, 0.18510791392283132, -0.5241330409930001]], "trans": [684.86357362, 342.39260584300007, 160.98288997599997]}], "rb_ScNup133C_490_881_renamed_relative_3CQC.pdb_0": [{"rot": [[-0.06616512283999992, -0.8340129921761257, -0.5477631836852433], [0.6872427199806739, -0.43608939647, 0.5809677117706253], [-0.7234083358333198, -0.338006460245743, 0.6020232657290001]], "trans": [627.495500962, 563.080110261, 239.38297056599998]}], "rb_ScNup84_506-726_ScNup133C_882_1155_renamed_relative_3CQC_new.pdb_0": [{"rot": [[0.6892601620880001, -0.48479991156390473, -0.5384138507747122], [-0.619026659431341, -0.780202302695, -0.08994643841027838], [-0.37646570079052133, 0.3952890241545414, -0.837866435365]], "trans": [628.579658584, 621.959380449, 331.301197131]}], "rb_4XMM.renamed.noAb_Nup145c_149-550_Sec13_Nup84_7-436_3IKO_updated.pdb_0": [{"rot": [[-0.31681906401899995, -0.8986804241828401, 0.3033136592121679], [0.4750235743808404, -0.4271301025289999, -0.7693584855553464], [0.8209618045052856, -0.09966629673122401, 0.5622173466189999]], "trans": [454.648593904, 533.278926448, 318.987180051]}], "rb_4XMM.renamed.noAb_Seh1_Nup85_47_544_3F3F.pdb_0": [{"rot": [[-0.13068939663999993, -0.5635787238282712, 0.8156588157152289], [0.1590665664120215, 0.800137378958, 0.578340731960072], [-0.9785796385863352, 0.20532704849171501, -0.014922938782899936]], "trans": [574.429883629, 728.580452168, 305.933317597]}], "rb_4XMM.renamed.noAb_Nup120_715-1036_Nup85_553-744_Nup145c_92-99_554-712_remaining_updated.pdb_0": [{"rot": [[-0.18740888356200006, 0.7535196045998312, -0.6301476936764576], [0.853260696401433, -0.19294089890899993, -0.48447909501311676], [-0.48664575857453674, -0.6284759462476674, -0.6067898241150002]], "trans": [683.45264579, 585.602876454, 213.14212630100002]}], "rb_4XMM.renamed.noAb_Nup120_2-711_3F7F_updated.pdb_0": [{"rot": [[-0.292838263598, 0.3223274210416298, 0.9001948594707483], [-0.6763900223597077, 0.5956076616020001, -0.4332990319551056], [-0.6758271147454373, -0.7357693572619408, 0.043602338116300016]], "trans": [526.105136449, 690.471088366, 161.84343142100002]}]}
