{"rb_ScNup133N_56-480_renamed.pdb_0": [{"rot": [[0.40004994751999984, 0.6311674113777819, -0.6645206831272558], [-0.590900967338829, 0.7318726680309999, 0.33940896362238504], [0.7005684022900841, 0.25688537639160236, 0.6657430563729998]], "trans": [798.1049050650001, 430.94657280800004, 429.644695268]}], "rb_ScNup133C_490_881_renamed_relative_3CQC.pdb_0": [{"rot": [[-0.18432370632000006, -0.5196619360448113, -0.8342519065094289], [0.8669018111153436, 0.31401367546000014, -0.38713907256829405], [0.4631479473919706, -0.7945733973965275, 0.3926157090289999]], "trans": [625.30899612, 707.247640176, 280.134329759]}], "rb_ScNup84_506-726_ScNup133C_882_1155_renamed_relative_3CQC_new.pdb_0": [{"rot": [[-0.5165241024350001, 0.0006847705460504838, 0.8562723764626634], [-0.7680041673358173, -0.44257242786600015, -0.46292466454879266], [0.3786455473903472, -0.8967325003489578, 0.2291252326990001]], "trans": [529.188283768, 714.949912356, 313.226996421]}], "rb_4XMM.renamed.noAb_Nup145c_149-550_Sec13_Nup84_7-436_3IKO_updated.pdb_0": [{"rot": [[-0.013586031113400013, -0.2494477645784048, 0.9682929476689492], [-0.30916414150302984, 0.921978976017, 0.23317868983107953], [-0.9509116433019844, -0.296193484954482, -0.08964633903980007]], "trans": [508.14882351200004, 567.990955017, 226.04535552199997]}], "rb_4XMM.renamed.noAb_Seh1_Nup85_47_544_3F3F.pdb_0": [{"rot": [[-0.8273910010779999, -0.10926275120771059, -0.5508954370238212], [-0.02074538814994619, 0.986169571727, -0.1644360199904306], [0.5612430491379409, -0.12462434352207098, -0.8182145273679999]], "trans": [469.066693083, 639.300485983, 226.244234679]}], "rb_4XMM.renamed.noAb_Nup120_715-1036_Nup85_553-744_Nup145c_92-99_554-712_remaining_updated.pdb_0": [{"rot": [[-0.6798264463760001, 0.6811797548914282, 0.27171702989292645], [-0.5385724362428692, -0.2122421897500001, -0.8154097030386295], [-0.4977707642351049, -0.7006763835153708, 0.5111524937400002]], "trans": [582.484958484, 498.92044359299996, 183.23947659699996]}], "rb_4XMM.renamed.noAb_Nup120_2-711_3F7F_updated.pdb_0": [{"rot": [[0.06638507993789997, -0.9951346573396604, -0.07280133874535227], [-0.44572268274077637, 0.03570216953830002, -0.8944588560580211], [0.8927061729662251, 0.09182793067327272, -0.4411839977790001]], "trans": [284.822341603, 552.779564425, 450.658454541]}]}
