{"rb_ScNup133N_56-480_renamed.pdb_0": [{"rot": [[0.28977869497, 0.8949427608595089, -0.33927240195253694], [-0.6419874516444672, -0.08115567887519992, -0.7624079404868159], [-0.709845349264561, 0.4387382027718415, 0.5510248356980001]], "trans": [609.901601393, 445.89125141, 34.80699725490001]}], "rb_ScNup133C_490_881_renamed_relative_3CQC.pdb_0": [{"rot": [[0.5887988008410001, -0.4910477860211137, 0.6420187255617729], [0.2200299559010151, 0.8616812922000001, 0.4572659720323998], [-0.7777549682479681, -0.12797430412508848, 0.615402134258]], "trans": [459.80369172300004, 543.660753141, 246.406388813]}], "rb_ScNup84_506-726_ScNup133C_882_1155_renamed_relative_3CQC_new.pdb_0": [{"rot": [[0.6816200825050001, 0.6418825991859683, -0.351256020572093], [0.04656514037994752, -0.5171301977240002, -0.8546391322092222], [-0.730223082918688, 0.5661829099012103, -0.3823756813770001]], "trans": [501.47029458199995, 625.316824692, 258.237849997]}], "rb_4XMM.renamed.noAb_Nup145c_149-550_Sec13_Nup84_7-436_3IKO_updated.pdb_0": [{"rot": [[-0.8967509429309999, -0.2350132696842655, -0.3749753450890779], [-0.3992849596464687, 0.795038242145, 0.45660235930961435], [0.19081212580043294, 0.559180611787729, -0.8067885572120002]], "trans": [543.82490992, 386.673364328, 342.929837038]}], "rb_4XMM.renamed.noAb_Seh1_Nup85_47_544_3F3F.pdb_0": [{"rot": [[0.41919955611199994, -0.8609517912836889, -0.2881557655867911], [-0.5556130194030701, -0.494291949534, 0.6685578817841289], [-0.7180291810402318, -0.12015607230300546, -0.68556299015]], "trans": [481.619092725, 327.848997472, 262.65886864]}], "rb_4XMM.renamed.noAb_Nup120_715-1036_Nup85_553-744_Nup145c_92-99_554-712_remaining_updated.pdb_0": [{"rot": [[0.877913685212, 0.4706909535481605, -0.08784980116886333], [0.42805314728789023, -0.853728188456, -0.2965108485916972], [-0.21456482566911367, 0.22270654791352687, -0.9509804041629999]], "trans": [688.924213136, 318.492413715, 291.336917415]}], "rb_4XMM.renamed.noAb_Nup120_2-711_3F7F_updated.pdb_0": [{"rot": [[-0.978222142135, -0.1935013623237123, -0.0750910341897035], [0.18009583039131533, -0.9711385523609999, 0.15638223682325256], [-0.1031839741068078, 0.1394529845397677, 0.9848380235299999]], "trans": [509.7457770330001, 266.660039159, 184.942683197]}]}
