{"rb_ScNup133N_56-480_renamed.pdb_0": [{"rot": [[-0.6838156121950001, -0.17776199418548133, 0.7076700374762084], [0.577614802732523, 0.460713561449, 0.6738725057169548], [-0.44582210373942427, 0.8695652291347553, -0.21236516686399998]], "trans": [211.758822491, 559.157283143, 144.94887208800003]}], "rb_ScNup133C_490_881_renamed_relative_3CQC.pdb_0": [{"rot": [[0.344203993796, 0.5789314453190901, 0.7391630349764744], [-0.8794776139257003, -0.07680776775779996, 0.4697017068476764], [0.32869855073979254, -0.8117505456929569, 0.4827197057390001]], "trans": [494.5572261230001, 424.752517394, 187.428265217]}], "rb_ScNup84_506-726_ScNup133C_882_1155_renamed_relative_3CQC_new.pdb_0": [{"rot": [[0.6382562538020001, 0.6486799329693098, 0.4145398642417504], [-0.3113596274548495, 0.709999886257, -0.6316291189505314], [-0.7040483910029298, 0.2740702575581287, 0.655134609869]], "trans": [487.98182222899993, 474.367437764, 157.820352377]}], "rb_4XMM.renamed.noAb_Nup145c_149-550_Sec13_Nup84_7-436_3IKO_updated.pdb_0": [{"rot": [[-0.31681906401899995, -0.8986804241828401, 0.3033136592121679], [0.4750235743808404, -0.4271301025289999, -0.7693584855553464], [0.8209618045052856, -0.09966629673122401, 0.5622173466189999]], "trans": [454.648593904, 533.278926448, 318.987180051]}], "rb_4XMM.renamed.noAb_Seh1_Nup85_47_544_3F3F.pdb_0": [{"rot": [[0.229328449211, -0.7134985191657905, -0.6620636869144098], [0.689664379685774, 0.5990966808370001, -0.40675079643772827], [0.6868562482609547, -0.3633222125858995, 0.629464426371]], "trans": [446.10091789100005, 619.265924491, 258.932126731]}], "rb_4XMM.renamed.noAb_Nup120_715-1036_Nup85_553-744_Nup145c_92-99_554-712_remaining_updated.pdb_0": [{"rot": [[-0.5590796384939999, -0.5520505107462494, 0.6186034201378322], [-0.11074064379439222, -0.6896967718869998, -0.7155800952099318], [0.8216851389878131, -0.46857080194294715, 0.32446099292999986]], "trans": [494.843181346, 478.564708826, 262.849620813]}], "rb_4XMM.renamed.noAb_Nup120_2-711_3F7F_updated.pdb_0": [{"rot": [[0.778414036797, -0.4228627323047638, 0.46395980100128104], [-0.017734823759731733, -0.753600920515, -0.6570929375858151], [0.627500648082223, 0.5032621207946156, -0.5941129307040001]], "trans": [550.353511849, 469.6564537610001, 471.433839019]}]}
