{"rb_ScNup133N_56-480_renamed.pdb_0": [{"rot": [[-0.8335438989650001, 0.23645496483462122, -0.49929311842171814], [-0.5375890901537601, -0.5554014463690001, 0.6344503160365476], [-0.1272891929657745, 0.7972567233810455, 0.5900670965050001]], "trans": [309.276200323, 348.19785900100004, 195.85680339700002]}], "rb_ScNup133C_490_881_renamed_relative_3CQC.pdb_0": [{"rot": [[0.7351631666349998, -0.2343843891491681, 0.6360810298589091], [-0.051816084859088465, -0.9550087553199997, -0.2920160451276953], [0.6759069549672313, 0.18172021182387993, -0.714232142123]], "trans": [451.189750749, 519.443518193, 357.022258457]}], "rb_ScNup84_506-726_ScNup133C_882_1155_renamed_relative_3CQC_new.pdb_0": [{"rot": [[0.605812671353, 0.7804677160511829, -0.15447055198319248], [-0.0016513465652022719, 0.19538732907400003, 0.9807247650038465], [0.7956056059899677, -0.593880405333581, 0.11965694245700005]], "trans": [507.152938465, 422.4968510560001, 302.983817704]}], "rb_4XMM.renamed.noAb_Nup145c_149-550_Sec13_Nup84_7-436_3IKO_updated.pdb_0": [{"rot": [[-0.28433883623100015, 0.3425031810936246, 0.895456865042392], [-0.5279064355869796, -0.8355941678000001, 0.15197757072830095], [0.8002913353752188, -0.42950431625232055, 0.4184015067420002]], "trans": [455.991069436, 453.21674409, 313.623883193]}], "rb_4XMM.renamed.noAb_Seh1_Nup85_47_544_3F3F.pdb_0": [{"rot": [[-0.418043870242, 0.26446579043778584, -0.8690783441331438], [0.8304379248832785, 0.4990731169230001, -0.24758609993357017], [0.36825558443646744, -0.8252174680972759, -0.42825687954600006]], "trans": [496.763230828, 539.82263476, 168.611653586]}], "rb_4XMM.renamed.noAb_Nup120_715-1036_Nup85_553-744_Nup145c_92-99_554-712_remaining_updated.pdb_0": [{"rot": [[-0.6613873421159999, -0.6775101634277119, -0.3217868271711698], [-0.08829065745215364, -0.35571544701, 0.9304145745661673], [-0.7448298755389714, 0.6437751930686914, 0.17544787628799996]], "trans": [385.523001799, 478.929418276, 338.305362819]}], "rb_4XMM.renamed.noAb_Nup120_2-711_3F7F_updated.pdb_0": [{"rot": [[-0.12426354475899998, -0.004174870509869366, -0.9922404657642994], [0.9867728949088435, -0.10543709270499999, -0.12313518325457573], [-0.10410487652914585, -0.9944172112036995, 0.01722163594749998]], "trans": [545.147615302, 627.933114856, 57.6023554249]}]}
