{"rb_ScNup133N_56-480_renamed.pdb_0": [{"rot": [[0.28977869497, 0.8949427608595089, -0.33927240195253694], [-0.6419874516444672, -0.08115567887519992, -0.7624079404868159], [-0.709845349264561, 0.4387382027718415, 0.5510248356980001]], "trans": [609.901601393, 445.89125141, 34.80699725490001]}], "rb_ScNup133C_490_881_renamed_relative_3CQC.pdb_0": [{"rot": [[-0.949168732548, -0.3110259109568241, -0.048390080251027964], [-0.20857632574191678, 0.5063395556919998, 0.8367294489150182], [-0.23574272733898916, 0.8042904556533702, -0.545474316033]], "trans": [456.833660819, 490.977892464, 354.2898159]}], "rb_ScNup84_506-726_ScNup133C_882_1155_renamed_relative_3CQC_new.pdb_0": [{"rot": [[-0.43498849223299996, 0.8906811344788879, 0.13218217848205632], [-0.8453521121973182, -0.35339773404999997, -0.40061184202649075], [-0.3101045275844805, -0.28600202490843724, 0.9066631258189998]], "trans": [428.082195972, 579.0856314549999, 304.743161456]}], "rb_4XMM.renamed.noAb_Nup145c_149-550_Sec13_Nup84_7-436_3IKO_updated.pdb_0": [{"rot": [[-0.860250380526, -0.2825571411739338, 0.4244181249387046], [-0.2166840728756523, -0.550894720337, -0.8059547255688978], [0.46153796741643177, -0.7852875072713382, 0.41268176063]], "trans": [283.166374151, 537.357057922, 379.731573197]}], "rb_4XMM.renamed.noAb_Seh1_Nup85_47_544_3F3F.pdb_0": [{"rot": [[-0.726006252887, 0.6688493344784069, -0.15986084116120985], [-0.5640272294210827, -0.44615010779999986, 0.6948549242695384], [0.3934313221396521, 0.5946348872020887, 0.7011570050149999]], "trans": [514.639392522, 510.4629066229999, 486.807641283]}], "rb_4XMM.renamed.noAb_Nup120_715-1036_Nup85_553-744_Nup145c_92-99_554-712_remaining_updated.pdb_0": [{"rot": [[0.408960892304, -0.277830766087473, -0.8692301501795505], [-0.8732683781497232, 0.1573171186170001, -0.46114386466025603], [0.264864735836366, 0.9476610098581099, -0.17828427329700008]], "trans": [415.592388453, 530.184703489, 518.683348711]}], "rb_4XMM.renamed.noAb_Nup120_2-711_3F7F_updated.pdb_0": [{"rot": [[0.67430302674, 0.35873653136530426, 0.6454638093598005], [0.279412238209923, -0.933033417335, 0.22666592879101416], [0.6835526528862251, 0.027508965814110733, -0.729382634515]], "trans": [499.740931927, 324.65630021, 379.612727683]}]}
