{"rb_ScNup133N_56-480_renamed.pdb_0": [{"rot": [[-0.8442657545910001, -0.5325946156216044, 0.05965158032914909], [0.5343971695632574, -0.8282301921910001, 0.16868436177084759], [-0.04043514297821217, 0.17429206566603841, 0.9838634432980001]], "trans": [356.11946779799996, 616.468632044, 109.38889663499998]}], "rb_ScNup133C_490_881_renamed_relative_3CQC.pdb_0": [{"rot": [[-0.3664516130340001, -0.7840846471218479, -0.5009236283632337], [-0.6478698728463872, 0.6014422836390001, -0.46747385735366087], [0.6678157254533512, 0.153226778334964, -0.7283843156180001]], "trans": [534.872088441, 509.003847225, 300.281267054]}], "rb_ScNup84_506-726_ScNup133C_882_1155_renamed_relative_3CQC_new.pdb_0": [{"rot": [[0.605812671353, 0.7804677160511829, -0.15447055198319248], [-0.0016513465652022719, 0.19538732907400003, 0.9807247650038465], [0.7956056059899677, -0.593880405333581, 0.11965694245700005]], "trans": [507.152938465, 422.4968510560001, 302.983817704]}], "rb_4XMM.renamed.noAb_Nup145c_149-550_Sec13_Nup84_7-436_3IKO_updated.pdb_0": [{"rot": [[0.7327337317920001, 0.455195458977878, -0.5058639860872569], [-0.18703106383446438, 0.8494325569120001, 0.4934406878429163], [0.6543092995328113, -0.26694835714770904, 0.7075435782770002]], "trans": [645.526204778, 351.318711133, 296.755795476]}], "rb_4XMM.renamed.noAb_Seh1_Nup85_47_544_3F3F.pdb_0": [{"rot": [[-0.9896454614850001, -0.12596957254203092, -0.06880063484968302], [0.13883579503384305, -0.71848912225, -0.6815409035602672], [0.03642090854800488, -0.6840358528629934, 0.728538584715]], "trans": [564.292263081, 285.556525908, 245.349805673]}], "rb_4XMM.renamed.noAb_Nup120_715-1036_Nup85_553-744_Nup145c_92-99_554-712_remaining_updated.pdb_0": [{"rot": [[0.5845325860250001, 0.37104591824442623, -0.721558440065028], [-0.4979428230086146, -0.5380892625360001, -0.6800830026972262], [-0.6406048711094364, 0.756825522889929, -0.1297710561460001]], "trans": [643.871165096, 268.772818995, 365.156943326]}], "rb_4XMM.renamed.noAb_Nup120_2-711_3F7F_updated.pdb_0": [{"rot": [[-0.977292168018, -0.16083965208862977, 0.13795153006286584], [-0.00276397112894175, -0.641301808547, -0.7672837485689015], [0.2118782168942235, -0.7502416921701669, 0.626294678674]], "trans": [470.487426645, 255.74611323299996, 74.55386362309997]}]}
