{"rb_ScNup133N_56-480_renamed.pdb_0": [{"rot": [[-0.733176399448, 0.5593344334857213, 0.38677817778369306], [0.594278485852807, 0.803478697824, -0.03542687391718645], [-0.3305834970850209, 0.20387980199189987, -0.921492038921]], "trans": [205.899645921, 614.239887104, 430.013409714]}], "rb_ScNup133C_490_881_renamed_relative_3CQC.pdb_0": [{"rot": [[-0.4233892956669999, -0.17347956774102305, -0.8891829642379511], [0.6345132479619345, 0.6437722159129999, -0.4277268663285744], [0.646633159121459, -0.7452933473437512, -0.16249118108299987]], "trans": [459.128736164, 576.820066795, 408.011686548]}], "rb_ScNup84_506-726_ScNup133C_882_1155_renamed_relative_3CQC_new.pdb_0": [{"rot": [[-0.8882458856960002, -0.3618954122089579, 0.2829327785291709], [-0.06273501947254906, 0.7057125272580002, 0.7057153436073963], [-0.4550643513569343, 0.6090989570613589, -0.6495497645530001]], "trans": [375.308142063, 519.232324949, 440.257326131]}], "rb_4XMM.renamed.noAb_Nup145c_149-550_Sec13_Nup84_7-436_3IKO_updated.pdb_0": [{"rot": [[0.35742898089999997, -0.6508117004163007, -0.6698422606957781], [0.9328815157504905, 0.21464786511800005, 0.2892375694327283], [-0.044458983162628085, -0.7282653531519458, 0.683851573234]], "trans": [484.876036282, 606.275901288, 232.90480540600004]}], "rb_4XMM.renamed.noAb_Seh1_Nup85_47_544_3F3F.pdb_0": [{"rot": [[0.991688306747, 0.07090693631169767, 0.1073615789943349], [-0.12661006633970143, 0.6862859888759999, 0.7162272213298985], [-0.022895269439872627, -0.7238672170055637, 0.689559322163]], "trans": [500.68316588, 590.927079158, 252.89503129800002]}], "rb_4XMM.renamed.noAb_Nup120_715-1036_Nup85_553-744_Nup145c_92-99_554-712_remaining_updated.pdb_0": [{"rot": [[-0.3045747391719999, 0.516311261966612, 0.800410462840631], [0.27505080030764445, -0.7568604664630001, 0.5928821902836469], [0.9119107881303044, 0.40073047684429336, 0.08850875335079994]], "trans": [531.823265969, 445.35697677099995, 400.970156193]}], "rb_4XMM.renamed.noAb_Nup120_2-711_3F7F_updated.pdb_0": [{"rot": [[-0.6549066009539999, -0.46746315402962374, 0.5937807201750108], [0.6419234114937298, 0.07051517632750015, 0.7635194455177636], [-0.39878776034769414, 0.8811956704002679, 0.25389468813799987]], "trans": [316.343022348, 618.518055692, 453.895325474]}]}
