{"rb_ScNup133N_56-480_renamed.pdb_0": [{"rot": [[0.28977869497, 0.8949427608595089, -0.33927240195253694], [-0.6419874516444672, -0.08115567887519992, -0.7624079404868159], [-0.709845349264561, 0.4387382027718415, 0.5510248356980001]], "trans": [609.901601393, 445.89125141, 34.80699725490001]}], "rb_ScNup133C_490_881_renamed_relative_3CQC.pdb_0": [{"rot": [[-0.949168732548, -0.3110259109568241, -0.048390080251027964], [-0.20857632574191678, 0.5063395556919998, 0.8367294489150182], [-0.23574272733898916, 0.8042904556533702, -0.545474316033]], "trans": [456.833660819, 490.977892464, 354.2898159]}], "rb_ScNup84_506-726_ScNup133C_882_1155_renamed_relative_3CQC_new.pdb_0": [{"rot": [[-0.43498849223299996, 0.8906811344788879, 0.13218217848205632], [-0.8453521121973182, -0.35339773404999997, -0.40061184202649075], [-0.3101045275844805, -0.28600202490843724, 0.9066631258189998]], "trans": [428.082195972, 579.0856314549999, 304.743161456]}], "rb_4XMM.renamed.noAb_Nup145c_149-550_Sec13_Nup84_7-436_3IKO_updated.pdb_0": [{"rot": [[-0.026476223385199893, 0.7641077698232591, -0.6445450532670174], [0.5654496821474014, -0.5202609586540001, -0.6399962436294635], [-0.8243577297233646, -0.38140247901153734, -0.4182899502130001]], "trans": [668.5807814510001, 659.9592451, 257.186488929]}], "rb_4XMM.renamed.noAb_Seh1_Nup85_47_544_3F3F.pdb_0": [{"rot": [[-0.7862450111750001, -0.6134416519178758, -0.07421672382079217], [-0.61702890179466, 0.7730045770639999, 0.1474423893871173], [-0.03307743570018478, 0.16171970668528374, -0.9862822211299997]], "trans": [480.547286849, 727.556443835, 281.136357198]}], "rb_4XMM.renamed.noAb_Nup120_715-1036_Nup85_553-744_Nup145c_92-99_554-712_remaining_updated.pdb_0": [{"rot": [[0.42553593073400003, -0.04023577176054527, 0.9040465996425083], [-0.6113915990930932, 0.723743168132, 0.3199939673503957], [-0.6671727543992926, -0.6888954269358223, 0.28337890982599995]], "trans": [568.813359469, 717.716096566, 185.285348349]}], "rb_4XMM.renamed.noAb_Nup120_2-711_3F7F_updated.pdb_0": [{"rot": [[0.5878101633630001, 0.6557291977454093, -0.47381265397974043], [-0.6692096985637755, 0.06502896431159993, -0.7402226780832518], [-0.45457407668645605, 0.7521904366745981, 0.477045024898]], "trans": [794.843623431, 636.547880847, 484.406004336]}]}
