{"rb_ScNup133N_56-480_renamed.pdb_0": [{"rot": [[0.0022171113950300025, 0.769935274571614, -0.6381181374850549], [-0.42484241704738024, -0.5769433799810001, -0.6975996394590805], [-0.9052646050157942, 0.27264630800073675, 0.32582201527699983]], "trans": [627.693549044, 307.88481756499993, -10.280747988299993]}], "rb_ScNup133C_490_881_renamed_relative_3CQC.pdb_0": [{"rot": [[0.48276547858100005, -0.7994153375686708, 0.3575928001937764], [0.8729744052091273, 0.40680695080599993, -0.269116689608235], [0.06966477259152101, 0.44208960950908227, 0.894261481125]], "trans": [520.065439637, 398.245483015, 256.19491058]}], "rb_ScNup84_506-726_ScNup133C_882_1155_renamed_relative_3CQC_new.pdb_0": [{"rot": [[-0.569297757955, -0.5617632912277539, 0.6002683295130369], [-0.11613218326089872, 0.7777649543999999, 0.6177337547181818], [-0.8138878170844352, 0.28196396992546335, -0.508018642242]], "trans": [525.063752279, 368.972885627, 339.499470185]}], "rb_4XMM.renamed.noAb_Nup145c_149-550_Sec13_Nup84_7-436_3IKO_updated.pdb_0": [{"rot": [[0.2132881734720001, -0.2207031659784051, 0.9517343471705151], [0.9584527052221878, 0.236128583564, -0.16003657043416336], [-0.18941110555943608, 0.946326267495079, 0.261896980776]], "trans": [497.627530148, 543.472736057, 227.907551045]}], "rb_4XMM.renamed.noAb_Seh1_Nup85_47_544_3F3F.pdb_0": [{"rot": [[0.6157256048380001, -0.7855174418260988, -0.062002646184340704], [0.42213979461002316, 0.39528679729500016, -0.815810236323907], [0.6653419972867236, 0.47614146686803394, 0.5749863739040001]], "trans": [470.954466238, 506.755997644, 304.120260358]}], "rb_4XMM.renamed.noAb_Nup120_715-1036_Nup85_553-744_Nup145c_92-99_554-712_remaining_updated.pdb_0": [{"rot": [[-0.773102489762, 0.5060386786424219, -0.38240998423371264], [0.43665421729289616, 0.861905321898, 0.2577834568086815], [0.46004960041730814, 0.03231209992768609, -0.887305073441]], "trans": [587.063145946, 579.22909555, 237.38871995]}], "rb_4XMM.renamed.noAb_Nup120_2-711_3F7F_updated.pdb_0": [{"rot": [[0.527133220591, -0.7960698778443118, -0.2973269536020956], [0.7958754902897063, 0.33985433700599993, 0.5010800670295434], [-0.29784689305997425, -0.50077118448165, 0.8127210155320002]], "trans": [379.52327132900007, 515.520334959, 37.621158167999994]}]}
