{"rb_ScNup133N_56-480_renamed.pdb_0": [{"rot": [[-0.409487570334, 0.25785160991465605, -0.8751185502584078], [0.8221205316938175, 0.520153379203, -0.23142664814401764], [0.3955221373190536, -0.8142192636926002, -0.4249814460920001]], "trans": [651.054772993, 799.472826928, 548.188741]}], "rb_ScNup133C_490_881_renamed_relative_3CQC.pdb_0": [{"rot": [[-0.20574732284900005, -0.0443790083930779, -0.9775983545170872], [0.9714462197481655, -0.12987479464499993, -0.19855674214923602], [-0.11815363421185338, -0.9905367440584758, 0.06983321124339997]], "trans": [696.311012333, 626.204139532, 310.778172367]}], "rb_ScNup84_506-726_ScNup133C_882_1155_renamed_relative_3CQC_new.pdb_0": [{"rot": [[-0.6783264029630001, 0.0813672272551133, 0.7302415116741121], [0.15489913637459454, -0.9556774831619999, 0.2503733327004898], [0.7182475538375905, 0.28294862167178003, 0.635657556315]], "trans": [584.119256357, 609.441001028, 260.341450111]}], "rb_4XMM.renamed.noAb_Nup145c_149-550_Sec13_Nup84_7-436_3IKO_updated.pdb_0": [{"rot": [[-0.599282865916, 0.5072113759666329, -0.6193518117431649], [-0.43711640597386436, 0.4408283745820001, 0.7839640245520734], [0.6706633240665525, 0.7405450453911815, -0.042470477964999864]], "trans": [612.515931154, 553.178238609, 389.806335316]}], "rb_4XMM.renamed.noAb_Seh1_Nup85_47_544_3F3F.pdb_0": [{"rot": [[-0.26028755022200006, -0.8757446331511918, 0.40659774803399296], [0.9279212230144833, -0.11049820061100019, 0.3560229649068116], [-0.26685688126547435, 0.46995902498900455, 0.8413833369830002]], "trans": [412.349199351, 554.878839963, 393.614060004]}], "rb_4XMM.renamed.noAb_Nup120_715-1036_Nup85_553-744_Nup145c_92-99_554-712_remaining_updated.pdb_0": [{"rot": [[-0.769643271826, -0.293508170242091, 0.5670116296286255], [-0.3845306714105236, 0.922030823659, -0.04466903812796873], [-0.5096914722432991, -0.2524125872928007, -0.8224977136129998]], "trans": [475.601976897, 627.116025135, 265.630109294]}], "rb_4XMM.renamed.noAb_Nup120_2-711_3F7F_updated.pdb_0": [{"rot": [[-0.285369786955, 0.9283517505195861, 0.23817454104181268], [0.6822091404929916, 0.022210589349699827, 0.7308196619882037], [0.6731677155962482, 0.3710387001755466, -0.639668280948]], "trans": [709.895704497, 429.804660788, 405.1094117079999]}]}
