{"rb_ScNup133N_56-480_renamed.pdb_0": [{"rot": [[-0.6512592607240001, -0.19753467941789027, 0.732694633355875], [-0.6767998565940524, 0.5878964004120001, -0.44307987597822984], [-0.3432248962932309, -0.7844474952537516, -0.516564417817]], "trans": [234.46417500799998, 365.54241127, 356.784724458]}], "rb_ScNup133C_490_881_renamed_relative_3CQC.pdb_0": [{"rot": [[0.27748402610700007, -0.7183063568067702, 0.6379957625458295], [-0.23362399379222337, 0.5936900475939999, 0.7700337375157047], [-0.9318918632438105, -0.36272317979255037, -0.0030740951774999026]], "trans": [447.981307531, 504.308593416, 274.272980388]}], "rb_ScNup84_506-726_ScNup133C_882_1155_renamed_relative_3CQC_new.pdb_0": [{"rot": [[0.7106325419199999, 0.33854855332525624, -0.6167546249568748], [0.48355533666623995, 0.401734396422, 0.7776784111141639], [0.5110534480325112, -0.8508785763978473, 0.12177857562500002]], "trans": [521.905727103, 518.399428919, 262.142687384]}], "rb_4XMM.renamed.noAb_Nup145c_149-550_Sec13_Nup84_7-436_3IKO_updated.pdb_0": [{"rot": [[0.46234824842400013, 0.2269115728408988, -0.857172815300467], [-0.040605628011056175, -0.960269197592, -0.2761055072428729], [-0.8857681864647695, 0.16246293813324292, -0.43476489460400003]], "trans": [671.224662329, 523.465654376, 274.343289456]}], "rb_4XMM.renamed.noAb_Seh1_Nup85_47_544_3F3F.pdb_0": [{"rot": [[-0.2791981236290001, 0.9507418110251749, 0.13467893870467162], [-0.5829131396131224, -0.27926916802800006, 0.7630340775190327], [0.7630600758973164, 0.13453155970819553, 0.6321713217270001]], "trans": [713.099597662, 586.954500059, 391.036008985]}], "rb_4XMM.renamed.noAb_Nup120_715-1036_Nup85_553-744_Nup145c_92-99_554-712_remaining_updated.pdb_0": [{"rot": [[0.924768937505, -0.3783701939310108, 0.04047725991816479], [-0.352226045760078, -0.891385937574, -0.28525063187228994], [0.14401119718304153, 0.24953377855498937, -0.957597863639]], "trans": [587.494807769, 527.897519991, 377.030258646]}], "rb_4XMM.renamed.noAb_Nup120_2-711_3F7F_updated.pdb_0": [{"rot": [[-0.721846925381, -0.6426902335674449, -0.25668322889316325], [0.28996800702057135, 0.05589524774500004, -0.9554026775051674], [0.6283753426277283, -0.7640844095756358, 0.14601179343099996]], "trans": [521.238104566, 735.230890571, 171.43159910600002]}]}
