{"rb_ScNup133N_56-480_renamed.pdb_0": [{"rot": [[0.28977869497, 0.8949427608595089, -0.33927240195253694], [-0.6419874516444672, -0.08115567887519992, -0.7624079404868159], [-0.709845349264561, 0.4387382027718415, 0.5510248356980001]], "trans": [609.901601393, 445.89125141, 34.80699725490001]}], "rb_ScNup133C_490_881_renamed_relative_3CQC.pdb_0": [{"rot": [[-0.07095589033569999, -0.8363138147652829, -0.5436400140344788], [-0.7433704581480469, 0.407743604548, -0.530231567244885], [0.665105723610488, 0.3665028733624668, -0.650622794127]], "trans": [495.105964766, 545.647931034, 353.963158938]}], "rb_ScNup84_506-726_ScNup133C_882_1155_renamed_relative_3CQC_new.pdb_0": [{"rot": [[0.32103197839300013, -0.9237040112781127, -0.20906785596499633], [0.6079586704114202, 0.3702620097620001, -0.7023477053415801], [0.7261712772622273, 0.09837145762734584, 0.680439808068]], "trans": [507.886129921, 546.083984355, 288.177742449]}], "rb_4XMM.renamed.noAb_Nup145c_149-550_Sec13_Nup84_7-436_3IKO_updated.pdb_0": [{"rot": [[0.5707727703030001, 0.7273199626397118, -0.3810828212166055], [-0.1315195644045674, 0.5390959971050002, 0.831912321151814], [0.8105066618230055, -0.4247130535445483, 0.4033581203960001]], "trans": [625.8807415049998, 393.749243809, 319.270561705]}], "rb_4XMM.renamed.noAb_Seh1_Nup85_47_544_3F3F.pdb_0": [{"rot": [[0.5037715327650001, 0.629728020774303, 0.5913179031851493], [0.6258014231690887, 0.20581832424100008, -0.7523372888313923], [-0.5954719317777671, 0.7490536945094829, -0.29039927893599987]], "trans": [554.102697838, 492.462688805, 448.665266529]}], "rb_4XMM.renamed.noAb_Nup120_715-1036_Nup85_553-744_Nup145c_92-99_554-712_remaining_updated.pdb_0": [{"rot": [[-0.24263337517900005, 0.9568517346761116, 0.15988684466385278], [0.07770637775404593, 0.183451315079, -0.979952720212629], [-0.9670009121534437, -0.22534500847168065, -0.11886489410800002]], "trans": [560.95538104, 481.207112199, 308.276377936]}], "rb_4XMM.renamed.noAb_Nup120_2-711_3F7F_updated.pdb_0": [{"rot": [[0.5645747546330002, -0.34533457942368057, 0.7496661754977062], [0.4231156314578432, -0.6587550186190001, -0.6221052867966256], [0.7086808229711868, 0.6684204168773952, -0.22579999436300002]], "trans": [346.74129925400007, 284.398955991, 526.258900709]}]}
