{"rb_ScNup133N_56-480_renamed.pdb_0": [{"rot": [[-0.05204831511279993, -0.988884613861073, 0.13927739717109772], [-0.7092215171155889, 0.13478923114, 0.6919802763294272], [-0.7030617416373768, -0.06276211944735999, -0.7083537984710001]], "trans": [389.292717398, 238.54081777599998, 294.000911276]}], "rb_ScNup133C_490_881_renamed_relative_3CQC.pdb_0": [{"rot": [[0.6524366952199998, 0.7558846774184806, 0.054449179740048315], [0.44531286915588536, -0.3242493530049998, -0.8346009858848671], [-0.6132069856863651, 0.5687712295113019, -0.5481573507539999]], "trans": [439.591835362, 525.813963785, 429.825649867]}], "rb_ScNup84_506-726_ScNup133C_882_1155_renamed_relative_3CQC_new.pdb_0": [{"rot": [[-0.6380872334529999, -0.22493068656338977, 0.7363768523972076], [-0.01976669205123692, 0.960848421306, 0.27636857484004795], [-0.7697103093954558, 0.1617915248580398, -0.6175512465329998]], "trans": [389.439431656, 478.27715794, 427.720125212]}], "rb_4XMM.renamed.noAb_Nup145c_149-550_Sec13_Nup84_7-436_3IKO_updated.pdb_0": [{"rot": [[0.2866823748780001, -0.6210968073631307, -0.729418927515345], [0.9083262348117145, -0.06582752395489999, 0.4130498616907421], [-0.3045597923020763, -0.7809644633229436, 0.545286933586]], "trans": [485.105574115, 585.263320485, 222.219395431]}], "rb_4XMM.renamed.noAb_Seh1_Nup85_47_544_3F3F.pdb_0": [{"rot": [[-0.18338893938599998, 0.18571484607250952, 0.9653385379539875], [-0.1703779908762684, -0.9731359421989999, 0.1548475967699554], [0.968163125271689, -0.1360751040739216, 0.21010409066800007]], "trans": [456.36989638399996, 421.708466275, 413.377686414]}], "rb_4XMM.renamed.noAb_Nup120_715-1036_Nup85_553-744_Nup145c_92-99_554-712_remaining_updated.pdb_0": [{"rot": [[-0.685133593619, -0.507983625811996, 0.5220580377712932], [-0.21509281059969806, 0.825830853549, 0.521285415252386], [-0.6959360902576023, 0.24485921921264908, -0.6750680862279999]], "trans": [366.478751593, 613.191216447, 359.914127696]}], "rb_4XMM.renamed.noAb_Nup120_2-711_3F7F_updated.pdb_0": [{"rot": [[0.823053131165, -0.2850100559709422, 0.49127671558392594], [-0.56636703120614, -0.34702769549099993, 0.7475293736870472], [-0.0425667621769914, -0.8934993265569069, -0.44704253063900007]], "trans": [446.05550673899995, 378.284687448, 136.917873902]}]}
