{"rb_ScNup133N_56-480_renamed.pdb_0": [{"rot": [[0.4155094612259999, 0.21368916616131609, 0.8841316801794633], [0.5848186733794501, 0.68171192261, -0.43960888735110615], [-0.6966627641107134, 0.6997183682287174, 0.1582883390049999]], "trans": [487.172994471, 686.660503175, 93.46287339380001]}], "rb_ScNup133C_490_881_renamed_relative_3CQC.pdb_0": [{"rot": [[0.5887988008410001, -0.4910477860211137, 0.6420187255617729], [0.2200299559010151, 0.8616812922000001, 0.4572659720323998], [-0.7777549682479681, -0.12797430412508848, 0.615402134258]], "trans": [459.80369172300004, 543.660753141, 246.406388813]}], "rb_ScNup84_506-726_ScNup133C_882_1155_renamed_relative_3CQC_new.pdb_0": [{"rot": [[0.7106325419199999, 0.33854855332525624, -0.6167546249568748], [0.48355533666623995, 0.401734396422, 0.7776784111141639], [0.5110534480325112, -0.8508785763978473, 0.12177857562500002]], "trans": [521.905727103, 518.399428919, 262.142687384]}], "rb_4XMM.renamed.noAb_Nup145c_149-550_Sec13_Nup84_7-436_3IKO_updated.pdb_0": [{"rot": [[0.4457111590900003, -0.6414536298004989, -0.6244027574237747], [0.3035546834536487, -0.5478886827410001, 0.779533543523104], [-0.8421378253089002, -0.5369871806105772, -0.04948384629250013]], "trans": [538.484427443, 473.95745666700003, 215.18358045800002]}], "rb_4XMM.renamed.noAb_Seh1_Nup85_47_544_3F3F.pdb_0": [{"rot": [[0.6207381507389998, -0.7673917856062191, -0.16060509207750823], [0.2796950208452877, 0.40811961190200013, -0.8690276622152568], [0.732430777296722, 0.4945181794080568, 0.467971074644]], "trans": [518.610617817, 657.766436357, 355.026241269]}], "rb_4XMM.renamed.noAb_Nup120_715-1036_Nup85_553-744_Nup145c_92-99_554-712_remaining_updated.pdb_0": [{"rot": [[-0.2550163736469999, -0.9348417663072018, -0.24705772835425518], [0.8537234089532625, -0.09771633416299996, -0.5114761568665402], [0.4540076983677198, -0.3413537607898529, 0.8230155647480002]], "trans": [477.049399322, 610.828599946, 258.95074148]}], "rb_4XMM.renamed.noAb_Nup120_2-711_3F7F_updated.pdb_0": [{"rot": [[0.04858457828859997, -0.9821587413875403, -0.18166933001627367], [0.5675589309886875, -0.12252022612500002, 0.8141656183143926], [-0.8218980463582435, -0.14266394396034937, 0.5514803718050001]], "trans": [484.371111651, 541.228891655, 289.701682046]}]}
