{"rb_ScNup133N_56-480_renamed.pdb_0": [{"rot": [[0.5031966570309999, -0.0880711759248696, 0.859672374991797], [-0.2340330322890267, -0.971506729507, 0.03745950240214231], [0.831878395049679, -0.22004122907724222, -0.5094705029299998]], "trans": [550.222428444, 466.999808586, 449.920163109]}], "rb_ScNup133C_490_881_renamed_relative_3CQC.pdb_0": [{"rot": [[-0.654277512561, 0.42219644396543676, 0.6274321471361908], [-0.3033735714134227, -0.9065026404860002, 0.29362806228249816], [0.6927376218488899, 0.0017679069120009883, 0.721187535791]], "trans": [478.01286902499993, 422.406302384, 150.805377487]}], "rb_ScNup84_506-726_ScNup133C_882_1155_renamed_relative_3CQC_new.pdb_0": [{"rot": [[0.6382562538020001, 0.6486799329693098, 0.4145398642417504], [-0.3113596274548495, 0.709999886257, -0.6316291189505314], [-0.7040483910029298, 0.2740702575581287, 0.655134609869]], "trans": [487.98182222899993, 474.367437764, 157.820352377]}], "rb_4XMM.renamed.noAb_Nup145c_149-550_Sec13_Nup84_7-436_3IKO_updated.pdb_0": [{"rot": [[0.014452862686999912, -0.8310274024706412, 0.556043677333939], [0.4971581624201607, -0.47651819105000015, -0.7250959765006594], [0.8675395531612147, 0.2869213654319501, 0.40626500435]], "trans": [454.31476609999993, 484.008342914, 357.500815518]}], "rb_4XMM.renamed.noAb_Seh1_Nup85_47_544_3F3F.pdb_0": [{"rot": [[0.4237106569899999, 0.9050814960868054, -0.036010617800483036], [-0.6244819367823424, 0.32068413858199996, 0.7121685150963182], [0.6561185790584478, -0.2792654090702793, 0.7010843326669999]], "trans": [651.556931945, 474.911061913, 267.016158557]}], "rb_4XMM.renamed.noAb_Nup120_715-1036_Nup85_553-744_Nup145c_92-99_554-712_remaining_updated.pdb_0": [{"rot": [[-0.352910752736, -0.38288773711769936, -0.8537276974353107], [0.46275260550938485, -0.864455799516, 0.19640824009554414], [-0.8132121658568481, -0.3257501365280463, 0.482258044883]], "trans": [490.542288797, 385.650402041, 214.69484955500002]}], "rb_4XMM.renamed.noAb_Nup120_2-711_3F7F_updated.pdb_0": [{"rot": [[0.826204213324, -0.44392331164903887, 0.3468698477242158], [-0.09084568228628787, -0.712627744293, -0.695635508059939], [0.5559978955855941, 0.5432253597158558, -0.6291045609960002]], "trans": [469.26736895899995, 438.43700500499995, 433.949389118]}]}
