{"rb_ScNup133N_56-480_renamed.pdb_0": [{"rot": [[0.36561512881399993, 0.7804416770973573, 0.507184745661565], [0.9272438985107937, -0.352766575115, -0.12559656108404357], [0.08089703490751099, 0.5162039636917729, -0.8526365800339999]], "trans": [514.001336032, 841.0039586620001, 425.128429122]}], "rb_ScNup133C_490_881_renamed_relative_3CQC.pdb_0": [{"rot": [[0.3185576110550001, -0.7489888408756116, 0.5809791430703336], [0.013054027795485978, -0.6093850558879998, -0.7927669556803525], [0.947813610789192, 0.26012606540711597, -0.18434692646900003]], "trans": [435.207428848, 583.447178918, 365.644711415]}], "rb_ScNup84_506-726_ScNup133C_882_1155_renamed_relative_3CQC_new.pdb_0": [{"rot": [[-0.43498849223299996, 0.8906811344788879, 0.13218217848205632], [-0.8453521121973182, -0.35339773404999997, -0.40061184202649075], [-0.3101045275844805, -0.28600202490843724, 0.9066631258189998]], "trans": [428.082195972, 579.0856314549999, 304.743161456]}], "rb_4XMM.renamed.noAb_Nup145c_149-550_Sec13_Nup84_7-436_3IKO_updated.pdb_0": [{"rot": [[-0.026476223385199893, 0.7641077698232591, -0.6445450532670174], [0.5654496821474014, -0.5202609586540001, -0.6399962436294635], [-0.8243577297233646, -0.38140247901153734, -0.4182899502130001]], "trans": [668.5807814510001, 659.9592451, 257.186488929]}], "rb_4XMM.renamed.noAb_Seh1_Nup85_47_544_3F3F.pdb_0": [{"rot": [[-0.7862450111750001, -0.6134416519178758, -0.07421672382079217], [-0.61702890179466, 0.7730045770639999, 0.1474423893871173], [-0.03307743570018478, 0.16171970668528374, -0.9862822211299997]], "trans": [480.547286849, 727.556443835, 281.136357198]}], "rb_4XMM.renamed.noAb_Nup120_715-1036_Nup85_553-744_Nup145c_92-99_554-712_remaining_updated.pdb_0": [{"rot": [[0.42553593073400003, -0.04023577176054527, 0.9040465996425083], [-0.6113915990930932, 0.723743168132, 0.3199939673503957], [-0.6671727543992926, -0.6888954269358223, 0.28337890982599995]], "trans": [568.813359469, 717.716096566, 185.285348349]}], "rb_4XMM.renamed.noAb_Nup120_2-711_3F7F_updated.pdb_0": [{"rot": [[0.5878101633630001, 0.6557291977454093, -0.47381265397974043], [-0.6692096985637755, 0.06502896431159993, -0.7402226780832518], [-0.45457407668645605, 0.7521904366745981, 0.477045024898]], "trans": [794.843623431, 636.547880847, 484.406004336]}]}
