{"rb_ScNup133N_56-480_renamed.pdb_0": [{"rot": [[0.6407606875789998, 0.7671563801049979, 0.029947115344941877], [-0.6237265008767752, 0.5429133725559999, -0.5623258148119149], [-0.447650525920948, 0.3416374662768502, 0.8263733104829999]], "trans": [620.629660788, 370.773630835, 24.02473571500002]}], "rb_ScNup133C_490_881_renamed_relative_3CQC.pdb_0": [{"rot": [[0.2788946687319999, 0.7104776028876304, 0.6460954569937126], [-0.960308064601009, 0.20274753684499996, 0.19157728822997094], [0.005117110037122563, -0.6738805621906094, 0.7388225788959999]], "trans": [499.42517778800004, 447.30640703, 167.153570309]}], "rb_ScNup84_506-726_ScNup133C_882_1155_renamed_relative_3CQC_new.pdb_0": [{"rot": [[0.6382562538020001, 0.6486799329693098, 0.4145398642417504], [-0.3113596274548495, 0.709999886257, -0.6316291189505314], [-0.7040483910029298, 0.2740702575581287, 0.655134609869]], "trans": [487.98182222899993, 474.367437764, 157.820352377]}], "rb_4XMM.renamed.noAb_Nup145c_149-550_Sec13_Nup84_7-436_3IKO_updated.pdb_0": [{"rot": [[0.014452862686999912, -0.8310274024706412, 0.556043677333939], [0.4971581624201607, -0.47651819105000015, -0.7250959765006594], [0.8675395531612147, 0.2869213654319501, 0.40626500435]], "trans": [454.31476609999993, 484.008342914, 357.500815518]}], "rb_4XMM.renamed.noAb_Seh1_Nup85_47_544_3F3F.pdb_0": [{"rot": [[-0.891568053307, -0.38592832592127757, 0.23699310870564705], [-0.24566301819884329, 0.851735559869, 0.4628133722615155], [-0.38046824809936675, 0.35440917497469143, -0.854188532399]], "trans": [430.582208452, 598.907898148, 328.9885435]}], "rb_4XMM.renamed.noAb_Nup120_715-1036_Nup85_553-744_Nup145c_92-99_554-712_remaining_updated.pdb_0": [{"rot": [[-0.342083883859, -0.8488236538057878, 0.4030843846438784], [-0.564805107399611, -0.15709014829900003, -0.8101344801714788], [0.7509818952939252, -0.5047980685850434, -0.42568192690500006]], "trans": [400.6672998849999, 450.051936607, 270.089300758]}], "rb_4XMM.renamed.noAb_Nup120_2-711_3F7F_updated.pdb_0": [{"rot": [[-0.347625965687, -0.7304642104689659, -0.587859018136263], [0.746898291493964, -0.594747852243, 0.297351533400681], [-0.5668325415354859, -0.33570378233837206, 0.752332267273]], "trans": [424.3147876610001, 372.47953521100004, 197.69579792000002]}]}
