{"rb_ScNup133N_56-480_renamed.pdb_0": [{"rot": [[-0.537478282076, -0.7409876892090359, 0.402559735613592], [0.19377091436928567, 0.3560790504660001, 0.9141447054836137], [-0.8207130613321094, 0.5693372939303073, -0.04780289425330014]], "trans": [437.64785746200005, 124.33771433100002, 46.23718440870002]}], "rb_ScNup133C_490_881_renamed_relative_3CQC.pdb_0": [{"rot": [[0.10542236596699983, -0.5911577168250637, -0.799636591579011], [0.49206046679551996, 0.7297859550920001, -0.4746461384731077], [0.8641542812315953, -0.34343123560421135, 0.367821104126]], "trans": [607.333428422, 297.020801661, 291.044617797]}], "rb_ScNup84_506-726_ScNup133C_882_1155_renamed_relative_3CQC_new.pdb_0": [{"rot": [[0.613118245524, -0.532385114891707, -0.5836540982870901], [0.6315812875849892, 0.7741346524910001, -0.042668688579867636], [0.4745430372242958, -0.34246405541951785, 0.8108805562889999]], "trans": [604.015681968, 264.98596754100004, 261.620603373]}], "rb_4XMM.renamed.noAb_Nup145c_149-550_Sec13_Nup84_7-436_3IKO_updated.pdb_0": [{"rot": [[0.2132881734720001, -0.2207031659784051, 0.9517343471705151], [0.9584527052221878, 0.236128583564, -0.16003657043416336], [-0.18941110555943608, 0.946326267495079, 0.261896980776]], "trans": [497.627530148, 543.472736057, 227.907551045]}], "rb_4XMM.renamed.noAb_Seh1_Nup85_47_544_3F3F.pdb_0": [{"rot": [[0.6157256048380001, -0.7855174418260988, -0.062002646184340704], [0.42213979461002316, 0.39528679729500016, -0.815810236323907], [0.6653419972867236, 0.47614146686803394, 0.5749863739040001]], "trans": [470.954466238, 506.755997644, 304.120260358]}], "rb_4XMM.renamed.noAb_Nup120_715-1036_Nup85_553-744_Nup145c_92-99_554-712_remaining_updated.pdb_0": [{"rot": [[-0.5380314391250002, -0.6699345245709851, -0.5115759017984816], [-0.5632900782080608, 0.737251322609, -0.37304795282059555], [0.6270777131308674, 0.08745410281472576, -0.77403186084]], "trans": [468.149010953, 539.501751801, 254.062373252]}], "rb_4XMM.renamed.noAb_Nup120_2-711_3F7F_updated.pdb_0": [{"rot": [[-0.3155745058199999, -0.36568494183762745, 0.8756067922244972], [-0.5462886696720091, -0.684484890986, -0.48275161667245636], [0.7758746165872741, -0.6306781725453123, 0.016236440818599984]], "trans": [482.385373028, 247.300681786, 132.8250179]}]}
