{"rb_ScNup133N_56-480_renamed.pdb_0": [{"rot": [[0.13222408707799999, 0.9730431173288339, 0.18895471048739415], [-0.4893326411749422, -0.10170252641400007, 0.8661467326046812], [0.8620152881922367, -0.20698716853948973, 0.46269423487100003]], "trans": [504.705743712, 148.762643652, 534.017883859]}], "rb_ScNup133C_490_881_renamed_relative_3CQC.pdb_0": [{"rot": [[0.06132717546549998, -0.9917881461965559, -0.1122285641600349], [0.419310673921911, -0.07643666744570005, 0.9046192539433087], [-0.9057690303187544, -0.10253637858728365, 0.41117971105300005]], "trans": [451.438194088, 348.956749825, 324.14080812300006]}], "rb_ScNup84_506-726_ScNup133C_882_1155_renamed_relative_3CQC_new.pdb_0": [{"rot": [[0.9386851050920002, 0.31690871793336517, 0.135790787523498], [-0.024069373152155765, 0.4531261813430001, -0.8911213885086436], [-0.34393449776735574, 0.833213975086437, 0.43297059134100013]], "trans": [429.426932469, 463.62167682000006, 333.41738589]}], "rb_4XMM.renamed.noAb_Nup145c_149-550_Sec13_Nup84_7-436_3IKO_updated.pdb_0": [{"rot": [[-0.38234544880800003, -0.9211811594703259, -0.07236870326815964], [0.6178127449678796, -0.19661735925799995, -0.7613468501239524], [0.6871094308267516, -0.33580781032506746, 0.6442932132139998]], "trans": [483.20118513299997, 581.24264857, 289.7890929910001]}], "rb_4XMM.renamed.noAb_Seh1_Nup85_47_544_3F3F.pdb_0": [{"rot": [[-0.676792041946, 0.4101513641973985, 0.6113332891357847], [0.17214264334457796, 0.8955683278410003, -0.4102734216475842], [-0.7157649350875644, -0.17243325843667157, -0.6767180573060001]], "trans": [624.1769435850001, 701.619776906, 261.902348439]}], "rb_4XMM.renamed.noAb_Nup120_715-1036_Nup85_553-744_Nup145c_92-99_554-712_remaining_updated.pdb_0": [{"rot": [[0.13225606826500003, -0.5442390477651076, 0.8284396123404607], [0.6144126545674486, -0.6108374911520001, -0.4993742577571567], [0.777820944893145, 0.5750490572906448, 0.253600393128]], "trans": [532.968735418, 552.63781256, 408.956055185]}], "rb_4XMM.renamed.noAb_Nup120_2-711_3F7F_updated.pdb_0": [{"rot": [[-0.20912950627100008, -0.7771110414610123, 0.5936019532028419], [-0.6159003834803094, -0.36682533955400004, -0.6972129430022801], [0.7595601143001492, -0.5114074691481086, -0.40190898629400007]], "trans": [494.964443242, 573.662412471, 253.861786628]}]}
