{"rb_ScNup133N_56-480_renamed.pdb_0": [{"rot": [[-0.45821140804400007, 0.1003215080978789, 0.8831635751950496], [0.41027662339598503, 0.905299400581, 0.11002766744083584], [-0.7884893137088947, 0.41275730195921345, -0.455978082638]], "trans": [212.27899096599998, 621.156061668, 173.70527186799998]}], "rb_ScNup133C_490_881_renamed_relative_3CQC.pdb_0": [{"rot": [[0.44083219343299995, -0.8934480444326302, 0.08612531063838935], [-0.624687532487277, -0.3742875212490001, -0.6853279055986533], [0.6445405060878698, 0.24831319605850258, -0.7231238432490001]], "trans": [393.27734169, 578.586801415, 395.756788335]}], "rb_ScNup84_506-726_ScNup133C_882_1155_renamed_relative_3CQC_new.pdb_0": [{"rot": [[-0.03784085490289993, 0.9489548761722828, 0.31313369778588945], [0.5480730011274488, -0.24231248030200006, 0.8005627066788985], [0.8355740871612576, 0.20191410272375715, -0.5109272355099999]], "trans": [357.785107109, 490.97099039, 398.480786793]}], "rb_4XMM.renamed.noAb_Nup145c_149-550_Sec13_Nup84_7-436_3IKO_updated.pdb_0": [{"rot": [[0.6371293607940001, 0.7641880257515398, -0.10041334030990706], [-0.3226232375936967, 0.3827332427010001, 0.8656959694350774], [0.6999860171309069, -0.5191646426997332, 0.4903954012750001]], "trans": [622.921590444, 415.818188839, 296.018012157]}], "rb_4XMM.renamed.noAb_Seh1_Nup85_47_544_3F3F.pdb_0": [{"rot": [[0.9624617945690003, 0.2595096696984408, -0.07951116480109026], [0.029745047718432144, -0.3920338874650002, -0.9194697728665734], [-0.2697823680881465, 0.8825894642539566, -0.3850367663700001]], "trans": [482.34071574, 332.717241858, 425.92057603800004]}], "rb_4XMM.renamed.noAb_Nup120_715-1036_Nup85_553-744_Nup145c_92-99_554-712_remaining_updated.pdb_0": [{"rot": [[-0.5502669928480001, 0.6901426858835248, 0.4700099038355402], [-0.21765391214267685, -0.6619881499460001, 0.7172157721774253], [0.806122206064941, 0.29236067186361936, 0.5144824840910001]], "trans": [511.392532189, 345.883062828, 413.071086476]}], "rb_4XMM.renamed.noAb_Nup120_2-711_3F7F_updated.pdb_0": [{"rot": [[0.8730234212919998, -0.2844725292441913, 0.39611297123551], [0.01772477717113574, -0.7931968518970001, -0.6087073076733366], [0.48735606916282964, 0.5384367504601643, -0.6874372172090002]], "trans": [376.775323325, 399.75338912000007, 482.447236445]}]}
