{"rb_ScNup133N_56-480_renamed.pdb_0": [{"rot": [[-0.5928947132199999, 0.15892049436475658, 0.7894429273270077], [0.699286651216454, 0.587757721919, 0.406864891278499], [-0.3993420068891468, 0.7932749440108698, -0.45960942629400003]], "trans": [215.511879942, 671.880291707, 226.08491759599997]}], "rb_ScNup133C_490_881_renamed_relative_3CQC.pdb_0": [{"rot": [[0.7351631666349998, -0.2343843891491681, 0.6360810298589091], [-0.051816084859088465, -0.9550087553199997, -0.2920160451276953], [0.6759069549672313, 0.18172021182387993, -0.714232142123]], "trans": [451.189750749, 519.443518193, 357.022258457]}], "rb_ScNup84_506-726_ScNup133C_882_1155_renamed_relative_3CQC_new.pdb_0": [{"rot": [[0.605812671353, 0.7804677160511829, -0.15447055198319248], [-0.0016513465652022719, 0.19538732907400003, 0.9807247650038465], [0.7956056059899677, -0.593880405333581, 0.11965694245700005]], "trans": [507.152938465, 422.4968510560001, 302.983817704]}], "rb_4XMM.renamed.noAb_Nup145c_149-550_Sec13_Nup84_7-436_3IKO_updated.pdb_0": [{"rot": [[0.595540659394, 0.14712154957087087, 0.7897382937786577], [0.7114431327210738, -0.5531434228550001, -0.4334524456688175], [0.3730683475083141, 0.8199924410652335, -0.43408801490400006]], "trans": [539.078148664, 743.93774834, 389.6116783240001]}], "rb_4XMM.renamed.noAb_Seh1_Nup85_47_544_3F3F.pdb_0": [{"rot": [[-0.021780668629199862, -0.1956915201173155, -0.9804235979556181], [-0.10618368224790921, -0.974656687782, 0.1968993818834786], [-0.9941079559576717, 0.10839358798376958, 0.00044942815306586725]], "trans": [552.992081654, 585.516815628, 323.926993906]}], "rb_4XMM.renamed.noAb_Nup120_715-1036_Nup85_553-744_Nup145c_92-99_554-712_remaining_updated.pdb_0": [{"rot": [[-0.3582256076080001, 0.8663593995873229, -0.3479882250889718], [0.51702361063712, 0.4944365762840001, 0.6987267406334985], [0.7774065860909818, 0.07038368262068934, -0.6250481078470003]], "trans": [628.556044064, 791.323200615, 349.4094002720001]}], "rb_4XMM.renamed.noAb_Nup120_2-711_3F7F_updated.pdb_0": [{"rot": [[0.5412720542009999, -0.5816713210378635, -0.6071927516226594], [0.7879613603888387, 0.6029407539939999, 0.12481723321447741], [0.29349865055090163, -0.5460045068085184, 0.7846895058999999]], "trans": [405.511625459, 833.680157482, 156.553736636]}]}
