{"rb_ScNup133N_56-480_renamed.pdb_0": [{"rot": [[0.06332189097290009, 0.997310035802931, -0.03691924444476674], [0.3445999110164956, -0.05656783054669992, -0.9370437459770291], [-0.9366115734129274, 0.046613013569132444, -0.3472549315919997]], "trans": [565.673856959, 836.967388224, 117.33689315199999]}], "rb_ScNup133C_490_881_renamed_relative_3CQC.pdb_0": [{"rot": [[0.8691921834169999, 0.3683803197177208, -0.3298497966218231], [-0.142558694105006, 0.825435857638, 0.5461983739086878], [0.47347858137603605, -0.4277284009392983, 0.7699782126840001]], "trans": [650.637762146, 619.896538347, 269.713008074]}], "rb_ScNup84_506-726_ScNup133C_882_1155_renamed_relative_3CQC_new.pdb_0": [{"rot": [[-0.6783264029630001, 0.0813672272551133, 0.7302415116741121], [0.15489913637459454, -0.9556774831619999, 0.2503733327004898], [0.7182475538375905, 0.28294862167178003, 0.635657556315]], "trans": [584.119256357, 609.441001028, 260.341450111]}], "rb_4XMM.renamed.noAb_Nup145c_149-550_Sec13_Nup84_7-436_3IKO_updated.pdb_0": [{"rot": [[-0.28433883623100015, 0.3425031810936246, 0.895456865042392], [-0.5279064355869796, -0.8355941678000001, 0.15197757072830095], [0.8002913353752188, -0.42950431625232055, 0.4184015067420002]], "trans": [455.991069436, 453.21674409, 313.623883193]}], "rb_4XMM.renamed.noAb_Seh1_Nup85_47_544_3F3F.pdb_0": [{"rot": [[-0.7749103395130001, -0.5971455226120315, 0.20719843276494831], [0.4994781931720171, -0.77940395603, -0.37822084536736356], [0.38734416254987536, -0.18959614486900755, 0.9022293508800001]], "trans": [479.34886785500004, 417.126574731, 325.170974011]}], "rb_4XMM.renamed.noAb_Nup120_715-1036_Nup85_553-744_Nup145c_92-99_554-712_remaining_updated.pdb_0": [{"rot": [[0.029127062887400024, -0.04379122458522805, -0.9986160137194274], [-0.8218545147757277, -0.569696528535, 0.0010108995614588334], [-0.5689523448851467, 0.8206876348675519, -0.05258360224629993]], "trans": [523.971638371, 447.20149855999995, 383.405903696]}], "rb_4XMM.renamed.noAb_Nup120_2-711_3F7F_updated.pdb_0": [{"rot": [[0.16190237920099992, 0.32724948319252917, 0.9309647659064646], [0.5029209335492423, -0.8390601794780002, 0.20748144450120126], [0.84903365905423, 0.4346099296663261, -0.30042645494100007]], "trans": [541.0684813369999, 397.39672583800007, 346.358064756]}]}
