{"rb_ScNup133N_56-480_renamed.pdb_0": [{"rot": [[0.28977869497, 0.8949427608595089, -0.33927240195253694], [-0.6419874516444672, -0.08115567887519992, -0.7624079404868159], [-0.709845349264561, 0.4387382027718415, 0.5510248356980001]], "trans": [609.901601393, 445.89125141, 34.80699725490001]}], "rb_ScNup133C_490_881_renamed_relative_3CQC.pdb_0": [{"rot": [[0.5887988008410001, -0.4910477860211137, 0.6420187255617729], [0.2200299559010151, 0.8616812922000001, 0.4572659720323998], [-0.7777549682479681, -0.12797430412508848, 0.615402134258]], "trans": [459.80369172300004, 543.660753141, 246.406388813]}], "rb_ScNup84_506-726_ScNup133C_882_1155_renamed_relative_3CQC_new.pdb_0": [{"rot": [[0.28654332958799983, 0.8967885951017068, -0.3371396386723603], [-0.011234948472517492, 0.35501666064799997, 0.9347924617770313], [0.9580014072022246, -0.26407079800282657, 0.11180302965799997]], "trans": [502.637427072, 524.391081599, 239.197160391]}], "rb_4XMM.renamed.noAb_Nup145c_149-550_Sec13_Nup84_7-436_3IKO_updated.pdb_0": [{"rot": [[0.20221148817000004, 0.977780847034508, 0.0552732233957306], [0.5323055741009617, -0.062359322922199895, -0.8442523856203965], [-0.8220470119361298, 0.20013977619944817, -0.5330879666149999]], "trans": [718.475787462, 727.847911929, 327.660684416]}], "rb_4XMM.renamed.noAb_Seh1_Nup85_47_544_3F3F.pdb_0": [{"rot": [[-0.7862450111750001, -0.6134416519178758, -0.07421672382079217], [-0.61702890179466, 0.7730045770639999, 0.1474423893871173], [-0.03307743570018478, 0.16171970668528374, -0.9862822211299997]], "trans": [480.547286849, 727.556443835, 281.136357198]}], "rb_4XMM.renamed.noAb_Nup120_715-1036_Nup85_553-744_Nup145c_92-99_554-712_remaining_updated.pdb_0": [{"rot": [[0.34580107224300016, -0.3899765798975488, 0.8534283130802507], [0.11215499548317204, 0.9201978231850002, 0.3750429617973882], [-0.9315808474972858, -0.03397400972800074, 0.3619432154900002]], "trans": [542.106543045, 754.10963469, 273.368044697]}], "rb_4XMM.renamed.noAb_Nup120_2-711_3F7F_updated.pdb_0": [{"rot": [[-0.9543653827959999, 0.2909366257860733, -0.06739878260665115], [0.2740891122112776, 0.9429192886639999, 0.18915172119917315], [0.11858277567959861, 0.16204658231999322, -0.9796320893429997]], "trans": [673.201808533, 770.600778082, 384.468527964]}]}
