{"rb_ScNup133N_56-480_renamed.pdb_0": [{"rot": [[-0.49935449398399995, 0.4876463074378252, -0.7161327866954823], [-0.2983228798553087, -0.8727950115019999, -0.3863060020916821], [-0.8134178192619204, 0.020735157088329847, 0.5813101621059998]], "trans": [414.483695739, 483.228765414, -33.06489834889999]}], "rb_ScNup133C_490_881_renamed_relative_3CQC.pdb_0": [{"rot": [[0.344203993796, 0.5789314453190901, 0.7391630349764744], [-0.8794776139257003, -0.07680776775779996, 0.4697017068476764], [0.32869855073979254, -0.8117505456929569, 0.4827197057390001]], "trans": [494.5572261230001, 424.752517394, 187.428265217]}], "rb_ScNup84_506-726_ScNup133C_882_1155_renamed_relative_3CQC_new.pdb_0": [{"rot": [[0.6382562538020001, 0.6486799329693098, 0.4145398642417504], [-0.3113596274548495, 0.709999886257, -0.6316291189505314], [-0.7040483910029298, 0.2740702575581287, 0.655134609869]], "trans": [487.98182222899993, 474.367437764, 157.820352377]}], "rb_4XMM.renamed.noAb_Nup145c_149-550_Sec13_Nup84_7-436_3IKO_updated.pdb_0": [{"rot": [[-0.4493630695010002, 0.6263434469576914, 0.6369982089627859], [-0.20704791277957402, -0.7666493258220001, 0.6077663803060308], [0.8690247370370199, 0.14121861658375845, 0.4741869976580001]], "trans": [477.82347369600006, 437.87228754600005, 329.50379166900007]}], "rb_4XMM.renamed.noAb_Seh1_Nup85_47_544_3F3F.pdb_0": [{"rot": [[-0.8273910010779999, -0.10926275120771059, -0.5508954370238212], [-0.02074538814994619, 0.986169571727, -0.1644360199904306], [0.5612430491379409, -0.12462434352207098, -0.8182145273679999]], "trans": [469.066693083, 639.300485983, 226.244234679]}], "rb_4XMM.renamed.noAb_Nup120_715-1036_Nup85_553-744_Nup145c_92-99_554-712_remaining_updated.pdb_0": [{"rot": [[0.5337762442590002, -0.06418351880443074, -0.8431864544563306], [0.7533535698544721, 0.48901584353800004, 0.439683867746295], [0.3841110774922787, -0.8699103291045002, 0.309377923364]], "trans": [505.469121758, 603.207993579, 190.640890801]}], "rb_4XMM.renamed.noAb_Nup120_2-711_3F7F_updated.pdb_0": [{"rot": [[0.5792448983939998, -0.31992172063563007, 0.7497502519839938], [0.010089301320081234, -0.9168814236479997, -0.39903215530592184], [0.8150911321339456, 0.2387017964631909, -0.5278711004419999]], "trans": [387.44269760400005, 320.84727770999996, 487.753602176]}]}
