{"rb_ScNup133N_56-480_renamed.pdb_0": [{"rot": [[-0.9345334552050001, -0.1258387126620476, 0.33288412322933475], [-0.06657623533315601, 0.9807017207530001, 0.1838252969560203], [-0.34959237118602654, 0.14962871819160733, -0.9248764353690001]], "trans": [324.499412936, 481.281004228, 329.674699577]}], "rb_ScNup133C_490_881_renamed_relative_3CQC.pdb_0": [{"rot": [[0.5370441625900002, -0.4681998589959433, -0.701692567627864], [-0.5295535331756736, -0.8346202649400001, 0.15159838011220694], [-0.6566251768925455, 0.2901687532930849, -0.6961648308290003]], "trans": [614.894128188, 483.926101501, 332.601518064]}], "rb_ScNup84_506-726_ScNup133C_882_1155_renamed_relative_3CQC_new.pdb_0": [{"rot": [[-0.7982474873730001, -0.5771065734510823, -0.1724788444483638], [-0.4669600246538704, 0.412058186573, 0.782404234557449], [-0.38045930699346686, 0.705092939801358, -0.59841011185]], "trans": [564.323591609, 427.737843755, 310.458218936]}], "rb_4XMM.renamed.noAb_Nup145c_149-550_Sec13_Nup84_7-436_3IKO_updated.pdb_0": [{"rot": [[0.014452862686999912, -0.8310274024706412, 0.556043677333939], [0.4971581624201607, -0.47651819105000015, -0.7250959765006594], [0.8675395531612147, 0.2869213654319501, 0.40626500435]], "trans": [454.31476609999993, 484.008342914, 357.500815518]}], "rb_4XMM.renamed.noAb_Seh1_Nup85_47_544_3F3F.pdb_0": [{"rot": [[-0.26486466235700007, 0.9640705078812288, 0.0203658161668529], [-0.5315880426794433, -0.16360209305699996, 0.8310526505749243], [0.8045252410675199, 0.20929025534171058, 0.555820767428]], "trans": [668.000728823, 404.716142331, 305.9857065]}], "rb_4XMM.renamed.noAb_Nup120_715-1036_Nup85_553-744_Nup145c_92-99_554-712_remaining_updated.pdb_0": [{"rot": [[-0.664872244618, 0.6493530729512108, -0.3691686403060825], [-0.6348380618218264, -0.23080425033499996, 0.7373669597219592], [0.39360580991510935, 0.7246171297148019, 0.565689386258]], "trans": [629.471929685, 396.537608598, 344.935016023]}], "rb_4XMM.renamed.noAb_Nup120_2-711_3F7F_updated.pdb_0": [{"rot": [[0.696082892933, 0.6281892793236075, -0.34763031442742787], [-0.3858812569421218, -0.08096752236429999, -0.9189885286895342], [-0.6054455068020522, 0.7738362163048932, 0.186046361502]], "trans": [668.458022739, 503.61126126, 332.304436889]}]}
