{"rb_ScNup133N_56-480_renamed.pdb_0": [{"rot": [[-0.20918122826899993, 0.9750562267876629, -0.07421973014285488], [-0.46658789206188567, -0.16622345069899985, -0.8687148573720627], [-0.8593828906378801, -0.14708881344386054, 0.489720255083]], "trans": [435.568112476, 335.471714523, 38.726258506900024]}], "rb_ScNup133C_490_881_renamed_relative_3CQC.pdb_0": [{"rot": [[-0.673611447723, 0.5917775321585961, -0.4427719163732112], [0.46612310985261823, -0.12475791950499987, -0.875879391230384], [-0.5735650477128537, -0.7963886073727234, -0.19180282085800004]], "trans": [515.715846532, 380.431631952, 241.10588740699998]}], "rb_ScNup84_506-726_ScNup133C_882_1155_renamed_relative_3CQC_new.pdb_0": [{"rot": [[0.47051157017099987, -0.8315918569424507, 0.29508277788143916], [-0.03861863451546782, -0.35349796419300006, -0.9346377856579333], [0.8815483329933651, 0.4283621981202485, -0.19843982417400016]], "trans": [504.435614795, 392.052826001, 245.49265276099996]}], "rb_4XMM.renamed.noAb_Nup145c_149-550_Sec13_Nup84_7-436_3IKO_updated.pdb_0": [{"rot": [[-0.916228359844, 0.09704458355394388, -0.3887260493206177], [0.25547713752827605, -0.605882423449, -0.7534174945910966], [-0.3086373678249801, -0.789613093710083, 0.530333986676]], "trans": [526.359436829, 304.934700274, 208.63113355700003]}], "rb_4XMM.renamed.noAb_Seh1_Nup85_47_544_3F3F.pdb_0": [{"rot": [[0.987304813424, 0.10317327737627147, -0.12076622137518211], [-0.03853566659567326, 0.893188331788, 0.4480285776128537], [0.15409155651698653, -0.43768696438574534, 0.885824990287]], "trans": [539.7201091699999, 479.640988074, 323.867492504]}], "rb_4XMM.renamed.noAb_Nup120_715-1036_Nup85_553-744_Nup145c_92-99_554-712_remaining_updated.pdb_0": [{"rot": [[0.45915550841700004, -0.030103329090389708, 0.8878457121977905], [0.8746610116646921, -0.15949261131299997, -0.4577447122690306], [0.15538447079429618, 0.9867400349201587, -0.04690170275950001]], "trans": [545.144602128, 363.996650633, 430.917684171]}], "rb_4XMM.renamed.noAb_Nup120_2-711_3F7F_updated.pdb_0": [{"rot": [[0.4282895763079999, -0.8176132427474445, 0.3848072557916786], [0.21325821263750444, -0.322358859489, -0.9222828744217298], [0.8781167197864821, 0.4770674491022834, 0.03629979942740011]], "trans": [410.64092205200006, 338.009358507, 357.361263066]}]}
