{"rb_ScNup133N_56-480_renamed.pdb_0": [{"rot": [[-0.6572356409890001, 0.7474473191244544, 0.09676681945504015], [-0.4773075940570939, -0.31341817204299993, -0.8209424523610975], [-0.5832827555047437, -0.58574017667127, 0.562751874776]], "trans": [278.743490582, 512.875608861, 132.20671549599996]}], "rb_ScNup133C_490_881_renamed_relative_3CQC.pdb_0": [{"rot": [[-0.3481680576629998, 0.7901850913358995, 0.504367450430388], [-0.9156852323558696, -0.40188860723799985, -0.002470347683531604], [0.20074750027970675, -0.46270192219481493, 0.8634855947429999]], "trans": [515.732740472, 484.07537244, 236.993611169]}], "rb_ScNup84_506-726_ScNup133C_882_1155_renamed_relative_3CQC_new.pdb_0": [{"rot": [[-0.7982474873730001, -0.5771065734510823, -0.1724788444483638], [-0.4669600246538704, 0.412058186573, 0.782404234557449], [-0.38045930699346686, 0.705092939801358, -0.59841011185]], "trans": [564.323591609, 427.737843755, 310.458218936]}], "rb_4XMM.renamed.noAb_Nup145c_149-550_Sec13_Nup84_7-436_3IKO_updated.pdb_0": [{"rot": [[0.31846390292200005, 0.44797217451884547, 0.8354050953833977], [-0.25287228509666754, -0.8092066405039999, 0.5303208655090045], [0.913584342009908, -0.38013884808196996, -0.14442335757500008]], "trans": [437.693924388, 447.509170471, 407.830549507]}], "rb_4XMM.renamed.noAb_Seh1_Nup85_47_544_3F3F.pdb_0": [{"rot": [[0.9403977120409999, -0.33745848375941095, 0.042117869448155376], [-0.21946900813438514, -0.6968206459420001, -0.6828428383292037], [0.2597797098631101, 0.6329002758158454, -0.7293502198640001]], "trans": [406.668000218, 386.239576405, 424.1208030199999]}], "rb_4XMM.renamed.noAb_Nup120_715-1036_Nup85_553-744_Nup145c_92-99_554-712_remaining_updated.pdb_0": [{"rot": [[0.14008515434999996, 0.9301140182474386, 0.3395056149614321], [-0.49171645352643917, -0.232265275188, 0.8392066320479263], [0.8594132177608846, -0.2845008875231256, 0.42481544950300004]], "trans": [521.713043327, 458.138424857, 383.586693689]}], "rb_4XMM.renamed.noAb_Nup120_2-711_3F7F_updated.pdb_0": [{"rot": [[0.6980723661349999, 0.5508804194246026, -0.4574119971461791], [0.6927656552965216, -0.35811201403, 0.6259644816193312], [0.18102684463985838, -0.7538478287439386, -0.631619135728]], "trans": [492.890609765, 463.22973411000004, 303.069645443]}]}
