{"rb_ScNup133N_56-480_renamed.pdb_0": [{"rot": [[0.34587041944499997, 0.47774676093276264, 0.8075467078573186], [-0.6083053651673205, 0.769457779825, -0.19467744547182336], [-0.7143796159337084, -0.423901825290993, 0.55674860292]], "trans": [524.9400174349998, 191.716061801, 45.79015558629999]}], "rb_ScNup133C_490_881_renamed_relative_3CQC.pdb_0": [{"rot": [[-0.9700909672189999, 0.18623430297139698, -0.1556929661765841], [-0.24009486569637406, -0.8306085273929998, 0.5024379859129602], [-0.03574871726852794, 0.5247916335259069, 0.8504797296789999]], "trans": [541.818937347, 268.019550123, 247.57323872799998]}], "rb_ScNup84_506-726_ScNup133C_882_1155_renamed_relative_3CQC_new.pdb_0": [{"rot": [[0.782332727722, 0.4073663137265886, -0.4711774501988243], [0.2430552269477747, 0.49683599704500003, 0.833113526893944], [0.5734803046211968, -0.7662941200877842, 0.289678548965]], "trans": [555.262664187, 253.45809642499998, 303.001135695]}], "rb_4XMM.renamed.noAb_Nup145c_149-550_Sec13_Nup84_7-436_3IKO_updated.pdb_0": [{"rot": [[-0.440187845607, -0.7183801958335431, 0.5386692443550384], [-0.43431135663482257, 0.6954161592099999, 0.5725120182211303], [-0.7858805927606863, 0.018062661591583373, -0.618114418355]], "trans": [431.429542836, 413.396481324, 294.135418451]}], "rb_4XMM.renamed.noAb_Seh1_Nup85_47_544_3F3F.pdb_0": [{"rot": [[0.10544059406100002, 0.007949495870416021, 0.9943938287416457], [-0.06245362862651202, 0.998046944977, -0.001356426724448155], [-0.9924625057882263, -0.06196048044910011, 0.10573113764200005]], "trans": [613.020223053, 515.666936056, 219.44144612]}], "rb_4XMM.renamed.noAb_Nup120_715-1036_Nup85_553-744_Nup145c_92-99_554-712_remaining_updated.pdb_0": [{"rot": [[0.899361180679, 0.11893938236511223, 0.4207171139973757], [0.2803378826335161, 0.5815497722339998, -0.763682220544082], [-0.3354998334548502, 0.8047690884577939, 0.4896800751659999]], "trans": [640.174596926, 461.94768516500005, 345.09073256]}], "rb_4XMM.renamed.noAb_Nup120_2-711_3F7F_updated.pdb_0": [{"rot": [[0.017878428953499892, 0.45340537155654714, 0.8911250926900354], [-0.040809532785394065, -0.8901939173920002, 0.45375034046502133], [0.9990069788605045, -0.04447874191065154, 0.0025879926686800947]], "trans": [649.617133765, 92.760210922, 263.039762524]}]}
