{"rb_ScNup133N_56-480_renamed.pdb_0": [{"rot": [[-0.985092358976, 0.16728827737752366, -0.04009584191858632], [-0.08434999961069345, -0.266581441173, 0.9601142706927142], [0.14992705510606005, 0.9491833160534309, 0.27671810687600007]], "trans": [250.58619030699998, 397.806535938, 262.382168068]}], "rb_ScNup133C_490_881_renamed_relative_3CQC.pdb_0": [{"rot": [[-0.777367007643, -0.05071665111247631, 0.626999487023796], [0.6119746322751818, -0.291617356657, 0.7351505742009865], [0.1455595578442863, 0.9551895825417693, 0.25773101583599994]], "trans": [427.881238454, 517.865623219, 315.780157331]}], "rb_ScNup84_506-726_ScNup133C_882_1155_renamed_relative_3CQC_new.pdb_0": [{"rot": [[-0.43498849223299996, 0.8906811344788879, 0.13218217848205632], [-0.8453521121973182, -0.35339773404999997, -0.40061184202649075], [-0.3101045275844805, -0.28600202490843724, 0.9066631258189998]], "trans": [428.082195972, 579.0856314549999, 304.743161456]}], "rb_4XMM.renamed.noAb_Nup145c_149-550_Sec13_Nup84_7-436_3IKO_updated.pdb_0": [{"rot": [[0.014452862686999912, -0.8310274024706412, 0.556043677333939], [0.4971581624201607, -0.47651819105000015, -0.7250959765006594], [0.8675395531612147, 0.2869213654319501, 0.40626500435]], "trans": [454.31476609999993, 484.008342914, 357.500815518]}], "rb_4XMM.renamed.noAb_Seh1_Nup85_47_544_3F3F.pdb_0": [{"rot": [[-0.26486466235700007, 0.9640705078812288, 0.0203658161668529], [-0.5315880426794433, -0.16360209305699996, 0.8310526505749243], [0.8045252410675199, 0.20929025534171058, 0.555820767428]], "trans": [668.000728823, 404.716142331, 305.9857065]}], "rb_4XMM.renamed.noAb_Nup120_715-1036_Nup85_553-744_Nup145c_92-99_554-712_remaining_updated.pdb_0": [{"rot": [[-0.664872244618, 0.6493530729512108, -0.3691686403060825], [-0.6348380618218264, -0.23080425033499996, 0.7373669597219592], [0.39360580991510935, 0.7246171297148019, 0.565689386258]], "trans": [629.471929685, 396.537608598, 344.935016023]}], "rb_4XMM.renamed.noAb_Nup120_2-711_3F7F_updated.pdb_0": [{"rot": [[0.696082892933, 0.6281892793236075, -0.34763031442742787], [-0.3858812569421218, -0.08096752236429999, -0.9189885286895342], [-0.6054455068020522, 0.7738362163048932, 0.186046361502]], "trans": [668.458022739, 503.61126126, 332.304436889]}]}
