{"rb_ScNup133N_56-480_renamed.pdb_0": [{"rot": [[0.23917687587100012, -0.42379622728526106, 0.8736081385766548], [0.9352018171303709, -0.14142671901699994, -0.3246475695028978], [0.2611359478981025, 0.8946481100895849, 0.362509001031]], "trans": [514.455093216, 842.025570814, 295.041298892]}], "rb_ScNup133C_490_881_renamed_relative_3CQC.pdb_0": [{"rot": [[0.3672299092049999, 0.7866065735994686, 0.49637918183117974], [0.4528618924844866, -0.6173486011359999, 0.6432704027163019], [0.8124397209151315, -0.01143691590980217, -0.582933012304]], "trans": [573.174516626, 510.589100834, 361.470943179]}], "rb_ScNup84_506-726_ScNup133C_882_1155_renamed_relative_3CQC_new.pdb_0": [{"rot": [[-0.629290342068, -0.16513948942904183, -0.7594225532673196], [0.6067721822885814, 0.5061811698430001, -0.6128687804882252], [0.4856142339148348, -0.8464688844414113, -0.21833287313600014]], "trans": [654.284060932, 592.550707036, 335.334045595]}], "rb_4XMM.renamed.noAb_Nup145c_149-550_Sec13_Nup84_7-436_3IKO_updated.pdb_0": [{"rot": [[0.034206602189399866, -0.16781379974078653, -0.9852250692015583], [0.0007553196239880322, 0.9858060366700001, -0.16788653179231605], [0.9994144975228856, 0.004998667977164903, 0.03384782798839991]], "trans": [619.462697343, 723.747855797, 372.660535694]}], "rb_4XMM.renamed.noAb_Seh1_Nup85_47_544_3F3F.pdb_0": [{"rot": [[0.00011354666383209255, 0.968246625324384, -0.24999691929121326], [0.42954313565983887, 0.22571157996099997, 0.8743837700226501], [0.9030463342014454, -0.10748374397764238, -0.4158780627370001]], "trans": [671.37492753, 737.976950831, 274.089245593]}], "rb_4XMM.renamed.noAb_Nup120_715-1036_Nup85_553-744_Nup145c_92-99_554-712_remaining_updated.pdb_0": [{"rot": [[-0.47341693874699986, -0.8808118407677789, 0.006848596257360437], [0.8598565045205729, -0.46381288530199993, -0.2133644746941156], [0.19111042290016894, -0.0951215464083233, 0.976948666854]], "trans": [464.871180308, 623.638263155, 289.633190816]}], "rb_4XMM.renamed.noAb_Nup120_2-711_3F7F_updated.pdb_0": [{"rot": [[0.766367133092, -0.6126087082584126, -0.19337008011144843], [-0.4383970286685075, -0.2787152037969999, -0.8544740373042476], [0.4695630549468013, 0.7396136868246532, -0.48216400912]], "trans": [554.259465463, 614.555864019, 511.302996466]}]}
