{"rb_ScNup133N_56-480_renamed.pdb_0": [{"rot": [[0.4155094612259999, 0.21368916616131609, 0.8841316801794633], [0.5848186733794501, 0.68171192261, -0.43960888735110615], [-0.6966627641107134, 0.6997183682287174, 0.1582883390049999]], "trans": [487.172994471, 686.660503175, 93.46287339380001]}], "rb_ScNup133C_490_881_renamed_relative_3CQC.pdb_0": [{"rot": [[0.5887988008410001, -0.4910477860211137, 0.6420187255617729], [0.2200299559010151, 0.8616812922000001, 0.4572659720323998], [-0.7777549682479681, -0.12797430412508848, 0.615402134258]], "trans": [459.80369172300004, 543.660753141, 246.406388813]}], "rb_ScNup84_506-726_ScNup133C_882_1155_renamed_relative_3CQC_new.pdb_0": [{"rot": [[0.7106325419199999, 0.33854855332525624, -0.6167546249568748], [0.48355533666623995, 0.401734396422, 0.7776784111141639], [0.5110534480325112, -0.8508785763978473, 0.12177857562500002]], "trans": [521.905727103, 518.399428919, 262.142687384]}], "rb_4XMM.renamed.noAb_Nup145c_149-550_Sec13_Nup84_7-436_3IKO_updated.pdb_0": [{"rot": [[0.4457111590900003, -0.6414536298004989, -0.6244027574237747], [0.3035546834536487, -0.5478886827410001, 0.779533543523104], [-0.8421378253089002, -0.5369871806105772, -0.04948384629250013]], "trans": [538.484427443, 473.95745666700003, 215.18358045800002]}], "rb_4XMM.renamed.noAb_Seh1_Nup85_47_544_3F3F.pdb_0": [{"rot": [[-0.676792041946, 0.4101513641973985, 0.6113332891357847], [0.17214264334457796, 0.8955683278410003, -0.4102734216475842], [-0.7157649350875644, -0.17243325843667157, -0.6767180573060001]], "trans": [624.1769435850001, 701.619776906, 261.902348439]}], "rb_4XMM.renamed.noAb_Nup120_715-1036_Nup85_553-744_Nup145c_92-99_554-712_remaining_updated.pdb_0": [{"rot": [[0.2818579511329999, 0.9275694898113487, 0.24529764971198104], [0.39519406433122056, 0.12073124962200016, -0.9106292422726614], [-0.8742869934412147, 0.3536082676293424, -0.3325408939719999]], "trans": [705.169475159, 612.945460603, 312.243671195]}], "rb_4XMM.renamed.noAb_Nup120_2-711_3F7F_updated.pdb_0": [{"rot": [[0.826204213324, -0.44392331164903887, 0.3468698477242158], [-0.09084568228628787, -0.712627744293, -0.695635508059939], [0.5559978955855941, 0.5432253597158558, -0.6291045609960002]], "trans": [469.26736895899995, 438.43700500499995, 433.949389118]}]}
