{"rb_ScNup133N_56-480_renamed.pdb_0": [{"rot": [[-0.909570531827, 0.3284168677674488, -0.2546052014350187], [-0.41509171179480103, -0.7468129467119999, 0.5195856940126443], [-0.019501754567479934, 0.5782843449283038, 0.8156021689399999]], "trans": [363.92638313500004, 251.979498374, 121.92076436499997]}], "rb_ScNup133C_490_881_renamed_relative_3CQC.pdb_0": [{"rot": [[0.317353217957, -0.8320357457571659, 0.4549763211801838], [0.15523282485623907, 0.518885129361, 0.8406313059928059], [-0.935515742860316, -0.19614979049271297, 0.293829124748]], "trans": [531.780033564, 411.33453513, 161.938374981]}], "rb_ScNup84_506-726_ScNup133C_882_1155_renamed_relative_3CQC_new.pdb_0": [{"rot": [[-0.685902665198, -0.14622930190020095, -0.7128495810057408], [0.15638449453404374, 0.927092781624, -0.3406506482160366], [0.7106908074145971, -0.34513180891719347, -0.6130274143380001]], "trans": [580.528396686, 449.33218222, 212.531747487]}], "rb_4XMM.renamed.noAb_Nup145c_149-550_Sec13_Nup84_7-436_3IKO_updated.pdb_0": [{"rot": [[0.595540659394, 0.14712154957087087, 0.7897382937786577], [0.7114431327210738, -0.5531434228550001, -0.4334524456688175], [0.3730683475083141, 0.8199924410652335, -0.43408801490400006]], "trans": [539.078148664, 743.93774834, 389.6116783240001]}], "rb_4XMM.renamed.noAb_Seh1_Nup85_47_544_3F3F.pdb_0": [{"rot": [[-0.021780668629199862, -0.1956915201173155, -0.9804235979556181], [-0.10618368224790921, -0.974656687782, 0.1968993818834786], [-0.9941079559576717, 0.10839358798376958, 0.00044942815306586725]], "trans": [552.992081654, 585.516815628, 323.926993906]}], "rb_4XMM.renamed.noAb_Nup120_715-1036_Nup85_553-744_Nup145c_92-99_554-712_remaining_updated.pdb_0": [{"rot": [[-0.3582256076080001, 0.8663593995873229, -0.3479882250889718], [0.51702361063712, 0.4944365762840001, 0.6987267406334985], [0.7774065860909818, 0.07038368262068934, -0.6250481078470003]], "trans": [628.556044064, 791.323200615, 349.4094002720001]}], "rb_4XMM.renamed.noAb_Nup120_2-711_3F7F_updated.pdb_0": [{"rot": [[0.5412720542009999, -0.5816713210378635, -0.6071927516226594], [0.7879613603888387, 0.6029407539939999, 0.12481723321447741], [0.29349865055090163, -0.5460045068085184, 0.7846895058999999]], "trans": [405.511625459, 833.680157482, 156.553736636]}]}
