{"rb_ScNup133N_56-480_renamed.pdb_0": [{"rot": [[0.28977869497, 0.8949427608595089, -0.33927240195253694], [-0.6419874516444672, -0.08115567887519992, -0.7624079404868159], [-0.709845349264561, 0.4387382027718415, 0.5510248356980001]], "trans": [609.901601393, 445.89125141, 34.80699725490001]}], "rb_ScNup133C_490_881_renamed_relative_3CQC.pdb_0": [{"rot": [[0.5887988008410001, -0.4910477860211137, 0.6420187255617729], [0.2200299559010151, 0.8616812922000001, 0.4572659720323998], [-0.7777549682479681, -0.12797430412508848, 0.615402134258]], "trans": [459.80369172300004, 543.660753141, 246.406388813]}], "rb_ScNup84_506-726_ScNup133C_882_1155_renamed_relative_3CQC_new.pdb_0": [{"rot": [[0.7106325419199999, 0.33854855332525624, -0.6167546249568748], [0.48355533666623995, 0.401734396422, 0.7776784111141639], [0.5110534480325112, -0.8508785763978473, 0.12177857562500002]], "trans": [521.905727103, 518.399428919, 262.142687384]}], "rb_4XMM.renamed.noAb_Nup145c_149-550_Sec13_Nup84_7-436_3IKO_updated.pdb_0": [{"rot": [[0.5511321340219999, -0.8174881259578868, -0.16723197889823116], [-0.06990498534172185, -0.24494831136900003, 0.9670127288623708], [-0.8314846143331396, -0.5212614398508081, -0.19214538103200002]], "trans": [570.405132172, 592.325224392, 238.53683039900002]}], "rb_4XMM.renamed.noAb_Seh1_Nup85_47_544_3F3F.pdb_0": [{"rot": [[-0.6733767886419999, 0.49622969369873215, 0.5480144082137346], [-0.29821740433314137, -0.860598647093, 0.41283937357585154], [0.6764836141925323, 0.1145690172488194, 0.727491484497]], "trans": [717.707898254, 555.470412552, 389.336344339]}], "rb_4XMM.renamed.noAb_Nup120_715-1036_Nup85_553-744_Nup145c_92-99_554-712_remaining_updated.pdb_0": [{"rot": [[0.535098069747, -0.23242756004088627, -0.8121868535543253], [-0.06443617317034951, -0.969835441593, 0.23508976119191477], [-0.8423289353573196, -0.07346186468876899, -0.5339338152769999]], "trans": [643.468759263, 541.831015413, 312.432194573]}], "rb_4XMM.renamed.noAb_Nup120_2-711_3F7F_updated.pdb_0": [{"rot": [[-0.35700103633599994, -0.42852108820388096, 0.8300120101658673], [-0.8785480599833126, -0.14783343960599998, -0.45420103526281935], [0.317338252271263, -0.8913556815877828, -0.3236996795590001]], "trans": [501.000914812, 693.024313969, 176.097369151]}]}
