{"rb_ScNup133N_56-480_renamed.pdb_0": [{"rot": [[0.0022171113950300025, 0.769935274571614, -0.6381181374850549], [-0.42484241704738024, -0.5769433799810001, -0.6975996394590805], [-0.9052646050157942, 0.27264630800073675, 0.32582201527699983]], "trans": [627.693549044, 307.88481756499993, -10.280747988299993]}], "rb_ScNup133C_490_881_renamed_relative_3CQC.pdb_0": [{"rot": [[0.48276547858100005, -0.7994153375686708, 0.3575928001937764], [0.8729744052091273, 0.40680695080599993, -0.269116689608235], [0.06966477259152101, 0.44208960950908227, 0.894261481125]], "trans": [520.065439637, 398.245483015, 256.19491058]}], "rb_ScNup84_506-726_ScNup133C_882_1155_renamed_relative_3CQC_new.pdb_0": [{"rot": [[-0.569297757955, -0.5617632912277539, 0.6002683295130369], [-0.11613218326089872, 0.7777649543999999, 0.6177337547181818], [-0.8138878170844352, 0.28196396992546335, -0.508018642242]], "trans": [525.063752279, 368.972885627, 339.499470185]}], "rb_4XMM.renamed.noAb_Nup145c_149-550_Sec13_Nup84_7-436_3IKO_updated.pdb_0": [{"rot": [[-0.27865353264900017, 0.36469719090891634, 0.8884526817368374], [-0.4827265838462252, -0.8529291072100001, 0.19871331943809295], [0.8302573420273898, -0.37350755951800724, 0.4137207379290001]], "trans": [458.351668921, 452.33276314399995, 318.33959101]}], "rb_4XMM.renamed.noAb_Seh1_Nup85_47_544_3F3F.pdb_0": [{"rot": [[-0.13221414229200004, -0.8867661054503038, -0.4429055145315891], [-0.8641943185622851, -0.115722439268, 0.4896697834403627], [-0.48547667332494815, 0.44749769974198184, -0.751038087172]], "trans": [326.833667658, 515.644581065, 388.512916542]}], "rb_4XMM.renamed.noAb_Nup120_715-1036_Nup85_553-744_Nup145c_92-99_554-712_remaining_updated.pdb_0": [{"rot": [[-0.8592686510550003, -0.010144016441920992, 0.511423976994183], [-0.18532269049468125, 0.9380538106050001, -0.2927636398141875], [-0.47677341127828543, -0.3463410852611408, -0.8079201488750002]], "trans": [422.288771943, 644.100210662, 301.570178487]}], "rb_4XMM.renamed.noAb_Nup120_2-711_3F7F_updated.pdb_0": [{"rot": [[-0.18389585820099985, -0.575871928366328, 0.7965888748006494], [0.12116667521569413, -0.8175097995980001, -0.5630243017653968], [0.9754491017750194, -0.007017811687760833, 0.220113153095]], "trans": [306.288752472, 300.528958861, 357.83414185]}]}
