{"rb_ScNup133N_56-480_renamed.pdb_0": [{"rot": [[-0.6512592607240001, -0.19753467941789027, 0.732694633355875], [-0.6767998565940524, 0.5878964004120001, -0.44307987597822984], [-0.3432248962932309, -0.7844474952537516, -0.516564417817]], "trans": [234.46417500799998, 365.54241127, 356.784724458]}], "rb_ScNup133C_490_881_renamed_relative_3CQC.pdb_0": [{"rot": [[0.27748402610700007, -0.7183063568067702, 0.6379957625458295], [-0.23362399379222337, 0.5936900475939999, 0.7700337375157047], [-0.9318918632438105, -0.36272317979255037, -0.0030740951774999026]], "trans": [447.981307531, 504.308593416, 274.272980388]}], "rb_ScNup84_506-726_ScNup133C_882_1155_renamed_relative_3CQC_new.pdb_0": [{"rot": [[0.7106325419199999, 0.33854855332525624, -0.6167546249568748], [0.48355533666623995, 0.401734396422, 0.7776784111141639], [0.5110534480325112, -0.8508785763978473, 0.12177857562500002]], "trans": [521.905727103, 518.399428919, 262.142687384]}], "rb_4XMM.renamed.noAb_Nup145c_149-550_Sec13_Nup84_7-436_3IKO_updated.pdb_0": [{"rot": [[0.9260255650839998, -0.344224224342633, -0.15487522780151475], [0.23932315508575616, 0.21814012588199994, 0.9461180227223156], [-0.2918922408195489, -0.9131947047896729, 0.28438416076399997]], "trans": [638.166303225, 606.746066097, 224.78109441900003]}], "rb_4XMM.renamed.noAb_Seh1_Nup85_47_544_3F3F.pdb_0": [{"rot": [[-0.56986210148, -0.630216647082752, -0.527336859167432], [0.6777798158886795, 0.002363103989950044, -0.7352611351849357], [0.4646199591824546, -0.7764157349508746, 0.4258014796239999]], "trans": [605.757268977, 599.401142832, 309.764881294]}], "rb_4XMM.renamed.noAb_Nup120_715-1036_Nup85_553-744_Nup145c_92-99_554-712_remaining_updated.pdb_0": [{"rot": [[-0.25102429830499995, 0.13209721899621796, -0.9589249847584261], [-0.0886969871668905, 0.98333808879, 0.15867907109113863], [0.9639085258093733, 0.12488605954347107, -0.23512512839700006]], "trans": [678.80928, 705.170686742, 410.582187497]}], "rb_4XMM.renamed.noAb_Nup120_2-711_3F7F_updated.pdb_0": [{"rot": [[-0.7824885825910001, 0.5602294528508472, -0.2717619882786557], [-0.11890781455407862, -0.5628629397330002, -0.8179524697151406], [-0.6112058161967217, -0.6077238445491222, 0.5070494837920002]], "trans": [689.918628348, 455.72954986700006, 154.781840922]}]}
