{"rb_ScNup133N_56-480_renamed.pdb_0": [{"rot": [[0.16732504162200013, 0.8169906883921586, -0.5518410509618716], [-0.4475833206867744, -0.435778663934, -0.7808752314569198], [-0.8784483487884738, 0.37765483068591205, 0.2927547222]], "trans": [550.465841776, 711.283791698, -2.628781044899995]}], "rb_ScNup133C_490_881_renamed_relative_3CQC.pdb_0": [{"rot": [[-0.14876250152800002, 0.3765379558994048, -0.9143789618676875], [-0.19049574254917728, -0.9182604833200001, -0.3471441441873357], [-0.9703510139170101, 0.12254326803222615, 0.20833160406]], "trans": [507.879852428, 679.305586917, 223.27242751299997]}], "rb_ScNup84_506-726_ScNup133C_882_1155_renamed_relative_3CQC_new.pdb_0": [{"rot": [[0.577632867748, -0.6621108307237248, -0.47744059100118486], [-0.8096781128841039, -0.539057760095, -0.232030353182074], [-0.10373824566502943, 0.5206015550492532, -0.8474741277860001]], "trans": [507.550478161, 688.753475816, 274.876740299]}], "rb_4XMM.renamed.noAb_Nup145c_149-550_Sec13_Nup84_7-436_3IKO_updated.pdb_0": [{"rot": [[0.595540659394, 0.14712154957087087, 0.7897382937786577], [0.7114431327210738, -0.5531434228550001, -0.4334524456688175], [0.3730683475083141, 0.8199924410652335, -0.43408801490400006]], "trans": [539.078148664, 743.93774834, 389.6116783240001]}], "rb_4XMM.renamed.noAb_Seh1_Nup85_47_544_3F3F.pdb_0": [{"rot": [[-0.8102457003140001, 0.4422055074017502, -0.38465074333248916], [-0.23854263018411787, -0.8482960942170003, -0.4727485062070803], [-0.5353497162673377, -0.2912868444673451, 0.7928131277500001]], "trans": [502.710025794, 576.8417530059999, 323.422955883]}], "rb_4XMM.renamed.noAb_Nup120_715-1036_Nup85_553-744_Nup145c_92-99_554-712_remaining_updated.pdb_0": [{"rot": [[-0.5824398042690001, -0.8112964706621957, 0.05061532469671626], [-0.7245162344552518, 0.5463550398970001, 0.4202051836780815], [-0.36856492021606124, 0.20807260047928627, -0.9060163864500002]], "trans": [413.014109642, 711.482073666, 338.716470131]}], "rb_4XMM.renamed.noAb_Nup120_2-711_3F7F_updated.pdb_0": [{"rot": [[0.29696422345699997, 0.5663444911990014, 0.7688082773195963], [-0.8735799834780251, -0.16397367475999997, 0.4582255410299989], [0.3855778293070211, -0.8076921141587592, 0.4460528962720001]], "trans": [681.313520983, 541.4981482189999, 117.04280533899998]}]}
