{"rb_ScNup133N_56-480_renamed.pdb_0": [{"rot": [[-0.1768773896240003, 0.7451258607165613, -0.6430410879027899], [-0.8688952736986221, -0.42510419675800026, -0.25358908738928876], [-0.46231525216457703, 0.5138811862582044, 0.7226276593280003]], "trans": [490.829251664, 383.1666040459999, 69.39056214190003]}], "rb_ScNup133C_490_881_renamed_relative_3CQC.pdb_0": [{"rot": [[0.7351631666349998, -0.2343843891491681, 0.6360810298589091], [-0.051816084859088465, -0.9550087553199997, -0.2920160451276953], [0.6759069549672313, 0.18172021182387993, -0.714232142123]], "trans": [451.189750749, 519.443518193, 357.022258457]}], "rb_ScNup84_506-726_ScNup133C_882_1155_renamed_relative_3CQC_new.pdb_0": [{"rot": [[0.32103197839300013, -0.9237040112781127, -0.20906785596499633], [0.6079586704114202, 0.3702620097620001, -0.7023477053415801], [0.7261712772622273, 0.09837145762734584, 0.680439808068]], "trans": [507.886129921, 546.083984355, 288.177742449]}], "rb_4XMM.renamed.noAb_Nup145c_149-550_Sec13_Nup84_7-436_3IKO_updated.pdb_0": [{"rot": [[-0.628124340307, -0.5723255457058674, 0.5271653278112827], [-0.20492623993568654, 0.775249263078, 0.5974895951251697], [-0.7506430904895598, 0.2672677493254641, -0.6042374540450001]], "trans": [440.15140262400007, 477.200353954, 301.670871772]}], "rb_4XMM.renamed.noAb_Seh1_Nup85_47_544_3F3F.pdb_0": [{"rot": [[-0.49225459993700005, -0.11108276183077725, -0.8633342509508763], [-0.8455770362007109, 0.2964351955589999, 0.44398834521180736], [0.20660320590660164, 0.9485709224185317, -0.23985062111899993]], "trans": [554.886631739, 408.873147943, 319.040432842]}], "rb_4XMM.renamed.noAb_Nup120_715-1036_Nup85_553-744_Nup145c_92-99_554-712_remaining_updated.pdb_0": [{"rot": [[-0.5734482930610001, 0.3012153369808751, -0.7618571886862547], [-0.7873091827516127, -0.4597315887490001, 0.41084196117401184], [-0.22649791597366498, 0.8354137819510871, 0.5007818956250001]], "trans": [608.552298584, 350.697093135, 334.03703024]}], "rb_4XMM.renamed.noAb_Nup120_2-711_3F7F_updated.pdb_0": [{"rot": [[-0.4512743236979999, -0.3168254269411134, -0.8342500426218113], [-0.5553052794626339, -0.632107451833, 0.540440760803733], [-0.6985610434112677, 0.7071504918903563, 0.10931903058199988]], "trans": [511.575024286, 316.267313035, 320.10423039]}]}
