{"rb_ScNup133N_56-480_renamed.pdb_0": [{"rot": [[-0.3830632487120001, 0.5867819011828411, -0.7134070001972639], [-0.48370578124763336, -0.7853864456900002, -0.3862600783332976], [-0.7869506113307398, 0.19711704992384343, 0.584682481314]], "trans": [434.6003960219999, 424.101260066, 108.60170306999999]}], "rb_ScNup133C_490_881_renamed_relative_3CQC.pdb_0": [{"rot": [[-0.857678960345, 0.5019158872152051, 0.11165680965571864], [-0.5104590258663596, -0.805048359522, -0.3022064224044615], [-0.06179307318047184, -0.31619231646564416, 0.946680534877]], "trans": [440.966494124, 423.147773192, 311.185048784]}], "rb_ScNup84_506-726_ScNup133C_882_1155_renamed_relative_3CQC_new.pdb_0": [{"rot": [[0.7722622700940001, 0.6123102147147467, -0.16937292329425832], [-0.22903412778793666, 0.01965886300299996, -0.9732198607785646], [-0.5925827828225192, 0.7903731587430144, 0.15542173413299992]], "trans": [433.671376206, 477.724192307, 347.430411959]}], "rb_4XMM.renamed.noAb_Nup145c_149-550_Sec13_Nup84_7-436_3IKO_updated.pdb_0": [{"rot": [[-0.982225633381, -0.18623906921658484, 0.023405431562641965], [0.14275867210066145, -0.8221637695940001, -0.551059613387735], [0.12187192732269894, -0.5379235494606314, 0.8341375715470001]], "trans": [515.755116788, 398.851336154, 189.403927458]}], "rb_4XMM.renamed.noAb_Seh1_Nup85_47_544_3F3F.pdb_0": [{"rot": [[-0.44797062081900013, -0.8445704695651259, -0.29329685443519943], [0.8691583246375463, -0.4882668140570001, 0.0784813672401337], [-0.2094901658701273, -0.21976405581707353, 0.9527946421840001]], "trans": [452.9360174430001, 451.48586645, 194.728070128]}], "rb_4XMM.renamed.noAb_Nup120_715-1036_Nup85_553-744_Nup145c_92-99_554-712_remaining_updated.pdb_0": [{"rot": [[-0.47346164567500004, 0.7816394012220309, 0.4060466925514671], [-0.2465269806505972, 0.324971415114, -0.9130268490959641], [-0.8456113279078165, -0.5323846596363095, 0.03883370054359997]], "trans": [638.262380675, 497.013181109, 113.40857121599998]}], "rb_4XMM.renamed.noAb_Nup120_2-711_3F7F_updated.pdb_0": [{"rot": [[-0.2110947276640002, -0.9647977236640591, -0.15685779663475935], [-0.7476676161113075, 0.26274300141100004, -0.6098846210784248], [0.6296285823967145, -0.011465933114629234, -0.7768116764100002]], "trans": [310.090824049, 425.542792716, 290.440434447]}]}
