{"rb_ScNup133N_56-480_renamed.pdb_0": [{"rot": [[-0.399301729012, 0.6319290349784892, 0.6642468095212672], [0.9167810182120528, 0.26856764574500014, 0.2956078217927596], [0.008407963730837464, 0.7270055807283349, -0.686580069428]], "trans": [234.301977594, 701.319722768, 476.74850735]}], "rb_ScNup133C_490_881_renamed_relative_3CQC.pdb_0": [{"rot": [[0.9156642345469999, -0.1023764877455558, -0.38868761792516715], [0.36249925669313854, 0.6281051200529999, 0.6885334030097076], [0.17364705142437253, -0.7713643840106247, 0.612244794679]], "trans": [453.568752505, 495.3242566789999, 345.971600881]}], "rb_ScNup84_506-726_ScNup133C_882_1155_renamed_relative_3CQC_new.pdb_0": [{"rot": [[-0.43498849223299996, 0.8906811344788879, 0.13218217848205632], [-0.8453521121973182, -0.35339773404999997, -0.40061184202649075], [-0.3101045275844805, -0.28600202490843724, 0.9066631258189998]], "trans": [428.082195972, 579.0856314549999, 304.743161456]}], "rb_4XMM.renamed.noAb_Nup145c_149-550_Sec13_Nup84_7-436_3IKO_updated.pdb_0": [{"rot": [[0.12511205650200008, 0.9786659912967233, 0.16297193254374298], [-0.6341136288218179, 0.20521079252600005, -0.7455121973336698], [-0.7630510330641497, -0.010070159385677069, 0.646259787415]], "trans": [597.605846853, 472.136597172, 106.198988967]}], "rb_4XMM.renamed.noAb_Seh1_Nup85_47_544_3F3F.pdb_0": [{"rot": [[-0.945974017084, -0.3087845607620523, -0.09892044296780397], [-0.25705697056785637, 0.9001523454599999, -0.35163542035087586], [0.19762305757283574, -0.30720978174180485, -0.9308959539699998]], "trans": [460.691905997, 540.63749821, 196.569140077]}], "rb_4XMM.renamed.noAb_Nup120_715-1036_Nup85_553-744_Nup145c_92-99_554-712_remaining_updated.pdb_0": [{"rot": [[0.3953974896570001, -0.9183459120411217, 0.01736695166985213], [-0.9110686777394679, -0.389722086139, 0.1344267831108211], [-0.11668200210401108, -0.06897449827890209, -0.990771330314]], "trans": [432.3352503809999, 380.039246405, 186.07119645699999]}], "rb_4XMM.renamed.noAb_Nup120_2-711_3F7F_updated.pdb_0": [{"rot": [[-0.3563982108420001, 0.8320256920847549, -0.42510417901910336], [-0.1936663032589096, 0.3793154676239999, 0.9047724238742108], [0.9140424926066891, 0.4047876279384919, 0.025947985996600004]], "trans": [731.880910998, 507.385750375, 286.460545425]}]}
