{"rb_ScNup133N_56-480_renamed.pdb_0": [{"rot": [[-0.45821140804400007, 0.1003215080978789, 0.8831635751950496], [0.41027662339598503, 0.905299400581, 0.11002766744083584], [-0.7884893137088947, 0.41275730195921345, -0.455978082638]], "trans": [212.27899096599998, 621.156061668, 173.70527186799998]}], "rb_ScNup133C_490_881_renamed_relative_3CQC.pdb_0": [{"rot": [[0.707429748748, 0.2473741192934911, 0.6620794481707698], [-0.42568335614502506, -0.59866626223, 0.6785222080143496], [0.5642134621643206, -0.7618429966675091, -0.3182112781490002]], "trans": [479.851132431, 478.955218962, 333.440847447]}], "rb_ScNup84_506-726_ScNup133C_882_1155_renamed_relative_3CQC_new.pdb_0": [{"rot": [[0.605812671353, 0.7804677160511829, -0.15447055198319248], [-0.0016513465652022719, 0.19538732907400003, 0.9807247650038465], [0.7956056059899677, -0.593880405333581, 0.11965694245700005]], "trans": [507.152938465, 422.4968510560001, 302.983817704]}], "rb_4XMM.renamed.noAb_Nup145c_149-550_Sec13_Nup84_7-436_3IKO_updated.pdb_0": [{"rot": [[0.012452972858300104, 0.9992161253696544, -0.037577363774559946], [-0.3104611435800947, 0.03958672589070006, 0.949761427654437], [0.9505044985658566, -0.0001610419502658944, 0.310710753389]], "trans": [624.065985443, 467.41805763799994, 342.394805839]}], "rb_4XMM.renamed.noAb_Seh1_Nup85_47_544_3F3F.pdb_0": [{"rot": [[0.9807576907049999, -0.10937907774548158, 0.1617113770720648], [0.19203455075317935, 0.3912605236319999, -0.9000210741778426], [0.03517219697460222, 0.9137567619442063, 0.404736329678]], "trans": [531.785397011, 575.953550837, 328.057758069]}], "rb_4XMM.renamed.noAb_Nup120_715-1036_Nup85_553-744_Nup145c_92-99_554-712_remaining_updated.pdb_0": [{"rot": [[0.10467547304899988, 0.9944779353738297, -0.007528704840361], [-0.5059550496977109, 0.04673473685059992, -0.8612928375743596], [-0.8561848708236761, 0.0939654214384758, 0.5080531139029999]], "trans": [633.854992793, 539.01088148, 256.214625717]}], "rb_4XMM.renamed.noAb_Nup120_2-711_3F7F_updated.pdb_0": [{"rot": [[0.6413275196670001, -0.7520688504389473, 0.15195873359966566], [0.3813904629781729, 0.14062310908700013, -0.9136555455640821], [0.6657629662778404, 0.6439080566277658, 0.3770173568190001]], "trans": [289.272253051, 611.033493314, 435.72971493]}]}
