{"rb_ScNup133N_56-480_renamed.pdb_0": [{"rot": [[-0.80655669436, 0.5521139057891137, 0.21127359943296117], [-0.2083063337892588, -0.59990389761, 0.7724789867275412], [0.5532402462640869, 0.5790384690731873, 0.598865328139]], "trans": [301.00592368100007, -19.372391386999993, 416.426421446]}], "rb_ScNup133C_490_881_renamed_relative_3CQC.pdb_0": [{"rot": [[0.47237528159600006, -0.7126664414173031, 0.5186213807920933], [-0.2056657458316543, 0.48304167069399995, 0.8511006669981281], [-0.857066621872891, -0.5087015703246326, 0.08160587001339992]], "trans": [538.463387005, 78.2591117027, 304.278685251]}], "rb_ScNup84_506-726_ScNup133C_882_1155_renamed_relative_3CQC_new.pdb_0": [{"rot": [[-0.10853605252499997, -0.2551778458007322, 0.960783114087039], [0.3702513090060625, 0.8865783711889998, 0.27729543797032996], [-0.9225691808648214, 0.38582775788213797, -0.001745785225829924]], "trans": [509.5600481359999, 113.19627121399999, 317.74844657]}], "rb_4XMM.renamed.noAb_Nup145c_149-550_Sec13_Nup84_7-436_3IKO_updated.pdb_0": [{"rot": [[0.33667023719700007, 0.8148755335870315, 0.4718379130029364], [-0.1275955277734379, 0.53594850687, -0.834552921794679], [-0.9329375824126358, 0.22076472260093682, 0.28441238471100005]], "trans": [589.550411345, 527.250351524, 129.532835149]}], "rb_4XMM.renamed.noAb_Seh1_Nup85_47_544_3F3F.pdb_0": [{"rot": [[0.6157256048380001, -0.7855174418260988, -0.062002646184340704], [0.42213979461002316, 0.39528679729500016, -0.815810236323907], [0.6653419972867236, 0.47614146686803394, 0.5749863739040001]], "trans": [470.954466238, 506.755997644, 304.120260358]}], "rb_4XMM.renamed.noAb_Nup120_715-1036_Nup85_553-744_Nup145c_92-99_554-712_remaining_updated.pdb_0": [{"rot": [[-0.25685951530999995, -0.9200607323023784, -0.2958233227281499], [-0.487946965300623, 0.387675457464, -0.7820585008386463], [0.834224758952061, -0.05653307487913234, -0.548518972321]], "trans": [418.229018429, 506.410936035, 228.395184944]}], "rb_4XMM.renamed.noAb_Nup120_2-711_3F7F_updated.pdb_0": [{"rot": [[-0.21823295027800002, -0.8694604012179419, -0.4431850517863791], [-0.33040317205061515, 0.49313909660800004, -0.8047655405741085], [0.918263645862043, -0.02919661128592138, -0.39489167448499995]], "trans": [448.00398751500006, 515.417088904, 272.087614232]}]}
