{"rb_ScNup133N_56-480_renamed.pdb_0": [{"rot": [[-0.32168151786700017, 0.08007900270421514, -0.9434555391690067], [-0.9208421721743905, -0.25838406238700007, 0.29204001480882924], [-0.22038760175639016, 0.9627175232799542, 0.15685750017700012]], "trans": [610.45908823, 316.26832135000006, 191.81842958199996]}], "rb_ScNup133C_490_881_renamed_relative_3CQC.pdb_0": [{"rot": [[-0.6248166251609999, 0.39734043727429674, 0.6721047253435205], [0.40314022585032444, 0.9013767346870001, -0.1581073700570312], [-0.6686420142525954, 0.1721643373979416, -0.723379082988]], "trans": [536.058857088, 616.49696731, 330.326239845]}], "rb_ScNup84_506-726_ScNup133C_882_1155_renamed_relative_3CQC_new.pdb_0": [{"rot": [[0.6892601620880001, -0.48479991156390473, -0.5384138507747122], [-0.619026659431341, -0.780202302695, -0.08994643841027838], [-0.37646570079052133, 0.3952890241545414, -0.837866435365]], "trans": [628.579658584, 621.959380449, 331.301197131]}], "rb_4XMM.renamed.noAb_Nup145c_149-550_Sec13_Nup84_7-436_3IKO_updated.pdb_0": [{"rot": [[-0.31681906401899995, -0.8986804241828401, 0.3033136592121679], [0.4750235743808404, -0.4271301025289999, -0.7693584855553464], [0.8209618045052856, -0.09966629673122401, 0.5622173466189999]], "trans": [454.648593904, 533.278926448, 318.987180051]}], "rb_4XMM.renamed.noAb_Seh1_Nup85_47_544_3F3F.pdb_0": [{"rot": [[-0.26486466235700007, 0.9640705078812288, 0.0203658161668529], [-0.5315880426794433, -0.16360209305699996, 0.8310526505749243], [0.8045252410675199, 0.20929025534171058, 0.555820767428]], "trans": [668.000728823, 404.716142331, 305.9857065]}], "rb_4XMM.renamed.noAb_Nup120_715-1036_Nup85_553-744_Nup145c_92-99_554-712_remaining_updated.pdb_0": [{"rot": [[-0.4919431887710001, 0.21032613374177284, -0.8448401129723058], [-0.8456649062167232, 0.11526441559100004, 0.5211189699981439], [0.20698494006879176, 0.9708125627347967, 0.12116188600799987]], "trans": [585.644403541, 435.548582735, 367.513570194]}], "rb_4XMM.renamed.noAb_Nup120_2-711_3F7F_updated.pdb_0": [{"rot": [[0.527133220591, -0.7960698778443118, -0.2973269536020956], [0.7958754902897063, 0.33985433700599993, 0.5010800670295434], [-0.29784689305997425, -0.50077118448165, 0.8127210155320002]], "trans": [379.52327132900007, 515.520334959, 37.621158167999994]}]}
