{"rb_ScNup133N_56-480_renamed.pdb_0": [{"rot": [[-0.844953632009, -0.4200780845590788, 0.3310404244619906], [0.5254099377002118, -0.767663593186, 0.3669291553728309], [0.09998878497441092, 0.4839700513150943, 0.869353341461]], "trans": [244.56360607300002, 584.910976742, 211.42634479399996]}], "rb_ScNup133C_490_881_renamed_relative_3CQC.pdb_0": [{"rot": [[0.647708345518, 0.7169136710307391, 0.2578927828295404], [-0.4406689547511245, 0.628641689584, -0.640796768434053], [-0.6215181183721731, 0.3014040716483491, 0.723098066744]], "trans": [543.788160155, 523.467539508, 235.55842886299996]}], "rb_ScNup84_506-726_ScNup133C_882_1155_renamed_relative_3CQC_new.pdb_0": [{"rot": [[-0.7982474873730001, -0.5771065734510823, -0.1724788444483638], [-0.4669600246538704, 0.412058186573, 0.782404234557449], [-0.38045930699346686, 0.705092939801358, -0.59841011185]], "trans": [564.323591609, 427.737843755, 310.458218936]}], "rb_4XMM.renamed.noAb_Nup145c_149-550_Sec13_Nup84_7-436_3IKO_updated.pdb_0": [{"rot": [[-0.4493630695010002, 0.6263434469576914, 0.6369982089627859], [-0.20704791277957402, -0.7666493258220001, 0.6077663803060308], [0.8690247370370199, 0.14121861658375845, 0.4741869976580001]], "trans": [477.82347369600006, 437.87228754600005, 329.50379166900007]}], "rb_4XMM.renamed.noAb_Seh1_Nup85_47_544_3F3F.pdb_0": [{"rot": [[0.784151190243, -0.374869331553051, -0.4945501947239078], [0.5453115173531615, 0.7966331314679999, 0.26078919243228055], [0.2962132000476668, -0.47418207274047924, 0.8291013822259999]], "trans": [413.786733671, 702.533514507, 288.293481774]}], "rb_4XMM.renamed.noAb_Nup120_715-1036_Nup85_553-744_Nup145c_92-99_554-712_remaining_updated.pdb_0": [{"rot": [[-0.681206509396, 0.6969379939234979, -0.22413193476702029], [0.2997746027714443, -0.013765141343200005, -0.953910744470899], [-0.6679018483952115, -0.7169992702295396, -0.19954740639899998]], "trans": [495.280748351, 580.222536025, 202.10688008299996]}], "rb_4XMM.renamed.noAb_Nup120_2-711_3F7F_updated.pdb_0": [{"rot": [[0.5334773462119999, -0.7586028450832702, -0.37406369044611854], [-0.4631154528066253, 0.10808770722799994, -0.8796824000273669], [0.7077612580880053, 0.6425253076554742, -0.293658356891]], "trans": [261.82534053000006, 576.921968576, 537.835249474]}]}
