{"rb_ScNup133N_56-480_renamed.pdb_0": [{"rot": [[0.18579342364099988, 0.2724866761592018, -0.9440507481314053], [-0.3230427453052696, -0.890431203047, -0.3205864272640173], [-0.9279677733829934, 0.364531595278081, -0.07741141780529992]], "trans": [712.118015762, 316.592321425, 30.50444557359998]}], "rb_ScNup133C_490_881_renamed_relative_3CQC.pdb_0": [{"rot": [[-0.261363958347, -0.9424656829440748, 0.20844020185642265], [-0.9351160743789914, 0.30076130775099996, 0.18735144301000986], [-0.23926305338520698, -0.14594886855562392, -0.959922975583]], "trans": [508.65062575, 325.20576564299995, 305.105150769]}], "rb_ScNup84_506-726_ScNup133C_882_1155_renamed_relative_3CQC_new.pdb_0": [{"rot": [[0.47051157017099987, -0.8315918569424507, 0.29508277788143916], [-0.03861863451546782, -0.35349796419300006, -0.9346377856579333], [0.8815483329933651, 0.4283621981202485, -0.19843982417400016]], "trans": [504.435614795, 392.052826001, 245.49265276099996]}], "rb_4XMM.renamed.noAb_Nup145c_149-550_Sec13_Nup84_7-436_3IKO_updated.pdb_0": [{"rot": [[-0.982225633381, -0.18623906921658484, 0.023405431562641965], [0.14275867210066145, -0.8221637695940001, -0.551059613387735], [0.12187192732269894, -0.5379235494606314, 0.8341375715470001]], "trans": [515.755116788, 398.851336154, 189.403927458]}], "rb_4XMM.renamed.noAb_Seh1_Nup85_47_544_3F3F.pdb_0": [{"rot": [[-0.5802265976280001, -0.42891693349030957, 0.6923636035857926], [0.12818912858752296, 0.7914051487570001, 0.597700123668117], [-0.8043038248802542, 0.4355549961671663, -0.404211828868]], "trans": [510.826466633, 604.553300716, 298.97864722199995]}], "rb_4XMM.renamed.noAb_Nup120_715-1036_Nup85_553-744_Nup145c_92-99_554-712_remaining_updated.pdb_0": [{"rot": [[-0.11035910258400011, 0.8286231779009129, -0.5488210068157433], [0.7184554235859179, -0.31504670462, -0.6201349677514225], [-0.6867624573291944, -0.46274096744665955, -0.560560544678]], "trans": [643.6935378839999, 477.924060656, 227.84363451299998]}], "rb_4XMM.renamed.noAb_Nup120_2-711_3F7F_updated.pdb_0": [{"rot": [[0.31082112250000005, 0.9143631315049157, 0.2594808153840368], [0.6456286083953351, -0.40346525205499995, 0.6483667869390739], [0.6975341782517492, -0.03399785476643874, -0.7157445186949999]], "trans": [641.90648174, 411.173498689, 364.717488015]}]}
