{"rb_ScNup133N_56-480_renamed.pdb_0": [{"rot": [[0.28315061642700007, -0.4099996157013494, -0.8670213627943407], [-0.5709392147264433, -0.7984389490799999, 0.19111163669326264], [-0.7706193233397164, 0.4409031182887813, -0.46016333923799996]], "trans": [802.208107497, 479.77317838400006, 140.669786511]}], "rb_ScNup133C_490_881_renamed_relative_3CQC.pdb_0": [{"rot": [[-0.43801335496, -0.6377567734938162, 0.6335697268173741], [0.47503235250477005, -0.762542952625, -0.4391725281432466], [0.7632093847368944, 0.10860268534757331, 0.6369590974189999]], "trans": [550.2308997, 620.489912595, 296.176003949]}], "rb_ScNup84_506-726_ScNup133C_882_1155_renamed_relative_3CQC_new.pdb_0": [{"rot": [[-0.89011550125, -0.43934695557608505, 0.12111419016980077], [0.1918704142993831, -0.602329375949, -0.7748451890445414], [0.41337650943304005, -0.6664634839921191, 0.620440396778]], "trans": [613.47007973, 624.333465528, 286.072142089]}], "rb_4XMM.renamed.noAb_Nup145c_149-550_Sec13_Nup84_7-436_3IKO_updated.pdb_0": [{"rot": [[-0.8967509429309999, -0.2350132696842655, -0.3749753450890779], [-0.3992849596464687, 0.795038242145, 0.45660235930961435], [0.19081212580043294, 0.559180611787729, -0.8067885572120002]], "trans": [543.82490992, 386.673364328, 342.929837038]}], "rb_4XMM.renamed.noAb_Seh1_Nup85_47_544_3F3F.pdb_0": [{"rot": [[0.5372209143619999, 0.563916886970817, 0.627209242407348], [0.5772957710519292, 0.296307441584, -0.7608754778460816], [-0.6149172967949553, 0.7708434631305419, -0.16636427937300005]], "trans": [595.176472237, 414.068285629, 353.420604342]}], "rb_4XMM.renamed.noAb_Nup120_715-1036_Nup85_553-744_Nup145c_92-99_554-712_remaining_updated.pdb_0": [{"rot": [[-0.8011342098120001, -0.5778728836951881, -0.15571418740342896], [-0.1149569227349046, 0.40391809029399994, -0.9075434327064295], [0.5873405177443691, -0.709163667021271, -0.39002308853799994]], "trans": [451.65223310600004, 403.776440619, 246.92180498199997]}], "rb_4XMM.renamed.noAb_Nup120_2-711_3F7F_updated.pdb_0": [{"rot": [[-0.679372149358, 0.5495824334244191, 0.48622282088357915], [-0.5442509902608891, 0.06704978017169982, -0.8362387138724016], [-0.4921832405484088, -0.8327445441731939, 0.25355903035200006]], "trans": [653.6262676470001, 327.0780837919999, 122.50836005299999]}]}
