{"rb_ScNup133N_56-480_renamed.pdb_0": [{"rot": [[-0.04997070533340009, -0.8017341900656527, -0.5955881270544724], [0.41444145957209777, -0.559212993831, 0.7179965906035481], [-0.9087030346577653, -0.21095761662083173, 0.36021615565300014]], "trans": [698.220141579, 427.161238191, -28.992321870500007]}], "rb_ScNup133C_490_881_renamed_relative_3CQC.pdb_0": [{"rot": [[-0.797116063496, -0.2566845090941654, -0.5465519592021681], [-0.07280611793493424, 0.9394010965300001, -0.33499977467078695], [0.5994207624931636, -0.22724137525838223, -0.767499906751]], "trans": [591.550957356, 477.672137806, 310.181282186]}], "rb_ScNup84_506-726_ScNup133C_882_1155_renamed_relative_3CQC_new.pdb_0": [{"rot": [[-0.7982474873730001, -0.5771065734510823, -0.1724788444483638], [-0.4669600246538704, 0.412058186573, 0.782404234557449], [-0.38045930699346686, 0.705092939801358, -0.59841011185]], "trans": [564.323591609, 427.737843755, 310.458218936]}], "rb_4XMM.renamed.noAb_Nup145c_149-550_Sec13_Nup84_7-436_3IKO_updated.pdb_0": [{"rot": [[0.595540659394, 0.14712154957087087, 0.7897382937786577], [0.7114431327210738, -0.5531434228550001, -0.4334524456688175], [0.3730683475083141, 0.8199924410652335, -0.43408801490400006]], "trans": [539.078148664, 743.93774834, 389.6116783240001]}], "rb_4XMM.renamed.noAb_Seh1_Nup85_47_544_3F3F.pdb_0": [{"rot": [[0.7313052672260001, -0.6785294984795245, -0.06921217971306731], [-0.02345123126297316, -0.12643163612800015, 0.991698079628194], [-0.6816470097343341, -0.7236109182973418, -0.10837247363200006]], "trans": [405.752945624, 703.706115079, 198.61099849200002]}], "rb_4XMM.renamed.noAb_Nup120_715-1036_Nup85_553-744_Nup145c_92-99_554-712_remaining_updated.pdb_0": [{"rot": [[-0.684956801986, -0.5519547640885616, 0.47558397556378196], [-0.7121019066226439, 0.645221657907, -0.27676684547130576], [-0.1540943022876156, -0.528237589127925, -0.834997003249]], "trans": [419.148521521, 776.365226364, 241.87304840599998]}], "rb_4XMM.renamed.noAb_Nup120_2-711_3F7F_updated.pdb_0": [{"rot": [[0.965702666567, -0.24673945231901434, 0.08085791522602155], [0.05669422683457155, 0.504271192033, 0.8616822671549227], [-0.25338532796714136, -0.8275446861378122, 0.5009647372979998]], "trans": [544.865170939, 713.251370413, 131.33341288599996]}]}
