{"rb_ScNup133N_56-480_renamed.pdb_0": [{"rot": [[-0.856573980913, 0.47896348212094525, 0.19202863853455449], [0.34450519688824793, 0.25373588726800006, 0.903844161805181], [0.3841837900534653, 0.8403642557289664, -0.3823489677679999]], "trans": [223.31545279000005, 516.450539787, 440.568329503]}], "rb_ScNup133C_490_881_renamed_relative_3CQC.pdb_0": [{"rot": [[0.7351631666349998, -0.2343843891491681, 0.6360810298589091], [-0.051816084859088465, -0.9550087553199997, -0.2920160451276953], [0.6759069549672313, 0.18172021182387993, -0.714232142123]], "trans": [451.189750749, 519.443518193, 357.022258457]}], "rb_ScNup84_506-726_ScNup133C_882_1155_renamed_relative_3CQC_new.pdb_0": [{"rot": [[0.32103197839300013, -0.9237040112781127, -0.20906785596499633], [0.6079586704114202, 0.3702620097620001, -0.7023477053415801], [0.7261712772622273, 0.09837145762734584, 0.680439808068]], "trans": [507.886129921, 546.083984355, 288.177742449]}], "rb_4XMM.renamed.noAb_Nup145c_149-550_Sec13_Nup84_7-436_3IKO_updated.pdb_0": [{"rot": [[0.7327337317920001, 0.455195458977878, -0.5058639860872569], [-0.18703106383446438, 0.8494325569120001, 0.4934406878429163], [0.6543092995328113, -0.26694835714770904, 0.7075435782770002]], "trans": [645.526204778, 351.318711133, 296.755795476]}], "rb_4XMM.renamed.noAb_Seh1_Nup85_47_544_3F3F.pdb_0": [{"rot": [[-0.9896454614850001, -0.12596957254203092, -0.06880063484968302], [0.13883579503384305, -0.71848912225, -0.6815409035602672], [0.03642090854800488, -0.6840358528629934, 0.728538584715]], "trans": [564.292263081, 285.556525908, 245.349805673]}], "rb_4XMM.renamed.noAb_Nup120_715-1036_Nup85_553-744_Nup145c_92-99_554-712_remaining_updated.pdb_0": [{"rot": [[0.5845325860250001, 0.37104591824442623, -0.721558440065028], [-0.4979428230086146, -0.5380892625360001, -0.6800830026972262], [-0.6406048711094364, 0.756825522889929, -0.1297710561460001]], "trans": [643.871165096, 268.772818995, 365.156943326]}], "rb_4XMM.renamed.noAb_Nup120_2-711_3F7F_updated.pdb_0": [{"rot": [[-0.977292168018, -0.16083965208862977, 0.13795153006286584], [-0.00276397112894175, -0.641301808547, -0.7672837485689015], [0.2118782168942235, -0.7502416921701669, 0.626294678674]], "trans": [470.487426645, 255.74611323299996, 74.55386362309997]}]}
