{"rb_ScNup133N_56-480_renamed.pdb_0": [{"rot": [[-0.953596394803, -0.29735468076996796, -0.047266369047257006], [0.018138013146522858, -0.2134340615980001, 0.9767890835942412], [-0.3005410592545012, 0.930605230575227, 0.20892337477700013]], "trans": [278.54367661899994, 423.3892123240001, 143.819287953]}], "rb_ScNup133C_490_881_renamed_relative_3CQC.pdb_0": [{"rot": [[-0.791837566133, 0.16737227849854458, 0.5873498014392892], [0.3868418546661629, 0.8816452758009999, 0.2702868608279395], [-0.4725956499366134, 0.4412347765623017, -0.762866452017]], "trans": [459.2487738699999, 579.510084448, 297.339386503]}], "rb_ScNup84_506-726_ScNup133C_882_1155_renamed_relative_3CQC_new.pdb_0": [{"rot": [[-0.5573364547140001, -0.23952469700302428, -0.7949867896842304], [0.3472984881275068, 0.802443956168, -0.48524989165768695], [0.7541616778855695, -0.5465451644055214, -0.36404470449900006]], "trans": [523.298043993, 642.986861767, 276.175423405]}], "rb_4XMM.renamed.noAb_Nup145c_149-550_Sec13_Nup84_7-436_3IKO_updated.pdb_0": [{"rot": [[0.31846390292200005, 0.44797217451884547, 0.8354050953833977], [-0.25287228509666754, -0.8092066405039999, 0.5303208655090045], [0.913584342009908, -0.38013884808196996, -0.14442335757500008]], "trans": [437.693924388, 447.509170471, 407.830549507]}], "rb_4XMM.renamed.noAb_Seh1_Nup85_47_544_3F3F.pdb_0": [{"rot": [[-0.558586018464, 0.82937848510585, -0.010629601124275051], [-0.8019766347336105, -0.5367713899549998, 0.26212583288781477], [0.21169586041746064, 0.15494451706757098, 0.9649751599459999]], "trans": [521.237623, 479.909311282, 328.661253858]}], "rb_4XMM.renamed.noAb_Nup120_715-1036_Nup85_553-744_Nup145c_92-99_554-712_remaining_updated.pdb_0": [{"rot": [[0.6416354218299997, -0.7032695729882753, -0.30613051654796936], [0.7578002291875351, 0.5195861858249998, 0.39467582665163004], [-0.11850231262029011, -0.4852237661210723, 0.8663227451099996]], "trans": [365.417961044, 633.783631506, 242.35718634199998]}], "rb_4XMM.renamed.noAb_Nup120_2-711_3F7F_updated.pdb_0": [{"rot": [[0.13224696189600016, -0.945503026590236, -0.29754792517841716], [-0.46197932084758814, 0.206793017302, -0.8624452186106291], [0.8769753977042223, 0.25151674835652155, -0.40945509780399997]], "trans": [305.211264432, 587.703446501, 481.674500741]}]}
