{"rb_ScNup133N_56-480_renamed.pdb_0": [{"rot": [[-0.19300718851599974, -0.9691883201175022, -0.1530432139265362], [0.7866935272354358, -0.24606976440899986, 0.5661828019726208], [-0.5863970663185637, -0.01112075498846754, 0.8099474115159999]], "trans": [610.631017966, 554.91326478, -11.232292619800006]}], "rb_ScNup133C_490_881_renamed_relative_3CQC.pdb_0": [{"rot": [[-0.797116063496, -0.2566845090941654, -0.5465519592021681], [-0.07280611793493424, 0.9394010965300001, -0.33499977467078695], [0.5994207624931636, -0.22724137525838223, -0.767499906751]], "trans": [591.550957356, 477.672137806, 310.181282186]}], "rb_ScNup84_506-726_ScNup133C_882_1155_renamed_relative_3CQC_new.pdb_0": [{"rot": [[-0.7982474873730001, -0.5771065734510823, -0.1724788444483638], [-0.4669600246538704, 0.412058186573, 0.782404234557449], [-0.38045930699346686, 0.705092939801358, -0.59841011185]], "trans": [564.323591609, 427.737843755, 310.458218936]}], "rb_4XMM.renamed.noAb_Nup145c_149-550_Sec13_Nup84_7-436_3IKO_updated.pdb_0": [{"rot": [[-0.27865353264900017, 0.36469719090891634, 0.8884526817368374], [-0.4827265838462252, -0.8529291072100001, 0.19871331943809295], [0.8302573420273898, -0.37350755951800724, 0.4137207379290001]], "trans": [458.351668921, 452.33276314399995, 318.33959101]}], "rb_4XMM.renamed.noAb_Seh1_Nup85_47_544_3F3F.pdb_0": [{"rot": [[0.9541704990390001, -0.03369171348757509, 0.2973609375925779], [0.09880891731075912, 0.9733872604900002, -0.20677049832035596], [-0.2824808960328848, 0.22667622186291156, 0.932106449832]], "trans": [469.023219766, 687.991783614, 327.772654099]}], "rb_4XMM.renamed.noAb_Nup120_715-1036_Nup85_553-744_Nup145c_92-99_554-712_remaining_updated.pdb_0": [{"rot": [[-0.394935615747, 0.6181764136469438, 0.6796203212273312], [-0.6663580098353915, 0.31650834805699996, -0.6751218174066405], [-0.632449889036874, -0.7195000953584592, 0.286926385396]], "trans": [499.71189954, 573.035920325, 210.891708474]}], "rb_4XMM.renamed.noAb_Nup120_2-711_3F7F_updated.pdb_0": [{"rot": [[0.5792448983939998, -0.31992172063563007, 0.7497502519839938], [0.010089301320081234, -0.9168814236479997, -0.39903215530592184], [0.8150911321339456, 0.2387017964631909, -0.5278711004419999]], "trans": [387.44269760400005, 320.84727770999996, 487.753602176]}]}
