{"rb_ScNup133N_56-480_renamed.pdb_0": [{"rot": [[-0.254441442115, 0.9670772453837432, 0.004599347283086697], [-0.6167415845629826, -0.158599965166, -0.7710226124570438], [-0.7449089678646514, -0.19901671414817135, 0.6367911565689999]], "trans": [315.616890836, 436.375007919, 114.72299512500001]}], "rb_ScNup133C_490_881_renamed_relative_3CQC.pdb_0": [{"rot": [[-0.0030052843272600493, 0.8180689936445681, -0.5751122411351335], [-0.7346629810312241, -0.391980589052, -0.5537341619484591], [-0.6784255836629598, 0.4208495449015132, 0.602183018681]], "trans": [461.575540315, 473.532678174, 348.049701945]}], "rb_ScNup84_506-726_ScNup133C_882_1155_renamed_relative_3CQC_new.pdb_0": [{"rot": [[-0.5589463035020001, 0.34371845307511806, -0.7546102668378546], [0.733754883345419, 0.628918545994, -0.2570315810781695], [0.3862418943721676, -0.697365820441783, -0.603736789927]], "trans": [489.086510049, 422.396911248, 415.645959977]}], "rb_4XMM.renamed.noAb_Nup145c_149-550_Sec13_Nup84_7-436_3IKO_updated.pdb_0": [{"rot": [[-0.4493630695010002, 0.6263434469576914, 0.6369982089627859], [-0.20704791277957402, -0.7666493258220001, 0.6077663803060308], [0.8690247370370199, 0.14121861658375845, 0.4741869976580001]], "trans": [477.82347369600006, 437.87228754600005, 329.50379166900007]}], "rb_4XMM.renamed.noAb_Seh1_Nup85_47_544_3F3F.pdb_0": [{"rot": [[-0.650342906208, -0.4199920453572171, 0.632977713811153], [0.6803616733266483, -0.692661162997, 0.23943372098308643], [0.33787882119643975, 0.5863677984953681, 0.736213764524]], "trans": [441.03938269, 504.19028638500004, 414.07126187100005]}], "rb_4XMM.renamed.noAb_Nup120_715-1036_Nup85_553-744_Nup145c_92-99_554-712_remaining_updated.pdb_0": [{"rot": [[0.16033940077099992, -0.7639128274264723, -0.6250827694423273], [-0.9268869501758402, 0.10120604047099999, -0.36143867939930263], [0.3393697955831164, 0.6373339230462123, -0.6918335149300001]], "trans": [417.680432955, 550.431463702, 397.748861965]}], "rb_4XMM.renamed.noAb_Nup120_2-711_3F7F_updated.pdb_0": [{"rot": [[0.16190237920099992, 0.32724948319252917, 0.9309647659064646], [0.5029209335492423, -0.8390601794780002, 0.20748144450120126], [0.84903365905423, 0.4346099296663261, -0.30042645494100007]], "trans": [541.0684813369999, 397.39672583800007, 346.358064756]}]}
