{"rb_ScNup133N_56-480_renamed.pdb_0": [{"rot": [[-0.666797797938, 0.13806620828512617, 0.7323376398866867], [-0.7283773337840586, -0.32859315072, -0.6012428801487213], [0.1576298077606526, -0.934325566079443, 0.3196694859940001]], "trans": [191.231658772, 409.270901831, 421.7008498199999]}], "rb_ScNup133C_490_881_renamed_relative_3CQC.pdb_0": [{"rot": [[-0.893380809271, -0.027091746732750964, 0.44848273867035465], [-0.011752622076533131, -0.9964298174640001, -0.0836031981624264], [0.4491465300997208, -0.07996034096743351, 0.889872877647]], "trans": [422.808437475, 488.260371814, 364.969535079]}], "rb_ScNup84_506-726_ScNup133C_882_1155_renamed_relative_3CQC_new.pdb_0": [{"rot": [[-0.6380872334529999, -0.22493068656338977, 0.7363768523972076], [-0.01976669205123692, 0.960848421306, 0.27636857484004795], [-0.7697103093954558, 0.1617915248580398, -0.6175512465329998]], "trans": [389.439431656, 478.27715794, 427.720125212]}], "rb_4XMM.renamed.noAb_Nup145c_149-550_Sec13_Nup84_7-436_3IKO_updated.pdb_0": [{"rot": [[0.034206602189399866, -0.16781379974078653, -0.9852250692015583], [0.0007553196239880322, 0.9858060366700001, -0.16788653179231605], [0.9994144975228856, 0.004998667977164903, 0.03384782798839991]], "trans": [619.462697343, 723.747855797, 372.660535694]}], "rb_4XMM.renamed.noAb_Seh1_Nup85_47_544_3F3F.pdb_0": [{"rot": [[0.7061640285529999, 0.1419717073429859, -0.6936687963948756], [-0.04545422419619144, -0.9685807168719999, -0.2445103441706403], [-0.7065877711088129, 0.20419458665165482, -0.67752364719]], "trans": [578.795321346, 471.33558780299995, 274.522574997]}], "rb_4XMM.renamed.noAb_Nup120_715-1036_Nup85_553-744_Nup145c_92-99_554-712_remaining_updated.pdb_0": [{"rot": [[0.726371262402, -0.3597114263751572, 0.585655597507336], [-0.24302812969773055, 0.66263646971, 0.7084138883349841], [-0.6429013278351102, -0.6569022748822065, 0.39390009383399993]], "trans": [574.247870315, 658.432997403, 200.406035638]}], "rb_4XMM.renamed.noAb_Nup120_2-711_3F7F_updated.pdb_0": [{"rot": [[0.04858457828859997, -0.9821587413875403, -0.18166933001627367], [0.5675589309886875, -0.12252022612500002, 0.8141656183143926], [-0.8218980463582435, -0.14266394396034937, 0.5514803718050001]], "trans": [484.371111651, 541.228891655, 289.701682046]}]}
