{"rb_ScNup133N_56-480_renamed.pdb_0": [{"rot": [[0.48265308753300007, 0.46394194884559636, 0.7428350188273386], [0.6040801299218129, 0.43777524961399994, -0.665912927835949], [-0.6341397272908457, 0.7701368053318516, -0.06896453686310001]], "trans": [625.074255153, 639.566466831, 39.17489972940001]}], "rb_ScNup133C_490_881_renamed_relative_3CQC.pdb_0": [{"rot": [[-0.9070194208450001, -0.4207247262594002, 0.017506425219146887], [0.3697713853238805, -0.8156837031690001, -0.4448923678600982], [0.20145692543484112, -0.39705264272947416, 0.8954129249100002]], "trans": [559.536104724, 389.791840578, 203.076679414]}], "rb_ScNup84_506-726_ScNup133C_882_1155_renamed_relative_3CQC_new.pdb_0": [{"rot": [[-0.18310564725299996, 0.8569551943731669, -0.48176770001828456], [0.36235424989618104, 0.5143807718510001, 0.7772463053190704], [0.9138773000388161, -0.03225238575388267, -0.404707380816]], "trans": [595.926003551, 316.72922846, 269.654941481]}], "rb_4XMM.renamed.noAb_Nup145c_149-550_Sec13_Nup84_7-436_3IKO_updated.pdb_0": [{"rot": [[-0.27865353264900017, 0.36469719090891634, 0.8884526817368374], [-0.4827265838462252, -0.8529291072100001, 0.19871331943809295], [0.8302573420273898, -0.37350755951800724, 0.4137207379290001]], "trans": [458.351668921, 452.33276314399995, 318.33959101]}], "rb_4XMM.renamed.noAb_Seh1_Nup85_47_544_3F3F.pdb_0": [{"rot": [[-0.13221414229200004, -0.8867661054503038, -0.4429055145315891], [-0.8641943185622851, -0.115722439268, 0.4896697834403627], [-0.48547667332494815, 0.44749769974198184, -0.751038087172]], "trans": [326.833667658, 515.644581065, 388.512916542]}], "rb_4XMM.renamed.noAb_Nup120_715-1036_Nup85_553-744_Nup145c_92-99_554-712_remaining_updated.pdb_0": [{"rot": [[-0.8592686510550003, -0.010144016441920992, 0.511423976994183], [-0.18532269049468125, 0.9380538106050001, -0.2927636398141875], [-0.47677341127828543, -0.3463410852611408, -0.8079201488750002]], "trans": [422.288771943, 644.100210662, 301.570178487]}], "rb_4XMM.renamed.noAb_Nup120_2-711_3F7F_updated.pdb_0": [{"rot": [[-0.18389585820099985, -0.575871928366328, 0.7965888748006494], [0.12116667521569413, -0.8175097995980001, -0.5630243017653968], [0.9754491017750194, -0.007017811687760833, 0.220113153095]], "trans": [306.288752472, 300.528958861, 357.83414185]}]}
