{"rb_ScNup133N_56-480_renamed.pdb_0": [{"rot": [[-0.825469793378, -0.34484452495265444, 0.4468577780800733], [0.4078653388462213, 0.1828483927750001, 0.894545879554233], [-0.39018647540418294, 0.9206784014354726, -0.0102856959844001]], "trans": [311.6020654189999, 640.132671614, 154.145691315]}], "rb_ScNup133C_490_881_renamed_relative_3CQC.pdb_0": [{"rot": [[-0.4307990512849999, 0.7457915469974803, 0.5081408720414538], [-0.8676904291526455, -0.49706771086799983, -0.006083581950164396], [0.24804333607021561, -0.44352977266419397, 0.861252485739]], "trans": [574.51287226, 563.971745099, 253.101971968]}], "rb_ScNup84_506-726_ScNup133C_882_1155_renamed_relative_3CQC_new.pdb_0": [{"rot": [[-0.629290342068, -0.16513948942904183, -0.7594225532673196], [0.6067721822885814, 0.5061811698430001, -0.6128687804882252], [0.4856142339148348, -0.8464688844414113, -0.21833287313600014]], "trans": [654.284060932, 592.550707036, 335.334045595]}], "rb_4XMM.renamed.noAb_Nup145c_149-550_Sec13_Nup84_7-436_3IKO_updated.pdb_0": [{"rot": [[0.487933521366, 0.31111861419629944, -0.8155526265226232], [-0.04269990142341451, -0.9246969058469999, -0.3783019306525082], [-0.8718357627132565, 0.21941020992095744, -0.4379058833089998]], "trans": [651.9464123119999, 490.040105507, 277.958091079]}], "rb_4XMM.renamed.noAb_Seh1_Nup85_47_544_3F3F.pdb_0": [{"rot": [[0.19422011373600007, -0.2382956719556682, -0.9515743376886387], [0.15121168070711838, -0.9511792364139999, 0.26905963620098855], [-0.9692334987184994, -0.1961459480643849, -0.14870505041800014]], "trans": [485.972731319, 425.311537428, 176.884205858]}], "rb_4XMM.renamed.noAb_Nup120_715-1036_Nup85_553-744_Nup145c_92-99_554-712_remaining_updated.pdb_0": [{"rot": [[0.2301175552539999, 0.398583275057131, 0.8877934915331682], [-0.963415355184764, -0.035490306169200014, 0.2656525768032967], [0.1373927369191592, -0.9164452034970492, 0.375834305019]], "trans": [566.607468475, 494.367349089, 150.64624759600002]}], "rb_4XMM.renamed.noAb_Nup120_2-711_3F7F_updated.pdb_0": [{"rot": [[-0.5668486595070001, 0.8191400568681887, 0.08770498531496312], [0.13772098091827978, 0.19918630456999992, -0.9702359236220097], [-0.8122287415685461, -0.5378981161016723, -0.22572126187899993]], "trans": [649.267941619, 620.969204519, 202.07421522599998]}]}
