{"rb_ScNup133N_56-480_renamed.pdb_0": [{"rot": [[-0.829213043315, 0.30501074909197434, -0.4683739656883468], [-0.34306289926406675, -0.9393024818990001, -0.00432373067056456], [-0.44126361275864207, 0.1570964367410395, 0.883519741499]], "trans": [394.89398521600003, 334.851874392, 8.227767765099998]}], "rb_ScNup133C_490_881_renamed_relative_3CQC.pdb_0": [{"rot": [[-0.795515570643, -0.13979378659156935, 0.5895868673019549], [0.21329756633559663, 0.8461379754500002, 0.48842059200722365], [-0.5671500022567697, 0.5143036299033538, -0.6432982599140002]], "trans": [509.12002501800004, 436.188492153, 247.468633963]}], "rb_ScNup84_506-726_ScNup133C_882_1155_renamed_relative_3CQC_new.pdb_0": [{"rot": [[0.6382562538020001, 0.6486799329693098, 0.4145398642417504], [-0.3113596274548495, 0.709999886257, -0.6316291189505314], [-0.7040483910029298, 0.2740702575581287, 0.655134609869]], "trans": [487.98182222899993, 474.367437764, 157.820352377]}], "rb_4XMM.renamed.noAb_Nup145c_149-550_Sec13_Nup84_7-436_3IKO_updated.pdb_0": [{"rot": [[-0.4493630695010002, 0.6263434469576914, 0.6369982089627859], [-0.20704791277957402, -0.7666493258220001, 0.6077663803060308], [0.8690247370370199, 0.14121861658375845, 0.4741869976580001]], "trans": [477.82347369600006, 437.87228754600005, 329.50379166900007]}], "rb_4XMM.renamed.noAb_Seh1_Nup85_47_544_3F3F.pdb_0": [{"rot": [[0.7682269723909999, 0.4977642047178947, 0.40256442390320524], [0.40973595986678363, -0.8654714552799999, 0.28822838737286854], [0.491877791817239, -0.05647970075240055, -0.8688304099879999]], "trans": [465.788846255, 503.11910143500006, 311.953082643]}], "rb_4XMM.renamed.noAb_Nup120_715-1036_Nup85_553-744_Nup145c_92-99_554-712_remaining_updated.pdb_0": [{"rot": [[-0.8457369301800001, -0.0191142326311807, 0.5332576216432645], [-0.4913610335397486, 0.41758434528199995, -0.7643216922828723], [-0.20807061216918651, -0.9084370978148816, -0.36255849137099994]], "trans": [384.89002381, 599.449446442, 205.444654372]}], "rb_4XMM.renamed.noAb_Nup120_2-711_3F7F_updated.pdb_0": [{"rot": [[0.5792448983939998, -0.31992172063563007, 0.7497502519839938], [0.010089301320081234, -0.9168814236479997, -0.39903215530592184], [0.8150911321339456, 0.2387017964631909, -0.5278711004419999]], "trans": [387.44269760400005, 320.84727770999996, 487.753602176]}]}
