{"rb_ScNup133N_56-480_renamed.pdb_0": [{"rot": [[-0.20918122826899993, 0.9750562267876629, -0.07421973014285488], [-0.46658789206188567, -0.16622345069899985, -0.8687148573720627], [-0.8593828906378801, -0.14708881344386054, 0.489720255083]], "trans": [435.568112476, 335.471714523, 38.726258506900024]}], "rb_ScNup133C_490_881_renamed_relative_3CQC.pdb_0": [{"rot": [[-0.028594133245100017, 0.37186359268521746, 0.9278468860642926], [-0.6292758787808044, -0.727903989116, 0.2723373845318723], [0.7766558078895747, -0.5760844131412141, 0.254818572728]], "trans": [500.044925684, 266.019958221, 293.542056337]}], "rb_ScNup84_506-726_ScNup133C_882_1155_renamed_relative_3CQC_new.pdb_0": [{"rot": [[0.12174514126799996, 0.7140881727872954, -0.6893882810600545], [-0.0706078798411468, -0.6865644094490001, -0.7236323921593644], [-0.9900467907538375, 0.13677497272252565, -0.03316562911780008]], "trans": [566.31064531, 312.035701434, 312.705666324]}], "rb_4XMM.renamed.noAb_Nup145c_149-550_Sec13_Nup84_7-436_3IKO_updated.pdb_0": [{"rot": [[-0.982225633381, -0.18623906921658484, 0.023405431562641965], [0.14275867210066145, -0.8221637695940001, -0.551059613387735], [0.12187192732269894, -0.5379235494606314, 0.8341375715470001]], "trans": [515.755116788, 398.851336154, 189.403927458]}], "rb_4XMM.renamed.noAb_Seh1_Nup85_47_544_3F3F.pdb_0": [{"rot": [[0.05033498914899992, -0.9742570904753453, 0.2197487440826113], [-0.2683249062676022, 0.19874614951699998, 0.9426036880516906], [-0.9620125433401856, -0.10641000756827906, -0.25141355720300007]], "trans": [430.859915082, 591.5600680940001, 272.256816045]}], "rb_4XMM.renamed.noAb_Nup120_715-1036_Nup85_553-744_Nup145c_92-99_554-712_remaining_updated.pdb_0": [{"rot": [[-0.7827501405449999, -0.5627409214029488, -0.2657534061029941], [-0.1433378808761467, 0.57856536027, -0.8029423240816123], [0.60560421843207, -0.5904106869579897, -0.533534208222]], "trans": [462.102997252, 587.971129062, 253.301473136]}], "rb_4XMM.renamed.noAb_Nup120_2-711_3F7F_updated.pdb_0": [{"rot": [[-0.529271741436, 0.7451242946151427, 0.40578468341176954], [-0.6989311359419971, -0.11176287300199994, -0.706402383510396], [-0.48100591568933304, -0.6574943693999401, 0.579943500075]], "trans": [662.1225804429998, 426.543958463, 156.42457018700003]}]}
