{"rb_ScNup133N_56-480_renamed.pdb_0": [{"rot": [[-0.49935449398399995, 0.4876463074378252, -0.7161327866954823], [-0.2983228798553087, -0.8727950115019999, -0.3863060020916821], [-0.8134178192619204, 0.020735157088329847, 0.5813101621059998]], "trans": [414.483695739, 483.228765414, -33.06489834889999]}], "rb_ScNup133C_490_881_renamed_relative_3CQC.pdb_0": [{"rot": [[0.344203993796, 0.5789314453190901, 0.7391630349764744], [-0.8794776139257003, -0.07680776775779996, 0.4697017068476764], [0.32869855073979254, -0.8117505456929569, 0.4827197057390001]], "trans": [494.5572261230001, 424.752517394, 187.428265217]}], "rb_ScNup84_506-726_ScNup133C_882_1155_renamed_relative_3CQC_new.pdb_0": [{"rot": [[0.6382562538020001, 0.6486799329693098, 0.4145398642417504], [-0.3113596274548495, 0.709999886257, -0.6316291189505314], [-0.7040483910029298, 0.2740702575581287, 0.655134609869]], "trans": [487.98182222899993, 474.367437764, 157.820352377]}], "rb_4XMM.renamed.noAb_Nup145c_149-550_Sec13_Nup84_7-436_3IKO_updated.pdb_0": [{"rot": [[-0.628124340307, -0.5723255457058674, 0.5271653278112827], [-0.20492623993568654, 0.775249263078, 0.5974895951251697], [-0.7506430904895598, 0.2672677493254641, -0.6042374540450001]], "trans": [440.15140262400007, 477.200353954, 301.670871772]}], "rb_4XMM.renamed.noAb_Seh1_Nup85_47_544_3F3F.pdb_0": [{"rot": [[0.68211755425, 0.034974955071195316, 0.7304056370961044], [0.16412010369737134, -0.9806950448539999, -0.10631002098191356], [0.7125870008261183, 0.1923901804058063, -0.6746893987139999]], "trans": [580.322412861, 296.988756018, 321.615040934]}], "rb_4XMM.renamed.noAb_Nup120_715-1036_Nup85_553-744_Nup145c_92-99_554-712_remaining_updated.pdb_0": [{"rot": [[-0.5224078579459999, 0.6450816465751519, 0.5576376056258784], [-0.025692741464179603, -0.6655814809339999, 0.7458828160467018], [0.8523085785044796, 0.375327805377638, 0.364278911712]], "trans": [580.350318214, 340.5625151009999, 379.581711749]}], "rb_4XMM.renamed.noAb_Nup120_2-711_3F7F_updated.pdb_0": [{"rot": [[-0.393733412568, -0.6748512613595835, 0.6241392271512312], [0.8810395881959469, -0.47071860982900005, 0.046831980442534726], [0.2621893282707621, 0.5683306831432142, 0.779908322009]], "trans": [319.072918567, 431.517121422, 376.696479703]}]}
