{"rb_ScNup133N_56-480_renamed.pdb_0": [{"rot": [[-0.480785464848, 0.15465039886136422, -0.8630924579226222], [-0.15309005038776108, -0.9840099345939999, -0.0910378223189941], [-0.8633705886021166, 0.08836120615028359, 0.49677311117299994]], "trans": [520.01375709, 359.530460102, 1.4283701773600228]}], "rb_ScNup133C_490_881_renamed_relative_3CQC.pdb_0": [{"rot": [[0.785781075742, -0.6118584816447458, -0.09042842166670614], [0.6184977547686762, 0.778022921391, 0.11018557589957184], [0.0029374056328439965, -0.14251151612975022, 0.989788785256]], "trans": [543.911841469, 424.660781562, 246.360705309]}], "rb_ScNup84_506-726_ScNup133C_882_1155_renamed_relative_3CQC_new.pdb_0": [{"rot": [[-0.7982474873730001, -0.5771065734510823, -0.1724788444483638], [-0.4669600246538704, 0.412058186573, 0.782404234557449], [-0.38045930699346686, 0.705092939801358, -0.59841011185]], "trans": [564.323591609, 427.737843755, 310.458218936]}], "rb_4XMM.renamed.noAb_Nup145c_149-550_Sec13_Nup84_7-436_3IKO_updated.pdb_0": [{"rot": [[0.012443988385300087, -0.9951030761346666, 0.09805618297889343], [-0.9996723969910111, -0.014574393169900113, -0.02104009881096909], [0.022366176412446738, -0.09776223673307032, -0.994958440952]], "trans": [500.583853279, 389.743297235, 264.990538464]}], "rb_4XMM.renamed.noAb_Seh1_Nup85_47_544_3F3F.pdb_0": [{"rot": [[-0.945974017084, -0.3087845607620523, -0.09892044296780397], [-0.25705697056785637, 0.9001523454599999, -0.35163542035087586], [0.19762305757283574, -0.30720978174180485, -0.9308959539699998]], "trans": [460.691905997, 540.63749821, 196.569140077]}], "rb_4XMM.renamed.noAb_Nup120_715-1036_Nup85_553-744_Nup145c_92-99_554-712_remaining_updated.pdb_0": [{"rot": [[-0.2377726189780001, 0.5718851198782238, 0.7851188389831265], [0.9518414070620309, 0.2982528481500001, 0.07101531083214474], [-0.19355133031450827, 0.764194116852703, -0.615260298005]], "trans": [589.489677233, 533.506280662, 302.632166565]}], "rb_4XMM.renamed.noAb_Nup120_2-711_3F7F_updated.pdb_0": [{"rot": [[0.5857426761249999, 0.6611378613692118, 0.4688307217216767], [-0.07981060609099988, -0.5285873914409999, 0.8451187116405519], [0.8065579858394005, -0.5324397598543369, -0.25685037980299985]], "trans": [623.906840254, 330.012832151, 67.7015450177]}]}
