{"rb_ScNup133N_56-480_renamed.pdb_0": [{"rot": [[-0.5928947132199999, 0.15892049436475658, 0.7894429273270077], [0.699286651216454, 0.587757721919, 0.406864891278499], [-0.3993420068891468, 0.7932749440108698, -0.45960942629400003]], "trans": [215.511879942, 671.880291707, 226.08491759599997]}], "rb_ScNup133C_490_881_renamed_relative_3CQC.pdb_0": [{"rot": [[0.7351631666349998, -0.2343843891491681, 0.6360810298589091], [-0.051816084859088465, -0.9550087553199997, -0.2920160451276953], [0.6759069549672313, 0.18172021182387993, -0.714232142123]], "trans": [451.189750749, 519.443518193, 357.022258457]}], "rb_ScNup84_506-726_ScNup133C_882_1155_renamed_relative_3CQC_new.pdb_0": [{"rot": [[0.605812671353, 0.7804677160511829, -0.15447055198319248], [-0.0016513465652022719, 0.19538732907400003, 0.9807247650038465], [0.7956056059899677, -0.593880405333581, 0.11965694245700005]], "trans": [507.152938465, 422.4968510560001, 302.983817704]}], "rb_4XMM.renamed.noAb_Nup145c_149-550_Sec13_Nup84_7-436_3IKO_updated.pdb_0": [{"rot": [[-0.013586031113400013, -0.2494477645784048, 0.9682929476689492], [-0.30916414150302984, 0.921978976017, 0.23317868983107953], [-0.9509116433019844, -0.296193484954482, -0.08964633903980007]], "trans": [508.14882351200004, 567.990955017, 226.04535552199997]}], "rb_4XMM.renamed.noAb_Seh1_Nup85_47_544_3F3F.pdb_0": [{"rot": [[-0.8273910010779999, -0.10926275120771059, -0.5508954370238212], [-0.02074538814994619, 0.986169571727, -0.1644360199904306], [0.5612430491379409, -0.12462434352207098, -0.8182145273679999]], "trans": [469.066693083, 639.300485983, 226.244234679]}], "rb_4XMM.renamed.noAb_Nup120_715-1036_Nup85_553-744_Nup145c_92-99_554-712_remaining_updated.pdb_0": [{"rot": [[-0.6798264463760001, 0.6811797548914282, 0.27171702989292645], [-0.5385724362428692, -0.2122421897500001, -0.8154097030386295], [-0.4977707642351049, -0.7006763835153708, 0.5111524937400002]], "trans": [582.484958484, 498.92044359299996, 183.23947659699996]}], "rb_4XMM.renamed.noAb_Nup120_2-711_3F7F_updated.pdb_0": [{"rot": [[0.06638507993789997, -0.9951346573396604, -0.07280133874535227], [-0.44572268274077637, 0.03570216953830002, -0.8944588560580211], [0.8927061729662251, 0.09182793067327272, -0.4411839977790001]], "trans": [284.822341603, 552.779564425, 450.658454541]}]}
