{"rb_ScNup133N_56-480_renamed.pdb_0": [{"rot": [[0.04013174977860004, 0.5148121256124656, 0.8563631927996922], [0.9357275402935918, -0.3199457895100001, 0.14848791907400155], [0.3504331790738604, 0.795363543983, -0.4945638683799999]], "trans": [314.552237832, 876.909917178, 409.691596963]}], "rb_ScNup133C_490_881_renamed_relative_3CQC.pdb_0": [{"rot": [[0.5143888851869999, 0.11619571285102975, 0.8496485338721633], [-0.8118027644725752, -0.2533247361040002, 0.5261205657190406], [0.2763699448036274, -0.9603775999016635, -0.03597942768250015]], "trans": [404.683808293, 607.826824508, 250.092495021]}], "rb_ScNup84_506-726_ScNup133C_882_1155_renamed_relative_3CQC_new.pdb_0": [{"rot": [[0.8280641237220001, 0.2331207902180152, 0.5098671436488571], [-0.11898179437578885, 0.961806217965, -0.24652004318306564], [-0.5478623363689401, 0.1434694958936958, 0.8241743529960002]], "trans": [436.156666494, 633.595145437, 226.633311141]}], "rb_4XMM.renamed.noAb_Nup145c_149-550_Sec13_Nup84_7-436_3IKO_updated.pdb_0": [{"rot": [[0.22767992900600004, 0.5138890747648901, -0.8270912094594575], [-0.3310600127716676, 0.839652903296, 0.4305604137983676], [0.9157298279904648, 0.17578686192057558, 0.36130023706699993]], "trans": [673.171802276, 622.752164637, 350.929356557]}], "rb_4XMM.renamed.noAb_Seh1_Nup85_47_544_3F3F.pdb_0": [{"rot": [[0.229328449211, -0.7134985191657905, -0.6620636869144098], [0.689664379685774, 0.5990966808370001, -0.40675079643772827], [0.6868562482609547, -0.3633222125858995, 0.629464426371]], "trans": [446.10091789100005, 619.265924491, 258.932126731]}], "rb_4XMM.renamed.noAb_Nup120_715-1036_Nup85_553-744_Nup145c_92-99_554-712_remaining_updated.pdb_0": [{"rot": [[-0.03239398069850011, 0.3904181146135117, 0.9200675658864059], [-0.3595593594453005, 0.854367113226, -0.37519848463600775], [-0.932559755216678, -0.34297307710591823, 0.11270213543099986]], "trans": [600.311540533, 646.733004254, 211.93215662]}], "rb_4XMM.renamed.noAb_Nup120_2-711_3F7F_updated.pdb_0": [{"rot": [[-0.347625965687, -0.7304642104689659, -0.587859018136263], [0.746898291493964, -0.594747852243, 0.297351533400681], [-0.5668325415354859, -0.33570378233837206, 0.752332267273]], "trans": [424.3147876610001, 372.47953521100004, 197.69579792000002]}]}
