{"rb_ScNup133N_56-480_renamed.pdb_0": [{"rot": [[-0.6512592607240001, -0.19753467941789027, 0.732694633355875], [-0.6767998565940524, 0.5878964004120001, -0.44307987597822984], [-0.3432248962932309, -0.7844474952537516, -0.516564417817]], "trans": [234.46417500799998, 365.54241127, 356.784724458]}], "rb_ScNup133C_490_881_renamed_relative_3CQC.pdb_0": [{"rot": [[0.27748402610700007, -0.7183063568067702, 0.6379957625458295], [-0.23362399379222337, 0.5936900475939999, 0.7700337375157047], [-0.9318918632438105, -0.36272317979255037, -0.0030740951774999026]], "trans": [447.981307531, 504.308593416, 274.272980388]}], "rb_ScNup84_506-726_ScNup133C_882_1155_renamed_relative_3CQC_new.pdb_0": [{"rot": [[0.7106325419199999, 0.33854855332525624, -0.6167546249568748], [0.48355533666623995, 0.401734396422, 0.7776784111141639], [0.5110534480325112, -0.8508785763978473, 0.12177857562500002]], "trans": [521.905727103, 518.399428919, 262.142687384]}], "rb_4XMM.renamed.noAb_Nup145c_149-550_Sec13_Nup84_7-436_3IKO_updated.pdb_0": [{"rot": [[0.487933521366, 0.31111861419629944, -0.8155526265226232], [-0.04269990142341451, -0.9246969058469999, -0.3783019306525082], [-0.8718357627132565, 0.21941020992095744, -0.4379058833089998]], "trans": [651.9464123119999, 490.040105507, 277.958091079]}], "rb_4XMM.renamed.noAb_Seh1_Nup85_47_544_3F3F.pdb_0": [{"rot": [[0.631774674189, 0.7743426102893467, -0.03541585723462981], [0.3111781053704985, -0.295201408654, -0.9033406417662836], [-0.7099499614701094, 0.559687100279232, -0.4274592401499999]], "trans": [720.449626257, 541.608545845, 357.851714405]}], "rb_4XMM.renamed.noAb_Nup120_715-1036_Nup85_553-744_Nup145c_92-99_554-712_remaining_updated.pdb_0": [{"rot": [[0.9274608096869998, 0.3739177827250506, -0.0013922128846983045], [0.3141841584777124, -0.77726870023, 0.5451070373829512], [0.20274309126672146, -0.5060028254908744, -0.8383653019649999]], "trans": [683.139102845, 502.85488079899994, 267.821813708]}], "rb_4XMM.renamed.noAb_Nup120_2-711_3F7F_updated.pdb_0": [{"rot": [[0.9525578085580001, 0.19291945739061997, 0.2354054041760499], [-0.02450924949325098, -0.7223163312050002, 0.6911283631597145], [0.30336927669831404, -0.6641093288267057, -0.6833197504250003]], "trans": [655.238865782, 500.608231003, 237.053909744]}]}
