{"rb_ScNup133N_56-480_renamed.pdb_0": [{"rot": [[0.28977869497, 0.8949427608595089, -0.33927240195253694], [-0.6419874516444672, -0.08115567887519992, -0.7624079404868159], [-0.709845349264561, 0.4387382027718415, 0.5510248356980001]], "trans": [609.901601393, 445.89125141, 34.80699725490001]}], "rb_ScNup133C_490_881_renamed_relative_3CQC.pdb_0": [{"rot": [[0.5887988008410001, -0.4910477860211137, 0.6420187255617729], [0.2200299559010151, 0.8616812922000001, 0.4572659720323998], [-0.7777549682479681, -0.12797430412508848, 0.615402134258]], "trans": [459.80369172300004, 543.660753141, 246.406388813]}], "rb_ScNup84_506-726_ScNup133C_882_1155_renamed_relative_3CQC_new.pdb_0": [{"rot": [[0.7106325419199999, 0.33854855332525624, -0.6167546249568748], [0.48355533666623995, 0.401734396422, 0.7776784111141639], [0.5110534480325112, -0.8508785763978473, 0.12177857562500002]], "trans": [521.905727103, 518.399428919, 262.142687384]}], "rb_4XMM.renamed.noAb_Nup145c_149-550_Sec13_Nup84_7-436_3IKO_updated.pdb_0": [{"rot": [[-0.599282865916, 0.5072113759666329, -0.6193518117431649], [-0.43711640597386436, 0.4408283745820001, 0.7839640245520734], [0.6706633240665525, 0.7405450453911815, -0.042470477964999864]], "trans": [612.515931154, 553.178238609, 389.806335316]}], "rb_4XMM.renamed.noAb_Seh1_Nup85_47_544_3F3F.pdb_0": [{"rot": [[-0.518712297883, -0.8064155256126007, 0.28395695461793286], [0.16519223415756068, -0.42040990699800007, -0.892169846986529], [0.8388379329757158, -0.4158719876943936, 0.35128537124700004]], "trans": [413.840361366, 469.72577379100005, 288.529119199]}], "rb_4XMM.renamed.noAb_Nup120_715-1036_Nup85_553-744_Nup145c_92-99_554-712_remaining_updated.pdb_0": [{"rot": [[-0.8546269814659999, 0.08868203727310431, 0.5116133489417619], [-0.11452729874713971, 0.928846679139, -0.3523171078646836], [-0.5064545590593462, -0.35969340127050353, -0.783660919461]], "trans": [507.606526249, 635.245745895, 253.044883389]}], "rb_4XMM.renamed.noAb_Nup120_2-711_3F7F_updated.pdb_0": [{"rot": [[-0.2694234214839999, -0.6584786440570121, 0.7027210650583158], [-0.8872790334939122, -0.11393039090000012, -0.4469404689122278], [0.37436203957928726, -0.7439258977547507, -0.553558779148]], "trans": [362.89816712100003, 387.073969353, 189.992247556]}]}
