{"rb_ScNup133N_56-480_renamed.pdb_0": [{"rot": [[0.8798904401420002, -0.01579487250140507, 0.47491402942993993], [0.3026794324123947, -0.7518216462870002, -0.5857895299242004], [0.366303118388621, 0.6591773161881176, -0.6567398962160003]], "trans": [763.520050481, 325.282827228, 510.111881465]}], "rb_ScNup133C_490_881_renamed_relative_3CQC.pdb_0": [{"rot": [[0.5151257293760001, -0.8103709993295805, -0.27918511131581025], [0.1661930250614746, -0.22511012412899994, 0.9600548476183757], [-0.8408480013389817, -0.5409475718220793, 0.018717990918800165]], "trans": [572.869003714, 110.55096574799998, 296.2114136629999]}], "rb_ScNup84_506-726_ScNup133C_882_1155_renamed_relative_3CQC_new.pdb_0": [{"rot": [[-0.7189618726600001, 0.6293813653422646, 0.2949117200470891], [0.3245162902150104, -0.07125052519099995, 0.9431927374853423], [0.6146405478377692, 0.7738232741523826, -0.1530180947919999]], "trans": [516.581805217, 119.479161573, 290.891466988]}], "rb_4XMM.renamed.noAb_Nup145c_149-550_Sec13_Nup84_7-436_3IKO_updated.pdb_0": [{"rot": [[-0.11528327597899984, 0.09737205760224114, -0.9885486577189084], [-0.21442040355355868, -0.974161210708, -0.07094946153321086], [-0.96991425230248, 0.20378571576592253, 0.13318305158799987]], "trans": [625.71249922, 213.705945531, 232.16210501299997]}], "rb_4XMM.renamed.noAb_Seh1_Nup85_47_544_3F3F.pdb_0": [{"rot": [[-0.5065509215650001, -0.4406665725925448, -0.7410932030866215], [0.7857954357509244, 0.1178163179129999, -0.6071613034329821], [0.3548685630126513, -0.8899057742440839, 0.28659381701700004]], "trans": [463.789767805, 384.454352905, 270.768624607]}], "rb_4XMM.renamed.noAb_Nup120_715-1036_Nup85_553-744_Nup145c_92-99_554-712_remaining_updated.pdb_0": [{"rot": [[0.4228110713889999, -0.8120747101427749, 0.4022007745609329], [-0.6449479280425076, -0.581433155783, -0.4959613447335369], [0.636610530877838, -0.04970060867584944, -0.7695822772600002]], "trans": [466.759120397, 256.788229415, 316.415639711]}], "rb_4XMM.renamed.noAb_Nup120_2-711_3F7F_updated.pdb_0": [{"rot": [[-0.869447691542, 0.258742378681019, 0.4208480642069955], [0.4852996241686992, 0.28792683079599996, 0.8255800475359678], [0.09243909591729335, 0.9220360739050613, -0.3759048974990001]], "trans": [637.452688182, 386.208689231, 469.084350913]}]}
