{"rb_ScNup133N_56-480_renamed.pdb_0": [{"rot": [[-0.6054648612319999, 0.5222011347121451, 0.6005982656640485], [-0.06778981988623423, -0.785737273315, 0.6148345124041923], [0.7929797236582452, 0.3315462444800982, 0.511136230019]], "trans": [234.875829597, 341.389085095, 486.212073725]}], "rb_ScNup133C_490_881_renamed_relative_3CQC.pdb_0": [{"rot": [[-0.724792336037, -0.656111564546756, -0.21022293997096667], [0.6864042679496235, -0.661364975121, -0.3023996538088967], [0.05937382051519077, -0.36347487471791934, 0.9297100434470003]], "trans": [444.830277947, 419.833698065, 313.606913256]}], "rb_ScNup84_506-726_ScNup133C_882_1155_renamed_relative_3CQC_new.pdb_0": [{"rot": [[-0.5589463035020001, 0.34371845307511806, -0.7546102668378546], [0.733754883345419, 0.628918545994, -0.2570315810781695], [0.3862418943721676, -0.697365820441783, -0.603736789927]], "trans": [489.086510049, 422.396911248, 415.645959977]}], "rb_4XMM.renamed.noAb_Nup145c_149-550_Sec13_Nup84_7-436_3IKO_updated.pdb_0": [{"rot": [[0.7986177914149999, -0.3824534171691037, -0.464692378817539], [0.41616235507224714, 0.908703195562, -0.032671036043114], [0.434762598961949, -0.16729580410484027, 0.8848692538859999]], "trans": [508.630534029, 614.346765021, 267.948635031]}], "rb_4XMM.renamed.noAb_Seh1_Nup85_47_544_3F3F.pdb_0": [{"rot": [[0.0788045516261, 0.9953456813395094, 0.05546906598994872], [-0.657218534680444, 0.010035185788400014, 0.7536332614200905], [0.7495689696855783, -0.09584502952673263, 0.6549504485069999]], "trans": [601.263278537, 485.952252897, 330.458748115]}], "rb_4XMM.renamed.noAb_Nup120_715-1036_Nup85_553-744_Nup145c_92-99_554-712_remaining_updated.pdb_0": [{"rot": [[0.03386667064320003, -0.7458554023270444, -0.6652463960361663], [-0.9983610192551972, 0.0054783620798699514, -0.056967207941461095], [0.04613376042844153, 0.6660853596713296, -0.7444474257999999]], "trans": [404.2250379999999, 471.90588808, 380.547383535]}], "rb_4XMM.renamed.noAb_Nup120_2-711_3F7F_updated.pdb_0": [{"rot": [[0.696082892933, 0.6281892793236075, -0.34763031442742787], [-0.3858812569421218, -0.08096752236429999, -0.9189885286895342], [-0.6054455068020522, 0.7738362163048932, 0.186046361502]], "trans": [668.458022739, 503.61126126, 332.304436889]}]}
