{"rb_ScNup133N_56-480_renamed.pdb_0": [{"rot": [[0.18579342364099988, 0.2724866761592018, -0.9440507481314053], [-0.3230427453052696, -0.890431203047, -0.3205864272640173], [-0.9279677733829934, 0.364531595278081, -0.07741141780529992]], "trans": [712.118015762, 316.592321425, 30.50444557359998]}], "rb_ScNup133C_490_881_renamed_relative_3CQC.pdb_0": [{"rot": [[-0.261363958347, -0.9424656829440748, 0.20844020185642265], [-0.9351160743789914, 0.30076130775099996, 0.18735144301000986], [-0.23926305338520698, -0.14594886855562392, -0.959922975583]], "trans": [508.65062575, 325.20576564299995, 305.105150769]}], "rb_ScNup84_506-726_ScNup133C_882_1155_renamed_relative_3CQC_new.pdb_0": [{"rot": [[0.47051157017099987, -0.8315918569424507, 0.29508277788143916], [-0.03861863451546782, -0.35349796419300006, -0.9346377856579333], [0.8815483329933651, 0.4283621981202485, -0.19843982417400016]], "trans": [504.435614795, 392.052826001, 245.49265276099996]}], "rb_4XMM.renamed.noAb_Nup145c_149-550_Sec13_Nup84_7-436_3IKO_updated.pdb_0": [{"rot": [[0.014452862686999912, -0.8310274024706412, 0.556043677333939], [0.4971581624201607, -0.47651819105000015, -0.7250959765006594], [0.8675395531612147, 0.2869213654319501, 0.40626500435]], "trans": [454.31476609999993, 484.008342914, 357.500815518]}], "rb_4XMM.renamed.noAb_Seh1_Nup85_47_544_3F3F.pdb_0": [{"rot": [[0.9112330880169999, -0.03904695088751417, 0.4100360897889238], [-0.2818880843403636, -0.784965416014, 0.5516959339789337], [0.3003221057629998, -0.6183078774270597, -0.726293330206]], "trans": [631.120096533, 313.31221523, 209.371495187]}], "rb_4XMM.renamed.noAb_Nup120_715-1036_Nup85_553-744_Nup145c_92-99_554-712_remaining_updated.pdb_0": [{"rot": [[-0.10965104029600004, -0.18713803698283227, -0.9761946550131368], [-0.9549474607306468, -0.25265266320400004, 0.15569835907939372], [-0.2757752646741449, 0.9492870940290605, -0.15100336586899998]], "trans": [574.508309157, 366.068738096, 355.704365053]}], "rb_4XMM.renamed.noAb_Nup120_2-711_3F7F_updated.pdb_0": [{"rot": [[-0.9428637206069999, 0.17546922997048903, -0.2832288009660895], [0.32702130011738634, 0.650058112116, -0.6859165547949081], [0.06375792995902121, -0.7393476856024813, -0.670298385916]], "trans": [600.935911848, 628.53989146, 70.70630910349999]}]}
