{"rb_ScNup133N_56-480_renamed.pdb_0": [{"rot": [[-0.5522393133849999, -0.07414854127249532, -0.8303816800599738], [-0.4816808744022986, -0.784584810442, 0.39039750314100097], [-0.6804522584186937, 0.6155718228207427, 0.397562642815]], "trans": [441.500618054, 399.598809569, 33.83144051520003]}], "rb_ScNup133C_490_881_renamed_relative_3CQC.pdb_0": [{"rot": [[-0.791837566133, 0.16737227849854458, 0.5873498014392892], [0.3868418546661629, 0.8816452758009999, 0.2702868608279395], [-0.4725956499366134, 0.4412347765623017, -0.762866452017]], "trans": [459.2487738699999, 579.510084448, 297.339386503]}], "rb_ScNup84_506-726_ScNup133C_882_1155_renamed_relative_3CQC_new.pdb_0": [{"rot": [[0.7393630650110001, -0.09630973528517478, 0.666383292847922], [0.2845092623158354, 0.9417060677419999, -0.17956659387090596], [-0.6102431791950148, 0.32235712628573804, 0.723663696325]], "trans": [441.951065036, 626.429033206, 225.87982242299998]}], "rb_4XMM.renamed.noAb_Nup145c_149-550_Sec13_Nup84_7-436_3IKO_updated.pdb_0": [{"rot": [[0.6671499523660002, 0.7422428863051378, -0.06313825138109369], [-0.33465294747279856, 0.3743586858, 0.8647907140539065], [0.6655211084599888, -0.5558156817646615, 0.4981471490420001]], "trans": [621.558019751, 413.645920419, 291.536809413]}], "rb_4XMM.renamed.noAb_Seh1_Nup85_47_544_3F3F.pdb_0": [{"rot": [[0.7750524803840001, -0.6289396644667661, -0.061061862983707194], [-0.10537541401816919, -0.03336370778280004, -0.9938726704782074], [0.6230486937399907, 0.7767378975326334, -0.09213340200750002]], "trans": [424.012306356, 399.940507071, 436.287545485]}], "rb_4XMM.renamed.noAb_Nup120_715-1036_Nup85_553-744_Nup145c_92-99_554-712_remaining_updated.pdb_0": [{"rot": [[-0.2762661497680001, -0.059177249483163635, 0.9592575606352928], [0.20467941435416767, 0.9715825411970002, 0.11888525131745542], [-0.9390332006015548, 0.22918424637131368, -0.2563030030710002]], "trans": [496.350984889, 514.776817769, 323.447542479]}], "rb_4XMM.renamed.noAb_Nup120_2-711_3F7F_updated.pdb_0": [{"rot": [[0.621663473615, -0.6259001259496383, -0.47093901718710784], [-0.49264426498883146, 0.15499862670000006, -0.8563159778345422], [0.6089631793027771, 0.7643457712693522, -0.2119891228249999]], "trans": [451.582858114, 384.686893473, 460.6611974]}]}
