{"rb_ScNup133N_56-480_renamed.pdb_0": [{"rot": [[-0.8397000386389999, 0.5372485562708855, -0.0791696526107763], [-0.389038731000219, -0.49341522305299995, 0.7779397685176517], [0.3788835056998406, 0.6840361148685115, 0.6233312784259999]], "trans": [161.836305959, 312.647425065, 415.07015710100006]}], "rb_ScNup133C_490_881_renamed_relative_3CQC.pdb_0": [{"rot": [[0.6524366952199998, 0.7558846774184806, 0.054449179740048315], [0.44531286915588536, -0.3242493530049998, -0.8346009858848671], [-0.6132069856863651, 0.5687712295113019, -0.5481573507539999]], "trans": [439.591835362, 525.813963785, 429.825649867]}], "rb_ScNup84_506-726_ScNup133C_882_1155_renamed_relative_3CQC_new.pdb_0": [{"rot": [[-0.89696076197, 0.34556947309914143, 0.27575918978010294], [-0.4120025369763446, -0.879590360063, -0.23785438404472992], [0.16035991086070372, -0.32695953533460964, 0.931333539202]], "trans": [452.201964658, 477.849206826, 345.741586805]}], "rb_4XMM.renamed.noAb_Nup145c_149-550_Sec13_Nup84_7-436_3IKO_updated.pdb_0": [{"rot": [[0.487933521366, 0.31111861419629944, -0.8155526265226232], [-0.04269990142341451, -0.9246969058469999, -0.3783019306525082], [-0.8718357627132565, 0.21941020992095744, -0.4379058833089998]], "trans": [651.9464123119999, 490.040105507, 277.958091079]}], "rb_4XMM.renamed.noAb_Seh1_Nup85_47_544_3F3F.pdb_0": [{"rot": [[-0.26028755022200006, -0.8757446331511918, 0.40659774803399296], [0.9279212230144833, -0.11049820061100019, 0.3560229649068116], [-0.26685688126547435, 0.46995902498900455, 0.8413833369830002]], "trans": [412.349199351, 554.878839963, 393.614060004]}], "rb_4XMM.renamed.noAb_Nup120_715-1036_Nup85_553-744_Nup145c_92-99_554-712_remaining_updated.pdb_0": [{"rot": [[-0.8546269814659999, 0.08868203727310431, 0.5116133489417619], [-0.11452729874713971, 0.928846679139, -0.3523171078646836], [-0.5064545590593462, -0.35969340127050353, -0.783660919461]], "trans": [507.606526249, 635.245745895, 253.044883389]}], "rb_4XMM.renamed.noAb_Nup120_2-711_3F7F_updated.pdb_0": [{"rot": [[-0.2694234214839999, -0.6584786440570121, 0.7027210650583158], [-0.8872790334939122, -0.11393039090000012, -0.4469404689122278], [0.37436203957928726, -0.7439258977547507, -0.553558779148]], "trans": [362.89816712100003, 387.073969353, 189.992247556]}]}
