{"rb_ScNup133N_56-480_renamed.pdb_0": [{"rot": [[0.0022171113950300025, 0.769935274571614, -0.6381181374850549], [-0.42484241704738024, -0.5769433799810001, -0.6975996394590805], [-0.9052646050157942, 0.27264630800073675, 0.32582201527699983]], "trans": [627.693549044, 307.88481756499993, -10.280747988299993]}], "rb_ScNup133C_490_881_renamed_relative_3CQC.pdb_0": [{"rot": [[0.48276547858100005, -0.7994153375686708, 0.3575928001937764], [0.8729744052091273, 0.40680695080599993, -0.269116689608235], [0.06966477259152101, 0.44208960950908227, 0.894261481125]], "trans": [520.065439637, 398.245483015, 256.19491058]}], "rb_ScNup84_506-726_ScNup133C_882_1155_renamed_relative_3CQC_new.pdb_0": [{"rot": [[-0.569297757955, -0.5617632912277539, 0.6002683295130369], [-0.11613218326089872, 0.7777649543999999, 0.6177337547181818], [-0.8138878170844352, 0.28196396992546335, -0.508018642242]], "trans": [525.063752279, 368.972885627, 339.499470185]}], "rb_4XMM.renamed.noAb_Nup145c_149-550_Sec13_Nup84_7-436_3IKO_updated.pdb_0": [{"rot": [[-0.4493630695010002, 0.6263434469576914, 0.6369982089627859], [-0.20704791277957402, -0.7666493258220001, 0.6077663803060308], [0.8690247370370199, 0.14121861658375845, 0.4741869976580001]], "trans": [477.82347369600006, 437.87228754600005, 329.50379166900007]}], "rb_4XMM.renamed.noAb_Seh1_Nup85_47_544_3F3F.pdb_0": [{"rot": [[-0.891568053307, -0.38592832592127757, 0.23699310870564705], [-0.24566301819884329, 0.851735559869, 0.4628133722615155], [-0.38046824809936675, 0.35440917497469143, -0.854188532399]], "trans": [430.582208452, 598.907898148, 328.9885435]}], "rb_4XMM.renamed.noAb_Nup120_715-1036_Nup85_553-744_Nup145c_92-99_554-712_remaining_updated.pdb_0": [{"rot": [[0.03386667064320003, -0.7458554023270444, -0.6652463960361663], [-0.9983610192551972, 0.0054783620798699514, -0.056967207941461095], [0.04613376042844153, 0.6660853596713296, -0.7444474257999999]], "trans": [404.2250379999999, 471.90588808, 380.547383535]}], "rb_4XMM.renamed.noAb_Nup120_2-711_3F7F_updated.pdb_0": [{"rot": [[0.696082892933, 0.6281892793236075, -0.34763031442742787], [-0.3858812569421218, -0.08096752236429999, -0.9189885286895342], [-0.6054455068020522, 0.7738362163048932, 0.186046361502]], "trans": [668.458022739, 503.61126126, 332.304436889]}]}
