{"rb_ScNup133N_56-480_renamed.pdb_0": [{"rot": [[-0.3830632487120001, 0.5867819011828411, -0.7134070001972639], [-0.48370578124763336, -0.7853864456900002, -0.3862600783332976], [-0.7869506113307398, 0.19711704992384343, 0.584682481314]], "trans": [434.6003960219999, 424.101260066, 108.60170306999999]}], "rb_ScNup133C_490_881_renamed_relative_3CQC.pdb_0": [{"rot": [[-0.857678960345, 0.5019158872152051, 0.11165680965571864], [-0.5104590258663596, -0.805048359522, -0.3022064224044615], [-0.06179307318047184, -0.31619231646564416, 0.946680534877]], "trans": [440.966494124, 423.147773192, 311.185048784]}], "rb_ScNup84_506-726_ScNup133C_882_1155_renamed_relative_3CQC_new.pdb_0": [{"rot": [[0.9226794221240001, 0.38030031343176174, 0.06351657730565519], [-0.10501229644936916, 0.4063727501400001, -0.9076528001047995], [-0.3709920505662504, 0.8308025394444561, 0.41488798352000017]], "trans": [430.368795525, 466.015381689, 334.512442311]}], "rb_4XMM.renamed.noAb_Nup145c_149-550_Sec13_Nup84_7-436_3IKO_updated.pdb_0": [{"rot": [[0.5707727703030001, 0.7273199626397118, -0.3810828212166055], [-0.1315195644045674, 0.5390959971050002, 0.831912321151814], [0.8105066618230055, -0.4247130535445483, 0.4033581203960001]], "trans": [625.8807415049998, 393.749243809, 319.270561705]}], "rb_4XMM.renamed.noAb_Seh1_Nup85_47_544_3F3F.pdb_0": [{"rot": [[0.08845537565639996, 0.978019987254021, 0.18881883128843258], [0.7041539243478763, 0.07267740684920007, -0.7063180907772084], [-0.7045160731615498, 0.19543515309513854, -0.682247904791]], "trans": [680.0142041930001, 355.54411714, 244.22303605]}], "rb_4XMM.renamed.noAb_Nup120_715-1036_Nup85_553-744_Nup145c_92-99_554-712_remaining_updated.pdb_0": [{"rot": [[0.9489057959610001, 0.09575201974596712, 0.3006814611947149], [-0.06488911613528017, 0.99169689501, -0.11102554226261281], [-0.30881579136890497, 0.08584182629751667, 0.9472401954410001]], "trans": [594.336876004, 455.55022690500005, 277.532873065]}], "rb_4XMM.renamed.noAb_Nup120_2-711_3F7F_updated.pdb_0": [{"rot": [[-0.47601540751200005, -0.22466729187804962, 0.8502552203728995], [-0.8760686261337776, 0.205677651049, -0.43611978419127145], [-0.07689664566975535, -0.9524816595710119, -0.294729696613]], "trans": [475.19898547, 304.884634944, 121.48230922400003]}]}
