{"rb_ScNup133N_56-480_renamed.pdb_0": [{"rot": [[-0.8335438989650001, 0.23645496483462122, -0.49929311842171814], [-0.5375890901537601, -0.5554014463690001, 0.6344503160365476], [-0.1272891929657745, 0.7972567233810455, 0.5900670965050001]], "trans": [309.276200323, 348.19785900100004, 195.85680339700002]}], "rb_ScNup133C_490_881_renamed_relative_3CQC.pdb_0": [{"rot": [[-0.22756423753299998, -0.7230851715866075, -0.652198092934647], [-0.9170792401749343, 0.3843254549779999, -0.10611131841664373], [0.32738384968747214, 0.5739701902429424, -0.7505851288669998]], "trans": [445.645233662, 541.978207928, 386.826398965]}], "rb_ScNup84_506-726_ScNup133C_882_1155_renamed_relative_3CQC_new.pdb_0": [{"rot": [[-0.03784085490289993, 0.9489548761722828, 0.31313369778588945], [0.5480730011274488, -0.24231248030200006, 0.8005627066788985], [0.8355740871612576, 0.20191410272375715, -0.5109272355099999]], "trans": [357.785107109, 490.97099039, 398.480786793]}], "rb_4XMM.renamed.noAb_Nup145c_149-550_Sec13_Nup84_7-436_3IKO_updated.pdb_0": [{"rot": [[0.417996979221, 0.316155915724627, -0.8516595342708503], [0.004219567586495998, -0.9381536181710001, -0.3461935642989981], [-0.9084386168649493, 0.14111422913719263, -0.3934794196949999]], "trans": [649.449889276, 490.58414036100004, 269.054868198]}], "rb_4XMM.renamed.noAb_Seh1_Nup85_47_544_3F3F.pdb_0": [{"rot": [[-0.494356908822, -0.8692268545098483, -0.007478107974063397], [0.5373434348239952, -0.29881937875699993, -0.7886501200981533], [0.6832812596226445, -0.39389294773858996, 0.6147967680219999]], "trans": [490.741421828, 626.905457768, 303.955430155]}], "rb_4XMM.renamed.noAb_Nup120_715-1036_Nup85_553-744_Nup145c_92-99_554-712_remaining_updated.pdb_0": [{"rot": [[-0.221045090572, -0.8766712445456043, -0.4273015292751451], [0.2182651348170913, 0.382556977955, -0.8977808694448857], [0.950525853860532, -0.29171507949504255, 0.10678442553999995]], "trans": [492.147640044, 680.265362758, 308.45556645]}], "rb_4XMM.renamed.noAb_Nup120_2-711_3F7F_updated.pdb_0": [{"rot": [[0.619801411317, 0.5219569653446287, 0.586009502361251], [0.5466640024626369, -0.8229213671080001, 0.1547866013860058], [0.5630316855568478, 0.2244133460499313, -0.795382908525]], "trans": [742.332949496, 414.0056023650001, 424.411189472]}]}
