{"rb_ScNup133N_56-480_renamed.pdb_0": [{"rot": [[-0.666797797938, 0.13806620828512617, 0.7323376398866867], [-0.7283773337840586, -0.32859315072, -0.6012428801487213], [0.1576298077606526, -0.934325566079443, 0.3196694859940001]], "trans": [191.231658772, 409.270901831, 421.7008498199999]}], "rb_ScNup133C_490_881_renamed_relative_3CQC.pdb_0": [{"rot": [[-0.586820034176, 0.7691746157259325, 0.2530072291705168], [-0.7311092397977899, -0.637621396441, 0.24273078561016354], [0.3480251815199243, -0.042536635074878204, 0.936519678226]], "trans": [464.275915587, 453.062177306, 358.60995697]}], "rb_ScNup84_506-726_ScNup133C_882_1155_renamed_relative_3CQC_new.pdb_0": [{"rot": [[-0.89696076197, 0.34556947309914143, 0.27575918978010294], [-0.4120025369763446, -0.879590360063, -0.23785438404472992], [0.16035991086070372, -0.32695953533460964, 0.931333539202]], "trans": [452.201964658, 477.849206826, 345.741586805]}], "rb_4XMM.renamed.noAb_Nup145c_149-550_Sec13_Nup84_7-436_3IKO_updated.pdb_0": [{"rot": [[0.35742898089999997, -0.6508117004163007, -0.6698422606957781], [0.9328815157504905, 0.21464786511800005, 0.2892375694327283], [-0.044458983162628085, -0.7282653531519458, 0.683851573234]], "trans": [484.876036282, 606.275901288, 232.90480540600004]}], "rb_4XMM.renamed.noAb_Seh1_Nup85_47_544_3F3F.pdb_0": [{"rot": [[0.7102292114740001, -0.25118385298722923, -0.657632982116553], [-0.5952170978037944, -0.713074118255, -0.3704617501941093], [-0.37588704906001835, 0.6545471517571094, -0.655954992721]], "trans": [494.456937833, 398.615755186, 316.249065271]}], "rb_4XMM.renamed.noAb_Nup120_715-1036_Nup85_553-744_Nup145c_92-99_554-712_remaining_updated.pdb_0": [{"rot": [[-0.8743135728759999, 0.27651115769327633, -0.39889516913084766], [-0.4851861097667343, -0.4758261450879999, 0.7336101952263994], [0.013046653755885151, 0.8349437462019926, 0.5501806298879999]], "trans": [485.883148165, 441.484374905, 374.226572922]}], "rb_4XMM.renamed.noAb_Nup120_2-711_3F7F_updated.pdb_0": [{"rot": [[0.9138735391570001, -0.35989574178283823, -0.1879101100932034], [-0.03312958629927579, 0.3951862970069999, -0.9180033884303119], [0.4046450110161968, 0.8451643897517666, 0.349227102836]], "trans": [448.35475138500004, 696.240451388, 399.868250075]}]}
