{"rb_ScNup133N_56-480_renamed.pdb_0": [{"rot": [[-0.04214012155510016, 0.9706074995561892, 0.23694997776029358], [-0.9453582835659294, 0.03800647714229999, -0.3238104744885681], [-0.32329850888706735, -0.2376480370222192, 0.91597024223]], "trans": [579.525422511, 339.22055717600006, 146.81655281400003]}], "rb_ScNup133C_490_881_renamed_relative_3CQC.pdb_0": [{"rot": [[0.14627232432499998, -0.4607811849904181, 0.8753771225565516], [-0.3045396671516013, 0.820944908518, 0.48301661287119774], [-0.941201359044787, -0.3372390201877576, -0.020244628795000053]], "trans": [574.20341851, 561.072856544, 310.9385079]}], "rb_ScNup84_506-726_ScNup133C_882_1155_renamed_relative_3CQC_new.pdb_0": [{"rot": [[-0.89011550125, -0.43934695557608505, 0.12111419016980077], [0.1918704142993831, -0.602329375949, -0.7748451890445414], [0.41337650943304005, -0.6664634839921191, 0.620440396778]], "trans": [613.47007973, 624.333465528, 286.072142089]}], "rb_4XMM.renamed.noAb_Nup145c_149-550_Sec13_Nup84_7-436_3IKO_updated.pdb_0": [{"rot": [[0.33667023719700007, 0.8148755335870315, 0.4718379130029364], [-0.1275955277734379, 0.53594850687, -0.834552921794679], [-0.9329375824126358, 0.22076472260093682, 0.28441238471100005]], "trans": [589.550411345, 527.250351524, 129.532835149]}], "rb_4XMM.renamed.noAb_Seh1_Nup85_47_544_3F3F.pdb_0": [{"rot": [[-0.24134712043800005, 0.3387177051832022, -0.9094074354499806], [-0.41523662804986095, 0.8109459246729999, 0.4122441630660578], [0.877114650534391, 0.477113218693088, -0.05507146598970007]], "trans": [513.829082003, 608.043323671, 315.191970073]}], "rb_4XMM.renamed.noAb_Nup120_715-1036_Nup85_553-744_Nup145c_92-99_554-712_remaining_updated.pdb_0": [{"rot": [[-0.7349096140379998, -0.6479932676329764, 0.20003145826808233], [-0.38712901662622323, 0.15867833516300006, -0.9082688536088375], [0.5568114435610416, -0.7449334943820396, -0.36747123053]], "trans": [434.987131523, 492.603694042, 154.97634282899998]}], "rb_4XMM.renamed.noAb_Nup120_2-711_3F7F_updated.pdb_0": [{"rot": [[0.3055921441330002, 0.8243532505473208, 0.47650305324967424], [-0.9357462141305457, 0.352538508602, -0.009778685649325602], [-0.1760467670380416, -0.4428976385856485, 0.8791184320389999]], "trans": [739.43974095, 443.489118182, 132.78865708]}]}
