{"rb_ScNup133N_56-480_renamed.pdb_0": [{"rot": [[-0.666797797938, 0.13806620828512617, 0.7323376398866867], [-0.7283773337840586, -0.32859315072, -0.6012428801487213], [0.1576298077606526, -0.934325566079443, 0.3196694859940001]], "trans": [191.231658772, 409.270901831, 421.7008498199999]}], "rb_ScNup133C_490_881_renamed_relative_3CQC.pdb_0": [{"rot": [[-0.586820034176, 0.7691746157259325, 0.2530072291705168], [-0.7311092397977899, -0.637621396441, 0.24273078561016354], [0.3480251815199243, -0.042536635074878204, 0.936519678226]], "trans": [464.275915587, 453.062177306, 358.60995697]}], "rb_ScNup84_506-726_ScNup133C_882_1155_renamed_relative_3CQC_new.pdb_0": [{"rot": [[-0.89696076197, 0.34556947309914143, 0.27575918978010294], [-0.4120025369763446, -0.879590360063, -0.23785438404472992], [0.16035991086070372, -0.32695953533460964, 0.931333539202]], "trans": [452.201964658, 477.849206826, 345.741586805]}], "rb_4XMM.renamed.noAb_Nup145c_149-550_Sec13_Nup84_7-436_3IKO_updated.pdb_0": [{"rot": [[0.2460328007110001, 0.7508760436298026, -0.6129053989623163], [0.047608880335955894, -0.6409413623630001, -0.7661119791031976], [-0.9680915532569521, 0.15930893608054858, -0.19344096618200013]], "trans": [620.811907077, 465.280519935, 262.325886438]}], "rb_4XMM.renamed.noAb_Seh1_Nup85_47_544_3F3F.pdb_0": [{"rot": [[-0.11570568288800001, -0.8472711863289724, -0.5184049881744174], [-0.7639928244233449, 0.40944447354300006, -0.498668414193977], [0.6347654363440577, 0.3383589217115336, -0.6946841591120001]], "trans": [350.3172583, 549.755801798, 325.382659961]}], "rb_4XMM.renamed.noAb_Nup120_715-1036_Nup85_553-744_Nup145c_92-99_554-712_remaining_updated.pdb_0": [{"rot": [[0.23628869176199996, -0.24833460680059272, 0.9394134218812278], [0.801589515271212, 0.596253353159, -0.04400213465176722], [-0.549201149992119, 0.7634211563166453, 0.339950341867]], "trans": [440.274221723, 613.279878561, 349.949983082]}], "rb_4XMM.renamed.noAb_Nup120_2-711_3F7F_updated.pdb_0": [{"rot": [[0.2696228018040001, -0.32222460642677436, -0.9074551491729337], [-0.19105041128192096, -0.9415212759140001, 0.2775561697211618], [-0.943823757433754, 0.09853420733117968, -0.3154167479530001]], "trans": [509.602910064, 262.955461053, 223.288718879]}]}
