{"rb_ScNup133N_56-480_renamed.pdb_0": [{"rot": [[0.2579678210480001, 0.47897633973401554, 0.839067499834639], [0.4348535168245732, 0.7179617506449998, -0.543537803207898], [-0.8627601185781872, 0.5050867159070528, -0.023073517399400056]], "trans": [487.759521133, 520.470227909, 44.529882056199995]}], "rb_ScNup133C_490_881_renamed_relative_3CQC.pdb_0": [{"rot": [[-0.9700909672189999, 0.18623430297139698, -0.1556929661765841], [-0.24009486569637406, -0.8306085273929998, 0.5024379859129602], [-0.03574871726852794, 0.5247916335259069, 0.8504797296789999]], "trans": [541.818937347, 268.019550123, 247.57323872799998]}], "rb_ScNup84_506-726_ScNup133C_882_1155_renamed_relative_3CQC_new.pdb_0": [{"rot": [[0.12174514126799996, 0.7140881727872954, -0.6893882810600545], [-0.0706078798411468, -0.6865644094490001, -0.7236323921593644], [-0.9900467907538375, 0.13677497272252565, -0.03316562911780008]], "trans": [566.31064531, 312.035701434, 312.705666324]}], "rb_4XMM.renamed.noAb_Nup145c_149-550_Sec13_Nup84_7-436_3IKO_updated.pdb_0": [{"rot": [[-0.982225633381, -0.18623906921658484, 0.023405431562641965], [0.14275867210066145, -0.8221637695940001, -0.551059613387735], [0.12187192732269894, -0.5379235494606314, 0.8341375715470001]], "trans": [515.755116788, 398.851336154, 189.403927458]}], "rb_4XMM.renamed.noAb_Seh1_Nup85_47_544_3F3F.pdb_0": [{"rot": [[-0.6249813366690001, 0.4026821354426271, 0.6687641038593473], [0.6309526226917639, 0.7650207053440001, 0.12900429571666705], [-0.45967066116276634, 0.5025837424652079, -0.732197012474]], "trans": [610.811135184, 522.567384955, 212.147934413]}], "rb_4XMM.renamed.noAb_Nup120_715-1036_Nup85_553-744_Nup145c_92-99_554-712_remaining_updated.pdb_0": [{"rot": [[-0.2708918797879999, 0.923207734852549, -0.27258955917890443], [-0.7859024755299152, -0.048591398650699946, 0.616438297750164], [0.5558550966042093, 0.38121693861316597, 0.7387142595709999]], "trans": [674.344585001, 408.581201225, 255.91498686200003]}], "rb_4XMM.renamed.noAb_Nup120_2-711_3F7F_updated.pdb_0": [{"rot": [[0.9500911968180001, -0.07521296845133119, -0.3027700895162522], [-0.14089185787382286, -0.9693402015050001, -0.20131830053700686], [-0.2783454725944053, 0.23392858551913912, -0.9315584870330003]], "trans": [520.865644405, 293.172527555, 254.770101733]}]}
