{"rb_ScNup133N_56-480_renamed.pdb_0": [{"rot": [[-0.9553862518420001, 0.29483009183043035, 0.0176727683896601], [0.2750830487389471, 0.9099925646220002, -0.3102303154579856], [-0.10754732022593867, -0.29152829928488116, -0.9504971460390002]], "trans": [177.46727234399998, 569.984345956, 519.078988121]}], "rb_ScNup133C_490_881_renamed_relative_3CQC.pdb_0": [{"rot": [[0.9156642345469999, -0.1023764877455558, -0.38868761792516715], [0.36249925669313854, 0.6281051200529999, 0.6885334030097076], [0.17364705142437253, -0.7713643840106247, 0.612244794679]], "trans": [453.568752505, 495.3242566789999, 345.971600881]}], "rb_ScNup84_506-726_ScNup133C_882_1155_renamed_relative_3CQC_new.pdb_0": [{"rot": [[-0.43498849223299996, 0.8906811344788879, 0.13218217848205632], [-0.8453521121973182, -0.35339773404999997, -0.40061184202649075], [-0.3101045275844805, -0.28600202490843724, 0.9066631258189998]], "trans": [428.082195972, 579.0856314549999, 304.743161456]}], "rb_4XMM.renamed.noAb_Nup145c_149-550_Sec13_Nup84_7-436_3IKO_updated.pdb_0": [{"rot": [[-0.31681906401899995, -0.8986804241828401, 0.3033136592121679], [0.4750235743808404, -0.4271301025289999, -0.7693584855553464], [0.8209618045052856, -0.09966629673122401, 0.5622173466189999]], "trans": [454.648593904, 533.278926448, 318.987180051]}], "rb_4XMM.renamed.noAb_Seh1_Nup85_47_544_3F3F.pdb_0": [{"rot": [[-0.4326930898730001, 0.19192342611062652, -0.8808757508787008], [0.7016747706974208, -0.5418004790690001, -0.46271455244818505], [-0.5660646660434461, -0.8183016799387381, 0.09976549737540014]], "trans": [550.816622577, 406.845752566, 179.661997522]}], "rb_4XMM.renamed.noAb_Nup120_715-1036_Nup85_553-744_Nup145c_92-99_554-712_remaining_updated.pdb_0": [{"rot": [[-0.35955231195600007, 0.920163162194064, 0.15498996712083024], [-0.6946765819709995, -0.374852599009, 0.613929943460398], [0.6230141101357053, 0.11307202995090654, 0.773994918985]], "trans": [652.313226195, 437.84276083699996, 320.084497738]}], "rb_4XMM.renamed.noAb_Nup120_2-711_3F7F_updated.pdb_0": [{"rot": [[0.4731553116059999, -0.25029113285324983, -0.8446765060744059], [-0.8261091176133051, -0.459138125462, -0.326704618185001], [-0.30605191862688214, 0.8523769885222603, -0.42401142973100003]], "trans": [468.398892138, 462.080438794, 493.25993806]}]}
