{"rb_ScNup133N_56-480_renamed.pdb_0": [{"rot": [[-0.45821140804400007, 0.1003215080978789, 0.8831635751950496], [0.41027662339598503, 0.905299400581, 0.11002766744083584], [-0.7884893137088947, 0.41275730195921345, -0.455978082638]], "trans": [212.27899096599998, 621.156061668, 173.70527186799998]}], "rb_ScNup133C_490_881_renamed_relative_3CQC.pdb_0": [{"rot": [[0.91454776219, 0.021939977321523377, -0.4038824433772707], [0.2684568520743809, -0.779812142398, 0.5655297880244288], [-0.3025447227230665, -0.6256290114466978, -0.7190653870050001]], "trans": [481.546260663, 512.918268374, 338.789745862]}], "rb_ScNup84_506-726_ScNup133C_882_1155_renamed_relative_3CQC_new.pdb_0": [{"rot": [[0.7106325419199999, 0.33854855332525624, -0.6167546249568748], [0.48355533666623995, 0.401734396422, 0.7776784111141639], [0.5110534480325112, -0.8508785763978473, 0.12177857562500002]], "trans": [521.905727103, 518.399428919, 262.142687384]}], "rb_4XMM.renamed.noAb_Nup145c_149-550_Sec13_Nup84_7-436_3IKO_updated.pdb_0": [{"rot": [[-0.28433883623100015, 0.3425031810936246, 0.895456865042392], [-0.5279064355869796, -0.8355941678000001, 0.15197757072830095], [0.8002913353752188, -0.42950431625232055, 0.4184015067420002]], "trans": [455.991069436, 453.21674409, 313.623883193]}], "rb_4XMM.renamed.noAb_Seh1_Nup85_47_544_3F3F.pdb_0": [{"rot": [[-0.854897909549, 0.20808526724526888, 0.4752368733633942], [0.22795171362763061, -0.672212780337, 0.7043919322407283], [0.4660338834279933, 0.7105142500380025, 0.527239907433]], "trans": [491.075092084, 504.705477267, 357.361136901]}], "rb_4XMM.renamed.noAb_Nup120_715-1036_Nup85_553-744_Nup145c_92-99_554-712_remaining_updated.pdb_0": [{"rot": [[0.44814685461500003, -0.7887091613929544, 0.4208351879697142], [0.8164167897593233, 0.5528636800690001, 0.16674944275661965], [-0.36418130388278147, 0.26884867489981235, 0.8916795208520001]], "trans": [413.765114809, 633.479495038, 309.123376043]}], "rb_4XMM.renamed.noAb_Nup120_2-711_3F7F_updated.pdb_0": [{"rot": [[-0.40573162606500013, 0.25815567555016533, -0.8767767645141429], [-0.9121184955385377, -0.175757166051, 0.3703366963699872], [-0.05849527935796023, 0.9499816133815218, 0.30677880717200007]], "trans": [627.7731221420001, 432.958385276, 476.255684456]}]}
