{"rb_ScNup133N_56-480_renamed.pdb_0": [{"rot": [[-0.929276950168, 0.3661761547643823, -0.04857338333317385], [0.36720386746289707, 0.9015060893390001, -0.2290154811470045], [-0.04007080741327128, -0.23065514207724472, -0.9722101294610002]], "trans": [197.504936612, 610.800191671, 466.438816289]}], "rb_ScNup133C_490_881_renamed_relative_3CQC.pdb_0": [{"rot": [[-0.858067863451, -0.4920847740447979, 0.14687449358522486], [0.28654079482531547, -0.22143710245200005, 0.9321265914877329], [-0.4261618408697716, 0.841913406955218, 0.33101042366600003]], "trans": [361.15736291, 449.745480628, 378.394777613]}], "rb_ScNup84_506-726_ScNup133C_882_1155_renamed_relative_3CQC_new.pdb_0": [{"rot": [[0.07269722632580017, 0.8521733388725892, -0.5181850188873458], [-0.26742150331624975, -0.483879798848, -0.8332743124751275], [-0.9608334157639464, 0.19915054803229315, 0.19271275611600003]], "trans": [395.678336095, 569.205912867, 395.673047121]}], "rb_4XMM.renamed.noAb_Nup145c_149-550_Sec13_Nup84_7-436_3IKO_updated.pdb_0": [{"rot": [[0.487933521366, 0.31111861419629944, -0.8155526265226232], [-0.04269990142341451, -0.9246969058469999, -0.3783019306525082], [-0.8718357627132565, 0.21941020992095744, -0.4379058833089998]], "trans": [651.9464123119999, 490.040105507, 277.958091079]}], "rb_4XMM.renamed.noAb_Seh1_Nup85_47_544_3F3F.pdb_0": [{"rot": [[0.19422011373600007, -0.2382956719556682, -0.9515743376886387], [0.15121168070711838, -0.9511792364139999, 0.26905963620098855], [-0.9692334987184994, -0.1961459480643849, -0.14870505041800014]], "trans": [485.972731319, 425.311537428, 176.884205858]}], "rb_4XMM.renamed.noAb_Nup120_715-1036_Nup85_553-744_Nup145c_92-99_554-712_remaining_updated.pdb_0": [{"rot": [[0.2301175552539999, 0.398583275057131, 0.8877934915331682], [-0.963415355184764, -0.035490306169200014, 0.2656525768032967], [0.1373927369191592, -0.9164452034970492, 0.375834305019]], "trans": [566.607468475, 494.367349089, 150.64624759600002]}], "rb_4XMM.renamed.noAb_Nup120_2-711_3F7F_updated.pdb_0": [{"rot": [[-0.5668486595070001, 0.8191400568681887, 0.08770498531496312], [0.13772098091827978, 0.19918630456999992, -0.9702359236220097], [-0.8122287415685461, -0.5378981161016723, -0.22572126187899993]], "trans": [649.267941619, 620.969204519, 202.07421522599998]}]}
