{"rb_ScNup133N_56-480_renamed.pdb_0": [{"rot": [[-0.7314821416699999, 0.3241702889160218, 0.5998729033736838], [0.6630466185960762, 0.543402378518, 0.5148621529975665], [-0.15906934961261204, 0.7743561705088189, -0.612429149542]], "trans": [262.9324312510001, 551.544615322, 308.034081537]}], "rb_ScNup133C_490_881_renamed_relative_3CQC.pdb_0": [{"rot": [[-0.766391868652, 0.10342043573462277, 0.6339934677396576], [-0.11961944467033854, -0.9926685619289999, 0.01732958783615556], [0.6311376174186224, -0.06255669133091982, 0.7731442092189998]], "trans": [462.5267852360001, 394.235058922, 278.498820956]}], "rb_ScNup84_506-726_ScNup133C_882_1155_renamed_relative_3CQC_new.pdb_0": [{"rot": [[0.7645010106320002, 0.43902650485245853, -0.4720105218951002], [0.15549360928164166, 0.5850116263340001, 0.7959793555907192], [0.6255876774803183, -0.6819216414596935, 0.3789761637540001]], "trans": [521.305916064, 343.479606904, 313.30472833]}], "rb_4XMM.renamed.noAb_Nup145c_149-550_Sec13_Nup84_7-436_3IKO_updated.pdb_0": [{"rot": [[0.4457111590900003, -0.6414536298004989, -0.6244027574237747], [0.3035546834536487, -0.5478886827410001, 0.779533543523104], [-0.8421378253089002, -0.5369871806105772, -0.04948384629250013]], "trans": [538.484427443, 473.95745666700003, 215.18358045800002]}], "rb_4XMM.renamed.noAb_Seh1_Nup85_47_544_3F3F.pdb_0": [{"rot": [[-0.33516927387299994, -0.8773548486875332, -0.3433802954974574], [0.8479572624307788, -0.43976224652799994, 0.2959352084824406], [-0.4106458802208357, -0.1919834264021815, 0.891354208519]], "trans": [495.222808826, 442.722825169, 252.292444929]}], "rb_4XMM.renamed.noAb_Nup120_715-1036_Nup85_553-744_Nup145c_92-99_554-712_remaining_updated.pdb_0": [{"rot": [[0.26913070398399985, 0.8883206569174955, -0.3720955182029819], [-0.823465388349228, 0.4126068459709997, 0.3894359316353828], [0.4994731407832973, 0.20159861396233036, 0.842546485652]], "trans": [666.7161274720002, 524.066329201, 327.129854366]}], "rb_4XMM.renamed.noAb_Nup120_2-711_3F7F_updated.pdb_0": [{"rot": [[0.31082112250000005, 0.9143631315049157, 0.2594808153840368], [0.6456286083953351, -0.40346525205499995, 0.6483667869390739], [0.6975341782517492, -0.03399785476643874, -0.7157445186949999]], "trans": [641.90648174, 411.173498689, 364.717488015]}]}
