{"rb_ScNup133N_56-480_renamed.pdb_0": [{"rot": [[-0.45821140804400007, 0.1003215080978789, 0.8831635751950496], [0.41027662339598503, 0.905299400581, 0.11002766744083584], [-0.7884893137088947, 0.41275730195921345, -0.455978082638]], "trans": [212.27899096599998, 621.156061668, 173.70527186799998]}], "rb_ScNup133C_490_881_renamed_relative_3CQC.pdb_0": [{"rot": [[0.44083219343299995, -0.8934480444326302, 0.08612531063838935], [-0.624687532487277, -0.3742875212490001, -0.6853279055986533], [0.6445405060878698, 0.24831319605850258, -0.7231238432490001]], "trans": [393.27734169, 578.586801415, 395.756788335]}], "rb_ScNup84_506-726_ScNup133C_882_1155_renamed_relative_3CQC_new.pdb_0": [{"rot": [[-0.03784085490289993, 0.9489548761722828, 0.31313369778588945], [0.5480730011274488, -0.24231248030200006, 0.8005627066788985], [0.8355740871612576, 0.20191410272375715, -0.5109272355099999]], "trans": [357.785107109, 490.97099039, 398.480786793]}], "rb_4XMM.renamed.noAb_Nup145c_149-550_Sec13_Nup84_7-436_3IKO_updated.pdb_0": [{"rot": [[0.5707727703030001, 0.7273199626397118, -0.3810828212166055], [-0.1315195644045674, 0.5390959971050002, 0.831912321151814], [0.8105066618230055, -0.4247130535445483, 0.4033581203960001]], "trans": [625.8807415049998, 393.749243809, 319.270561705]}], "rb_4XMM.renamed.noAb_Seh1_Nup85_47_544_3F3F.pdb_0": [{"rot": [[0.812018590705, 0.028547468762020023, 0.5829329724563084], [0.5832793825333304, -0.005001359361580082, -0.8122562085426452], [-0.020272401461159884, 0.9995799259848199, -0.02071234673280009]], "trans": [494.333837244, 387.067473275, 450.194943578]}], "rb_4XMM.renamed.noAb_Nup120_715-1036_Nup85_553-744_Nup145c_92-99_554-712_remaining_updated.pdb_0": [{"rot": [[-0.42455189316400005, -0.03581088686270173, 0.9046951256600041], [0.4419170170398049, -0.8803072270360002, 0.17253560814750465], [0.790231004239586, 0.47305049033934554, 0.38956154010400007]], "trans": [488.319957476, 308.79343964, 395.908171993]}], "rb_4XMM.renamed.noAb_Nup120_2-711_3F7F_updated.pdb_0": [{"rot": [[-0.347625965687, -0.7304642104689659, -0.587859018136263], [0.746898291493964, -0.594747852243, 0.297351533400681], [-0.5668325415354859, -0.33570378233837206, 0.752332267273]], "trans": [424.3147876610001, 372.47953521100004, 197.69579792000002]}]}
