{"rb_ScNup133N_56-480_renamed.pdb_0": [{"rot": [[0.28977869497, 0.8949427608595089, -0.33927240195253694], [-0.6419874516444672, -0.08115567887519992, -0.7624079404868159], [-0.709845349264561, 0.4387382027718415, 0.5510248356980001]], "trans": [609.901601393, 445.89125141, 34.80699725490001]}], "rb_ScNup133C_490_881_renamed_relative_3CQC.pdb_0": [{"rot": [[-0.949168732548, -0.3110259109568241, -0.048390080251027964], [-0.20857632574191678, 0.5063395556919998, 0.8367294489150182], [-0.23574272733898916, 0.8042904556533702, -0.545474316033]], "trans": [456.833660819, 490.977892464, 354.2898159]}], "rb_ScNup84_506-726_ScNup133C_882_1155_renamed_relative_3CQC_new.pdb_0": [{"rot": [[-0.43498849223299996, 0.8906811344788879, 0.13218217848205632], [-0.8453521121973182, -0.35339773404999997, -0.40061184202649075], [-0.3101045275844805, -0.28600202490843724, 0.9066631258189998]], "trans": [428.082195972, 579.0856314549999, 304.743161456]}], "rb_4XMM.renamed.noAb_Nup145c_149-550_Sec13_Nup84_7-436_3IKO_updated.pdb_0": [{"rot": [[0.4747700523489998, 0.39274261872108507, -0.7876208687132613], [0.0669502863914801, 0.8762024507850003, 0.47727028442011604], [0.8775597167968838, -0.2793250806470197, 0.38970045262599995]], "trans": [693.482017207, 649.23017312, 335.240682569]}], "rb_4XMM.renamed.noAb_Seh1_Nup85_47_544_3F3F.pdb_0": [{"rot": [[0.229328449211, -0.7134985191657905, -0.6620636869144098], [0.689664379685774, 0.5990966808370001, -0.40675079643772827], [0.6868562482609547, -0.3633222125858995, 0.629464426371]], "trans": [446.10091789100005, 619.265924491, 258.932126731]}], "rb_4XMM.renamed.noAb_Nup120_715-1036_Nup85_553-744_Nup145c_92-99_554-712_remaining_updated.pdb_0": [{"rot": [[-0.03239398069850011, 0.3904181146135117, 0.9200675658864059], [-0.3595593594453005, 0.854367113226, -0.37519848463600775], [-0.932559755216678, -0.34297307710591823, 0.11270213543099986]], "trans": [600.311540533, 646.733004254, 211.93215662]}], "rb_4XMM.renamed.noAb_Nup120_2-711_3F7F_updated.pdb_0": [{"rot": [[0.2634665714280001, -0.8967512228285041, -0.3555595732019563], [-0.42159880921839876, 0.22447959575699997, -0.8785575423126264], [0.8676634196539594, 0.38137403614346455, -0.3189263782600001]], "trans": [364.30000501199993, 551.741212766, 390.415816574]}]}
