{"rb_ScNup133N_56-480_renamed.pdb_0": [{"rot": [[-0.059962044532800074, -0.0006399886092181006, -0.9982004526296442], [0.9573702591655491, -0.28311782788600004, -0.05732785011146557], [-0.2825716547722647, -0.9590849211345642, 0.01758902986440003]], "trans": [666.136701076, 976.379612443, 287.438490019]}], "rb_ScNup133C_490_881_renamed_relative_3CQC.pdb_0": [{"rot": [[-0.8426532107359999, 0.39209726637673703, -0.36904647422269266], [0.5188712780193655, 0.7744587233129999, -0.3619202712351831], [0.14390331227202802, -0.49646089431524043, -0.856048139495]], "trans": [540.174889939, 777.480969237, 346.61012667700004]}], "rb_ScNup84_506-726_ScNup133C_882_1155_renamed_relative_3CQC_new.pdb_0": [{"rot": [[-0.44828269859500003, -0.15084069264989952, -0.881073043272397], [-0.059119425956652746, -0.9784985049750001, 0.19759951729760303], [-0.8919347036722702, 0.14066897739938403, 0.4297263352210001]], "trans": [566.611468034, 749.508301802, 286.652262468]}], "rb_4XMM.renamed.noAb_Nup145c_149-550_Sec13_Nup84_7-436_3IKO_updated.pdb_0": [{"rot": [[0.46234824842400013, 0.2269115728408988, -0.857172815300467], [-0.040605628011056175, -0.960269197592, -0.2761055072428729], [-0.8857681864647695, 0.16246293813324292, -0.43476489460400003]], "trans": [671.224662329, 523.465654376, 274.343289456]}], "rb_4XMM.renamed.noAb_Seh1_Nup85_47_544_3F3F.pdb_0": [{"rot": [[0.584864844594, -0.425771663143808, -0.6903995976402303], [0.2535792648362426, 0.904470634909, -0.3429729246346148], [0.770474314953553, 0.02552178385352641, 0.6369599426539999]], "trans": [553.7281236810002, 703.027504764, 359.871574676]}], "rb_4XMM.renamed.noAb_Nup120_715-1036_Nup85_553-744_Nup145c_92-99_554-712_remaining_updated.pdb_0": [{"rot": [[-0.7493419686179998, -0.39241498655716167, 0.5333826885014576], [-0.6584023288585749, 0.35557709957599987, -0.6633786999977648], [0.07066107430053287, -0.8482779052777821, -0.5248157848199999]], "trans": [531.461553076, 632.189396526, 228.91134738600002]}], "rb_4XMM.renamed.noAb_Nup120_2-711_3F7F_updated.pdb_0": [{"rot": [[0.04858457828859997, -0.9821587413875403, -0.18166933001627367], [0.5675589309886875, -0.12252022612500002, 0.8141656183143926], [-0.8218980463582435, -0.14266394396034937, 0.5514803718050001]], "trans": [484.371111651, 541.228891655, 289.701682046]}]}
