{"rb_ScNup133N_56-480_renamed.pdb_0": [{"rot": [[-0.2866574596069999, 0.9572159905043796, 0.03956069228894432], [0.40050864886632137, 0.08222370868760004, 0.9125963422636156], [0.8702989848522947, 0.27744694853678964, -0.406943322482]], "trans": [398.169538965, 367.69330916, 623.693920453]}], "rb_ScNup133C_490_881_renamed_relative_3CQC.pdb_0": [{"rot": [[0.06132717546549998, -0.9917881461965559, -0.1122285641600349], [0.419310673921911, -0.07643666744570005, 0.9046192539433087], [-0.9057690303187544, -0.10253637858728365, 0.41117971105300005]], "trans": [451.438194088, 348.956749825, 324.14080812300006]}], "rb_ScNup84_506-726_ScNup133C_882_1155_renamed_relative_3CQC_new.pdb_0": [{"rot": [[0.9386851050920002, 0.31690871793336517, 0.135790787523498], [-0.024069373152155765, 0.4531261813430001, -0.8911213885086436], [-0.34393449776735574, 0.833213975086437, 0.43297059134100013]], "trans": [429.426932469, 463.62167682000006, 333.41738589]}], "rb_4XMM.renamed.noAb_Nup145c_149-550_Sec13_Nup84_7-436_3IKO_updated.pdb_0": [{"rot": [[0.014452862686999912, -0.8310274024706412, 0.556043677333939], [0.4971581624201607, -0.47651819105000015, -0.7250959765006594], [0.8675395531612147, 0.2869213654319501, 0.40626500435]], "trans": [454.31476609999993, 484.008342914, 357.500815518]}], "rb_4XMM.renamed.noAb_Seh1_Nup85_47_544_3F3F.pdb_0": [{"rot": [[-0.26486466235700007, 0.9640705078812288, 0.0203658161668529], [-0.5315880426794433, -0.16360209305699996, 0.8310526505749243], [0.8045252410675199, 0.20929025534171058, 0.555820767428]], "trans": [668.000728823, 404.716142331, 305.9857065]}], "rb_4XMM.renamed.noAb_Nup120_715-1036_Nup85_553-744_Nup145c_92-99_554-712_remaining_updated.pdb_0": [{"rot": [[-0.4919431887710001, 0.21032613374177284, -0.8448401129723058], [-0.8456649062167232, 0.11526441559100004, 0.5211189699981439], [0.20698494006879176, 0.9708125627347967, 0.12116188600799987]], "trans": [585.644403541, 435.548582735, 367.513570194]}], "rb_4XMM.renamed.noAb_Nup120_2-711_3F7F_updated.pdb_0": [{"rot": [[0.527133220591, -0.7960698778443118, -0.2973269536020956], [0.7958754902897063, 0.33985433700599993, 0.5010800670295434], [-0.29784689305997425, -0.50077118448165, 0.8127210155320002]], "trans": [379.52327132900007, 515.520334959, 37.621158167999994]}]}
