{"rb_ScNup133N_56-480_renamed.pdb_0": [{"rot": [[-0.8292130216410001, -0.5493182610111527, -0.10322409050549117], [0.39927221473920077, -0.4529191850740001, -0.7971486124488691], [0.3911361186061142, -0.7022205208562244, 0.5948940046850002]], "trans": [313.038949707, 628.425673918, 410.9571082]}], "rb_ScNup133C_490_881_renamed_relative_3CQC.pdb_0": [{"rot": [[-0.724792336037, -0.656111564546756, -0.21022293997096667], [0.6864042679496235, -0.661364975121, -0.3023996538088967], [0.05937382051519077, -0.36347487471791934, 0.9297100434470003]], "trans": [444.830277947, 419.833698065, 313.606913256]}], "rb_ScNup84_506-726_ScNup133C_882_1155_renamed_relative_3CQC_new.pdb_0": [{"rot": [[0.8937670082250001, 0.4485008312171901, 0.005247800112651996], [-0.157663890382125, 0.32510098568499995, -0.9324438035486186], [-0.4199078859441747, 0.83256012005388, 0.361276921236]], "trans": [430.980847267, 470.258416069, 336.375999801]}], "rb_4XMM.renamed.noAb_Nup145c_149-550_Sec13_Nup84_7-436_3IKO_updated.pdb_0": [{"rot": [[0.12511205650200008, 0.9786659912967233, 0.16297193254374298], [-0.6341136288218179, 0.20521079252600005, -0.7455121973336698], [-0.7630510330641497, -0.010070159385677069, 0.646259787415]], "trans": [597.605846853, 472.136597172, 106.198988967]}], "rb_4XMM.renamed.noAb_Seh1_Nup85_47_544_3F3F.pdb_0": [{"rot": [[-0.49225459993700005, -0.11108276183077725, -0.8633342509508763], [-0.8455770362007109, 0.2964351955589999, 0.44398834521180736], [0.20660320590660164, 0.9485709224185317, -0.23985062111899993]], "trans": [554.886631739, 408.873147943, 319.040432842]}], "rb_4XMM.renamed.noAb_Nup120_715-1036_Nup85_553-744_Nup145c_92-99_554-712_remaining_updated.pdb_0": [{"rot": [[0.9527622890830001, 0.07459928300959279, -0.2944129200218235], [0.30353224645148863, -0.267683124036, 0.9144473306158428], [-0.0105922549740248, -0.9606147469619558, -0.277681673961]], "trans": [602.681956247, 413.523255278, 87.7615378855]}], "rb_4XMM.renamed.noAb_Nup120_2-711_3F7F_updated.pdb_0": [{"rot": [[-0.2017668165060002, -0.5444700576661827, -0.8141514036480056], [-0.5076064998837828, 0.7690291792800003, -0.3884967988177828], [0.8376310602125315, 0.3348827820609969, -0.43154110956700015]], "trans": [465.07069267400004, 659.185886297, 382.873592776]}]}
