{"rb_ScNup133N_56-480_renamed.pdb_0": [{"rot": [[-0.16905669212000005, 0.6690338664234042, -0.7237496255114707], [0.560456239296575, -0.5387852827029999, -0.6289667900423589], [-0.8107457299813449, -0.511961038284359, -0.28387894708100003]], "trans": [580.014822757, 914.970553417, 128.38099500799999]}], "rb_ScNup133C_490_881_renamed_relative_3CQC.pdb_0": [{"rot": [[-0.9851614346590001, -0.09226888414118599, -0.1447183494929421], [-0.11178102239868494, -0.2949039300330001, 0.948966108500507], [-0.13023805393250326, 0.951061577959299, 0.28021406859300013]], "trans": [522.298538344, 601.89889281, 300.719551568]}], "rb_ScNup84_506-726_ScNup133C_882_1155_renamed_relative_3CQC_new.pdb_0": [{"rot": [[0.45087543899899984, 0.8510369896595774, 0.2691605111055916], [0.2842486438065347, 0.14895203050100003, -0.9471092867793953], [-0.8461170409592308, 0.5035368257047277, -0.17474729799800004]], "trans": [500.42697352400006, 718.096252005, 307.706974636]}], "rb_4XMM.renamed.noAb_Nup145c_149-550_Sec13_Nup84_7-436_3IKO_updated.pdb_0": [{"rot": [[-0.28433883623100015, 0.3425031810936246, 0.895456865042392], [-0.5279064355869796, -0.8355941678000001, 0.15197757072830095], [0.8002913353752188, -0.42950431625232055, 0.4184015067420002]], "trans": [455.991069436, 453.21674409, 313.623883193]}], "rb_4XMM.renamed.noAb_Seh1_Nup85_47_544_3F3F.pdb_0": [{"rot": [[0.0788045516261, 0.9953456813395094, 0.05546906598994872], [-0.657218534680444, 0.010035185788400014, 0.7536332614200905], [0.7495689696855783, -0.09584502952673263, 0.6549504485069999]], "trans": [601.263278537, 485.952252897, 330.458748115]}], "rb_4XMM.renamed.noAb_Nup120_715-1036_Nup85_553-744_Nup145c_92-99_554-712_remaining_updated.pdb_0": [{"rot": [[-0.39749185503600004, 0.13859085972958668, -0.9070792681896405], [-0.7623249835707318, -0.600097307458, 0.2423712875023406], [-0.5107453813828602, 0.787829800896788, 0.34418506681000005]], "trans": [500.548597936, 403.77750848000005, 389.322768728]}], "rb_4XMM.renamed.noAb_Nup120_2-711_3F7F_updated.pdb_0": [{"rot": [[-0.3502717955799998, -0.24478067151413935, -0.9040973908126545], [0.3700922879616652, 0.8505340243600001, -0.37366237674842595], [0.8604309197213119, -0.4654828635503887, -0.20732664114499982]], "trans": [414.443516711, 741.741084693, 228.805971405]}]}
