{"rb_ScNup133N_56-480_renamed.pdb_0": [{"rot": [[0.1477050753889998, -0.08118896863488467, -0.9856934422407068], [-0.014551421338409316, -0.996695491422, 0.07991466396156552], [-0.9889243989513868, 0.002539439123421923, -0.14839839759099982]], "trans": [776.188164115, 390.665041509, 24.814233995300015]}], "rb_ScNup133C_490_881_renamed_relative_3CQC.pdb_0": [{"rot": [[0.028582096035800142, -0.3587814078186041, -0.9329839040358097], [0.9503563523939361, 0.299073289903, -0.08589511471026173], [0.3098481357870226, -0.8842121174640714, 0.34951833153500006]], "trans": [657.971639623, 448.912126913, 220.838330264]}], "rb_ScNup84_506-726_ScNup133C_882_1155_renamed_relative_3CQC_new.pdb_0": [{"rot": [[-0.620902559373, 0.754892580177947, 0.21122784891282714], [0.6754300943613626, 0.6519630627300002, -0.34458431837029224], [-0.39783690049448556, -0.07128363927297668, -0.9146827009280001]], "trans": [559.211664265, 430.724898152, 280.802058566]}], "rb_4XMM.renamed.noAb_Nup145c_149-550_Sec13_Nup84_7-436_3IKO_updated.pdb_0": [{"rot": [[-0.31681906401899995, -0.8986804241828401, 0.3033136592121679], [0.4750235743808404, -0.4271301025289999, -0.7693584855553464], [0.8209618045052856, -0.09966629673122401, 0.5622173466189999]], "trans": [454.648593904, 533.278926448, 318.987180051]}], "rb_4XMM.renamed.noAb_Seh1_Nup85_47_544_3F3F.pdb_0": [{"rot": [[0.9666129735290001, 0.11914670777437297, 0.22685550782811714], [-0.22177260629696993, 0.8324849835300001, 0.5077259726400698], [-0.12835992560637421, -0.5410848493753857, 0.831114261263]], "trans": [562.432212568, 553.858059876, 213.122733702]}], "rb_4XMM.renamed.noAb_Nup120_715-1036_Nup85_553-744_Nup145c_92-99_554-712_remaining_updated.pdb_0": [{"rot": [[-0.35955231195600007, 0.920163162194064, 0.15498996712083024], [-0.6946765819709995, -0.374852599009, 0.613929943460398], [0.6230141101357053, 0.11307202995090654, 0.773994918985]], "trans": [652.313226195, 437.84276083699996, 320.084497738]}], "rb_4XMM.renamed.noAb_Nup120_2-711_3F7F_updated.pdb_0": [{"rot": [[0.26627904439899996, -0.2911702590209479, -0.9188663399949034], [-0.41501668155579613, 0.825763914643, -0.38193600419950335], [0.8699750712200726, 0.48304641343782095, 0.09904311142369997]], "trans": [459.791709971, 728.720029908, 417.323487635]}]}
