{"rb_ScNup133N_56-480_renamed.pdb_0": [{"rot": [[-0.12147660808999991, -0.43132989019867607, -0.8939787243039661], [0.9849043959524076, 0.059514313372900085, -0.16254653898922394], [0.12331571076132847, -0.9002291776680815, 0.417589108041]], "trans": [618.224796461, 744.764980077, 227.292828819]}], "rb_ScNup133C_490_881_renamed_relative_3CQC.pdb_0": [{"rot": [[0.32981918848599995, 0.18057318777083933, 0.9266135261071434], [-0.6174368309584913, -0.7012373267910001, 0.3564238646484654], [0.7141365854529315, -0.6896807488782686, -0.11978898924499992]], "trans": [511.78359601899996, 402.58989472, 215.83044159]}], "rb_ScNup84_506-726_ScNup133C_882_1155_renamed_relative_3CQC_new.pdb_0": [{"rot": [[-0.611607527505, 0.7718124630397939, 0.17390156467285572], [0.713351167942052, 0.633027962188, -0.30067542347823917], [-0.34214959227643543, -0.05984246806871277, -0.9377379887370001]], "trans": [560.103015709, 428.864760977, 280.236691416]}], "rb_4XMM.renamed.noAb_Nup145c_149-550_Sec13_Nup84_7-436_3IKO_updated.pdb_0": [{"rot": [[-0.9216550231370001, 0.23048323425413952, -0.31213698443806287], [-0.02033203647866899, 0.7746620125570001, 0.6320485539843981], [0.38747725948623896, 0.5888771052001343, -0.70928494158]], "trans": [497.574020155, 438.22836961, 405.566367927]}], "rb_4XMM.renamed.noAb_Seh1_Nup85_47_544_3F3F.pdb_0": [{"rot": [[0.339203612087, 0.9358434177633187, -0.09559292325377888], [-0.05280790477600916, 0.12040026669799991, 0.9913198782291308], [0.939229596392863, -0.3312112214405203, 0.09026013545069994]], "trans": [659.950387097, 407.641383847, 259.873037479]}], "rb_4XMM.renamed.noAb_Nup120_715-1036_Nup85_553-744_Nup145c_92-99_554-712_remaining_updated.pdb_0": [{"rot": [[0.19860106887700005, -0.5679386507942286, -0.798751090374808], [0.6825705167448564, 0.664993656584, -0.3031186671481995], [0.7033172151394939, -0.485004253215446, 0.5197266293460001]], "trans": [487.44940717500003, 478.469059703, 270.308781741]}], "rb_4XMM.renamed.noAb_Nup120_2-711_3F7F_updated.pdb_0": [{"rot": [[0.040193712816900186, -0.3290029393044221, 0.9434731217046108], [-0.1979510656773798, 0.9228990657490002, 0.3302615479234794], [-0.979387482586531, -0.2000359476910932, -0.028031742438599887]], "trans": [462.803214861, 466.634744113, 256.14139702399996]}]}
