{"rb_ScNup133N_56-480_renamed.pdb_0": [{"rot": [[-0.633780713323, -0.3034551303206521, 0.7115033318979366], [0.5508664584334779, 0.468667386003, 0.6905773137528283], [-0.5430176354343813, 0.8296179031211844, -0.12986909727900003]], "trans": [340.0289075339999, 402.745838276, 107.61557118799999]}], "rb_ScNup133C_490_881_renamed_relative_3CQC.pdb_0": [{"rot": [[-0.9700909672189999, 0.18623430297139698, -0.1556929661765841], [-0.24009486569637406, -0.8306085273929998, 0.5024379859129602], [-0.03574871726852794, 0.5247916335259069, 0.8504797296789999]], "trans": [541.818937347, 268.019550123, 247.57323872799998]}], "rb_ScNup84_506-726_ScNup133C_882_1155_renamed_relative_3CQC_new.pdb_0": [{"rot": [[0.12174514126799996, 0.7140881727872954, -0.6893882810600545], [-0.0706078798411468, -0.6865644094490001, -0.7236323921593644], [-0.9900467907538375, 0.13677497272252565, -0.03316562911780008]], "trans": [566.31064531, 312.035701434, 312.705666324]}], "rb_4XMM.renamed.noAb_Nup145c_149-550_Sec13_Nup84_7-436_3IKO_updated.pdb_0": [{"rot": [[0.014452862686999912, -0.8310274024706412, 0.556043677333939], [0.4971581624201607, -0.47651819105000015, -0.7250959765006594], [0.8675395531612147, 0.2869213654319501, 0.40626500435]], "trans": [454.31476609999993, 484.008342914, 357.500815518]}], "rb_4XMM.renamed.noAb_Seh1_Nup85_47_544_3F3F.pdb_0": [{"rot": [[0.6157256048380001, -0.7855174418260988, -0.062002646184340704], [0.42213979461002316, 0.39528679729500016, -0.815810236323907], [0.6653419972867236, 0.47614146686803394, 0.5749863739040001]], "trans": [470.954466238, 506.755997644, 304.120260358]}], "rb_4XMM.renamed.noAb_Nup120_715-1036_Nup85_553-744_Nup145c_92-99_554-712_remaining_updated.pdb_0": [{"rot": [[-0.608608112262, 0.7544048533953414, -0.2459054347964647], [-0.4459846473818341, -0.5815617355309999, -0.680355526225717], [-0.6562727024557595, -0.3043998438562754, 0.6903961725499999]], "trans": [609.3118533680001, 398.096571826, 219.23065511799996]}], "rb_4XMM.renamed.noAb_Nup120_2-711_3F7F_updated.pdb_0": [{"rot": [[0.31082112250000005, 0.9143631315049157, 0.2594808153840368], [0.6456286083953351, -0.40346525205499995, 0.6483667869390739], [0.6975341782517492, -0.03399785476643874, -0.7157445186949999]], "trans": [641.90648174, 411.173498689, 364.717488015]}]}
