{"rb_ScNup133N_56-480_renamed.pdb_0": [{"rot": [[0.07944397345069999, -0.752158679500232, 0.6541757989522631], [-0.2251164028838984, 0.62575972468, 0.7468248604063907], [-0.971087668665903, -0.20659643709628178, -0.11961041737299995]], "trans": [495.98632992, 294.99141318400007, -3.9086786186799998]}], "rb_ScNup133C_490_881_renamed_relative_3CQC.pdb_0": [{"rot": [[0.32981918848599995, 0.18057318777083933, 0.9266135261071434], [-0.6174368309584913, -0.7012373267910001, 0.3564238646484654], [0.7141365854529315, -0.6896807488782686, -0.11978898924499992]], "trans": [511.78359601899996, 402.58989472, 215.83044159]}], "rb_ScNup84_506-726_ScNup133C_882_1155_renamed_relative_3CQC_new.pdb_0": [{"rot": [[-0.611607527505, 0.7718124630397939, 0.17390156467285572], [0.713351167942052, 0.633027962188, -0.30067542347823917], [-0.34214959227643543, -0.05984246806871277, -0.9377379887370001]], "trans": [560.103015709, 428.864760977, 280.236691416]}], "rb_4XMM.renamed.noAb_Nup145c_149-550_Sec13_Nup84_7-436_3IKO_updated.pdb_0": [{"rot": [[0.487933521366, 0.31111861419629944, -0.8155526265226232], [-0.04269990142341451, -0.9246969058469999, -0.3783019306525082], [-0.8718357627132565, 0.21941020992095744, -0.4379058833089998]], "trans": [651.9464123119999, 490.040105507, 277.958091079]}], "rb_4XMM.renamed.noAb_Seh1_Nup85_47_544_3F3F.pdb_0": [{"rot": [[0.6248383270489999, -0.775767286202059, 0.088103250276591], [-0.39999900427726764, -0.414984280993, -0.8171834819096121], [0.6705056760593466, 0.4753663473442514, -0.569604225919]], "trans": [451.374562804, 588.391365213, 303.165070031]}], "rb_4XMM.renamed.noAb_Nup120_715-1036_Nup85_553-744_Nup145c_92-99_554-712_remaining_updated.pdb_0": [{"rot": [[-0.03199760777439992, -0.9459829063335186, -0.3226336839536524], [0.8456272322588834, 0.14645723561800011, -0.51328828371327], [0.5328139798831262, -0.2892518263726665, 0.795262625666]], "trans": [439.302244953, 659.945061863, 227.71825603000002]}], "rb_4XMM.renamed.noAb_Nup120_2-711_3F7F_updated.pdb_0": [{"rot": [[-0.033605686397699897, 0.09040622221809441, 0.995337818444568], [0.859180280886046, -0.506149139571, 0.07498195414972442], [0.5105682155974014, 0.8576944464643506, -0.06066575414429998]], "trans": [570.024767328, 538.005167295, 489.957635685]}]}
