{"rb_ScNup133N_56-480_renamed.pdb_0": [{"rot": [[-0.9996520079600001, 0.025891985615078085, 0.005046589189614221], [-0.02304221520351854, -0.7639324784240001, -0.6448846600187351], [-0.012842090953379851, -0.6447765298844813, 0.7642632447070001]], "trans": [224.08750784399996, 517.861353291, 268.030787222]}], "rb_ScNup133C_490_881_renamed_relative_3CQC.pdb_0": [{"rot": [[-0.724792336037, -0.656111564546756, -0.21022293997096667], [0.6864042679496235, -0.661364975121, -0.3023996538088967], [0.05937382051519077, -0.36347487471791934, 0.9297100434470003]], "trans": [444.830277947, 419.833698065, 313.606913256]}], "rb_ScNup84_506-726_ScNup133C_882_1155_renamed_relative_3CQC_new.pdb_0": [{"rot": [[0.9386851050920002, 0.31690871793336517, 0.135790787523498], [-0.024069373152155765, 0.4531261813430001, -0.8911213885086436], [-0.34393449776735574, 0.833213975086437, 0.43297059134100013]], "trans": [429.426932469, 463.62167682000006, 333.41738589]}], "rb_4XMM.renamed.noAb_Nup145c_149-550_Sec13_Nup84_7-436_3IKO_updated.pdb_0": [{"rot": [[0.35742898089999997, -0.6508117004163007, -0.6698422606957781], [0.9328815157504905, 0.21464786511800005, 0.2892375694327283], [-0.044458983162628085, -0.7282653531519458, 0.683851573234]], "trans": [484.876036282, 606.275901288, 232.90480540600004]}], "rb_4XMM.renamed.noAb_Seh1_Nup85_47_544_3F3F.pdb_0": [{"rot": [[-0.418043870242, 0.26446579043778584, -0.8690783441331438], [0.8304379248832785, 0.4990731169230001, -0.24758609993357017], [0.36825558443646744, -0.8252174680972759, -0.42825687954600006]], "trans": [496.763230828, 539.82263476, 168.611653586]}], "rb_4XMM.renamed.noAb_Nup120_715-1036_Nup85_553-744_Nup145c_92-99_554-712_remaining_updated.pdb_0": [{"rot": [[0.9229696089399999, -0.06725546452032344, 0.37895092487721804], [-0.15297962710166288, 0.839383178631, 0.5215679372077571], [-0.35316332576441123, -0.5393631262178331, 0.764436448249]], "trans": [492.952297293, 605.634543294, 186.56294810499998]}], "rb_4XMM.renamed.noAb_Nup120_2-711_3F7F_updated.pdb_0": [{"rot": [[0.529742513527, -0.7528214785756167, 0.3906823399608928], [0.2641880912232364, 0.584167723198, 0.7674325531468468], [-0.8059637223956915, -0.30332802799755776, 0.5083449474650001]], "trans": [360.50093122, 566.223157301, 217.25696682200004]}]}
