{"rb_ScNup133N_56-480_renamed.pdb_0": [{"rot": [[-0.6054648612319999, 0.5222011347121451, 0.6005982656640485], [-0.06778981988623423, -0.785737273315, 0.6148345124041923], [0.7929797236582452, 0.3315462444800982, 0.511136230019]], "trans": [234.875829597, 341.389085095, 486.212073725]}], "rb_ScNup133C_490_881_renamed_relative_3CQC.pdb_0": [{"rot": [[-0.724792336037, -0.656111564546756, -0.21022293997096667], [0.6864042679496235, -0.661364975121, -0.3023996538088967], [0.05937382051519077, -0.36347487471791934, 0.9297100434470003]], "trans": [444.830277947, 419.833698065, 313.606913256]}], "rb_ScNup84_506-726_ScNup133C_882_1155_renamed_relative_3CQC_new.pdb_0": [{"rot": [[0.9386851050920002, 0.31690871793336517, 0.135790787523498], [-0.024069373152155765, 0.4531261813430001, -0.8911213885086436], [-0.34393449776735574, 0.833213975086437, 0.43297059134100013]], "trans": [429.426932469, 463.62167682000006, 333.41738589]}], "rb_4XMM.renamed.noAb_Nup145c_149-550_Sec13_Nup84_7-436_3IKO_updated.pdb_0": [{"rot": [[0.35742898089999997, -0.6508117004163007, -0.6698422606957781], [0.9328815157504905, 0.21464786511800005, 0.2892375694327283], [-0.044458983162628085, -0.7282653531519458, 0.683851573234]], "trans": [484.876036282, 606.275901288, 232.90480540600004]}], "rb_4XMM.renamed.noAb_Seh1_Nup85_47_544_3F3F.pdb_0": [{"rot": [[0.0788045516261, 0.9953456813395094, 0.05546906598994872], [-0.657218534680444, 0.010035185788400014, 0.7536332614200905], [0.7495689696855783, -0.09584502952673263, 0.6549504485069999]], "trans": [601.263278537, 485.952252897, 330.458748115]}], "rb_4XMM.renamed.noAb_Nup120_715-1036_Nup85_553-744_Nup145c_92-99_554-712_remaining_updated.pdb_0": [{"rot": [[-0.31197694263999987, -0.9045779788178985, 0.2905323863164375], [-0.6334765241266722, 0.42594961352399996, 0.6459678166279994], [-0.7080804196144586, 0.01748161824547495, -0.7059153719689999]], "trans": [407.35934011200004, 517.923865261, 289.957380563]}], "rb_4XMM.renamed.noAb_Nup120_2-711_3F7F_updated.pdb_0": [{"rot": [[-0.18067955486100007, -0.15932197811713616, 0.9705521138733735], [-0.9603499612129418, 0.24160676351800003, -0.1391190994100316], [-0.21232722494661843, -0.9572056618675007, -0.19665825798900005]], "trans": [508.91898154499995, 495.340227652, 59.980742744400004]}]}
