{"rb_ScNup133N_56-480_renamed.pdb_0": [{"rot": [[-0.1768773896240003, 0.7451258607165613, -0.6430410879027899], [-0.8688952736986221, -0.42510419675800026, -0.25358908738928876], [-0.46231525216457703, 0.5138811862582044, 0.7226276593280003]], "trans": [490.829251664, 383.1666040459999, 69.39056214190003]}], "rb_ScNup133C_490_881_renamed_relative_3CQC.pdb_0": [{"rot": [[0.7351631666349998, -0.2343843891491681, 0.6360810298589091], [-0.051816084859088465, -0.9550087553199997, -0.2920160451276953], [0.6759069549672313, 0.18172021182387993, -0.714232142123]], "trans": [451.189750749, 519.443518193, 357.022258457]}], "rb_ScNup84_506-726_ScNup133C_882_1155_renamed_relative_3CQC_new.pdb_0": [{"rot": [[0.32103197839300013, -0.9237040112781127, -0.20906785596499633], [0.6079586704114202, 0.3702620097620001, -0.7023477053415801], [0.7261712772622273, 0.09837145762734584, 0.680439808068]], "trans": [507.886129921, 546.083984355, 288.177742449]}], "rb_4XMM.renamed.noAb_Nup145c_149-550_Sec13_Nup84_7-436_3IKO_updated.pdb_0": [{"rot": [[0.2460328007110001, 0.7508760436298026, -0.6129053989623163], [0.047608880335955894, -0.6409413623630001, -0.7661119791031976], [-0.9680915532569521, 0.15930893608054858, -0.19344096618200013]], "trans": [620.811907077, 465.280519935, 262.325886438]}], "rb_4XMM.renamed.noAb_Seh1_Nup85_47_544_3F3F.pdb_0": [{"rot": [[0.21722144225800005, -0.19798890957288215, -0.9558322220502382], [0.6958067036685112, 0.7181679886320003, 0.009368630328292493], [0.6845932194765849, -0.6671095350768182, 0.29376349680700004]], "trans": [545.499115725, 628.453189555, 276.492772706]}], "rb_4XMM.renamed.noAb_Nup120_715-1036_Nup85_553-744_Nup145c_92-99_554-712_remaining_updated.pdb_0": [{"rot": [[0.24071612525000008, 0.08913448712142019, -0.9664940715028871], [-0.7149984010210204, -0.657121478546, -0.23868106119024823], [-0.6563787272467096, 0.7484960959411348, -0.09444872036650004]], "trans": [572.755240856, 427.031791777, 368.502484657]}], "rb_4XMM.renamed.noAb_Nup120_2-711_3F7F_updated.pdb_0": [{"rot": [[0.16190237920099992, 0.32724948319252917, 0.9309647659064646], [0.5029209335492423, -0.8390601794780002, 0.20748144450120126], [0.84903365905423, 0.4346099296663261, -0.30042645494100007]], "trans": [541.0684813369999, 397.39672583800007, 346.358064756]}]}
