{"rb_ScNup133N_56-480_renamed.pdb_0": [{"rot": [[0.28977869497, 0.8949427608595089, -0.33927240195253694], [-0.6419874516444672, -0.08115567887519992, -0.7624079404868159], [-0.709845349264561, 0.4387382027718415, 0.5510248356980001]], "trans": [609.901601393, 445.89125141, 34.80699725490001]}], "rb_ScNup133C_490_881_renamed_relative_3CQC.pdb_0": [{"rot": [[-0.547953602784, 0.7487269399209012, 0.37303460782173764], [-0.8348726895337907, -0.5173698444220001, -0.18792561388318074], [0.052291887197243425, -0.41441092350400066, 0.9085863442810002]], "trans": [519.621556086, 495.4349224950001, 229.74179690000003]}], "rb_ScNup84_506-726_ScNup133C_882_1155_renamed_relative_3CQC_new.pdb_0": [{"rot": [[-0.7982474873730001, -0.5771065734510823, -0.1724788444483638], [-0.4669600246538704, 0.412058186573, 0.782404234557449], [-0.38045930699346686, 0.705092939801358, -0.59841011185]], "trans": [564.323591609, 427.737843755, 310.458218936]}], "rb_4XMM.renamed.noAb_Nup145c_149-550_Sec13_Nup84_7-436_3IKO_updated.pdb_0": [{"rot": [[0.2460328007110001, 0.7508760436298026, -0.6129053989623163], [0.047608880335955894, -0.6409413623630001, -0.7661119791031976], [-0.9680915532569521, 0.15930893608054858, -0.19344096618200013]], "trans": [620.811907077, 465.280519935, 262.325886438]}], "rb_4XMM.renamed.noAb_Seh1_Nup85_47_544_3F3F.pdb_0": [{"rot": [[0.7812645761030002, 0.14256192177525034, -0.6077020327317878], [-0.28075286347446965, 0.9497891720439999, -0.13812443056483098], [0.5574975262523462, 0.27852581052340625, 0.7820613026449998]], "trans": [442.576899719, 610.796147373, 369.657297929]}], "rb_4XMM.renamed.noAb_Nup120_715-1036_Nup85_553-744_Nup145c_92-99_554-712_remaining_updated.pdb_0": [{"rot": [[-0.19068888575100007, -0.29124468578016366, 0.937450949039925], [0.46189471566879264, -0.8692749303280001, -0.17610896382778513], [0.8661934082456917, 0.3994216174771524, 0.30028544920400013]], "trans": [411.98508726500006, 436.367892484, 355.395427651]}], "rb_4XMM.renamed.noAb_Nup120_2-711_3F7F_updated.pdb_0": [{"rot": [[0.37783962822500006, 0.854099265268994, 0.35742364276829575], [-0.5031554496205799, 0.513476988426, -0.6951086072507502], [-0.7772205664159344, 0.08279992405751369, 0.623756654246]], "trans": [672.201787153, 713.956359338, 241.269160707]}]}
