{"rb_ScNup133N_56-480_renamed.pdb_0": [{"rot": [[0.28977869497, 0.8949427608595089, -0.33927240195253694], [-0.6419874516444672, -0.08115567887519992, -0.7624079404868159], [-0.709845349264561, 0.4387382027718415, 0.5510248356980001]], "trans": [609.901601393, 445.89125141, 34.80699725490001]}], "rb_ScNup133C_490_881_renamed_relative_3CQC.pdb_0": [{"rot": [[0.5887988008410001, -0.4910477860211137, 0.6420187255617729], [0.2200299559010151, 0.8616812922000001, 0.4572659720323998], [-0.7777549682479681, -0.12797430412508848, 0.615402134258]], "trans": [459.80369172300004, 543.660753141, 246.406388813]}], "rb_ScNup84_506-726_ScNup133C_882_1155_renamed_relative_3CQC_new.pdb_0": [{"rot": [[0.7106325419199999, 0.33854855332525624, -0.6167546249568748], [0.48355533666623995, 0.401734396422, 0.7776784111141639], [0.5110534480325112, -0.8508785763978473, 0.12177857562500002]], "trans": [521.905727103, 518.399428919, 262.142687384]}], "rb_4XMM.renamed.noAb_Nup145c_149-550_Sec13_Nup84_7-436_3IKO_updated.pdb_0": [{"rot": [[0.487933521366, 0.31111861419629944, -0.8155526265226232], [-0.04269990142341451, -0.9246969058469999, -0.3783019306525082], [-0.8718357627132565, 0.21941020992095744, -0.4379058833089998]], "trans": [651.9464123119999, 490.040105507, 277.958091079]}], "rb_4XMM.renamed.noAb_Seh1_Nup85_47_544_3F3F.pdb_0": [{"rot": [[-0.8926251923209999, 0.354178097578969, -0.27888732712197595], [-0.0018614314988127656, -0.6215409046089999, -0.7833794986917906], [-0.4507957421124039, -0.6987451460247636, 0.5554623477789999]], "trans": [589.724227403, 572.8216028670001, 277.094256358]}], "rb_4XMM.renamed.noAb_Nup120_715-1036_Nup85_553-744_Nup145c_92-99_554-712_remaining_updated.pdb_0": [{"rot": [[0.23234451258200015, -0.969658075968255, -0.07602133373320041], [-0.4831250464616864, -0.047220504693500004, -0.8742770804601276], [0.844160065955756, 0.23986129251305427, -0.47943752815099994]], "trans": [487.2485538160001, 590.234837979, 373.578513151]}], "rb_4XMM.renamed.noAb_Nup120_2-711_3F7F_updated.pdb_0": [{"rot": [[-0.0780068483851999, 0.9904938526155299, -0.11329986555973237], [0.6405907366841187, 0.136879254206, 0.7555842625693757], [0.7639099683074613, -0.013638097332628107, -0.6451787059579998]], "trans": [883.076960076, 605.682264818, 363.703128399]}]}
