{"rb_ScNup133N_56-480_renamed.pdb_0": [{"rot": [[-0.633780713323, -0.3034551303206521, 0.7115033318979366], [0.5508664584334779, 0.468667386003, 0.6905773137528283], [-0.5430176354343813, 0.8296179031211844, -0.12986909727900003]], "trans": [340.0289075339999, 402.745838276, 107.61557118799999]}], "rb_ScNup133C_490_881_renamed_relative_3CQC.pdb_0": [{"rot": [[-0.261363958347, -0.9424656829440748, 0.20844020185642265], [-0.9351160743789914, 0.30076130775099996, 0.18735144301000986], [-0.23926305338520698, -0.14594886855562392, -0.959922975583]], "trans": [508.65062575, 325.20576564299995, 305.105150769]}], "rb_ScNup84_506-726_ScNup133C_882_1155_renamed_relative_3CQC_new.pdb_0": [{"rot": [[0.47051157017099987, -0.8315918569424507, 0.29508277788143916], [-0.03861863451546782, -0.35349796419300006, -0.9346377856579333], [0.8815483329933651, 0.4283621981202485, -0.19843982417400016]], "trans": [504.435614795, 392.052826001, 245.49265276099996]}], "rb_4XMM.renamed.noAb_Nup145c_149-550_Sec13_Nup84_7-436_3IKO_updated.pdb_0": [{"rot": [[-0.960939756305, -0.2467373302854934, -0.12536137601380512], [0.25429900944108597, -0.6084424721799999, -0.751751136909531], [0.10920988302241598, -0.7542668280463335, 0.6474216196259999]], "trans": [490.3791509150001, 306.196573327, 230.74346714899997]}], "rb_4XMM.renamed.noAb_Seh1_Nup85_47_544_3F3F.pdb_0": [{"rot": [[-0.08467819310750008, -0.9056632064830576, -0.41545608677076246], [0.9689711087687976, 0.022325602715600024, -0.24616368098229305], [0.23221669617711788, -0.42340964075728316, 0.875670989659]], "trans": [450.516171163, 451.061294243, 314.411874193]}], "rb_4XMM.renamed.noAb_Nup120_715-1036_Nup85_553-744_Nup145c_92-99_554-712_remaining_updated.pdb_0": [{"rot": [[0.21475444724699994, 0.9390083837541909, 0.2685959467806201], [0.31232283181453613, 0.19454476706900015, -0.9298423427298939], [-0.9253836912951214, 0.28357642505224345, -0.2514944035950001]], "trans": [652.808798009, 418.675704793, 321.291246755]}], "rb_4XMM.renamed.noAb_Nup120_2-711_3F7F_updated.pdb_0": [{"rot": [[0.09078552005950001, -0.6222831995510747, 0.7775098770459469], [-0.9927202916897331, 0.005500675566280075, 0.12031693578115144], [-0.07914803734128417, -0.7827728675195582, -0.61725377768]], "trans": [324.295376618, 302.503684235, 131.58866361999998]}]}
