{"rb_ScNup133N_56-480_renamed.pdb_0": [{"rot": [[-0.672218544222, 0.5461336847262235, -0.4998602076695172], [-0.4084021772368464, -0.836686264205, -0.3649160957245984], [-0.6175191417537261, -0.041159369504872506, 0.785478208399]], "trans": [424.96920018700007, 524.825442286, 28.31037455820001]}], "rb_ScNup133C_490_881_renamed_relative_3CQC.pdb_0": [{"rot": [[-0.5845546734219998, -0.7253486916694896, -0.3635451956412832], [-0.6176601330732756, 0.688377995571, -0.38030473994621194], [0.5261100586307038, 0.0022384608578483733, -0.8504135438130002]], "trans": [510.6669743880001, 595.119101091, 324.710816625]}], "rb_ScNup84_506-726_ScNup133C_882_1155_renamed_relative_3CQC_new.pdb_0": [{"rot": [[0.28654332958799983, 0.8967885951017068, -0.3371396386723603], [-0.011234948472517492, 0.35501666064799997, 0.9347924617770313], [0.9580014072022246, -0.26407079800282657, 0.11180302965799997]], "trans": [502.637427072, 524.391081599, 239.197160391]}], "rb_4XMM.renamed.noAb_Nup145c_149-550_Sec13_Nup84_7-436_3IKO_updated.pdb_0": [{"rot": [[0.31846390292200005, 0.44797217451884547, 0.8354050953833977], [-0.25287228509666754, -0.8092066405039999, 0.5303208655090045], [0.913584342009908, -0.38013884808196996, -0.14442335757500008]], "trans": [437.693924388, 447.509170471, 407.830549507]}], "rb_4XMM.renamed.noAb_Seh1_Nup85_47_544_3F3F.pdb_0": [{"rot": [[-0.7693426446639998, 0.0212290347796137, 0.6384835339957704], [0.09274732957750007, 0.992570265387, 0.07875405466274654], [-0.6320678982179404, 0.11980649544956334, -0.765595569273]], "trans": [402.62085998, 620.255140365, 300.37297079300004]}], "rb_4XMM.renamed.noAb_Nup120_715-1036_Nup85_553-744_Nup145c_92-99_554-712_remaining_updated.pdb_0": [{"rot": [[-0.011259275944499991, -0.9979948306692639, -0.06228600695688319], [0.04161863136833083, -0.06270369393700007, 0.997164046829649], [-0.9990701267820157, 0.008635086802245617, 0.04224117715790002]], "trans": [316.095540593, 514.272962727, 320.214682498]}], "rb_4XMM.renamed.noAb_Nup120_2-711_3F7F_updated.pdb_0": [{"rot": [[0.1782118166349999, 0.47025600502620046, 0.8643493727356152], [-0.4432537691001396, 0.8226055474560001, -0.35615475494949467], [-0.8785025011860658, -0.31965513140166013, 0.35504077565600006]], "trans": [562.634338744, 726.701132117, 229.874278732]}]}
