{"rb_ScNup133N_56-480_renamed.pdb_0": [{"rot": [[-0.432827299729, 0.7708348029670612, 0.4674122753459029], [-0.7645841550015632, -0.03922086626990007, -0.6433294595847325], [-0.4775684228776519, -0.6358265724108818, 0.606343938113]], "trans": [243.56578146599998, 274.067554891, 206.26637722500004]}], "rb_ScNup133C_490_881_renamed_relative_3CQC.pdb_0": [{"rot": [[0.25504405513600004, 0.8409842993454023, 0.4771770512024941], [0.8481325923228301, 0.042423817339499986, -0.5280826881863302], [-0.46435292157963337, 0.5393937596754966, -0.7024462514979999]], "trans": [451.017762972, 452.166528989, 427.354014488]}], "rb_ScNup84_506-726_ScNup133C_882_1155_renamed_relative_3CQC_new.pdb_0": [{"rot": [[-0.5589463035020001, 0.34371845307511806, -0.7546102668378546], [0.733754883345419, 0.628918545994, -0.2570315810781695], [0.3862418943721676, -0.697365820441783, -0.603736789927]], "trans": [489.086510049, 422.396911248, 415.645959977]}], "rb_4XMM.renamed.noAb_Nup145c_149-550_Sec13_Nup84_7-436_3IKO_updated.pdb_0": [{"rot": [[0.12511205650200008, 0.9786659912967233, 0.16297193254374298], [-0.6341136288218179, 0.20521079252600005, -0.7455121973336698], [-0.7630510330641497, -0.010070159385677069, 0.646259787415]], "trans": [597.605846853, 472.136597172, 106.198988967]}], "rb_4XMM.renamed.noAb_Seh1_Nup85_47_544_3F3F.pdb_0": [{"rot": [[-0.49225459993700005, -0.11108276183077725, -0.8633342509508763], [-0.8455770362007109, 0.2964351955589999, 0.44398834521180736], [0.20660320590660164, 0.9485709224185317, -0.23985062111899993]], "trans": [554.886631739, 408.873147943, 319.040432842]}], "rb_4XMM.renamed.noAb_Nup120_715-1036_Nup85_553-744_Nup145c_92-99_554-712_remaining_updated.pdb_0": [{"rot": [[0.9527622890830001, 0.07459928300959279, -0.2944129200218235], [0.30353224645148863, -0.267683124036, 0.9144473306158428], [-0.0105922549740248, -0.9606147469619558, -0.277681673961]], "trans": [602.681956247, 413.523255278, 87.7615378855]}], "rb_4XMM.renamed.noAb_Nup120_2-711_3F7F_updated.pdb_0": [{"rot": [[-0.2017668165060002, -0.5444700576661827, -0.8141514036480056], [-0.5076064998837828, 0.7690291792800003, -0.3884967988177828], [0.8376310602125315, 0.3348827820609969, -0.43154110956700015]], "trans": [465.07069267400004, 659.185886297, 382.873592776]}]}
