{"rb_ScNup133N_56-480_renamed.pdb_0": [{"rot": [[-0.6572356409890001, 0.7474473191244544, 0.09676681945504015], [-0.4773075940570939, -0.31341817204299993, -0.8209424523610975], [-0.5832827555047437, -0.58574017667127, 0.562751874776]], "trans": [278.743490582, 512.875608861, 132.20671549599996]}], "rb_ScNup133C_490_881_renamed_relative_3CQC.pdb_0": [{"rot": [[0.5887988008410001, -0.4910477860211137, 0.6420187255617729], [0.2200299559010151, 0.8616812922000001, 0.4572659720323998], [-0.7777549682479681, -0.12797430412508848, 0.615402134258]], "trans": [459.80369172300004, 543.660753141, 246.406388813]}], "rb_ScNup84_506-726_ScNup133C_882_1155_renamed_relative_3CQC_new.pdb_0": [{"rot": [[0.7106325419199999, 0.33854855332525624, -0.6167546249568748], [0.48355533666623995, 0.401734396422, 0.7776784111141639], [0.5110534480325112, -0.8508785763978473, 0.12177857562500002]], "trans": [521.905727103, 518.399428919, 262.142687384]}], "rb_4XMM.renamed.noAb_Nup145c_149-550_Sec13_Nup84_7-436_3IKO_updated.pdb_0": [{"rot": [[-0.013586031113400013, -0.2494477645784048, 0.9682929476689492], [-0.30916414150302984, 0.921978976017, 0.23317868983107953], [-0.9509116433019844, -0.296193484954482, -0.08964633903980007]], "trans": [508.14882351200004, 567.990955017, 226.04535552199997]}], "rb_4XMM.renamed.noAb_Seh1_Nup85_47_544_3F3F.pdb_0": [{"rot": [[-0.9898501730790004, 0.025927365356005143, 0.13972976268916337], [-0.0974384419875984, 0.5919149131930002, -0.8000890485206963], [-0.10345233143096924, -0.8055833335325525, -0.5833807571870002]], "trans": [564.087148474, 462.9462572890001, 139.424364176]}], "rb_4XMM.renamed.noAb_Nup120_715-1036_Nup85_553-744_Nup145c_92-99_554-712_remaining_updated.pdb_0": [{"rot": [[0.7679145026560001, 0.21066940067051237, 0.604917945040247], [-0.6205984339761303, 0.010814184958700138, 0.7840539759162335], [0.15863448665710322, -0.9774975483472101, 0.13904546960700015]], "trans": [607.054730067, 436.795531283, 150.38976227300003]}], "rb_4XMM.renamed.noAb_Nup120_2-711_3F7F_updated.pdb_0": [{"rot": [[-0.8218460927240001, 0.4243051204282683, -0.38017649145186133], [-0.10636961025776556, -0.7698641798400001, -0.6292810585206703], [-0.5596914381048772, -0.47673295394553644, 0.67784303842]], "trans": [644.4288635770001, 355.378915615, 172.263396748]}]}
