{"rb_ScNup133N_56-480_renamed.pdb_0": [{"rot": [[0.3460122144849999, 0.5375588071130094, 0.7689642880670235], [0.9379185181349822, -0.17706433233099989, -0.298256727594963], [-0.02417438244640796, 0.824426316362727, -0.5654527815139999]], "trans": [585.326371028, 688.673244989, 297.082591849]}], "rb_ScNup133C_490_881_renamed_relative_3CQC.pdb_0": [{"rot": [[-0.797116063496, -0.2566845090941654, -0.5465519592021681], [-0.07280611793493424, 0.9394010965300001, -0.33499977467078695], [0.5994207624931636, -0.22724137525838223, -0.767499906751]], "trans": [591.550957356, 477.672137806, 310.181282186]}], "rb_ScNup84_506-726_ScNup133C_882_1155_renamed_relative_3CQC_new.pdb_0": [{"rot": [[-0.7982474873730001, -0.5771065734510823, -0.1724788444483638], [-0.4669600246538704, 0.412058186573, 0.782404234557449], [-0.38045930699346686, 0.705092939801358, -0.59841011185]], "trans": [564.323591609, 427.737843755, 310.458218936]}], "rb_4XMM.renamed.noAb_Nup145c_149-550_Sec13_Nup84_7-436_3IKO_updated.pdb_0": [{"rot": [[-0.28433883623100015, 0.3425031810936246, 0.895456865042392], [-0.5279064355869796, -0.8355941678000001, 0.15197757072830095], [0.8002913353752188, -0.42950431625232055, 0.4184015067420002]], "trans": [455.991069436, 453.21674409, 313.623883193]}], "rb_4XMM.renamed.noAb_Seh1_Nup85_47_544_3F3F.pdb_0": [{"rot": [[-0.16794036707199989, 0.36030274779374594, 0.9175935718170645], [-0.5759323189450493, -0.7912981069339999, 0.20530287371891817], [0.8000612458445291, -0.49399315369238084, 0.3404008916009999]], "trans": [559.609009677, 498.60684622, 253.13643424899996]}], "rb_4XMM.renamed.noAb_Nup120_715-1036_Nup85_553-744_Nup145c_92-99_554-712_remaining_updated.pdb_0": [{"rot": [[0.988287799683, 0.017003057246001187, 0.1516513140135085], [0.07517147231263391, 0.810593875706, -0.5807639954562237], [-0.13280238984327603, 0.58536182375708, 0.7998218930109999]], "trans": [513.875596905, 649.599334345, 382.539266635]}], "rb_4XMM.renamed.noAb_Nup120_2-711_3F7F_updated.pdb_0": [{"rot": [[0.6289737534889999, -0.7661854064510532, -0.13172676403598998], [-0.46038801950794955, -0.23055580807099996, -0.8572554408449538], [0.6264462378492719, 0.5998365963378383, -0.497756133843]], "trans": [374.05730733300004, 388.951347347, 459.292292239]}]}
