{"rb_ScNup133N_56-480_renamed.pdb_0": [{"rot": [[-0.6512592607240001, -0.19753467941789027, 0.732694633355875], [-0.6767998565940524, 0.5878964004120001, -0.44307987597822984], [-0.3432248962932309, -0.7844474952537516, -0.516564417817]], "trans": [234.46417500799998, 365.54241127, 356.784724458]}], "rb_ScNup133C_490_881_renamed_relative_3CQC.pdb_0": [{"rot": [[0.27748402610700007, -0.7183063568067702, 0.6379957625458295], [-0.23362399379222337, 0.5936900475939999, 0.7700337375157047], [-0.9318918632438105, -0.36272317979255037, -0.0030740951774999026]], "trans": [447.981307531, 504.308593416, 274.272980388]}], "rb_ScNup84_506-726_ScNup133C_882_1155_renamed_relative_3CQC_new.pdb_0": [{"rot": [[0.7106325419199999, 0.33854855332525624, -0.6167546249568748], [0.48355533666623995, 0.401734396422, 0.7776784111141639], [0.5110534480325112, -0.8508785763978473, 0.12177857562500002]], "trans": [521.905727103, 518.399428919, 262.142687384]}], "rb_4XMM.renamed.noAb_Nup145c_149-550_Sec13_Nup84_7-436_3IKO_updated.pdb_0": [{"rot": [[0.1135210509709999, -0.9857234806718456, 0.1243470572173761], [0.2670055699882541, -0.09028378330650008, -0.9594565462109852], [0.9569853690530943, 0.14211987237556434, 0.2529445498409999]], "trans": [526.7380375979999, 622.256491685, 353.180783592]}], "rb_4XMM.renamed.noAb_Seh1_Nup85_47_544_3F3F.pdb_0": [{"rot": [[-0.27920420951199987, 0.20519176785768722, -0.9380518897130459], [0.7100592840667852, 0.701762425624, -0.0578386643421539], [0.6464215516993101, -0.6822212517840213, -0.34163334309299986]], "trans": [651.402995774, 657.235586606, 297.860429081]}], "rb_4XMM.renamed.noAb_Nup120_715-1036_Nup85_553-744_Nup145c_92-99_554-712_remaining_updated.pdb_0": [{"rot": [[0.6318164826990001, -0.7421571614498845, 0.22363067745395374], [-0.7750773201656525, -0.6019613271230001, 0.19208776226805094], [-0.007942289008519371, -0.29469528051356153, -0.9555582722620001]], "trans": [574.943110921, 486.3540501499999, 321.991868764]}], "rb_4XMM.renamed.noAb_Nup120_2-711_3F7F_updated.pdb_0": [{"rot": [[-0.5798113911749999, -0.4725033529368173, -0.6637464366210764], [0.32964944956581027, -0.8810514405229999, 0.3392338419929606], [-0.7450838818983199, -0.022112001623827204, 0.6666041316399999]], "trans": [589.266015284, 462.220360336, 308.484679594]}]}
