{"rb_ScNup133N_56-480_renamed.pdb_0": [{"rot": [[-0.27861331739899997, 0.7902976883321001, -0.5457143787594962], [-0.9405445636715163, -0.10957212750300005, 0.3215118545597091], [0.19429498994024846, 0.6028461766416082, 0.773838448381]], "trans": [570.11755695, 377.64730592700005, 227.653108742]}], "rb_ScNup133C_490_881_renamed_relative_3CQC.pdb_0": [{"rot": [[-0.028289052772600076, -0.8442981503699473, -0.5351264923129067], [0.8041933990558437, 0.298732845511, -0.5138401151407991], [0.5936941185562121, -0.4448812429118441, 0.670528130131]], "trans": [568.883438931, 744.116543466, 265.9865790470001]}], "rb_ScNup84_506-726_ScNup133C_882_1155_renamed_relative_3CQC_new.pdb_0": [{"rot": [[-0.46834890384600003, -0.15530569080240725, 0.8697870122453182], [-0.27586098976919937, 0.960921435961, 0.023037105595266907], [-0.8393747783855601, -0.2291509029330604, -0.492889282796]], "trans": [498.925720296, 698.620591114, 333.04268317699996]}], "rb_4XMM.renamed.noAb_Nup145c_149-550_Sec13_Nup84_7-436_3IKO_updated.pdb_0": [{"rot": [[-0.34492946403199987, -0.7189025531259553, 0.6034921573240037], [0.02160084744668156, 0.6367009541339999, 0.7708082111617904], [-0.9383800233552408, 0.2789104051731255, -0.20408801447899982]], "trans": [500.2170270170001, 594.955273496, 271.74101871]}], "rb_4XMM.renamed.noAb_Seh1_Nup85_47_544_3F3F.pdb_0": [{"rot": [[0.229328449211, -0.7134985191657905, -0.6620636869144098], [0.689664379685774, 0.5990966808370001, -0.40675079643772827], [0.6868562482609547, -0.3633222125858995, 0.629464426371]], "trans": [446.10091789100005, 619.265924491, 258.932126731]}], "rb_4XMM.renamed.noAb_Nup120_715-1036_Nup85_553-744_Nup145c_92-99_554-712_remaining_updated.pdb_0": [{"rot": [[-0.03239398069850011, 0.3904181146135117, 0.9200675658864059], [-0.3595593594453005, 0.854367113226, -0.37519848463600775], [-0.932559755216678, -0.34297307710591823, 0.11270213543099986]], "trans": [600.311540533, 646.733004254, 211.93215662]}], "rb_4XMM.renamed.noAb_Nup120_2-711_3F7F_updated.pdb_0": [{"rot": [[-0.347625965687, -0.7304642104689659, -0.587859018136263], [0.746898291493964, -0.594747852243, 0.297351533400681], [-0.5668325415354859, -0.33570378233837206, 0.752332267273]], "trans": [424.3147876610001, 372.47953521100004, 197.69579792000002]}]}
