{"rb_ScNup133N_56-480_renamed.pdb_0": [{"rot": [[-0.12147660808999991, -0.43132989019867607, -0.8939787243039661], [0.9849043959524076, 0.059514313372900085, -0.16254653898922394], [0.12331571076132847, -0.9002291776680815, 0.417589108041]], "trans": [618.224796461, 744.764980077, 227.292828819]}], "rb_ScNup133C_490_881_renamed_relative_3CQC.pdb_0": [{"rot": [[0.32981918848599995, 0.18057318777083933, 0.9266135261071434], [-0.6174368309584913, -0.7012373267910001, 0.3564238646484654], [0.7141365854529315, -0.6896807488782686, -0.11978898924499992]], "trans": [511.78359601899996, 402.58989472, 215.83044159]}], "rb_ScNup84_506-726_ScNup133C_882_1155_renamed_relative_3CQC_new.pdb_0": [{"rot": [[-0.611607527505, 0.7718124630397939, 0.17390156467285572], [0.713351167942052, 0.633027962188, -0.30067542347823917], [-0.34214959227643543, -0.05984246806871277, -0.9377379887370001]], "trans": [560.103015709, 428.864760977, 280.236691416]}], "rb_4XMM.renamed.noAb_Nup145c_149-550_Sec13_Nup84_7-436_3IKO_updated.pdb_0": [{"rot": [[0.417996979221, 0.316155915724627, -0.8516595342708503], [0.004219567586495998, -0.9381536181710001, -0.3461935642989981], [-0.9084386168649493, 0.14111422913719263, -0.3934794196949999]], "trans": [649.449889276, 490.58414036100004, 269.054868198]}], "rb_4XMM.renamed.noAb_Seh1_Nup85_47_544_3F3F.pdb_0": [{"rot": [[0.12752799547600008, -0.9375001119548507, -0.32377484530845746], [-0.023705214083855897, 0.3234659990660001, -0.9459428155409146], [0.9915516492826342, 0.12830934312386083, 0.019027329608000076]], "trans": [354.791801698, 543.710374155, 331.85382195]}], "rb_4XMM.renamed.noAb_Nup120_715-1036_Nup85_553-744_Nup145c_92-99_554-712_remaining_updated.pdb_0": [{"rot": [[0.203122268968, 0.5750805623995374, 0.7924794575252557], [-0.9740824806275405, 0.2009441715650001, 0.1038497031702702], [-0.09952218237050914, -0.7930345431721673, 0.6009921368470004]], "trans": [548.019518201, 523.783730385, 190.351512952]}], "rb_4XMM.renamed.noAb_Nup120_2-711_3F7F_updated.pdb_0": [{"rot": [[0.5792448983939998, -0.31992172063563007, 0.7497502519839938], [0.010089301320081234, -0.9168814236479997, -0.39903215530592184], [0.8150911321339456, 0.2387017964631909, -0.5278711004419999]], "trans": [387.44269760400005, 320.84727770999996, 487.753602176]}]}
