{"rb_ScNup133N_56-480_renamed.pdb_0": [{"rot": [[0.16732504162200013, 0.8169906883921586, -0.5518410509618716], [-0.4475833206867744, -0.435778663934, -0.7808752314569198], [-0.8784483487884738, 0.37765483068591205, 0.2927547222]], "trans": [550.465841776, 711.283791698, -2.628781044899995]}], "rb_ScNup133C_490_881_renamed_relative_3CQC.pdb_0": [{"rot": [[-0.14876250152800002, 0.3765379558994048, -0.9143789618676875], [-0.19049574254917728, -0.9182604833200001, -0.3471441441873357], [-0.9703510139170101, 0.12254326803222615, 0.20833160406]], "trans": [507.879852428, 679.305586917, 223.27242751299997]}], "rb_ScNup84_506-726_ScNup133C_882_1155_renamed_relative_3CQC_new.pdb_0": [{"rot": [[0.577632867748, -0.6621108307237248, -0.47744059100118486], [-0.8096781128841039, -0.539057760095, -0.232030353182074], [-0.10373824566502943, 0.5206015550492532, -0.8474741277860001]], "trans": [507.550478161, 688.753475816, 274.876740299]}], "rb_4XMM.renamed.noAb_Nup145c_149-550_Sec13_Nup84_7-436_3IKO_updated.pdb_0": [{"rot": [[-0.8991082309440002, 0.2745283381172988, -0.34093779582103345], [-0.00926540626131686, 0.766772864228, 0.641851639345419], [0.4376283140926366, 0.5802530191684858, -0.686868176909]], "trans": [502.94584662799997, 438.087639737, 406.990595825]}], "rb_4XMM.renamed.noAb_Seh1_Nup85_47_544_3F3F.pdb_0": [{"rot": [[-0.9810886143240001, -0.08039526424121768, -0.17607308803845761], [0.19352844840303224, -0.39124106616600024, -0.899709490782445], [0.0034453595644798884, -0.9167698891395137, 0.3994009262190002]], "trans": [543.226640052, 392.475982814, 198.200359693]}], "rb_4XMM.renamed.noAb_Nup120_715-1036_Nup85_553-744_Nup145c_92-99_554-712_remaining_updated.pdb_0": [{"rot": [[0.31187742672400004, 0.497722530873275, -0.8093236391957904], [0.45120444412668137, -0.827217182064, -0.33485262922430165], [-0.8361501182804129, -0.26073744640767854, -0.48256498395600017]], "trans": [615.274621558, 358.5544458659999, 256.581688621]}], "rb_4XMM.renamed.noAb_Nup120_2-711_3F7F_updated.pdb_0": [{"rot": [[0.31082112250000005, 0.9143631315049157, 0.2594808153840368], [0.6456286083953351, -0.40346525205499995, 0.6483667869390739], [0.6975341782517492, -0.03399785476643874, -0.7157445186949999]], "trans": [641.90648174, 411.173498689, 364.717488015]}]}
