{"rb_ScNup133N_56-480_renamed.pdb_0": [{"rot": [[0.03187461830709991, -0.053157722267156704, 0.9980772842175824], [-0.7785535565888633, 0.6248788004850001, 0.05814502753683498], [-0.6267681933782286, -0.7789099699373447, -0.02146836047760002]], "trans": [446.980902871, 139.79296135599998, 170.17114672900001]}], "rb_ScNup133C_490_881_renamed_relative_3CQC.pdb_0": [{"rot": [[0.5470867588449999, 0.25215270771002335, -0.7981948949291622], [0.10702283769261522, -0.9667957897749999, -0.23206036517586104], [-0.8302061132686827, 0.0415320703533711, -0.555907273404]], "trans": [617.716229326, 358.759548811, 324.946303592]}], "rb_ScNup84_506-726_ScNup133C_882_1155_renamed_relative_3CQC_new.pdb_0": [{"rot": [[-0.3600437682489999, 0.2147812115955673, -0.9078752756246864], [-0.572679797042781, -0.8191011892639999, 0.03333304374550869], [-0.736482406445734, 0.5319231832622461, 0.4179131394249999]], "trans": [610.498591808, 320.383636687, 268.332888426]}], "rb_4XMM.renamed.noAb_Nup145c_149-550_Sec13_Nup84_7-436_3IKO_updated.pdb_0": [{"rot": [[-0.982225633381, -0.18623906921658484, 0.023405431562641965], [0.14275867210066145, -0.8221637695940001, -0.551059613387735], [0.12187192732269894, -0.5379235494606314, 0.8341375715470001]], "trans": [515.755116788, 398.851336154, 189.403927458]}], "rb_4XMM.renamed.noAb_Seh1_Nup85_47_544_3F3F.pdb_0": [{"rot": [[-0.5914933926379999, -0.6971909136746903, -0.40504369684645053], [-0.7623627519894955, 0.3199903946039998, 0.5625026059852339], [-0.26256161342548096, 0.6415068021857812, -0.7207845877269999]], "trans": [458.108770202, 469.307546986, 322.950927552]}], "rb_4XMM.renamed.noAb_Nup120_715-1036_Nup85_553-744_Nup145c_92-99_554-712_remaining_updated.pdb_0": [{"rot": [[0.04594846509440001, 0.6200646816141746, 0.7832040150370662], [0.9365224886239403, -0.29954377648100006, 0.1822063508034843], [0.3475836113183278, 0.7251160711129032, -0.594468095491]], "trans": [643.577176672, 435.591165541, 340.751430266]}], "rb_4XMM.renamed.noAb_Nup120_2-711_3F7F_updated.pdb_0": [{"rot": [[-0.38610019602999995, 0.21629565699835146, 0.8967401113975257], [-0.3516198295618909, -0.933236845076, 0.07370540313613909], [0.8528130710093873, -0.28685393453157565, 0.4363767708749999]], "trans": [537.33886481, 277.12681780700007, 102.700785851]}]}
