{"rb_ScNup133N_56-480_renamed.pdb_0": [{"rot": [[-0.6572356409890001, 0.7474473191244544, 0.09676681945504015], [-0.4773075940570939, -0.31341817204299993, -0.8209424523610975], [-0.5832827555047437, -0.58574017667127, 0.562751874776]], "trans": [278.743490582, 512.875608861, 132.20671549599996]}], "rb_ScNup133C_490_881_renamed_relative_3CQC.pdb_0": [{"rot": [[0.5887988008410001, -0.4910477860211137, 0.6420187255617729], [0.2200299559010151, 0.8616812922000001, 0.4572659720323998], [-0.7777549682479681, -0.12797430412508848, 0.615402134258]], "trans": [459.80369172300004, 543.660753141, 246.406388813]}], "rb_ScNup84_506-726_ScNup133C_882_1155_renamed_relative_3CQC_new.pdb_0": [{"rot": [[0.7106325419199999, 0.33854855332525624, -0.6167546249568748], [0.48355533666623995, 0.401734396422, 0.7776784111141639], [0.5110534480325112, -0.8508785763978473, 0.12177857562500002]], "trans": [521.905727103, 518.399428919, 262.142687384]}], "rb_4XMM.renamed.noAb_Nup145c_149-550_Sec13_Nup84_7-436_3IKO_updated.pdb_0": [{"rot": [[-0.4493630695010002, 0.6263434469576914, 0.6369982089627859], [-0.20704791277957402, -0.7666493258220001, 0.6077663803060308], [0.8690247370370199, 0.14121861658375845, 0.4741869976580001]], "trans": [477.82347369600006, 437.87228754600005, 329.50379166900007]}], "rb_4XMM.renamed.noAb_Seh1_Nup85_47_544_3F3F.pdb_0": [{"rot": [[0.917891757681, -0.07103208098625063, -0.390421777891612], [-0.02781028503996804, -0.992944765307, 0.11527046931205899], [-0.39585516193082565, -0.09494807275658278, -0.913391238327]], "trans": [517.942077286, 409.71923691300003, 253.783956837]}], "rb_4XMM.renamed.noAb_Nup120_715-1036_Nup85_553-744_Nup145c_92-99_554-712_remaining_updated.pdb_0": [{"rot": [[0.5548701585430001, 0.41725701912184404, -0.7197330665962342], [-0.4161604587851078, 0.8883201439130001, 0.19415919875750312], [0.7203676698063529, 0.19179129780034374, 0.6665482115990001]], "trans": [558.306901866, 614.82228561, 313.464555888]}], "rb_4XMM.renamed.noAb_Nup120_2-711_3F7F_updated.pdb_0": [{"rot": [[-0.18389585820099985, -0.575871928366328, 0.7965888748006494], [0.12116667521569413, -0.8175097995980001, -0.5630243017653968], [0.9754491017750194, -0.007017811687760833, 0.220113153095]], "trans": [306.288752472, 300.528958861, 357.83414185]}]}
