{"rb_ScNup133N_56-480_renamed.pdb_0": [{"rot": [[0.346111579566, 0.5133901507355252, -0.7852625851382984], [-0.8747820442996466, -0.125893789839, -0.4678751207864179], [-0.33906216164777186, 0.848870606634326, 0.40553118712500014]], "trans": [735.544286792, 470.846818473, 120.97867847600003]}], "rb_ScNup133C_490_881_renamed_relative_3CQC.pdb_0": [{"rot": [[-0.4307990512849999, 0.7457915469974803, 0.5081408720414538], [-0.8676904291526455, -0.49706771086799983, -0.006083581950164396], [0.24804333607021561, -0.44352977266419397, 0.861252485739]], "trans": [574.51287226, 563.971745099, 253.101971968]}], "rb_ScNup84_506-726_ScNup133C_882_1155_renamed_relative_3CQC_new.pdb_0": [{"rot": [[0.0682099597589999, -0.7108740325206415, 0.7000039366157291], [-0.10175364799306041, 0.6930222656080001, 0.7136990503648294], [-0.99246843602695, -0.11990933766557499, -0.025063005223300065]], "trans": [583.43017048, 526.136955198, 316.690629973]}], "rb_4XMM.renamed.noAb_Nup145c_149-550_Sec13_Nup84_7-436_3IKO_updated.pdb_0": [{"rot": [[0.31846390292200005, 0.44797217451884547, 0.8354050953833977], [-0.25287228509666754, -0.8092066405039999, 0.5303208655090045], [0.913584342009908, -0.38013884808196996, -0.14442335757500008]], "trans": [437.693924388, 447.509170471, 407.830549507]}], "rb_4XMM.renamed.noAb_Seh1_Nup85_47_544_3F3F.pdb_0": [{"rot": [[0.9403977120409999, -0.33745848375941095, 0.042117869448155376], [-0.21946900813438514, -0.6968206459420001, -0.6828428383292037], [0.2597797098631101, 0.6329002758158454, -0.7293502198640001]], "trans": [406.668000218, 386.239576405, 424.1208030199999]}], "rb_4XMM.renamed.noAb_Nup120_715-1036_Nup85_553-744_Nup145c_92-99_554-712_remaining_updated.pdb_0": [{"rot": [[0.14008515434999996, 0.9301140182474386, 0.3395056149614321], [-0.49171645352643917, -0.232265275188, 0.8392066320479263], [0.8594132177608846, -0.2845008875231256, 0.42481544950300004]], "trans": [521.713043327, 458.138424857, 383.586693689]}], "rb_4XMM.renamed.noAb_Nup120_2-711_3F7F_updated.pdb_0": [{"rot": [[0.6980723661349999, 0.5508804194246026, -0.4574119971461791], [0.6927656552965216, -0.35811201403, 0.6259644816193312], [0.18102684463985838, -0.7538478287439386, -0.631619135728]], "trans": [492.890609765, 463.22973411000004, 303.069645443]}]}
