{"rb_ScNup133N_56-480_renamed.pdb_0": [{"rot": [[-0.6054648612319999, 0.5222011347121451, 0.6005982656640485], [-0.06778981988623423, -0.785737273315, 0.6148345124041923], [0.7929797236582452, 0.3315462444800982, 0.511136230019]], "trans": [234.875829597, 341.389085095, 486.212073725]}], "rb_ScNup133C_490_881_renamed_relative_3CQC.pdb_0": [{"rot": [[-0.724792336037, -0.656111564546756, -0.21022293997096667], [0.6864042679496235, -0.661364975121, -0.3023996538088967], [0.05937382051519077, -0.36347487471791934, 0.9297100434470003]], "trans": [444.830277947, 419.833698065, 313.606913256]}], "rb_ScNup84_506-726_ScNup133C_882_1155_renamed_relative_3CQC_new.pdb_0": [{"rot": [[0.9386851050920002, 0.31690871793336517, 0.135790787523498], [-0.024069373152155765, 0.4531261813430001, -0.8911213885086436], [-0.34393449776735574, 0.833213975086437, 0.43297059134100013]], "trans": [429.426932469, 463.62167682000006, 333.41738589]}], "rb_4XMM.renamed.noAb_Nup145c_149-550_Sec13_Nup84_7-436_3IKO_updated.pdb_0": [{"rot": [[0.35742898089999997, -0.6508117004163007, -0.6698422606957781], [0.9328815157504905, 0.21464786511800005, 0.2892375694327283], [-0.044458983162628085, -0.7282653531519458, 0.683851573234]], "trans": [484.876036282, 606.275901288, 232.90480540600004]}], "rb_4XMM.renamed.noAb_Seh1_Nup85_47_544_3F3F.pdb_0": [{"rot": [[0.784151190243, -0.374869331553051, -0.4945501947239078], [0.5453115173531615, 0.7966331314679999, 0.26078919243228055], [0.2962132000476668, -0.47418207274047924, 0.8291013822259999]], "trans": [413.786733671, 702.533514507, 288.293481774]}], "rb_4XMM.renamed.noAb_Nup120_715-1036_Nup85_553-744_Nup145c_92-99_554-712_remaining_updated.pdb_0": [{"rot": [[0.7824411654900002, 0.47374599751289964, 0.4041664909256559], [0.2803058476284635, 0.31161986909999995, -0.9079216315119867], [-0.5560705479810446, 0.8236854903557589, 0.11103044017499995]], "trans": [564.698766891, 602.224812299, 393.527565653]}], "rb_4XMM.renamed.noAb_Nup120_2-711_3F7F_updated.pdb_0": [{"rot": [[0.23397755199899997, -0.4305023964793299, 0.8717351614946534], [-0.5813958087723683, 0.6566892215160001, 0.48035214154475653], [-0.7792518326590443, -0.6192147874286142, -0.09664175250510007]], "trans": [397.36468055399996, 596.964810754, 109.03819275400001]}]}
