{"rb_ScNup133N_56-480_renamed.pdb_0": [{"rot": [[-0.9345334552050001, -0.1258387126620476, 0.33288412322933475], [-0.06657623533315601, 0.9807017207530001, 0.1838252969560203], [-0.34959237118602654, 0.14962871819160733, -0.9248764353690001]], "trans": [324.499412936, 481.281004228, 329.674699577]}], "rb_ScNup133C_490_881_renamed_relative_3CQC.pdb_0": [{"rot": [[0.5370441625900002, -0.4681998589959433, -0.701692567627864], [-0.5295535331756736, -0.8346202649400001, 0.15159838011220694], [-0.6566251768925455, 0.2901687532930849, -0.6961648308290003]], "trans": [614.894128188, 483.926101501, 332.601518064]}], "rb_ScNup84_506-726_ScNup133C_882_1155_renamed_relative_3CQC_new.pdb_0": [{"rot": [[-0.7982474873730001, -0.5771065734510823, -0.1724788444483638], [-0.4669600246538704, 0.412058186573, 0.782404234557449], [-0.38045930699346686, 0.705092939801358, -0.59841011185]], "trans": [564.323591609, 427.737843755, 310.458218936]}], "rb_4XMM.renamed.noAb_Nup145c_149-550_Sec13_Nup84_7-436_3IKO_updated.pdb_0": [{"rot": [[0.35742898089999997, -0.6508117004163007, -0.6698422606957781], [0.9328815157504905, 0.21464786511800005, 0.2892375694327283], [-0.044458983162628085, -0.7282653531519458, 0.683851573234]], "trans": [484.876036282, 606.275901288, 232.90480540600004]}], "rb_4XMM.renamed.noAb_Seh1_Nup85_47_544_3F3F.pdb_0": [{"rot": [[0.991688306747, 0.07090693631169767, 0.1073615789943349], [-0.12661006633970143, 0.6862859888759999, 0.7162272213298985], [-0.022895269439872627, -0.7238672170055637, 0.689559322163]], "trans": [500.68316588, 590.927079158, 252.89503129800002]}], "rb_4XMM.renamed.noAb_Nup120_715-1036_Nup85_553-744_Nup145c_92-99_554-712_remaining_updated.pdb_0": [{"rot": [[-0.3045747391719999, 0.516311261966612, 0.800410462840631], [0.27505080030764445, -0.7568604664630001, 0.5928821902836469], [0.9119107881303044, 0.40073047684429336, 0.08850875335079994]], "trans": [531.823265969, 445.35697677099995, 400.970156193]}], "rb_4XMM.renamed.noAb_Nup120_2-711_3F7F_updated.pdb_0": [{"rot": [[-0.6549066009539999, -0.46746315402962374, 0.5937807201750108], [0.6419234114937298, 0.07051517632750015, 0.7635194455177636], [-0.39878776034769414, 0.8811956704002679, 0.25389468813799987]], "trans": [316.343022348, 618.518055692, 453.895325474]}]}
