{"rb_ScNup133N_56-480_renamed.pdb_0": [{"rot": [[-0.1768773896240003, 0.7451258607165613, -0.6430410879027899], [-0.8688952736986221, -0.42510419675800026, -0.25358908738928876], [-0.46231525216457703, 0.5138811862582044, 0.7226276593280003]], "trans": [490.829251664, 383.1666040459999, 69.39056214190003]}], "rb_ScNup133C_490_881_renamed_relative_3CQC.pdb_0": [{"rot": [[0.7351631666349998, -0.2343843891491681, 0.6360810298589091], [-0.051816084859088465, -0.9550087553199997, -0.2920160451276953], [0.6759069549672313, 0.18172021182387993, -0.714232142123]], "trans": [451.189750749, 519.443518193, 357.022258457]}], "rb_ScNup84_506-726_ScNup133C_882_1155_renamed_relative_3CQC_new.pdb_0": [{"rot": [[0.32103197839300013, -0.9237040112781127, -0.20906785596499633], [0.6079586704114202, 0.3702620097620001, -0.7023477053415801], [0.7261712772622273, 0.09837145762734584, 0.680439808068]], "trans": [507.886129921, 546.083984355, 288.177742449]}], "rb_4XMM.renamed.noAb_Nup145c_149-550_Sec13_Nup84_7-436_3IKO_updated.pdb_0": [{"rot": [[0.5707727703030001, 0.7273199626397118, -0.3810828212166055], [-0.1315195644045674, 0.5390959971050002, 0.831912321151814], [0.8105066618230055, -0.4247130535445483, 0.4033581203960001]], "trans": [625.8807415049998, 393.749243809, 319.270561705]}], "rb_4XMM.renamed.noAb_Seh1_Nup85_47_544_3F3F.pdb_0": [{"rot": [[0.6203138903300001, 0.5683025147728619, 0.5405949770082054], [0.38255474630350106, 0.382477163963, -0.8410488006813186], [-0.6847353821326344, 0.7285214277903305, 0.019849073177699985]], "trans": [517.135085448, 426.255798067, 413.73867459]}], "rb_4XMM.renamed.noAb_Nup120_715-1036_Nup85_553-744_Nup145c_92-99_554-712_remaining_updated.pdb_0": [{"rot": [[-0.905676359026, -0.12337399471444246, 0.4056219793472843], [0.16573968212388748, -0.983618475329, 0.07088760653969117], [0.3902315856909596, 0.13142888731041613, 0.911287966073]], "trans": [410.364675243, 290.173098977, 395.481734837]}], "rb_4XMM.renamed.noAb_Nup120_2-711_3F7F_updated.pdb_0": [{"rot": [[0.5792448983939998, -0.31992172063563007, 0.7497502519839938], [0.010089301320081234, -0.9168814236479997, -0.39903215530592184], [0.8150911321339456, 0.2387017964631909, -0.5278711004419999]], "trans": [387.44269760400005, 320.84727770999996, 487.753602176]}]}
