{"rb_ScNup133N_56-480_renamed.pdb_0": [{"rot": [[0.20323828909300004, 0.6901705874805537, 0.6945205238315838], [0.977851716944131, -0.10684828724800002, -0.17997072867992686], [-0.05000217511233995, 0.7157150296653803, -0.6966001570449999]], "trans": [411.36632763399996, 817.0406876469999, 445.811615142]}], "rb_ScNup133C_490_881_renamed_relative_3CQC.pdb_0": [{"rot": [[0.6723892821419999, 0.6641104726706326, -0.32687908062424986], [0.6752800755421073, -0.7312159376030001, -0.0965405208770462], [-0.30313276437299175, -0.1558221187269462, -0.940122329529]], "trans": [516.778441101, 541.542235239, 396.043653193]}], "rb_ScNup84_506-726_ScNup133C_882_1155_renamed_relative_3CQC_new.pdb_0": [{"rot": [[0.32103197839300013, -0.9237040112781127, -0.20906785596499633], [0.6079586704114202, 0.3702620097620001, -0.7023477053415801], [0.7261712772622273, 0.09837145762734584, 0.680439808068]], "trans": [507.886129921, 546.083984355, 288.177742449]}], "rb_4XMM.renamed.noAb_Nup145c_149-550_Sec13_Nup84_7-436_3IKO_updated.pdb_0": [{"rot": [[0.6371293607940001, 0.7641880257515398, -0.10041334030990706], [-0.3226232375936967, 0.3827332427010001, 0.8656959694350774], [0.6999860171309069, -0.5191646426997332, 0.4903954012750001]], "trans": [622.921590444, 415.818188839, 296.018012157]}], "rb_4XMM.renamed.noAb_Seh1_Nup85_47_544_3F3F.pdb_0": [{"rot": [[0.18900257525899988, 0.7036695343329844, 0.6849286189064283], [-0.8417931055949444, -0.24304853065500004, 0.4819873225711074], [0.5056306892567788, -0.667665034428228, 0.5464073644120002]], "trans": [678.3176527379999, 325.544837539, 257.357095597]}], "rb_4XMM.renamed.noAb_Nup120_715-1036_Nup85_553-744_Nup145c_92-99_554-712_remaining_updated.pdb_0": [{"rot": [[-0.025887434566999823, 0.3152589339495547, -0.9486525419227684], [-0.9982820349383073, 0.04174432776820003, 0.0411143505191765], [0.052562528962864064, 0.9480871350588889, 0.3136366765620001]], "trans": [580.281084208, 350.463694051, 427.142926417]}], "rb_4XMM.renamed.noAb_Nup120_2-711_3F7F_updated.pdb_0": [{"rot": [[0.5941688190630001, -0.2473197247991346, -0.765373352148192], [-0.7388388667192041, 0.20830281010400004, -0.6408799172449228], [0.3179316647934933, 0.9462784437088575, -0.058962390500899964]], "trans": [478.166331691, 412.945027101, 458.263920577]}]}
