{"rb_ScNup133N_56-480_renamed.pdb_0": [{"rot": [[0.40004994751999984, 0.6311674113777819, -0.6645206831272558], [-0.590900967338829, 0.7318726680309999, 0.33940896362238504], [0.7005684022900841, 0.25688537639160236, 0.6657430563729998]], "trans": [798.1049050650001, 430.94657280800004, 429.644695268]}], "rb_ScNup133C_490_881_renamed_relative_3CQC.pdb_0": [{"rot": [[0.678184025887, -0.7274154644393341, -0.10456179572964815], [-0.7203469296465156, -0.6298302761040002, -0.29054108874924583], [0.1454878963369081, 0.27236109376573386, -0.95113232866]], "trans": [609.911456604, 631.720758187, 391.101812534]}], "rb_ScNup84_506-726_ScNup133C_882_1155_renamed_relative_3CQC_new.pdb_0": [{"rot": [[-0.629290342068, -0.16513948942904183, -0.7594225532673196], [0.6067721822885814, 0.5061811698430001, -0.6128687804882252], [0.4856142339148348, -0.8464688844414113, -0.21833287313600014]], "trans": [654.284060932, 592.550707036, 335.334045595]}], "rb_4XMM.renamed.noAb_Nup145c_149-550_Sec13_Nup84_7-436_3IKO_updated.pdb_0": [{"rot": [[0.487933521366, 0.31111861419629944, -0.8155526265226232], [-0.04269990142341451, -0.9246969058469999, -0.3783019306525082], [-0.8718357627132565, 0.21941020992095744, -0.4379058833089998]], "trans": [651.9464123119999, 490.040105507, 277.958091079]}], "rb_4XMM.renamed.noAb_Seh1_Nup85_47_544_3F3F.pdb_0": [{"rot": [[0.19422011373600007, -0.2382956719556682, -0.9515743376886387], [0.15121168070711838, -0.9511792364139999, 0.26905963620098855], [-0.9692334987184994, -0.1961459480643849, -0.14870505041800014]], "trans": [485.972731319, 425.311537428, 176.884205858]}], "rb_4XMM.renamed.noAb_Nup120_715-1036_Nup85_553-744_Nup145c_92-99_554-712_remaining_updated.pdb_0": [{"rot": [[0.2301175552539999, 0.398583275057131, 0.8877934915331682], [-0.963415355184764, -0.035490306169200014, 0.2656525768032967], [0.1373927369191592, -0.9164452034970492, 0.375834305019]], "trans": [566.607468475, 494.367349089, 150.64624759600002]}], "rb_4XMM.renamed.noAb_Nup120_2-711_3F7F_updated.pdb_0": [{"rot": [[-0.5668486595070001, 0.8191400568681887, 0.08770498531496312], [0.13772098091827978, 0.19918630456999992, -0.9702359236220097], [-0.8122287415685461, -0.5378981161016723, -0.22572126187899993]], "trans": [649.267941619, 620.969204519, 202.07421522599998]}]}
