{"rb_ScNup133N_56-480_renamed.pdb_0": [{"rot": [[-0.6054648612319999, 0.5222011347121451, 0.6005982656640485], [-0.06778981988623423, -0.785737273315, 0.6148345124041923], [0.7929797236582452, 0.3315462444800982, 0.511136230019]], "trans": [234.875829597, 341.389085095, 486.212073725]}], "rb_ScNup133C_490_881_renamed_relative_3CQC.pdb_0": [{"rot": [[-0.724792336037, -0.656111564546756, -0.21022293997096667], [0.6864042679496235, -0.661364975121, -0.3023996538088967], [0.05937382051519077, -0.36347487471791934, 0.9297100434470003]], "trans": [444.830277947, 419.833698065, 313.606913256]}], "rb_ScNup84_506-726_ScNup133C_882_1155_renamed_relative_3CQC_new.pdb_0": [{"rot": [[-0.5589463035020001, 0.34371845307511806, -0.7546102668378546], [0.733754883345419, 0.628918545994, -0.2570315810781695], [0.3862418943721676, -0.697365820441783, -0.603736789927]], "trans": [489.086510049, 422.396911248, 415.645959977]}], "rb_4XMM.renamed.noAb_Nup145c_149-550_Sec13_Nup84_7-436_3IKO_updated.pdb_0": [{"rot": [[0.7986177914149999, -0.3824534171691037, -0.464692378817539], [0.41616235507224714, 0.908703195562, -0.032671036043114], [0.434762598961949, -0.16729580410484027, 0.8848692538859999]], "trans": [508.630534029, 614.346765021, 267.948635031]}], "rb_4XMM.renamed.noAb_Seh1_Nup85_47_544_3F3F.pdb_0": [{"rot": [[0.8462652798910002, -0.4965870518340141, -0.1929672925700357], [-0.21232490830384276, -0.6465612431340002, 0.73271869922282], [-0.4886237912389984, -0.5791026323785956, -0.6526001316330001]], "trans": [505.9552794840001, 504.066856404, 229.73043904600001]}], "rb_4XMM.renamed.noAb_Nup120_715-1036_Nup85_553-744_Nup145c_92-99_554-712_remaining_updated.pdb_0": [{"rot": [[-0.12648847627899978, 0.46614407721599305, -0.8756199887194598], [0.9628681753197827, 0.2699326464459999, 0.0046090496862724595], [0.23850690204891056, -0.8425236291399243, -0.4829786662119998]], "trans": [539.309220499, 609.225708373, 221.02028497699996]}], "rb_4XMM.renamed.noAb_Nup120_2-711_3F7F_updated.pdb_0": [{"rot": [[0.8730234212919998, -0.2844725292441913, 0.39611297123551], [0.01772477717113574, -0.7931968518970001, -0.6087073076733366], [0.48735606916282964, 0.5384367504601643, -0.6874372172090002]], "trans": [376.775323325, 399.75338912000007, 482.447236445]}]}
