{"rb_ScNup133N_56-480_renamed.pdb_0": [{"rot": [[0.0363177606884999, -0.18278310420468927, -0.9824822426262323], [-0.6294801070322514, -0.7677619999400002, 0.11956716229298345], [-0.7761673885891098, 0.6141106156592874, -0.14294172457799992]], "trans": [726.031038275, 388.908490305, 76.98230793000002]}], "rb_ScNup133C_490_881_renamed_relative_3CQC.pdb_0": [{"rot": [[0.23144003753599984, -0.7908867850627356, -0.5665100195393415], [-0.776607265615333, -0.500920492372, 0.3820468758088053], [-0.5859323032730066, 0.35153485394043543, -0.730141481116]], "trans": [570.428779527, 448.00361483000006, 339.519347882]}], "rb_ScNup84_506-726_ScNup133C_882_1155_renamed_relative_3CQC_new.pdb_0": [{"rot": [[-0.06760894155520003, -0.9575411090301947, 0.28025712397548547], [0.2831556992225509, -0.28776501548000005, -0.9148847719049563], [0.9566879747438943, 0.017502010827915027, 0.2905887103750001]], "trans": [545.502039783, 457.626774114, 287.954669339]}], "rb_4XMM.renamed.noAb_Nup145c_149-550_Sec13_Nup84_7-436_3IKO_updated.pdb_0": [{"rot": [[0.09656112207269996, -0.3885138487078862, 0.9163694337254202], [0.07251323390995004, -0.9154791628390001, -0.3957773784787664], [0.9926821145824993, 0.10466561885256118, -0.060227299609299956]], "trans": [485.04971942299994, 314.771042506, 378.155994224]}], "rb_4XMM.renamed.noAb_Seh1_Nup85_47_544_3F3F.pdb_0": [{"rot": [[0.573427296702, -0.4483338580314967, -0.6856951852971043], [0.1284682957196812, -0.777410054852, 0.6157349296652668], [-0.8091211481551555, -0.44116930804126003, -0.38819145952800005]], "trans": [484.34210446300006, 225.515171054, 262.8754352]}], "rb_4XMM.renamed.noAb_Nup120_715-1036_Nup85_553-744_Nup145c_92-99_554-712_remaining_updated.pdb_0": [{"rot": [[-0.860058229924, -0.45317104500750227, 0.23438396938955583], [-0.03420884981723213, 0.5095878909310001, 0.8597382950704693], [-0.5090477342393127, 0.7314069902477713, -0.45377771968500014]], "trans": [452.1330133, 400.50928453200004, 393.120137849]}], "rb_4XMM.renamed.noAb_Nup120_2-711_3F7F_updated.pdb_0": [{"rot": [[0.4282895763079999, -0.8176132427474445, 0.3848072557916786], [0.21325821263750444, -0.322358859489, -0.9222828744217298], [0.8781167197864821, 0.4770674491022834, 0.03629979942740011]], "trans": [410.64092205200006, 338.009358507, 357.361263066]}]}
