{"rb_ScNup133N_56-480_renamed.pdb_0": [{"rot": [[-0.06033873006309981, -0.13235605549905283, -0.9893639937996045], [-0.682010642287309, -0.718265222334, 0.13768280281989392], [-0.7288489016670222, 0.6830643783408861, -0.04692902705740004]], "trans": [592.368216987, 332.516930365, 54.487788373]}], "rb_ScNup133C_490_881_renamed_relative_3CQC.pdb_0": [{"rot": [[-0.791837566133, 0.16737227849854458, 0.5873498014392892], [0.3868418546661629, 0.8816452758009999, 0.2702868608279395], [-0.4725956499366134, 0.4412347765623017, -0.762866452017]], "trans": [459.2487738699999, 579.510084448, 297.339386503]}], "rb_ScNup84_506-726_ScNup133C_882_1155_renamed_relative_3CQC_new.pdb_0": [{"rot": [[0.7393630650110001, -0.09630973528517478, 0.666383292847922], [0.2845092623158354, 0.9417060677419999, -0.17956659387090596], [-0.6102431791950148, 0.32235712628573804, 0.723663696325]], "trans": [441.951065036, 626.429033206, 225.87982242299998]}], "rb_4XMM.renamed.noAb_Nup145c_149-550_Sec13_Nup84_7-436_3IKO_updated.pdb_0": [{"rot": [[-0.27865353264900017, 0.36469719090891634, 0.8884526817368374], [-0.4827265838462252, -0.8529291072100001, 0.19871331943809295], [0.8302573420273898, -0.37350755951800724, 0.4137207379290001]], "trans": [458.351668921, 452.33276314399995, 318.33959101]}], "rb_4XMM.renamed.noAb_Seh1_Nup85_47_544_3F3F.pdb_0": [{"rot": [[0.0788045516261, 0.9953456813395094, 0.05546906598994872], [-0.657218534680444, 0.010035185788400014, 0.7536332614200905], [0.7495689696855783, -0.09584502952673263, 0.6549504485069999]], "trans": [601.263278537, 485.952252897, 330.458748115]}], "rb_4XMM.renamed.noAb_Nup120_715-1036_Nup85_553-744_Nup145c_92-99_554-712_remaining_updated.pdb_0": [{"rot": [[0.665840972329, 0.688695843126006, -0.2869735793220899], [0.17737296144254372, 0.22749097089400006, 0.957489786217486], [0.7247031337844992, -0.688437283870263, 0.029316788027700096]], "trans": [562.966305097, 555.709563658, 277.588698789]}], "rb_4XMM.renamed.noAb_Nup120_2-711_3F7F_updated.pdb_0": [{"rot": [[-0.36968214622100004, 0.7270210961516964, 0.578597819314782], [-0.7920131785485137, 0.07904807070249997, -0.6053647888039846], [-0.4858500136574202, -0.6820496523484185, 0.5465876288030002]], "trans": [526.654395555, 558.529830454, 234.836111267]}]}
