{"rb_ScNup133N_56-480_renamed.pdb_0": [{"rot": [[0.17839619102100004, 0.35452238793122215, 0.9178718186570188], [-0.17922937676263018, 0.9289378686240003, -0.32396182914284716], [-0.9674976121595745, -0.10671603765059944, 0.229259804095]], "trans": [401.783425321, 454.60865094999997, 54.15863636569998]}], "rb_ScNup133C_490_881_renamed_relative_3CQC.pdb_0": [{"rot": [[-0.795137004628, -0.20508918165757156, 0.5706974429925541], [0.12241043955033754, -0.975986187289, -0.18018503409044317], [0.5939468226704349, -0.07341246343849682, 0.801147790393]], "trans": [385.400036794, 438.407264357, 321.996029009]}], "rb_ScNup84_506-726_ScNup133C_882_1155_renamed_relative_3CQC_new.pdb_0": [{"rot": [[0.7722622700940001, 0.6123102147147467, -0.16937292329425832], [-0.22903412778793666, 0.01965886300299996, -0.9732198607785646], [-0.5925827828225192, 0.7903731587430144, 0.15542173413299992]], "trans": [433.671376206, 477.724192307, 347.430411959]}], "rb_4XMM.renamed.noAb_Nup145c_149-550_Sec13_Nup84_7-436_3IKO_updated.pdb_0": [{"rot": [[0.9438386227870001, 0.30773111315210616, -0.12029221144240672], [-0.020298887850949743, 0.41739150066100017, 0.9085000221948114], [0.32978266978049897, -0.8550356116408977, 0.4001968185010001]], "trans": [682.402419445, 355.322488612, 214.66163765599998]}], "rb_4XMM.renamed.noAb_Seh1_Nup85_47_544_3F3F.pdb_0": [{"rot": [[0.50662755623, -0.8553523989054528, 0.10817020363808787], [0.8267800870343323, 0.44642071809700007, -0.3422619320597321], [0.24446514465649305, 0.26283229660840013, 0.933357368272]], "trans": [477.82484474599994, 439.76910492, 373.61959214]}], "rb_4XMM.renamed.noAb_Nup120_715-1036_Nup85_553-744_Nup145c_92-99_554-712_remaining_updated.pdb_0": [{"rot": [[-0.9254279586100002, -0.37178996339477144, -0.07318002829900093], [-0.3116413184980379, 0.8566394185670001, -0.4111551959564622], [0.2155522721469959, -0.357688593159059, -0.9086231827860001]], "trans": [476.3957049179999, 439.28807143, 279.396543015]}], "rb_4XMM.renamed.noAb_Nup120_2-711_3F7F_updated.pdb_0": [{"rot": [[-0.47601540751200005, -0.22466729187804962, 0.8502552203728995], [-0.8760686261337776, 0.205677651049, -0.43611978419127145], [-0.07689664566975535, -0.9524816595710119, -0.294729696613]], "trans": [475.19898547, 304.884634944, 121.48230922400003]}]}
