{"rb_ScNup133N_56-480_renamed.pdb_0": [{"rot": [[0.06367769891119995, 0.3094236160652515, -0.9487898484292918], [-0.8237083996486025, -0.520454033614, -0.22501571332521514], [-0.5634266793556306, 0.7958546504959441, 0.2217335163530001]], "trans": [756.344583995, 384.75720117700007, 120.03857962499998]}], "rb_ScNup133C_490_881_renamed_relative_3CQC.pdb_0": [{"rot": [[-0.08580360890429997, -0.317909873244512, -0.9442304025992048], [0.15752153665746227, 0.931476691534, -0.3279300819045809], [0.983780822230272, -0.17687420847181673, -0.029846409991800077]], "trans": [653.282011394, 639.985133955, 329.438006097]}], "rb_ScNup84_506-726_ScNup133C_882_1155_renamed_relative_3CQC_new.pdb_0": [{"rot": [[-0.391705275807, 0.8696737611357971, 0.3003906225182118], [-0.8727312126557935, -0.45457867739, 0.178040603567576], [0.29138841322418874, -0.19242082853546555, 0.9370523023740001]], "trans": [572.136767759, 612.364101386, 270.883264595]}], "rb_4XMM.renamed.noAb_Nup145c_149-550_Sec13_Nup84_7-436_3IKO_updated.pdb_0": [{"rot": [[-0.27865353264900017, 0.36469719090891634, 0.8884526817368374], [-0.4827265838462252, -0.8529291072100001, 0.19871331943809295], [0.8302573420273898, -0.37350755951800724, 0.4137207379290001]], "trans": [458.351668921, 452.33276314399995, 318.33959101]}], "rb_4XMM.renamed.noAb_Seh1_Nup85_47_544_3F3F.pdb_0": [{"rot": [[-0.11570568288800001, -0.8472711863289724, -0.5184049881744174], [-0.7639928244233449, 0.40944447354300006, -0.498668414193977], [0.6347654363440577, 0.3383589217115336, -0.6946841591120001]], "trans": [350.3172583, 549.755801798, 325.382659961]}], "rb_4XMM.renamed.noAb_Nup120_715-1036_Nup85_553-744_Nup145c_92-99_554-712_remaining_updated.pdb_0": [{"rot": [[0.23628869176199996, -0.24833460680059272, 0.9394134218812278], [0.801589515271212, 0.596253353159, -0.04400213465176722], [-0.549201149992119, 0.7634211563166453, 0.339950341867]], "trans": [440.274221723, 613.279878561, 349.949983082]}], "rb_4XMM.renamed.noAb_Nup120_2-711_3F7F_updated.pdb_0": [{"rot": [[0.2696228018040001, -0.32222460642677436, -0.9074551491729337], [-0.19105041128192096, -0.9415212759140001, 0.2775561697211618], [-0.943823757433754, 0.09853420733117968, -0.3154167479530001]], "trans": [509.602910064, 262.955461053, 223.288718879]}]}
