{"rb_ScNup133N_56-480_renamed.pdb_0": [{"rot": [[-0.849781957205, 0.4421920558874728, -0.28694391598158975], [0.18064428220884265, -0.267098797303, -0.9465864333406343], [-0.49521537588618103, -0.8562268497245932, 0.147096272205]], "trans": [300.78028821, 611.221311808, 219.78634717399999]}], "rb_ScNup133C_490_881_renamed_relative_3CQC.pdb_0": [{"rot": [[-0.8455825971279999, -0.5227729370018577, -0.10815973267680605], [0.5180721121146887, -0.7546957845259998, -0.4025364076300564], [0.12880744576029704, -0.3964123221560314, 0.9089917011499999]], "trans": [442.880063747, 426.182886326, 317.44438366300005]}], "rb_ScNup84_506-726_ScNup133C_882_1155_renamed_relative_3CQC_new.pdb_0": [{"rot": [[0.9386851050920002, 0.31690871793336517, 0.135790787523498], [-0.024069373152155765, 0.4531261813430001, -0.8911213885086436], [-0.34393449776735574, 0.833213975086437, 0.43297059134100013]], "trans": [429.426932469, 463.62167682000006, 333.41738589]}], "rb_4XMM.renamed.noAb_Nup145c_149-550_Sec13_Nup84_7-436_3IKO_updated.pdb_0": [{"rot": [[0.715187561091, 0.4598585798917717, -0.5263428910516699], [-0.193000050760758, 0.853723047804, 0.48364029821200183], [0.6717571978528045, -0.24430932063302913, 0.6993248336679999]], "trans": [644.419651807, 355.032807688, 300.035521769]}], "rb_4XMM.renamed.noAb_Seh1_Nup85_47_544_3F3F.pdb_0": [{"rot": [[0.6758567452740001, 0.43888740808993904, -0.5921110562113587], [-0.11298675543613007, -0.732178496038, -0.6716759955778892], [-0.7283211193997134, 0.5208574593491272, -0.44525931105000005]], "trans": [612.85786531, 117.51377925899999, 353.54582533]}], "rb_4XMM.renamed.noAb_Nup120_715-1036_Nup85_553-744_Nup145c_92-99_554-712_remaining_updated.pdb_0": [{"rot": [[-0.047401682148400015, -0.933155698209129, -0.35633344416337775], [-0.6522023480419424, -0.24128131096500005, 0.7186205022037626], [-0.7565614170297604, 0.26646532960001373, -0.59716919745]], "trans": [454.090747618, 211.09426918200003, 314.380495385]}], "rb_4XMM.renamed.noAb_Nup120_2-711_3F7F_updated.pdb_0": [{"rot": [[0.017878428953499892, 0.45340537155654714, 0.8911250926900354], [-0.040809532785394065, -0.8901939173920002, 0.45375034046502133], [0.9990069788605045, -0.04447874191065154, 0.0025879926686800947]], "trans": [649.617133765, 92.760210922, 263.039762524]}]}
