{"rb_ScNup133N_56-480_renamed.pdb_0": [{"rot": [[-0.9345334552050001, -0.1258387126620476, 0.33288412322933475], [-0.06657623533315601, 0.9807017207530001, 0.1838252969560203], [-0.34959237118602654, 0.14962871819160733, -0.9248764353690001]], "trans": [324.499412936, 481.281004228, 329.674699577]}], "rb_ScNup133C_490_881_renamed_relative_3CQC.pdb_0": [{"rot": [[0.5370441625900002, -0.4681998589959433, -0.701692567627864], [-0.5295535331756736, -0.8346202649400001, 0.15159838011220694], [-0.6566251768925455, 0.2901687532930849, -0.6961648308290003]], "trans": [614.894128188, 483.926101501, 332.601518064]}], "rb_ScNup84_506-726_ScNup133C_882_1155_renamed_relative_3CQC_new.pdb_0": [{"rot": [[-0.7982474873730001, -0.5771065734510823, -0.1724788444483638], [-0.4669600246538704, 0.412058186573, 0.782404234557449], [-0.38045930699346686, 0.705092939801358, -0.59841011185]], "trans": [564.323591609, 427.737843755, 310.458218936]}], "rb_4XMM.renamed.noAb_Nup145c_149-550_Sec13_Nup84_7-436_3IKO_updated.pdb_0": [{"rot": [[0.7986177914149999, -0.3824534171691037, -0.464692378817539], [0.41616235507224714, 0.908703195562, -0.032671036043114], [0.434762598961949, -0.16729580410484027, 0.8848692538859999]], "trans": [508.630534029, 614.346765021, 267.948635031]}], "rb_4XMM.renamed.noAb_Seh1_Nup85_47_544_3F3F.pdb_0": [{"rot": [[-0.09117928738699999, -0.3398885972544448, -0.9360352979498181], [0.964991287329946, 0.20196589175099994, -0.16733676806523162], [0.2459230630276319, -0.918523554420696, 0.30957442892700004]], "trans": [524.032056897, 583.451463727, 247.706906114]}], "rb_4XMM.renamed.noAb_Nup120_715-1036_Nup85_553-744_Nup145c_92-99_554-712_remaining_updated.pdb_0": [{"rot": [[0.3030687562069999, 0.3234639744926975, -0.8963929864833444], [-0.3494713018766118, -0.83737580792, -0.42032316790178637], [-0.8865772037311854, 0.44065044368037887, -0.14074106830799998]], "trans": [587.062447056, 424.646633721, 330.567599138]}], "rb_4XMM.renamed.noAb_Nup120_2-711_3F7F_updated.pdb_0": [{"rot": [[0.7754268848900001, -0.5783857101089128, 0.2533438701283286], [0.260043887576518, 0.6581267785640001, 0.7065736478747724], [-0.5754044861867884, -0.4820156778350475, 0.6607348663400001]], "trans": [386.595595352, 681.0710086410002, 122.66369697499998]}]}
