{"rb_ScNup133N_56-480_renamed.pdb_0": [{"rot": [[0.0022171113950300025, 0.769935274571614, -0.6381181374850549], [-0.42484241704738024, -0.5769433799810001, -0.6975996394590805], [-0.9052646050157942, 0.27264630800073675, 0.32582201527699983]], "trans": [627.693549044, 307.88481756499993, -10.280747988299993]}], "rb_ScNup133C_490_881_renamed_relative_3CQC.pdb_0": [{"rot": [[0.48276547858100005, -0.7994153375686708, 0.3575928001937764], [0.8729744052091273, 0.40680695080599993, -0.269116689608235], [0.06966477259152101, 0.44208960950908227, 0.894261481125]], "trans": [520.065439637, 398.245483015, 256.19491058]}], "rb_ScNup84_506-726_ScNup133C_882_1155_renamed_relative_3CQC_new.pdb_0": [{"rot": [[-0.6894552590780001, -0.7227104862563538, 0.04838386905563308], [-0.17539313298055892, 0.23138622999400005, 0.9569209274921454], [-0.7027721498700358, 0.6512679676018686, -0.28628890956999997]], "trans": [560.517078175, 339.399742267, 318.99057254]}], "rb_4XMM.renamed.noAb_Nup145c_149-550_Sec13_Nup84_7-436_3IKO_updated.pdb_0": [{"rot": [[-0.31681906401899995, -0.8986804241828401, 0.3033136592121679], [0.4750235743808404, -0.4271301025289999, -0.7693584855553464], [0.8209618045052856, -0.09966629673122401, 0.5622173466189999]], "trans": [454.648593904, 533.278926448, 318.987180051]}], "rb_4XMM.renamed.noAb_Seh1_Nup85_47_544_3F3F.pdb_0": [{"rot": [[0.991688306747, 0.07090693631169767, 0.1073615789943349], [-0.12661006633970143, 0.6862859888759999, 0.7162272213298985], [-0.022895269439872627, -0.7238672170055637, 0.689559322163]], "trans": [500.68316588, 590.927079158, 252.89503129800002]}], "rb_4XMM.renamed.noAb_Nup120_715-1036_Nup85_553-744_Nup145c_92-99_554-712_remaining_updated.pdb_0": [{"rot": [[-0.3045747391719999, 0.516311261966612, 0.800410462840631], [0.27505080030764445, -0.7568604664630001, 0.5928821902836469], [0.9119107881303044, 0.40073047684429336, 0.08850875335079994]], "trans": [531.823265969, 445.35697677099995, 400.970156193]}], "rb_4XMM.renamed.noAb_Nup120_2-711_3F7F_updated.pdb_0": [{"rot": [[-0.6549066009539999, -0.46746315402962374, 0.5937807201750108], [0.6419234114937298, 0.07051517632750015, 0.7635194455177636], [-0.39878776034769414, 0.8811956704002679, 0.25389468813799987]], "trans": [316.343022348, 618.518055692, 453.895325474]}]}
