{"rb_ScNup133N_56-480_renamed.pdb_0": [{"rot": [[0.28977869497, 0.8949427608595089, -0.33927240195253694], [-0.6419874516444672, -0.08115567887519992, -0.7624079404868159], [-0.709845349264561, 0.4387382027718415, 0.5510248356980001]], "trans": [609.901601393, 445.89125141, 34.80699725490001]}], "rb_ScNup133C_490_881_renamed_relative_3CQC.pdb_0": [{"rot": [[0.5887988008410001, -0.4910477860211137, 0.6420187255617729], [0.2200299559010151, 0.8616812922000001, 0.4572659720323998], [-0.7777549682479681, -0.12797430412508848, 0.615402134258]], "trans": [459.80369172300004, 543.660753141, 246.406388813]}], "rb_ScNup84_506-726_ScNup133C_882_1155_renamed_relative_3CQC_new.pdb_0": [{"rot": [[0.7106325419199999, 0.33854855332525624, -0.6167546249568748], [0.48355533666623995, 0.401734396422, 0.7776784111141639], [0.5110534480325112, -0.8508785763978473, 0.12177857562500002]], "trans": [521.905727103, 518.399428919, 262.142687384]}], "rb_4XMM.renamed.noAb_Nup145c_149-550_Sec13_Nup84_7-436_3IKO_updated.pdb_0": [{"rot": [[0.012443988385300087, -0.9951030761346666, 0.09805618297889343], [-0.9996723969910111, -0.014574393169900113, -0.02104009881096909], [0.022366176412446738, -0.09776223673307032, -0.994958440952]], "trans": [500.583853279, 389.743297235, 264.990538464]}], "rb_4XMM.renamed.noAb_Seh1_Nup85_47_544_3F3F.pdb_0": [{"rot": [[0.9112330880169999, -0.03904695088751417, 0.4100360897889238], [-0.2818880843403636, -0.784965416014, 0.5516959339789337], [0.3003221057629998, -0.6183078774270597, -0.726293330206]], "trans": [631.120096533, 313.31221523, 209.371495187]}], "rb_4XMM.renamed.noAb_Nup120_715-1036_Nup85_553-744_Nup145c_92-99_554-712_remaining_updated.pdb_0": [{"rot": [[0.3413319642810001, 0.8717571494556203, 0.35147114039859007], [0.26886309758385896, -0.448856984857, 0.8521971848713743], [0.900669265001136, -0.19638451954798847, -0.38759256386599994]], "trans": [712.095983473, 355.763059301, 258.799561913]}], "rb_4XMM.renamed.noAb_Nup120_2-711_3F7F_updated.pdb_0": [{"rot": [[0.2634665714280001, -0.8967512228285041, -0.3555595732019563], [-0.42159880921839876, 0.22447959575699997, -0.8785575423126264], [0.8676634196539594, 0.38137403614346455, -0.3189263782600001]], "trans": [364.30000501199993, 551.741212766, 390.415816574]}]}
