{"rb_ScNup133N_56-480_renamed.pdb_0": [{"rot": [[0.3460122144849999, 0.5375588071130094, 0.7689642880670235], [0.9379185181349822, -0.17706433233099989, -0.298256727594963], [-0.02417438244640796, 0.824426316362727, -0.5654527815139999]], "trans": [585.326371028, 688.673244989, 297.082591849]}], "rb_ScNup133C_490_881_renamed_relative_3CQC.pdb_0": [{"rot": [[-0.797116063496, -0.2566845090941654, -0.5465519592021681], [-0.07280611793493424, 0.9394010965300001, -0.33499977467078695], [0.5994207624931636, -0.22724137525838223, -0.767499906751]], "trans": [591.550957356, 477.672137806, 310.181282186]}], "rb_ScNup84_506-726_ScNup133C_882_1155_renamed_relative_3CQC_new.pdb_0": [{"rot": [[-0.7982474873730001, -0.5771065734510823, -0.1724788444483638], [-0.4669600246538704, 0.412058186573, 0.782404234557449], [-0.38045930699346686, 0.705092939801358, -0.59841011185]], "trans": [564.323591609, 427.737843755, 310.458218936]}], "rb_4XMM.renamed.noAb_Nup145c_149-550_Sec13_Nup84_7-436_3IKO_updated.pdb_0": [{"rot": [[0.4457111590900003, -0.6414536298004989, -0.6244027574237747], [0.3035546834536487, -0.5478886827410001, 0.779533543523104], [-0.8421378253089002, -0.5369871806105772, -0.04948384629250013]], "trans": [538.484427443, 473.95745666700003, 215.18358045800002]}], "rb_4XMM.renamed.noAb_Seh1_Nup85_47_544_3F3F.pdb_0": [{"rot": [[-0.27187078919899993, 0.11479783696480056, 0.955462050846875], [0.07188908535991134, 0.992507859275, -0.09879326233844218], [-0.9596448475276822, 0.04182829073199082, -0.27808660648799993]], "trans": [647.913011617, 655.884926507, 285.907873335]}], "rb_4XMM.renamed.noAb_Nup120_715-1036_Nup85_553-744_Nup145c_92-99_554-712_remaining_updated.pdb_0": [{"rot": [[0.07926670916299994, 0.5456433523580051, -0.8342602236988087], [-0.8906180432216237, -0.337171850228, -0.3051469228124597], [-0.4477904531212725, 0.7671952003508267, 0.45923331178399995]], "trans": [668.170762574, 482.68729979, 363.61696658799997]}], "rb_4XMM.renamed.noAb_Nup120_2-711_3F7F_updated.pdb_0": [{"rot": [[0.16190237920099992, 0.32724948319252917, 0.9309647659064646], [0.5029209335492423, -0.8390601794780002, 0.20748144450120126], [0.84903365905423, 0.4346099296663261, -0.30042645494100007]], "trans": [541.0684813369999, 397.39672583800007, 346.358064756]}]}
