{"rb_ScNup133N_56-480_renamed.pdb_0": [{"rot": [[-0.569818860582, 0.04287583148812557, -0.820651039845337], [-0.7753926877285325, -0.3587922746520001, 0.5196482305051813], [-0.27216290331739484, 0.932432178082806, 0.23769221134400004]], "trans": [489.386969743, 375.93597413199996, 119.599034408]}], "rb_ScNup133C_490_881_renamed_relative_3CQC.pdb_0": [{"rot": [[-0.17844115942299998, -0.9620498384863665, 0.2064433600097894], [-0.18439602137886085, -0.17339725481000012, -0.9674355272182238], [0.9665179046057151, -0.21069765136971008, -0.1464569553959999]], "trans": [477.332080688, 638.372197916, 283.679022737]}], "rb_ScNup84_506-726_ScNup133C_882_1155_renamed_relative_3CQC_new.pdb_0": [{"rot": [[0.7106325419199999, 0.33854855332525624, -0.6167546249568748], [0.48355533666623995, 0.401734396422, 0.7776784111141639], [0.5110534480325112, -0.8508785763978473, 0.12177857562500002]], "trans": [521.905727103, 518.399428919, 262.142687384]}], "rb_4XMM.renamed.noAb_Nup145c_149-550_Sec13_Nup84_7-436_3IKO_updated.pdb_0": [{"rot": [[-0.27865353264900017, 0.36469719090891634, 0.8884526817368374], [-0.4827265838462252, -0.8529291072100001, 0.19871331943809295], [0.8302573420273898, -0.37350755951800724, 0.4137207379290001]], "trans": [458.351668921, 452.33276314399995, 318.33959101]}], "rb_4XMM.renamed.noAb_Seh1_Nup85_47_544_3F3F.pdb_0": [{"rot": [[0.9541704990390001, -0.03369171348757509, 0.2973609375925779], [0.09880891731075912, 0.9733872604900002, -0.20677049832035596], [-0.2824808960328848, 0.22667622186291156, 0.932106449832]], "trans": [469.023219766, 687.991783614, 327.772654099]}], "rb_4XMM.renamed.noAb_Nup120_715-1036_Nup85_553-744_Nup145c_92-99_554-712_remaining_updated.pdb_0": [{"rot": [[-0.394935615747, 0.6181764136469438, 0.6796203212273312], [-0.6663580098353915, 0.31650834805699996, -0.6751218174066405], [-0.632449889036874, -0.7195000953584592, 0.286926385396]], "trans": [499.71189954, 573.035920325, 210.891708474]}], "rb_4XMM.renamed.noAb_Nup120_2-711_3F7F_updated.pdb_0": [{"rot": [[0.5792448983939998, -0.31992172063563007, 0.7497502519839938], [0.010089301320081234, -0.9168814236479997, -0.39903215530592184], [0.8150911321339456, 0.2387017964631909, -0.5278711004419999]], "trans": [387.44269760400005, 320.84727770999996, 487.753602176]}]}
