{"rb_ScNup133N_56-480_renamed.pdb_0": [{"rot": [[0.30009140335200013, 0.9236656969384901, 0.2382998739684108], [-0.1746410029115174, 0.29878987038000016, -0.9382031408284466], [-0.9377876463977795, 0.23992976817693118, 0.250974175178]], "trans": [493.527594505, 466.311152842, 83.05644586710002]}], "rb_ScNup133C_490_881_renamed_relative_3CQC.pdb_0": [{"rot": [[0.7886434247670001, 0.3921411811543277, 0.4735682027065014], [0.10438070271373712, -0.8444256445920001, 0.5254046056672628], [0.6059259174789965, -0.3649255058203991, -0.7068827043640001]], "trans": [522.456226612, 341.158682781, 377.889813435]}], "rb_ScNup84_506-726_ScNup133C_882_1155_renamed_relative_3CQC_new.pdb_0": [{"rot": [[-0.569297757955, -0.5617632912277539, 0.6002683295130369], [-0.11613218326089872, 0.7777649543999999, 0.6177337547181818], [-0.8138878170844352, 0.28196396992546335, -0.508018642242]], "trans": [525.063752279, 368.972885627, 339.499470185]}], "rb_4XMM.renamed.noAb_Nup145c_149-550_Sec13_Nup84_7-436_3IKO_updated.pdb_0": [{"rot": [[0.9438386227870001, 0.30773111315210616, -0.12029221144240672], [-0.020298887850949743, 0.41739150066100017, 0.9085000221948114], [0.32978266978049897, -0.8550356116408977, 0.4001968185010001]], "trans": [682.402419445, 355.322488612, 214.66163765599998]}], "rb_4XMM.renamed.noAb_Seh1_Nup85_47_544_3F3F.pdb_0": [{"rot": [[-0.7002346617869999, 0.3127457294915564, 0.6417643859835476], [0.024127714875674777, 0.9087931736529999, -0.4165487017103596], [-0.7135049206606243, -0.27619753113759404, -0.6439143203769999]], "trans": [558.377374368, 526.409941136, 241.71051554300004]}], "rb_4XMM.renamed.noAb_Nup120_715-1036_Nup85_553-744_Nup145c_92-99_554-712_remaining_updated.pdb_0": [{"rot": [[0.21475444724699994, 0.9390083837541909, 0.2685959467806201], [0.31232283181453613, 0.19454476706900015, -0.9298423427298939], [-0.9253836912951214, 0.28357642505224345, -0.2514944035950001]], "trans": [652.808798009, 418.675704793, 321.291246755]}], "rb_4XMM.renamed.noAb_Nup120_2-711_3F7F_updated.pdb_0": [{"rot": [[0.09078552005950001, -0.6222831995510747, 0.7775098770459469], [-0.9927202916897331, 0.005500675566280075, 0.12031693578115144], [-0.07914803734128417, -0.7827728675195582, -0.61725377768]], "trans": [324.295376618, 302.503684235, 131.58866361999998]}]}
