{"rb_ScNup133N_56-480_renamed.pdb_0": [{"rot": [[0.4462351970800001, 0.8000519748111017, 0.400987514129592], [-0.13450882387593688, 0.5029437465379999, -0.8537885945114472], [-0.8847494137813745, 0.3270541628219648, 0.33204525202799995]], "trans": [600.16669691, 259.407604323, -1.979808656820012]}], "rb_ScNup133C_490_881_renamed_relative_3CQC.pdb_0": [{"rot": [[0.07675969158039997, 0.7931090076307992, -0.6042235114288179], [-0.7800135175601379, -0.32970143985300004, -0.531860764657743], [-0.6210369249665775, 0.5121279748009745, 0.5933279660139998]], "trans": [606.7003127979999, 172.308841001, 265.88322102]}], "rb_ScNup84_506-726_ScNup133C_882_1155_renamed_relative_3CQC_new.pdb_0": [{"rot": [[-0.10853605252499997, -0.2551778458007322, 0.960783114087039], [0.3702513090060625, 0.8865783711889998, 0.27729543797032996], [-0.9225691808648214, 0.38582775788213797, -0.001745785225829924]], "trans": [509.5600481359999, 113.19627121399999, 317.74844657]}], "rb_4XMM.renamed.noAb_Nup145c_149-550_Sec13_Nup84_7-436_3IKO_updated.pdb_0": [{"rot": [[0.014452862686999912, -0.8310274024706412, 0.556043677333939], [0.4971581624201607, -0.47651819105000015, -0.7250959765006594], [0.8675395531612147, 0.2869213654319501, 0.40626500435]], "trans": [454.31476609999993, 484.008342914, 357.500815518]}], "rb_4XMM.renamed.noAb_Seh1_Nup85_47_544_3F3F.pdb_0": [{"rot": [[-0.8273910010779999, -0.10926275120771059, -0.5508954370238212], [-0.02074538814994619, 0.986169571727, -0.1644360199904306], [0.5612430491379409, -0.12462434352207098, -0.8182145273679999]], "trans": [469.066693083, 639.300485983, 226.244234679]}], "rb_4XMM.renamed.noAb_Nup120_715-1036_Nup85_553-744_Nup145c_92-99_554-712_remaining_updated.pdb_0": [{"rot": [[-0.6798264463760001, 0.6811797548914282, 0.27171702989292645], [-0.5385724362428692, -0.2122421897500001, -0.8154097030386295], [-0.4977707642351049, -0.7006763835153708, 0.5111524937400002]], "trans": [582.484958484, 498.92044359299996, 183.23947659699996]}], "rb_4XMM.renamed.noAb_Nup120_2-711_3F7F_updated.pdb_0": [{"rot": [[0.06638507993789997, -0.9951346573396604, -0.07280133874535227], [-0.44572268274077637, 0.03570216953830002, -0.8944588560580211], [0.8927061729662251, 0.09182793067327272, -0.4411839977790001]], "trans": [284.822341603, 552.779564425, 450.658454541]}]}
