{"rb_ScNup133N_56-480_renamed.pdb_0": [{"rot": [[0.9183516023160001, -0.27794957637867584, 0.2817345692572178], [0.38713297627358983, 0.4830261953099999, -0.7853749125900942], [0.08220944717724062, 0.8303190517116059, 0.5511913271809998]], "trans": [746.866450191, 667.303917259, 154.47636357]}], "rb_ScNup133C_490_881_renamed_relative_3CQC.pdb_0": [{"rot": [[0.32981918848599995, 0.18057318777083933, 0.9266135261071434], [-0.6174368309584913, -0.7012373267910001, 0.3564238646484654], [0.7141365854529315, -0.6896807488782686, -0.11978898924499992]], "trans": [511.78359601899996, 402.58989472, 215.83044159]}], "rb_ScNup84_506-726_ScNup133C_882_1155_renamed_relative_3CQC_new.pdb_0": [{"rot": [[-0.611607527505, 0.7718124630397939, 0.17390156467285572], [0.713351167942052, 0.633027962188, -0.30067542347823917], [-0.34214959227643543, -0.05984246806871277, -0.9377379887370001]], "trans": [560.103015709, 428.864760977, 280.236691416]}], "rb_4XMM.renamed.noAb_Nup145c_149-550_Sec13_Nup84_7-436_3IKO_updated.pdb_0": [{"rot": [[0.012452972858300104, 0.9992161253696544, -0.037577363774559946], [-0.3104611435800947, 0.03958672589070006, 0.949761427654437], [0.9505044985658566, -0.0001610419502658944, 0.310710753389]], "trans": [624.065985443, 467.41805763799994, 342.394805839]}], "rb_4XMM.renamed.noAb_Seh1_Nup85_47_544_3F3F.pdb_0": [{"rot": [[0.12752799547600008, -0.9375001119548507, -0.32377484530845746], [-0.023705214083855897, 0.3234659990660001, -0.9459428155409146], [0.9915516492826342, 0.12830934312386083, 0.019027329608000076]], "trans": [354.791801698, 543.710374155, 331.85382195]}], "rb_4XMM.renamed.noAb_Nup120_715-1036_Nup85_553-744_Nup145c_92-99_554-712_remaining_updated.pdb_0": [{"rot": [[0.3888884308969998, -0.5215475861678467, 0.7594431536836458], [0.7979821967944043, 0.6026581340729997, 0.0052523361303963845], [-0.46042393716405094, 0.6039795433606525, 0.6505524646699999]], "trans": [433.164183158, 596.361306217, 339.403087562]}], "rb_4XMM.renamed.noAb_Nup120_2-711_3F7F_updated.pdb_0": [{"rot": [[-0.285369786955, 0.9283517505195861, 0.23817454104181268], [0.6822091404929916, 0.022210589349699827, 0.7308196619882037], [0.6731677155962482, 0.3710387001755466, -0.639668280948]], "trans": [709.895704497, 429.804660788, 405.1094117079999]}]}
