{"rb_ScNup133N_56-480_renamed.pdb_0": [{"rot": [[0.9519043260900002, 0.12076753364149796, -0.28159076119307], [0.17072031299306223, -0.9722171151230001, 0.16015135276813058], [-0.2544262736092595, -0.20052202841598477, -0.9460751489270003]], "trans": [793.506515937, 575.138673879, 303.03626925]}], "rb_ScNup133C_490_881_renamed_relative_3CQC.pdb_0": [{"rot": [[-0.826834408185, 0.08910620000084157, -0.5553421887114024], [-0.37580693507882945, 0.6470912401170003, 0.6633566721685245], [0.4184662578846918, 0.757187567307634, -0.5015505746450001]], "trans": [523.869154618, 532.307568658, 311.401412486]}], "rb_ScNup84_506-726_ScNup133C_882_1155_renamed_relative_3CQC_new.pdb_0": [{"rot": [[0.7106325419199999, 0.33854855332525624, -0.6167546249568748], [0.48355533666623995, 0.401734396422, 0.7776784111141639], [0.5110534480325112, -0.8508785763978473, 0.12177857562500002]], "trans": [521.905727103, 518.399428919, 262.142687384]}], "rb_4XMM.renamed.noAb_Nup145c_149-550_Sec13_Nup84_7-436_3IKO_updated.pdb_0": [{"rot": [[-0.28433883623100015, 0.3425031810936246, 0.895456865042392], [-0.5279064355869796, -0.8355941678000001, 0.15197757072830095], [0.8002913353752188, -0.42950431625232055, 0.4184015067420002]], "trans": [455.991069436, 453.21674409, 313.623883193]}], "rb_4XMM.renamed.noAb_Seh1_Nup85_47_544_3F3F.pdb_0": [{"rot": [[-0.21051890681199986, -0.8742553527239117, -0.4374464174139148], [-0.724743114006951, -0.1607322936110001, 0.6700093644793741], [-0.6560710392740927, 0.45808591773174573, -0.5997733600300001]], "trans": [335.278694149, 505.380099297, 399.026941982]}], "rb_4XMM.renamed.noAb_Nup120_715-1036_Nup85_553-744_Nup145c_92-99_554-712_remaining_updated.pdb_0": [{"rot": [[-0.29306658898499993, 0.4871253298835083, 0.822691246705944], [0.9298632519222032, -0.05494678904519998, 0.36377903059176936], [0.22241022266380256, 0.8716018376297203, -0.436856875298]], "trans": [486.08793258799994, 557.585625278, 465.23048209500007]}], "rb_4XMM.renamed.noAb_Nup120_2-711_3F7F_updated.pdb_0": [{"rot": [[-0.35034165693600006, -0.7771427180816552, 0.5227905117233814], [-0.5530075937242445, -0.27885975569700006, -0.7851240907881571], [0.7559387043263884, -0.564168797777107, -0.33206963564299996]], "trans": [298.087091581, 502.592015826, 181.32318364]}]}
