{"rb_ScNup133N_56-480_renamed.pdb_0": [{"rot": [[-0.8335438989650001, 0.23645496483462122, -0.49929311842171814], [-0.5375890901537601, -0.5554014463690001, 0.6344503160365476], [-0.1272891929657745, 0.7972567233810455, 0.5900670965050001]], "trans": [309.276200323, 348.19785900100004, 195.85680339700002]}], "rb_ScNup133C_490_881_renamed_relative_3CQC.pdb_0": [{"rot": [[-0.22756423753299998, -0.7230851715866075, -0.652198092934647], [-0.9170792401749343, 0.3843254549779999, -0.10611131841664373], [0.32738384968747214, 0.5739701902429424, -0.7505851288669998]], "trans": [445.645233662, 541.978207928, 386.826398965]}], "rb_ScNup84_506-726_ScNup133C_882_1155_renamed_relative_3CQC_new.pdb_0": [{"rot": [[-0.03784085490289993, 0.9489548761722828, 0.31313369778588945], [0.5480730011274488, -0.24231248030200006, 0.8005627066788985], [0.8355740871612576, 0.20191410272375715, -0.5109272355099999]], "trans": [357.785107109, 490.97099039, 398.480786793]}], "rb_4XMM.renamed.noAb_Nup145c_149-550_Sec13_Nup84_7-436_3IKO_updated.pdb_0": [{"rot": [[0.417996979221, 0.316155915724627, -0.8516595342708503], [0.004219567586495998, -0.9381536181710001, -0.3461935642989981], [-0.9084386168649493, 0.14111422913719263, -0.3934794196949999]], "trans": [649.449889276, 490.58414036100004, 269.054868198]}], "rb_4XMM.renamed.noAb_Seh1_Nup85_47_544_3F3F.pdb_0": [{"rot": [[-0.8926251923209999, 0.354178097578969, -0.27888732712197595], [-0.0018614314988127656, -0.6215409046089999, -0.7833794986917906], [-0.4507957421124039, -0.6987451460247636, 0.5554623477789999]], "trans": [589.724227403, 572.8216028670001, 277.094256358]}], "rb_4XMM.renamed.noAb_Nup120_715-1036_Nup85_553-744_Nup145c_92-99_554-712_remaining_updated.pdb_0": [{"rot": [[0.23234451258200015, -0.969658075968255, -0.07602133373320041], [-0.4831250464616864, -0.047220504693500004, -0.8742770804601276], [0.844160065955756, 0.23986129251305427, -0.47943752815099994]], "trans": [487.2485538160001, 590.234837979, 373.578513151]}], "rb_4XMM.renamed.noAb_Nup120_2-711_3F7F_updated.pdb_0": [{"rot": [[-0.0780068483851999, 0.9904938526155299, -0.11329986555973237], [0.6405907366841187, 0.136879254206, 0.7555842625693757], [0.7639099683074613, -0.013638097332628107, -0.6451787059579998]], "trans": [883.076960076, 605.682264818, 363.703128399]}]}
