{"rb_ScNup133N_56-480_renamed.pdb_0": [{"rot": [[-0.741387295956, 0.6710773890467593, 0.00012371432795856008], [-0.6378920940712597, -0.70466784298, -0.31070389020946837], [-0.20841917789981274, -0.23043083339713574, 0.950506747637]], "trans": [320.51935494199995, 364.464718112, 140.27942022600004]}], "rb_ScNup133C_490_881_renamed_relative_3CQC.pdb_0": [{"rot": [[0.830484054808, 0.4861406290033573, -0.27196235684719844], [-0.028722402734942948, 0.5249473841959998, 0.8506499088384769], [0.5563014095711016, -0.6986397731721243, 0.4499235591199999]], "trans": [611.45405537, 485.1353256130001, 271.15464349]}], "rb_ScNup84_506-726_ScNup133C_882_1155_renamed_relative_3CQC_new.pdb_0": [{"rot": [[-0.629290342068, -0.16513948942904183, -0.7594225532673196], [0.6067721822885814, 0.5061811698430001, -0.6128687804882252], [0.4856142339148348, -0.8464688844414113, -0.21833287313600014]], "trans": [654.284060932, 592.550707036, 335.334045595]}], "rb_4XMM.renamed.noAb_Nup145c_149-550_Sec13_Nup84_7-436_3IKO_updated.pdb_0": [{"rot": [[-0.8967509429309999, -0.2350132696842655, -0.3749753450890779], [-0.3992849596464687, 0.795038242145, 0.45660235930961435], [0.19081212580043294, 0.559180611787729, -0.8067885572120002]], "trans": [543.82490992, 386.673364328, 342.929837038]}], "rb_4XMM.renamed.noAb_Seh1_Nup85_47_544_3F3F.pdb_0": [{"rot": [[0.41919955611199994, -0.8609517912836889, -0.2881557655867911], [-0.5556130194030701, -0.494291949534, 0.6685578817841289], [-0.7180291810402318, -0.12015607230300546, -0.68556299015]], "trans": [481.619092725, 327.848997472, 262.65886864]}], "rb_4XMM.renamed.noAb_Nup120_715-1036_Nup85_553-744_Nup145c_92-99_554-712_remaining_updated.pdb_0": [{"rot": [[0.877913685212, 0.4706909535481605, -0.08784980116886333], [0.42805314728789023, -0.853728188456, -0.2965108485916972], [-0.21456482566911367, 0.22270654791352687, -0.9509804041629999]], "trans": [688.924213136, 318.492413715, 291.336917415]}], "rb_4XMM.renamed.noAb_Nup120_2-711_3F7F_updated.pdb_0": [{"rot": [[-0.978222142135, -0.1935013623237123, -0.0750910341897035], [0.18009583039131533, -0.9711385523609999, 0.15638223682325256], [-0.1031839741068078, 0.1394529845397677, 0.9848380235299999]], "trans": [509.7457770330001, 266.660039159, 184.942683197]}]}
