{"rb_ScNup133N_56-480_renamed.pdb_0": [{"rot": [[-0.700132950627, 0.5078867275029226, 0.5018614584451598], [0.7111551860893526, 0.5588390978169999, 0.4265643726910396], [-0.0638134213512278, 0.6555531517561743, -0.75244794669]], "trans": [255.28559484699997, 398.668064756, 372.703064795]}], "rb_ScNup133C_490_881_renamed_relative_3CQC.pdb_0": [{"rot": [[-0.49410083121299997, 0.4770666942649814, 0.7268230443634167], [-0.7854912072545001, -0.603290457116, -0.13800067999338206], [0.37264987846568615, -0.6390993612701006, 0.672818009943]], "trans": [503.385720831, 218.25891353, 253.15844146400002]}], "rb_ScNup84_506-726_ScNup133C_882_1155_renamed_relative_3CQC_new.pdb_0": [{"rot": [[-0.7189618726600001, 0.6293813653422646, 0.2949117200470891], [0.3245162902150104, -0.07125052519099995, 0.9431927374853423], [0.6146405478377692, 0.7738232741523826, -0.1530180947919999]], "trans": [516.581805217, 119.479161573, 290.891466988]}], "rb_4XMM.renamed.noAb_Nup145c_149-550_Sec13_Nup84_7-436_3IKO_updated.pdb_0": [{"rot": [[0.014452862686999912, -0.8310274024706412, 0.556043677333939], [0.4971581624201607, -0.47651819105000015, -0.7250959765006594], [0.8675395531612147, 0.2869213654319501, 0.40626500435]], "trans": [454.31476609999993, 484.008342914, 357.500815518]}], "rb_4XMM.renamed.noAb_Seh1_Nup85_47_544_3F3F.pdb_0": [{"rot": [[0.907447137402, 0.09866167018075414, 0.4084183733110692], [-0.30469567908951223, 0.8238315661830001, 0.4779770849158422], [-0.2893099306368462, -0.5581822510592838, 0.77764538103]], "trans": [634.279180042, 659.214916974, 280.004665706]}], "rb_4XMM.renamed.noAb_Nup120_715-1036_Nup85_553-744_Nup145c_92-99_554-712_remaining_updated.pdb_0": [{"rot": [[0.657505191932, 0.6258701408596181, -0.4194919419521974], [-0.24488303419776253, -0.34901988832099995, -0.9045537115718969], [-0.7125441896083087, 0.6974752213066489, -0.07621740955109993]], "trans": [662.093530474, 499.20143264, 358.229461935]}], "rb_4XMM.renamed.noAb_Nup120_2-711_3F7F_updated.pdb_0": [{"rot": [[0.16190237920099992, 0.32724948319252917, 0.9309647659064646], [0.5029209335492423, -0.8390601794780002, 0.20748144450120126], [0.84903365905423, 0.4346099296663261, -0.30042645494100007]], "trans": [541.0684813369999, 397.39672583800007, 346.358064756]}]}
