{"rb_ScNup133N_56-480_renamed.pdb_0": [{"rot": [[-0.28510668988299986, 0.7636592351076334, 0.5792570655751931], [0.9548622945698404, 0.278862636546, 0.10234074627162487], [-0.08337969652606414, 0.5822887621905801, -0.8086950127420001]], "trans": [289.95941041, 665.660488008, 440.426090658]}], "rb_ScNup133C_490_881_renamed_relative_3CQC.pdb_0": [{"rot": [[0.843239120132, -0.45456497736818396, -0.2869119510046121], [0.5374932130945533, 0.7060789681270001, 0.46103528785333125], [-0.006988000880342765, -0.5429762168999424, 0.8397189980730002]], "trans": [445.93227312499994, 464.537730497, 328.7744480250001]}], "rb_ScNup84_506-726_ScNup133C_882_1155_renamed_relative_3CQC_new.pdb_0": [{"rot": [[-0.6380872334529999, -0.22493068656338977, 0.7363768523972076], [-0.01976669205123692, 0.960848421306, 0.27636857484004795], [-0.7697103093954558, 0.1617915248580398, -0.6175512465329998]], "trans": [389.439431656, 478.27715794, 427.720125212]}], "rb_4XMM.renamed.noAb_Nup145c_149-550_Sec13_Nup84_7-436_3IKO_updated.pdb_0": [{"rot": [[0.35742898089999997, -0.6508117004163007, -0.6698422606957781], [0.9328815157504905, 0.21464786511800005, 0.2892375694327283], [-0.044458983162628085, -0.7282653531519458, 0.683851573234]], "trans": [484.876036282, 606.275901288, 232.90480540600004]}], "rb_4XMM.renamed.noAb_Seh1_Nup85_47_544_3F3F.pdb_0": [{"rot": [[0.9807576907049999, -0.10937907774548158, 0.1617113770720648], [0.19203455075317935, 0.3912605236319999, -0.9000210741778426], [0.03517219697460222, 0.9137567619442063, 0.404736329678]], "trans": [531.785397011, 575.953550837, 328.057758069]}], "rb_4XMM.renamed.noAb_Nup120_715-1036_Nup85_553-744_Nup145c_92-99_554-712_remaining_updated.pdb_0": [{"rot": [[0.10467547304899988, 0.9944779353738297, -0.007528704840361], [-0.5059550496977109, 0.04673473685059992, -0.8612928375743596], [-0.8561848708236761, 0.0939654214384758, 0.5080531139029999]], "trans": [633.854992793, 539.01088148, 256.214625717]}], "rb_4XMM.renamed.noAb_Nup120_2-711_3F7F_updated.pdb_0": [{"rot": [[0.67430302674, 0.35873653136530426, 0.6454638093598005], [0.279412238209923, -0.933033417335, 0.22666592879101416], [0.6835526528862251, 0.027508965814110733, -0.729382634515]], "trans": [499.740931927, 324.65630021, 379.612727683]}]}
