{"rb_ScNup133N_56-480_renamed.pdb_0": [{"rot": [[0.0363177606884999, -0.18278310420468927, -0.9824822426262323], [-0.6294801070322514, -0.7677619999400002, 0.11956716229298345], [-0.7761673885891098, 0.6141106156592874, -0.14294172457799992]], "trans": [726.031038275, 388.908490305, 76.98230793000002]}], "rb_ScNup133C_490_881_renamed_relative_3CQC.pdb_0": [{"rot": [[-0.13880846771599992, -0.9900046497157304, -0.024960024670860392], [0.9059033522210596, -0.11675351770500003, -0.4070721466007655], [0.4000891472221948, -0.07911643094036794, 0.9130549077850001]], "trans": [520.991905554, 574.7963019890001, 248.253402151]}], "rb_ScNup84_506-726_ScNup133C_882_1155_renamed_relative_3CQC_new.pdb_0": [{"rot": [[0.7106325419199999, 0.33854855332525624, -0.6167546249568748], [0.48355533666623995, 0.401734396422, 0.7776784111141639], [0.5110534480325112, -0.8508785763978473, 0.12177857562500002]], "trans": [521.905727103, 518.399428919, 262.142687384]}], "rb_4XMM.renamed.noAb_Nup145c_149-550_Sec13_Nup84_7-436_3IKO_updated.pdb_0": [{"rot": [[0.9438386227870001, 0.30773111315210616, -0.12029221144240672], [-0.020298887850949743, 0.41739150066100017, 0.9085000221948114], [0.32978266978049897, -0.8550356116408977, 0.4001968185010001]], "trans": [682.402419445, 355.322488612, 214.66163765599998]}], "rb_4XMM.renamed.noAb_Seh1_Nup85_47_544_3F3F.pdb_0": [{"rot": [[0.573427296702, -0.4483338580314967, -0.6856951852971043], [0.1284682957196812, -0.777410054852, 0.6157349296652668], [-0.8091211481551555, -0.44116930804126003, -0.38819145952800005]], "trans": [484.34210446300006, 225.515171054, 262.8754352]}], "rb_4XMM.renamed.noAb_Nup120_715-1036_Nup85_553-744_Nup145c_92-99_554-712_remaining_updated.pdb_0": [{"rot": [[-0.8864093548270002, -0.20190283786919253, 0.4165497566144387], [0.14320619721645708, 0.7361129499810002, 0.6615358720047395], [-0.4401936400653499, 0.6460440920948325, -0.6235836674540003]], "trans": [519.114122603, 376.165423254, 363.965332543]}], "rb_4XMM.renamed.noAb_Nup120_2-711_3F7F_updated.pdb_0": [{"rot": [[0.017878428953499892, 0.45340537155654714, 0.8911250926900354], [-0.040809532785394065, -0.8901939173920002, 0.45375034046502133], [0.9990069788605045, -0.04447874191065154, 0.0025879926686800947]], "trans": [649.617133765, 92.760210922, 263.039762524]}]}
