{"rb_ScNup133N_56-480_renamed.pdb_0": [{"rot": [[-0.6572356409890001, 0.7474473191244544, 0.09676681945504015], [-0.4773075940570939, -0.31341817204299993, -0.8209424523610975], [-0.5832827555047437, -0.58574017667127, 0.562751874776]], "trans": [278.743490582, 512.875608861, 132.20671549599996]}], "rb_ScNup133C_490_881_renamed_relative_3CQC.pdb_0": [{"rot": [[-0.22756423753299998, -0.7230851715866075, -0.652198092934647], [-0.9170792401749343, 0.3843254549779999, -0.10611131841664373], [0.32738384968747214, 0.5739701902429424, -0.7505851288669998]], "trans": [445.645233662, 541.978207928, 386.826398965]}], "rb_ScNup84_506-726_ScNup133C_882_1155_renamed_relative_3CQC_new.pdb_0": [{"rot": [[-0.03784085490289993, 0.9489548761722828, 0.31313369778588945], [0.5480730011274488, -0.24231248030200006, 0.8005627066788985], [0.8355740871612576, 0.20191410272375715, -0.5109272355099999]], "trans": [357.785107109, 490.97099039, 398.480786793]}], "rb_4XMM.renamed.noAb_Nup145c_149-550_Sec13_Nup84_7-436_3IKO_updated.pdb_0": [{"rot": [[0.31846390292200005, 0.44797217451884547, 0.8354050953833977], [-0.25287228509666754, -0.8092066405039999, 0.5303208655090045], [0.913584342009908, -0.38013884808196996, -0.14442335757500008]], "trans": [437.693924388, 447.509170471, 407.830549507]}], "rb_4XMM.renamed.noAb_Seh1_Nup85_47_544_3F3F.pdb_0": [{"rot": [[-0.20857596014700008, -0.03522756232123897, 0.9773715197925814], [-0.760759320521031, 0.6338643936660001, -0.13950335724567214], [-0.6146066425683476, -0.7726415399752575, -0.15900857088700004]], "trans": [492.934781013, 468.652890408, 311.219170017]}], "rb_4XMM.renamed.noAb_Nup120_715-1036_Nup85_553-744_Nup145c_92-99_554-712_remaining_updated.pdb_0": [{"rot": [[0.21013005539200014, -0.7659207098506994, -0.6076272097616727], [-0.2833775256371912, -0.6425380476170001, 0.7119283919947827], [-0.9357043003987414, 0.022590342767092153, -0.3520612711290002]], "trans": [402.10828462, 397.4071716000001, 393.962478649]}], "rb_4XMM.renamed.noAb_Nup120_2-711_3F7F_updated.pdb_0": [{"rot": [[-0.712988232644, -0.6798375939124519, 0.1716642828736181], [-0.26966158210232516, 0.03986576890269994, -0.9621295918990682], [0.6472483381587444, -0.7322783394127705, -0.21174990526000004]], "trans": [342.29224806, 559.862870921, 274.72067689200003]}]}
