{"rb_ScNup133N_56-480_renamed.pdb_0": [{"rot": [[0.30009140335200013, 0.9236656969384901, 0.2382998739684108], [-0.1746410029115174, 0.29878987038000016, -0.9382031408284466], [-0.9377876463977795, 0.23992976817693118, 0.250974175178]], "trans": [493.527594505, 466.311152842, 83.05644586710002]}], "rb_ScNup133C_490_881_renamed_relative_3CQC.pdb_0": [{"rot": [[0.7886434247670001, 0.3921411811543277, 0.4735682027065014], [0.10438070271373712, -0.8444256445920001, 0.5254046056672628], [0.6059259174789965, -0.3649255058203991, -0.7068827043640001]], "trans": [522.456226612, 341.158682781, 377.889813435]}], "rb_ScNup84_506-726_ScNup133C_882_1155_renamed_relative_3CQC_new.pdb_0": [{"rot": [[-0.6894552590780001, -0.7227104862563538, 0.04838386905563308], [-0.17539313298055892, 0.23138622999400005, 0.9569209274921454], [-0.7027721498700358, 0.6512679676018686, -0.28628890956999997]], "trans": [560.517078175, 339.399742267, 318.99057254]}], "rb_4XMM.renamed.noAb_Nup145c_149-550_Sec13_Nup84_7-436_3IKO_updated.pdb_0": [{"rot": [[0.487933521366, 0.31111861419629944, -0.8155526265226232], [-0.04269990142341451, -0.9246969058469999, -0.3783019306525082], [-0.8718357627132565, 0.21941020992095744, -0.4379058833089998]], "trans": [651.9464123119999, 490.040105507, 277.958091079]}], "rb_4XMM.renamed.noAb_Seh1_Nup85_47_544_3F3F.pdb_0": [{"rot": [[-0.4326930898730001, 0.19192342611062652, -0.8808757508787008], [0.7016747706974208, -0.5418004790690001, -0.46271455244818505], [-0.5660646660434461, -0.8183016799387381, 0.09976549737540014]], "trans": [550.816622577, 406.845752566, 179.661997522]}], "rb_4XMM.renamed.noAb_Nup120_715-1036_Nup85_553-744_Nup145c_92-99_554-712_remaining_updated.pdb_0": [{"rot": [[0.969455721009, 0.24246103108393263, 0.03698990955160843], [-0.050929254137972266, 0.0514757098798001, 0.997374785306567], [0.23992043696998755, -0.9687945601096689, 0.06225178090660011]], "trans": [611.922473136, 506.30003230799997, 189.96703307]}], "rb_4XMM.renamed.noAb_Nup120_2-711_3F7F_updated.pdb_0": [{"rot": [[-0.712988232644, -0.6798375939124519, 0.1716642828736181], [-0.26966158210232516, 0.03986576890269994, -0.9621295918990682], [0.6472483381587444, -0.7322783394127705, -0.21174990526000004]], "trans": [342.29224806, 559.862870921, 274.72067689200003]}]}
