{"rb_ScNup133N_56-480_renamed.pdb_0": [{"rot": [[-0.8497156141030001, -0.43084024553163075, -0.30390797617009946], [-0.012172434040788438, -0.5602273770600001, 0.8282494297263326], [-0.5271007560221141, 0.7074757726047703, 0.47078957526500015]], "trans": [312.082496452, 356.452871199, 142.72159072799997]}], "rb_ScNup133C_490_881_renamed_relative_3CQC.pdb_0": [{"rot": [[-0.724792336037, -0.656111564546756, -0.21022293997096667], [0.6864042679496235, -0.661364975121, -0.3023996538088967], [0.05937382051519077, -0.36347487471791934, 0.9297100434470003]], "trans": [444.830277947, 419.833698065, 313.606913256]}], "rb_ScNup84_506-726_ScNup133C_882_1155_renamed_relative_3CQC_new.pdb_0": [{"rot": [[0.9386851050920002, 0.31690871793336517, 0.135790787523498], [-0.024069373152155765, 0.4531261813430001, -0.8911213885086436], [-0.34393449776735574, 0.833213975086437, 0.43297059134100013]], "trans": [429.426932469, 463.62167682000006, 333.41738589]}], "rb_4XMM.renamed.noAb_Nup145c_149-550_Sec13_Nup84_7-436_3IKO_updated.pdb_0": [{"rot": [[0.014452862686999912, -0.8310274024706412, 0.556043677333939], [0.4971581624201607, -0.47651819105000015, -0.7250959765006594], [0.8675395531612147, 0.2869213654319501, 0.40626500435]], "trans": [454.31476609999993, 484.008342914, 357.500815518]}], "rb_4XMM.renamed.noAb_Seh1_Nup85_47_544_3F3F.pdb_0": [{"rot": [[-0.9589446809299997, -0.22332524121180364, 0.17478825919880972], [-0.09303535570391558, 0.8299600087799999, 0.5500098239258534], [-0.2678983417363879, 0.5111675072455134, -0.8166628790579997]], "trans": [450.70000896, 600.831706369, 282.014330698]}], "rb_4XMM.renamed.noAb_Nup120_715-1036_Nup85_553-744_Nup145c_92-99_554-712_remaining_updated.pdb_0": [{"rot": [[-0.13232442459699995, -0.16815856010741653, 0.9768382390742458], [0.8820575733082707, 0.4295995727500001, 0.1934389941623511], [-0.4521777128791263, 0.8872242702697091, 0.09147901518810003]], "trans": [500.161064942, 555.100233922, 316.69769881]}], "rb_4XMM.renamed.noAb_Nup120_2-711_3F7F_updated.pdb_0": [{"rot": [[-0.886565478481, 0.2023279345861424, 0.41601088838137545], [0.4483898194990735, 0.597045804732, 0.6651938640888887], [-0.11379025501045256, 0.776272963549565, -0.620041985616]], "trans": [554.855933186, 554.54245484, 366.690962398]}]}
