{"rb_ScNup133N_56-480_renamed.pdb_0": [{"rot": [[-0.499925452965, 0.8651710999020765, 0.039414583239846035], [0.4191092580610755, 0.28150020780600016, -0.8631946841893048], [-0.75790630772229, -0.4150139767518799, -0.5033303366730001]], "trans": [292.053140847, 729.516137936, 279.480331678]}], "rb_ScNup133C_490_881_renamed_relative_3CQC.pdb_0": [{"rot": [[-0.521908935905, -0.8518109962331366, -0.04504541395993647], [0.6938060441165412, -0.39319209695400004, -0.6033515957054166], [0.4962300230436152, -0.3461473697563333, 0.7962020865590002]], "trans": [379.589972142, 555.561503246, 353.920028599]}], "rb_ScNup84_506-726_ScNup133C_882_1155_renamed_relative_3CQC_new.pdb_0": [{"rot": [[0.14409177908799992, 0.9705728546705991, 0.1929401279563666], [0.4092352193294201, -0.23596653259399997, 0.8813888646652884], [0.9009795194451738, -0.04804299399630374, -0.4311934325429999]], "trans": [359.010526722, 489.542378075, 402.152051503]}], "rb_4XMM.renamed.noAb_Nup145c_149-550_Sec13_Nup84_7-436_3IKO_updated.pdb_0": [{"rot": [[0.46234824842400013, 0.2269115728408988, -0.857172815300467], [-0.040605628011056175, -0.960269197592, -0.2761055072428729], [-0.8857681864647695, 0.16246293813324292, -0.43476489460400003]], "trans": [671.224662329, 523.465654376, 274.343289456]}], "rb_4XMM.renamed.noAb_Seh1_Nup85_47_544_3F3F.pdb_0": [{"rot": [[0.786075295085, 0.5835916672046814, 0.20373118668061269], [-0.2974714185709456, 0.646072229313, -0.7029234877594571], [-0.5418453520981974, 0.4919465829536686, 0.681463259413]], "trans": [696.353251062, 693.823010173, 388.732794945]}], "rb_4XMM.renamed.noAb_Nup120_715-1036_Nup85_553-744_Nup145c_92-99_554-712_remaining_updated.pdb_0": [{"rot": [[0.27781835974400004, 0.8052464559110185, -0.5238273610951395], [0.5740196687031217, -0.576392295085, -0.5816127080012994], [-0.7702716267208028, -0.1391045197302754, -0.622359665836]], "trans": [710.562744247, 612.764688098, 280.348604345]}], "rb_4XMM.renamed.noAb_Nup120_2-711_3F7F_updated.pdb_0": [{"rot": [[0.4387625214540001, 0.7052127715165294, 0.5569222536919346], [0.8761399047557913, -0.47343670174599983, -0.0907554777100647], [0.1996655129506372, 0.5277619125418624, -0.8255913314759997]], "trans": [638.546094815, 628.355768875, 438.606758823]}]}
