{"rb_ScNup133N_56-480_renamed.pdb_0": [{"rot": [[0.5409823609240002, 0.8387820255478645, -0.06150446152041825], [-0.6628624114481302, 0.380224714247, -0.6450136356426561], [-0.5176403275038227, 0.38970999511638005, 0.761691939729]], "trans": [559.173240191, 554.823906193, 6.153294331669997]}], "rb_ScNup133C_490_881_renamed_relative_3CQC.pdb_0": [{"rot": [[0.2023097052550001, 0.7789357714586743, 0.5935737924653641], [0.8127845448670764, -0.4716623666669999, 0.3419296645441926], [0.5463076667820566, 0.4132719151021088, -0.728528830866]], "trans": [454.783214582, 643.461086419, 326.872806688]}], "rb_ScNup84_506-726_ScNup133C_882_1155_renamed_relative_3CQC_new.pdb_0": [{"rot": [[0.45087543899899984, 0.8510369896595774, 0.2691605111055916], [0.2842486438065347, 0.14895203050100003, -0.9471092867793953], [-0.8461170409592308, 0.5035368257047277, -0.17474729799800004]], "trans": [500.42697352400006, 718.096252005, 307.706974636]}], "rb_4XMM.renamed.noAb_Nup145c_149-550_Sec13_Nup84_7-436_3IKO_updated.pdb_0": [{"rot": [[-0.28433883623100015, 0.3425031810936246, 0.895456865042392], [-0.5279064355869796, -0.8355941678000001, 0.15197757072830095], [0.8002913353752188, -0.42950431625232055, 0.4184015067420002]], "trans": [455.991069436, 453.21674409, 313.623883193]}], "rb_4XMM.renamed.noAb_Seh1_Nup85_47_544_3F3F.pdb_0": [{"rot": [[0.917891757681, -0.07103208098625063, -0.390421777891612], [-0.02781028503996804, -0.992944765307, 0.11527046931205899], [-0.39585516193082565, -0.09494807275658278, -0.913391238327]], "trans": [517.942077286, 409.71923691300003, 253.783956837]}], "rb_4XMM.renamed.noAb_Nup120_715-1036_Nup85_553-744_Nup145c_92-99_554-712_remaining_updated.pdb_0": [{"rot": [[-0.6613873421159999, -0.6775101634277119, -0.3217868271711698], [-0.08829065745215364, -0.35571544701, 0.9304145745661673], [-0.7448298755389714, 0.6437751930686914, 0.17544787628799996]], "trans": [385.523001799, 478.929418276, 338.305362819]}], "rb_4XMM.renamed.noAb_Nup120_2-711_3F7F_updated.pdb_0": [{"rot": [[0.0134940272521, -0.9865205670637827, -0.16307998647495714], [-0.6481745931588527, 0.11555701973000007, -0.7526727522466029], [0.7613721875744315, 0.1158608905164853, -0.6378782376259999]], "trans": [326.66026038200005, 640.0347208810001, 299.367327554]}]}
