{"rb_ScNup133N_56-480_renamed.pdb_0": [{"rot": [[-0.633780713323, -0.3034551303206521, 0.7115033318979366], [0.5508664584334779, 0.468667386003, 0.6905773137528283], [-0.5430176354343813, 0.8296179031211844, -0.12986909727900003]], "trans": [340.0289075339999, 402.745838276, 107.61557118799999]}], "rb_ScNup133C_490_881_renamed_relative_3CQC.pdb_0": [{"rot": [[-0.261363958347, -0.9424656829440748, 0.20844020185642265], [-0.9351160743789914, 0.30076130775099996, 0.18735144301000986], [-0.23926305338520698, -0.14594886855562392, -0.959922975583]], "trans": [508.65062575, 325.20576564299995, 305.105150769]}], "rb_ScNup84_506-726_ScNup133C_882_1155_renamed_relative_3CQC_new.pdb_0": [{"rot": [[0.47051157017099987, -0.8315918569424507, 0.29508277788143916], [-0.03861863451546782, -0.35349796419300006, -0.9346377856579333], [0.8815483329933651, 0.4283621981202485, -0.19843982417400016]], "trans": [504.435614795, 392.052826001, 245.49265276099996]}], "rb_4XMM.renamed.noAb_Nup145c_149-550_Sec13_Nup84_7-436_3IKO_updated.pdb_0": [{"rot": [[-0.38234544880800003, -0.9211811594703259, -0.07236870326815964], [0.6178127449678796, -0.19661735925799995, -0.7613468501239524], [0.6871094308267516, -0.33580781032506746, 0.6442932132139998]], "trans": [483.20118513299997, 581.24264857, 289.7890929910001]}], "rb_4XMM.renamed.noAb_Seh1_Nup85_47_544_3F3F.pdb_0": [{"rot": [[0.6152953996819999, -0.05763179470255514, -0.7861870943799132], [-0.6164359134412272, -0.656806265056, -0.4342951701355512], [-0.4913433990093364, 0.7518537799483022, -0.4396561813819999]], "trans": [637.804625924, 517.462852216, 372.75747131]}], "rb_4XMM.renamed.noAb_Nup120_715-1036_Nup85_553-744_Nup145c_92-99_554-712_remaining_updated.pdb_0": [{"rot": [[0.6774140691259998, 0.6883485748828492, -0.2593962575036607], [0.6490223930261153, -0.7252678243799999, -0.2296878670495156], [-0.34623707528340963, -0.01276018714016025, -0.9380602674259999]], "trans": [714.096107998, 523.441333307, 305.149623768]}], "rb_4XMM.renamed.noAb_Nup120_2-711_3F7F_updated.pdb_0": [{"rot": [[0.16478321958399988, -0.7761661119671603, 0.608615360615646], [0.319737181461218, -0.541693879871, -0.7773904265563982], [0.9330673209017489, 0.3226978573589918, 0.1589071034320001]], "trans": [395.11839628200005, 575.519458555, 358.090967127]}]}
