{"rb_ScNup133N_56-480_renamed.pdb_0": [{"rot": [[-0.46186808747599994, -0.8856031207148944, 0.0488362810961514], [-0.13230491226961633, 0.12323668189800002, 0.9835182410225549], [-0.8770252447681259, 0.44779440909284635, -0.17408873376700001]], "trans": [434.851117894, 247.69973330099998, 88.60165086130002]}], "rb_ScNup133C_490_881_renamed_relative_3CQC.pdb_0": [{"rot": [[0.5470867588449999, 0.25215270771002335, -0.7981948949291622], [0.10702283769261522, -0.9667957897749999, -0.23206036517586104], [-0.8302061132686827, 0.0415320703533711, -0.555907273404]], "trans": [617.716229326, 358.759548811, 324.946303592]}], "rb_ScNup84_506-726_ScNup133C_882_1155_renamed_relative_3CQC_new.pdb_0": [{"rot": [[0.6225859868839999, 0.11109209097990042, 0.7746258685697175], [-0.7177567961366234, -0.3133248839909998, 0.6218140386576327], [0.3117881821611673, -0.9431256885451376, -0.11533457881699982]], "trans": [530.983150057, 283.510550428, 319.630777221]}], "rb_4XMM.renamed.noAb_Nup145c_149-550_Sec13_Nup84_7-436_3IKO_updated.pdb_0": [{"rot": [[-0.42440514057299994, -0.8996816519490383, -0.10224090082477683], [0.6312950573771796, -0.213057030722, -0.7457031930943224], [0.6491123378787031, -0.38102444384340284, 0.6583870791620001]], "trans": [483.10578146, 580.00983586, 283.970464113]}], "rb_4XMM.renamed.noAb_Seh1_Nup85_47_544_3F3F.pdb_0": [{"rot": [[-0.8273910010779999, -0.10926275120771059, -0.5508954370238212], [-0.02074538814994619, 0.986169571727, -0.1644360199904306], [0.5612430491379409, -0.12462434352207098, -0.8182145273679999]], "trans": [469.066693083, 639.300485983, 226.244234679]}], "rb_4XMM.renamed.noAb_Nup120_715-1036_Nup85_553-744_Nup145c_92-99_554-712_remaining_updated.pdb_0": [{"rot": [[-0.17640156451700012, 0.7840312767928562, 0.5951280912933938], [-0.5399579913161737, 0.4284435675220001, -0.7244870440959066], [-0.8229993047686963, -0.44914481680142426, 0.347765837728]], "trans": [613.458099903, 568.590319057, 203.216876987]}], "rb_4XMM.renamed.noAb_Nup120_2-711_3F7F_updated.pdb_0": [{"rot": [[-0.417353376546, -0.7089766093162746, 0.5684789587381853], [-0.11433466129469994, -0.5796277337830001, -0.8068204728787005], [0.9015230137452284, -0.4017260978228601, 0.16084899134200004]], "trans": [289.23646519, 360.409625462, 277.94005655]}]}
