{"rb_ScNup133N_56-480_renamed.pdb_0": [{"rot": [[0.4331981955490001, 0.8938033116622569, 0.11599553195995438], [0.08798753808464244, -0.17002192423400003, 0.9815043241991201], [0.8969935989263769, -0.41497974088062484, -0.15229674370700003]], "trans": [553.908488234, 447.02803104500003, 653.469157772]}], "rb_ScNup133C_490_881_renamed_relative_3CQC.pdb_0": [{"rot": [[-0.7437255653120001, 0.4868799115493284, 0.45806138805957475], [-0.522974950129398, -0.8505739288310002, 0.054965381197172605], [0.4163766144231684, -0.19867547237320216, 0.8872195735210002]], "trans": [440.031678668, 476.589072123, 359.994339432]}], "rb_ScNup84_506-726_ScNup133C_882_1155_renamed_relative_3CQC_new.pdb_0": [{"rot": [[-0.89696076197, 0.34556947309914143, 0.27575918978010294], [-0.4120025369763446, -0.879590360063, -0.23785438404472992], [0.16035991086070372, -0.32695953533460964, 0.931333539202]], "trans": [452.201964658, 477.849206826, 345.741586805]}], "rb_4XMM.renamed.noAb_Nup145c_149-550_Sec13_Nup84_7-436_3IKO_updated.pdb_0": [{"rot": [[0.487933521366, 0.31111861419629944, -0.8155526265226232], [-0.04269990142341451, -0.9246969058469999, -0.3783019306525082], [-0.8718357627132565, 0.21941020992095744, -0.4379058833089998]], "trans": [651.9464123119999, 490.040105507, 277.958091079]}], "rb_4XMM.renamed.noAb_Seh1_Nup85_47_544_3F3F.pdb_0": [{"rot": [[-0.676792041946, 0.4101513641973985, 0.6113332891357847], [0.17214264334457796, 0.8955683278410003, -0.4102734216475842], [-0.7157649350875644, -0.17243325843667157, -0.6767180573060001]], "trans": [624.1769435850001, 701.619776906, 261.902348439]}], "rb_4XMM.renamed.noAb_Nup120_715-1036_Nup85_553-744_Nup145c_92-99_554-712_remaining_updated.pdb_0": [{"rot": [[0.6198060709899997, 0.7198716746800958, -0.3124503262235669], [0.766984144546151, -0.6399368202749998, 0.047076406735551524], [-0.16605949650275298, -0.2688226888668377, -0.948766886844]], "trans": [675.520795284, 545.280147813, 244.05118886800003]}], "rb_4XMM.renamed.noAb_Nup120_2-711_3F7F_updated.pdb_0": [{"rot": [[-0.8489123994430001, -0.20012669133523328, -0.4891799724918639], [-0.23757985964426223, 0.9712530334290003, 0.014945077663842572], [0.4721266232308247, 0.12890637094487567, -0.8720548143130001]], "trans": [465.7071264560001, 849.366176392, 320.459872666]}]}
