{"rb_ScNup133N_56-480_renamed.pdb_0": [{"rot": [[-0.929276950168, 0.3661761547643823, -0.04857338333317385], [0.36720386746289707, 0.9015060893390001, -0.2290154811470045], [-0.04007080741327128, -0.23065514207724472, -0.9722101294610002]], "trans": [197.504936612, 610.800191671, 466.438816289]}], "rb_ScNup133C_490_881_renamed_relative_3CQC.pdb_0": [{"rot": [[-0.5662373645119999, 0.2537240644367399, -0.7842189401922179], [-0.7928307302129666, 0.09249715273050002, 0.6023816979015253], [0.2253767518189898, 0.9628439000494584, 0.14878489129300004]], "trans": [460.58403392, 460.86170162, 403.111368527]}], "rb_ScNup84_506-726_ScNup133C_882_1155_renamed_relative_3CQC_new.pdb_0": [{"rot": [[-0.133799111242, -0.42440132947472875, 0.8955340916854776], [-0.20299255685338013, -0.8727618162039998, -0.4439378718226489], [0.9699957833377307, -0.24118524771713978, 0.0306244443319999]], "trans": [381.296518068, 546.782418014, 391.685975787]}], "rb_4XMM.renamed.noAb_Nup145c_149-550_Sec13_Nup84_7-436_3IKO_updated.pdb_0": [{"rot": [[-0.42440514057299994, -0.8996816519490383, -0.10224090082477683], [0.6312950573771796, -0.213057030722, -0.7457031930943224], [0.6491123378787031, -0.38102444384340284, 0.6583870791620001]], "trans": [483.10578146, 580.00983586, 283.970464113]}], "rb_4XMM.renamed.noAb_Seh1_Nup85_47_544_3F3F.pdb_0": [{"rot": [[-0.676792041946, 0.4101513641973985, 0.6113332891357847], [0.17214264334457796, 0.8955683278410003, -0.4102734216475842], [-0.7157649350875644, -0.17243325843667157, -0.6767180573060001]], "trans": [624.1769435850001, 701.619776906, 261.902348439]}], "rb_4XMM.renamed.noAb_Nup120_715-1036_Nup85_553-744_Nup145c_92-99_554-712_remaining_updated.pdb_0": [{"rot": [[0.2818579511329999, 0.9275694898113487, 0.24529764971198104], [0.39519406433122056, 0.12073124962200016, -0.9106292422726614], [-0.8742869934412147, 0.3536082676293424, -0.3325408939719999]], "trans": [705.169475159, 612.945460603, 312.243671195]}], "rb_4XMM.renamed.noAb_Nup120_2-711_3F7F_updated.pdb_0": [{"rot": [[0.16214641590600004, -0.9702202551968249, -0.17994775968221033], [0.6945001805445199, -0.017339106100100088, 0.7192835703832521], [-0.7009836225137273, -0.2416030045455924, 0.6710066684929998]], "trans": [330.9606099839999, 535.8943582080001, 173.23956077399998]}]}
