{"rb_ScNup133N_56-480_renamed.pdb_0": [{"rot": [[-0.38486855312699997, -0.8987744454953973, 0.20995402577319353], [0.795756596032546, -0.20787780582100002, 0.5688218154376132], [-0.4675977295546089, 0.3859939299671535, 0.7952113237020001]], "trans": [421.77768888, 656.97454728, 44.52477123580002]}], "rb_ScNup133C_490_881_renamed_relative_3CQC.pdb_0": [{"rot": [[-0.043317091420599974, -0.9196521782309433, -0.3903376751812987], [0.7767925088147052, 0.21469356357800012, -0.5920304654386762], [0.6282650936031825, -0.3288564197841679, 0.705079022044]], "trans": [481.21328993, 593.188551774, 247.692559417]}], "rb_ScNup84_506-726_ScNup133C_882_1155_renamed_relative_3CQC_new.pdb_0": [{"rot": [[0.7106325419199999, 0.33854855332525624, -0.6167546249568748], [0.48355533666623995, 0.401734396422, 0.7776784111141639], [0.5110534480325112, -0.8508785763978473, 0.12177857562500002]], "trans": [521.905727103, 518.399428919, 262.142687384]}], "rb_4XMM.renamed.noAb_Nup145c_149-550_Sec13_Nup84_7-436_3IKO_updated.pdb_0": [{"rot": [[-0.28433883623100015, 0.3425031810936246, 0.895456865042392], [-0.5279064355869796, -0.8355941678000001, 0.15197757072830095], [0.8002913353752188, -0.42950431625232055, 0.4184015067420002]], "trans": [455.991069436, 453.21674409, 313.623883193]}], "rb_4XMM.renamed.noAb_Seh1_Nup85_47_544_3F3F.pdb_0": [{"rot": [[-0.13221414229200004, -0.8867661054503038, -0.4429055145315891], [-0.8641943185622851, -0.115722439268, 0.4896697834403627], [-0.48547667332494815, 0.44749769974198184, -0.751038087172]], "trans": [326.833667658, 515.644581065, 388.512916542]}], "rb_4XMM.renamed.noAb_Nup120_715-1036_Nup85_553-744_Nup145c_92-99_554-712_remaining_updated.pdb_0": [{"rot": [[-0.7692725617130001, -0.3082285269402141, 0.5596560559627533], [-0.3881177158019655, 0.921239705837, -0.026115954319583468], [-0.5075276982354593, -0.23730271715600643, -0.8283133802820001]], "trans": [384.595059915, 637.360473515, 314.659350095]}], "rb_4XMM.renamed.noAb_Nup120_2-711_3F7F_updated.pdb_0": [{"rot": [[-0.417353376546, -0.7089766093162746, 0.5684789587381853], [-0.11433466129469994, -0.5796277337830001, -0.8068204728787005], [0.9015230137452284, -0.4017260978228601, 0.16084899134200004]], "trans": [289.23646519, 360.409625462, 277.94005655]}]}
