{"rb_ScNup133N_56-480_renamed.pdb_0": [{"rot": [[-0.939281397277, 0.2291122785427726, -0.25545649443751767], [-0.24027827934193147, 0.09235179876610017, 0.9663009333231272], [0.24498327535945646, 0.9690091377719845, -0.03169362252170016]], "trans": [248.31412680299997, 387.3425094919999, 332.97884941]}], "rb_ScNup133C_490_881_renamed_relative_3CQC.pdb_0": [{"rot": [[0.7351631666349998, -0.2343843891491681, 0.6360810298589091], [-0.051816084859088465, -0.9550087553199997, -0.2920160451276953], [0.6759069549672313, 0.18172021182387993, -0.714232142123]], "trans": [451.189750749, 519.443518193, 357.022258457]}], "rb_ScNup84_506-726_ScNup133C_882_1155_renamed_relative_3CQC_new.pdb_0": [{"rot": [[0.605812671353, 0.7804677160511829, -0.15447055198319248], [-0.0016513465652022719, 0.19538732907400003, 0.9807247650038465], [0.7956056059899677, -0.593880405333581, 0.11965694245700005]], "trans": [507.152938465, 422.4968510560001, 302.983817704]}], "rb_4XMM.renamed.noAb_Nup145c_149-550_Sec13_Nup84_7-436_3IKO_updated.pdb_0": [{"rot": [[0.012452972858300104, 0.9992161253696544, -0.037577363774559946], [-0.3104611435800947, 0.03958672589070006, 0.949761427654437], [0.9505044985658566, -0.0001610419502658944, 0.310710753389]], "trans": [624.065985443, 467.41805763799994, 342.394805839]}], "rb_4XMM.renamed.noAb_Seh1_Nup85_47_544_3F3F.pdb_0": [{"rot": [[-0.650342906208, -0.4199920453572171, 0.632977713811153], [0.6803616733266483, -0.692661162997, 0.23943372098308643], [0.33787882119643975, 0.5863677984953681, 0.736213764524]], "trans": [441.03938269, 504.19028638500004, 414.07126187100005]}], "rb_4XMM.renamed.noAb_Nup120_715-1036_Nup85_553-744_Nup145c_92-99_554-712_remaining_updated.pdb_0": [{"rot": [[-0.6851823432690001, 0.589709217008052, 0.42751397152391696], [0.649544128915204, 0.760284927177, -0.0076976684296444775], [-0.32957181472964453, 0.2724148837402503, -0.9039759676300001]], "trans": [538.641415964, 659.805678775, 342.978757601]}], "rb_4XMM.renamed.noAb_Nup120_2-711_3F7F_updated.pdb_0": [{"rot": [[0.23397755199899997, -0.4305023964793299, 0.8717351614946534], [-0.5813958087723683, 0.6566892215160001, 0.48035214154475653], [-0.7792518326590443, -0.6192147874286142, -0.09664175250510007]], "trans": [397.36468055399996, 596.964810754, 109.03819275400001]}]}
