{"rb_ScNup133N_56-480_renamed.pdb_0": [{"rot": [[-0.46186808747599994, -0.8856031207148944, 0.0488362810961514], [-0.13230491226961633, 0.12323668189800002, 0.9835182410225549], [-0.8770252447681259, 0.44779440909284635, -0.17408873376700001]], "trans": [434.851117894, 247.69973330099998, 88.60165086130002]}], "rb_ScNup133C_490_881_renamed_relative_3CQC.pdb_0": [{"rot": [[-0.8896854473480001, 0.3355579259429262, 0.30961376441313254], [0.2933285066436304, 0.9397457427970001, -0.17560275079033488], [-0.3498831118636719, -0.06541266874082152, -0.9345068168830001]], "trans": [491.14646255100007, 496.685288847, 356.728499448]}], "rb_ScNup84_506-726_ScNup133C_882_1155_renamed_relative_3CQC_new.pdb_0": [{"rot": [[0.605812671353, 0.7804677160511829, -0.15447055198319248], [-0.0016513465652022719, 0.19538732907400003, 0.9807247650038465], [0.7956056059899677, -0.593880405333581, 0.11965694245700005]], "trans": [507.152938465, 422.4968510560001, 302.983817704]}], "rb_4XMM.renamed.noAb_Nup145c_149-550_Sec13_Nup84_7-436_3IKO_updated.pdb_0": [{"rot": [[0.918665518257, 0.393652151931536, -0.03304010964370971], [-0.2397920330497414, 0.6221543398279998, 0.7452675749816687], [0.31393223225955824, -0.6767288679470208, 0.6659463888599999]], "trans": [640.739519552, 255.61603226899996, 247.647547089]}], "rb_4XMM.renamed.noAb_Seh1_Nup85_47_544_3F3F.pdb_0": [{"rot": [[-0.5743034401850001, 0.1051515113678982, -0.8118612678584445], [-0.3018373451616603, 0.8946483872350001, 0.329391074990769], [0.7609663433144958, 0.43422047726340635, -0.482060993514]], "trans": [472.930571995, 347.297331178, 300.960885389]}], "rb_4XMM.renamed.noAb_Nup120_715-1036_Nup85_553-744_Nup145c_92-99_554-712_remaining_updated.pdb_0": [{"rot": [[0.16388931657900013, -0.8186753955325898, 0.5503734083881834], [0.9670711945574766, 0.24345873830800008, 0.07416972022767801], [-0.19471414064839657, 0.5200946447436606, 0.8316176789490001]], "trans": [460.044923066, 290.493149782, 340.10822274]}], "rb_4XMM.renamed.noAb_Nup120_2-711_3F7F_updated.pdb_0": [{"rot": [[-0.3237757809760002, 0.13789779563558202, -0.9360306841189708], [0.07088260176839306, 0.9900767180050001, 0.12134145718175293], [0.9434749071490586, -0.027060865161613608, -0.3303374171310001]], "trans": [687.367885917, 387.608217924, 345.875886714]}]}
