{"rb_ScNup133N_56-480_renamed.pdb_0": [{"rot": [[-0.6001846363920001, 0.3758123545143154, -0.7060761123515008], [0.21050913361295875, -0.77741180544, -0.5927198237177841], [-0.771663337799927, -0.5043768025563092, 0.3874786886250001]], "trans": [523.407235116, 768.724894364, 82.34751879780003]}], "rb_ScNup133C_490_881_renamed_relative_3CQC.pdb_0": [{"rot": [[-0.9768254462770001, 0.2138286759475047, 0.009452240383997574], [0.20948687642062708, 0.9641825348819999, -0.1626877009366404], [-0.043900980777982226, -0.1569373657579923, -0.986632336342]], "trans": [567.341203822, 681.640544452, 380.803700727]}], "rb_ScNup84_506-726_ScNup133C_882_1155_renamed_relative_3CQC_new.pdb_0": [{"rot": [[0.521324630616, -0.8205503533105716, -0.23434535880829263], [0.7417049426836997, 0.29988823433099987, 0.5999506853970625], [-0.4220123309947956, -0.4865841803755354, 0.76494537576]], "trans": [582.297643004, 626.064221341, 287.516899088]}], "rb_4XMM.renamed.noAb_Nup145c_149-550_Sec13_Nup84_7-436_3IKO_updated.pdb_0": [{"rot": [[-0.4493630695010002, 0.6263434469576914, 0.6369982089627859], [-0.20704791277957402, -0.7666493258220001, 0.6077663803060308], [0.8690247370370199, 0.14121861658375845, 0.4741869976580001]], "trans": [477.82347369600006, 437.87228754600005, 329.50379166900007]}], "rb_4XMM.renamed.noAb_Seh1_Nup85_47_544_3F3F.pdb_0": [{"rot": [[0.004150493378390213, -0.3860618386549244, -0.9224635657515667], [0.8444073391680822, 0.49551198124200013, -0.2035782945323668], [0.535685559786518, -0.7780900546723413, 0.3280500691300001]], "trans": [455.609681522, 622.094108916, 216.180169522]}], "rb_4XMM.renamed.noAb_Nup120_715-1036_Nup85_553-744_Nup145c_92-99_554-712_remaining_updated.pdb_0": [{"rot": [[0.560791520186, -0.1766566194272879, -0.8088914078539823], [0.30290064288548196, 0.9530203201899999, 0.0018627518652803154], [0.7705608810645898, -0.24605834291377368, 0.5879551177219998]], "trans": [482.54425303, 675.262263691, 304.43330235400003]}], "rb_4XMM.renamed.noAb_Nup120_2-711_3F7F_updated.pdb_0": [{"rot": [[0.5792448983939998, -0.31992172063563007, 0.7497502519839938], [0.010089301320081234, -0.9168814236479997, -0.39903215530592184], [0.8150911321339456, 0.2387017964631909, -0.5278711004419999]], "trans": [387.44269760400005, 320.84727770999996, 487.753602176]}]}
