{"rb_ScNup133N_56-480_renamed.pdb_0": [{"rot": [[-0.909570531827, 0.3284168677674488, -0.2546052014350187], [-0.41509171179480103, -0.7468129467119999, 0.5195856940126443], [-0.019501754567479934, 0.5782843449283038, 0.8156021689399999]], "trans": [363.92638313500004, 251.979498374, 121.92076436499997]}], "rb_ScNup133C_490_881_renamed_relative_3CQC.pdb_0": [{"rot": [[0.317353217957, -0.8320357457571659, 0.4549763211801838], [0.15523282485623907, 0.518885129361, 0.8406313059928059], [-0.935515742860316, -0.19614979049271297, 0.293829124748]], "trans": [531.780033564, 411.33453513, 161.938374981]}], "rb_ScNup84_506-726_ScNup133C_882_1155_renamed_relative_3CQC_new.pdb_0": [{"rot": [[-0.21434960245300005, -0.9750070968977246, -0.05844150004331014], [-0.9182505854781556, 0.18075284201100006, 0.3523411306872518], [-0.3329716357248248, 0.12918812292164417, -0.934045137399]], "trans": [559.660304106, 458.604878074, 215.933018501]}], "rb_4XMM.renamed.noAb_Nup145c_149-550_Sec13_Nup84_7-436_3IKO_updated.pdb_0": [{"rot": [[0.5707727703030001, 0.7273199626397118, -0.3810828212166055], [-0.1315195644045674, 0.5390959971050002, 0.831912321151814], [0.8105066618230055, -0.4247130535445483, 0.4033581203960001]], "trans": [625.8807415049998, 393.749243809, 319.270561705]}], "rb_4XMM.renamed.noAb_Seh1_Nup85_47_544_3F3F.pdb_0": [{"rot": [[0.6203138903300001, 0.5683025147728619, 0.5405949770082054], [0.38255474630350106, 0.382477163963, -0.8410488006813186], [-0.6847353821326344, 0.7285214277903305, 0.019849073177699985]], "trans": [517.135085448, 426.255798067, 413.73867459]}], "rb_4XMM.renamed.noAb_Nup120_715-1036_Nup85_553-744_Nup145c_92-99_554-712_remaining_updated.pdb_0": [{"rot": [[-0.905676359026, -0.12337399471444246, 0.4056219793472843], [0.16573968212388748, -0.983618475329, 0.07088760653969117], [0.3902315856909596, 0.13142888731041613, 0.911287966073]], "trans": [410.364675243, 290.173098977, 395.481734837]}], "rb_4XMM.renamed.noAb_Nup120_2-711_3F7F_updated.pdb_0": [{"rot": [[0.5792448983939998, -0.31992172063563007, 0.7497502519839938], [0.010089301320081234, -0.9168814236479997, -0.39903215530592184], [0.8150911321339456, 0.2387017964631909, -0.5278711004419999]], "trans": [387.44269760400005, 320.84727770999996, 487.753602176]}]}
