{"rb_ScNup133N_56-480_renamed.pdb_0": [{"rot": [[0.357468332841, -0.8582389374513744, 0.36829650725768753], [-0.006277465481713429, 0.39213635588600004, 0.919885684104049], [-0.933904162343761, -0.3311419705123229, 0.13478876408000007]], "trans": [599.912867123, 350.72026557900006, -11.833538453800003]}], "rb_ScNup133C_490_881_renamed_relative_3CQC.pdb_0": [{"rot": [[0.32981918848599995, 0.18057318777083933, 0.9266135261071434], [-0.6174368309584913, -0.7012373267910001, 0.3564238646484654], [0.7141365854529315, -0.6896807488782686, -0.11978898924499992]], "trans": [511.78359601899996, 402.58989472, 215.83044159]}], "rb_ScNup84_506-726_ScNup133C_882_1155_renamed_relative_3CQC_new.pdb_0": [{"rot": [[-0.611607527505, 0.7718124630397939, 0.17390156467285572], [0.713351167942052, 0.633027962188, -0.30067542347823917], [-0.34214959227643543, -0.05984246806871277, -0.9377379887370001]], "trans": [560.103015709, 428.864760977, 280.236691416]}], "rb_4XMM.renamed.noAb_Nup145c_149-550_Sec13_Nup84_7-436_3IKO_updated.pdb_0": [{"rot": [[0.014452862686999912, -0.8310274024706412, 0.556043677333939], [0.4971581624201607, -0.47651819105000015, -0.7250959765006594], [0.8675395531612147, 0.2869213654319501, 0.40626500435]], "trans": [454.31476609999993, 484.008342914, 357.500815518]}], "rb_4XMM.renamed.noAb_Seh1_Nup85_47_544_3F3F.pdb_0": [{"rot": [[-0.24114896254099988, -0.6710113296465868, 0.7011354885835684], [-0.5915633632017142, -0.47109106185300004, -0.6543133796275984], [0.769350352689122, -0.5725530603604636, -0.28334259808400003]], "trans": [459.418067439, 475.112278639, 281.479199231]}], "rb_4XMM.renamed.noAb_Nup120_715-1036_Nup85_553-744_Nup145c_92-99_554-712_remaining_updated.pdb_0": [{"rot": [[0.1639617323360001, 0.15262271322345455, 0.9745885581811891], [0.9688475817576712, 0.16097583456700004, -0.18820505840112384], [-0.18560957316822435, 0.9750861952123868, -0.12147426992799981]], "trans": [558.940402162, 569.817525605, 410.471609104]}], "rb_4XMM.renamed.noAb_Nup120_2-711_3F7F_updated.pdb_0": [{"rot": [[-0.7013966305869999, -0.3782433721473394, 0.6041313748083383], [-0.5261880385358333, 0.846510431618, -0.08090882067932822], [-0.4808002856727687, -0.3746358773376044, -0.792766702573]], "trans": [428.1536727260001, 653.660468596, 155.063088544]}]}
