{"rb_ScNup133N_56-480_renamed.pdb_0": [{"rot": [[-0.6572356409890001, 0.7474473191244544, 0.09676681945504015], [-0.4773075940570939, -0.31341817204299993, -0.8209424523610975], [-0.5832827555047437, -0.58574017667127, 0.562751874776]], "trans": [278.743490582, 512.875608861, 132.20671549599996]}], "rb_ScNup133C_490_881_renamed_relative_3CQC.pdb_0": [{"rot": [[-0.46093242104199994, -0.8824133718039561, 0.0942758956145914], [0.7568051454619006, -0.4463383413869999, -0.4775228338103773], [0.46345148077738596, -0.148757272996902, 0.8735467925049998]], "trans": [426.140031584, 577.357194752, 293.409728178]}], "rb_ScNup84_506-726_ScNup133C_882_1155_renamed_relative_3CQC_new.pdb_0": [{"rot": [[-0.43498849223299996, 0.8906811344788879, 0.13218217848205632], [-0.8453521121973182, -0.35339773404999997, -0.40061184202649075], [-0.3101045275844805, -0.28600202490843724, 0.9066631258189998]], "trans": [428.082195972, 579.0856314549999, 304.743161456]}], "rb_4XMM.renamed.noAb_Nup145c_149-550_Sec13_Nup84_7-436_3IKO_updated.pdb_0": [{"rot": [[-0.31681906401899995, -0.8986804241828401, 0.3033136592121679], [0.4750235743808404, -0.4271301025289999, -0.7693584855553464], [0.8209618045052856, -0.09966629673122401, 0.5622173466189999]], "trans": [454.648593904, 533.278926448, 318.987180051]}], "rb_4XMM.renamed.noAb_Seh1_Nup85_47_544_3F3F.pdb_0": [{"rot": [[-0.4326930898730001, 0.19192342611062652, -0.8808757508787008], [0.7016747706974208, -0.5418004790690001, -0.46271455244818505], [-0.5660646660434461, -0.8183016799387381, 0.09976549737540014]], "trans": [550.816622577, 406.845752566, 179.661997522]}], "rb_4XMM.renamed.noAb_Nup120_715-1036_Nup85_553-744_Nup145c_92-99_554-712_remaining_updated.pdb_0": [{"rot": [[-0.35955231195600007, 0.920163162194064, 0.15498996712083024], [-0.6946765819709995, -0.374852599009, 0.613929943460398], [0.6230141101357053, 0.11307202995090654, 0.773994918985]], "trans": [652.313226195, 437.84276083699996, 320.084497738]}], "rb_4XMM.renamed.noAb_Nup120_2-711_3F7F_updated.pdb_0": [{"rot": [[0.13049601891800017, -0.7250537519488185, -0.6762158278475106], [-0.9895534779645208, -0.05309685760740013, -0.13403222732067105], [0.06127563377782003, 0.6866423963732218, -0.724408390487]], "trans": [364.687489851, 536.864350584, 469.445400767]}]}
