{"rb_ScNup133N_56-480_renamed.pdb_0": [{"rot": [[-0.7748278223160001, 0.11877858714004202, -0.6209134343868399], [-0.6034285947705567, -0.43176250441200004, 0.6704141039664283], [-0.18845629938602843, 0.8941324214124512, 0.40621599697800004]], "trans": [379.9848902769999, 297.31420696200007, 152.868324163]}], "rb_ScNup133C_490_881_renamed_relative_3CQC.pdb_0": [{"rot": [[-0.791837566133, 0.16737227849854458, 0.5873498014392892], [0.3868418546661629, 0.8816452758009999, 0.2702868608279395], [-0.4725956499366134, 0.4412347765623017, -0.762866452017]], "trans": [459.2487738699999, 579.510084448, 297.339386503]}], "rb_ScNup84_506-726_ScNup133C_882_1155_renamed_relative_3CQC_new.pdb_0": [{"rot": [[0.7393630650110001, -0.09630973528517478, 0.666383292847922], [0.2845092623158354, 0.9417060677419999, -0.17956659387090596], [-0.6102431791950148, 0.32235712628573804, 0.723663696325]], "trans": [441.951065036, 626.429033206, 225.87982242299998]}], "rb_4XMM.renamed.noAb_Nup145c_149-550_Sec13_Nup84_7-436_3IKO_updated.pdb_0": [{"rot": [[-0.21609400008199994, -0.9536318023920431, -0.20949885105905386], [-0.5679042273497024, -0.05177594472920008, 0.8214645702072223], [-0.794221739621183, 0.2964888480430619, -0.5303830609089999]], "trans": [606.471970094, 560.655604919, 333.651472123]}], "rb_4XMM.renamed.noAb_Seh1_Nup85_47_544_3F3F.pdb_0": [{"rot": [[0.20043439355900006, -0.8915651283395969, -0.4061251972082428], [0.9797029903031891, 0.18119642342700004, 0.08573159819024079], [-0.0028468701455221512, -0.41506563103449257, 0.9097870175290002]], "trans": [520.152994892, 679.284454291, 319.07544967]}], "rb_4XMM.renamed.noAb_Nup120_715-1036_Nup85_553-744_Nup145c_92-99_554-712_remaining_updated.pdb_0": [{"rot": [[-0.7557933870760001, 0.4783103359467621, 0.44720865217332634], [0.5164453648636774, 0.855291090066, -0.04196827807447534], [-0.40256743678918033, 0.19923948850619178, -0.8934445058630001]], "trans": [667.451560245, 728.9989079660002, 371.322607284]}], "rb_4XMM.renamed.noAb_Nup120_2-711_3F7F_updated.pdb_0": [{"rot": [[-0.430829762531, 0.3930491633249682, 0.8123411050334856], [0.8043952639739276, -0.240777813694, 0.543115368710049], [0.4090647565041471, 0.8874336029485697, -0.21243263719099986]], "trans": [636.373767426, 497.5023577559999, 486.07373963199996]}]}
