{"rb_ScNup133N_56-480_renamed.pdb_0": [{"rot": [[-0.825469793378, -0.34484452495265444, 0.4468577780800733], [0.4078653388462213, 0.1828483927750001, 0.894545879554233], [-0.39018647540418294, 0.9206784014354726, -0.0102856959844001]], "trans": [311.6020654189999, 640.132671614, 154.145691315]}], "rb_ScNup133C_490_881_renamed_relative_3CQC.pdb_0": [{"rot": [[-0.4307990512849999, 0.7457915469974803, 0.5081408720414538], [-0.8676904291526455, -0.49706771086799983, -0.006083581950164396], [0.24804333607021561, -0.44352977266419397, 0.861252485739]], "trans": [574.51287226, 563.971745099, 253.101971968]}], "rb_ScNup84_506-726_ScNup133C_882_1155_renamed_relative_3CQC_new.pdb_0": [{"rot": [[0.681425555784, 0.37905680856696666, 0.6260791865279445], [0.015564832557716929, 0.8477320374909999, -0.5301963113779725], [-0.7317219061309541, 0.3710341338615407, 0.5717663190479999]], "trans": [559.291984748, 586.227988776, 281.862947646]}], "rb_4XMM.renamed.noAb_Nup145c_149-550_Sec13_Nup84_7-436_3IKO_updated.pdb_0": [{"rot": [[-0.628124340307, -0.5723255457058674, 0.5271653278112827], [-0.20492623993568654, 0.775249263078, 0.5974895951251697], [-0.7506430904895598, 0.2672677493254641, -0.6042374540450001]], "trans": [440.15140262400007, 477.200353954, 301.670871772]}], "rb_4XMM.renamed.noAb_Seh1_Nup85_47_544_3F3F.pdb_0": [{"rot": [[-0.49225459993700005, -0.11108276183077725, -0.8633342509508763], [-0.8455770362007109, 0.2964351955589999, 0.44398834521180736], [0.20660320590660164, 0.9485709224185317, -0.23985062111899993]], "trans": [554.886631739, 408.873147943, 319.040432842]}], "rb_4XMM.renamed.noAb_Nup120_715-1036_Nup85_553-744_Nup145c_92-99_554-712_remaining_updated.pdb_0": [{"rot": [[-0.5734482930610001, 0.3012153369808751, -0.7618571886862547], [-0.7873091827516127, -0.4597315887490001, 0.41084196117401184], [-0.22649791597366498, 0.8354137819510871, 0.5007818956250001]], "trans": [608.552298584, 350.697093135, 334.03703024]}], "rb_4XMM.renamed.noAb_Nup120_2-711_3F7F_updated.pdb_0": [{"rot": [[-0.4512743236979999, -0.3168254269411134, -0.8342500426218113], [-0.5553052794626339, -0.632107451833, 0.540440760803733], [-0.6985610434112677, 0.7071504918903563, 0.10931903058199988]], "trans": [511.575024286, 316.267313035, 320.10423039]}]}
