{"rb_ScNup133N_56-480_renamed.pdb_0": [{"rot": [[0.6698740971199999, 0.19278009463647505, 0.7170108291508688], [0.7384537556098858, -0.2733554468669998, -0.6164112673319638], [0.07716699315976833, 0.9423972807580115, -0.32547291805399986]], "trans": [461.128870304, 831.095650297, 352.306872141]}], "rb_ScNup133C_490_881_renamed_relative_3CQC.pdb_0": [{"rot": [[0.6031108009110002, 0.785672927506452, 0.1377512715292813], [0.12806354213325805, -0.26582889235800017, 0.9554761792760731], [0.7873100348660467, -0.5586170879691748, -0.26094033423000024]], "trans": [449.421048904, 486.553430637, 345.206820862]}], "rb_ScNup84_506-726_ScNup133C_882_1155_renamed_relative_3CQC_new.pdb_0": [{"rot": [[0.32103197839300013, -0.9237040112781127, -0.20906785596499633], [0.6079586704114202, 0.3702620097620001, -0.7023477053415801], [0.7261712772622273, 0.09837145762734584, 0.680439808068]], "trans": [507.886129921, 546.083984355, 288.177742449]}], "rb_4XMM.renamed.noAb_Nup145c_149-550_Sec13_Nup84_7-436_3IKO_updated.pdb_0": [{"rot": [[-0.740837791983, 0.6246286083750866, -0.2469786783695224], [0.2539565071494857, -0.07992598350859992, -0.9639076354281132], [-0.6218242986939209, -0.776821046805238, -0.09941631050400007]], "trans": [377.07833349, 602.078416953, 335.645113768]}], "rb_4XMM.renamed.noAb_Seh1_Nup85_47_544_3F3F.pdb_0": [{"rot": [[-0.726006252887, 0.6688493344784069, -0.15986084116120985], [-0.5640272294210827, -0.44615010779999986, 0.6948549242695384], [0.3934313221396521, 0.5946348872020887, 0.7011570050149999]], "trans": [514.639392522, 510.4629066229999, 486.807641283]}], "rb_4XMM.renamed.noAb_Nup120_715-1036_Nup85_553-744_Nup145c_92-99_554-712_remaining_updated.pdb_0": [{"rot": [[0.7968626801349998, -0.08148992829718162, -0.5986395080465248], [-0.23166302348085432, 0.87390998445, -0.4273331050016015], [0.5579803872536866, 0.47920844177113664, 0.6775080492329999]], "trans": [434.770604967, 613.055001757, 469.614747158]}], "rb_4XMM.renamed.noAb_Nup120_2-711_3F7F_updated.pdb_0": [{"rot": [[0.9831949676680001, 0.14782455674879333, 0.10712402146271063], [-0.18145845975001915, 0.855656086212, 0.48469112795007224], [-0.020012069794781158, -0.4959844378106892, 0.8681007743990001]], "trans": [479.602332127, 589.800917683, 234.15770109799996]}]}
