{"rb_ScNup133N_56-480_renamed.pdb_0": [{"rot": [[-0.741387295956, 0.6710773890467593, 0.00012371432795856008], [-0.6378920940712597, -0.70466784298, -0.31070389020946837], [-0.20841917789981274, -0.23043083339713574, 0.950506747637]], "trans": [320.51935494199995, 364.464718112, 140.27942022600004]}], "rb_ScNup133C_490_881_renamed_relative_3CQC.pdb_0": [{"rot": [[0.8518485066040001, 0.4563842792502546, -0.2570360119706197], [-0.04859959828346136, 0.557475640915, 0.8287695631676494], [0.5215287152623729, -0.6934942677770565, 0.49706488481600003]], "trans": [610.735519457, 486.58049418999997, 267.23533376600005]}], "rb_ScNup84_506-726_ScNup133C_882_1155_renamed_relative_3CQC_new.pdb_0": [{"rot": [[0.681425555784, 0.37905680856696666, 0.6260791865279445], [0.015564832557716929, 0.8477320374909999, -0.5301963113779725], [-0.7317219061309541, 0.3710341338615407, 0.5717663190479999]], "trans": [559.291984748, 586.227988776, 281.862947646]}], "rb_4XMM.renamed.noAb_Nup145c_149-550_Sec13_Nup84_7-436_3IKO_updated.pdb_0": [{"rot": [[-0.28433883623100015, 0.3425031810936246, 0.895456865042392], [-0.5279064355869796, -0.8355941678000001, 0.15197757072830095], [0.8002913353752188, -0.42950431625232055, 0.4184015067420002]], "trans": [455.991069436, 453.21674409, 313.623883193]}], "rb_4XMM.renamed.noAb_Seh1_Nup85_47_544_3F3F.pdb_0": [{"rot": [[-0.8749306381909999, -0.395782603386661, -0.2790206250641096], [0.3028278182009409, -0.8968140337979998, 0.3225211641220118], [-0.37787787826008984, 0.19768844083414897, 0.9045040571949999]], "trans": [358.887312447, 493.1687361890001, 424.818474006]}], "rb_4XMM.renamed.noAb_Nup120_715-1036_Nup85_553-744_Nup145c_92-99_554-712_remaining_updated.pdb_0": [{"rot": [[-0.8592686510550003, -0.010144016441920992, 0.511423976994183], [-0.18532269049468125, 0.9380538106050001, -0.2927636398141875], [-0.47677341127828543, -0.3463410852611408, -0.8079201488750002]], "trans": [422.288771943, 644.100210662, 301.570178487]}], "rb_4XMM.renamed.noAb_Nup120_2-711_3F7F_updated.pdb_0": [{"rot": [[-0.18389585820099985, -0.575871928366328, 0.7965888748006494], [0.12116667521569413, -0.8175097995980001, -0.5630243017653968], [0.9754491017750194, -0.007017811687760833, 0.220113153095]], "trans": [306.288752472, 300.528958861, 357.83414185]}]}
