{"rb_ScNup133N_56-480_renamed.pdb_0": [{"rot": [[-0.741387295956, 0.6710773890467593, 0.00012371432795856008], [-0.6378920940712597, -0.70466784298, -0.31070389020946837], [-0.20841917789981274, -0.23043083339713574, 0.950506747637]], "trans": [320.51935494199995, 364.464718112, 140.27942022600004]}], "rb_ScNup133C_490_881_renamed_relative_3CQC.pdb_0": [{"rot": [[0.830484054808, 0.4861406290033573, -0.27196235684719844], [-0.028722402734942948, 0.5249473841959998, 0.8506499088384769], [0.5563014095711016, -0.6986397731721243, 0.4499235591199999]], "trans": [611.45405537, 485.1353256130001, 271.15464349]}], "rb_ScNup84_506-726_ScNup133C_882_1155_renamed_relative_3CQC_new.pdb_0": [{"rot": [[-0.629290342068, -0.16513948942904183, -0.7594225532673196], [0.6067721822885814, 0.5061811698430001, -0.6128687804882252], [0.4856142339148348, -0.8464688844414113, -0.21833287313600014]], "trans": [654.284060932, 592.550707036, 335.334045595]}], "rb_4XMM.renamed.noAb_Nup145c_149-550_Sec13_Nup84_7-436_3IKO_updated.pdb_0": [{"rot": [[-0.8967509429309999, -0.2350132696842655, -0.3749753450890779], [-0.3992849596464687, 0.795038242145, 0.45660235930961435], [0.19081212580043294, 0.559180611787729, -0.8067885572120002]], "trans": [543.82490992, 386.673364328, 342.929837038]}], "rb_4XMM.renamed.noAb_Seh1_Nup85_47_544_3F3F.pdb_0": [{"rot": [[-0.13470434407300008, 0.7221838961423998, 0.6784579278337357], [0.8827335400354902, 0.398513353389, -0.24893494022950224], [-0.45015134897529147, 0.56536495056135, -0.691177427071]], "trans": [633.600312275, 337.990279077, 306.291797048]}], "rb_4XMM.renamed.noAb_Nup120_715-1036_Nup85_553-744_Nup145c_92-99_554-712_remaining_updated.pdb_0": [{"rot": [[0.41093593966899994, -0.00381179274422766, 0.9116562530495971], [-0.9108630431718256, 0.040197707470299854, 0.41074646790677705], [-0.03821217177964159, -0.9991844747343742, 0.013046661552899769]], "trans": [599.475020626, 266.980332724, 154.08437026]}], "rb_4XMM.renamed.noAb_Nup120_2-711_3F7F_updated.pdb_0": [{"rot": [[-0.3434275963310002, 0.8388499235080289, -0.4223603815568948], [0.22285472572303028, -0.364082903538, -0.9043115672014], [-0.9123558830309719, -0.4046905548464327, -0.06190555319890001]], "trans": [794.424128037, 264.701156837, 205.039717935]}]}
