{"rb_ScNup133N_56-480_renamed.pdb_0": [{"rot": [[-0.6696055837880001, -0.1272213596254779, 0.7317397678239013], [0.11239213535285403, 0.9565177413120002, 0.26915017827639587], [-0.7341637215708481, 0.26246625727974016, -0.6261909403040001]], "trans": [266.617726025, 642.092244047, 166.64844477099996]}], "rb_ScNup133C_490_881_renamed_relative_3CQC.pdb_0": [{"rot": [[-0.9000931790860001, -0.41625607411099985, -0.12869790102622414], [0.1631242480901612, -0.04805617776440019, -0.9854344643169813], [0.40400835220064146, -0.907976588103666, 0.11115649692100016]], "trans": [452.156703113, 724.140011869, 241.362707286]}], "rb_ScNup84_506-726_ScNup133C_882_1155_renamed_relative_3CQC_new.pdb_0": [{"rot": [[0.47384248879800017, 0.6892157838020715, 0.5481376644309468], [0.7998381096014945, -0.07642658391210008, -0.5953301400908864], [-0.368418639917723, 0.7205141085569546, -0.5874752123549999]], "trans": [409.886893442, 676.833364769, 267.01949926]}], "rb_4XMM.renamed.noAb_Nup145c_149-550_Sec13_Nup84_7-436_3IKO_updated.pdb_0": [{"rot": [[-0.27865353264900017, 0.36469719090891634, 0.8884526817368374], [-0.4827265838462252, -0.8529291072100001, 0.19871331943809295], [0.8302573420273898, -0.37350755951800724, 0.4137207379290001]], "trans": [458.351668921, 452.33276314399995, 318.33959101]}], "rb_4XMM.renamed.noAb_Seh1_Nup85_47_544_3F3F.pdb_0": [{"rot": [[0.991688306747, 0.07090693631169767, 0.1073615789943349], [-0.12661006633970143, 0.6862859888759999, 0.7162272213298985], [-0.022895269439872627, -0.7238672170055637, 0.689559322163]], "trans": [500.68316588, 590.927079158, 252.89503129800002]}], "rb_4XMM.renamed.noAb_Nup120_715-1036_Nup85_553-744_Nup145c_92-99_554-712_remaining_updated.pdb_0": [{"rot": [[0.061429903772000194, 0.9638042874055499, 0.2594372033869529], [-0.5714862351926993, -0.1791401990929998, 0.8008197500400419], [0.8183091407945029, -0.19745907081620928, 0.5397963184800001]], "trans": [584.622835551, 477.44084619000006, 335.247653711]}], "rb_4XMM.renamed.noAb_Nup120_2-711_3F7F_updated.pdb_0": [{"rot": [[0.11686630733599984, 0.5934380074634922, 0.7963501726674062], [-0.9890967415528609, 0.14189542240399988, 0.03941224365985124], [-0.08960972078497209, -0.7922733243007432, 0.6035503935399998]], "trans": [495.826721123, 558.626982291, 207.67670999799998]}]}
