{"rb_ScNup133N_56-480_renamed.pdb_0": [{"rot": [[-0.27861331739899997, 0.7902976883321001, -0.5457143787594962], [-0.9405445636715163, -0.10957212750300005, 0.3215118545597091], [0.19429498994024846, 0.6028461766416082, 0.773838448381]], "trans": [570.11755695, 377.64730592700005, 227.653108742]}], "rb_ScNup133C_490_881_renamed_relative_3CQC.pdb_0": [{"rot": [[-0.7230609292770002, 0.6871342103277934, 0.07091875316360913], [-0.6525830994259069, -0.7131330997020001, 0.25607905117969787], [0.22653518688441787, 0.13888037696743594, 0.9640508544660001]], "trans": [577.294362335, 597.862959054, 256.947469607]}], "rb_ScNup84_506-726_ScNup133C_882_1155_renamed_relative_3CQC_new.pdb_0": [{"rot": [[-0.391705275807, 0.8696737611357971, 0.3003906225182118], [-0.8727312126557935, -0.45457867739, 0.178040603567576], [0.29138841322418874, -0.19242082853546555, 0.9370523023740001]], "trans": [572.136767759, 612.364101386, 270.883264595]}], "rb_4XMM.renamed.noAb_Nup145c_149-550_Sec13_Nup84_7-436_3IKO_updated.pdb_0": [{"rot": [[-0.28433883623100015, 0.3425031810936246, 0.895456865042392], [-0.5279064355869796, -0.8355941678000001, 0.15197757072830095], [0.8002913353752188, -0.42950431625232055, 0.4184015067420002]], "trans": [455.991069436, 453.21674409, 313.623883193]}], "rb_4XMM.renamed.noAb_Seh1_Nup85_47_544_3F3F.pdb_0": [{"rot": [[-0.16794036707199989, 0.36030274779374594, 0.9175935718170645], [-0.5759323189450493, -0.7912981069339999, 0.20530287371891817], [0.8000612458445291, -0.49399315369238084, 0.3404008916009999]], "trans": [559.609009677, 498.60684622, 253.13643424899996]}], "rb_4XMM.renamed.noAb_Nup120_715-1036_Nup85_553-744_Nup145c_92-99_554-712_remaining_updated.pdb_0": [{"rot": [[0.988287799683, 0.017003057246001187, 0.1516513140135085], [0.07517147231263391, 0.810593875706, -0.5807639954562237], [-0.13280238984327603, 0.58536182375708, 0.7998218930109999]], "trans": [513.875596905, 649.599334345, 382.539266635]}], "rb_4XMM.renamed.noAb_Nup120_2-711_3F7F_updated.pdb_0": [{"rot": [[0.823053131165, -0.2850100559709422, 0.49127671558392594], [-0.56636703120614, -0.34702769549099993, 0.7475293736870472], [-0.0425667621769914, -0.8934993265569069, -0.44704253063900007]], "trans": [446.05550673899995, 378.284687448, 136.917873902]}]}
