{"rb_ScNup133N_56-480_renamed.pdb_0": [{"rot": [[0.8138037549309998, 0.14366457505699787, -0.5631020674210823], [-0.11385038199260446, 0.9895983570439999, 0.08793851406496425], [0.5698785300222697, -0.007455307472404915, 0.8216951255849998]], "trans": [868.670836164, 565.737684528, 340.43595496]}], "rb_ScNup133C_490_881_renamed_relative_3CQC.pdb_0": [{"rot": [[-0.4307990512849999, 0.7457915469974803, 0.5081408720414538], [-0.8676904291526455, -0.49706771086799983, -0.006083581950164396], [0.24804333607021561, -0.44352977266419397, 0.861252485739]], "trans": [574.51287226, 563.971745099, 253.101971968]}], "rb_ScNup84_506-726_ScNup133C_882_1155_renamed_relative_3CQC_new.pdb_0": [{"rot": [[0.0682099597589999, -0.7108740325206415, 0.7000039366157291], [-0.10175364799306041, 0.6930222656080001, 0.7136990503648294], [-0.99246843602695, -0.11990933766557499, -0.025063005223300065]], "trans": [583.43017048, 526.136955198, 316.690629973]}], "rb_4XMM.renamed.noAb_Nup145c_149-550_Sec13_Nup84_7-436_3IKO_updated.pdb_0": [{"rot": [[0.456080915709, -0.8764038490310184, -0.15461724266606203], [-0.19398151466660996, -0.26746263655799996, 0.9438405108984732], [-0.8685397920036179, -0.40047475756788853, -0.291990750294]], "trans": [560.480069178, 584.600688996, 248.18409845]}], "rb_4XMM.renamed.noAb_Seh1_Nup85_47_544_3F3F.pdb_0": [{"rot": [[0.7305596982360001, 0.6194274893161767, 0.28738843538455466], [-0.619015753159457, 0.4230820222120002, 0.6616805118948532], [0.2882742178096314, -0.6612950838774341, 0.6925220483030001]], "trans": [739.895338344, 678.11283103, 324.745690939]}], "rb_4XMM.renamed.noAb_Nup120_715-1036_Nup85_553-744_Nup145c_92-99_554-712_remaining_updated.pdb_0": [{"rot": [[-0.834483808744, -0.4284036954904028, -0.3465646355793874], [-0.42961029184952737, 0.8996677963350002, -0.07767144504056013], [0.3450677760688055, 0.08407217094788881, -0.9348048459390002]], "trans": [598.592612778, 714.837631625, 389.313830471]}], "rb_4XMM.renamed.noAb_Nup120_2-711_3F7F_updated.pdb_0": [{"rot": [[-0.660905659801, -0.35621199964401423, -0.6605427466505234], [0.29447171212230344, -0.9326757895459998, 0.20833214431408548], [-0.690282637477406, -0.05682326024049071, 0.7213050654839999]], "trans": [627.58290231, 383.565396782, 302.889796406]}]}
