{"rb_ScNup133N_56-480_renamed.pdb_0": [{"rot": [[-0.6054648612319999, 0.5222011347121451, 0.6005982656640485], [-0.06778981988623423, -0.785737273315, 0.6148345124041923], [0.7929797236582452, 0.3315462444800982, 0.511136230019]], "trans": [234.875829597, 341.389085095, 486.212073725]}], "rb_ScNup133C_490_881_renamed_relative_3CQC.pdb_0": [{"rot": [[-0.724792336037, -0.656111564546756, -0.21022293997096667], [0.6864042679496235, -0.661364975121, -0.3023996538088967], [0.05937382051519077, -0.36347487471791934, 0.9297100434470003]], "trans": [444.830277947, 419.833698065, 313.606913256]}], "rb_ScNup84_506-726_ScNup133C_882_1155_renamed_relative_3CQC_new.pdb_0": [{"rot": [[-0.5589463035020001, 0.34371845307511806, -0.7546102668378546], [0.733754883345419, 0.628918545994, -0.2570315810781695], [0.3862418943721676, -0.697365820441783, -0.603736789927]], "trans": [489.086510049, 422.396911248, 415.645959977]}], "rb_4XMM.renamed.noAb_Nup145c_149-550_Sec13_Nup84_7-436_3IKO_updated.pdb_0": [{"rot": [[0.29525132503900015, -0.6323273655702366, -0.7162323350796995], [0.9274745083218556, 0.009708330704059964, 0.373760330597126], [-0.2293854648312466, -0.774640465678075, 0.5893339099849999]], "trans": [484.062810377, 592.375546353, 224.896600408]}], "rb_4XMM.renamed.noAb_Seh1_Nup85_47_544_3F3F.pdb_0": [{"rot": [[-0.21195698496300008, -0.9591144591006273, 0.18754650321855093], [0.49027547253206943, -0.27036719908100004, -0.828571987635686], [0.8454017965197679, -0.08367216983684778, 0.5275365109980001]], "trans": [323.508639985, 482.42861198, 434.353723172]}], "rb_4XMM.renamed.noAb_Nup120_715-1036_Nup85_553-744_Nup145c_92-99_554-712_remaining_updated.pdb_0": [{"rot": [[-0.9442143397559999, 0.2478123602535735, 0.21690623482208649], [0.3050302296301098, 0.9063733703280001, 0.29230783871128807], [-0.12416053966918596, 0.3421642115502658, -0.9314009945900001]], "trans": [425.02676971, 658.191724992, 419.933777694]}], "rb_4XMM.renamed.noAb_Nup120_2-711_3F7F_updated.pdb_0": [{"rot": [[0.67430302674, 0.35873653136530426, 0.6454638093598005], [0.279412238209923, -0.933033417335, 0.22666592879101416], [0.6835526528862251, 0.027508965814110733, -0.729382634515]], "trans": [499.740931927, 324.65630021, 379.612727683]}]}
