{"rb_ScNup133N_56-480_renamed.pdb_0": [{"rot": [[-0.09457402532340001, -0.9954599001312132, 0.010739691098151316], [-0.9299570201638576, 0.092190831537, 0.3559224511441712], [-0.35529662872322243, 0.023673567776558352, -0.9344537804549998]], "trans": [429.684596199, 118.17719843200001, 413.738944461]}], "rb_ScNup133C_490_881_renamed_relative_3CQC.pdb_0": [{"rot": [[0.25504405513600004, 0.8409842993454023, 0.4771770512024941], [0.8481325923228301, 0.042423817339499986, -0.5280826881863302], [-0.46435292157963337, 0.5393937596754966, -0.7024462514979999]], "trans": [451.017762972, 452.166528989, 427.354014488]}], "rb_ScNup84_506-726_ScNup133C_882_1155_renamed_relative_3CQC_new.pdb_0": [{"rot": [[0.5095557700980001, -0.4267376843691942, 0.7471598663599728], [0.7745870330086662, 0.605603079985, -0.18237279897921585], [-0.3746569703804614, 0.6716694560957047, 0.639134020604]], "trans": [435.834852677, 419.837063274, 337.884888835]}], "rb_4XMM.renamed.noAb_Nup145c_149-550_Sec13_Nup84_7-436_3IKO_updated.pdb_0": [{"rot": [[0.31846390292200005, 0.44797217451884547, 0.8354050953833977], [-0.25287228509666754, -0.8092066405039999, 0.5303208655090045], [0.913584342009908, -0.38013884808196996, -0.14442335757500008]], "trans": [437.693924388, 447.509170471, 407.830549507]}], "rb_4XMM.renamed.noAb_Seh1_Nup85_47_544_3F3F.pdb_0": [{"rot": [[0.395535086646, 0.9142044916839684, 0.08821645320912638], [0.7452014401871467, -0.26329645626800013, -0.6126579711876075], [-0.5368675896112032, 0.30806675169769593, -0.785409490472]], "trans": [484.145820649, 451.68035981, 384.033253396]}], "rb_4XMM.renamed.noAb_Nup120_715-1036_Nup85_553-744_Nup145c_92-99_554-712_remaining_updated.pdb_0": [{"rot": [[-0.990892150186, 0.07423844025495915, 0.11234500740253903], [0.11859813654750892, 0.08600829891020007, 0.9892103186512119], [0.0637748281630309, 0.9935246481628347, -0.09402948891540014]], "trans": [370.747363439, 526.236850199, 512.962991714]}], "rb_4XMM.renamed.noAb_Nup120_2-711_3F7F_updated.pdb_0": [{"rot": [[0.930262479596, 0.11771869823189487, 0.34749680162915125], [0.06290930602431094, -0.9842808331899999, 0.16502624224752532], [0.3614611158498812, -0.13165693867543554, -0.9230451301140001]], "trans": [417.973975841, 345.5408226310001, 333.25859486]}]}
