{"rb_ScNup133N_56-480_renamed.pdb_0": [{"rot": [[-0.480785464848, 0.15465039886136422, -0.8630924579226222], [-0.15309005038776108, -0.9840099345939999, -0.0910378223189941], [-0.8633705886021166, 0.08836120615028359, 0.49677311117299994]], "trans": [520.01375709, 359.530460102, 1.4283701773600228]}], "rb_ScNup133C_490_881_renamed_relative_3CQC.pdb_0": [{"rot": [[-0.261363958347, -0.9424656829440748, 0.20844020185642265], [-0.9351160743789914, 0.30076130775099996, 0.18735144301000986], [-0.23926305338520698, -0.14594886855562392, -0.959922975583]], "trans": [508.65062575, 325.20576564299995, 305.105150769]}], "rb_ScNup84_506-726_ScNup133C_882_1155_renamed_relative_3CQC_new.pdb_0": [{"rot": [[0.47051157017099987, -0.8315918569424507, 0.29508277788143916], [-0.03861863451546782, -0.35349796419300006, -0.9346377856579333], [0.8815483329933651, 0.4283621981202485, -0.19843982417400016]], "trans": [504.435614795, 392.052826001, 245.49265276099996]}], "rb_4XMM.renamed.noAb_Nup145c_149-550_Sec13_Nup84_7-436_3IKO_updated.pdb_0": [{"rot": [[-0.982225633381, -0.18623906921658484, 0.023405431562641965], [0.14275867210066145, -0.8221637695940001, -0.551059613387735], [0.12187192732269894, -0.5379235494606314, 0.8341375715470001]], "trans": [515.755116788, 398.851336154, 189.403927458]}], "rb_4XMM.renamed.noAb_Seh1_Nup85_47_544_3F3F.pdb_0": [{"rot": [[-0.914414571936, 0.04775008109544515, 0.4019526345062068], [0.18957920349709229, 0.9278935624719999, 0.32105024890884076], [-0.35763908655585996, 0.3697748862191684, -0.857531817071]], "trans": [535.579450446, 555.425073412, 287.395320382]}], "rb_4XMM.renamed.noAb_Nup120_715-1036_Nup85_553-744_Nup145c_92-99_554-712_remaining_updated.pdb_0": [{"rot": [[-0.126117281607, 0.4111240361131105, 0.9028130804380975], [0.8877936963106103, 0.45284221024500004, -0.08219662652181708], [-0.4426248796342164, 0.7911453466655094, -0.4221045562160002]], "trans": [609.628489917, 527.832852673, 329.477830663]}], "rb_4XMM.renamed.noAb_Nup120_2-711_3F7F_updated.pdb_0": [{"rot": [[-0.4860712397860001, 0.7773502211775498, 0.39932616178772395], [0.8433691211369234, 0.2974853189330001, 0.44747179858854225], [0.22904863100580752, 0.5542825260230976, -0.8001922306420001]], "trans": [673.905410655, 499.219845155, 332.426365049]}]}
