{"rb_ScNup133N_56-480_renamed.pdb_0": [{"rot": [[-0.666797797938, 0.13806620828512617, 0.7323376398866867], [-0.7283773337840586, -0.32859315072, -0.6012428801487213], [0.1576298077606526, -0.934325566079443, 0.3196694859940001]], "trans": [191.231658772, 409.270901831, 421.7008498199999]}], "rb_ScNup133C_490_881_renamed_relative_3CQC.pdb_0": [{"rot": [[-0.586820034176, 0.7691746157259325, 0.2530072291705168], [-0.7311092397977899, -0.637621396441, 0.24273078561016354], [0.3480251815199243, -0.042536635074878204, 0.936519678226]], "trans": [464.275915587, 453.062177306, 358.60995697]}], "rb_ScNup84_506-726_ScNup133C_882_1155_renamed_relative_3CQC_new.pdb_0": [{"rot": [[-0.89696076197, 0.34556947309914143, 0.27575918978010294], [-0.4120025369763446, -0.879590360063, -0.23785438404472992], [0.16035991086070372, -0.32695953533460964, 0.931333539202]], "trans": [452.201964658, 477.849206826, 345.741586805]}], "rb_4XMM.renamed.noAb_Nup145c_149-550_Sec13_Nup84_7-436_3IKO_updated.pdb_0": [{"rot": [[0.2460328007110001, 0.7508760436298026, -0.6129053989623163], [0.047608880335955894, -0.6409413623630001, -0.7661119791031976], [-0.9680915532569521, 0.15930893608054858, -0.19344096618200013]], "trans": [620.811907077, 465.280519935, 262.325886438]}], "rb_4XMM.renamed.noAb_Seh1_Nup85_47_544_3F3F.pdb_0": [{"rot": [[0.533111934625, -0.5758883140604014, 0.6197937680301879], [-0.32752062713045055, -0.815936628479, -0.47642172191284354], [0.7800781396529877, 0.050990862269537585, -0.623600856318]], "trans": [427.403902213, 471.3589630519999, 312.560552466]}], "rb_4XMM.renamed.noAb_Nup120_715-1036_Nup85_553-744_Nup145c_92-99_554-712_remaining_updated.pdb_0": [{"rot": [[0.36645535750800007, -0.8839845179457942, 0.2903133530959704], [0.6280946818446588, 0.004829805753880034, -0.778121933642046], [0.6864455853104022, 0.46749122452568187, 0.556995882749]], "trans": [406.81435598200005, 569.821572879, 377.827578823]}], "rb_4XMM.renamed.noAb_Nup120_2-711_3F7F_updated.pdb_0": [{"rot": [[-0.430829762531, 0.3930491633249682, 0.8123411050334856], [0.8043952639739276, -0.240777813694, 0.543115368710049], [0.4090647565041471, 0.8874336029485697, -0.21243263719099986]], "trans": [636.373767426, 497.5023577559999, 486.07373963199996]}]}
