{"rb_ScNup133N_56-480_renamed.pdb_0": [{"rot": [[-0.20712252923000016, 0.44921668095515616, 0.8690826378642027], [0.6604852363342504, -0.5911279063369997, 0.4629546964165331], [0.7217059723113401, 0.6699045991044309, -0.1742650786269998]], "trans": [438.218843444, 743.656871727, 520.131534365]}], "rb_ScNup133C_490_881_renamed_relative_3CQC.pdb_0": [{"rot": [[-0.9768254462770001, 0.2138286759475047, 0.009452240383997574], [0.20948687642062708, 0.9641825348819999, -0.1626877009366404], [-0.043900980777982226, -0.1569373657579923, -0.986632336342]], "trans": [567.341203822, 681.640544452, 380.803700727]}], "rb_ScNup84_506-726_ScNup133C_882_1155_renamed_relative_3CQC_new.pdb_0": [{"rot": [[-0.5165241024350001, 0.0006847705460504838, 0.8562723764626634], [-0.7680041673358173, -0.44257242786600015, -0.46292466454879266], [0.3786455473903472, -0.8967325003489578, 0.2291252326990001]], "trans": [529.188283768, 714.949912356, 313.226996421]}], "rb_4XMM.renamed.noAb_Nup145c_149-550_Sec13_Nup84_7-436_3IKO_updated.pdb_0": [{"rot": [[0.417996979221, 0.316155915724627, -0.8516595342708503], [0.004219567586495998, -0.9381536181710001, -0.3461935642989981], [-0.9084386168649493, 0.14111422913719263, -0.3934794196949999]], "trans": [649.449889276, 490.58414036100004, 269.054868198]}], "rb_4XMM.renamed.noAb_Seh1_Nup85_47_544_3F3F.pdb_0": [{"rot": [[0.6248383270489999, -0.775767286202059, 0.088103250276591], [-0.39999900427726764, -0.414984280993, -0.8171834819096121], [0.6705056760593466, 0.4753663473442514, -0.569604225919]], "trans": [451.374562804, 588.391365213, 303.165070031]}], "rb_4XMM.renamed.noAb_Nup120_715-1036_Nup85_553-744_Nup145c_92-99_554-712_remaining_updated.pdb_0": [{"rot": [[-0.03199760777439992, -0.9459829063335186, -0.3226336839536524], [0.8456272322588834, 0.14645723561800011, -0.51328828371327], [0.5328139798831262, -0.2892518263726665, 0.795262625666]], "trans": [439.302244953, 659.945061863, 227.71825603000002]}], "rb_4XMM.renamed.noAb_Nup120_2-711_3F7F_updated.pdb_0": [{"rot": [[0.778414036797, -0.4228627323047638, 0.46395980100128104], [-0.017734823759731733, -0.753600920515, -0.6570929375858151], [0.627500648082223, 0.5032621207946156, -0.5941129307040001]], "trans": [550.353511849, 469.6564537610001, 471.433839019]}]}
