{"rb_ScNup133N_56-480_renamed.pdb_0": [{"rot": [[-0.606503116669, -0.4237643253759259, -0.6727390028900329], [-0.35020474228121723, -0.617244440621, 0.7045324258018327], [-0.7138001176481659, 0.6628975011728097, 0.225956400627]], "trans": [488.5542755000001, 299.73568317600007, 58.26079862170002]}], "rb_ScNup133C_490_881_renamed_relative_3CQC.pdb_0": [{"rot": [[-0.964331014613, -0.2646988796430029, 0.0004442647871050476], [-0.23183965436070417, 0.8454283055130001, 0.48114587694723804], [-0.12773436859894538, 0.4638808934987046, -0.876640432404]], "trans": [514.693552135, 493.38391958099993, 364.829717515]}], "rb_ScNup84_506-726_ScNup133C_882_1155_renamed_relative_3CQC_new.pdb_0": [{"rot": [[0.32103197839300013, -0.9237040112781127, -0.20906785596499633], [0.6079586704114202, 0.3702620097620001, -0.7023477053415801], [0.7261712772622273, 0.09837145762734584, 0.680439808068]], "trans": [507.886129921, 546.083984355, 288.177742449]}], "rb_4XMM.renamed.noAb_Nup145c_149-550_Sec13_Nup84_7-436_3IKO_updated.pdb_0": [{"rot": [[0.034206602189399866, -0.16781379974078653, -0.9852250692015583], [0.0007553196239880322, 0.9858060366700001, -0.16788653179231605], [0.9994144975228856, 0.004998667977164903, 0.03384782798839991]], "trans": [619.462697343, 723.747855797, 372.660535694]}], "rb_4XMM.renamed.noAb_Seh1_Nup85_47_544_3F3F.pdb_0": [{"rot": [[-0.27920420951199987, 0.20519176785768722, -0.9380518897130459], [0.7100592840667852, 0.701762425624, -0.0578386643421539], [0.6464215516993101, -0.6822212517840213, -0.34163334309299986]], "trans": [651.402995774, 657.235586606, 297.860429081]}], "rb_4XMM.renamed.noAb_Nup120_715-1036_Nup85_553-744_Nup145c_92-99_554-712_remaining_updated.pdb_0": [{"rot": [[0.239414594239, -0.9389870861317349, -0.24694919344514718], [-0.6308615279916026, -0.3437846688509999, 0.6955759009361299], [-0.7380341350950343, -0.01074027657195098, -0.6746778949199999]], "trans": [546.924623482, 516.098275807, 334.094697849]}], "rb_4XMM.renamed.noAb_Nup120_2-711_3F7F_updated.pdb_0": [{"rot": [[-0.6194933491439999, 0.7535417051579121, -0.22000656570669994], [0.494447502368955, 0.592241622963, 0.6362165727417464], [0.6097127666101902, 0.2853502385102526, -0.7394765605580002]], "trans": [814.511272521, 752.056120753, 430.761722978]}]}
