{"rb_ScNup133N_56-480_renamed.pdb_0": [{"rot": [[-0.09846225812230003, 0.5502087819405443, 0.8292017124927805], [0.09860089581299006, -0.8237564488279999, 0.5583038387465721], [0.9902439331146308, 0.13673188834278957, 0.026857841310899966]], "trans": [405.496827005, 466.82226731, 582.481405925]}], "rb_ScNup133C_490_881_renamed_relative_3CQC.pdb_0": [{"rot": [[0.470812039884, -0.6703459048373194, -0.5735611484123575], [-0.826596905874618, -0.562394079871, -0.02122390455499032], [-0.3083400368080259, 0.4840963404053855, -0.818887754767]], "trans": [573.847662103, 441.474532685, 357.049834016]}], "rb_ScNup84_506-726_ScNup133C_882_1155_renamed_relative_3CQC_new.pdb_0": [{"rot": [[0.0799570966318, -0.5049818662848602, 0.8594185112165507], [-0.14238402961190094, -0.8591238274039998, -0.49156183466394077], [0.9865767333612172, -0.08306361363534356, -0.14059439988900002]], "trans": [507.647178957, 434.446814262, 310.931613826]}], "rb_4XMM.renamed.noAb_Nup145c_149-550_Sec13_Nup84_7-436_3IKO_updated.pdb_0": [{"rot": [[-0.982225633381, -0.18623906921658484, 0.023405431562641965], [0.14275867210066145, -0.8221637695940001, -0.551059613387735], [0.12187192732269894, -0.5379235494606314, 0.8341375715470001]], "trans": [515.755116788, 398.851336154, 189.403927458]}], "rb_4XMM.renamed.noAb_Seh1_Nup85_47_544_3F3F.pdb_0": [{"rot": [[-0.35366144141300015, -0.2029222508805088, 0.913097007417759], [-0.061270659969230215, 0.979113583719, 0.1938620550903959], [-0.9333646077951606, 0.01261547757814066, -0.35870790155900023]], "trans": [552.260326228, 539.377737249, 158.585390029]}], "rb_4XMM.renamed.noAb_Nup120_715-1036_Nup85_553-744_Nup145c_92-99_554-712_remaining_updated.pdb_0": [{"rot": [[-0.6568878913309999, 0.2861355926549667, -0.697584920162917], [-0.14829412395173372, -0.9561518421509999, -0.25255198980138105], [-0.7392612197485406, -0.062450599414577534, 0.6705167944269999]], "trans": [596.842970396, 329.900999148, 191.51107821]}], "rb_4XMM.renamed.noAb_Nup120_2-711_3F7F_updated.pdb_0": [{"rot": [[0.7176389771189999, 0.19424993917528754, 0.6687759412912462], [0.3144963231288367, -0.947208676572, -0.06235211115240971], [0.6213584804748686, 0.2550738798017492, -0.7408447574119998]], "trans": [560.089769903, 341.539460077, 383.204728591]}]}
