{"rb_ScNup133N_56-480_renamed.pdb_0": [{"rot": [[-0.824360421294, 0.39305599436784944, 0.407353508755577], [-0.46486190245837, -0.880699230049, -0.09095206338442005], [0.32300666780542436, -0.26434040834234895, 0.9087303456309999]], "trans": [165.78385163400003, 383.759333059, 351.31422347]}], "rb_ScNup133C_490_881_renamed_relative_3CQC.pdb_0": [{"rot": [[-0.858067863451, -0.4920847740447979, 0.14687449358522486], [0.28654079482531547, -0.22143710245200005, 0.9321265914877329], [-0.4261618408697716, 0.841913406955218, 0.33101042366600003]], "trans": [361.15736291, 449.745480628, 378.394777613]}], "rb_ScNup84_506-726_ScNup133C_882_1155_renamed_relative_3CQC_new.pdb_0": [{"rot": [[0.07269722632580017, 0.8521733388725892, -0.5181850188873458], [-0.26742150331624975, -0.483879798848, -0.8332743124751275], [-0.9608334157639464, 0.19915054803229315, 0.19271275611600003]], "trans": [395.678336095, 569.205912867, 395.673047121]}], "rb_4XMM.renamed.noAb_Nup145c_149-550_Sec13_Nup84_7-436_3IKO_updated.pdb_0": [{"rot": [[0.4457111590900003, -0.6414536298004989, -0.6244027574237747], [0.3035546834536487, -0.5478886827410001, 0.779533543523104], [-0.8421378253089002, -0.5369871806105772, -0.04948384629250013]], "trans": [538.484427443, 473.95745666700003, 215.18358045800002]}], "rb_4XMM.renamed.noAb_Seh1_Nup85_47_544_3F3F.pdb_0": [{"rot": [[0.158246901891, -0.23733407839601126, -0.9584521131876207], [0.06834318460309494, -0.9657224673989997, 0.25041830020806105], [-0.9850315361247106, -0.10513158988954403, -0.13660242181999993]], "trans": [483.74189478700004, 415.86628596, 265.248754424]}], "rb_4XMM.renamed.noAb_Nup120_715-1036_Nup85_553-744_Nup145c_92-99_554-712_remaining_updated.pdb_0": [{"rot": [[0.06594937215409996, -0.19261498075465003, 0.9790557438171564], [-0.5292757117367468, -0.8385368919919999, -0.12931783223498988], [0.8458829122745298, -0.5096619957945487, -0.1572474125849999]], "trans": [531.773915759, 424.032282973, 266.105382412]}], "rb_4XMM.renamed.noAb_Nup120_2-711_3F7F_updated.pdb_0": [{"rot": [[0.778414036797, -0.4228627323047638, 0.46395980100128104], [-0.017734823759731733, -0.753600920515, -0.6570929375858151], [0.627500648082223, 0.5032621207946156, -0.5941129307040001]], "trans": [550.353511849, 469.6564537610001, 471.433839019]}]}
