{"rb_ScNup133N_56-480_renamed.pdb_0": [{"rot": [[0.17823395841299983, 0.7365672894638623, 0.6524578792230898], [0.7438645077067944, 0.33319425080800025, -0.5793506584121779], [-0.6441259583672759, 0.588600220285683, -0.48851973392799997]], "trans": [568.695521039, 950.133863475, 164.128377645]}], "rb_ScNup133C_490_881_renamed_relative_3CQC.pdb_0": [{"rot": [[0.678184025887, -0.7274154644393341, -0.10456179572964815], [-0.7203469296465156, -0.6298302761040002, -0.29054108874924583], [0.1454878963369081, 0.27236109376573386, -0.95113232866]], "trans": [609.911456604, 631.720758187, 391.101812534]}], "rb_ScNup84_506-726_ScNup133C_882_1155_renamed_relative_3CQC_new.pdb_0": [{"rot": [[-0.391705275807, 0.8696737611357971, 0.3003906225182118], [-0.8727312126557935, -0.45457867739, 0.178040603567576], [0.29138841322418874, -0.19242082853546555, 0.9370523023740001]], "trans": [572.136767759, 612.364101386, 270.883264595]}], "rb_4XMM.renamed.noAb_Nup145c_149-550_Sec13_Nup84_7-436_3IKO_updated.pdb_0": [{"rot": [[-0.27865353264900017, 0.36469719090891634, 0.8884526817368374], [-0.4827265838462252, -0.8529291072100001, 0.19871331943809295], [0.8302573420273898, -0.37350755951800724, 0.4137207379290001]], "trans": [458.351668921, 452.33276314399995, 318.33959101]}], "rb_4XMM.renamed.noAb_Seh1_Nup85_47_544_3F3F.pdb_0": [{"rot": [[0.038067599897200044, 0.9991181137555412, -0.017715885629455863], [-0.6672055889438431, 0.03861132123490002, 0.743872212113475], [0.7439002351929767, -0.016497291840318007, 0.668087029841]], "trans": [598.077338261, 487.36877180400006, 336.352992882]}], "rb_4XMM.renamed.noAb_Nup120_715-1036_Nup85_553-744_Nup145c_92-99_554-712_remaining_updated.pdb_0": [{"rot": [[-0.5539221847409999, -0.2986666642121953, -0.7771540625513818], [-0.8290201136115463, 0.11177354713600007, 0.5479345995537559], [-0.07678453281264447, 0.9477894797100228, -0.309514519323]], "trans": [438.272596252, 490.58313414899993, 401.238542822]}], "rb_4XMM.renamed.noAb_Nup120_2-711_3F7F_updated.pdb_0": [{"rot": [[0.696082892933, 0.6281892793236075, -0.34763031442742787], [-0.3858812569421218, -0.08096752236429999, -0.9189885286895342], [-0.6054455068020522, 0.7738362163048932, 0.186046361502]], "trans": [668.458022739, 503.61126126, 332.304436889]}]}
