{"rb_ScNup133N_56-480_renamed.pdb_0": [{"rot": [[-0.7855557259320001, -0.09998638706797228, 0.6106594172339784], [-0.4032413059977207, 0.8312606690760002, -0.3826253378758041], [-0.4693598306126133, -0.5468166259802405, -0.6933202196380001]], "trans": [285.59261631399994, 500.025780226, 302.18630789199995]}], "rb_ScNup133C_490_881_renamed_relative_3CQC.pdb_0": [{"rot": [[0.3672299092049999, 0.7866065735994686, 0.49637918183117974], [0.4528618924844866, -0.6173486011359999, 0.6432704027163019], [0.8124397209151315, -0.01143691590980217, -0.582933012304]], "trans": [573.174516626, 510.589100834, 361.470943179]}], "rb_ScNup84_506-726_ScNup133C_882_1155_renamed_relative_3CQC_new.pdb_0": [{"rot": [[-0.629290342068, -0.16513948942904183, -0.7594225532673196], [0.6067721822885814, 0.5061811698430001, -0.6128687804882252], [0.4856142339148348, -0.8464688844414113, -0.21833287313600014]], "trans": [654.284060932, 592.550707036, 335.334045595]}], "rb_4XMM.renamed.noAb_Nup145c_149-550_Sec13_Nup84_7-436_3IKO_updated.pdb_0": [{"rot": [[0.4457111590900003, -0.6414536298004989, -0.6244027574237747], [0.3035546834536487, -0.5478886827410001, 0.779533543523104], [-0.8421378253089002, -0.5369871806105772, -0.04948384629250013]], "trans": [538.484427443, 473.95745666700003, 215.18358045800002]}], "rb_4XMM.renamed.noAb_Seh1_Nup85_47_544_3F3F.pdb_0": [{"rot": [[-0.26486466235700007, 0.9640705078812288, 0.0203658161668529], [-0.5315880426794433, -0.16360209305699996, 0.8310526505749243], [0.8045252410675199, 0.20929025534171058, 0.555820767428]], "trans": [668.000728823, 404.716142331, 305.9857065]}], "rb_4XMM.renamed.noAb_Nup120_715-1036_Nup85_553-744_Nup145c_92-99_554-712_remaining_updated.pdb_0": [{"rot": [[-0.664872244618, 0.6493530729512108, -0.3691686403060825], [-0.6348380618218264, -0.23080425033499996, 0.7373669597219592], [0.39360580991510935, 0.7246171297148019, 0.565689386258]], "trans": [629.471929685, 396.537608598, 344.935016023]}], "rb_4XMM.renamed.noAb_Nup120_2-711_3F7F_updated.pdb_0": [{"rot": [[0.696082892933, 0.6281892793236075, -0.34763031442742787], [-0.3858812569421218, -0.08096752236429999, -0.9189885286895342], [-0.6054455068020522, 0.7738362163048932, 0.186046361502]], "trans": [668.458022739, 503.61126126, 332.304436889]}]}
