{"rb_ScNup133N_56-480_renamed.pdb_0": [{"rot": [[-0.6572356409890001, 0.7474473191244544, 0.09676681945504015], [-0.4773075940570939, -0.31341817204299993, -0.8209424523610975], [-0.5832827555047437, -0.58574017667127, 0.562751874776]], "trans": [278.743490582, 512.875608861, 132.20671549599996]}], "rb_ScNup133C_490_881_renamed_relative_3CQC.pdb_0": [{"rot": [[-0.028573693235299985, 0.9995613367838746, 0.007789612424812055], [0.9977604442760216, 0.028991968856299982, -0.06027903101370699], [-0.060478425020920386, 0.006049772613011692, -0.998151171095]], "trans": [573.274317583, 561.694733028, 365.934634965]}], "rb_ScNup84_506-726_ScNup133C_882_1155_renamed_relative_3CQC_new.pdb_0": [{"rot": [[-0.89011550125, -0.43934695557608505, 0.12111419016980077], [0.1918704142993831, -0.602329375949, -0.7748451890445414], [0.41337650943304005, -0.6664634839921191, 0.620440396778]], "trans": [613.47007973, 624.333465528, 286.072142089]}], "rb_4XMM.renamed.noAb_Nup145c_149-550_Sec13_Nup84_7-436_3IKO_updated.pdb_0": [{"rot": [[0.4747700523489998, 0.39274261872108507, -0.7876208687132613], [0.0669502863914801, 0.8762024507850003, 0.47727028442011604], [0.8775597167968838, -0.2793250806470197, 0.38970045262599995]], "trans": [693.482017207, 649.23017312, 335.240682569]}], "rb_4XMM.renamed.noAb_Seh1_Nup85_47_544_3F3F.pdb_0": [{"rot": [[-0.57035378756, 0.5122653160061215, -0.6420909616503809], [0.7859097219368185, 0.11303891901300012, -0.6079211394198799], [-0.2388356463787495, -0.8513556535347145, -0.46706646766100013]], "trans": [683.152191885, 583.831106545, 261.41564299999993]}], "rb_4XMM.renamed.noAb_Nup120_715-1036_Nup85_553-744_Nup145c_92-99_554-712_remaining_updated.pdb_0": [{"rot": [[-0.211767316131, -0.3130164332449933, -0.9258376295751086], [-0.7127347462883998, -0.5987152833270001, 0.36544382734406755], [-0.6687030620924984, 0.7372657065327622, -0.09630935945620006]], "trans": [609.955428187, 475.534196572, 418.764703501]}], "rb_4XMM.renamed.noAb_Nup120_2-711_3F7F_updated.pdb_0": [{"rot": [[-0.04024057481789989, -0.9947809207682528, 0.09376361668468311], [0.8994920145727168, -0.07692642927369986, -0.4301121251477502], [0.43508023611540947, 0.06703166531323568, 0.897893058213]], "trans": [423.86808395500003, 676.933137464, 299.365748243]}]}
