{"rb_ScNup133N_56-480_renamed.pdb_0": [{"rot": [[-0.156280978809, 0.5608098488884541, -0.8130612332734911], [0.4598497784431184, -0.687207563579, -0.5623912746706066], [-0.8741363949226207, -0.46177708686066704, -0.15049081407900006]], "trans": [591.16075905, 415.497379407, 141.956355251]}], "rb_ScNup133C_490_881_renamed_relative_3CQC.pdb_0": [{"rot": [[0.9828959078670001, 0.06999946060384864, -0.1703399830147817], [0.012377373273005771, -0.9479642190140001, -0.3181361974061386], [-0.18374557118245477, 0.3105864050217703, -0.932616561126]], "trans": [584.32493222, 162.008517002, 379.98280525]}], "rb_ScNup84_506-726_ScNup133C_882_1155_renamed_relative_3CQC_new.pdb_0": [{"rot": [[-0.28714251359800014, -0.23646854275368517, -0.9282412429818938], [-0.7819201428650966, -0.5018925167390003, 0.3697361110619566], [-0.5533082929673561, 0.8319774816239567, -0.04078483792059995]], "trans": [620.345166089, 139.009416731, 341.730398693]}], "rb_4XMM.renamed.noAb_Nup145c_149-550_Sec13_Nup84_7-436_3IKO_updated.pdb_0": [{"rot": [[-0.49307189107200006, -0.7164905846890152, 0.4934788265839526], [0.22912753432134111, -0.654146386604, -0.7208280501678279], [0.8392739024004644, -0.24235046305902372, 0.48670891691500007]], "trans": [462.37506235599994, 300.640841525, 314.593417364]}], "rb_4XMM.renamed.noAb_Seh1_Nup85_47_544_3F3F.pdb_0": [{"rot": [[0.8812295601639998, -0.4722526061996679, -0.02029626149773517], [-0.02538910729531757, -0.09016499544569995, 0.9956031673448128], [-0.4720062028447401, -0.8768396372962949, -0.09144613136809993]], "trans": [466.129075041, 338.494237202, 194.30764083600002]}], "rb_4XMM.renamed.noAb_Nup120_715-1036_Nup85_553-744_Nup145c_92-99_554-712_remaining_updated.pdb_0": [{"rot": [[-0.0058180868030598965, 0.07827003344275091, 0.9969152179251869], [0.18990290648342162, -0.9787036926500001, 0.07794849647301182], [0.9817856364681147, 0.18977060852019462, -0.009169523803019997]], "trans": [532.44324865, 240.23912913199996, 369.57274871]}], "rb_4XMM.renamed.noAb_Nup120_2-711_3F7F_updated.pdb_0": [{"rot": [[-0.285369786955, 0.9283517505195861, 0.23817454104181268], [0.6822091404929916, 0.022210589349699827, 0.7308196619882037], [0.6731677155962482, 0.3710387001755466, -0.639668280948]], "trans": [709.895704497, 429.804660788, 405.1094117079999]}]}
