{"rb_ScNup133N_56-480_renamed.pdb_0": [{"rot": [[-0.45821140804400007, 0.1003215080978789, 0.8831635751950496], [0.41027662339598503, 0.905299400581, 0.11002766744083584], [-0.7884893137088947, 0.41275730195921345, -0.455978082638]], "trans": [212.27899096599998, 621.156061668, 173.70527186799998]}], "rb_ScNup133C_490_881_renamed_relative_3CQC.pdb_0": [{"rot": [[0.91454776219, 0.021939977321523377, -0.4038824433772707], [0.2684568520743809, -0.779812142398, 0.5655297880244288], [-0.3025447227230665, -0.6256290114466978, -0.7190653870050001]], "trans": [481.546260663, 512.918268374, 338.789745862]}], "rb_ScNup84_506-726_ScNup133C_882_1155_renamed_relative_3CQC_new.pdb_0": [{"rot": [[0.7106325419199999, 0.33854855332525624, -0.6167546249568748], [0.48355533666623995, 0.401734396422, 0.7776784111141639], [0.5110534480325112, -0.8508785763978473, 0.12177857562500002]], "trans": [521.905727103, 518.399428919, 262.142687384]}], "rb_4XMM.renamed.noAb_Nup145c_149-550_Sec13_Nup84_7-436_3IKO_updated.pdb_0": [{"rot": [[0.012452972858300104, 0.9992161253696544, -0.037577363774559946], [-0.3104611435800947, 0.03958672589070006, 0.949761427654437], [0.9505044985658566, -0.0001610419502658944, 0.310710753389]], "trans": [624.065985443, 467.41805763799994, 342.394805839]}], "rb_4XMM.renamed.noAb_Seh1_Nup85_47_544_3F3F.pdb_0": [{"rot": [[0.608108633992, 0.7905117468571152, 0.07276721339515518], [0.11270616932462679, -0.17670655151400008, 0.977789401685352], [0.7858124513270024, -0.5864008635165389, -0.19655233045300008]], "trans": [611.433360166, 498.082834033, 194.771623941]}], "rb_4XMM.renamed.noAb_Nup120_715-1036_Nup85_553-744_Nup145c_92-99_554-712_remaining_updated.pdb_0": [{"rot": [[0.11330164607400006, 0.9919719450099103, -0.05616402149221103], [-0.8522387673602267, 0.12608851559400003, 0.5077310012630929], [0.5107365469645219, -0.009661601759393401, 0.859682984039]], "trans": [601.767839856, 496.28958750899994, 278.316015263]}], "rb_4XMM.renamed.noAb_Nup120_2-711_3F7F_updated.pdb_0": [{"rot": [[0.8730234212919998, -0.2844725292441913, 0.39611297123551], [0.01772477717113574, -0.7931968518970001, -0.6087073076733366], [0.48735606916282964, 0.5384367504601643, -0.6874372172090002]], "trans": [376.775323325, 399.75338912000007, 482.447236445]}]}
