{"rb_ScNup133N_56-480_renamed.pdb_0": [{"rot": [[-0.035907110996700076, 0.6776241177520664, -0.7345313025464636], [-0.7480885951964015, -0.5055740302060001, -0.4298352634653621], [-0.6626266921253213, 0.5340603477342203, 0.5250765771400001]], "trans": [582.876803401, 386.52968911599993, 21.04679114969997]}], "rb_ScNup133C_490_881_renamed_relative_3CQC.pdb_0": [{"rot": [[-0.791837566133, 0.16737227849854458, 0.5873498014392892], [0.3868418546661629, 0.8816452758009999, 0.2702868608279395], [-0.4725956499366134, 0.4412347765623017, -0.762866452017]], "trans": [459.2487738699999, 579.510084448, 297.339386503]}], "rb_ScNup84_506-726_ScNup133C_882_1155_renamed_relative_3CQC_new.pdb_0": [{"rot": [[0.7393630650110001, -0.09630973528517478, 0.666383292847922], [0.2845092623158354, 0.9417060677419999, -0.17956659387090596], [-0.6102431791950148, 0.32235712628573804, 0.723663696325]], "trans": [441.951065036, 626.429033206, 225.87982242299998]}], "rb_4XMM.renamed.noAb_Nup145c_149-550_Sec13_Nup84_7-436_3IKO_updated.pdb_0": [{"rot": [[-0.599282865916, 0.5072113759666329, -0.6193518117431649], [-0.43711640597386436, 0.4408283745820001, 0.7839640245520734], [0.6706633240665525, 0.7405450453911815, -0.042470477964999864]], "trans": [612.515931154, 553.178238609, 389.806335316]}], "rb_4XMM.renamed.noAb_Seh1_Nup85_47_544_3F3F.pdb_0": [{"rot": [[-0.650342906208, -0.4199920453572171, 0.632977713811153], [0.6803616733266483, -0.692661162997, 0.23943372098308643], [0.33787882119643975, 0.5863677984953681, 0.736213764524]], "trans": [441.03938269, 504.19028638500004, 414.07126187100005]}], "rb_4XMM.renamed.noAb_Nup120_715-1036_Nup85_553-744_Nup145c_92-99_554-712_remaining_updated.pdb_0": [{"rot": [[-0.6851823432690001, 0.589709217008052, 0.42751397152391696], [0.649544128915204, 0.760284927177, -0.0076976684296444775], [-0.32957181472964453, 0.2724148837402503, -0.9039759676300001]], "trans": [538.641415964, 659.805678775, 342.978757601]}], "rb_4XMM.renamed.noAb_Nup120_2-711_3F7F_updated.pdb_0": [{"rot": [[0.056515756263400024, -0.22388800298755823, -0.972974887349216], [0.9304371401720497, 0.3652218840570002, -0.029995059498408194], [0.3620672554684198, -0.9035967781727083, 0.22895450420000016]], "trans": [461.204443799, 606.594028949, 98.6251120727]}]}
