{"rb_ScNup133N_56-480_renamed.pdb_0": [{"rot": [[-0.6838156121950001, -0.17776199418548133, 0.7076700374762084], [0.577614802732523, 0.460713561449, 0.6738725057169548], [-0.44582210373942427, 0.8695652291347553, -0.21236516686399998]], "trans": [211.758822491, 559.157283143, 144.94887208800003]}], "rb_ScNup133C_490_881_renamed_relative_3CQC.pdb_0": [{"rot": [[0.344203993796, 0.5789314453190901, 0.7391630349764744], [-0.8794776139257003, -0.07680776775779996, 0.4697017068476764], [0.32869855073979254, -0.8117505456929569, 0.4827197057390001]], "trans": [494.5572261230001, 424.752517394, 187.428265217]}], "rb_ScNup84_506-726_ScNup133C_882_1155_renamed_relative_3CQC_new.pdb_0": [{"rot": [[0.6382562538020001, 0.6486799329693098, 0.4145398642417504], [-0.3113596274548495, 0.709999886257, -0.6316291189505314], [-0.7040483910029298, 0.2740702575581287, 0.655134609869]], "trans": [487.98182222899993, 474.367437764, 157.820352377]}], "rb_4XMM.renamed.noAb_Nup145c_149-550_Sec13_Nup84_7-436_3IKO_updated.pdb_0": [{"rot": [[-0.026476223385199893, 0.7641077698232591, -0.6445450532670174], [0.5654496821474014, -0.5202609586540001, -0.6399962436294635], [-0.8243577297233646, -0.38140247901153734, -0.4182899502130001]], "trans": [668.5807814510001, 659.9592451, 257.186488929]}], "rb_4XMM.renamed.noAb_Seh1_Nup85_47_544_3F3F.pdb_0": [{"rot": [[-0.7862450111750001, -0.6134416519178758, -0.07421672382079217], [-0.61702890179466, 0.7730045770639999, 0.1474423893871173], [-0.03307743570018478, 0.16171970668528374, -0.9862822211299997]], "trans": [480.547286849, 727.556443835, 281.136357198]}], "rb_4XMM.renamed.noAb_Nup120_715-1036_Nup85_553-744_Nup145c_92-99_554-712_remaining_updated.pdb_0": [{"rot": [[-0.3394705441170002, -0.7239877050688971, -0.6005010845835166], [0.46678554230665237, -0.6839204302010001, 0.5606818194369813], [-0.8166217038325596, -0.0899702621022681, 0.5701178341070001]], "trans": [477.86259431, 587.772245331, 249.24650266600003]}], "rb_4XMM.renamed.noAb_Nup120_2-711_3F7F_updated.pdb_0": [{"rot": [[0.880454053037, -0.36539632526344257, -0.30213603885450696], [-0.4037466239406442, -0.24371758352000011, -0.8818108658548633], [0.2485745846768162, 0.8983803565122872, -0.36210966693200014]], "trans": [559.325510634, 689.627781857, 539.604342052]}]}
