{"rb_ScNup133N_56-480_renamed.pdb_0": [{"rot": [[-0.6686065402089999, -0.6959703496836093, 0.2618980082990807], [0.41506689127425556, -0.6415111210139998, -0.6451224359633498], [0.6169965722414316, -0.3226278877850388, 0.7177927805889998]], "trans": [291.346258948, 654.781173509, 501.9893849]}], "rb_ScNup133C_490_881_renamed_relative_3CQC.pdb_0": [{"rot": [[-0.9805338285029999, -0.18437300936005416, 0.06752780598217901], [-0.14173105511439174, 0.9026169942519999, 0.4064417174745306], [-0.13588862784431477, 0.388959066107222, -0.9111778781969999]], "trans": [440.98467134, 478.336134495, 482.009194622]}], "rb_ScNup84_506-726_ScNup133C_882_1155_renamed_relative_3CQC_new.pdb_0": [{"rot": [[-0.133799111242, -0.42440132947472875, 0.8955340916854776], [-0.20299255685338013, -0.8727618162039998, -0.4439378718226489], [0.9699957833377307, -0.24118524771713978, 0.0306244443319999]], "trans": [381.296518068, 546.782418014, 391.685975787]}], "rb_4XMM.renamed.noAb_Nup145c_149-550_Sec13_Nup84_7-436_3IKO_updated.pdb_0": [{"rot": [[0.2460328007110001, 0.7508760436298026, -0.6129053989623163], [0.047608880335955894, -0.6409413623630001, -0.7661119791031976], [-0.9680915532569521, 0.15930893608054858, -0.19344096618200013]], "trans": [620.811907077, 465.280519935, 262.325886438]}], "rb_4XMM.renamed.noAb_Seh1_Nup85_47_544_3F3F.pdb_0": [{"rot": [[0.7812645761030002, 0.14256192177525034, -0.6077020327317878], [-0.28075286347446965, 0.9497891720439999, -0.13812443056483098], [0.5574975262523462, 0.27852581052340625, 0.7820613026449998]], "trans": [442.576899719, 610.796147373, 369.657297929]}], "rb_4XMM.renamed.noAb_Nup120_715-1036_Nup85_553-744_Nup145c_92-99_554-712_remaining_updated.pdb_0": [{"rot": [[-0.19068888575100007, -0.29124468578016366, 0.937450949039925], [0.46189471566879264, -0.8692749303280001, -0.17610896382778513], [0.8661934082456917, 0.3994216174771524, 0.30028544920400013]], "trans": [411.98508726500006, 436.367892484, 355.395427651]}], "rb_4XMM.renamed.noAb_Nup120_2-711_3F7F_updated.pdb_0": [{"rot": [[0.37783962822500006, 0.854099265268994, 0.35742364276829575], [-0.5031554496205799, 0.513476988426, -0.6951086072507502], [-0.7772205664159344, 0.08279992405751369, 0.623756654246]], "trans": [672.201787153, 713.956359338, 241.269160707]}]}
