{"rb_ScNup133N_56-480_renamed.pdb_0": [{"rot": [[-0.5561009234240001, 0.7088326057730291, 0.43394481211323654], [-0.6041083018771697, -0.7033230919940001, 0.3746862525781831], [0.5707932397725617, -0.05378629250112901, 0.8193302827120003]], "trans": [235.602957997, 326.784711051, 395.14341750899996]}], "rb_ScNup133C_490_881_renamed_relative_3CQC.pdb_0": [{"rot": [[-0.5662373645119999, 0.2537240644367399, -0.7842189401922179], [-0.7928307302129666, 0.09249715273050002, 0.6023816979015253], [0.2253767518189898, 0.9628439000494584, 0.14878489129300004]], "trans": [460.58403392, 460.86170162, 403.111368527]}], "rb_ScNup84_506-726_ScNup133C_882_1155_renamed_relative_3CQC_new.pdb_0": [{"rot": [[-0.133799111242, -0.42440132947472875, 0.8955340916854776], [-0.20299255685338013, -0.8727618162039998, -0.4439378718226489], [0.9699957833377307, -0.24118524771713978, 0.0306244443319999]], "trans": [381.296518068, 546.782418014, 391.685975787]}], "rb_4XMM.renamed.noAb_Nup145c_149-550_Sec13_Nup84_7-436_3IKO_updated.pdb_0": [{"rot": [[0.13272398881699993, 0.8352422702143014, -0.5336241119362626], [0.18991407636137536, -0.5498423473310001, -0.8133916871233328], [-0.9727882536257881, 0.006613858843063425, -0.2316015338439999]], "trans": [613.897315682, 437.1183352869999, 262.730394431]}], "rb_4XMM.renamed.noAb_Seh1_Nup85_47_544_3F3F.pdb_0": [{"rot": [[0.494425555045, 0.809742130620327, 0.3160079942294133], [-0.07168013207657536, -0.32433245323299986, 0.9432234191565372], [0.8662593890884694, -0.48900525731153155, -0.1023158303379999]], "trans": [663.962259985, 449.673340548, 208.987439608]}], "rb_4XMM.renamed.noAb_Nup120_715-1036_Nup85_553-744_Nup145c_92-99_554-712_remaining_updated.pdb_0": [{"rot": [[-0.24051652804799994, -0.37918607584369923, -0.8935153717883045], [0.45014101311604304, -0.8591368002160001, 0.24342766240810673], [-0.8599563175223485, -0.3436595384983068, 0.377323804646]], "trans": [495.223313292, 385.350267058, 213.23936465000003]}], "rb_4XMM.renamed.noAb_Nup120_2-711_3F7F_updated.pdb_0": [{"rot": [[0.826204213324, -0.44392331164903887, 0.3468698477242158], [-0.09084568228628787, -0.712627744293, -0.695635508059939], [0.5559978955855941, 0.5432253597158558, -0.6291045609960002]], "trans": [469.26736895899995, 438.43700500499995, 433.949389118]}]}
