{"rb_ScNup133N_56-480_renamed.pdb_0": [{"rot": [[0.425798710824, 0.1548093344940763, -0.8914760388334175], [-0.6087910199848013, -0.6798691164249999, -0.40884163011776953], [-0.6693795275077397, 0.7168068460087356, -0.195240860653]], "trans": [791.8902436620001, 403.05413947500006, 79.68379382759997]}], "rb_ScNup133C_490_881_renamed_relative_3CQC.pdb_0": [{"rot": [[-0.6674243237940001, 0.4329325403143197, -0.6058994863383792], [0.6278176777085022, -0.110445646929, -0.7704847322505088], [-0.4004868731492023, -0.8946346598536326, -0.19808859084699992]], "trans": [588.067551365, 534.513105108, 185.766137031]}], "rb_ScNup84_506-726_ScNup133C_882_1155_renamed_relative_3CQC_new.pdb_0": [{"rot": [[-0.21434960245300005, -0.9750070968977246, -0.05844150004331014], [-0.9182505854781556, 0.18075284201100006, 0.3523411306872518], [-0.3329716357248248, 0.12918812292164417, -0.934045137399]], "trans": [559.660304106, 458.604878074, 215.933018501]}], "rb_4XMM.renamed.noAb_Nup145c_149-550_Sec13_Nup84_7-436_3IKO_updated.pdb_0": [{"rot": [[-0.743015160142, -0.6179219329133055, -0.2571010630546722], [-0.4999988275874797, 0.2571386445510001, 0.8269709123600542], [-0.44489284576210475, 0.7430021549788122, -0.5000181531570002]], "trans": [473.984657173, 294.812738425, 347.303476644]}], "rb_4XMM.renamed.noAb_Seh1_Nup85_47_544_3F3F.pdb_0": [{"rot": [[-0.4025517479480001, 0.22752041879730422, 0.8866716129742224], [-0.04869674797794189, 0.9619253675630001, -0.26893905252893313], [-0.91410104308024, -0.15143990976320196, -0.376145233614]], "trans": [638.370482365, 414.101515241, 228.302856903]}], "rb_4XMM.renamed.noAb_Nup120_715-1036_Nup85_553-744_Nup145c_92-99_554-712_remaining_updated.pdb_0": [{"rot": [[0.060367032757099946, -0.7053644950034763, -0.7062696018834409], [-0.1840668079889572, 0.687559483373, -0.7024111096933261], [0.9810582202666973, 0.17240326566612452, -0.08832826520880008]], "trans": [524.97599759, 380.50330202400005, 328.607828548]}], "rb_4XMM.renamed.noAb_Nup120_2-711_3F7F_updated.pdb_0": [{"rot": [[-0.3237757809760002, 0.13789779563558202, -0.9360306841189708], [0.07088260176839306, 0.9900767180050001, 0.12134145718175293], [0.9434749071490586, -0.027060865161613608, -0.3303374171310001]], "trans": [687.367885917, 387.608217924, 345.875886714]}]}
