{"rb_ScNup133N_56-480_renamed.pdb_0": [{"rot": [[-0.5928947132199999, 0.15892049436475658, 0.7894429273270077], [0.699286651216454, 0.587757721919, 0.406864891278499], [-0.3993420068891468, 0.7932749440108698, -0.45960942629400003]], "trans": [215.511879942, 671.880291707, 226.08491759599997]}], "rb_ScNup133C_490_881_renamed_relative_3CQC.pdb_0": [{"rot": [[0.7351631666349998, -0.2343843891491681, 0.6360810298589091], [-0.051816084859088465, -0.9550087553199997, -0.2920160451276953], [0.6759069549672313, 0.18172021182387993, -0.714232142123]], "trans": [451.189750749, 519.443518193, 357.022258457]}], "rb_ScNup84_506-726_ScNup133C_882_1155_renamed_relative_3CQC_new.pdb_0": [{"rot": [[0.605812671353, 0.7804677160511829, -0.15447055198319248], [-0.0016513465652022719, 0.19538732907400003, 0.9807247650038465], [0.7956056059899677, -0.593880405333581, 0.11965694245700005]], "trans": [507.152938465, 422.4968510560001, 302.983817704]}], "rb_4XMM.renamed.noAb_Nup145c_149-550_Sec13_Nup84_7-436_3IKO_updated.pdb_0": [{"rot": [[0.2132881734720001, -0.2207031659784051, 0.9517343471705151], [0.9584527052221878, 0.236128583564, -0.16003657043416336], [-0.18941110555943608, 0.946326267495079, 0.261896980776]], "trans": [497.627530148, 543.472736057, 227.907551045]}], "rb_4XMM.renamed.noAb_Seh1_Nup85_47_544_3F3F.pdb_0": [{"rot": [[0.6157256048380001, -0.7855174418260988, -0.062002646184340704], [0.42213979461002316, 0.39528679729500016, -0.815810236323907], [0.6653419972867236, 0.47614146686803394, 0.5749863739040001]], "trans": [470.954466238, 506.755997644, 304.120260358]}], "rb_4XMM.renamed.noAb_Nup120_715-1036_Nup85_553-744_Nup145c_92-99_554-712_remaining_updated.pdb_0": [{"rot": [[0.7282593885480003, 0.542983515486483, 0.4180994677126886], [0.16392723124130532, -0.7304098510260001, 0.663045482890681], [0.6654067371534893, -0.4143312098238762, -0.6209376158010002]], "trans": [610.635636691, 369.916677386, 160.24235417]}], "rb_4XMM.renamed.noAb_Nup120_2-711_3F7F_updated.pdb_0": [{"rot": [[0.16190237920099992, 0.32724948319252917, 0.9309647659064646], [0.5029209335492423, -0.8390601794780002, 0.20748144450120126], [0.84903365905423, 0.4346099296663261, -0.30042645494100007]], "trans": [541.0684813369999, 397.39672583800007, 346.358064756]}]}
