{"rb_ScNup133N_56-480_renamed.pdb_0": [{"rot": [[-0.633780713323, -0.3034551303206521, 0.7115033318979366], [0.5508664584334779, 0.468667386003, 0.6905773137528283], [-0.5430176354343813, 0.8296179031211844, -0.12986909727900003]], "trans": [340.0289075339999, 402.745838276, 107.61557118799999]}], "rb_ScNup133C_490_881_renamed_relative_3CQC.pdb_0": [{"rot": [[0.48276547858100005, -0.7994153375686708, 0.3575928001937764], [0.8729744052091273, 0.40680695080599993, -0.269116689608235], [0.06966477259152101, 0.44208960950908227, 0.894261481125]], "trans": [520.065439637, 398.245483015, 256.19491058]}], "rb_ScNup84_506-726_ScNup133C_882_1155_renamed_relative_3CQC_new.pdb_0": [{"rot": [[-0.569297757955, -0.5617632912277539, 0.6002683295130369], [-0.11613218326089872, 0.7777649543999999, 0.6177337547181818], [-0.8138878170844352, 0.28196396992546335, -0.508018642242]], "trans": [525.063752279, 368.972885627, 339.499470185]}], "rb_4XMM.renamed.noAb_Nup145c_149-550_Sec13_Nup84_7-436_3IKO_updated.pdb_0": [{"rot": [[0.7986177914149999, -0.3824534171691037, -0.464692378817539], [0.41616235507224714, 0.908703195562, -0.032671036043114], [0.434762598961949, -0.16729580410484027, 0.8848692538859999]], "trans": [508.630534029, 614.346765021, 267.948635031]}], "rb_4XMM.renamed.noAb_Seh1_Nup85_47_544_3F3F.pdb_0": [{"rot": [[-0.626368926568, -0.1343174671691218, 0.7678676877192603], [-0.34630540564018486, -0.8345559649770002, -0.4284727614979687], [0.6983799351745714, -0.5342987547567185, 0.47622505899100004]], "trans": [552.853332655, 411.697417562, 288.566518081]}], "rb_4XMM.renamed.noAb_Nup120_715-1036_Nup85_553-744_Nup145c_92-99_554-712_remaining_updated.pdb_0": [{"rot": [[0.6593670032120001, 0.49223082269664853, -0.5682815959210776], [0.7518132600225476, -0.435174265162, 0.4953788257434737], [-0.0034607989678338558, -0.7538780910253953, -0.65700521059]], "trans": [609.447993933, 495.53322014300005, 217.63041033300001]}], "rb_4XMM.renamed.noAb_Nup120_2-711_3F7F_updated.pdb_0": [{"rot": [[0.3479987037829999, -0.719409508068034, 0.601121337058219], [-0.929588074284601, -0.34789471200299993, 0.12180017039477756], [0.12150273376841778, -0.6011815275452655, -0.7898214080570001]], "trans": [279.625156715, 461.4566801980001, 257.17765919199996]}]}
