{"rb_ScNup133N_56-480_renamed.pdb_0": [{"rot": [[0.28977869497, 0.8949427608595089, -0.33927240195253694], [-0.6419874516444672, -0.08115567887519992, -0.7624079404868159], [-0.709845349264561, 0.4387382027718415, 0.5510248356980001]], "trans": [609.901601393, 445.89125141, 34.80699725490001]}], "rb_ScNup133C_490_881_renamed_relative_3CQC.pdb_0": [{"rot": [[-0.949168732548, -0.3110259109568241, -0.048390080251027964], [-0.20857632574191678, 0.5063395556919998, 0.8367294489150182], [-0.23574272733898916, 0.8042904556533702, -0.545474316033]], "trans": [456.833660819, 490.977892464, 354.2898159]}], "rb_ScNup84_506-726_ScNup133C_882_1155_renamed_relative_3CQC_new.pdb_0": [{"rot": [[-0.43498849223299996, 0.8906811344788879, 0.13218217848205632], [-0.8453521121973182, -0.35339773404999997, -0.40061184202649075], [-0.3101045275844805, -0.28600202490843724, 0.9066631258189998]], "trans": [428.082195972, 579.0856314549999, 304.743161456]}], "rb_4XMM.renamed.noAb_Nup145c_149-550_Sec13_Nup84_7-436_3IKO_updated.pdb_0": [{"rot": [[0.487933521366, 0.31111861419629944, -0.8155526265226232], [-0.04269990142341451, -0.9246969058469999, -0.3783019306525082], [-0.8718357627132565, 0.21941020992095744, -0.4379058833089998]], "trans": [651.9464123119999, 490.040105507, 277.958091079]}], "rb_4XMM.renamed.noAb_Seh1_Nup85_47_544_3F3F.pdb_0": [{"rot": [[0.751086736875, 0.6179777074312631, 0.23231932078168724], [0.2088689171556824, 0.11139216843000001, -0.9715789006862362], [-0.626292654544724, 0.7782643110990396, -0.04541115427799994]], "trans": [663.283468848, 622.473703016, 358.656805508]}], "rb_4XMM.renamed.noAb_Nup120_715-1036_Nup85_553-744_Nup145c_92-99_554-712_remaining_updated.pdb_0": [{"rot": [[-0.782319829732, -0.6070585757866434, 0.13948322326354098], [-0.10070531653301623, -0.09771613470549989, -0.990106053026746], [0.6146821318617286, -0.7886263009703067, 0.015311243836199862]], "trans": [495.602126275, 591.637545374, 219.923524946]}], "rb_4XMM.renamed.noAb_Nup120_2-711_3F7F_updated.pdb_0": [{"rot": [[0.5147962977869999, -0.7115772929872561, 0.4781657953991764], [-0.00549372519957958, 0.5550001566369999, 0.8318321015182913], [-0.8572949263632847, -0.4308509977217577, 0.2818028158019999]], "trans": [492.223074526, 662.537267182, 249.63122919899996]}]}
