{"rb_ScNup133N_56-480_renamed.pdb_0": [{"rot": [[0.28977869497, 0.8949427608595089, -0.33927240195253694], [-0.6419874516444672, -0.08115567887519992, -0.7624079404868159], [-0.709845349264561, 0.4387382027718415, 0.5510248356980001]], "trans": [609.901601393, 445.89125141, 34.80699725490001]}], "rb_ScNup133C_490_881_renamed_relative_3CQC.pdb_0": [{"rot": [[0.5887988008410001, -0.4910477860211137, 0.6420187255617729], [0.2200299559010151, 0.8616812922000001, 0.4572659720323998], [-0.7777549682479681, -0.12797430412508848, 0.615402134258]], "trans": [459.80369172300004, 543.660753141, 246.406388813]}], "rb_ScNup84_506-726_ScNup133C_882_1155_renamed_relative_3CQC_new.pdb_0": [{"rot": [[0.7106325419199999, 0.33854855332525624, -0.6167546249568748], [0.48355533666623995, 0.401734396422, 0.7776784111141639], [0.5110534480325112, -0.8508785763978473, 0.12177857562500002]], "trans": [521.905727103, 518.399428919, 262.142687384]}], "rb_4XMM.renamed.noAb_Nup145c_149-550_Sec13_Nup84_7-436_3IKO_updated.pdb_0": [{"rot": [[-0.599282865916, 0.5072113759666329, -0.6193518117431649], [-0.43711640597386436, 0.4408283745820001, 0.7839640245520734], [0.6706633240665525, 0.7405450453911815, -0.042470477964999864]], "trans": [612.515931154, 553.178238609, 389.806335316]}], "rb_4XMM.renamed.noAb_Seh1_Nup85_47_544_3F3F.pdb_0": [{"rot": [[-0.837090056408, -0.536811253219331, -0.10542255868618786], [-0.04278936914197329, 0.256362138214, -0.9656332243552819], [0.5453891338771641, -0.8038110054654872, -0.23756801161200003]], "trans": [413.078855714, 510.670813755, 233.110084636]}], "rb_4XMM.renamed.noAb_Nup120_715-1036_Nup85_553-744_Nup145c_92-99_554-712_remaining_updated.pdb_0": [{"rot": [[-0.748413478298, -0.5759475208920215, 0.3288794896010142], [-0.33429851448142833, 0.7558626622959999, 0.5629530521831403], [-0.5728191413678487, 0.3113777270858301, -0.758236204858]], "trans": [435.660997236, 556.197663822, 326.634191644]}], "rb_4XMM.renamed.noAb_Nup120_2-711_3F7F_updated.pdb_0": [{"rot": [[-0.5009650776319999, -0.7056739868073432, -0.5010570978806645], [-0.3341649751235538, -0.3763342877010001, 0.8641216773702969], [-0.7983531551849963, 0.6003305158360772, -0.047281194593099984]], "trans": [455.870846015, 339.006217364, 341.531939195]}]}
