{"rb_ScNup133N_56-480_renamed.pdb_0": [{"rot": [[0.06332189097290009, 0.997310035802931, -0.03691924444476674], [0.3445999110164956, -0.05656783054669992, -0.9370437459770291], [-0.9366115734129274, 0.046613013569132444, -0.3472549315919997]], "trans": [565.673856959, 836.967388224, 117.33689315199999]}], "rb_ScNup133C_490_881_renamed_relative_3CQC.pdb_0": [{"rot": [[0.8691921834169999, 0.3683803197177208, -0.3298497966218231], [-0.142558694105006, 0.825435857638, 0.5461983739086878], [0.47347858137603605, -0.4277284009392983, 0.7699782126840001]], "trans": [650.637762146, 619.896538347, 269.713008074]}], "rb_ScNup84_506-726_ScNup133C_882_1155_renamed_relative_3CQC_new.pdb_0": [{"rot": [[-0.6783264029630001, 0.0813672272551133, 0.7302415116741121], [0.15489913637459454, -0.9556774831619999, 0.2503733327004898], [0.7182475538375905, 0.28294862167178003, 0.635657556315]], "trans": [584.119256357, 609.441001028, 260.341450111]}], "rb_4XMM.renamed.noAb_Nup145c_149-550_Sec13_Nup84_7-436_3IKO_updated.pdb_0": [{"rot": [[-0.628124340307, -0.5723255457058674, 0.5271653278112827], [-0.20492623993568654, 0.775249263078, 0.5974895951251697], [-0.7506430904895598, 0.2672677493254641, -0.6042374540450001]], "trans": [440.15140262400007, 477.200353954, 301.670871772]}], "rb_4XMM.renamed.noAb_Seh1_Nup85_47_544_3F3F.pdb_0": [{"rot": [[0.2781158720550001, -0.9215911854308946, -0.2707789664046408], [-0.9348218251133372, -0.32449488194, 0.14426096799382276], [-0.22081602524014457, 0.21300882265958887, -0.9517707310410002]], "trans": [531.342625213, 353.960826414, 235.90241603599998]}], "rb_4XMM.renamed.noAb_Nup120_715-1036_Nup85_553-744_Nup145c_92-99_554-712_remaining_updated.pdb_0": [{"rot": [[-0.16259219383500007, -0.40382170034878645, -0.9002731878887302], [-0.2161768981352224, -0.875667253584, 0.4318268283852782], [-0.9627207940086033, 0.26482993661606635, 0.05507973724859999]], "trans": [546.5666102959999, 318.663575704, 227.183943803]}], "rb_4XMM.renamed.noAb_Nup120_2-711_3F7F_updated.pdb_0": [{"rot": [[-0.43074327662900014, 0.5706952743310016, -0.6991188264488204], [-0.899305853359798, -0.3362903887090002, 0.2795670877888804], [-0.07555932604065946, 0.7491432962512664, 0.6580844246220001]], "trans": [700.173216058, 386.778795491, 309.550236939]}]}
