{"rb_ScNup133N_56-480_renamed.pdb_0": [{"rot": [[-0.537478282076, -0.7409876892090359, 0.402559735613592], [0.19377091436928567, 0.3560790504660001, 0.9141447054836137], [-0.8207130613321094, 0.5693372939303073, -0.04780289425330014]], "trans": [437.64785746200005, 124.33771433100002, 46.23718440870002]}], "rb_ScNup133C_490_881_renamed_relative_3CQC.pdb_0": [{"rot": [[0.10542236596699983, -0.5911577168250637, -0.799636591579011], [0.49206046679551996, 0.7297859550920001, -0.4746461384731077], [0.8641542812315953, -0.34343123560421135, 0.367821104126]], "trans": [607.333428422, 297.020801661, 291.044617797]}], "rb_ScNup84_506-726_ScNup133C_882_1155_renamed_relative_3CQC_new.pdb_0": [{"rot": [[0.9357133078470002, -0.21284553516393834, -0.28131367488766357], [0.3516779381277184, 0.5003934162390001, 0.7911567839681966], [-0.027626678270505772, -0.8392277445041005, 0.5430778576800003]], "trans": [564.286110859, 257.178703881, 301.823140052]}], "rb_4XMM.renamed.noAb_Nup145c_149-550_Sec13_Nup84_7-436_3IKO_updated.pdb_0": [{"rot": [[-0.4493630695010002, 0.6263434469576914, 0.6369982089627859], [-0.20704791277957402, -0.7666493258220001, 0.6077663803060308], [0.8690247370370199, 0.14121861658375845, 0.4741869976580001]], "trans": [477.82347369600006, 437.87228754600005, 329.50379166900007]}], "rb_4XMM.renamed.noAb_Seh1_Nup85_47_544_3F3F.pdb_0": [{"rot": [[0.6528024571090001, -0.6256127214053744, 0.4271506465033311], [-0.7087162784945085, -0.30524910756500007, 0.636037906832341], [-0.26752605216940406, -0.7179357249409815, -0.642649287142]], "trans": [450.077855208, 523.285952869, 265.612113476]}], "rb_4XMM.renamed.noAb_Nup120_715-1036_Nup85_553-744_Nup145c_92-99_554-712_remaining_updated.pdb_0": [{"rot": [[0.16033940077099992, -0.7639128274264723, -0.6250827694423273], [-0.9268869501758402, 0.10120604047099999, -0.36143867939930263], [0.3393697955831164, 0.6373339230462123, -0.6918335149300001]], "trans": [417.680432955, 550.431463702, 397.748861965]}], "rb_4XMM.renamed.noAb_Nup120_2-711_3F7F_updated.pdb_0": [{"rot": [[0.16190237920099992, 0.32724948319252917, 0.9309647659064646], [0.5029209335492423, -0.8390601794780002, 0.20748144450120126], [0.84903365905423, 0.4346099296663261, -0.30042645494100007]], "trans": [541.0684813369999, 397.39672583800007, 346.358064756]}]}
