{"rb_ScNup133N_56-480_renamed.pdb_0": [{"rot": [[-0.9880988744179999, 0.15350139951335795, -0.009896197316235061], [-0.03277829274387703, -0.27298122303299976, -0.9614607820375225], [-0.15028705166672904, -0.9496939360756433, 0.27476395302599976]], "trans": [124.91768463199998, 645.65085288, 295.268157822]}], "rb_ScNup133C_490_881_renamed_relative_3CQC.pdb_0": [{"rot": [[-0.4165043135480001, 0.9055671513590824, 0.08045055111871965], [-0.7837407394360416, -0.40249489114000003, 0.4730204181157999], [0.46073268838248915, 0.13396267011968682, 0.8773707271559998]], "trans": [412.154511898, 465.57275364299994, 348.106687519]}], "rb_ScNup84_506-726_ScNup133C_882_1155_renamed_relative_3CQC_new.pdb_0": [{"rot": [[-0.133799111242, -0.42440132947472875, 0.8955340916854776], [-0.20299255685338013, -0.8727618162039998, -0.4439378718226489], [0.9699957833377307, -0.24118524771713978, 0.0306244443319999]], "trans": [381.296518068, 546.782418014, 391.685975787]}], "rb_4XMM.renamed.noAb_Nup145c_149-550_Sec13_Nup84_7-436_3IKO_updated.pdb_0": [{"rot": [[0.29525132503900015, -0.6323273655702366, -0.7162323350796995], [0.9274745083218556, 0.009708330704059964, 0.373760330597126], [-0.2293854648312466, -0.774640465678075, 0.5893339099849999]], "trans": [484.062810377, 592.375546353, 224.896600408]}], "rb_4XMM.renamed.noAb_Seh1_Nup85_47_544_3F3F.pdb_0": [{"rot": [[-0.854897909549, 0.20808526724526888, 0.4752368733633942], [0.22795171362763061, -0.672212780337, 0.7043919322407283], [0.4660338834279933, 0.7105142500380025, 0.527239907433]], "trans": [491.075092084, 504.705477267, 357.361136901]}], "rb_4XMM.renamed.noAb_Nup120_715-1036_Nup85_553-744_Nup145c_92-99_554-712_remaining_updated.pdb_0": [{"rot": [[0.44814685461500003, -0.7887091613929544, 0.4208351879697142], [0.8164167897593233, 0.5528636800690001, 0.16674944275661965], [-0.36418130388278147, 0.26884867489981235, 0.8916795208520001]], "trans": [413.765114809, 633.479495038, 309.123376043]}], "rb_4XMM.renamed.noAb_Nup120_2-711_3F7F_updated.pdb_0": [{"rot": [[-0.430829762531, 0.3930491633249682, 0.8123411050334856], [0.8043952639739276, -0.240777813694, 0.543115368710049], [0.4090647565041471, 0.8874336029485697, -0.21243263719099986]], "trans": [636.373767426, 497.5023577559999, 486.07373963199996]}]}
