{"rb_ScNup133N_56-480_renamed.pdb_0": [{"rot": [[-0.08476468120099989, -0.9616042375644188, 0.26102152999138906], [-0.8577739979036062, -0.06286976692620005, -0.5101677772332446], [0.5069898592095872, -0.2671416903158286, -0.8195099755060001]], "trans": [498.247308511, 296.094252783, 420.271630494]}], "rb_ScNup133C_490_881_renamed_relative_3CQC.pdb_0": [{"rot": [[0.01167774564379992, 0.990243853999706, -0.13885510387626138], [-0.7176358935379736, 0.10500059513499993, 0.6884574056012833], [0.6963205831817934, 0.09160777607334675, 0.711860703228]], "trans": [579.362528281, 392.945163369, 166.413242894]}], "rb_ScNup84_506-726_ScNup133C_882_1155_renamed_relative_3CQC_new.pdb_0": [{"rot": [[-0.611607527505, 0.7718124630397939, 0.17390156467285572], [0.713351167942052, 0.633027962188, -0.30067542347823917], [-0.34214959227643543, -0.05984246806871277, -0.9377379887370001]], "trans": [560.103015709, 428.864760977, 280.236691416]}], "rb_4XMM.renamed.noAb_Nup145c_149-550_Sec13_Nup84_7-436_3IKO_updated.pdb_0": [{"rot": [[-0.4493630695010002, 0.6263434469576914, 0.6369982089627859], [-0.20704791277957402, -0.7666493258220001, 0.6077663803060308], [0.8690247370370199, 0.14121861658375845, 0.4741869976580001]], "trans": [477.82347369600006, 437.87228754600005, 329.50379166900007]}], "rb_4XMM.renamed.noAb_Seh1_Nup85_47_544_3F3F.pdb_0": [{"rot": [[0.004150493378390213, -0.3860618386549244, -0.9224635657515667], [0.8444073391680822, 0.49551198124200013, -0.2035782945323668], [0.535685559786518, -0.7780900546723413, 0.3280500691300001]], "trans": [455.609681522, 622.094108916, 216.180169522]}], "rb_4XMM.renamed.noAb_Nup120_715-1036_Nup85_553-744_Nup145c_92-99_554-712_remaining_updated.pdb_0": [{"rot": [[0.560791520186, -0.1766566194272879, -0.8088914078539823], [0.30290064288548196, 0.9530203201899999, 0.0018627518652803154], [0.7705608810645898, -0.24605834291377368, 0.5879551177219998]], "trans": [482.54425303, 675.262263691, 304.43330235400003]}], "rb_4XMM.renamed.noAb_Nup120_2-711_3F7F_updated.pdb_0": [{"rot": [[0.5792448983939998, -0.31992172063563007, 0.7497502519839938], [0.010089301320081234, -0.9168814236479997, -0.39903215530592184], [0.8150911321339456, 0.2387017964631909, -0.5278711004419999]], "trans": [387.44269760400005, 320.84727770999996, 487.753602176]}]}
