{"rb_ScNup133N_56-480_renamed.pdb_0": [{"rot": [[-0.28510668988299986, 0.7636592351076334, 0.5792570655751931], [0.9548622945698404, 0.278862636546, 0.10234074627162487], [-0.08337969652606414, 0.5822887621905801, -0.8086950127420001]], "trans": [289.95941041, 665.660488008, 440.426090658]}], "rb_ScNup133C_490_881_renamed_relative_3CQC.pdb_0": [{"rot": [[0.843239120132, -0.45456497736818396, -0.2869119510046121], [0.5374932130945533, 0.7060789681270001, 0.46103528785333125], [-0.006988000880342765, -0.5429762168999424, 0.8397189980730002]], "trans": [445.93227312499994, 464.537730497, 328.7744480250001]}], "rb_ScNup84_506-726_ScNup133C_882_1155_renamed_relative_3CQC_new.pdb_0": [{"rot": [[-0.6380872334529999, -0.22493068656338977, 0.7363768523972076], [-0.01976669205123692, 0.960848421306, 0.27636857484004795], [-0.7697103093954558, 0.1617915248580398, -0.6175512465329998]], "trans": [389.439431656, 478.27715794, 427.720125212]}], "rb_4XMM.renamed.noAb_Nup145c_149-550_Sec13_Nup84_7-436_3IKO_updated.pdb_0": [{"rot": [[0.31846390292200005, 0.44797217451884547, 0.8354050953833977], [-0.25287228509666754, -0.8092066405039999, 0.5303208655090045], [0.913584342009908, -0.38013884808196996, -0.14442335757500008]], "trans": [437.693924388, 447.509170471, 407.830549507]}], "rb_4XMM.renamed.noAb_Seh1_Nup85_47_544_3F3F.pdb_0": [{"rot": [[0.010906267058699987, 0.6861708452913079, 0.7273586628418309], [0.8991749254159535, 0.31149356412499996, -0.30733729518546715], [-0.43745343391275227, 0.6573745740298422, -0.6135903866399999]], "trans": [454.24375078700007, 561.442873295, 348.433486326]}], "rb_4XMM.renamed.noAb_Nup120_715-1036_Nup85_553-744_Nup145c_92-99_554-712_remaining_updated.pdb_0": [{"rot": [[-0.593461192217, -0.48786661896064415, 0.6401484011042179], [0.637920427529066, 0.19986390501700002, 0.7437149639562789], [-0.49077626417086495, 0.8497297108935672, 0.19260861079199998]], "trans": [320.49363854500007, 579.971697621, 416.298086408]}], "rb_4XMM.renamed.noAb_Nup120_2-711_3F7F_updated.pdb_0": [{"rot": [[0.455700568955, 0.2644543939700341, 0.8499416832724652], [-0.3219451057863091, -0.8412392317140001, 0.43435918763792875], [0.8298724843699373, -0.4715722940707831, -0.2982133986769999]], "trans": [498.846138695, 339.87280369100006, 205.56639756899997]}]}
