{"rb_ScNup133N_56-480_renamed.pdb_0": [{"rot": [[-0.254441442115, 0.9670772453837432, 0.004599347283086697], [-0.6167415845629826, -0.158599965166, -0.7710226124570438], [-0.7449089678646514, -0.19901671414817135, 0.6367911565689999]], "trans": [315.616890836, 436.375007919, 114.72299512500001]}], "rb_ScNup133C_490_881_renamed_relative_3CQC.pdb_0": [{"rot": [[-0.0030052843272600493, 0.8180689936445681, -0.5751122411351335], [-0.7346629810312241, -0.391980589052, -0.5537341619484591], [-0.6784255836629598, 0.4208495449015132, 0.602183018681]], "trans": [461.575540315, 473.532678174, 348.049701945]}], "rb_ScNup84_506-726_ScNup133C_882_1155_renamed_relative_3CQC_new.pdb_0": [{"rot": [[-0.5589463035020001, 0.34371845307511806, -0.7546102668378546], [0.733754883345419, 0.628918545994, -0.2570315810781695], [0.3862418943721676, -0.697365820441783, -0.603736789927]], "trans": [489.086510049, 422.396911248, 415.645959977]}], "rb_4XMM.renamed.noAb_Nup145c_149-550_Sec13_Nup84_7-436_3IKO_updated.pdb_0": [{"rot": [[0.35742898089999997, -0.6508117004163007, -0.6698422606957781], [0.9328815157504905, 0.21464786511800005, 0.2892375694327283], [-0.044458983162628085, -0.7282653531519458, 0.683851573234]], "trans": [484.876036282, 606.275901288, 232.90480540600004]}], "rb_4XMM.renamed.noAb_Seh1_Nup85_47_544_3F3F.pdb_0": [{"rot": [[-0.538927479032, -0.833570728068343, -0.12131369935759875], [-0.8418472036636823, 0.5280035503549999, 0.11182815609744118], [-0.029162613529173133, 0.1623948648206821, -0.986294808793]], "trans": [333.3836368220001, 557.47550969, 365.31226433]}], "rb_4XMM.renamed.noAb_Nup120_715-1036_Nup85_553-744_Nup145c_92-99_554-712_remaining_updated.pdb_0": [{"rot": [[0.20013945947499995, 0.18449787464722295, 0.9622394353858672], [0.9797672896987, -0.03718184024400001, -0.1966559655655869], [-0.0005047747205541575, 0.9821293423000492, -0.18820653600700005]], "trans": [480.893628647, 561.195206761, 458.491748614]}], "rb_4XMM.renamed.noAb_Nup120_2-711_3F7F_updated.pdb_0": [{"rot": [[0.16214641590600004, -0.9702202551968249, -0.17994775968221033], [0.6945001805445199, -0.017339106100100088, 0.7192835703832521], [-0.7009836225137273, -0.2416030045455924, 0.6710066684929998]], "trans": [330.9606099839999, 535.8943582080001, 173.23956077399998]}]}
