{"rb_ScNup133N_56-480_renamed.pdb_0": [{"rot": [[-0.28510668988299986, 0.7636592351076334, 0.5792570655751931], [0.9548622945698404, 0.278862636546, 0.10234074627162487], [-0.08337969652606414, 0.5822887621905801, -0.8086950127420001]], "trans": [289.95941041, 665.660488008, 440.426090658]}], "rb_ScNup133C_490_881_renamed_relative_3CQC.pdb_0": [{"rot": [[0.843239120132, -0.45456497736818396, -0.2869119510046121], [0.5374932130945533, 0.7060789681270001, 0.46103528785333125], [-0.006988000880342765, -0.5429762168999424, 0.8397189980730002]], "trans": [445.93227312499994, 464.537730497, 328.7744480250001]}], "rb_ScNup84_506-726_ScNup133C_882_1155_renamed_relative_3CQC_new.pdb_0": [{"rot": [[-0.6380872334529999, -0.22493068656338977, 0.7363768523972076], [-0.01976669205123692, 0.960848421306, 0.27636857484004795], [-0.7697103093954558, 0.1617915248580398, -0.6175512465329998]], "trans": [389.439431656, 478.27715794, 427.720125212]}], "rb_4XMM.renamed.noAb_Nup145c_149-550_Sec13_Nup84_7-436_3IKO_updated.pdb_0": [{"rot": [[0.034206602189399866, -0.16781379974078653, -0.9852250692015583], [0.0007553196239880322, 0.9858060366700001, -0.16788653179231605], [0.9994144975228856, 0.004998667977164903, 0.03384782798839991]], "trans": [619.462697343, 723.747855797, 372.660535694]}], "rb_4XMM.renamed.noAb_Seh1_Nup85_47_544_3F3F.pdb_0": [{"rot": [[-0.5044698255409998, -0.6324651649922329, -0.5877907877722995], [-0.716691282038668, -0.07292615330090008, 0.6935671434075462], [-0.48152237888638505, 0.7711482290948225, -0.41649322611]], "trans": [498.5856337519999, 547.838465433, 326.273814553]}], "rb_4XMM.renamed.noAb_Nup120_715-1036_Nup85_553-744_Nup145c_92-99_554-712_remaining_updated.pdb_0": [{"rot": [[-0.798468739047, 0.16126396426657624, -0.5800358666442293], [-0.49468394591664827, -0.7248577333450001, 0.47944661857425097], [-0.34312602118905, 0.6697575682580803, 0.65855093451]], "trans": [593.11545804, 505.91853078400004, 365.742252424]}], "rb_4XMM.renamed.noAb_Nup120_2-711_3F7F_updated.pdb_0": [{"rot": [[-0.68949465991, -0.5298550378659207, -0.49381246724206673], [0.4226295503330893, 0.25936322410900015, -0.8683979394062583], [0.5882018166759129, -0.8074554828768509, 0.04510283839479989]], "trans": [442.93572825800004, 817.211678967, 124.31013837499998]}]}
