{"rb_ScNup133N_56-480_renamed.pdb_0": [{"rot": [[-0.622769461988, 0.7299050104106644, -0.28177450735044307], [-0.21781313530214413, -0.5076406288300002, -0.8335816876892942], [-0.7514756385306359, -0.45775503027109365, 0.4751259800900001]], "trans": [378.4373513229999, 524.619208375, 67.96227618600003]}], "rb_ScNup133C_490_881_renamed_relative_3CQC.pdb_0": [{"rot": [[-0.766391868652, 0.10342043573462277, 0.6339934677396576], [-0.11961944467033854, -0.9926685619289999, 0.01732958783615556], [0.6311376174186224, -0.06255669133091982, 0.7731442092189998]], "trans": [462.5267852360001, 394.235058922, 278.498820956]}], "rb_ScNup84_506-726_ScNup133C_882_1155_renamed_relative_3CQC_new.pdb_0": [{"rot": [[0.06949997485499998, 0.8990444419707444, -0.43230642472286634], [-0.09596767001714318, -0.4253188901430001, -0.899941135852233], [-0.9929551650536066, 0.10403332662680531, 0.05671954816750008]], "trans": [515.652249897, 457.021985799, 325.39459125199994]}], "rb_4XMM.renamed.noAb_Nup145c_149-550_Sec13_Nup84_7-436_3IKO_updated.pdb_0": [{"rot": [[0.9438386227870001, 0.30773111315210616, -0.12029221144240672], [-0.020298887850949743, 0.41739150066100017, 0.9085000221948114], [0.32978266978049897, -0.8550356116408977, 0.4001968185010001]], "trans": [682.402419445, 355.322488612, 214.66163765599998]}], "rb_4XMM.renamed.noAb_Seh1_Nup85_47_544_3F3F.pdb_0": [{"rot": [[0.48772356394599997, -0.7779412941546812, 0.3961477855810277], [-0.8729657353313992, -0.4385102540120001, 0.21363422493514617], [0.007519980659647901, -0.4500178885058582, -0.8929878778099999]], "trans": [527.638671213, 196.742641209, 237.96750742200004]}], "rb_4XMM.renamed.noAb_Nup120_715-1036_Nup85_553-744_Nup145c_92-99_554-712_remaining_updated.pdb_0": [{"rot": [[-0.3737331380820001, 0.670265986080218, -0.6411451079149662], [-0.7915372282760977, 0.1298655995819999, 0.5971630784787356], [0.4835207935056915, 0.7306698529083573, 0.482005402769]], "trans": [636.567873744, 280.6429524580001, 396.716134138]}], "rb_4XMM.renamed.noAb_Nup120_2-711_3F7F_updated.pdb_0": [{"rot": [[-0.429865912549, -0.8621848879159191, 0.2680531967312269], [0.827635513949126, -0.257608412223, 0.4986555544683233], [-0.3608805249366909, 0.4362053702115085, 0.8243119080300001]], "trans": [313.212050899, 256.203930853, 310.651849666]}]}
