{"rb_ScNup133N_56-480_renamed.pdb_0": [{"rot": [[-0.1594396735850001, -0.7135549183844738, -0.6822157788679735], [0.19559947848246978, -0.700189360811, 0.6866408835952525], [-0.9676362097939983, -0.02396325220854445, 0.25120893304]], "trans": [592.149517206, 539.187038071, -1.6185604862599803]}], "rb_ScNup133C_490_881_renamed_relative_3CQC.pdb_0": [{"rot": [[-0.3759335227489998, -0.841464684761957, 0.38808655061981645], [-0.6295706743228654, 0.5392379847749998, 0.5593417218556553], [-0.6799373151299902, -0.034052607451664885, -0.7324791242209999]], "trans": [463.93972407499996, 526.901786438, 278.846763703]}], "rb_ScNup84_506-726_ScNup133C_882_1155_renamed_relative_3CQC_new.pdb_0": [{"rot": [[0.6816200825050001, 0.6418825991859683, -0.351256020572093], [0.04656514037994752, -0.5171301977240002, -0.8546391322092222], [-0.730223082918688, 0.5661829099012103, -0.3823756813770001]], "trans": [501.47029458199995, 625.316824692, 258.237849997]}], "rb_4XMM.renamed.noAb_Nup145c_149-550_Sec13_Nup84_7-436_3IKO_updated.pdb_0": [{"rot": [[0.487933521366, 0.31111861419629944, -0.8155526265226232], [-0.04269990142341451, -0.9246969058469999, -0.3783019306525082], [-0.8718357627132565, 0.21941020992095744, -0.4379058833089998]], "trans": [651.9464123119999, 490.040105507, 277.958091079]}], "rb_4XMM.renamed.noAb_Seh1_Nup85_47_544_3F3F.pdb_0": [{"rot": [[-0.676792041946, 0.4101513641973985, 0.6113332891357847], [0.17214264334457796, 0.8955683278410003, -0.4102734216475842], [-0.7157649350875644, -0.17243325843667157, -0.6767180573060001]], "trans": [624.1769435850001, 701.619776906, 261.902348439]}], "rb_4XMM.renamed.noAb_Nup120_715-1036_Nup85_553-744_Nup145c_92-99_554-712_remaining_updated.pdb_0": [{"rot": [[0.6198060709899997, 0.7198716746800958, -0.3124503262235669], [0.766984144546151, -0.6399368202749998, 0.047076406735551524], [-0.16605949650275298, -0.2688226888668377, -0.948766886844]], "trans": [675.520795284, 545.280147813, 244.05118886800003]}], "rb_4XMM.renamed.noAb_Nup120_2-711_3F7F_updated.pdb_0": [{"rot": [[-0.8489123994430001, -0.20012669133523328, -0.4891799724918639], [-0.23757985964426223, 0.9712530334290003, 0.014945077663842572], [0.4721266232308247, 0.12890637094487567, -0.8720548143130001]], "trans": [465.7071264560001, 849.366176392, 320.459872666]}]}
