{"rb_ScNup133N_56-480_renamed.pdb_0": [{"rot": [[0.20323828909300004, 0.6901705874805537, 0.6945205238315838], [0.977851716944131, -0.10684828724800002, -0.17997072867992686], [-0.05000217511233995, 0.7157150296653803, -0.6966001570449999]], "trans": [411.36632763399996, 817.0406876469999, 445.811615142]}], "rb_ScNup133C_490_881_renamed_relative_3CQC.pdb_0": [{"rot": [[-0.521908935905, -0.8518109962331366, -0.04504541395993647], [0.6938060441165412, -0.39319209695400004, -0.6033515957054166], [0.4962300230436152, -0.3461473697563333, 0.7962020865590002]], "trans": [379.589972142, 555.561503246, 353.920028599]}], "rb_ScNup84_506-726_ScNup133C_882_1155_renamed_relative_3CQC_new.pdb_0": [{"rot": [[0.14409177908799992, 0.9705728546705991, 0.1929401279563666], [0.4092352193294201, -0.23596653259399997, 0.8813888646652884], [0.9009795194451738, -0.04804299399630374, -0.4311934325429999]], "trans": [359.010526722, 489.542378075, 402.152051503]}], "rb_4XMM.renamed.noAb_Nup145c_149-550_Sec13_Nup84_7-436_3IKO_updated.pdb_0": [{"rot": [[0.417996979221, 0.316155915724627, -0.8516595342708503], [0.004219567586495998, -0.9381536181710001, -0.3461935642989981], [-0.9084386168649493, 0.14111422913719263, -0.3934794196949999]], "trans": [649.449889276, 490.58414036100004, 269.054868198]}], "rb_4XMM.renamed.noAb_Seh1_Nup85_47_544_3F3F.pdb_0": [{"rot": [[0.6248383270489999, -0.775767286202059, 0.088103250276591], [-0.39999900427726764, -0.414984280993, -0.8171834819096121], [0.6705056760593466, 0.4753663473442514, -0.569604225919]], "trans": [451.374562804, 588.391365213, 303.165070031]}], "rb_4XMM.renamed.noAb_Nup120_715-1036_Nup85_553-744_Nup145c_92-99_554-712_remaining_updated.pdb_0": [{"rot": [[-0.03199760777439992, -0.9459829063335186, -0.3226336839536524], [0.8456272322588834, 0.14645723561800011, -0.51328828371327], [0.5328139798831262, -0.2892518263726665, 0.795262625666]], "trans": [439.302244953, 659.945061863, 227.71825603000002]}], "rb_4XMM.renamed.noAb_Nup120_2-711_3F7F_updated.pdb_0": [{"rot": [[-0.033605686397699897, 0.09040622221809441, 0.995337818444568], [0.859180280886046, -0.506149139571, 0.07498195414972442], [0.5105682155974014, 0.8576944464643506, -0.06066575414429998]], "trans": [570.024767328, 538.005167295, 489.957635685]}]}
