{"rb_ScNup133N_56-480_renamed.pdb_0": [{"rot": [[0.1477050753889998, -0.08118896863488467, -0.9856934422407068], [-0.014551421338409316, -0.996695491422, 0.07991466396156552], [-0.9889243989513868, 0.002539439123421923, -0.14839839759099982]], "trans": [776.188164115, 390.665041509, 24.814233995300015]}], "rb_ScNup133C_490_881_renamed_relative_3CQC.pdb_0": [{"rot": [[0.028582096035800142, -0.3587814078186041, -0.9329839040358097], [0.9503563523939361, 0.299073289903, -0.08589511471026173], [0.3098481357870226, -0.8842121174640714, 0.34951833153500006]], "trans": [657.971639623, 448.912126913, 220.838330264]}], "rb_ScNup84_506-726_ScNup133C_882_1155_renamed_relative_3CQC_new.pdb_0": [{"rot": [[-0.620902559373, 0.754892580177947, 0.21122784891282714], [0.6754300943613626, 0.6519630627300002, -0.34458431837029224], [-0.39783690049448556, -0.07128363927297668, -0.9146827009280001]], "trans": [559.211664265, 430.724898152, 280.802058566]}], "rb_4XMM.renamed.noAb_Nup145c_149-550_Sec13_Nup84_7-436_3IKO_updated.pdb_0": [{"rot": [[-0.31681906401899995, -0.8986804241828401, 0.3033136592121679], [0.4750235743808404, -0.4271301025289999, -0.7693584855553464], [0.8209618045052856, -0.09966629673122401, 0.5622173466189999]], "trans": [454.648593904, 533.278926448, 318.987180051]}], "rb_4XMM.renamed.noAb_Seh1_Nup85_47_544_3F3F.pdb_0": [{"rot": [[0.605216869495, -0.7698705431315274, 0.20251391976118405], [-0.26634519241174864, 0.04390278647830003, 0.9628773461965907], [-0.7501818308635718, -0.636688222097604, -0.17848061094799994]], "trans": [490.059478352, 516.209310458, 155.166121966]}], "rb_4XMM.renamed.noAb_Nup120_715-1036_Nup85_553-744_Nup145c_92-99_554-712_remaining_updated.pdb_0": [{"rot": [[0.21073402804799984, -0.8750916710952079, -0.4356670019664806], [0.7261799484493685, -0.15821547325900007, 0.6690519759267609], [-0.6544110725627564, -0.4573646588896295, 0.6021326406250002]], "trans": [488.0144426659999, 544.084641179, 204.207556986]}], "rb_4XMM.renamed.noAb_Nup120_2-711_3F7F_updated.pdb_0": [{"rot": [[0.778414036797, -0.4228627323047638, 0.46395980100128104], [-0.017734823759731733, -0.753600920515, -0.6570929375858151], [0.627500648082223, 0.5032621207946156, -0.5941129307040001]], "trans": [550.353511849, 469.6564537610001, 471.433839019]}]}
