{"rb_ScNup133N_56-480_renamed.pdb_0": [{"rot": [[0.28977869497, 0.8949427608595089, -0.33927240195253694], [-0.6419874516444672, -0.08115567887519992, -0.7624079404868159], [-0.709845349264561, 0.4387382027718415, 0.5510248356980001]], "trans": [609.901601393, 445.89125141, 34.80699725490001]}], "rb_ScNup133C_490_881_renamed_relative_3CQC.pdb_0": [{"rot": [[-0.3481680576629998, 0.7901850913358995, 0.504367450430388], [-0.9156852323558696, -0.40188860723799985, -0.002470347683531604], [0.20074750027970675, -0.46270192219481493, 0.8634855947429999]], "trans": [515.732740472, 484.07537244, 236.993611169]}], "rb_ScNup84_506-726_ScNup133C_882_1155_renamed_relative_3CQC_new.pdb_0": [{"rot": [[-0.7982474873730001, -0.5771065734510823, -0.1724788444483638], [-0.4669600246538704, 0.412058186573, 0.782404234557449], [-0.38045930699346686, 0.705092939801358, -0.59841011185]], "trans": [564.323591609, 427.737843755, 310.458218936]}], "rb_4XMM.renamed.noAb_Nup145c_149-550_Sec13_Nup84_7-436_3IKO_updated.pdb_0": [{"rot": [[0.2132881734720001, -0.2207031659784051, 0.9517343471705151], [0.9584527052221878, 0.236128583564, -0.16003657043416336], [-0.18941110555943608, 0.946326267495079, 0.261896980776]], "trans": [497.627530148, 543.472736057, 227.907551045]}], "rb_4XMM.renamed.noAb_Seh1_Nup85_47_544_3F3F.pdb_0": [{"rot": [[0.6157256048380001, -0.7855174418260988, -0.062002646184340704], [0.42213979461002316, 0.39528679729500016, -0.815810236323907], [0.6653419972867236, 0.47614146686803394, 0.5749863739040001]], "trans": [470.954466238, 506.755997644, 304.120260358]}], "rb_4XMM.renamed.noAb_Nup120_715-1036_Nup85_553-744_Nup145c_92-99_554-712_remaining_updated.pdb_0": [{"rot": [[-0.5380314391250002, -0.6699345245709851, -0.5115759017984816], [-0.5632900782080608, 0.737251322609, -0.37304795282059555], [0.6270777131308674, 0.08745410281472576, -0.77403186084]], "trans": [468.149010953, 539.501751801, 254.062373252]}], "rb_4XMM.renamed.noAb_Nup120_2-711_3F7F_updated.pdb_0": [{"rot": [[-0.3155745058199999, -0.36568494183762745, 0.8756067922244972], [-0.5462886696720091, -0.684484890986, -0.48275161667245636], [0.7758746165872741, -0.6306781725453123, 0.016236440818599984]], "trans": [482.385373028, 247.300681786, 132.8250179]}]}
