{"rb_ScNup133N_56-480_renamed.pdb_0": [{"rot": [[0.28977869497, 0.8949427608595089, -0.33927240195253694], [-0.6419874516444672, -0.08115567887519992, -0.7624079404868159], [-0.709845349264561, 0.4387382027718415, 0.5510248356980001]], "trans": [609.901601393, 445.89125141, 34.80699725490001]}], "rb_ScNup133C_490_881_renamed_relative_3CQC.pdb_0": [{"rot": [[0.5887988008410001, -0.4910477860211137, 0.6420187255617729], [0.2200299559010151, 0.8616812922000001, 0.4572659720323998], [-0.7777549682479681, -0.12797430412508848, 0.615402134258]], "trans": [459.80369172300004, 543.660753141, 246.406388813]}], "rb_ScNup84_506-726_ScNup133C_882_1155_renamed_relative_3CQC_new.pdb_0": [{"rot": [[0.7106325419199999, 0.33854855332525624, -0.6167546249568748], [0.48355533666623995, 0.401734396422, 0.7776784111141639], [0.5110534480325112, -0.8508785763978473, 0.12177857562500002]], "trans": [521.905727103, 518.399428919, 262.142687384]}], "rb_4XMM.renamed.noAb_Nup145c_149-550_Sec13_Nup84_7-436_3IKO_updated.pdb_0": [{"rot": [[0.5511321340219999, -0.8174881259578868, -0.16723197889823116], [-0.06990498534172185, -0.24494831136900003, 0.9670127288623708], [-0.8314846143331396, -0.5212614398508081, -0.19214538103200002]], "trans": [570.405132172, 592.325224392, 238.53683039900002]}], "rb_4XMM.renamed.noAb_Seh1_Nup85_47_544_3F3F.pdb_0": [{"rot": [[0.7305596982360001, 0.6194274893161767, 0.28738843538455466], [-0.619015753159457, 0.4230820222120002, 0.6616805118948532], [0.2882742178096314, -0.6612950838774341, 0.6925220483030001]], "trans": [739.895338344, 678.11283103, 324.745690939]}], "rb_4XMM.renamed.noAb_Nup120_715-1036_Nup85_553-744_Nup145c_92-99_554-712_remaining_updated.pdb_0": [{"rot": [[-0.23226594337399992, 0.9724988267220366, 0.017278992240524982], [0.6523572279897939, 0.14257933440099985, 0.7443797286944613], [0.7214447855782575, 0.1841661353941872, -0.667532962434]], "trans": [738.199899792, 703.189921293, 380.530737724]}], "rb_4XMM.renamed.noAb_Nup120_2-711_3F7F_updated.pdb_0": [{"rot": [[-0.9596307137579998, 0.2756973448006848, 0.05567645177419042], [-0.2351079184019263, -0.6776307779889998, -0.6968075741743452], [-0.15437992070546153, -0.6817679244375426, 0.7150939359909999]], "trans": [588.655537701, 572.462294784, 141.885637163]}]}
