{"rb_ScNup133N_56-480_renamed.pdb_0": [{"rot": [[-0.902999556754, -0.3649530172388342, 0.2267180974478013], [0.23682425405686683, -0.863089944992, -0.44608297383347323], [0.35847743749431166, -0.34912038333786494, 0.8657995638399999]], "trans": [361.398077206, 842.609455252, 331.45067109]}], "rb_ScNup133C_490_881_renamed_relative_3CQC.pdb_0": [{"rot": [[-0.9902070573959999, -0.05406153316664127, -0.12871415662166644], [0.1387621545880167, -0.2798811637489999, -0.9499534718251187], [0.015331273177596631, -0.9585112856978667, 0.2846419983989999]], "trans": [573.305140776, 709.056277393, 281.61161960100003]}], "rb_ScNup84_506-726_ScNup133C_882_1155_renamed_relative_3CQC_new.pdb_0": [{"rot": [[0.521324630616, -0.8205503533105716, -0.23434535880829263], [0.7417049426836997, 0.29988823433099987, 0.5999506853970625], [-0.4220123309947956, -0.4865841803755354, 0.76494537576]], "trans": [582.297643004, 626.064221341, 287.516899088]}], "rb_4XMM.renamed.noAb_Nup145c_149-550_Sec13_Nup84_7-436_3IKO_updated.pdb_0": [{"rot": [[0.012452972858300104, 0.9992161253696544, -0.037577363774559946], [-0.3104611435800947, 0.03958672589070006, 0.949761427654437], [0.9505044985658566, -0.0001610419502658944, 0.310710753389]], "trans": [624.065985443, 467.41805763799994, 342.394805839]}], "rb_4XMM.renamed.noAb_Seh1_Nup85_47_544_3F3F.pdb_0": [{"rot": [[0.6675753175700002, -0.5175990694278098, 0.5351956639386937], [-0.6868362553728685, -0.15064909624400005, 0.7110279938977381], [-0.28740068489251985, -0.842256524538891, -0.45607542489700004]], "trans": [573.545924886, 443.261617549, 167.653852262]}], "rb_4XMM.renamed.noAb_Nup120_715-1036_Nup85_553-744_Nup145c_92-99_554-712_remaining_updated.pdb_0": [{"rot": [[-0.356534862666, 0.16844393658466988, -0.918971997359874], [-0.8201441026432832, -0.527544635452, 0.22149561735000595], [-0.4474891536151244, 0.8326603736420246, 0.326236355367]], "trans": [571.19138259, 421.9853451579999, 377.664692687]}], "rb_4XMM.renamed.noAb_Nup120_2-711_3F7F_updated.pdb_0": [{"rot": [[0.16190237920099992, 0.32724948319252917, 0.9309647659064646], [0.5029209335492423, -0.8390601794780002, 0.20748144450120126], [0.84903365905423, 0.4346099296663261, -0.30042645494100007]], "trans": [541.0684813369999, 397.39672583800007, 346.358064756]}]}
