{"rb_ScNup133N_56-480_renamed.pdb_0": [{"rot": [[0.5031966570309999, -0.0880711759248696, 0.859672374991797], [-0.2340330322890267, -0.971506729507, 0.03745950240214231], [0.831878395049679, -0.22004122907724222, -0.5094705029299998]], "trans": [550.222428444, 466.999808586, 449.920163109]}], "rb_ScNup133C_490_881_renamed_relative_3CQC.pdb_0": [{"rot": [[0.31327190084699996, -0.6765763272326873, 0.6664121769355922], [0.8384906092103667, -0.13240267829799995, -0.5285858766988999], [0.44586344816068485, 0.7243714545782737, 0.5258248580910001]], "trans": [476.821106009, 535.725384541, 155.398721937]}], "rb_ScNup84_506-726_ScNup133C_882_1155_renamed_relative_3CQC_new.pdb_0": [{"rot": [[-0.420254920139, 0.43962045886797185, -0.7938007648293598], [-0.16898647219226137, 0.821580978589, 0.5444706308303096], [0.891532037738957, 0.3629580523496551, -0.27098353809700004]], "trans": [542.248836141, 524.29981967, 236.28713146799998]}], "rb_4XMM.renamed.noAb_Nup145c_149-550_Sec13_Nup84_7-436_3IKO_updated.pdb_0": [{"rot": [[0.22767992900600004, 0.5138890747648901, -0.8270912094594575], [-0.3310600127716676, 0.839652903296, 0.4305604137983676], [0.9157298279904648, 0.17578686192057558, 0.36130023706699993]], "trans": [673.171802276, 622.752164637, 350.929356557]}], "rb_4XMM.renamed.noAb_Seh1_Nup85_47_544_3F3F.pdb_0": [{"rot": [[-0.7749103395130001, -0.5971455226120315, 0.20719843276494831], [0.4994781931720171, -0.77940395603, -0.37822084536736356], [0.38734416254987536, -0.18959614486900755, 0.9022293508800001]], "trans": [479.34886785500004, 417.126574731, 325.170974011]}], "rb_4XMM.renamed.noAb_Nup120_715-1036_Nup85_553-744_Nup145c_92-99_554-712_remaining_updated.pdb_0": [{"rot": [[-0.8873860112999999, 0.3300258461289562, 0.321914597115357], [0.18177944617887848, -0.3912180693139998, 0.9021666449105323], [0.42367711750338405, 0.8590875177355872, 0.2871695265429998]], "trans": [570.593663956, 482.8248372610001, 411.378750689]}], "rb_4XMM.renamed.noAb_Nup120_2-711_3F7F_updated.pdb_0": [{"rot": [[-0.12426354475899998, -0.004174870509869366, -0.9922404657642994], [0.9867728949088435, -0.10543709270499999, -0.12313518325457573], [-0.10410487652914585, -0.9944172112036995, 0.01722163594749998]], "trans": [545.147615302, 627.933114856, 57.6023554249]}]}
