{"rb_ScNup133N_56-480_renamed.pdb_0": [{"rot": [[-0.7314821416699999, 0.3241702889160218, 0.5998729033736838], [0.6630466185960762, 0.543402378518, 0.5148621529975665], [-0.15906934961261204, 0.7743561705088189, -0.612429149542]], "trans": [262.9324312510001, 551.544615322, 308.034081537]}], "rb_ScNup133C_490_881_renamed_relative_3CQC.pdb_0": [{"rot": [[-0.964331014613, -0.2646988796430029, 0.0004442647871050476], [-0.23183965436070417, 0.8454283055130001, 0.48114587694723804], [-0.12773436859894538, 0.4638808934987046, -0.876640432404]], "trans": [514.693552135, 493.38391958099993, 364.829717515]}], "rb_ScNup84_506-726_ScNup133C_882_1155_renamed_relative_3CQC_new.pdb_0": [{"rot": [[0.32103197839300013, -0.9237040112781127, -0.20906785596499633], [0.6079586704114202, 0.3702620097620001, -0.7023477053415801], [0.7261712772622273, 0.09837145762734584, 0.680439808068]], "trans": [507.886129921, 546.083984355, 288.177742449]}], "rb_4XMM.renamed.noAb_Nup145c_149-550_Sec13_Nup84_7-436_3IKO_updated.pdb_0": [{"rot": [[-0.4493630695010002, 0.6263434469576914, 0.6369982089627859], [-0.20704791277957402, -0.7666493258220001, 0.6077663803060308], [0.8690247370370199, 0.14121861658375845, 0.4741869976580001]], "trans": [477.82347369600006, 437.87228754600005, 329.50379166900007]}], "rb_4XMM.renamed.noAb_Seh1_Nup85_47_544_3F3F.pdb_0": [{"rot": [[0.038067599897200044, 0.9991181137555412, -0.017715885629455863], [-0.6672055889438431, 0.03861132123490002, 0.743872212113475], [0.7439002351929767, -0.016497291840318007, 0.668087029841]], "trans": [598.077338261, 487.36877180400006, 336.352992882]}], "rb_4XMM.renamed.noAb_Nup120_715-1036_Nup85_553-744_Nup145c_92-99_554-712_remaining_updated.pdb_0": [{"rot": [[0.665840972329, 0.688695843126006, -0.2869735793220899], [0.17737296144254372, 0.22749097089400006, 0.957489786217486], [0.7247031337844992, -0.688437283870263, 0.029316788027700096]], "trans": [562.966305097, 555.709563658, 277.588698789]}], "rb_4XMM.renamed.noAb_Nup120_2-711_3F7F_updated.pdb_0": [{"rot": [[-0.36968214622100004, 0.7270210961516964, 0.578597819314782], [-0.7920131785485137, 0.07904807070249997, -0.6053647888039846], [-0.4858500136574202, -0.6820496523484185, 0.5465876288030002]], "trans": [526.654395555, 558.529830454, 234.836111267]}]}
