{"rb_ScNup133N_56-480_renamed.pdb_0": [{"rot": [[-0.18571342098999993, 0.9778381740837729, -0.09665935323963032], [-0.8799100431411435, -0.20928088882699986, -0.4265674923750419], [-0.43734293322693757, 0.005832227386983385, 0.8992758997549999]], "trans": [515.3686885490001, 189.74503177899996, 35.179005397399976]}], "rb_ScNup133C_490_881_renamed_relative_3CQC.pdb_0": [{"rot": [[-0.261363958347, -0.9424656829440748, 0.20844020185642265], [-0.9351160743789914, 0.30076130775099996, 0.18735144301000986], [-0.23926305338520698, -0.14594886855562392, -0.959922975583]], "trans": [508.65062575, 325.20576564299995, 305.105150769]}], "rb_ScNup84_506-726_ScNup133C_882_1155_renamed_relative_3CQC_new.pdb_0": [{"rot": [[0.47051157017099987, -0.8315918569424507, 0.29508277788143916], [-0.03861863451546782, -0.35349796419300006, -0.9346377856579333], [0.8815483329933651, 0.4283621981202485, -0.19843982417400016]], "trans": [504.435614795, 392.052826001, 245.49265276099996]}], "rb_4XMM.renamed.noAb_Nup145c_149-550_Sec13_Nup84_7-436_3IKO_updated.pdb_0": [{"rot": [[0.766984250692, 0.0006723881714308013, -0.641665572619085], [-0.02595553790323256, -0.9991484955920001, -0.032071697934422556], [-0.6411407561858669, 0.041253262299967335, -0.7663137080250001]], "trans": [638.348696421, 119.317964923, 329.316256273]}], "rb_4XMM.renamed.noAb_Seh1_Nup85_47_544_3F3F.pdb_0": [{"rot": [[-0.9790868011820001, 0.16683546234480806, -0.11642578861829961], [0.1872767697530578, 0.9626716479100003, -0.1954244350666134], [0.07947607981058846, -0.21314133061055746, -0.9737835108090002]], "trans": [546.418158301, 302.05716508, 252.22173000099997]}], "rb_4XMM.renamed.noAb_Nup120_715-1036_Nup85_553-744_Nup145c_92-99_554-712_remaining_updated.pdb_0": [{"rot": [[-0.17104073162500005, 0.4852808132067212, 0.8574658013347286], [-0.891888992787353, 0.2935480569449999, -0.34404005988921715], [-0.41866345991732523, -0.8236091734537921, 0.3826079412830002]], "trans": [595.566189267, 188.657878855, 212.75532412899997]}], "rb_4XMM.renamed.noAb_Nup120_2-711_3F7F_updated.pdb_0": [{"rot": [[0.09307238669930007, 0.4053908455125336, -0.9093930905877441], [-0.39176093890254, -0.8247737839289999, -0.40776411329792067], [-0.9153474190624542, 0.3942162702350986, 0.08205263370319987]], "trans": [679.773107516, -18.753715302399996, 457.588295867]}]}
