{"rb_ScNup133N_56-480_renamed.pdb_0": [{"rot": [[-0.20953724043300015, -0.4662456643362654, -0.8594818935610904], [-0.2887916109942011, -0.810273393307, 0.5099572859741625], [-0.9341806839638127, 0.35506620310358206, 0.035134614307100076]], "trans": [554.98521905, 416.5580330590001, 78.16550671959999]}], "rb_ScNup133C_490_881_renamed_relative_3CQC.pdb_0": [{"rot": [[0.27748402610700007, -0.7183063568067702, 0.6379957625458295], [-0.23362399379222337, 0.5936900475939999, 0.7700337375157047], [-0.9318918632438105, -0.36272317979255037, -0.0030740951774999026]], "trans": [447.981307531, 504.308593416, 274.272980388]}], "rb_ScNup84_506-726_ScNup133C_882_1155_renamed_relative_3CQC_new.pdb_0": [{"rot": [[0.7106325419199999, 0.33854855332525624, -0.6167546249568748], [0.48355533666623995, 0.401734396422, 0.7776784111141639], [0.5110534480325112, -0.8508785763978473, 0.12177857562500002]], "trans": [521.905727103, 518.399428919, 262.142687384]}], "rb_4XMM.renamed.noAb_Nup145c_149-550_Sec13_Nup84_7-436_3IKO_updated.pdb_0": [{"rot": [[-0.013586031113400013, -0.2494477645784048, 0.9682929476689492], [-0.30916414150302984, 0.921978976017, 0.23317868983107953], [-0.9509116433019844, -0.296193484954482, -0.08964633903980007]], "trans": [508.14882351200004, 567.990955017, 226.04535552199997]}], "rb_4XMM.renamed.noAb_Seh1_Nup85_47_544_3F3F.pdb_0": [{"rot": [[-0.26486466235700007, 0.9640705078812288, 0.0203658161668529], [-0.5315880426794433, -0.16360209305699996, 0.8310526505749243], [0.8045252410675199, 0.20929025534171058, 0.555820767428]], "trans": [668.000728823, 404.716142331, 305.9857065]}], "rb_4XMM.renamed.noAb_Nup120_715-1036_Nup85_553-744_Nup145c_92-99_554-712_remaining_updated.pdb_0": [{"rot": [[-0.4919431887710001, 0.21032613374177284, -0.8448401129723058], [-0.8456649062167232, 0.11526441559100004, 0.5211189699981439], [0.20698494006879176, 0.9708125627347967, 0.12116188600799987]], "trans": [585.644403541, 435.548582735, 367.513570194]}], "rb_4XMM.renamed.noAb_Nup120_2-711_3F7F_updated.pdb_0": [{"rot": [[0.527133220591, -0.7960698778443118, -0.2973269536020956], [0.7958754902897063, 0.33985433700599993, 0.5010800670295434], [-0.29784689305997425, -0.50077118448165, 0.8127210155320002]], "trans": [379.52327132900007, 515.520334959, 37.621158167999994]}]}
