{"rb_ScNup133N_56-480_renamed.pdb_0": [{"rot": [[0.4155094612259999, 0.21368916616131609, 0.8841316801794633], [0.5848186733794501, 0.68171192261, -0.43960888735110615], [-0.6966627641107134, 0.6997183682287174, 0.1582883390049999]], "trans": [487.172994471, 686.660503175, 93.46287339380001]}], "rb_ScNup133C_490_881_renamed_relative_3CQC.pdb_0": [{"rot": [[0.5887988008410001, -0.4910477860211137, 0.6420187255617729], [0.2200299559010151, 0.8616812922000001, 0.4572659720323998], [-0.7777549682479681, -0.12797430412508848, 0.615402134258]], "trans": [459.80369172300004, 543.660753141, 246.406388813]}], "rb_ScNup84_506-726_ScNup133C_882_1155_renamed_relative_3CQC_new.pdb_0": [{"rot": [[0.7106325419199999, 0.33854855332525624, -0.6167546249568748], [0.48355533666623995, 0.401734396422, 0.7776784111141639], [0.5110534480325112, -0.8508785763978473, 0.12177857562500002]], "trans": [521.905727103, 518.399428919, 262.142687384]}], "rb_4XMM.renamed.noAb_Nup145c_149-550_Sec13_Nup84_7-436_3IKO_updated.pdb_0": [{"rot": [[0.22767992900600004, 0.5138890747648901, -0.8270912094594575], [-0.3310600127716676, 0.839652903296, 0.4305604137983676], [0.9157298279904648, 0.17578686192057558, 0.36130023706699993]], "trans": [673.171802276, 622.752164637, 350.929356557]}], "rb_4XMM.renamed.noAb_Seh1_Nup85_47_544_3F3F.pdb_0": [{"rot": [[0.7061640285529999, 0.1419717073429859, -0.6936687963948756], [-0.04545422419619144, -0.9685807168719999, -0.2445103441706403], [-0.7065877711088129, 0.20419458665165482, -0.67752364719]], "trans": [578.795321346, 471.33558780299995, 274.522574997]}], "rb_4XMM.renamed.noAb_Nup120_715-1036_Nup85_553-744_Nup145c_92-99_554-712_remaining_updated.pdb_0": [{"rot": [[-0.03239398069850011, 0.3904181146135117, 0.9200675658864059], [-0.3595593594453005, 0.854367113226, -0.37519848463600775], [-0.932559755216678, -0.34297307710591823, 0.11270213543099986]], "trans": [600.311540533, 646.733004254, 211.93215662]}], "rb_4XMM.renamed.noAb_Nup120_2-711_3F7F_updated.pdb_0": [{"rot": [[-0.347625965687, -0.7304642104689659, -0.587859018136263], [0.746898291493964, -0.594747852243, 0.297351533400681], [-0.5668325415354859, -0.33570378233837206, 0.752332267273]], "trans": [424.3147876610001, 372.47953521100004, 197.69579792000002]}]}
