{"rb_ScNup133N_56-480_renamed.pdb_0": [{"rot": [[0.28977869497, 0.8949427608595089, -0.33927240195253694], [-0.6419874516444672, -0.08115567887519992, -0.7624079404868159], [-0.709845349264561, 0.4387382027718415, 0.5510248356980001]], "trans": [609.901601393, 445.89125141, 34.80699725490001]}], "rb_ScNup133C_490_881_renamed_relative_3CQC.pdb_0": [{"rot": [[-0.949168732548, -0.3110259109568241, -0.048390080251027964], [-0.20857632574191678, 0.5063395556919998, 0.8367294489150182], [-0.23574272733898916, 0.8042904556533702, -0.545474316033]], "trans": [456.833660819, 490.977892464, 354.2898159]}], "rb_ScNup84_506-726_ScNup133C_882_1155_renamed_relative_3CQC_new.pdb_0": [{"rot": [[-0.43498849223299996, 0.8906811344788879, 0.13218217848205632], [-0.8453521121973182, -0.35339773404999997, -0.40061184202649075], [-0.3101045275844805, -0.28600202490843724, 0.9066631258189998]], "trans": [428.082195972, 579.0856314549999, 304.743161456]}], "rb_4XMM.renamed.noAb_Nup145c_149-550_Sec13_Nup84_7-436_3IKO_updated.pdb_0": [{"rot": [[-0.9805962437120002, -0.06485566152880332, 0.18499932428410953], [-0.15023630842237318, -0.35761742168000027, -0.9217043079765694], [0.12593672399079375, -0.9316133977560705, 0.3409346252170003]], "trans": [299.842513381, 556.234403612, 353.987146927]}], "rb_4XMM.renamed.noAb_Seh1_Nup85_47_544_3F3F.pdb_0": [{"rot": [[-0.726006252887, 0.6688493344784069, -0.15986084116120985], [-0.5640272294210827, -0.44615010779999986, 0.6948549242695384], [0.3934313221396521, 0.5946348872020887, 0.7011570050149999]], "trans": [514.639392522, 510.4629066229999, 486.807641283]}], "rb_4XMM.renamed.noAb_Nup120_715-1036_Nup85_553-744_Nup145c_92-99_554-712_remaining_updated.pdb_0": [{"rot": [[0.674317519773, 0.44925320922145784, -0.5860609495021919], [-0.6239155288196558, -0.07791321355259984, -0.77759818933148], [-0.3950003739553659, 0.8900006096391889, 0.22775780868500017]], "trans": [491.085457971, 522.514005215, 475.702582044]}], "rb_4XMM.renamed.noAb_Nup120_2-711_3F7F_updated.pdb_0": [{"rot": [[0.7450402136549997, 0.45363474967106876, 0.4890098096437112], [0.6081137463261618, -0.7631780210189999, -0.2185337039513202], [0.27406705669611675, 0.46018998481539064, -0.844459842923]], "trans": [478.241442953, 404.29857033900004, 451.51512259800006]}]}
