{"rb_ScNup133N_56-480_renamed.pdb_0": [{"rot": [[0.642603542656, -0.6870505716545039, -0.3391492281506444], [-0.09190590564487305, 0.37032457466100005, -0.9243446402234098], [0.7606668071327644, 0.6251569574045935, 0.17482787859800003]], "trans": [828.816643679, 545.956204188, 355.689692198]}], "rb_ScNup133C_490_881_renamed_relative_3CQC.pdb_0": [{"rot": [[0.368665047036, -0.7856846586401638, 0.49677530159160793], [0.48244053539083187, -0.29508675413999996, -0.824727189646932], [0.7945673117525986, 0.5437126306318517, 0.270257955268]], "trans": [542.798705743, 510.672196291, 246.909823338]}], "rb_ScNup84_506-726_ScNup133C_882_1155_renamed_relative_3CQC_new.pdb_0": [{"rot": [[-0.7982474873730001, -0.5771065734510823, -0.1724788444483638], [-0.4669600246538704, 0.412058186573, 0.782404234557449], [-0.38045930699346686, 0.705092939801358, -0.59841011185]], "trans": [564.323591609, 427.737843755, 310.458218936]}], "rb_4XMM.renamed.noAb_Nup145c_149-550_Sec13_Nup84_7-436_3IKO_updated.pdb_0": [{"rot": [[-0.28433883623100015, 0.3425031810936246, 0.895456865042392], [-0.5279064355869796, -0.8355941678000001, 0.15197757072830095], [0.8002913353752188, -0.42950431625232055, 0.4184015067420002]], "trans": [455.991069436, 453.21674409, 313.623883193]}], "rb_4XMM.renamed.noAb_Seh1_Nup85_47_544_3F3F.pdb_0": [{"rot": [[0.16685162823299993, -0.9258210758004446, -0.33913989703322145], [0.8980558003579382, 0.2846854240850001, -0.33533563597835336], [0.4070089846667513, -0.24861525479594163, 0.878939213759]], "trans": [335.387092636, 517.663908952, 421.255353121]}], "rb_4XMM.renamed.noAb_Nup120_715-1036_Nup85_553-744_Nup145c_92-99_554-712_remaining_updated.pdb_0": [{"rot": [[-0.13410560755899986, -0.8088835123036855, 0.5724710905753099], [-0.8917874277179831, 0.3504177008819999, 0.2862212757163871], [-0.4321236741783241, -0.4721386432308061, -0.768345125437]], "trans": [371.220090956, 502.321483315, 357.405337079]}], "rb_4XMM.renamed.noAb_Nup120_2-711_3F7F_updated.pdb_0": [{"rot": [[-0.9889324175880001, -0.06782811743202466, -0.13195461314096255], [-0.087825460451223, -0.4491966423130002, 0.8891057670666958], [-0.11957993953872145, 0.8908544903744686, 0.43826808581000015]], "trans": [483.460264217, 358.627010655, 582.540739467]}]}
