{"rb_ScNup133N_56-480_renamed.pdb_0": [{"rot": [[0.28977869497, 0.8949427608595089, -0.33927240195253694], [-0.6419874516444672, -0.08115567887519992, -0.7624079404868159], [-0.709845349264561, 0.4387382027718415, 0.5510248356980001]], "trans": [609.901601393, 445.89125141, 34.80699725490001]}], "rb_ScNup133C_490_881_renamed_relative_3CQC.pdb_0": [{"rot": [[-0.3481680576629998, 0.7901850913358995, 0.504367450430388], [-0.9156852323558696, -0.40188860723799985, -0.002470347683531604], [0.20074750027970675, -0.46270192219481493, 0.8634855947429999]], "trans": [515.732740472, 484.07537244, 236.993611169]}], "rb_ScNup84_506-726_ScNup133C_882_1155_renamed_relative_3CQC_new.pdb_0": [{"rot": [[-0.7982474873730001, -0.5771065734510823, -0.1724788444483638], [-0.4669600246538704, 0.412058186573, 0.782404234557449], [-0.38045930699346686, 0.705092939801358, -0.59841011185]], "trans": [564.323591609, 427.737843755, 310.458218936]}], "rb_4XMM.renamed.noAb_Nup145c_149-550_Sec13_Nup84_7-436_3IKO_updated.pdb_0": [{"rot": [[0.9438386227870001, 0.30773111315210616, -0.12029221144240672], [-0.020298887850949743, 0.41739150066100017, 0.9085000221948114], [0.32978266978049897, -0.8550356116408977, 0.4001968185010001]], "trans": [682.402419445, 355.322488612, 214.66163765599998]}], "rb_4XMM.renamed.noAb_Seh1_Nup85_47_544_3F3F.pdb_0": [{"rot": [[0.252290265759, -0.9037948658943598, -0.3456941743597215], [-0.7779771005206315, -0.40189106622499987, 0.48294430522995513], [-0.5754139839009516, 0.14710000432198875, -0.8045249131379999]], "trans": [454.3071180779999, 378.212192408, 287.540061177]}], "rb_4XMM.renamed.noAb_Nup120_715-1036_Nup85_553-744_Nup145c_92-99_554-712_remaining_updated.pdb_0": [{"rot": [[-0.6053583095929999, 0.7562246920122891, -0.24832545620138094], [0.5357248479265163, 0.15636615393299994, -0.8297882339599135], [-0.5886766551518895, -0.6353533198899016, -0.49978590874899986]], "trans": [603.469161619, 465.58550758, 224.748171119]}], "rb_4XMM.renamed.noAb_Nup120_2-711_3F7F_updated.pdb_0": [{"rot": [[0.5645747546330002, -0.34533457942368057, 0.7496661754977062], [0.4231156314578432, -0.6587550186190001, -0.6221052867966256], [0.7086808229711868, 0.6684204168773952, -0.22579999436300002]], "trans": [346.74129925400007, 284.398955991, 526.258900709]}]}
