{"rb_ScNup133N_56-480_renamed.pdb_0": [{"rot": [[-0.399301729012, 0.6319290349784892, 0.6642468095212672], [0.9167810182120528, 0.26856764574500014, 0.2956078217927596], [0.008407963730837464, 0.7270055807283349, -0.686580069428]], "trans": [234.301977594, 701.319722768, 476.74850735]}], "rb_ScNup133C_490_881_renamed_relative_3CQC.pdb_0": [{"rot": [[0.8364864972159999, -0.5423705236677057, -0.07825953636283246], [-0.5466999900221265, -0.8357511761090001, -0.051372098869230526], [-0.03754278739136856, 0.08575655478645344, -0.9956085337249999]], "trans": [433.802364337, 439.673796133, 466.63545414199996]}], "rb_ScNup84_506-726_ScNup133C_882_1155_renamed_relative_3CQC_new.pdb_0": [{"rot": [[-0.5589463035020001, 0.34371845307511806, -0.7546102668378546], [0.733754883345419, 0.628918545994, -0.2570315810781695], [0.3862418943721676, -0.697365820441783, -0.603736789927]], "trans": [489.086510049, 422.396911248, 415.645959977]}], "rb_4XMM.renamed.noAb_Nup145c_149-550_Sec13_Nup84_7-436_3IKO_updated.pdb_0": [{"rot": [[0.715187561091, 0.4598585798917717, -0.5263428910516699], [-0.193000050760758, 0.853723047804, 0.48364029821200183], [0.6717571978528045, -0.24430932063302913, 0.6993248336679999]], "trans": [644.419651807, 355.032807688, 300.035521769]}], "rb_4XMM.renamed.noAb_Seh1_Nup85_47_544_3F3F.pdb_0": [{"rot": [[-0.9092686534, 0.4027179139081821, 0.1051132615876452], [-0.37967652791050677, -0.9060363624320001, 0.18693272614716658], [0.17051759468738978, 0.13006302998327915, 0.9767330024800001]], "trans": [554.296577023, 98.10020275389999, 363.457136407]}], "rb_4XMM.renamed.noAb_Nup120_715-1036_Nup85_553-744_Nup145c_92-99_554-712_remaining_updated.pdb_0": [{"rot": [[-0.43693045168500005, -0.8993794441339429, 0.014435922542800184], [-0.7044016379559515, 0.352100105941, 0.6163147311571493], [-0.5593836901763534, 0.259117986380059, -0.7873676119190001]], "trans": [399.444863188, 261.946041349, 352.374677106]}], "rb_4XMM.renamed.noAb_Nup120_2-711_3F7F_updated.pdb_0": [{"rot": [[0.3951209526990001, -0.8067460728229846, 0.43936341076940655], [0.8685998971558052, 0.4837845547860001, 0.10717613172454292], [-0.29902115543746965, 0.3392834781347353, 0.8918929700730001]], "trans": [415.347223388, 384.542690675, 305.030574341]}]}
