{"rb_ScNup133N_56-480_renamed.pdb_0": [{"rot": [[0.338156635392, 0.8892400859418272, 0.30806194100299616], [0.358122707773639, 0.1811253826509999, -0.9159376190202068], [-0.8702862839992589, 0.42005435995082874, -0.257208317457]], "trans": [564.537895373, 634.603724109, 60.45822848269998]}], "rb_ScNup133C_490_881_renamed_relative_3CQC.pdb_0": [{"rot": [[0.3516246631639999, 0.4617073635979124, 0.814362576899423], [-0.3156003582541639, -0.7605225552690003, 0.5674520744494235], [0.8813379091612065, -0.45654326555823344, -0.12170347796499997]], "trans": [545.220206304, 376.27336307200005, 270.313009773]}], "rb_ScNup84_506-726_ScNup133C_882_1155_renamed_relative_3CQC_new.pdb_0": [{"rot": [[-0.18310564725299996, 0.8569551943731669, -0.48176770001828456], [0.36235424989618104, 0.5143807718510001, 0.7772463053190704], [0.9138773000388161, -0.03225238575388267, -0.404707380816]], "trans": [595.926003551, 316.72922846, 269.654941481]}], "rb_4XMM.renamed.noAb_Nup145c_149-550_Sec13_Nup84_7-436_3IKO_updated.pdb_0": [{"rot": [[0.09656112207269996, -0.3885138487078862, 0.9163694337254202], [0.07251323390995004, -0.9154791628390001, -0.3957773784787664], [0.9926821145824993, 0.10466561885256118, -0.060227299609299956]], "trans": [485.04971942299994, 314.771042506, 378.155994224]}], "rb_4XMM.renamed.noAb_Seh1_Nup85_47_544_3F3F.pdb_0": [{"rot": [[0.812018590705, 0.028547468762020023, 0.5829329724563084], [0.5832793825333304, -0.005001359361580082, -0.8122562085426452], [-0.020272401461159884, 0.9995799259848199, -0.02071234673280009]], "trans": [494.333837244, 387.067473275, 450.194943578]}], "rb_4XMM.renamed.noAb_Nup120_715-1036_Nup85_553-744_Nup145c_92-99_554-712_remaining_updated.pdb_0": [{"rot": [[-0.42455189316400005, -0.03581088686270173, 0.9046951256600041], [0.4419170170398049, -0.8803072270360002, 0.17253560814750465], [0.790231004239586, 0.47305049033934554, 0.38956154010400007]], "trans": [488.319957476, 308.79343964, 395.908171993]}], "rb_4XMM.renamed.noAb_Nup120_2-711_3F7F_updated.pdb_0": [{"rot": [[-0.347625965687, -0.7304642104689659, -0.587859018136263], [0.746898291493964, -0.594747852243, 0.297351533400681], [-0.5668325415354859, -0.33570378233837206, 0.752332267273]], "trans": [424.3147876610001, 372.47953521100004, 197.69579792000002]}]}
