{"rb_ScNup133N_56-480_renamed.pdb_0": [{"rot": [[-0.286122862171, 0.3225706599417343, 0.9022648597212621], [-0.40716118651662425, 0.8114618007930001, -0.4192248967417803], [-0.8673831194676604, -0.4873170581854648, -0.10083952034799992]], "trans": [285.445013151, 392.0968791480001, 208.929899202]}], "rb_ScNup133C_490_881_renamed_relative_3CQC.pdb_0": [{"rot": [[0.510750231394, -0.6234219893146371, -0.5920128582809296], [-0.5423316133559135, -0.767941656451, 0.3407961758031717], [-0.6670911648985822, 0.14700556290928207, -0.730327831996]], "trans": [503.783540558, 378.194650765, 419.681233178]}], "rb_ScNup84_506-726_ScNup133C_882_1155_renamed_relative_3CQC_new.pdb_0": [{"rot": [[0.722009489911, -0.1990383668875533, 0.6626356653434776], [0.6113776656965757, 0.6319082536109998, -0.4763499857307675], [-0.3239130228407986, 0.7490498565015763, 0.5779313679919998]], "trans": [428.804119392, 431.543410244, 335.035217821]}], "rb_4XMM.renamed.noAb_Nup145c_149-550_Sec13_Nup84_7-436_3IKO_updated.pdb_0": [{"rot": [[0.2866823748780001, -0.6210968073631307, -0.729418927515345], [0.9083262348117145, -0.06582752395489999, 0.4130498616907421], [-0.3045597923020763, -0.7809644633229436, 0.545286933586]], "trans": [485.105574115, 585.263320485, 222.219395431]}], "rb_4XMM.renamed.noAb_Seh1_Nup85_47_544_3F3F.pdb_0": [{"rot": [[-0.2733876245029999, 0.8854989397635881, 0.375700458405587], [-0.8891655460661226, -0.38163587161199997, 0.2524652316416716], [0.3669384668545131, -0.26503903330738016, 0.891689672681]], "trans": [643.436672332, 505.674163481, 316.901002497]}], "rb_4XMM.renamed.noAb_Nup120_715-1036_Nup85_553-744_Nup145c_92-99_554-712_remaining_updated.pdb_0": [{"rot": [[0.190565598055, 0.5173480877635745, -0.8342875457090997], [-0.9539088887186211, 0.298285253571, -0.03292019935677093], [0.23182446993694494, 0.802107763077666, 0.550345847217]], "trans": [594.414406587, 539.587712767, 399.592480528]}], "rb_4XMM.renamed.noAb_Nup120_2-711_3F7F_updated.pdb_0": [{"rot": [[0.5366780382049999, -0.30711485052863063, -0.7859116692690148], [0.42888770395705256, 0.9014047104529997, -0.05937074504830556], [0.7266581181703539, -0.30520487636654836, 0.6154818947289998]], "trans": [441.45724690200007, 715.641213483, 219.074691213]}]}
