{"rb_ScNup133N_56-480_renamed.pdb_0": [{"rot": [[-0.480785464848, 0.15465039886136422, -0.8630924579226222], [-0.15309005038776108, -0.9840099345939999, -0.0910378223189941], [-0.8633705886021166, 0.08836120615028359, 0.49677311117299994]], "trans": [520.01375709, 359.530460102, 1.4283701773600228]}], "rb_ScNup133C_490_881_renamed_relative_3CQC.pdb_0": [{"rot": [[-0.261363958347, -0.9424656829440748, 0.20844020185642265], [-0.9351160743789914, 0.30076130775099996, 0.18735144301000986], [-0.23926305338520698, -0.14594886855562392, -0.959922975583]], "trans": [508.65062575, 325.20576564299995, 305.105150769]}], "rb_ScNup84_506-726_ScNup133C_882_1155_renamed_relative_3CQC_new.pdb_0": [{"rot": [[0.47051157017099987, -0.8315918569424507, 0.29508277788143916], [-0.03861863451546782, -0.35349796419300006, -0.9346377856579333], [0.8815483329933651, 0.4283621981202485, -0.19843982417400016]], "trans": [504.435614795, 392.052826001, 245.49265276099996]}], "rb_4XMM.renamed.noAb_Nup145c_149-550_Sec13_Nup84_7-436_3IKO_updated.pdb_0": [{"rot": [[-0.982225633381, -0.18623906921658484, 0.023405431562641965], [0.14275867210066145, -0.8221637695940001, -0.551059613387735], [0.12187192732269894, -0.5379235494606314, 0.8341375715470001]], "trans": [515.755116788, 398.851336154, 189.403927458]}], "rb_4XMM.renamed.noAb_Seh1_Nup85_47_544_3F3F.pdb_0": [{"rot": [[0.06914300475420007, -0.09392062926250072, 0.9931757952610889], [0.9475822358471493, 0.3174835600839999, -0.035945728304022595], [-0.31194094184713567, 0.9436011363257915, 0.11094928717299998]], "trans": [562.42181321, 484.656162381, 371.379669518]}], "rb_4XMM.renamed.noAb_Nup120_715-1036_Nup85_553-744_Nup145c_92-99_554-712_remaining_updated.pdb_0": [{"rot": [[-0.664872244618, 0.6493530729512108, -0.3691686403060825], [-0.6348380618218264, -0.23080425033499996, 0.7373669597219592], [0.39360580991510935, 0.7246171297148019, 0.565689386258]], "trans": [629.471929685, 396.537608598, 344.935016023]}], "rb_4XMM.renamed.noAb_Nup120_2-711_3F7F_updated.pdb_0": [{"rot": [[0.696082892933, 0.6281892793236075, -0.34763031442742787], [-0.3858812569421218, -0.08096752236429999, -0.9189885286895342], [-0.6054455068020522, 0.7738362163048932, 0.186046361502]], "trans": [668.458022739, 503.61126126, 332.304436889]}]}
