{"rb_ScNup133N_56-480_renamed.pdb_0": [{"rot": [[-0.956241398315, 0.17018685795198174, -0.2379891206105975], [-0.28778423911498124, -0.693765477988, 0.6602042814683142], [-0.052750543746816786, 0.6998041832773749, 0.712384366197]], "trans": [325.2849124979999, 317.72602955800005, 123.72479235200001]}], "rb_ScNup133C_490_881_renamed_relative_3CQC.pdb_0": [{"rot": [[0.58355979757, 0.022926324338631066, 0.8117464790883794], [0.289107373730452, -0.9399739161870002, -0.1812897221100952], [0.7588642099313564, 0.34047528624027124, -0.5551591576700001]], "trans": [558.765351448, 419.954282014, 313.469756755]}], "rb_ScNup84_506-726_ScNup133C_882_1155_renamed_relative_3CQC_new.pdb_0": [{"rot": [[-0.6894552590780001, -0.7227104862563538, 0.04838386905563308], [-0.17539313298055892, 0.23138622999400005, 0.9569209274921454], [-0.7027721498700358, 0.6512679676018686, -0.28628890956999997]], "trans": [560.517078175, 339.399742267, 318.99057254]}], "rb_4XMM.renamed.noAb_Nup145c_149-550_Sec13_Nup84_7-436_3IKO_updated.pdb_0": [{"rot": [[0.1135210509709999, -0.9857234806718456, 0.1243470572173761], [0.2670055699882541, -0.09028378330650008, -0.9594565462109852], [0.9569853690530943, 0.14211987237556434, 0.2529445498409999]], "trans": [526.7380375979999, 622.256491685, 353.180783592]}], "rb_4XMM.renamed.noAb_Seh1_Nup85_47_544_3F3F.pdb_0": [{"rot": [[-0.6733767886419999, 0.49622969369873215, 0.5480144082137346], [-0.29821740433314137, -0.860598647093, 0.41283937357585154], [0.6764836141925323, 0.1145690172488194, 0.727491484497]], "trans": [717.707898254, 555.470412552, 389.336344339]}], "rb_4XMM.renamed.noAb_Nup120_715-1036_Nup85_553-744_Nup145c_92-99_554-712_remaining_updated.pdb_0": [{"rot": [[0.18293145223899993, 0.0321909405391852, -0.9825985075955148], [0.7012615091655579, -0.7047576499069999, 0.10746604422051959], [-0.6890343819756564, -0.708717431875896, -0.15149660791799996]], "trans": [677.952769348, 584.297915851, 241.377599355]}], "rb_4XMM.renamed.noAb_Nup120_2-711_3F7F_updated.pdb_0": [{"rot": [[0.610047511154, 0.7295946396173938, 0.30908525680849847], [0.10962529619251421, 0.3086129723869999, -0.9448493677349656], [-0.7847447537699845, 0.6102865680285172, 0.10828654724599995]], "trans": [754.137931024, 797.759127108, 459.355251877]}]}
