{"rb_ScNup133N_56-480_renamed.pdb_0": [{"rot": [[-0.856573980913, 0.47896348212094525, 0.19202863853455449], [0.34450519688824793, 0.25373588726800006, 0.903844161805181], [0.3841837900534653, 0.8403642557289664, -0.3823489677679999]], "trans": [223.31545279000005, 516.450539787, 440.568329503]}], "rb_ScNup133C_490_881_renamed_relative_3CQC.pdb_0": [{"rot": [[-0.303394073344, -0.2472360727920646, -0.920231688527456], [-0.8467475413078218, -0.3729585484710001, 0.37936858384895744], [-0.4370018736217207, 0.8943020996468486, -0.09619312355020004]], "trans": [530.367399276, 483.10798090699996, 339.661281818]}], "rb_ScNup84_506-726_ScNup133C_882_1155_renamed_relative_3CQC_new.pdb_0": [{"rot": [[0.515202570144, -0.8283773482478798, -0.2199028890824941], [-0.8475259965954283, -0.5305919612099999, 0.013109378103170435], [-0.1275382170643088, 0.17961942993211188, -0.975433679744]], "trans": [484.719443457, 469.546308955, 410.53845737100005]}], "rb_4XMM.renamed.noAb_Nup145c_149-550_Sec13_Nup84_7-436_3IKO_updated.pdb_0": [{"rot": [[0.014452862686999912, -0.8310274024706412, 0.556043677333939], [0.4971581624201607, -0.47651819105000015, -0.7250959765006594], [0.8675395531612147, 0.2869213654319501, 0.40626500435]], "trans": [454.31476609999993, 484.008342914, 357.500815518]}], "rb_4XMM.renamed.noAb_Seh1_Nup85_47_544_3F3F.pdb_0": [{"rot": [[0.9807576907049999, -0.10937907774548158, 0.1617113770720648], [0.19203455075317935, 0.3912605236319999, -0.9000210741778426], [0.03517219697460222, 0.9137567619442063, 0.404736329678]], "trans": [531.785397011, 575.953550837, 328.057758069]}], "rb_4XMM.renamed.noAb_Nup120_715-1036_Nup85_553-744_Nup145c_92-99_554-712_remaining_updated.pdb_0": [{"rot": [[-0.6798264463760001, 0.6811797548914282, 0.27171702989292645], [-0.5385724362428692, -0.2122421897500001, -0.8154097030386295], [-0.4977707642351049, -0.7006763835153708, 0.5111524937400002]], "trans": [582.484958484, 498.92044359299996, 183.23947659699996]}], "rb_4XMM.renamed.noAb_Nup120_2-711_3F7F_updated.pdb_0": [{"rot": [[0.06638507993789997, -0.9951346573396604, -0.07280133874535227], [-0.44572268274077637, 0.03570216953830002, -0.8944588560580211], [0.8927061729662251, 0.09182793067327272, -0.4411839977790001]], "trans": [284.822341603, 552.779564425, 450.658454541]}]}
