{"rb_ScNup133N_56-480_renamed.pdb_0": [{"rot": [[-0.23203830956999982, -0.9668489345497809, 0.10658968360892263], [0.7529660184731338, -0.10916544278399987, 0.648941508247461], [-0.6157924958268111, 0.23083770026086853, 0.75333495752]], "trans": [352.101514027, 609.557064221, 167.791181693]}], "rb_ScNup133C_490_881_renamed_relative_3CQC.pdb_0": [{"rot": [[-0.43350857617200017, 0.9011401301079713, 0.0040963757534933365], [0.8230505687839316, 0.39778516907400013, -0.40540685797013354], [-0.36695786625956395, -0.17237582537513144, -0.9141271789070001]], "trans": [413.757347808, 534.861238498, 445.845030241]}], "rb_ScNup84_506-726_ScNup133C_882_1155_renamed_relative_3CQC_new.pdb_0": [{"rot": [[-0.6380872334529999, -0.22493068656338977, 0.7363768523972076], [-0.01976669205123692, 0.960848421306, 0.27636857484004795], [-0.7697103093954558, 0.1617915248580398, -0.6175512465329998]], "trans": [389.439431656, 478.27715794, 427.720125212]}], "rb_4XMM.renamed.noAb_Nup145c_149-550_Sec13_Nup84_7-436_3IKO_updated.pdb_0": [{"rot": [[0.4457111590900003, -0.6414536298004989, -0.6244027574237747], [0.3035546834536487, -0.5478886827410001, 0.779533543523104], [-0.8421378253089002, -0.5369871806105772, -0.04948384629250013]], "trans": [538.484427443, 473.95745666700003, 215.18358045800002]}], "rb_4XMM.renamed.noAb_Seh1_Nup85_47_544_3F3F.pdb_0": [{"rot": [[-0.903740319505, -0.14107831026214915, 0.4041662347037136], [-0.3976377245709043, -0.0730241940464999, -0.9146320063730182], [0.15854865152083186, -0.9873015635850253, 0.009896850180229844]], "trans": [444.804520294, 487.480422988, 275.13236381]}], "rb_4XMM.renamed.noAb_Nup120_715-1036_Nup85_553-744_Nup145c_92-99_554-712_remaining_updated.pdb_0": [{"rot": [[-0.3045747391719999, 0.516311261966612, 0.800410462840631], [0.27505080030764445, -0.7568604664630001, 0.5928821902836469], [0.9119107881303044, 0.40073047684429336, 0.08850875335079994]], "trans": [531.823265969, 445.35697677099995, 400.970156193]}], "rb_4XMM.renamed.noAb_Nup120_2-711_3F7F_updated.pdb_0": [{"rot": [[-0.6549066009539999, -0.46746315402962374, 0.5937807201750108], [0.6419234114937298, 0.07051517632750015, 0.7635194455177636], [-0.39878776034769414, 0.8811956704002679, 0.25389468813799987]], "trans": [316.343022348, 618.518055692, 453.895325474]}]}
