{"rb_ScNup133N_56-480_renamed.pdb_0": [{"rot": [[-0.633780713323, -0.3034551303206521, 0.7115033318979366], [0.5508664584334779, 0.468667386003, 0.6905773137528283], [-0.5430176354343813, 0.8296179031211844, -0.12986909727900003]], "trans": [340.0289075339999, 402.745838276, 107.61557118799999]}], "rb_ScNup133C_490_881_renamed_relative_3CQC.pdb_0": [{"rot": [[-0.9700909672189999, 0.18623430297139698, -0.1556929661765841], [-0.24009486569637406, -0.8306085273929998, 0.5024379859129602], [-0.03574871726852794, 0.5247916335259069, 0.8504797296789999]], "trans": [541.818937347, 268.019550123, 247.57323872799998]}], "rb_ScNup84_506-726_ScNup133C_882_1155_renamed_relative_3CQC_new.pdb_0": [{"rot": [[0.12174514126799996, 0.7140881727872954, -0.6893882810600545], [-0.0706078798411468, -0.6865644094490001, -0.7236323921593644], [-0.9900467907538375, 0.13677497272252565, -0.03316562911780008]], "trans": [566.31064531, 312.035701434, 312.705666324]}], "rb_4XMM.renamed.noAb_Nup145c_149-550_Sec13_Nup84_7-436_3IKO_updated.pdb_0": [{"rot": [[0.014452862686999912, -0.8310274024706412, 0.556043677333939], [0.4971581624201607, -0.47651819105000015, -0.7250959765006594], [0.8675395531612147, 0.2869213654319501, 0.40626500435]], "trans": [454.31476609999993, 484.008342914, 357.500815518]}], "rb_4XMM.renamed.noAb_Seh1_Nup85_47_544_3F3F.pdb_0": [{"rot": [[-0.8273910010779999, -0.10926275120771059, -0.5508954370238212], [-0.02074538814994619, 0.986169571727, -0.1644360199904306], [0.5612430491379409, -0.12462434352207098, -0.8182145273679999]], "trans": [469.066693083, 639.300485983, 226.244234679]}], "rb_4XMM.renamed.noAb_Nup120_715-1036_Nup85_553-744_Nup145c_92-99_554-712_remaining_updated.pdb_0": [{"rot": [[-0.17640156451700012, 0.7840312767928562, 0.5951280912933938], [-0.5399579913161737, 0.4284435675220001, -0.7244870440959066], [-0.8229993047686963, -0.44914481680142426, 0.347765837728]], "trans": [613.458099903, 568.590319057, 203.216876987]}], "rb_4XMM.renamed.noAb_Nup120_2-711_3F7F_updated.pdb_0": [{"rot": [[-0.417353376546, -0.7089766093162746, 0.5684789587381853], [-0.11433466129469994, -0.5796277337830001, -0.8068204728787005], [0.9015230137452284, -0.4017260978228601, 0.16084899134200004]], "trans": [289.23646519, 360.409625462, 277.94005655]}]}
