{"rb_ScNup133N_56-480_renamed.pdb_0": [{"rot": [[-0.16558852502199997, -0.9835185495649914, 0.07260649449335882], [-0.13971628239476658, 0.09627588201759993, 0.9855000329657626], [-0.9762478173162921, 0.15304318737960476, -0.15335573671]], "trans": [545.807359761, 224.627027521, 25.498976028599998]}], "rb_ScNup133C_490_881_renamed_relative_3CQC.pdb_0": [{"rot": [[-0.24778122969299998, 0.5794163012210115, 0.7764542562773333], [0.040716704187167885, -0.794510442631, 0.605883905175263], [0.967960026143621, 0.1817413173432353, 0.17327285234099998]], "trans": [547.47412031, 305.909099574, 284.141175745]}], "rb_ScNup84_506-726_ScNup133C_882_1155_renamed_relative_3CQC_new.pdb_0": [{"rot": [[-0.885589954816, -0.441689640029901, -0.14366869463892096], [-0.3024806906294704, 0.31371581854899994, 0.9000487858935479], [-0.3524710821121552, 0.840531169607878, -0.4114261649339999]], "trans": [590.39421786, 270.574042608, 296.970963492]}], "rb_4XMM.renamed.noAb_Nup145c_149-550_Sec13_Nup84_7-436_3IKO_updated.pdb_0": [{"rot": [[-0.11528327597899984, 0.09737205760224114, -0.9885486577189084], [-0.21442040355355868, -0.974161210708, -0.07094946153321086], [-0.96991425230248, 0.20378571576592253, 0.13318305158799987]], "trans": [625.71249922, 213.705945531, 232.16210501299997]}], "rb_4XMM.renamed.noAb_Seh1_Nup85_47_544_3F3F.pdb_0": [{"rot": [[0.18073779527400008, -0.8991122852728869, -0.3986614451271413], [0.6541126427455902, 0.4125846654380001, -0.6339641507575908], [0.7344865553295536, -0.14618820854220976, 0.6626903558400001]], "trans": [417.044174073, 328.138210266, 285.109205696]}], "rb_4XMM.renamed.noAb_Nup120_715-1036_Nup85_553-744_Nup145c_92-99_554-712_remaining_updated.pdb_0": [{"rot": [[0.7142547598760001, -0.4262419299022604, 0.5551197665258141], [-0.6965528234928231, -0.35560708639399996, 0.6231835718233805], [-0.06822244556341933, -0.831782073201609, -0.5508940738669998]], "trans": [479.22460368899993, 205.714498896, 176.76680044699998]}], "rb_4XMM.renamed.noAb_Nup120_2-711_3F7F_updated.pdb_0": [{"rot": [[-0.8952799858789999, -0.4454625817444025, 0.006069196825690366], [0.44211337480855456, -0.8867063702899998, 0.1352315669602479], [-0.05485900746356959, 0.12375338844954914, 0.9907954320379998]], "trans": [460.8025707219999, 158.864592619, 283.01380435500005]}]}
