{"rb_ScNup133N_56-480_renamed.pdb_0": [{"rot": [[-0.8861218439230001, -0.11899669015569031, 0.4479150203492769], [0.4615688855741749, -0.31364143372700015, 0.8298091436706915], [0.041740167612465656, 0.9420556452681884, 0.33284969524700014]], "trans": [265.70751738699994, 304.77809144, 232.79966080799997]}], "rb_ScNup133C_490_881_renamed_relative_3CQC.pdb_0": [{"rot": [[-0.8132066896150001, 0.17785289901644802, -0.5541328597699817], [0.13748872214894703, 0.9839180690810001, 0.11402668379710981], [0.5655013096777608, 0.016540243267907574, -0.8245815236260001]], "trans": [570.982569565, 344.364556274, 375.291737396]}], "rb_ScNup84_506-726_ScNup133C_882_1155_renamed_relative_3CQC_new.pdb_0": [{"rot": [[0.7645010106320002, 0.43902650485245853, -0.4720105218951002], [0.15549360928164166, 0.5850116263340001, 0.7959793555907192], [0.6255876774803183, -0.6819216414596935, 0.3789761637540001]], "trans": [521.305916064, 343.479606904, 313.30472833]}], "rb_4XMM.renamed.noAb_Nup145c_149-550_Sec13_Nup84_7-436_3IKO_updated.pdb_0": [{"rot": [[0.31846390292200005, 0.44797217451884547, 0.8354050953833977], [-0.25287228509666754, -0.8092066405039999, 0.5303208655090045], [0.913584342009908, -0.38013884808196996, -0.14442335757500008]], "trans": [437.693924388, 447.509170471, 407.830549507]}], "rb_4XMM.renamed.noAb_Seh1_Nup85_47_544_3F3F.pdb_0": [{"rot": [[0.962102664547, 0.11895514848783512, 0.24537346131927104], [-0.15286285717443282, 0.9804286562980001, 0.12406690455623928], [-0.2258127759185287, -0.15687358782770008, 0.9614568464960002]], "trans": [428.188630923, 581.175322161, 424.172548931]}], "rb_4XMM.renamed.noAb_Nup120_715-1036_Nup85_553-744_Nup145c_92-99_554-712_remaining_updated.pdb_0": [{"rot": [[-0.7795415316259999, -0.5561927687404407, -0.28803576942982756], [-0.5209169805662257, 0.831051098891, -0.19493478496622366], [0.3477937604787592, -0.0019170375332996092, -0.937569104194]], "trans": [314.645700038, 562.211676894, 432.73533198]}], "rb_4XMM.renamed.noAb_Nup120_2-711_3F7F_updated.pdb_0": [{"rot": [[0.5645747546330002, -0.34533457942368057, 0.7496661754977062], [0.4231156314578432, -0.6587550186190001, -0.6221052867966256], [0.7086808229711868, 0.6684204168773952, -0.22579999436300002]], "trans": [346.74129925400007, 284.398955991, 526.258900709]}]}
