{"rb_ScNup133N_56-480_renamed.pdb_0": [{"rot": [[-0.499925452965, 0.8651710999020765, 0.039414583239846035], [0.4191092580610755, 0.28150020780600016, -0.8631946841893048], [-0.75790630772229, -0.4150139767518799, -0.5033303366730001]], "trans": [292.053140847, 729.516137936, 279.480331678]}], "rb_ScNup133C_490_881_renamed_relative_3CQC.pdb_0": [{"rot": [[-0.521908935905, -0.8518109962331366, -0.04504541395993647], [0.6938060441165412, -0.39319209695400004, -0.6033515957054166], [0.4962300230436152, -0.3461473697563333, 0.7962020865590002]], "trans": [379.589972142, 555.561503246, 353.920028599]}], "rb_ScNup84_506-726_ScNup133C_882_1155_renamed_relative_3CQC_new.pdb_0": [{"rot": [[0.14409177908799992, 0.9705728546705991, 0.1929401279563666], [0.4092352193294201, -0.23596653259399997, 0.8813888646652884], [0.9009795194451738, -0.04804299399630374, -0.4311934325429999]], "trans": [359.010526722, 489.542378075, 402.152051503]}], "rb_4XMM.renamed.noAb_Nup145c_149-550_Sec13_Nup84_7-436_3IKO_updated.pdb_0": [{"rot": [[0.487933521366, 0.31111861419629944, -0.8155526265226232], [-0.04269990142341451, -0.9246969058469999, -0.3783019306525082], [-0.8718357627132565, 0.21941020992095744, -0.4379058833089998]], "trans": [651.9464123119999, 490.040105507, 277.958091079]}], "rb_4XMM.renamed.noAb_Seh1_Nup85_47_544_3F3F.pdb_0": [{"rot": [[-0.4326930898730001, 0.19192342611062652, -0.8808757508787008], [0.7016747706974208, -0.5418004790690001, -0.46271455244818505], [-0.5660646660434461, -0.8183016799387381, 0.09976549737540014]], "trans": [550.816622577, 406.845752566, 179.661997522]}], "rb_4XMM.renamed.noAb_Nup120_715-1036_Nup85_553-744_Nup145c_92-99_554-712_remaining_updated.pdb_0": [{"rot": [[0.49228310202699993, 0.8660444670381579, -0.08731740130848797], [-0.13822616236625895, 0.17682254197099984, 0.9744882332221414], [0.8593898274334942, -0.46765454104873944, 0.20675675258699983]], "trans": [664.554844811, 522.692957024, 265.735756548]}], "rb_4XMM.renamed.noAb_Nup120_2-711_3F7F_updated.pdb_0": [{"rot": [[-0.5656354284660002, -0.6559639886039094, 0.49976775378062854], [-0.4755567598572842, 0.7545751799140002, 0.45217481797618475], [-0.6737227398701383, 0.018098163238426196, -0.7387625642040002]], "trans": [318.518609043, 665.5477141699998, 353.979696925]}]}
