{"rb_ScNup133N_56-480_renamed.pdb_0": [{"rot": [[0.46244437797100013, -0.5276335521221407, 0.7125644054806466], [0.3811318772148904, 0.8439173429320004, 0.37754736188887184], [-0.8005521153889164, 0.09698635457405974, 0.5913627969130002]], "trans": [623.916819425, 540.182522853, 5.657149259359983]}], "rb_ScNup133C_490_881_renamed_relative_3CQC.pdb_0": [{"rot": [[-0.271267718545, -0.9575247455748637, -0.09777620614026494], [0.06126924453905064, 0.084200712713, -0.9945633814153008], [0.9605518749911452, -0.27578361370903776, 0.03582588255130004]], "trans": [511.105669207, 552.26014061, 316.66629016699994]}], "rb_ScNup84_506-726_ScNup133C_882_1155_renamed_relative_3CQC_new.pdb_0": [{"rot": [[0.32103197839300013, -0.9237040112781127, -0.20906785596499633], [0.6079586704114202, 0.3702620097620001, -0.7023477053415801], [0.7261712772622273, 0.09837145762734584, 0.680439808068]], "trans": [507.886129921, 546.083984355, 288.177742449]}], "rb_4XMM.renamed.noAb_Nup145c_149-550_Sec13_Nup84_7-436_3IKO_updated.pdb_0": [{"rot": [[0.4747700523489998, 0.39274261872108507, -0.7876208687132613], [0.0669502863914801, 0.8762024507850003, 0.47727028442011604], [0.8775597167968838, -0.2793250806470197, 0.38970045262599995]], "trans": [693.482017207, 649.23017312, 335.240682569]}], "rb_4XMM.renamed.noAb_Seh1_Nup85_47_544_3F3F.pdb_0": [{"rot": [[-0.907254359911, -0.16874937995285352, -0.38524430325185754], [-0.30521754145014446, 0.894368290842, 0.3270284585895993], [0.2893644394420486, 0.41428131396659373, -0.8629248021029999]], "trans": [635.356024986, 678.621369885, 344.766134199]}], "rb_4XMM.renamed.noAb_Nup120_715-1036_Nup85_553-744_Nup145c_92-99_554-712_remaining_updated.pdb_0": [{"rot": [[0.40099024146199996, -0.15528363942888737, -0.9028254635188168], [0.13516535819549222, -0.964713191443, 0.2259619087362862], [-0.9060558217881122, -0.21263924750990992, -0.36585160683299983]], "trans": [675.095902985, 474.751210034, 292.945641235]}], "rb_4XMM.renamed.noAb_Nup120_2-711_3F7F_updated.pdb_0": [{"rot": [[-0.41602389280700003, -0.7020722058339279, -0.5779435425793705], [0.7316230386364893, -0.6358610582260001, 0.24578129295782797], [-0.5400480070790189, -0.32058592050680296, 0.7781855933020001]], "trans": [510.648919221, 551.765724159, 240.85841547400003]}]}
