{"rb_ScNup133N_56-480_renamed.pdb_0": [{"rot": [[-0.956241398315, 0.17018685795198174, -0.2379891206105975], [-0.28778423911498124, -0.693765477988, 0.6602042814683142], [-0.052750543746816786, 0.6998041832773749, 0.712384366197]], "trans": [325.2849124979999, 317.72602955800005, 123.72479235200001]}], "rb_ScNup133C_490_881_renamed_relative_3CQC.pdb_0": [{"rot": [[-0.3664516130340001, -0.7840846471218479, -0.5009236283632337], [-0.6478698728463872, 0.6014422836390001, -0.46747385735366087], [0.6678157254533512, 0.153226778334964, -0.7283843156180001]], "trans": [534.872088441, 509.003847225, 300.281267054]}], "rb_ScNup84_506-726_ScNup133C_882_1155_renamed_relative_3CQC_new.pdb_0": [{"rot": [[0.605812671353, 0.7804677160511829, -0.15447055198319248], [-0.0016513465652022719, 0.19538732907400003, 0.9807247650038465], [0.7956056059899677, -0.593880405333581, 0.11965694245700005]], "trans": [507.152938465, 422.4968510560001, 302.983817704]}], "rb_4XMM.renamed.noAb_Nup145c_149-550_Sec13_Nup84_7-436_3IKO_updated.pdb_0": [{"rot": [[-0.4493630695010002, 0.6263434469576914, 0.6369982089627859], [-0.20704791277957402, -0.7666493258220001, 0.6077663803060308], [0.8690247370370199, 0.14121861658375845, 0.4741869976580001]], "trans": [477.82347369600006, 437.87228754600005, 329.50379166900007]}], "rb_4XMM.renamed.noAb_Seh1_Nup85_47_544_3F3F.pdb_0": [{"rot": [[0.004150493378390213, -0.3860618386549244, -0.9224635657515667], [0.8444073391680822, 0.49551198124200013, -0.2035782945323668], [0.535685559786518, -0.7780900546723413, 0.3280500691300001]], "trans": [455.609681522, 622.094108916, 216.180169522]}], "rb_4XMM.renamed.noAb_Nup120_715-1036_Nup85_553-744_Nup145c_92-99_554-712_remaining_updated.pdb_0": [{"rot": [[0.560791520186, -0.1766566194272879, -0.8088914078539823], [0.30290064288548196, 0.9530203201899999, 0.0018627518652803154], [0.7705608810645898, -0.24605834291377368, 0.5879551177219998]], "trans": [482.54425303, 675.262263691, 304.43330235400003]}], "rb_4XMM.renamed.noAb_Nup120_2-711_3F7F_updated.pdb_0": [{"rot": [[0.5792448983939998, -0.31992172063563007, 0.7497502519839938], [0.010089301320081234, -0.9168814236479997, -0.39903215530592184], [0.8150911321339456, 0.2387017964631909, -0.5278711004419999]], "trans": [387.44269760400005, 320.84727770999996, 487.753602176]}]}
