{"rb_ScNup133N_56-480_renamed.pdb_0": [{"rot": [[-0.6572356409890001, 0.7474473191244544, 0.09676681945504015], [-0.4773075940570939, -0.31341817204299993, -0.8209424523610975], [-0.5832827555047437, -0.58574017667127, 0.562751874776]], "trans": [278.743490582, 512.875608861, 132.20671549599996]}], "rb_ScNup133C_490_881_renamed_relative_3CQC.pdb_0": [{"rot": [[-0.028573693235299985, 0.9995613367838746, 0.007789612424812055], [0.9977604442760216, 0.028991968856299982, -0.06027903101370699], [-0.060478425020920386, 0.006049772613011692, -0.998151171095]], "trans": [573.274317583, 561.694733028, 365.934634965]}], "rb_ScNup84_506-726_ScNup133C_882_1155_renamed_relative_3CQC_new.pdb_0": [{"rot": [[0.681425555784, 0.37905680856696666, 0.6260791865279445], [0.015564832557716929, 0.8477320374909999, -0.5301963113779725], [-0.7317219061309541, 0.3710341338615407, 0.5717663190479999]], "trans": [559.291984748, 586.227988776, 281.862947646]}], "rb_4XMM.renamed.noAb_Nup145c_149-550_Sec13_Nup84_7-436_3IKO_updated.pdb_0": [{"rot": [[-0.34492946403199987, -0.7189025531259553, 0.6034921573240037], [0.02160084744668156, 0.6367009541339999, 0.7708082111617904], [-0.9383800233552408, 0.2789104051731255, -0.20408801447899982]], "trans": [500.2170270170001, 594.955273496, 271.74101871]}], "rb_4XMM.renamed.noAb_Seh1_Nup85_47_544_3F3F.pdb_0": [{"rot": [[-0.7749103395130001, -0.5971455226120315, 0.20719843276494831], [0.4994781931720171, -0.77940395603, -0.37822084536736356], [0.38734416254987536, -0.18959614486900755, 0.9022293508800001]], "trans": [479.34886785500004, 417.126574731, 325.170974011]}], "rb_4XMM.renamed.noAb_Nup120_715-1036_Nup85_553-744_Nup145c_92-99_554-712_remaining_updated.pdb_0": [{"rot": [[-0.3823707447019999, 0.7214868150141305, 0.5772775669959849], [-0.3139642321172367, -0.6890297591299999, 0.6531955694769279], [0.8690334139416458, 0.06851836829653879, 0.489985875979]], "trans": [637.606179096, 434.668543028, 327.733601105]}], "rb_4XMM.renamed.noAb_Nup120_2-711_3F7F_updated.pdb_0": [{"rot": [[0.160482821394, -0.3248995369042422, -0.9320330224604869], [0.9864411865025369, 0.08564303055410011, 0.13999663170582644], [0.03433729181063694, -0.941862814977276, 0.334238519854]], "trans": [532.277341394, 674.281645831, 89.88325186100002]}]}
