{"rb_ScNup133N_56-480_renamed.pdb_0": [{"rot": [[-0.6838156121950001, -0.17776199418548133, 0.7076700374762084], [0.577614802732523, 0.460713561449, 0.6738725057169548], [-0.44582210373942427, 0.8695652291347553, -0.21236516686399998]], "trans": [211.758822491, 559.157283143, 144.94887208800003]}], "rb_ScNup133C_490_881_renamed_relative_3CQC.pdb_0": [{"rot": [[0.344203993796, 0.5789314453190901, 0.7391630349764744], [-0.8794776139257003, -0.07680776775779996, 0.4697017068476764], [0.32869855073979254, -0.8117505456929569, 0.4827197057390001]], "trans": [494.5572261230001, 424.752517394, 187.428265217]}], "rb_ScNup84_506-726_ScNup133C_882_1155_renamed_relative_3CQC_new.pdb_0": [{"rot": [[0.6382562538020001, 0.6486799329693098, 0.4145398642417504], [-0.3113596274548495, 0.709999886257, -0.6316291189505314], [-0.7040483910029298, 0.2740702575581287, 0.655134609869]], "trans": [487.98182222899993, 474.367437764, 157.820352377]}], "rb_4XMM.renamed.noAb_Nup145c_149-550_Sec13_Nup84_7-436_3IKO_updated.pdb_0": [{"rot": [[-0.026476223385199893, 0.7641077698232591, -0.6445450532670174], [0.5654496821474014, -0.5202609586540001, -0.6399962436294635], [-0.8243577297233646, -0.38140247901153734, -0.4182899502130001]], "trans": [668.5807814510001, 659.9592451, 257.186488929]}], "rb_4XMM.renamed.noAb_Seh1_Nup85_47_544_3F3F.pdb_0": [{"rot": [[0.7037154247039998, -0.6873267855807824, 0.1799068949675306], [-0.6070697265127482, -0.45013538624200006, 0.6548621848942741], [-0.3691218608879811, -0.5700526500911599, -0.734022498251]], "trans": [516.2091603199999, 499.186962695, 226.72199084200003]}], "rb_4XMM.renamed.noAb_Nup120_715-1036_Nup85_553-744_Nup145c_92-99_554-712_remaining_updated.pdb_0": [{"rot": [[0.537113584733, -0.5007194703774743, 0.678814414313786], [-0.544553676102889, 0.40874524496299997, 0.732385566872373], [-0.6441818772195447, -0.7630251219357321, -0.053126004525700085]], "trans": [552.572406654, 618.855997143, 196.103965924]}], "rb_4XMM.renamed.noAb_Nup120_2-711_3F7F_updated.pdb_0": [{"rot": [[0.04858457828859997, -0.9821587413875403, -0.18166933001627367], [0.5675589309886875, -0.12252022612500002, 0.8141656183143926], [-0.8218980463582435, -0.14266394396034937, 0.5514803718050001]], "trans": [484.371111651, 541.228891655, 289.701682046]}]}
