{"rb_ScNup133N_56-480_renamed.pdb_0": [{"rot": [[-0.688459540845, -0.29350249970218, 0.6632343049692646], [0.006569701433539604, 0.911898214821, 0.41036384444703156], [-0.7252449928421194, 0.28687615529152155, -0.6258768024799999]], "trans": [308.183931868, 349.499922119, 127.369735249]}], "rb_ScNup133C_490_881_renamed_relative_3CQC.pdb_0": [{"rot": [[0.58355979757, 0.022926324338631066, 0.8117464790883794], [0.289107373730452, -0.9399739161870002, -0.1812897221100952], [0.7588642099313564, 0.34047528624027124, -0.5551591576700001]], "trans": [558.765351448, 419.954282014, 313.469756755]}], "rb_ScNup84_506-726_ScNup133C_882_1155_renamed_relative_3CQC_new.pdb_0": [{"rot": [[-0.06760894155520003, -0.9575411090301947, 0.28025712397548547], [0.2831556992225509, -0.28776501548000005, -0.9148847719049563], [0.9566879747438943, 0.017502010827915027, 0.2905887103750001]], "trans": [545.502039783, 457.626774114, 287.954669339]}], "rb_4XMM.renamed.noAb_Nup145c_149-550_Sec13_Nup84_7-436_3IKO_updated.pdb_0": [{"rot": [[0.09656112207269996, -0.3885138487078862, 0.9163694337254202], [0.07251323390995004, -0.9154791628390001, -0.3957773784787664], [0.9926821145824993, 0.10466561885256118, -0.060227299609299956]], "trans": [485.04971942299994, 314.771042506, 378.155994224]}], "rb_4XMM.renamed.noAb_Seh1_Nup85_47_544_3F3F.pdb_0": [{"rot": [[0.6157256048380001, -0.7855174418260988, -0.062002646184340704], [0.42213979461002316, 0.39528679729500016, -0.815810236323907], [0.6653419972867236, 0.47614146686803394, 0.5749863739040001]], "trans": [470.954466238, 506.755997644, 304.120260358]}], "rb_4XMM.renamed.noAb_Nup120_715-1036_Nup85_553-744_Nup145c_92-99_554-712_remaining_updated.pdb_0": [{"rot": [[-0.608608112262, 0.7544048533953414, -0.2459054347964647], [-0.4459846473818341, -0.5815617355309999, -0.680355526225717], [-0.6562727024557595, -0.3043998438562754, 0.6903961725499999]], "trans": [609.3118533680001, 398.096571826, 219.23065511799996]}], "rb_4XMM.renamed.noAb_Nup120_2-711_3F7F_updated.pdb_0": [{"rot": [[0.31082112250000005, 0.9143631315049157, 0.2594808153840368], [0.6456286083953351, -0.40346525205499995, 0.6483667869390739], [0.6975341782517492, -0.03399785476643874, -0.7157445186949999]], "trans": [641.90648174, 411.173498689, 364.717488015]}]}
