{"rb_ScNup133N_56-480_renamed.pdb_0": [{"rot": [[0.06818523514810021, 0.699172286583262, 0.711694377792695], [-0.5789866166929541, -0.553207942869, 0.5989452977001284], [0.8124809360214211, -0.45290074588212165, 0.3670907830239999]], "trans": [409.2279409700001, 206.844628615, 549.884766009]}], "rb_ScNup133C_490_881_renamed_relative_3CQC.pdb_0": [{"rot": [[-0.724792336037, -0.656111564546756, -0.21022293997096667], [0.6864042679496235, -0.661364975121, -0.3023996538088967], [0.05937382051519077, -0.36347487471791934, 0.9297100434470003]], "trans": [444.830277947, 419.833698065, 313.606913256]}], "rb_ScNup84_506-726_ScNup133C_882_1155_renamed_relative_3CQC_new.pdb_0": [{"rot": [[0.9226794221240001, 0.38030031343176174, 0.06351657730565519], [-0.10501229644936916, 0.4063727501400001, -0.9076528001047995], [-0.3709920505662504, 0.8308025394444561, 0.41488798352000017]], "trans": [430.368795525, 466.015381689, 334.512442311]}], "rb_4XMM.renamed.noAb_Nup145c_149-550_Sec13_Nup84_7-436_3IKO_updated.pdb_0": [{"rot": [[0.2460328007110001, 0.7508760436298026, -0.6129053989623163], [0.047608880335955894, -0.6409413623630001, -0.7661119791031976], [-0.9680915532569521, 0.15930893608054858, -0.19344096618200013]], "trans": [620.811907077, 465.280519935, 262.325886438]}], "rb_4XMM.renamed.noAb_Seh1_Nup85_47_544_3F3F.pdb_0": [{"rot": [[0.41532583505399995, -0.4317607589425878, -0.8006791478326498], [-0.9042773449023656, -0.10023624861900006, -0.4150122624201822], [0.09892893526681562, 0.8964013283681092, -0.43206217639000005]], "trans": [384.38890321, 513.415819868, 363.337396673]}], "rb_4XMM.renamed.noAb_Nup120_715-1036_Nup85_553-744_Nup145c_92-99_554-712_remaining_updated.pdb_0": [{"rot": [[0.23628869176199996, -0.24833460680059272, 0.9394134218812278], [0.801589515271212, 0.596253353159, -0.04400213465176722], [-0.549201149992119, 0.7634211563166453, 0.339950341867]], "trans": [440.274221723, 613.279878561, 349.949983082]}], "rb_4XMM.renamed.noAb_Nup120_2-711_3F7F_updated.pdb_0": [{"rot": [[0.2696228018040001, -0.32222460642677436, -0.9074551491729337], [-0.19105041128192096, -0.9415212759140001, 0.2775561697211618], [-0.943823757433754, 0.09853420733117968, -0.3154167479530001]], "trans": [509.602910064, 262.955461053, 223.288718879]}]}
