{"rb_ScNup133N_56-480_renamed.pdb_0": [{"rot": [[0.6446990125930001, -0.762527551011652, 0.0539899723076737], [0.7430654492343254, 0.6416938116719999, 0.18995470569599043], [-0.17949072765967955, -0.08234552817264862, 0.9803072440179998]], "trans": [691.520110458, 689.215810079, 245.804689607]}], "rb_ScNup133C_490_881_renamed_relative_3CQC.pdb_0": [{"rot": [[-0.7664928237559999, -0.6235305126484412, 0.15394301194573784], [0.35721126123412195, -0.6130824800369999, -0.704648839862246], [0.5337498159044942, -0.4851181015670859, 0.6926554421599999]], "trans": [448.807247696, 535.110705116, 377.299435782]}], "rb_ScNup84_506-726_ScNup133C_882_1155_renamed_relative_3CQC_new.pdb_0": [{"rot": [[-0.6380872334529999, -0.22493068656338977, 0.7363768523972076], [-0.01976669205123692, 0.960848421306, 0.27636857484004795], [-0.7697103093954558, 0.1617915248580398, -0.6175512465329998]], "trans": [389.439431656, 478.27715794, 427.720125212]}], "rb_4XMM.renamed.noAb_Nup145c_149-550_Sec13_Nup84_7-436_3IKO_updated.pdb_0": [{"rot": [[0.6371293607940001, 0.7641880257515398, -0.10041334030990706], [-0.3226232375936967, 0.3827332427010001, 0.8656959694350774], [0.6999860171309069, -0.5191646426997332, 0.4903954012750001]], "trans": [622.921590444, 415.818188839, 296.018012157]}], "rb_4XMM.renamed.noAb_Seh1_Nup85_47_544_3F3F.pdb_0": [{"rot": [[-0.5153275687369999, -0.8556810885187796, 0.047406451574959124], [-0.8433913078502349, 0.516188404188, 0.14913293809389094], [-0.15208089538887823, 0.036870125212186744, -0.987680107689]], "trans": [385.255746366, 464.157707581, 336.408725046]}], "rb_4XMM.renamed.noAb_Nup120_715-1036_Nup85_553-744_Nup145c_92-99_554-712_remaining_updated.pdb_0": [{"rot": [[-0.7897709301130001, -0.3417939364295939, 0.5093513354929087], [-0.461383162391483, 0.8781949057300001, -0.1260923669835362], [-0.4042121415916168, -0.3345902158907806, -0.851270774795]], "trans": [445.963219285, 495.09750506, 277.273082626]}], "rb_4XMM.renamed.noAb_Nup120_2-711_3F7F_updated.pdb_0": [{"rot": [[-0.31937338860599995, 0.28350586959782215, 0.904226222000835], [-0.8016695473807276, 0.42797030003299996, -0.4173336304349834], [-0.5052985013362896, -0.8581758818524595, 0.09059569721599994]], "trans": [577.243665414, 418.603640466, 122.719689544]}]}
