{"rb_ScNup133N_56-480_renamed.pdb_0": [{"rot": [[0.06332189097290009, 0.997310035802931, -0.03691924444476674], [0.3445999110164956, -0.05656783054669992, -0.9370437459770291], [-0.9366115734129274, 0.046613013569132444, -0.3472549315919997]], "trans": [565.673856959, 836.967388224, 117.33689315199999]}], "rb_ScNup133C_490_881_renamed_relative_3CQC.pdb_0": [{"rot": [[-0.4307990512849999, 0.7457915469974803, 0.5081408720414538], [-0.8676904291526455, -0.49706771086799983, -0.006083581950164396], [0.24804333607021561, -0.44352977266419397, 0.861252485739]], "trans": [574.51287226, 563.971745099, 253.101971968]}], "rb_ScNup84_506-726_ScNup133C_882_1155_renamed_relative_3CQC_new.pdb_0": [{"rot": [[0.681425555784, 0.37905680856696666, 0.6260791865279445], [0.015564832557716929, 0.8477320374909999, -0.5301963113779725], [-0.7317219061309541, 0.3710341338615407, 0.5717663190479999]], "trans": [559.291984748, 586.227988776, 281.862947646]}], "rb_4XMM.renamed.noAb_Nup145c_149-550_Sec13_Nup84_7-436_3IKO_updated.pdb_0": [{"rot": [[-0.27865353264900017, 0.36469719090891634, 0.8884526817368374], [-0.4827265838462252, -0.8529291072100001, 0.19871331943809295], [0.8302573420273898, -0.37350755951800724, 0.4137207379290001]], "trans": [458.351668921, 452.33276314399995, 318.33959101]}], "rb_4XMM.renamed.noAb_Seh1_Nup85_47_544_3F3F.pdb_0": [{"rot": [[0.991688306747, 0.07090693631169767, 0.1073615789943349], [-0.12661006633970143, 0.6862859888759999, 0.7162272213298985], [-0.022895269439872627, -0.7238672170055637, 0.689559322163]], "trans": [500.68316588, 590.927079158, 252.89503129800002]}], "rb_4XMM.renamed.noAb_Nup120_715-1036_Nup85_553-744_Nup145c_92-99_554-712_remaining_updated.pdb_0": [{"rot": [[0.4246160695409999, 0.7376169371008544, -0.524997569127236], [-0.17359140276865825, 0.6354385478919999, 0.7523854575533182], [0.8885759496927442, -0.22833989129116422, 0.3978613774579998]], "trans": [568.33142134, 592.810114336, 334.815651843]}], "rb_4XMM.renamed.noAb_Nup120_2-711_3F7F_updated.pdb_0": [{"rot": [[0.2897129756730001, 0.7927072209674493, 0.5363596308007894], [0.8733572432206653, -0.44820568249700005, 0.1906798151126597], [0.39155270071945025, 0.4131911518939652, -0.822167595175]], "trans": [536.271073646, 415.4668302150001, 516.517134756]}]}
