{"rb_ScNup133N_56-480_renamed.pdb_0": [{"rot": [[-0.666797797938, 0.13806620828512617, 0.7323376398866867], [-0.7283773337840586, -0.32859315072, -0.6012428801487213], [0.1576298077606526, -0.934325566079443, 0.3196694859940001]], "trans": [191.231658772, 409.270901831, 421.7008498199999]}], "rb_ScNup133C_490_881_renamed_relative_3CQC.pdb_0": [{"rot": [[-0.586820034176, 0.7691746157259325, 0.2530072291705168], [-0.7311092397977899, -0.637621396441, 0.24273078561016354], [0.3480251815199243, -0.042536635074878204, 0.936519678226]], "trans": [464.275915587, 453.062177306, 358.60995697]}], "rb_ScNup84_506-726_ScNup133C_882_1155_renamed_relative_3CQC_new.pdb_0": [{"rot": [[-0.89696076197, 0.34556947309914143, 0.27575918978010294], [-0.4120025369763446, -0.879590360063, -0.23785438404472992], [0.16035991086070372, -0.32695953533460964, 0.931333539202]], "trans": [452.201964658, 477.849206826, 345.741586805]}], "rb_4XMM.renamed.noAb_Nup145c_149-550_Sec13_Nup84_7-436_3IKO_updated.pdb_0": [{"rot": [[0.2460328007110001, 0.7508760436298026, -0.6129053989623163], [0.047608880335955894, -0.6409413623630001, -0.7661119791031976], [-0.9680915532569521, 0.15930893608054858, -0.19344096618200013]], "trans": [620.811907077, 465.280519935, 262.325886438]}], "rb_4XMM.renamed.noAb_Seh1_Nup85_47_544_3F3F.pdb_0": [{"rot": [[0.494425555045, 0.809742130620327, 0.3160079942294133], [-0.07168013207657536, -0.32433245323299986, 0.9432234191565372], [0.8662593890884694, -0.48900525731153155, -0.1023158303379999]], "trans": [663.962259985, 449.673340548, 208.987439608]}], "rb_4XMM.renamed.noAb_Nup120_715-1036_Nup85_553-744_Nup145c_92-99_554-712_remaining_updated.pdb_0": [{"rot": [[0.470173615372, -0.011020733230893476, -0.8825051358757501], [-0.6319869422750732, -0.7021755944420001, -0.32793587690862264], [-0.6160594745654238, 0.7119185192204776, -0.337109397361]], "trans": [559.145931442, 380.38536659, 300.997275292]}], "rb_4XMM.renamed.noAb_Nup120_2-711_3F7F_updated.pdb_0": [{"rot": [[0.43089606814000003, 0.6289857344639254, 0.6470745894426428], [-0.9021664224909107, 0.2838936488720002, 0.32480785436946125], [0.020599140551003925, -0.7237273947910345, 0.689778466928]], "trans": [623.008083789, 514.972628139, -2.863571254210001]}]}
