{"rb_ScNup133N_56-480_renamed.pdb_0": [{"rot": [[-0.9345334552050001, -0.1258387126620476, 0.33288412322933475], [-0.06657623533315601, 0.9807017207530001, 0.1838252969560203], [-0.34959237118602654, 0.14962871819160733, -0.9248764353690001]], "trans": [324.499412936, 481.281004228, 329.674699577]}], "rb_ScNup133C_490_881_renamed_relative_3CQC.pdb_0": [{"rot": [[0.5370441625900002, -0.4681998589959433, -0.701692567627864], [-0.5295535331756736, -0.8346202649400001, 0.15159838011220694], [-0.6566251768925455, 0.2901687532930849, -0.6961648308290003]], "trans": [614.894128188, 483.926101501, 332.601518064]}], "rb_ScNup84_506-726_ScNup133C_882_1155_renamed_relative_3CQC_new.pdb_0": [{"rot": [[-0.7982474873730001, -0.5771065734510823, -0.1724788444483638], [-0.4669600246538704, 0.412058186573, 0.782404234557449], [-0.38045930699346686, 0.705092939801358, -0.59841011185]], "trans": [564.323591609, 427.737843755, 310.458218936]}], "rb_4XMM.renamed.noAb_Nup145c_149-550_Sec13_Nup84_7-436_3IKO_updated.pdb_0": [{"rot": [[0.33667023719700007, 0.8148755335870315, 0.4718379130029364], [-0.1275955277734379, 0.53594850687, -0.834552921794679], [-0.9329375824126358, 0.22076472260093682, 0.28441238471100005]], "trans": [589.550411345, 527.250351524, 129.532835149]}], "rb_4XMM.renamed.noAb_Seh1_Nup85_47_544_3F3F.pdb_0": [{"rot": [[0.6780950821770001, 0.17218165243647165, 0.714521194991173], [0.6096470938311362, 0.41122342471899986, -0.6776619481316825], [-0.41050880686121394, 0.8951250044136984, 0.17387853795899985]], "trans": [585.046351961, 481.554467013, 244.956824225]}], "rb_4XMM.renamed.noAb_Nup120_715-1036_Nup85_553-744_Nup145c_92-99_554-712_remaining_updated.pdb_0": [{"rot": [[-0.1991431210759999, -0.804810610834762, -0.5591260126446335], [0.9718711240912185, -0.23539972086, -0.007313656862707296], [-0.12573199865500026, -0.5448548908716992, 0.829050428145]], "trans": [434.31522290400005, 461.168967953, 104.03233602399999]}], "rb_4XMM.renamed.noAb_Nup120_2-711_3F7F_updated.pdb_0": [{"rot": [[-0.18067955486100007, -0.15932197811713616, 0.9705521138733735], [-0.9603499612129418, 0.24160676351800003, -0.1391190994100316], [-0.21232722494661843, -0.9572056618675007, -0.19665825798900005]], "trans": [508.91898154499995, 495.340227652, 59.980742744400004]}]}
