{"rb_ScNup133N_56-480_renamed.pdb_0": [{"rot": [[-0.6572356409890001, 0.7474473191244544, 0.09676681945504015], [-0.4773075940570939, -0.31341817204299993, -0.8209424523610975], [-0.5832827555047437, -0.58574017667127, 0.562751874776]], "trans": [278.743490582, 512.875608861, 132.20671549599996]}], "rb_ScNup133C_490_881_renamed_relative_3CQC.pdb_0": [{"rot": [[0.5887988008410001, -0.4910477860211137, 0.6420187255617729], [0.2200299559010151, 0.8616812922000001, 0.4572659720323998], [-0.7777549682479681, -0.12797430412508848, 0.615402134258]], "trans": [459.80369172300004, 543.660753141, 246.406388813]}], "rb_ScNup84_506-726_ScNup133C_882_1155_renamed_relative_3CQC_new.pdb_0": [{"rot": [[0.7106325419199999, 0.33854855332525624, -0.6167546249568748], [0.48355533666623995, 0.401734396422, 0.7776784111141639], [0.5110534480325112, -0.8508785763978473, 0.12177857562500002]], "trans": [521.905727103, 518.399428919, 262.142687384]}], "rb_4XMM.renamed.noAb_Nup145c_149-550_Sec13_Nup84_7-436_3IKO_updated.pdb_0": [{"rot": [[-0.27865353264900017, 0.36469719090891634, 0.8884526817368374], [-0.4827265838462252, -0.8529291072100001, 0.19871331943809295], [0.8302573420273898, -0.37350755951800724, 0.4137207379290001]], "trans": [458.351668921, 452.33276314399995, 318.33959101]}], "rb_4XMM.renamed.noAb_Seh1_Nup85_47_544_3F3F.pdb_0": [{"rot": [[0.991688306747, 0.07090693631169767, 0.1073615789943349], [-0.12661006633970143, 0.6862859888759999, 0.7162272213298985], [-0.022895269439872627, -0.7238672170055637, 0.689559322163]], "trans": [500.68316588, 590.927079158, 252.89503129800002]}], "rb_4XMM.renamed.noAb_Nup120_715-1036_Nup85_553-744_Nup145c_92-99_554-712_remaining_updated.pdb_0": [{"rot": [[0.665840972329, 0.688695843126006, -0.2869735793220899], [0.17737296144254372, 0.22749097089400006, 0.957489786217486], [0.7247031337844992, -0.688437283870263, 0.029316788027700096]], "trans": [562.966305097, 555.709563658, 277.588698789]}], "rb_4XMM.renamed.noAb_Nup120_2-711_3F7F_updated.pdb_0": [{"rot": [[-0.36968214622100004, 0.7270210961516964, 0.578597819314782], [-0.7920131785485137, 0.07904807070249997, -0.6053647888039846], [-0.4858500136574202, -0.6820496523484185, 0.5465876288030002]], "trans": [526.654395555, 558.529830454, 234.836111267]}]}
