{"rb_ScNup133N_56-480_renamed.pdb_0": [{"rot": [[-0.549651547962, 0.7563942677191551, 0.35461371601304503], [0.29924040164571064, 0.574587378344, -0.7617772159041534], [-0.7799604847977178, -0.312597275115079, -0.5421665664210001]], "trans": [197.48790127800004, 701.467963173, 251.47612085900002]}], "rb_ScNup133C_490_881_renamed_relative_3CQC.pdb_0": [{"rot": [[-0.01509256100490003, 0.8737131188876731, -0.48620736366892703], [-0.5374388750370224, -0.41713630780600003, -0.73290978729235], [-0.8431676406274455, 0.25024525288914645, 0.4758630508930001]], "trans": [449.944246052, 531.35762047, 350.780756319]}], "rb_ScNup84_506-726_ScNup133C_882_1155_renamed_relative_3CQC_new.pdb_0": [{"rot": [[-0.6380872334529999, -0.22493068656338977, 0.7363768523972076], [-0.01976669205123692, 0.960848421306, 0.27636857484004795], [-0.7697103093954558, 0.1617915248580398, -0.6175512465329998]], "trans": [389.439431656, 478.27715794, 427.720125212]}], "rb_4XMM.renamed.noAb_Nup145c_149-550_Sec13_Nup84_7-436_3IKO_updated.pdb_0": [{"rot": [[0.487933521366, 0.31111861419629944, -0.8155526265226232], [-0.04269990142341451, -0.9246969058469999, -0.3783019306525082], [-0.8718357627132565, 0.21941020992095744, -0.4379058833089998]], "trans": [651.9464123119999, 490.040105507, 277.958091079]}], "rb_4XMM.renamed.noAb_Seh1_Nup85_47_544_3F3F.pdb_0": [{"rot": [[-0.676792041946, 0.4101513641973985, 0.6113332891357847], [0.17214264334457796, 0.8955683278410003, -0.4102734216475842], [-0.7157649350875644, -0.17243325843667157, -0.6767180573060001]], "trans": [624.1769435850001, 701.619776906, 261.902348439]}], "rb_4XMM.renamed.noAb_Nup120_715-1036_Nup85_553-744_Nup145c_92-99_554-712_remaining_updated.pdb_0": [{"rot": [[0.6198060709899997, 0.7198716746800958, -0.3124503262235669], [0.766984144546151, -0.6399368202749998, 0.047076406735551524], [-0.16605949650275298, -0.2688226888668377, -0.948766886844]], "trans": [675.520795284, 545.280147813, 244.05118886800003]}], "rb_4XMM.renamed.noAb_Nup120_2-711_3F7F_updated.pdb_0": [{"rot": [[-0.8489123994430001, -0.20012669133523328, -0.4891799724918639], [-0.23757985964426223, 0.9712530334290003, 0.014945077663842572], [0.4721266232308247, 0.12890637094487567, -0.8720548143130001]], "trans": [465.7071264560001, 849.366176392, 320.459872666]}]}
