{"rb_ScNup133N_56-480_renamed.pdb_0": [{"rot": [[-0.2496192260279999, 0.19700089561153972, -0.9480932913618962], [-0.9008980351483689, 0.3117610780260001, 0.30197311220351186], [0.3550675601388991, 0.9295136778747892, 0.09965616077639997]], "trans": [597.470446223, 92.16169877250002, 348.311653553]}], "rb_ScNup133C_490_881_renamed_relative_3CQC.pdb_0": [{"rot": [[0.6378714277860001, -0.1499819718248579, 0.7553975441724559], [-0.6834195209602332, -0.562421109522, 0.4654248101836945], [0.3550461941561059, -0.8131346159717775, -0.46125296348499994]], "trans": [565.000415358, 292.162224616, 295.8079292]}], "rb_ScNup84_506-726_ScNup133C_882_1155_renamed_relative_3CQC_new.pdb_0": [{"rot": [[-0.885589954816, -0.441689640029901, -0.14366869463892096], [-0.3024806906294704, 0.31371581854899994, 0.9000487858935479], [-0.3524710821121552, 0.840531169607878, -0.4114261649339999]], "trans": [590.39421786, 270.574042608, 296.970963492]}], "rb_4XMM.renamed.noAb_Nup145c_149-550_Sec13_Nup84_7-436_3IKO_updated.pdb_0": [{"rot": [[0.487933521366, 0.31111861419629944, -0.8155526265226232], [-0.04269990142341451, -0.9246969058469999, -0.3783019306525082], [-0.8718357627132565, 0.21941020992095744, -0.4379058833089998]], "trans": [651.9464123119999, 490.040105507, 277.958091079]}], "rb_4XMM.renamed.noAb_Seh1_Nup85_47_544_3F3F.pdb_0": [{"rot": [[-0.26028755022200006, -0.8757446331511918, 0.40659774803399296], [0.9279212230144833, -0.11049820061100019, 0.3560229649068116], [-0.26685688126547435, 0.46995902498900455, 0.8413833369830002]], "trans": [412.349199351, 554.878839963, 393.614060004]}], "rb_4XMM.renamed.noAb_Nup120_715-1036_Nup85_553-744_Nup145c_92-99_554-712_remaining_updated.pdb_0": [{"rot": [[-0.769643271826, -0.293508170242091, 0.5670116296286255], [-0.3845306714105236, 0.922030823659, -0.04466903812796873], [-0.5096914722432991, -0.2524125872928007, -0.8224977136129998]], "trans": [475.601976897, 627.116025135, 265.630109294]}], "rb_4XMM.renamed.noAb_Nup120_2-711_3F7F_updated.pdb_0": [{"rot": [[-0.6202159972310001, -0.7237227768533244, 0.30258463120665857], [-0.42203391436452076, 0.6330122501010002, 0.6489860293937223], [-0.6612257495779461, 0.2748105410747236, -0.6980398803860001]], "trans": [419.10979155000007, 544.879129337, 328.014412727]}]}
