{"rb_ScNup133N_56-480_renamed.pdb_0": [{"rot": [[0.3460122144849999, 0.5375588071130094, 0.7689642880670235], [0.9379185181349822, -0.17706433233099989, -0.298256727594963], [-0.02417438244640796, 0.824426316362727, -0.5654527815139999]], "trans": [585.326371028, 688.673244989, 297.082591849]}], "rb_ScNup133C_490_881_renamed_relative_3CQC.pdb_0": [{"rot": [[-0.797116063496, -0.2566845090941654, -0.5465519592021681], [-0.07280611793493424, 0.9394010965300001, -0.33499977467078695], [0.5994207624931636, -0.22724137525838223, -0.767499906751]], "trans": [591.550957356, 477.672137806, 310.181282186]}], "rb_ScNup84_506-726_ScNup133C_882_1155_renamed_relative_3CQC_new.pdb_0": [{"rot": [[-0.7982474873730001, -0.5771065734510823, -0.1724788444483638], [-0.4669600246538704, 0.412058186573, 0.782404234557449], [-0.38045930699346686, 0.705092939801358, -0.59841011185]], "trans": [564.323591609, 427.737843755, 310.458218936]}], "rb_4XMM.renamed.noAb_Nup145c_149-550_Sec13_Nup84_7-436_3IKO_updated.pdb_0": [{"rot": [[0.014452862686999912, -0.8310274024706412, 0.556043677333939], [0.4971581624201607, -0.47651819105000015, -0.7250959765006594], [0.8675395531612147, 0.2869213654319501, 0.40626500435]], "trans": [454.31476609999993, 484.008342914, 357.500815518]}], "rb_4XMM.renamed.noAb_Seh1_Nup85_47_544_3F3F.pdb_0": [{"rot": [[-0.24114896254099988, -0.6710113296465868, 0.7011354885835684], [-0.5915633632017142, -0.47109106185300004, -0.6543133796275984], [0.769350352689122, -0.5725530603604636, -0.28334259808400003]], "trans": [459.418067439, 475.112278639, 281.479199231]}], "rb_4XMM.renamed.noAb_Nup120_715-1036_Nup85_553-744_Nup145c_92-99_554-712_remaining_updated.pdb_0": [{"rot": [[0.1639617323360001, 0.15262271322345455, 0.9745885581811891], [0.9688475817576712, 0.16097583456700004, -0.18820505840112384], [-0.18560957316822435, 0.9750861952123868, -0.12147426992799981]], "trans": [558.940402162, 569.817525605, 410.471609104]}], "rb_4XMM.renamed.noAb_Nup120_2-711_3F7F_updated.pdb_0": [{"rot": [[-0.7013966305869999, -0.3782433721473394, 0.6041313748083383], [-0.5261880385358333, 0.846510431618, -0.08090882067932822], [-0.4808002856727687, -0.3746358773376044, -0.792766702573]], "trans": [428.1536727260001, 653.660468596, 155.063088544]}]}
