{"rb_ScNup133N_56-480_renamed.pdb_0": [{"rot": [[0.28977869497, 0.8949427608595089, -0.33927240195253694], [-0.6419874516444672, -0.08115567887519992, -0.7624079404868159], [-0.709845349264561, 0.4387382027718415, 0.5510248356980001]], "trans": [609.901601393, 445.89125141, 34.80699725490001]}], "rb_ScNup133C_490_881_renamed_relative_3CQC.pdb_0": [{"rot": [[0.5887988008410001, -0.4910477860211137, 0.6420187255617729], [0.2200299559010151, 0.8616812922000001, 0.4572659720323998], [-0.7777549682479681, -0.12797430412508848, 0.615402134258]], "trans": [459.80369172300004, 543.660753141, 246.406388813]}], "rb_ScNup84_506-726_ScNup133C_882_1155_renamed_relative_3CQC_new.pdb_0": [{"rot": [[0.7106325419199999, 0.33854855332525624, -0.6167546249568748], [0.48355533666623995, 0.401734396422, 0.7776784111141639], [0.5110534480325112, -0.8508785763978473, 0.12177857562500002]], "trans": [521.905727103, 518.399428919, 262.142687384]}], "rb_4XMM.renamed.noAb_Nup145c_149-550_Sec13_Nup84_7-436_3IKO_updated.pdb_0": [{"rot": [[0.5707727703030001, 0.7273199626397118, -0.3810828212166055], [-0.1315195644045674, 0.5390959971050002, 0.831912321151814], [0.8105066618230055, -0.4247130535445483, 0.4033581203960001]], "trans": [625.8807415049998, 393.749243809, 319.270561705]}], "rb_4XMM.renamed.noAb_Seh1_Nup85_47_544_3F3F.pdb_0": [{"rot": [[-0.736328427427, -0.016459639557850562, 0.6764240735134336], [-0.07723774973685812, -0.9911246677710002, -0.10819530004307648], [0.6722014407738709, -0.13191274844172762, 0.7285219624830002]], "trans": [495.619624211, 236.306866797, 291.159546651]}], "rb_4XMM.renamed.noAb_Nup120_715-1036_Nup85_553-744_Nup145c_92-99_554-712_remaining_updated.pdb_0": [{"rot": [[-0.742572879406, -0.6225334740781918, 0.24705787261858178], [0.643817851191707, -0.5617888078390001, 0.5195112220864224], [-0.18461877818243497, 0.5448352127377345, 0.8179672962310001]], "trans": [424.9554538169999, 308.73999057, 358.35686226]}], "rb_4XMM.renamed.noAb_Nup120_2-711_3F7F_updated.pdb_0": [{"rot": [[0.311282913134, 0.9395971534916984, -0.14233810853425197], [-0.7332530244565162, 0.14219439886000007, -0.6649216157249025], [-0.6045187756523218, 0.31134858612677385, 0.7332251412770001]], "trans": [797.756212007, 437.169842763, 298.38204251]}]}
