{"rb_ScNup133N_56-480_renamed.pdb_0": [{"rot": [[-0.981053235419, -0.0045841373319384995, 0.19368411127099208], [-0.11694853454778364, -0.783020134358, -0.6109030278670303], [0.15445902220666155, -0.6219794649945459, 0.767648328067]], "trans": [257.152096241, 385.862899986, 296.41865729000006]}], "rb_ScNup133C_490_881_renamed_relative_3CQC.pdb_0": [{"rot": [[0.23072063878000024, 0.34228348722035984, -0.9108292931264445], [0.7393943507951807, 0.546822189542, 0.39278682136327636], [0.6325061113168172, -0.7640860602057618, -0.1269193119509999]], "trans": [613.470601133, 372.893170545, 326.84868317]}], "rb_ScNup84_506-726_ScNup133C_882_1155_renamed_relative_3CQC_new.pdb_0": [{"rot": [[-0.569297757955, -0.5617632912277539, 0.6002683295130369], [-0.11613218326089872, 0.7777649543999999, 0.6177337547181818], [-0.8138878170844352, 0.28196396992546335, -0.508018642242]], "trans": [525.063752279, 368.972885627, 339.499470185]}], "rb_4XMM.renamed.noAb_Nup145c_149-550_Sec13_Nup84_7-436_3IKO_updated.pdb_0": [{"rot": [[-0.27865353264900017, 0.36469719090891634, 0.8884526817368374], [-0.4827265838462252, -0.8529291072100001, 0.19871331943809295], [0.8302573420273898, -0.37350755951800724, 0.4137207379290001]], "trans": [458.351668921, 452.33276314399995, 318.33959101]}], "rb_4XMM.renamed.noAb_Seh1_Nup85_47_544_3F3F.pdb_0": [{"rot": [[-0.13221414229200004, -0.8867661054503038, -0.4429055145315891], [-0.8641943185622851, -0.115722439268, 0.4896697834403627], [-0.48547667332494815, 0.44749769974198184, -0.751038087172]], "trans": [326.833667658, 515.644581065, 388.512916542]}], "rb_4XMM.renamed.noAb_Nup120_715-1036_Nup85_553-744_Nup145c_92-99_554-712_remaining_updated.pdb_0": [{"rot": [[-0.8592686510550003, -0.010144016441920992, 0.511423976994183], [-0.18532269049468125, 0.9380538106050001, -0.2927636398141875], [-0.47677341127828543, -0.3463410852611408, -0.8079201488750002]], "trans": [422.288771943, 644.100210662, 301.570178487]}], "rb_4XMM.renamed.noAb_Nup120_2-711_3F7F_updated.pdb_0": [{"rot": [[-0.18389585820099985, -0.575871928366328, 0.7965888748006494], [0.12116667521569413, -0.8175097995980001, -0.5630243017653968], [0.9754491017750194, -0.007017811687760833, 0.220113153095]], "trans": [306.288752472, 300.528958861, 357.83414185]}]}
