{"rb_ScNup133N_56-480_renamed.pdb_0": [{"rot": [[0.5409823609240002, 0.8387820255478645, -0.06150446152041825], [-0.6628624114481302, 0.380224714247, -0.6450136356426561], [-0.5176403275038227, 0.38970999511638005, 0.761691939729]], "trans": [559.173240191, 554.823906193, 6.153294331669997]}], "rb_ScNup133C_490_881_renamed_relative_3CQC.pdb_0": [{"rot": [[0.4154612754280003, 0.8405452576779736, 0.347671681928236], [-0.8850311540581725, 0.46179575664300004, -0.05886030490048984], [-0.21002805756898052, -0.28324609254425404, 0.9357669934830002]], "trans": [493.500001459, 637.663737205, 189.82626517400004]}], "rb_ScNup84_506-726_ScNup133C_882_1155_renamed_relative_3CQC_new.pdb_0": [{"rot": [[-0.11147983636199985, -0.9897457676513823, -0.089305999243487], [-0.880181850887827, 0.14005910688199988, -0.4535012193446626], [0.46135903096436826, 0.028049277987008903, -0.886770027996]], "trans": [511.227407201, 678.119780543, 284.325690889]}], "rb_4XMM.renamed.noAb_Nup145c_149-550_Sec13_Nup84_7-436_3IKO_updated.pdb_0": [{"rot": [[0.4457111590900003, -0.6414536298004989, -0.6244027574237747], [0.3035546834536487, -0.5478886827410001, 0.779533543523104], [-0.8421378253089002, -0.5369871806105772, -0.04948384629250013]], "trans": [538.484427443, 473.95745666700003, 215.18358045800002]}], "rb_4XMM.renamed.noAb_Seh1_Nup85_47_544_3F3F.pdb_0": [{"rot": [[-0.891568053307, -0.38592832592127757, 0.23699310870564705], [-0.24566301819884329, 0.851735559869, 0.4628133722615155], [-0.38046824809936675, 0.35440917497469143, -0.854188532399]], "trans": [430.582208452, 598.907898148, 328.9885435]}], "rb_4XMM.renamed.noAb_Nup120_715-1036_Nup85_553-744_Nup145c_92-99_554-712_remaining_updated.pdb_0": [{"rot": [[-0.748413478298, -0.5759475208920215, 0.3288794896010142], [-0.33429851448142833, 0.7558626622959999, 0.5629530521831403], [-0.5728191413678487, 0.3113777270858301, -0.758236204858]], "trans": [435.660997236, 556.197663822, 326.634191644]}], "rb_4XMM.renamed.noAb_Nup120_2-711_3F7F_updated.pdb_0": [{"rot": [[-0.5009650776319999, -0.7056739868073432, -0.5010570978806645], [-0.3341649751235538, -0.3763342877010001, 0.8641216773702969], [-0.7983531551849963, 0.6003305158360772, -0.047281194593099984]], "trans": [455.870846015, 339.006217364, 341.531939195]}]}
