{"rb_ScNup133N_56-480_renamed.pdb_0": [{"rot": [[-0.13835520576400007, -0.610954357521412, -0.7794822705255071], [0.6541890401662238, -0.647286915264, 0.3912241672678342], [-0.7435687841514034, -0.4558008582194795, 0.489235159082]], "trans": [605.495646142, 647.729710501, -31.709606704200013]}], "rb_ScNup133C_490_881_renamed_relative_3CQC.pdb_0": [{"rot": [[0.32981918848599995, 0.18057318777083933, 0.9266135261071434], [-0.6174368309584913, -0.7012373267910001, 0.3564238646484654], [0.7141365854529315, -0.6896807488782686, -0.11978898924499992]], "trans": [511.78359601899996, 402.58989472, 215.83044159]}], "rb_ScNup84_506-726_ScNup133C_882_1155_renamed_relative_3CQC_new.pdb_0": [{"rot": [[-0.611607527505, 0.7718124630397939, 0.17390156467285572], [0.713351167942052, 0.633027962188, -0.30067542347823917], [-0.34214959227643543, -0.05984246806871277, -0.9377379887370001]], "trans": [560.103015709, 428.864760977, 280.236691416]}], "rb_4XMM.renamed.noAb_Nup145c_149-550_Sec13_Nup84_7-436_3IKO_updated.pdb_0": [{"rot": [[-0.743015160142, -0.6179219329133055, -0.2571010630546722], [-0.4999988275874797, 0.2571386445510001, 0.8269709123600542], [-0.44489284576210475, 0.7430021549788122, -0.5000181531570002]], "trans": [473.984657173, 294.812738425, 347.303476644]}], "rb_4XMM.renamed.noAb_Seh1_Nup85_47_544_3F3F.pdb_0": [{"rot": [[-0.05699536440900005, -0.9522098951578774, -0.3000797294042193], [-0.8619390989569268, -0.10474107282499995, 0.49607489087111567], [-0.503798092617674, 0.2869244207572653, -0.8147771834359999]], "trans": [420.360939326, 341.126375102, 243.330325579]}], "rb_4XMM.renamed.noAb_Nup120_715-1036_Nup85_553-744_Nup145c_92-99_554-712_remaining_updated.pdb_0": [{"rot": [[0.10653729553400015, -0.9938690032305365, 0.02956702686846879], [0.9924201541678829, 0.10811980757100004, 0.058415278927738956], [-0.06125391629681112, 0.023119507528266147, 0.997854421301]], "trans": [441.453725456, 383.78080062, 269.724487573]}], "rb_4XMM.renamed.noAb_Nup120_2-711_3F7F_updated.pdb_0": [{"rot": [[-0.7481365168740001, -0.649190102089646, -0.13727331666596396], [-0.6575009575414053, 0.753143614108, 0.021614517354666837], [0.08935459110630145, 0.10642794688038891, -0.9902973539150001]], "trans": [478.61119068500005, 451.06518332, 345.477892023]}]}
