{"rb_ScNup133N_56-480_renamed.pdb_0": [{"rot": [[-0.6686065402089999, -0.6959703496836093, 0.2618980082990807], [0.41506689127425556, -0.6415111210139998, -0.6451224359633498], [0.6169965722414316, -0.3226278877850388, 0.7177927805889998]], "trans": [291.346258948, 654.781173509, 501.9893849]}], "rb_ScNup133C_490_881_renamed_relative_3CQC.pdb_0": [{"rot": [[-0.9805338285029999, -0.18437300936005416, 0.06752780598217901], [-0.14173105511439174, 0.9026169942519999, 0.4064417174745306], [-0.13588862784431477, 0.388959066107222, -0.9111778781969999]], "trans": [440.98467134, 478.336134495, 482.009194622]}], "rb_ScNup84_506-726_ScNup133C_882_1155_renamed_relative_3CQC_new.pdb_0": [{"rot": [[-0.133799111242, -0.42440132947472875, 0.8955340916854776], [-0.20299255685338013, -0.8727618162039998, -0.4439378718226489], [0.9699957833377307, -0.24118524771713978, 0.0306244443319999]], "trans": [381.296518068, 546.782418014, 391.685975787]}], "rb_4XMM.renamed.noAb_Nup145c_149-550_Sec13_Nup84_7-436_3IKO_updated.pdb_0": [{"rot": [[0.31846390292200005, 0.44797217451884547, 0.8354050953833977], [-0.25287228509666754, -0.8092066405039999, 0.5303208655090045], [0.913584342009908, -0.38013884808196996, -0.14442335757500008]], "trans": [437.693924388, 447.509170471, 407.830549507]}], "rb_4XMM.renamed.noAb_Seh1_Nup85_47_544_3F3F.pdb_0": [{"rot": [[0.014231755777799893, 0.7440354658208146, -0.667988534877871], [-0.9232847721028943, -0.24668238618300012, -0.29443680128334515], [-0.38385242832420363, 0.6209339948399225, 0.6834458920220001]], "trans": [502.11078968899994, 475.364138613, 340.015305039]}], "rb_4XMM.renamed.noAb_Nup120_715-1036_Nup85_553-744_Nup145c_92-99_554-712_remaining_updated.pdb_0": [{"rot": [[-0.705626361862, -0.6932214300577226, -0.14674974055896586], [0.5163615865139772, -0.644883548659, 0.5634677636225017], [-0.48524442234627096, 0.3218217792159211, 0.812999749695]], "trans": [332.058732043, 485.490848109, 319.278844558]}], "rb_4XMM.renamed.noAb_Nup120_2-711_3F7F_updated.pdb_0": [{"rot": [[-0.6549066009539999, -0.46746315402962374, 0.5937807201750108], [0.6419234114937298, 0.07051517632750015, 0.7635194455177636], [-0.39878776034769414, 0.8811956704002679, 0.25389468813799987]], "trans": [316.343022348, 618.518055692, 453.895325474]}]}
