{"rb_ScNup133N_56-480_renamed.pdb_0": [{"rot": [[-0.531052603463, 0.6014407614980367, 0.5968686143229776], [-0.1812534897726855, 0.6074681677829998, -0.7733883872774325], [-0.8277259841278348, -0.5188944358335583, -0.213584315109]], "trans": [224.50411452800003, 466.293093553, 182.776634954]}], "rb_ScNup133C_490_881_renamed_relative_3CQC.pdb_0": [{"rot": [[0.9002860154020002, 0.4208055697455612, 0.11139013844458295], [0.19682046548679039, -0.16526919359600012, -0.9664097464397238], [-0.3882612456029483, 0.8919690387671769, -0.23161269188800004]], "trans": [485.847897204, 463.326957052, 398.727669002]}], "rb_ScNup84_506-726_ScNup133C_882_1155_renamed_relative_3CQC_new.pdb_0": [{"rot": [[0.5095557700980001, -0.4267376843691942, 0.7471598663599728], [0.7745870330086662, 0.605603079985, -0.18237279897921585], [-0.3746569703804614, 0.6716694560957047, 0.639134020604]], "trans": [435.834852677, 419.837063274, 337.884888835]}], "rb_4XMM.renamed.noAb_Nup145c_149-550_Sec13_Nup84_7-436_3IKO_updated.pdb_0": [{"rot": [[-0.31681906401899995, -0.8986804241828401, 0.3033136592121679], [0.4750235743808404, -0.4271301025289999, -0.7693584855553464], [0.8209618045052856, -0.09966629673122401, 0.5622173466189999]], "trans": [454.648593904, 533.278926448, 318.987180051]}], "rb_4XMM.renamed.noAb_Seh1_Nup85_47_544_3F3F.pdb_0": [{"rot": [[0.9807576907049999, -0.10937907774548158, 0.1617113770720648], [0.19203455075317935, 0.3912605236319999, -0.9000210741778426], [0.03517219697460222, 0.9137567619442063, 0.404736329678]], "trans": [531.785397011, 575.953550837, 328.057758069]}], "rb_4XMM.renamed.noAb_Nup120_715-1036_Nup85_553-744_Nup145c_92-99_554-712_remaining_updated.pdb_0": [{"rot": [[0.10467547304899988, 0.9944779353738297, -0.007528704840361], [-0.5059550496977109, 0.04673473685059992, -0.8612928375743596], [-0.8561848708236761, 0.0939654214384758, 0.5080531139029999]], "trans": [633.854992793, 539.01088148, 256.214625717]}], "rb_4XMM.renamed.noAb_Nup120_2-711_3F7F_updated.pdb_0": [{"rot": [[0.6413275196670001, -0.7520688504389473, 0.15195873359966566], [0.3813904629781729, 0.14062310908700013, -0.9136555455640821], [0.6657629662778404, 0.6439080566277658, 0.3770173568190001]], "trans": [289.272253051, 611.033493314, 435.72971493]}]}
