{"rb_ScNup133N_56-480_renamed_CR.pdb_0": [{"rot": [[1.0, 0.0, 0.0], [0.0, 1.0, 0.0], [0.0, 0.0, 1.0]], "trans": [0.0, 0.0, 0.0]}], "rb_ScNup133N_56-480_renamed_NR.pdb_0": [{"rot": [[1.0, 0.0, 0.0], [0.0, 1.0, 0.0], [0.0, 0.0, 1.0]], "trans": [0.0, 0.0, 0.0]}], "rb_ScNup133C_490_881_renamed_relative_3CQC_CR.pdb_0": [{"rot": [[0.999791716096512, 0.007295079781883318, 0.01906059379366511], [-0.006568359026863329, 0.9992593735005579, -0.03791518338299601], [-0.019323071300530115, 0.03778208943729754, 0.9990991605607855]], "trans": [-24.50715707234042, 48.81219796959442, 3.6472317516404473]}], "rb_ScNup133C_490_881_renamed_relative_3CQC_NR.pdb_0": [{"rot": [[0.9999717650788258, 0.00225946474194147, 0.00716685874127275], [-0.002271192729788112, 0.999996094497227, 0.00162870312729046], [-0.00716315075379486, -0.001644934458454642, 0.9999729913662196]], "trans": [-7.564065501117511, 0.22267697936456443, 3.725830470244091]}], "rb_ScNup84_506-726_ScNup133C_882_1155_renamed_relative_3CQC_CR.pdb_0": [{"rot": [[0.99947490386057, -0.008267505571174612, 0.03132993623572343], [0.00729094846862395, 0.9994879056327838, 0.031157159116632686], [-0.031571484338430614, -0.03091237366204501, 0.9990233563492127]], "trans": [-32.19047753058601, -39.0752628881412, 40.44722638264557]}], "rb_ScNup84_506-726_ScNup133C_882_1155_renamed_relative_3CQC_new_NR.pdb_0": [{"rot": [[0.9999054550100914, -0.012400262525333368, -0.005942602995780166], [0.01239252963118981, 0.9999223167042779, -0.0013363255928980381], [0.005958712142965541, 0.0012625553662967397, 0.9999814496797153]], "trans": [14.269035481871583, -4.080424601616073, -6.826828938627614]}], "rb_4XMM.renamed.noAb_Nup145c_149-550_Sec13_Nup84_7-436_3IKO_updated_CR.pdb_0": [{"rot": [[0.9995389094432079, -0.0189087504743368, 0.023757686431599846], [0.019114641831421746, 0.9997814269158729, -0.0084692893277919], [-0.02359234996221058, 0.008919503885343374, 0.9996818711338624]], "trans": [-17.227987426029472, -3.522402886113923, 11.307278543401253]}], "rb_4XMM.renamed.noAb_Nup145c_149-550_Sec13_Nup84_7-436_3IKO_updated_NR.pdb_0": [{"rot": [[0.9994944111025794, 0.0038471119224368143, 0.03156139896398466], [-0.005703389104337175, 0.9982453934264224, 0.05893730444846825], [-0.03127928271927116, -0.059087513340664054, 0.9977626332148264]], "trans": [-27.202832745902015, -42.705021302113096, 55.50668394651814]}], "rb_4XMM.renamed.noAb_Seh1_Nup85_47_544_3F3F_CR.pdb_0": [{"rot": [[0.9881802775876247, 0.15240147166615214, 0.01653875511748051], [-0.1528304246621064, 0.9878313864976158, 0.028844638111753723], [-0.011941536100736467, -0.031031327464174502, 0.9994470753528504]], "trans": [-102.04066439602184, 70.6283210612462, 25.078367885043917]}], "rb_4XMM.renamed.noAb_Seh1_Nup85_47_544_3F3F_NR.pdb_0": [{"rot": [[0.9961562131347123, -0.0022026100304822147, 0.08756681758613731], [0.03437047069008367, 0.9293404216700717, -0.36762079837059775], [-0.08056965792190214, 0.3692174551116824, 0.9258439399073696]], "trans": [-66.06835871827616, 306.6794499875448, -96.56773818773331]}], "rb_4XMM.renamed.noAb_Nup120_715-1036_Nup85_553-744_Nup145c_92-99_554-712_remaining_updated_CR.pdb_0": [{"rot": [[0.9999582080718667, -0.0045901626731471605, 0.007906485713347079], [0.00454814163436817, 0.9999754814251942, 0.005324561589907636], [-0.007930732461446531, -0.005288379249357918, 0.9999545672317016]], "trans": [-7.690207161651301, -9.222988398536586, 7.416666522743071]}], "rb_4XMM.renamed.noAb_Nup120_715-1036_Nup85_553-744_Nup145c_92-99_554-712_remaining_updated_NR.pdb_0": [{"rot": [[0.9997321260003924, -0.022189226205328094, -0.006581373955662032], [0.0221642520805966, 0.9997469541483208, -0.0038436442165152252], [0.006664996057257259, 0.0036967433727759123, 0.9999709555362057]], "trans": [17.059362455479686, -11.505995861284532, -5.947244397938789]}], "rb_4XMM.renamed.noAb_Nup120_2-711_3F7F_updated_CR.pdb_0": [{"rot": [[0.9829929426006407, -0.13892774060937035, -0.12009978220841638], [0.12751018719814433, 0.9869778980267505, -0.09806008855488363], [0.1321590971444181, 0.08107842928839293, 0.9879070104752266]], "trans": [219.94357629614888, 44.59017860810718, -106.20000398788761]}], "rb_4XMM.renamed.noAb_Nup120_2-711_3F7F_updated_NR.pdb_0": [{"rot": [[0.99858930797294, -0.01956123698754268, -0.0493634683712745], [0.02443773155651317, 0.994666908452613, 0.10020248752248025], [0.04714012387018542, -0.10126746386099635, 0.9937417720336934]], "trans": [49.208599861900666, -93.13663340883471, 24.124127885820258]}], "rb_ScNic96_CTD_cyt_out.pdb_0": [{"rot": [[1.0, 0.0, 0.0], [0.0, 1.0, 0.0], [0.0, 0.0, 1.0]], "trans": [0.0, 0.0, 0.0]}], "rb_ScNic96_CTD_cyt_in.pdb_0": [{"rot": [[1.0, 0.0, 0.0], [0.0, 1.0, 0.0], [0.0, 0.0, 1.0]], "trans": [0.0, 0.0, 0.0]}], "rb_ScNic96_CTD_nucl_in.pdb_0": [{"rot": [[1.0, 0.0, 0.0], [0.0, 1.0, 0.0], [0.0, 0.0, 1.0]], "trans": [0.0, 0.0, 0.0]}], "rb_ScNic96_CTD_nucl_out.pdb_0": [{"rot": [[1.0, 0.0, 0.0], [0.0, 1.0, 0.0], [0.0, 0.0, 1.0]], "trans": [0.0, 0.0, 0.0]}], "rb_ScNsp1_complex_cyt_out.pdb_0": [{"rot": [[0.9999120487306831, -0.004339653907217765, -0.012532446176775175], [0.004135562966809194, 0.9998591593348064, -0.01626525785968244], [0.012601266688541808, 0.016211998589315713, 0.9997891673645921]], "trans": [15.858249796158248, 13.520764832057921, -20.141084269484054]}], "rb_ScNsp1_complex_cyt_in.pdb_0": [{"rot": [[1.0, 0.0, 0.0], [0.0, 1.0, 0.0], [0.0, 0.0, 1.0]], "trans": [0.0, 0.0, 0.0]}], "rb_ScNsp1_complex_nucl_in.pdb_0": [{"rot": [[1.0, 0.0, 0.0], [0.0, 1.0, 0.0], [0.0, 0.0, 1.0]], "trans": [0.0, 0.0, 0.0]}], "rb_ScNsp1_complex_nucl_out.pdb_0": [{"rot": [[1.0, 0.0, 0.0], [0.0, 1.0, 0.0], [0.0, 0.0, 1.0]], "trans": [0.0, 0.0, 0.0]}], "rb_ScNup188_NTD_cyt_out.pdb_0": [{"rot": [[1.0, 0.0, 0.0], [0.0, 1.0, 0.0], [0.0, 0.0, 1.0]], "trans": [0.0, 0.0, 0.0]}], "rb_ScNup188_NTD_nucl_out.pdb_0": [{"rot": [[1.0, 0.0, 0.0], [0.0, 1.0, 0.0], [0.0, 0.0, 1.0]], "trans": [0.0, 0.0, 0.0]}], "rb_ScNup188_CTD_cyt_out.pdb_0": [{"rot": [[1.0, 0.0, 0.0], [0.0, 1.0, 0.0], [0.0, 0.0, 1.0]], "trans": [0.0, 0.0, 0.0]}], "rb_ScNup188_CTD_nucl_out.pdb_0": [{"rot": [[0.9999884536680587, -0.00023883640520155116, 0.004799529949528635], [0.00024191481409131403, 0.9999997654085199, -0.0006408276898669513], [-0.004799375770617998, 0.0006419813680531929, 0.9999882768573517]], "trans": [-4.448538026401593, -0.11775084279940984, 2.4164881286811806]}], "rb_ScNup192_NTD_cyt_in.pdb_0": [{"rot": [[1.0, 0.0, 0.0], [0.0, 1.0, 0.0], [0.0, 0.0, 1.0]], "trans": [0.0, 0.0, 0.0]}], "rb_ScNup192_NTD_nucl_in.pdb_0": [{"rot": [[1.0, 0.0, 0.0], [0.0, 1.0, 0.0], [0.0, 0.0, 1.0]], "trans": [0.0, 0.0, 0.0]}], "rb_ScNup192_CTD_cyt_in.pdb_0": [{"rot": [[1.0, 0.0, 0.0], [0.0, 1.0, 0.0], [0.0, 0.0, 1.0]], "trans": [0.0, 0.0, 0.0]}], "rb_ScNup192_CTD_nucl_in.pdb_0": [{"rot": [[1.0, 0.0, 0.0], [0.0, 1.0, 0.0], [0.0, 0.0, 1.0]], "trans": [0.0, 0.0, 0.0]}], "rb_ScNup157_NTD_cyt_out.pdb_0": [{"rot": [[1.0, 0.0, 0.0], [0.0, 1.0, 0.0], [0.0, 0.0, 1.0]], "trans": [0.0, 0.0, 0.0]}], "rb_ScNup157_NTD_nucl_out.pdb_0": [{"rot": [[1.0, 0.0, 0.0], [0.0, 1.0, 0.0], [0.0, 0.0, 1.0]], "trans": [0.0, 0.0, 0.0]}], "rb_ScNup157_CTD_cyt_out.pdb_0": [{"rot": [[1.0, 0.0, 0.0], [0.0, 1.0, 0.0], [0.0, 0.0, 1.0]], "trans": [0.0, 0.0, 0.0]}], "rb_ScNup157_CTD_nucl_out.pdb_0": [{"rot": [[1.0, 0.0, 0.0], [0.0, 1.0, 0.0], [0.0, 0.0, 1.0]], "trans": [0.0, 0.0, 0.0]}], "rb_ScNup170_NTD_cyt_in.pdb_0": [{"rot": [[0.9994109023922069, 0.013444670778330942, 0.03157671622028585], [-0.009225324669478936, 0.991450853005599, -0.13015413731116043], [-0.033056641758304375, 0.12978615836109797, 0.9909908231328537]], "trans": [-39.64460912634979, 132.37493969999252, -60.86360351489725]}], "rb_ScNup170_NTD_nucl_in.pdb_0": [{"rot": [[0.9805111089741736, 0.04517801383781922, 0.19119861987970982], [-0.06021784261343652, 0.995468640568272, 0.07359345810695175], [-0.1870074239414557, -0.08367277162151429, 0.9787885832394829]], "trans": [-194.5518032816807, -19.305349372511387, 216.39304978711993]}], "rb_ScNup170_CTD_cyt_in.pdb_0": [{"rot": [[1.0, 0.0, 0.0], [0.0, 1.0, 0.0], [0.0, 0.0, 1.0]], "trans": [0.0, 0.0, 0.0]}], "rb_ScNup170_CTD_nucl_in.pdb_0": [{"rot": [[1.0, 0.0, 0.0], [0.0, 1.0, 0.0], [0.0, 0.0, 1.0]], "trans": [0.0, 0.0, 0.0]}]}
