{"rb_ScNup133N_56-480_renamed_CR.pdb_0": [{"rot": [[1.0, 0.0, 0.0], [0.0, 1.0, 0.0], [0.0, 0.0, 1.0]], "trans": [0.0, 0.0, 0.0]}], "rb_ScNup133N_56-480_renamed_NR.pdb_0": [{"rot": [[0.9792910355897775, -0.2009537787155501, 0.024630193532387566], [0.20231739265654342, 0.9758704871544359, -0.08212469135176204], [-0.007532611908174251, 0.0854070905774566, 0.9963176645211782]], "trans": [142.78815095305993, -3.904724238949939, -61.69156362342949]}], "rb_ScNup133C_490_881_renamed_relative_3CQC_CR.pdb_0": [{"rot": [[0.9998502346994826, 0.009804523718600437, 0.014261117980050036], [-0.010338705285683448, 0.9992288569291314, 0.037878788960541934], [-0.013878737132941387, -0.03802055752817013, 0.999180573200281]], "trans": [-20.660823740141723, -31.8124610192952, 25.8025651280318]}], "rb_ScNup133C_490_881_renamed_relative_3CQC_NR.pdb_0": [{"rot": [[0.9999028145164698, -0.008993147545329296, 0.010652925385585321], [0.008845792661846104, 0.9998656521514518, 0.013799623180949717], [-0.010775596235315248, -0.013704048488695334, 0.9998480312431451]], "trans": [-2.160222809547804, -15.813693645800413, 12.956877949859404]}], "rb_ScNup84_506-726_ScNup133C_882_1155_renamed_relative_3CQC_CR.pdb_0": [{"rot": [[0.9965057285123594, 0.04545404621488706, 0.07007326683369987], [-0.039684746645028836, 0.99587201541327, -0.08163363155239091], [-0.07349458432953997, 0.07856754164033995, 0.9941960005325013]], "trans": [-95.05774483594394, 125.0649271549376, 33.27795291825919]}], "rb_ScNup84_506-726_ScNup133C_882_1155_renamed_relative_3CQC_new_NR.pdb_0": [{"rot": [[0.9999139164820664, 0.003881939947570086, 0.01253356165416032], [-0.003207847438390494, 0.9985700731358297, -0.05336214718614741], [-0.012722788228497319, 0.05331734783114692, 0.9984965653821477]], "trans": [-11.938541237674087, 44.7205654374128, -32.33701136570528]}], "rb_4XMM.renamed.noAb_Nup145c_149-550_Sec13_Nup84_7-436_3IKO_updated_CR.pdb_0": [{"rot": [[0.9996848900322122, 0.022135151000999213, -0.011838738591879273], [-0.021333520251261895, 0.99772065228766, 0.06401859817564878], [0.01322881532764316, -0.06374586330774057, 0.9978784812572008]], "trans": [1.3341410246493979, -56.12171147894185, 28.173272581596166]}], "rb_4XMM.renamed.noAb_Nup145c_149-550_Sec13_Nup84_7-436_3IKO_updated_NR.pdb_0": [{"rot": [[0.9999792860565382, 0.003951444946418631, -0.00508070277534497], [-0.003883211593358265, 0.9999030724764053, 0.013370352275305246], [0.005133042526336926, -0.013350345878664526, 0.9998977048375213]], "trans": [2.2258064735291327, -7.470289996055612, 4.360924213583189]}], "rb_4XMM.renamed.noAb_Seh1_Nup85_47_544_3F3F_CR.pdb_0": [{"rot": [[0.9926927320093829, 0.0784435350222827, 0.09169379275041428], [-0.07003247488397078, 0.9933297814775287, -0.09160457243735907], [-0.09826796160180601, 0.08451365003958396, 0.991564849457469]], "trans": [-148.82883510576596, 157.04250740694994, 21.33293830239245]}], "rb_4XMM.renamed.noAb_Seh1_Nup85_47_544_3F3F_NR.pdb_0": [{"rot": [[0.9992817170707023, 0.03785864867503987, 0.0016651272408776826], [-0.03781275976261713, 0.9990411220553456, -0.022068793386370484], [-0.0024990252825880057, 0.021989978692477364, 0.9997550678589936]], "trans": [-23.103565482943168, 45.396941975129266, -9.678629038023018]}], "rb_4XMM.renamed.noAb_Nup120_715-1036_Nup85_553-744_Nup145c_92-99_554-712_remaining_updated_CR.pdb_0": [{"rot": [[1.0, 0.0, 0.0], [0.0, 1.0, 0.0], [0.0, 0.0, 1.0]], "trans": [0.0, 0.0, 0.0]}], "rb_4XMM.renamed.noAb_Nup120_715-1036_Nup85_553-744_Nup145c_92-99_554-712_remaining_updated_NR.pdb_0": [{"rot": [[1.0, 0.0, 0.0], [0.0, 1.0, 0.0], [0.0, 0.0, 1.0]], "trans": [0.0, 0.0, 0.0]}], "rb_4XMM.renamed.noAb_Nup120_2-711_3F7F_updated_CR.pdb_0": [{"rot": [[0.9981855787246967, -0.05824110742729439, 0.015281486566591566], [0.05784178623350265, 0.998002908753701, 0.025387435563088097], [-0.016729560405472316, -0.024457463580562104, 0.9995608807290557]], "trans": [17.866597629655303, -56.637363744489335, 24.111341516479115]}], "rb_4XMM.renamed.noAb_Nup120_2-711_3F7F_updated_NR.pdb_0": [{"rot": [[0.9923105164091163, 0.08053216627186911, -0.09399153802035899], [-0.0772373551643321, 0.9962811629677678, 0.038186846987026166], [0.09671726831901005, -0.030633552049211556, 0.9948403668417142]], "trans": [37.93643665375407, 22.126003844382808, -44.908448522887284]}], "rb_ScNic96_CTD_cyt_out.pdb_0": [{"rot": [[0.9989651975164977, 0.010722126960216849, -0.044199209769785065], [-0.009747708301586246, 0.9997059623390245, 0.022202951305440206], [0.04442427640031584, -0.02174913463229177, 0.998775980292405]], "trans": [41.029076735450644, -16.229056979284792, -20.21976220258921]}], "rb_ScNic96_CTD_cyt_in.pdb_0": [{"rot": [[1.0, 0.0, 0.0], [0.0, 1.0, 0.0], [0.0, 0.0, 1.0]], "trans": [0.0, 0.0, 0.0]}], "rb_ScNic96_CTD_nucl_in.pdb_0": [{"rot": [[1.0, 0.0, 0.0], [0.0, 1.0, 0.0], [0.0, 0.0, 1.0]], "trans": [0.0, 0.0, 0.0]}], "rb_ScNic96_CTD_nucl_out.pdb_0": [{"rot": [[1.0, 0.0, 0.0], [0.0, 1.0, 0.0], [0.0, 0.0, 1.0]], "trans": [0.0, 0.0, 0.0]}], "rb_ScNsp1_complex_cyt_out.pdb_0": [{"rot": [[1.0, 0.0, 0.0], [0.0, 1.0, 0.0], [0.0, 0.0, 1.0]], "trans": [0.0, 0.0, 0.0]}], "rb_ScNsp1_complex_cyt_in.pdb_0": [{"rot": [[1.0, 0.0, 0.0], [0.0, 1.0, 0.0], [0.0, 0.0, 1.0]], "trans": [0.0, 0.0, 0.0]}], "rb_ScNsp1_complex_nucl_in.pdb_0": [{"rot": [[1.0, 0.0, 0.0], [0.0, 1.0, 0.0], [0.0, 0.0, 1.0]], "trans": [0.0, 0.0, 0.0]}], "rb_ScNsp1_complex_nucl_out.pdb_0": [{"rot": [[1.0, 0.0, 0.0], [0.0, 1.0, 0.0], [0.0, 0.0, 1.0]], "trans": [0.0, 0.0, 0.0]}], "rb_ScNup188_NTD_cyt_out.pdb_0": [{"rot": [[1.0, 0.0, 0.0], [0.0, 1.0, 0.0], [0.0, 0.0, 1.0]], "trans": [0.0, 0.0, 0.0]}], "rb_ScNup188_NTD_nucl_out.pdb_0": [{"rot": [[1.0, 0.0, 0.0], [0.0, 1.0, 0.0], [0.0, 0.0, 1.0]], "trans": [0.0, 0.0, 0.0]}], "rb_ScNup188_CTD_cyt_out.pdb_0": [{"rot": [[1.0, 0.0, 0.0], [0.0, 1.0, 0.0], [0.0, 0.0, 1.0]], "trans": [0.0, 0.0, 0.0]}], "rb_ScNup188_CTD_nucl_out.pdb_0": [{"rot": [[1.0, 0.0, 0.0], [0.0, 1.0, 0.0], [0.0, 0.0, 1.0]], "trans": [0.0, 0.0, 0.0]}], "rb_ScNup192_NTD_cyt_in.pdb_0": [{"rot": [[1.0, 0.0, 0.0], [0.0, 1.0, 0.0], [0.0, 0.0, 1.0]], "trans": [0.0, 0.0, 0.0]}], "rb_ScNup192_NTD_nucl_in.pdb_0": [{"rot": [[0.9999847590703197, -0.00023811928535385154, 0.005515879465727838], [0.00023468148706347913, 0.999999777840634, 0.000623893646582875], [-0.0055160268014328145, -0.0006225896630681996, 0.9999845927965276]], "trans": [-4.87737034139127, -0.45340662111516394, 4.115996391649901]}], "rb_ScNup192_CTD_cyt_in.pdb_0": [{"rot": [[1.0, 0.0, 0.0], [0.0, 1.0, 0.0], [0.0, 0.0, 1.0]], "trans": [0.0, 0.0, 0.0]}], "rb_ScNup192_CTD_nucl_in.pdb_0": [{"rot": [[1.0, 0.0, 0.0], [0.0, 1.0, 0.0], [0.0, 0.0, 1.0]], "trans": [0.0, 0.0, 0.0]}], "rb_ScNup157_NTD_cyt_out.pdb_0": [{"rot": [[1.0, 0.0, 0.0], [0.0, 1.0, 0.0], [0.0, 0.0, 1.0]], "trans": [0.0, 0.0, 0.0]}], "rb_ScNup157_NTD_nucl_out.pdb_0": [{"rot": [[1.0, 0.0, 0.0], [0.0, 1.0, 0.0], [0.0, 0.0, 1.0]], "trans": [0.0, 0.0, 0.0]}], "rb_ScNup157_CTD_cyt_out.pdb_0": [{"rot": [[1.0, 0.0, 0.0], [0.0, 1.0, 0.0], [0.0, 0.0, 1.0]], "trans": [0.0, 0.0, 0.0]}], "rb_ScNup157_CTD_nucl_out.pdb_0": [{"rot": [[1.0, 0.0, 0.0], [0.0, 1.0, 0.0], [0.0, 0.0, 1.0]], "trans": [0.0, 0.0, 0.0]}], "rb_ScNup170_NTD_cyt_in.pdb_0": [{"rot": [[0.990875843758021, -0.1286651686020906, -0.0401290000551508], [0.12290817155251786, 0.9848050898382921, -0.12268869709232022], [0.05530500540138779, 0.11663708422791555, 0.9916335749460903]], "trans": [133.08835792794855, 48.69275399786898, -107.55011855912744]}], "rb_ScNup170_NTD_nucl_in.pdb_0": [{"rot": [[0.9978555820265301, 0.060175804844829546, 0.0257509209499693], [-0.0607618068904475, 0.9978961136433223, 0.022613031618094286], [-0.024335986561110384, -0.02412921231267102, 0.9994125979150289]], "trans": [-56.63011486691266, 28.370214681608218, 34.57315292785381]}], "rb_ScNup170_CTD_cyt_in.pdb_0": [{"rot": [[1.0, 0.0, 0.0], [0.0, 1.0, 0.0], [0.0, 0.0, 1.0]], "trans": [0.0, 0.0, 0.0]}], "rb_ScNup170_CTD_nucl_in.pdb_0": [{"rot": [[1.0, 0.0, 0.0], [0.0, 1.0, 0.0], [0.0, 0.0, 1.0]], "trans": [0.0, 0.0, 0.0]}]}
