{"rb_ScNup133N_56-480_renamed_CR.pdb_0": [{"rot": [[0.9984700722433689, 0.03117572749252724, -0.04566824771800676], [-0.03052887406234358, 0.9994243972058828, 0.014793989257236453], [0.04610317432462882, -0.013377155339209567, 0.9988471099383646]], "trans": [42.08590434739858, 10.855401025242713, -33.01924290602096]}], "rb_ScNup133N_56-480_renamed_NR.pdb_0": [{"rot": [[0.9727015357625703, -0.2182531828369525, -0.07884967030163498], [0.22046684273049738, 0.9751801245001026, 0.020447396812557986], [0.07242992186646952, -0.037272952143663975, 0.9966767948823294]], "trans": [241.5820484240051, -93.78451927145295, 1.9498351457888248]}], "rb_ScNup133C_490_881_renamed_relative_3CQC_CR.pdb_0": [{"rot": [[1.0, 0.0, 0.0], [0.0, 1.0, 0.0], [0.0, 0.0, 1.0]], "trans": [0.0, 0.0, 0.0]}], "rb_ScNup133C_490_881_renamed_relative_3CQC_NR.pdb_0": [{"rot": [[0.9978576564854923, -0.021729478621313924, 0.061708404226062906], [0.0209783883442743, 0.9996980699777841, 0.01279359625633442], [-0.06196777078254578, -0.011471645110407627, 0.9980122227421379]], "trans": [-31.665376151776854, -19.984343957882743, 38.15257331504051]}], "rb_ScNup84_506-726_ScNup133C_882_1155_renamed_relative_3CQC_CR.pdb_0": [{"rot": [[0.992093542380865, -0.09684011295223881, 0.07982728662296033], [0.09355118380543533, 0.9946431563442082, 0.04396780124400709], [-0.08365751116778629, -0.036152234523311066, 0.9958385595889441]], "trans": [-43.91344433846439, -119.12554718619919, 86.6581008370556]}], "rb_ScNup84_506-726_ScNup133C_882_1155_renamed_relative_3CQC_new_NR.pdb_0": [{"rot": [[0.9993743248176373, -0.03131678232968902, 0.016438310126248853], [0.032738646638636064, 0.9949512530567092, -0.09486930513688387], [-0.013384315879505445, 0.09534811579365128, 0.9953540058205615]], "trans": [11.321892044290905, 62.117745607809525, -59.79823835398304]}], "rb_4XMM.renamed.noAb_Nup145c_149-550_Sec13_Nup84_7-436_3IKO_updated_CR.pdb_0": [{"rot": [[1.0, 0.0, 0.0], [0.0, 1.0, 0.0], [0.0, 0.0, 1.0]], "trans": [0.0, 0.0, 0.0]}], "rb_4XMM.renamed.noAb_Nup145c_149-550_Sec13_Nup84_7-436_3IKO_updated_NR.pdb_0": [{"rot": [[0.9995945284804894, 0.02274983657171975, -0.017123772009358038], [-0.022558841131940455, 0.9996820423463556, 0.011265562436179368], [0.017374617079299985, -0.010874702119121551, 0.9997899096986168]], "trans": [0.37889143809786674, 5.842960969839851, -4.742996849028714]}], "rb_4XMM.renamed.noAb_Seh1_Nup85_47_544_3F3F_CR.pdb_0": [{"rot": [[0.9966399217488107, -0.005242955096986111, 0.08173969536507188], [0.010801540629279283, 0.9976465422641416, -0.06771043810547589], [-0.081192321660104, 0.06836584037552995, 0.9943510038076036]], "trans": [-86.26886216852688, 73.16242574131172, 14.447899113305994]}], "rb_4XMM.renamed.noAb_Seh1_Nup85_47_544_3F3F_NR.pdb_0": [{"rot": [[0.9985416540373724, 0.0324707337761235, 0.0431302283827507], [-0.030496212728274196, 0.9984907329825354, -0.04567534517910669], [-0.04454824532504023, 0.04429342610409371, 0.9980248224580492]], "trans": [-51.18759571591431, 59.30941144478686, 8.249153517122522]}], "rb_4XMM.renamed.noAb_Nup120_715-1036_Nup85_553-744_Nup145c_92-99_554-712_remaining_updated_CR.pdb_0": [{"rot": [[0.9997082520858434, 0.020582705743018993, -0.0126397363803329], [-0.01998181994129232, 0.9987436528640918, 0.045954790125996355], [0.013569730406378412, -0.04568881797537438, 0.9988635514066531]], "trans": [1.9536296648913094, -40.09739347475863, 18.840810011754684]}], "rb_4XMM.renamed.noAb_Nup120_715-1036_Nup85_553-744_Nup145c_92-99_554-712_remaining_updated_NR.pdb_0": [{"rot": [[1.0, 0.0, 0.0], [0.0, 1.0, 0.0], [0.0, 0.0, 1.0]], "trans": [0.0, 0.0, 0.0]}], "rb_4XMM.renamed.noAb_Nup120_2-711_3F7F_updated_CR.pdb_0": [{"rot": [[0.999700071510686, -0.022491486360248576, 0.009690204478560558], [0.022376564652483385, 0.9996798657826006, 0.011809119494489735], [-0.009952706962570236, -0.01158874411610933, 0.9998833155093291]], "trans": [0.5682929223453357, -25.82098729715051, 10.794412369821657]}], "rb_4XMM.renamed.noAb_Nup120_2-711_3F7F_updated_NR.pdb_0": [{"rot": [[0.9938001306766984, 0.0030742108747431832, -0.11113887481198963], [0.002320638076440968, 0.9988263262082899, 0.04837958983052085], [0.11115716308855524, -0.04833755580031819, 0.9926265993783141]], "trans": [91.29907782114537, -37.80028475900468, -41.45831869633139]}], "rb_ScNic96_CTD_cyt_out.pdb_0": [{"rot": [[0.995010244261019, 0.024817802799876457, -0.09663690019766533], [-0.02516100833937677, 0.9996806862886195, -0.002334335207351182], [0.09654810963956206, 0.004754169296618574, 0.9953169647902752]], "trans": [90.34053092479542, 22.172697389815312, -70.63716015038995]}], "rb_ScNic96_CTD_cyt_in.pdb_0": [{"rot": [[1.0, 0.0, 0.0], [0.0, 1.0, 0.0], [0.0, 0.0, 1.0]], "trans": [0.0, 0.0, 0.0]}], "rb_ScNic96_CTD_nucl_in.pdb_0": [{"rot": [[1.0, 0.0, 0.0], [0.0, 1.0, 0.0], [0.0, 0.0, 1.0]], "trans": [0.0, 0.0, 0.0]}], "rb_ScNic96_CTD_nucl_out.pdb_0": [{"rot": [[0.99994490680026, 0.005416188042248579, 0.008991566677190433], [-0.005422061350188135, 0.9999851027232557, 0.0006289533165668225], [-0.008988026197900957, -0.0006776714916741596, 0.9999593772481036]], "trans": [-11.112203327462453, 1.9719317234857954, 7.109907266404662]}], "rb_ScNsp1_complex_cyt_out.pdb_0": [{"rot": [[1.0, 0.0, 0.0], [0.0, 1.0, 0.0], [0.0, 0.0, 1.0]], "trans": [0.0, 0.0, 0.0]}], "rb_ScNsp1_complex_cyt_in.pdb_0": [{"rot": [[1.0, 0.0, 0.0], [0.0, 1.0, 0.0], [0.0, 0.0, 1.0]], "trans": [0.0, 0.0, 0.0]}], "rb_ScNsp1_complex_nucl_in.pdb_0": [{"rot": [[1.0, 0.0, 0.0], [0.0, 1.0, 0.0], [0.0, 0.0, 1.0]], "trans": [0.0, 0.0, 0.0]}], "rb_ScNsp1_complex_nucl_out.pdb_0": [{"rot": [[1.0, 0.0, 0.0], [0.0, 1.0, 0.0], [0.0, 0.0, 1.0]], "trans": [0.0, 0.0, 0.0]}], "rb_ScNup188_NTD_cyt_out.pdb_0": [{"rot": [[1.0, 0.0, 0.0], [0.0, 1.0, 0.0], [0.0, 0.0, 1.0]], "trans": [0.0, 0.0, 0.0]}], "rb_ScNup188_NTD_nucl_out.pdb_0": [{"rot": [[1.0, 0.0, 0.0], [0.0, 1.0, 0.0], [0.0, 0.0, 1.0]], "trans": [0.0, 0.0, 0.0]}], "rb_ScNup188_CTD_cyt_out.pdb_0": [{"rot": [[1.0, 0.0, 0.0], [0.0, 1.0, 0.0], [0.0, 0.0, 1.0]], "trans": [0.0, 0.0, 0.0]}], "rb_ScNup188_CTD_nucl_out.pdb_0": [{"rot": [[1.0, 0.0, 0.0], [0.0, 1.0, 0.0], [0.0, 0.0, 1.0]], "trans": [0.0, 0.0, 0.0]}], "rb_ScNup192_NTD_cyt_in.pdb_0": [{"rot": [[1.0, 0.0, 0.0], [0.0, 1.0, 0.0], [0.0, 0.0, 1.0]], "trans": [0.0, 0.0, 0.0]}], "rb_ScNup192_NTD_nucl_in.pdb_0": [{"rot": [[1.0, 0.0, 0.0], [0.0, 1.0, 0.0], [0.0, 0.0, 1.0]], "trans": [0.0, 0.0, 0.0]}], "rb_ScNup192_CTD_cyt_in.pdb_0": [{"rot": [[1.0, 0.0, 0.0], [0.0, 1.0, 0.0], [0.0, 0.0, 1.0]], "trans": [0.0, 0.0, 0.0]}], "rb_ScNup192_CTD_nucl_in.pdb_0": [{"rot": [[1.0, 0.0, 0.0], [0.0, 1.0, 0.0], [0.0, 0.0, 1.0]], "trans": [0.0, 0.0, 0.0]}], "rb_ScNup157_NTD_cyt_out.pdb_0": [{"rot": [[1.0, 0.0, 0.0], [0.0, 1.0, 0.0], [0.0, 0.0, 1.0]], "trans": [0.0, 0.0, 0.0]}], "rb_ScNup157_NTD_nucl_out.pdb_0": [{"rot": [[1.0, 0.0, 0.0], [0.0, 1.0, 0.0], [0.0, 0.0, 1.0]], "trans": [0.0, 0.0, 0.0]}], "rb_ScNup157_CTD_cyt_out.pdb_0": [{"rot": [[1.0, 0.0, 0.0], [0.0, 1.0, 0.0], [0.0, 0.0, 1.0]], "trans": [0.0, 0.0, 0.0]}], "rb_ScNup157_CTD_nucl_out.pdb_0": [{"rot": [[0.9987494611550246, -0.02741348068517439, -0.04180926834173555], [0.02621051081870331, 0.9992341261854792, -0.02905460701789556], [0.04257373562620875, 0.027922430823001065, 0.9987030664275364]], "trans": [55.17614584294358, 9.390699185913604, -44.45621259389884]}], "rb_ScNup170_NTD_cyt_in.pdb_0": [{"rot": [[0.9572559188618129, -0.2796459718173826, -0.0738866446006227], [0.2775521408746382, 0.9599807549600446, -0.03744007481628017], [0.08139972297208443, 0.015332336829566931, 0.9965635978438173]], "trans": [291.3690038219772, -106.61549688498826, -56.59886583456887]}], "rb_ScNup170_NTD_nucl_in.pdb_0": [{"rot": [[0.9692352245171665, 0.0292095609326547, 0.24439697441924166], [-0.048824285698326655, 0.9960185225958968, 0.07458747731311997], [-0.24124524592456967, -0.0842253180226026, 0.9668023723195891]], "trans": [-229.42727080171164, -29.701552182213618, 271.128069045566]}], "rb_ScNup170_CTD_cyt_in.pdb_0": [{"rot": [[1.0, 0.0, 0.0], [0.0, 1.0, 0.0], [0.0, 0.0, 1.0]], "trans": [0.0, 0.0, 0.0]}], "rb_ScNup170_CTD_nucl_in.pdb_0": [{"rot": [[1.0, 0.0, 0.0], [0.0, 1.0, 0.0], [0.0, 0.0, 1.0]], "trans": [0.0, 0.0, 0.0]}]}
