{"rb_ScNup133N_56-480_renamed_CR.pdb_0": [{"rot": [[0.999416539079567, 0.01313437164264794, -0.03152887082934016], [-0.017872987478056913, 0.98774174338897, -0.1550703217431613], [0.029105630603538418, 0.15554335938403527, 0.9874001851421234]], "trans": [32.64683248612005, 194.29091966363512, -69.41966714251225]}], "rb_ScNup133N_56-480_renamed_NR.pdb_0": [{"rot": [[0.9988015586127481, -0.04691707092836112, -0.013936820593244872], [0.045993546693390404, 0.9971087761316118, -0.060487041784854555], [0.016734400954562998, 0.059773547801874334, 0.9980716821991642]], "trans": [50.52709341156441, 29.591790698043724, -51.697986391217796]}], "rb_ScNup133C_490_881_renamed_relative_3CQC_CR.pdb_0": [{"rot": [[0.9999946235099726, 0.0012301837560957168, 0.0030396708826340487], [-0.0012283512634519553, 0.9999990627739634, -0.0006046522708541277], [-0.0030404118671770453, 0.0006009152363780616, 0.9999951973867458]], "trans": [-3.1057447025481224, 4.099003195281455, 2.671259521084721]}], "rb_ScNup133C_490_881_renamed_relative_3CQC_NR.pdb_0": [{"rot": [[0.9974481944363109, -0.015714456389529324, 0.06964305619460276], [0.01324199286987418, 0.9992704322204662, 0.03582251965951878], [-0.0701551782876875, -0.03480889470098108, 0.9969285790913602]], "trans": [-39.19928427642395, -33.821293553018904, 58.40269187868557]}], "rb_ScNup84_506-726_ScNup133C_882_1155_renamed_relative_3CQC_CR.pdb_0": [{"rot": [[1.0, 0.0, 0.0], [0.0, 1.0, 0.0], [0.0, 0.0, 1.0]], "trans": [0.0, 0.0, 0.0]}], "rb_ScNup84_506-726_ScNup133C_882_1155_renamed_relative_3CQC_new_NR.pdb_0": [{"rot": [[0.9921991264029884, 0.03369871557361239, 0.1200220402002705], [-0.024687475679827528, 0.9968180602476939, -0.07579105031982834], [-0.12219419834715763, 0.07223677271801117, 0.9898739447816485]], "trans": [-111.78803569884622, 73.99802109539257, 13.46624315981785]}], "rb_4XMM.renamed.noAb_Nup145c_149-550_Sec13_Nup84_7-436_3IKO_updated_CR.pdb_0": [{"rot": [[1.0, 0.0, 0.0], [0.0, 1.0, 0.0], [0.0, 0.0, 1.0]], "trans": [0.0, 0.0, 0.0]}], "rb_4XMM.renamed.noAb_Nup145c_149-550_Sec13_Nup84_7-436_3IKO_updated_NR.pdb_0": [{"rot": [[0.9933147984678972, -0.020301847206727546, -0.11363778484586651], [0.022121832561517205, 0.9996460624163266, 0.014777497069998716], [0.1132975536752712, -0.017192582572967692, 0.993412341092897]], "trans": [105.4513021732671, -25.57642512454015, -55.272935132476505]}], "rb_4XMM.renamed.noAb_Seh1_Nup85_47_544_3F3F_CR.pdb_0": [{"rot": [[0.9911968506646099, 0.013346196956254757, 0.13172198851886732], [-0.0031585478996704252, 0.997006761203444, -0.07724986530593318], [-0.13235870506969025, 0.07615377299532956, 0.988272116398541]], "trans": [-154.33597221513423, 95.30297392570219, 52.298714950868316]}], "rb_4XMM.renamed.noAb_Seh1_Nup85_47_544_3F3F_NR.pdb_0": [{"rot": [[0.9976307207139714, -0.06389971095155379, -0.025490626277713636], [0.06103141258568605, 0.9930385349863191, -0.1007453954780135], [0.03175077582544955, 0.098950972569922, 0.9945856389783381]], "trans": [57.85808410870868, 41.84757199414253, -72.86940378670772]}], "rb_4XMM.renamed.noAb_Nup120_715-1036_Nup85_553-744_Nup145c_92-99_554-712_remaining_updated_CR.pdb_0": [{"rot": [[0.9997359587891019, 0.021452233041976784, 0.00823495000276379], [-0.021369666497253283, 0.9997217626031147, -0.009986727768273923], [-0.008446896343123334, 0.009808112725400461, 0.9999162219240842]], "trans": [-20.705270917473513, 23.81648333440512, -0.2174996408102743]}], "rb_4XMM.renamed.noAb_Nup120_715-1036_Nup85_553-744_Nup145c_92-99_554-712_remaining_updated_NR.pdb_0": [{"rot": [[0.9999619304630708, 0.006266960368786915, 0.0060714769459311235], [-0.006304435363378832, 0.9999610736195282, 0.0061729523268414105], [-0.006032554957718774, -0.006210994559370709, 0.9999625152110782]], "trans": [-8.825558317967761, -0.861172402667421, 8.431476543040048]}], "rb_4XMM.renamed.noAb_Nup120_2-711_3F7F_updated_CR.pdb_0": [{"rot": [[0.9487199238586178, -0.3120365584149253, -0.05063291702309429], [0.2998749691835053, 0.9390351986626898, -0.1681900666796786], [0.10002754086195655, 0.14438172282214914, 0.9844533555146316]], "trans": [261.18521077274545, 54.73887670448312, -117.65000952750188]}], "rb_4XMM.renamed.noAb_Nup120_2-711_3F7F_updated_NR.pdb_0": [{"rot": [[0.9756614513622459, 0.018575742371645772, -0.21849410546066936], [0.014061047330324341, 0.9890551602994975, 0.14687469772874231], [0.21883102904682014, -0.14637223671269525, 0.964721798782443]], "trans": [177.27553379949632, -119.29051723132221, -40.677998094806185]}], "rb_ScNic96_CTD_cyt_out.pdb_0": [{"rot": [[0.9918969583655356, 0.038253504965000386, -0.1211490542393609], [-0.044630243763635384, 0.9977331257294001, -0.05036617082764591], [0.11894774199957478, 0.05536496347089752, 0.9913557159229319]], "trans": [113.32487113156787, 89.41354000779211, -113.05046485582466]}], "rb_ScNic96_CTD_cyt_in.pdb_0": [{"rot": [[1.0, 0.0, 0.0], [0.0, 1.0, 0.0], [0.0, 0.0, 1.0]], "trans": [0.0, 0.0, 0.0]}], "rb_ScNic96_CTD_nucl_in.pdb_0": [{"rot": [[1.0, 0.0, 0.0], [0.0, 1.0, 0.0], [0.0, 0.0, 1.0]], "trans": [0.0, 0.0, 0.0]}], "rb_ScNic96_CTD_nucl_out.pdb_0": [{"rot": [[0.9989272602027123, 0.030022564319886407, -0.03525584285704824], [-0.029822961101217533, 0.9995361288881351, 0.006173980764141678], [0.0354248474246236, -0.0051159240591519065, 0.999359248471721]], "trans": [11.173932850351775, 11.956171372335575, -15.184259567238655]}], "rb_ScNsp1_complex_cyt_out.pdb_0": [{"rot": [[0.9987535605073147, -0.049829687307691155, -0.0028857645051503025], [0.049811532490009434, 0.9987402860688775, -0.006054107205310442], [0.0031838035363690852, 0.005902816774589982, 0.9999775098216795]], "trans": [38.06532015975574, -29.867390826557312, -6.268325574814412]}], "rb_ScNsp1_complex_cyt_in.pdb_0": [{"rot": [[1.0, 0.0, 0.0], [0.0, 1.0, 0.0], [0.0, 0.0, 1.0]], "trans": [0.0, 0.0, 0.0]}], "rb_ScNsp1_complex_nucl_in.pdb_0": [{"rot": [[1.0, 0.0, 0.0], [0.0, 1.0, 0.0], [0.0, 0.0, 1.0]], "trans": [0.0, 0.0, 0.0]}], "rb_ScNsp1_complex_nucl_out.pdb_0": [{"rot": [[1.0, 0.0, 0.0], [0.0, 1.0, 0.0], [0.0, 0.0, 1.0]], "trans": [0.0, 0.0, 0.0]}], "rb_ScNup188_NTD_cyt_out.pdb_0": [{"rot": [[1.0, 0.0, 0.0], [0.0, 1.0, 0.0], [0.0, 0.0, 1.0]], "trans": [0.0, 0.0, 0.0]}], "rb_ScNup188_NTD_nucl_out.pdb_0": [{"rot": [[1.0, 0.0, 0.0], [0.0, 1.0, 0.0], [0.0, 0.0, 1.0]], "trans": [0.0, 0.0, 0.0]}], "rb_ScNup188_CTD_cyt_out.pdb_0": [{"rot": [[1.0, 0.0, 0.0], [0.0, 1.0, 0.0], [0.0, 0.0, 1.0]], "trans": [0.0, 0.0, 0.0]}], "rb_ScNup188_CTD_nucl_out.pdb_0": [{"rot": [[0.9989950578465323, 0.02048076219992946, 0.039867440072237185], [-0.020778175421853964, 0.9997591828547558, 0.007060008762698284], [-0.03971324494853256, -0.007881286525729992, 0.9991800355783522]], "trans": [-48.31378217596932, 8.856186343951208, 34.246691085965494]}], "rb_ScNup192_NTD_cyt_in.pdb_0": [{"rot": [[1.0, 0.0, 0.0], [0.0, 1.0, 0.0], [0.0, 0.0, 1.0]], "trans": [0.0, 0.0, 0.0]}], "rb_ScNup192_NTD_nucl_in.pdb_0": [{"rot": [[0.9997721356969902, 0.008463838550065068, 0.019596941620497525], [-0.00940348545817822, 0.9987855192150792, 0.048363840495792045], [-0.019163797773838736, -0.048537099658539716, 0.998637521231613]], "trans": [-23.10531139222303, -36.65813601841808, 47.12003210233718]}], "rb_ScNup192_CTD_cyt_in.pdb_0": [{"rot": [[1.0, 0.0, 0.0], [0.0, 1.0, 0.0], [0.0, 0.0, 1.0]], "trans": [0.0, 0.0, 0.0]}], "rb_ScNup192_CTD_nucl_in.pdb_0": [{"rot": [[1.0, 0.0, 0.0], [0.0, 1.0, 0.0], [0.0, 0.0, 1.0]], "trans": [0.0, 0.0, 0.0]}], "rb_ScNup157_NTD_cyt_out.pdb_0": [{"rot": [[1.0, 0.0, 0.0], [0.0, 1.0, 0.0], [0.0, 0.0, 1.0]], "trans": [0.0, 0.0, 0.0]}], "rb_ScNup157_NTD_nucl_out.pdb_0": [{"rot": [[1.0, 0.0, 0.0], [0.0, 1.0, 0.0], [0.0, 0.0, 1.0]], "trans": [0.0, 0.0, 0.0]}], "rb_ScNup157_CTD_cyt_out.pdb_0": [{"rot": [[1.0, 0.0, 0.0], [0.0, 1.0, 0.0], [0.0, 0.0, 1.0]], "trans": [0.0, 0.0, 0.0]}], "rb_ScNup157_CTD_nucl_out.pdb_0": [{"rot": [[0.9999903075256271, 0.004363998026444524, 0.0005834175406944133], [-0.0043537208539507965, 0.9998529351391745, -0.016587742712723588], [-0.0006557206169364832, 0.016585041899338963, 0.9998622437194384]], "trans": [-3.3614144480466166, 17.311530170465744, -9.08512659261612]}], "rb_ScNup170_NTD_cyt_in.pdb_0": [{"rot": [[0.9922778865144762, -0.12011772598169847, -0.030924550754214592], [0.10443728487062516, 0.9436175408972239, -0.31413180361104415], [0.06691374644433148, 0.3084763660575333, 0.948875588325847]], "trans": [125.2556236799607, 271.6702238439411, -212.789617521149]}], "rb_ScNup170_NTD_nucl_in.pdb_0": [{"rot": [[0.9973755038699885, 0.053335966782604494, -0.04896303633816206], [-0.05397005525119411, 0.998473772612507, -0.011720006020973037], [0.04826320975930138, 0.014331784686964107, 0.9987318271345]], "trans": [22.025217868456252, 56.390804467417865, -45.062169718902624]}], "rb_ScNup170_CTD_cyt_in.pdb_0": [{"rot": [[1.0, 0.0, 0.0], [0.0, 1.0, 0.0], [0.0, 0.0, 1.0]], "trans": [0.0, 0.0, 0.0]}], "rb_ScNup170_CTD_nucl_in.pdb_0": [{"rot": [[1.0, 0.0, 0.0], [0.0, 1.0, 0.0], [0.0, 0.0, 1.0]], "trans": [0.0, 0.0, 0.0]}]}
