{"rb_ScNup133N_56-480_renamed_CR.pdb_0": [{"rot": [[0.9999648942004186, -0.004200161150570193, -0.007250449162289218], [0.0043706956420956206, 0.9997103388771064, 0.023667179000150862], [0.007148943023263361, -0.02369803765146508, 0.999693600872347]], "trans": [11.191716944965833, -30.570064741994088, 4.42678919424452]}], "rb_ScNup133N_56-480_renamed_NR.pdb_0": [{"rot": [[1.0, 0.0, 0.0], [0.0, 1.0, 0.0], [0.0, 0.0, 1.0]], "trans": [0.0, 0.0, 0.0]}], "rb_ScNup133C_490_881_renamed_relative_3CQC_CR.pdb_0": [{"rot": [[0.9999984010405695, 0.0003204837377780645, -0.001759319890751862], [-0.00032392742466404455, 0.9999980317071561, -0.0019574608137611503], [0.0017586890935369624, 0.0019580275758220938, 0.9999965365643445]], "trans": [2.5883811254270768, 1.4819139809937951, -0.5008171976146514]}], "rb_ScNup133C_490_881_renamed_relative_3CQC_NR.pdb_0": [{"rot": [[1.0, 0.0, 0.0], [0.0, 1.0, 0.0], [0.0, 0.0, 1.0]], "trans": [0.0, 0.0, 0.0]}], "rb_ScNup84_506-726_ScNup133C_882_1155_renamed_relative_3CQC_CR.pdb_0": [{"rot": [[0.9992224745962143, 0.01734117126208054, 0.03540805051224658], [-0.013920374699938813, 0.9954114620297428, -0.09466913133658644], [-0.036887252947758485, 0.09410263035149305, 0.9948788999324988]], "trans": [-46.10042901776126, 117.78078422708478, -0.40438825124238065]}], "rb_ScNup84_506-726_ScNup133C_882_1155_renamed_relative_3CQC_new_NR.pdb_0": [{"rot": [[0.9985233905613776, -0.054187712685458765, 0.0038380067390182907], [0.05426507756592263, 0.991683000155137, -0.11670530647777377], [0.002517907578720722, 0.11674124805408273, 0.9931591721089829]], "trans": [36.281334712941884, 70.96973482622718, -79.9966733139621]}], "rb_4XMM.renamed.noAb_Nup145c_149-550_Sec13_Nup84_7-436_3IKO_updated_CR.pdb_0": [{"rot": [[0.9998927719657271, 0.013937776215307947, 0.004492545477408554], [-0.014017176517627523, 0.9997369149826263, 0.01815542848557615], [-0.00423831725667859, -0.018216454517638564, 0.9998250834279157]], "trans": [-13.129572118635224, -12.527772118143048, 12.594807650179746]}], "rb_4XMM.renamed.noAb_Nup145c_149-550_Sec13_Nup84_7-436_3IKO_updated_NR.pdb_0": [{"rot": [[0.9997936664529367, 0.019691961974921252, 0.004985093195987017], [-0.019859716916436686, 0.9991472978018637, 0.0361976372051139], [-0.004268039900635787, -0.036289170957908415, 0.9993322169862205]], "trans": [-17.356637633103446, -15.005176920827466, 24.467431779496223]}], "rb_4XMM.renamed.noAb_Seh1_Nup85_47_544_3F3F_CR.pdb_0": [{"rot": [[0.9974087494255289, 0.051197798422060486, 0.05054277402492126], [-0.046966783196629225, 0.9955564132069085, -0.08161831533886356], [-0.05449686087804527, 0.07903299032256976, 0.9953812729779025]], "trans": [-84.34430982428671, 127.77388787954703, -10.18067708200283]}], "rb_4XMM.renamed.noAb_Seh1_Nup85_47_544_3F3F_NR.pdb_0": [{"rot": [[0.999879309423696, 0.013041866541023982, -0.008442529450267203], [-0.0148645069869884, 0.9611169444460048, -0.27574130182257556], [0.004518076850417979, 0.2758335164839492, 0.9611948076044068]], "trans": [0.07333015179142421, 249.15732209324358, -131.7007951402768]}], "rb_4XMM.renamed.noAb_Nup120_715-1036_Nup85_553-744_Nup145c_92-99_554-712_remaining_updated_CR.pdb_0": [{"rot": [[0.9998786334524475, 0.015557370942057069, 0.0008285979949119534], [-0.015561389179038994, 0.999865976383746, 0.005086495551625162], [-0.0007493544451204988, -0.005098772357092716, 0.9999867204060092]], "trans": [-9.896911649739991, 2.8478533657947764, 3.2203358827230204]}], "rb_4XMM.renamed.noAb_Nup120_715-1036_Nup85_553-744_Nup145c_92-99_554-712_remaining_updated_NR.pdb_0": [{"rot": [[1.0, 0.0, 0.0], [0.0, 1.0, 0.0], [0.0, 0.0, 1.0]], "trans": [0.0, 0.0, 0.0]}], "rb_4XMM.renamed.noAb_Nup120_2-711_3F7F_updated_CR.pdb_0": [{"rot": [[0.9839309687503704, -0.17847116486491396, 0.005281292050048203], [0.17839830463425807, 0.9814526157965987, -0.07017697521008007], [0.00734122861513359, 0.0699914727504318, 0.9975205762813345]], "trans": [103.32168086293484, -10.745510765220274, -41.01910845829093]}], "rb_4XMM.renamed.noAb_Nup120_2-711_3F7F_updated_NR.pdb_0": [{"rot": [[0.9614939300955355, -0.09696266225468722, -0.25715299826742233], [0.1072691232103308, 0.9938814810692537, 0.02632369262230919], [0.2530271874623917, -0.052894647329105024, 0.9660121110466481]], "trans": [273.7347958846598, -87.97653292106173, -113.31625251358003]}], "rb_ScNic96_CTD_cyt_out.pdb_0": [{"rot": [[0.9991127337123477, -0.03378827541119722, -0.025141554816215862], [0.03394069917981096, 0.9994078175122759, 0.005660674388731738], [0.024935402002479963, -0.006508973812111148, 0.9996678743397168]], "trans": [48.30694370772278, -30.56776693783479, -14.189938107031594]}], "rb_ScNic96_CTD_cyt_in.pdb_0": [{"rot": [[1.0, 0.0, 0.0], [0.0, 1.0, 0.0], [0.0, 0.0, 1.0]], "trans": [0.0, 0.0, 0.0]}], "rb_ScNic96_CTD_nucl_in.pdb_0": [{"rot": [[1.0, 0.0, 0.0], [0.0, 1.0, 0.0], [0.0, 0.0, 1.0]], "trans": [0.0, 0.0, 0.0]}], "rb_ScNic96_CTD_nucl_out.pdb_0": [{"rot": [[0.9961351237338876, 0.08140808432620884, 0.03297785726831887], [-0.08300734003812167, 0.9952716709136102, 0.05043889943908575], [-0.028715792927732006, -0.05298136354575478, 0.9981825375918798]], "trans": [-80.48273194634362, 11.244867727991846, 57.819678112542306]}], "rb_ScNsp1_complex_cyt_out.pdb_0": [{"rot": [[1.0, 0.0, 0.0], [0.0, 1.0, 0.0], [0.0, 0.0, 1.0]], "trans": [0.0, 0.0, 0.0]}], "rb_ScNsp1_complex_cyt_in.pdb_0": [{"rot": [[1.0, 0.0, 0.0], [0.0, 1.0, 0.0], [0.0, 0.0, 1.0]], "trans": [0.0, 0.0, 0.0]}], "rb_ScNsp1_complex_nucl_in.pdb_0": [{"rot": [[1.0, 0.0, 0.0], [0.0, 1.0, 0.0], [0.0, 0.0, 1.0]], "trans": [0.0, 0.0, 0.0]}], "rb_ScNsp1_complex_nucl_out.pdb_0": [{"rot": [[1.0, 0.0, 0.0], [0.0, 1.0, 0.0], [0.0, 0.0, 1.0]], "trans": [0.0, 0.0, 0.0]}], "rb_ScNup188_NTD_cyt_out.pdb_0": [{"rot": [[1.0, 0.0, 0.0], [0.0, 1.0, 0.0], [0.0, 0.0, 1.0]], "trans": [0.0, 0.0, 0.0]}], "rb_ScNup188_NTD_nucl_out.pdb_0": [{"rot": [[0.9999012554761132, -0.010490563054645703, 0.009350261177583365], [0.010701591405000824, 0.9996824831571015, -0.02281247049865543], [-0.009107976651975594, 0.0229102805667699, 0.9996960357056833]], "trans": [-0.9300453727823879, 12.498506890553244, -8.809745521570107]}], "rb_ScNup188_CTD_cyt_out.pdb_0": [{"rot": [[1.0, 0.0, 0.0], [0.0, 1.0, 0.0], [0.0, 0.0, 1.0]], "trans": [0.0, 0.0, 0.0]}], "rb_ScNup188_CTD_nucl_out.pdb_0": [{"rot": [[1.0, 0.0, 0.0], [0.0, 1.0, 0.0], [0.0, 0.0, 1.0]], "trans": [0.0, 0.0, 0.0]}], "rb_ScNup192_NTD_cyt_in.pdb_0": [{"rot": [[1.0, 0.0, 0.0], [0.0, 1.0, 0.0], [0.0, 0.0, 1.0]], "trans": [0.0, 0.0, 0.0]}], "rb_ScNup192_NTD_nucl_in.pdb_0": [{"rot": [[1.0, 0.0, 0.0], [0.0, 1.0, 0.0], [0.0, 0.0, 1.0]], "trans": [0.0, 0.0, 0.0]}], "rb_ScNup192_CTD_cyt_in.pdb_0": [{"rot": [[1.0, 0.0, 0.0], [0.0, 1.0, 0.0], [0.0, 0.0, 1.0]], "trans": [0.0, 0.0, 0.0]}], "rb_ScNup192_CTD_nucl_in.pdb_0": [{"rot": [[1.0, 0.0, 0.0], [0.0, 1.0, 0.0], [0.0, 0.0, 1.0]], "trans": [0.0, 0.0, 0.0]}], "rb_ScNup157_NTD_cyt_out.pdb_0": [{"rot": [[1.0, 0.0, 0.0], [0.0, 1.0, 0.0], [0.0, 0.0, 1.0]], "trans": [0.0, 0.0, 0.0]}], "rb_ScNup157_NTD_nucl_out.pdb_0": [{"rot": [[1.0, 0.0, 0.0], [0.0, 1.0, 0.0], [0.0, 0.0, 1.0]], "trans": [0.0, 0.0, 0.0]}], "rb_ScNup157_CTD_cyt_out.pdb_0": [{"rot": [[1.0, 0.0, 0.0], [0.0, 1.0, 0.0], [0.0, 0.0, 1.0]], "trans": [0.0, 0.0, 0.0]}], "rb_ScNup157_CTD_nucl_out.pdb_0": [{"rot": [[1.0, 0.0, 0.0], [0.0, 1.0, 0.0], [0.0, 0.0, 1.0]], "trans": [0.0, 0.0, 0.0]}], "rb_ScNup170_NTD_cyt_in.pdb_0": [{"rot": [[0.9838747862476691, -0.10710205055270886, -0.1432464860075438], [0.05230771020042906, 0.9381765579808328, -0.34218218759723035], [0.17103890913968195, 0.3291715310026722, 0.9286505234681481]], "trans": [222.66968239499636, 330.0989332906089, -272.2387611413442]}], "rb_ScNup170_NTD_nucl_in.pdb_0": [{"rot": [[0.9909345803399096, 0.017514607901572422, 0.1331987086897616], [-0.009926174820491879, 0.9983005978853466, -0.05742288146018932], [-0.1339780897758989, 0.05558016527334277, 0.9894244370785409]], "trans": [-130.6919590703709, 66.49191114107663, 85.54242782733195]}], "rb_ScNup170_CTD_cyt_in.pdb_0": [{"rot": [[1.0, 0.0, 0.0], [0.0, 1.0, 0.0], [0.0, 0.0, 1.0]], "trans": [0.0, 0.0, 0.0]}], "rb_ScNup170_CTD_nucl_in.pdb_0": [{"rot": [[1.0, 0.0, 0.0], [0.0, 1.0, 0.0], [0.0, 0.0, 1.0]], "trans": [0.0, 0.0, 0.0]}]}
