{"rb_ScNup133N_56-480_renamed_CR.pdb_0": [{"rot": [[0.9999882565299582, 0.0008680646533681846, -0.004767941477407711], [-0.0008295554340732184, 0.9999670707695679, 0.008072745153382339], [0.004774792137487416, -0.00806869507957955, 0.9999560477939801]], "trans": [7.146654235523215, -8.246013532297127, -0.42024392318921855]}], "rb_ScNup133N_56-480_renamed_NR.pdb_0": [{"rot": [[0.9745646685067096, -0.20858629530138278, 0.08194793658690322], [0.21743341814415346, 0.9686312874118085, -0.1203168222697558], [-0.05428089509723003, 0.135074743973056, 0.9893474606871221]], "trans": [104.74915316165266, 24.54862766931035, -72.50612412102419]}], "rb_ScNup133C_490_881_renamed_relative_3CQC_CR.pdb_0": [{"rot": [[1.0, 0.0, 0.0], [0.0, 1.0, 0.0], [0.0, 0.0, 1.0]], "trans": [0.0, 0.0, 0.0]}], "rb_ScNup133C_490_881_renamed_relative_3CQC_NR.pdb_0": [{"rot": [[0.9995450320266114, -0.02440796756657522, 0.017719482785617642], [0.024603158761829974, 0.9996380627386604, -0.010882467690668153], [-0.01744745052610773, 0.011313471764549525, 0.9997837725362279]], "trans": [2.5448973039485168, -3.7613633183610773, -2.067489076034576]}], "rb_ScNup84_506-726_ScNup133C_882_1155_renamed_relative_3CQC_CR.pdb_0": [{"rot": [[0.9919562326636301, -0.032689945652981875, 0.12228736620347673], [0.026395538321331846, 0.998259202897018, 0.05274314541376017], [-0.12379865926780158, -0.04909105096262495, 0.9910923068407299]], "trans": [-118.5678726227361, -79.8208522133624, 130.0841450725443]}], "rb_ScNup84_506-726_ScNup133C_882_1155_renamed_relative_3CQC_new_NR.pdb_0": [{"rot": [[0.993443999151959, -0.05468309360198831, -0.1003931263736683], [0.04107169787116312, 0.9902696328429554, -0.13296303961273778], [0.10668709473475714, 0.12796801765751772, 0.9860233517893289]], "trans": [119.98726457482383, 90.66064884905256, -136.0423406008365]}], "rb_4XMM.renamed.noAb_Nup145c_149-550_Sec13_Nup84_7-436_3IKO_updated_CR.pdb_0": [{"rot": [[1.0, 0.0, 0.0], [0.0, 1.0, 0.0], [0.0, 0.0, 1.0]], "trans": [0.0, 0.0, 0.0]}], "rb_4XMM.renamed.noAb_Nup145c_149-550_Sec13_Nup84_7-436_3IKO_updated_NR.pdb_0": [{"rot": [[0.9998466980632806, -0.0038314866441349553, -0.017085083612614443], [0.004030385081244726, 0.9999243344956527, 0.011622447226059198], [0.01703925960982727, -0.011689524948494128, 0.9997864865252114]], "trans": [16.88164023710715, -11.9134749266899, -5.687887753256973]}], "rb_4XMM.renamed.noAb_Seh1_Nup85_47_544_3F3F_CR.pdb_0": [{"rot": [[0.9944584089557519, 0.1038544820939382, 0.016331546350376036], [-0.10393386066129127, 0.9945758139685469, 0.004086915321066757], [-0.01581851653075913, -0.005761667970488336, 0.999858278816035]], "trans": [-74.32797916883328, 64.30622253589729, 11.921932472981553]}], "rb_4XMM.renamed.noAb_Seh1_Nup85_47_544_3F3F_NR.pdb_0": [{"rot": [[0.9919493240269573, -0.0053971021048419485, 0.1265203930255188], [0.03320551704190684, 0.9752184450331393, -0.21873814963358615], [-0.12220446882353145, 0.22117833473470092, 0.9675464908951624]], "trans": [-90.27815657502526, 165.81309395522607, -13.909712468805765]}], "rb_4XMM.renamed.noAb_Nup120_715-1036_Nup85_553-744_Nup145c_92-99_554-712_remaining_updated_CR.pdb_0": [{"rot": [[0.9997923759897961, 0.01811487175807053, -0.009330398376632703], [-0.018279694570166576, 0.9996727811999143, -0.017893666322178692], [0.009003203824163608, 0.01806050799996246, 0.9997963594511053]], "trans": [1.2394617239267518, 32.42329881813521, -16.708420667241626]}], "rb_4XMM.renamed.noAb_Nup120_715-1036_Nup85_553-744_Nup145c_92-99_554-712_remaining_updated_NR.pdb_0": [{"rot": [[0.9999964958533939, 0.001587203351363227, 0.0021187417150007972], [-0.001588464059360442, 0.9999985622826654, 0.0005934766503824136], [-0.0021177967007206633, -0.0005968401158185698, 0.9999975793565755]], "trans": [-2.3834123419604794, 0.6504116098889199, 2.1776006028735537]}], "rb_4XMM.renamed.noAb_Nup120_2-711_3F7F_updated_CR.pdb_0": [{"rot": [[0.9836128358583583, -0.17382956284114295, -0.047844249572286016], [0.1617719628689059, 0.9680789610261556, -0.19144962065269333], [0.07959661528117508, 0.1805724461289041, 0.9803356417752057]], "trans": [160.8067458942641, 141.11079586197843, -126.21728905689861]}], "rb_4XMM.renamed.noAb_Nup120_2-711_3F7F_updated_NR.pdb_0": [{"rot": [[0.9861812386052589, 0.07773416280567766, -0.14630093832883753], [-0.07132336942203549, 0.9962698115571542, 0.048574062565950496], [0.14953107234714055, -0.037468153314160285, 0.9880468591569638]], "trans": [86.04882222839205, 11.170963424240199, -68.8575417062508]}], "rb_ScNic96_CTD_cyt_out.pdb_0": [{"rot": [[0.9999215160564197, 0.01252606884789881, -0.0002435706246646299], [-0.012527094189881528, 0.9999100060363975, -0.004801222703625263], [0.00018340825863899426, 0.004803897116890537, 0.9999884444001848]], "trans": [-4.576860035812956, 14.977536064678134, -1.0957515729953684]}], "rb_ScNic96_CTD_cyt_in.pdb_0": [{"rot": [[1.0, 0.0, 0.0], [0.0, 1.0, 0.0], [0.0, 0.0, 1.0]], "trans": [0.0, 0.0, 0.0]}], "rb_ScNic96_CTD_nucl_in.pdb_0": [{"rot": [[1.0, 0.0, 0.0], [0.0, 1.0, 0.0], [0.0, 0.0, 1.0]], "trans": [0.0, 0.0, 0.0]}], "rb_ScNic96_CTD_nucl_out.pdb_0": [{"rot": [[0.9988674490447779, 0.04748918629916269, -0.0029319657947669982], [-0.04738410839892553, 0.9984531359401446, 0.0290874818870596], [0.004308771288562442, -0.02891561024662222, 0.9995725696386674]], "trans": [-28.792402325615058, 6.33033870050042, 19.681505681815906]}], "rb_ScNsp1_complex_cyt_out.pdb_0": [{"rot": [[1.0, 0.0, 0.0], [0.0, 1.0, 0.0], [0.0, 0.0, 1.0]], "trans": [0.0, 0.0, 0.0]}], "rb_ScNsp1_complex_cyt_in.pdb_0": [{"rot": [[1.0, 0.0, 0.0], [0.0, 1.0, 0.0], [0.0, 0.0, 1.0]], "trans": [0.0, 0.0, 0.0]}], "rb_ScNsp1_complex_nucl_in.pdb_0": [{"rot": [[1.0, 0.0, 0.0], [0.0, 1.0, 0.0], [0.0, 0.0, 1.0]], "trans": [0.0, 0.0, 0.0]}], "rb_ScNsp1_complex_nucl_out.pdb_0": [{"rot": [[1.0, 0.0, 0.0], [0.0, 1.0, 0.0], [0.0, 0.0, 1.0]], "trans": [0.0, 0.0, 0.0]}], "rb_ScNup188_NTD_cyt_out.pdb_0": [{"rot": [[1.0, 0.0, 0.0], [0.0, 1.0, 0.0], [0.0, 0.0, 1.0]], "trans": [0.0, 0.0, 0.0]}], "rb_ScNup188_NTD_nucl_out.pdb_0": [{"rot": [[1.0, 0.0, 0.0], [0.0, 1.0, 0.0], [0.0, 0.0, 1.0]], "trans": [0.0, 0.0, 0.0]}], "rb_ScNup188_CTD_cyt_out.pdb_0": [{"rot": [[1.0, 0.0, 0.0], [0.0, 1.0, 0.0], [0.0, 0.0, 1.0]], "trans": [0.0, 0.0, 0.0]}], "rb_ScNup188_CTD_nucl_out.pdb_0": [{"rot": [[1.0, 0.0, 0.0], [0.0, 1.0, 0.0], [0.0, 0.0, 1.0]], "trans": [0.0, 0.0, 0.0]}], "rb_ScNup192_NTD_cyt_in.pdb_0": [{"rot": [[0.9994409629485108, 0.030035189007744694, 0.014684992401166117], [-0.030133492523326432, 0.9995246227071637, 0.00651929677560826], [-0.014482203178380155, -0.006958162355886686, 0.9998709165525963]], "trans": [-35.68990338538879, 13.867282587927775, 15.696873315871699]}], "rb_ScNup192_NTD_nucl_in.pdb_0": [{"rot": [[1.0, 0.0, 0.0], [0.0, 1.0, 0.0], [0.0, 0.0, 1.0]], "trans": [0.0, 0.0, 0.0]}], "rb_ScNup192_CTD_cyt_in.pdb_0": [{"rot": [[1.0, 0.0, 0.0], [0.0, 1.0, 0.0], [0.0, 0.0, 1.0]], "trans": [0.0, 0.0, 0.0]}], "rb_ScNup192_CTD_nucl_in.pdb_0": [{"rot": [[1.0, 0.0, 0.0], [0.0, 1.0, 0.0], [0.0, 0.0, 1.0]], "trans": [0.0, 0.0, 0.0]}], "rb_ScNup157_NTD_cyt_out.pdb_0": [{"rot": [[1.0, 0.0, 0.0], [0.0, 1.0, 0.0], [0.0, 0.0, 1.0]], "trans": [0.0, 0.0, 0.0]}], "rb_ScNup157_NTD_nucl_out.pdb_0": [{"rot": [[1.0, 0.0, 0.0], [0.0, 1.0, 0.0], [0.0, 0.0, 1.0]], "trans": [0.0, 0.0, 0.0]}], "rb_ScNup157_CTD_cyt_out.pdb_0": [{"rot": [[1.0, 0.0, 0.0], [0.0, 1.0, 0.0], [0.0, 0.0, 1.0]], "trans": [0.0, 0.0, 0.0]}], "rb_ScNup157_CTD_nucl_out.pdb_0": [{"rot": [[0.99983098015753, 0.016954109359950554, -0.007111208972005269], [-0.01692373666809051, 0.9998474949555949, 0.00430975268559049], [0.0071831924951110595, -0.004188676023836507, 0.9999654277717533]], "trans": [-5.126338656906, 6.809569629215957, -0.33641533790762423]}], "rb_ScNup170_NTD_cyt_in.pdb_0": [{"rot": [[0.9992759677748192, 0.03767041547291772, -0.00533666804247448], [-0.03635921045759967, 0.9868266671901585, 0.15764243317477405], [0.01120482229211073, -0.157334257936601, 0.9874818394466506]], "trans": [-24.8145760796574, -119.76847137453103, 117.67004002584486]}], "rb_ScNup170_NTD_nucl_in.pdb_0": [{"rot": [[0.9770137243751937, 0.02705689516447301, 0.21145237479529821], [-0.03719722449156294, 0.9983332730690582, 0.04412530309635869], [-0.20990604772763655, -0.0509764681718925, 0.9763917506923556]], "trans": [-200.91660927808755, -11.283872262898512, 218.64787030110767]}], "rb_ScNup170_CTD_cyt_in.pdb_0": [{"rot": [[1.0, 0.0, 0.0], [0.0, 1.0, 0.0], [0.0, 0.0, 1.0]], "trans": [0.0, 0.0, 0.0]}], "rb_ScNup170_CTD_nucl_in.pdb_0": [{"rot": [[1.0, 0.0, 0.0], [0.0, 1.0, 0.0], [0.0, 0.0, 1.0]], "trans": [0.0, 0.0, 0.0]}]}
