{"rb_ScNup133N_56-480_renamed_CR.pdb_0": [{"rot": [[0.9997984066942582, 0.012081214646701123, -0.01603715137681927], [-0.011558437343890823, 0.9994113904864501, 0.032299769226853306], [0.016417932202017156, -0.0321078934002367, 0.9993495558029779]], "trans": [13.632861178876851, -28.16050391812132, -2.3393975661056174]}], "rb_ScNup133N_56-480_renamed_NR.pdb_0": [{"rot": [[1.0, 0.0, 0.0], [0.0, 1.0, 0.0], [0.0, 0.0, 1.0]], "trans": [0.0, 0.0, 0.0]}], "rb_ScNup133C_490_881_renamed_relative_3CQC_CR.pdb_0": [{"rot": [[0.9946353718874814, 0.0449669607439082, 0.09315819573020606], [-0.04486841714860877, 0.9989879294377528, -0.003153090586974434], [-0.09320569796332193, -0.0010436853582643968, 0.9956463270599871]], "trans": [-118.00189131771037, 42.58413080187313, 86.10951035479434]}], "rb_ScNup133C_490_881_renamed_relative_3CQC_NR.pdb_0": [{"rot": [[1.0, 0.0, 0.0], [0.0, 1.0, 0.0], [0.0, 0.0, 1.0]], "trans": [0.0, 0.0, 0.0]}], "rb_ScNup84_506-726_ScNup133C_882_1155_renamed_relative_3CQC_CR.pdb_0": [{"rot": [[0.9985553286669518, -0.05359652543019799, 0.003829889377780394], [0.053348600522217966, 0.9973992727495243, 0.04846253750105402], [-0.006417352503696458, -0.048188205823939984, 0.9988176582371345]], "trans": [17.576281743324444, -94.05304082479324, 28.005563193403532]}], "rb_ScNup84_506-726_ScNup133C_882_1155_renamed_relative_3CQC_new_NR.pdb_0": [{"rot": [[0.9990017050962171, -0.04420219725363624, 0.006462118290561512], [0.04451770254029657, 0.9970935661543819, -0.06182713396293637], [-0.0037104414001907296, 0.06205309091002511, 0.9980659529976602]], "trans": [27.212918206351162, 29.26804031152767, -43.69078344639615]}], "rb_4XMM.renamed.noAb_Nup145c_149-550_Sec13_Nup84_7-436_3IKO_updated_CR.pdb_0": [{"rot": [[1.0, 0.0, 0.0], [0.0, 1.0, 0.0], [0.0, 0.0, 1.0]], "trans": [0.0, 0.0, 0.0]}], "rb_4XMM.renamed.noAb_Nup145c_149-550_Sec13_Nup84_7-436_3IKO_updated_NR.pdb_0": [{"rot": [[0.9999313073925868, 0.009802959263564198, 0.006425144809956952], [-0.0098636308078642, 0.99990641328024, 0.009480161830480937], [-0.006331609861494004, -0.009542885869738582, 0.9999344198725428]], "trans": [-10.583611945578468, -1.049116522071472, 7.422163539060762]}], "rb_4XMM.renamed.noAb_Seh1_Nup85_47_544_3F3F_CR.pdb_0": [{"rot": [[0.9210107979014329, -0.14983372312885596, 0.3595677482232105], [0.19496625555590535, 0.9764376631313724, -0.09250756300461417], [-0.33723473922992303, 0.15530404190454478, 0.9285221511760698]], "trans": [-278.9984439104287, -5.597390071892505, 206.56054818240318]}], "rb_4XMM.renamed.noAb_Seh1_Nup85_47_544_3F3F_NR.pdb_0": [{"rot": [[0.9991089727472264, 0.040797171628375165, 0.010809780900043555], [-0.03998335008898876, 0.9969474359335937, -0.06706073143870782], [-0.013512671521331693, 0.0665687672452933, 0.9976903361944518]], "trans": [-31.07542815070485, 85.68539111124494, -25.80428739509773]}], "rb_4XMM.renamed.noAb_Nup120_715-1036_Nup85_553-744_Nup145c_92-99_554-712_remaining_updated_CR.pdb_0": [{"rot": [[0.9999999983869077, -2.1237079089764807e-05, 5.2679893549675856e-05], [2.1239169210747903e-05, 0.9999999989873709, -3.9675634987220705e-05], [-5.2679050901732504e-05, 3.9676753800393345e-05, 0.9999999978253364]], "trans": [0.2413408990823882, -1.4717512442629186, 0.593709522112249]}], "rb_4XMM.renamed.noAb_Nup120_715-1036_Nup85_553-744_Nup145c_92-99_554-712_remaining_updated_NR.pdb_0": [{"rot": [[0.9991501502164393, -0.0020383820917828526, -0.04116821979287858], [0.002646378788954753, 0.9998881602334235, 0.014719500817789794], [0.04113361158191962, -0.014815938156844576, 0.9990437998279957]], "trans": [34.79975757751163, -11.978442486353515, -17.868913261622083]}], "rb_4XMM.renamed.noAb_Nup120_2-711_3F7F_updated_CR.pdb_0": [{"rot": [[0.9495553800666221, -0.2923020379703609, -0.11359620937736781], [0.25713995116922517, 0.9330720000571271, -0.2515068353386874], [0.17950940281562305, 0.2096095448870752, 0.961166069414132]], "trans": [319.64983541951665, 172.47721425042846, -174.19659270587204]}], "rb_4XMM.renamed.noAb_Nup120_2-711_3F7F_updated_NR.pdb_0": [{"rot": [[0.9948950166914302, 0.08033766325746712, -0.06107180711988349], [-0.07314980452550428, 0.9910134785914998, 0.11198835362597032], [0.06951986666010622, -0.10694926419711676, 0.9918310556880422]], "trans": [11.745311420229996, -34.626030757918784, 13.17602820325419]}], "rb_ScNic96_CTD_cyt_out.pdb_0": [{"rot": [[0.9905275282418391, -0.03650275969659477, -0.13237357866902583], [0.023675704461747764, 0.9949821594557877, -0.09721092213808448], [0.13525781608968884, 0.09315605669643494, 0.986421447601084]], "trans": [168.0126975940076, 87.89152339032444, -140.54194114181473]}], "rb_ScNic96_CTD_cyt_in.pdb_0": [{"rot": [[1.0, 0.0, 0.0], [0.0, 1.0, 0.0], [0.0, 0.0, 1.0]], "trans": [0.0, 0.0, 0.0]}], "rb_ScNic96_CTD_nucl_in.pdb_0": [{"rot": [[1.0, 0.0, 0.0], [0.0, 1.0, 0.0], [0.0, 0.0, 1.0]], "trans": [0.0, 0.0, 0.0]}], "rb_ScNic96_CTD_nucl_out.pdb_0": [{"rot": [[1.0, 0.0, 0.0], [0.0, 1.0, 0.0], [0.0, 0.0, 1.0]], "trans": [0.0, 0.0, 0.0]}], "rb_ScNsp1_complex_cyt_out.pdb_0": [{"rot": [[1.0, 0.0, 0.0], [0.0, 1.0, 0.0], [0.0, 0.0, 1.0]], "trans": [0.0, 0.0, 0.0]}], "rb_ScNsp1_complex_cyt_in.pdb_0": [{"rot": [[1.0, 0.0, 0.0], [0.0, 1.0, 0.0], [0.0, 0.0, 1.0]], "trans": [0.0, 0.0, 0.0]}], "rb_ScNsp1_complex_nucl_in.pdb_0": [{"rot": [[1.0, 0.0, 0.0], [0.0, 1.0, 0.0], [0.0, 0.0, 1.0]], "trans": [0.0, 0.0, 0.0]}], "rb_ScNsp1_complex_nucl_out.pdb_0": [{"rot": [[1.0, 0.0, 0.0], [0.0, 1.0, 0.0], [0.0, 0.0, 1.0]], "trans": [0.0, 0.0, 0.0]}], "rb_ScNup188_NTD_cyt_out.pdb_0": [{"rot": [[1.0, 0.0, 0.0], [0.0, 1.0, 0.0], [0.0, 0.0, 1.0]], "trans": [0.0, 0.0, 0.0]}], "rb_ScNup188_NTD_nucl_out.pdb_0": [{"rot": [[1.0, 0.0, 0.0], [0.0, 1.0, 0.0], [0.0, 0.0, 1.0]], "trans": [0.0, 0.0, 0.0]}], "rb_ScNup188_CTD_cyt_out.pdb_0": [{"rot": [[1.0, 0.0, 0.0], [0.0, 1.0, 0.0], [0.0, 0.0, 1.0]], "trans": [0.0, 0.0, 0.0]}], "rb_ScNup188_CTD_nucl_out.pdb_0": [{"rot": [[0.9999383018424444, 0.00829577519576667, -0.007387328498833242], [-0.008061755831237525, 0.9994817765827124, 0.031163863239052795], [0.007642028615876751, -0.031102385647505896, 0.9994869889126461]], "trans": [0.45801781890043003, -20.874484953171986, 15.911689436287247]}], "rb_ScNup192_NTD_cyt_in.pdb_0": [{"rot": [[0.9995503182454897, 0.011002198007914047, -0.027894675734536533], [-0.010973934492681902, 0.9999391046183961, 0.0011661117918013834], [0.027905806870445717, -0.0008594730683994837, 0.999610187647642]], "trans": [20.02712638259743, 5.680517456955613, -17.06364965754176]}], "rb_ScNup192_NTD_nucl_in.pdb_0": [{"rot": [[1.0, 0.0, 0.0], [0.0, 1.0, 0.0], [0.0, 0.0, 1.0]], "trans": [0.0, 0.0, 0.0]}], "rb_ScNup192_CTD_cyt_in.pdb_0": [{"rot": [[1.0, 0.0, 0.0], [0.0, 1.0, 0.0], [0.0, 0.0, 1.0]], "trans": [0.0, 0.0, 0.0]}], "rb_ScNup192_CTD_nucl_in.pdb_0": [{"rot": [[1.0, 0.0, 0.0], [0.0, 1.0, 0.0], [0.0, 0.0, 1.0]], "trans": [0.0, 0.0, 0.0]}], "rb_ScNup157_NTD_cyt_out.pdb_0": [{"rot": [[1.0, 0.0, 0.0], [0.0, 1.0, 0.0], [0.0, 0.0, 1.0]], "trans": [0.0, 0.0, 0.0]}], "rb_ScNup157_NTD_nucl_out.pdb_0": [{"rot": [[1.0, 0.0, 0.0], [0.0, 1.0, 0.0], [0.0, 0.0, 1.0]], "trans": [0.0, 0.0, 0.0]}], "rb_ScNup157_CTD_cyt_out.pdb_0": [{"rot": [[1.0, 0.0, 0.0], [0.0, 1.0, 0.0], [0.0, 0.0, 1.0]], "trans": [0.0, 0.0, 0.0]}], "rb_ScNup157_CTD_nucl_out.pdb_0": [{"rot": [[1.0, 0.0, 0.0], [0.0, 1.0, 0.0], [0.0, 0.0, 1.0]], "trans": [0.0, 0.0, 0.0]}], "rb_ScNup170_NTD_cyt_in.pdb_0": [{"rot": [[0.9632604850908368, -0.2649711266516222, 0.04381255417728618], [0.2650823502951006, 0.9642199316795979, 0.003357218166745398], [-0.04313450387558935, 0.0083800592338915, 0.9990341281370947]], "trans": [173.394950381914, -140.9738182322085, 14.806339174581126]}], "rb_ScNup170_NTD_nucl_in.pdb_0": [{"rot": [[0.9735732608819223, 0.016500071166431866, 0.22777807916312423], [-0.03156572960292731, 0.997535747943535, 0.06265809037440234], [-0.22618291361279855, -0.06819222262277844, 0.9716949677565436]], "trans": [-207.06699021816019, -32.315669353231215, 243.89754098621358]}], "rb_ScNup170_CTD_cyt_in.pdb_0": [{"rot": [[1.0, 0.0, 0.0], [0.0, 1.0, 0.0], [0.0, 0.0, 1.0]], "trans": [0.0, 0.0, 0.0]}], "rb_ScNup170_CTD_nucl_in.pdb_0": [{"rot": [[1.0, 0.0, 0.0], [0.0, 1.0, 0.0], [0.0, 0.0, 1.0]], "trans": [0.0, 0.0, 0.0]}]}
