{"rb_ScNup133N_56-480_renamed_CR.pdb_0": [{"rot": [[0.9999993097130068, -0.001024896466057902, -0.0005745961571703439], [0.001030457588183321, 0.9999518095136443, 0.00976303270237421], [0.0005645623693874007, -0.009763618060050017, 0.9999521753722568]], "trans": [1.7274423256982345, -12.08049601538761, 4.824262847436557]}], "rb_ScNup133N_56-480_renamed_NR.pdb_0": [{"rot": [[0.9886891732130891, -0.14957094939591037, -0.01105666622562958], [0.14995237985629567, 0.9872139371096449, 0.054064092999958235], [0.0028288772776784692, -0.055110556822454124, 0.9984762510846552]], "trans": [128.56665123161423, -98.59180124056252, 43.44769595736659]}], "rb_ScNup133C_490_881_renamed_relative_3CQC_CR.pdb_0": [{"rot": [[0.9998568136288365, 0.016649569617614293, 0.003023916589193965], [-0.01669858633340084, 0.9997163671368027, 0.016980650554662764], [-0.002740338383511464, -0.017028714289159506, 0.9998512456536733]], "trans": [-10.18314876115744, -3.5739091232325677, 10.194894796329436]}], "rb_ScNup133C_490_881_renamed_relative_3CQC_NR.pdb_0": [{"rot": [[0.9998946650514834, 0.007520896284688375, 0.012413497519102772], [-0.007497737725174481, 0.9999700654013116, -0.0019110809248239957], [-0.012427498967463464, 0.0018178064725628315, 0.9999211233137552]], "trans": [-15.071403712667234, 4.395705215503881, 4.132031068978563]}], "rb_ScNup84_506-726_ScNup133C_882_1155_renamed_relative_3CQC_CR.pdb_0": [{"rot": [[0.997649716694699, -0.018634253929163465, 0.06593790533138193], [0.017832277223842063, 0.9997599448882891, 0.012730376505727016], [-0.06615929766857319, -0.011524633506926752, 0.9977425169624338]], "trans": [-65.66545050287823, -27.253669763653647, 60.97979870732206]}], "rb_ScNup84_506-726_ScNup133C_882_1155_renamed_relative_3CQC_new_NR.pdb_0": [{"rot": [[0.9997800652432142, -0.019313082545655783, 0.008174716194339172], [0.020172566063964625, 0.9921980356773229, -0.12302896234812277], [-0.005734868844907258, 0.12316680900569565, 0.9923694112772145]], "trans": [7.683968612687011, 91.6388651536198, -79.22251273327993]}], "rb_4XMM.renamed.noAb_Nup145c_149-550_Sec13_Nup84_7-436_3IKO_updated_CR.pdb_0": [{"rot": [[1.0, 0.0, 0.0], [0.0, 1.0, 0.0], [0.0, 0.0, 1.0]], "trans": [0.0, 0.0, 0.0]}], "rb_4XMM.renamed.noAb_Nup145c_149-550_Sec13_Nup84_7-436_3IKO_updated_NR.pdb_0": [{"rot": [[0.9999335255059579, 0.007763515495819144, -0.00852481063552312], [-0.007712818421089168, 0.9999524712642277, 0.005963861548271362], [0.00857070599359584, -0.005897714787086446, 0.9999458785149632]], "trans": [3.1875833892778473, 0.19659187883792129, -3.3489170882606913]}], "rb_4XMM.renamed.noAb_Seh1_Nup85_47_544_3F3F_CR.pdb_0": [{"rot": [[0.9844734971428332, 0.15619804765170378, -0.08008809732511471], [-0.16015119155229438, 0.9860416561506641, -0.04553513127285959], [0.07185770152002693, 0.05765433414282328, 0.9957471810087172]], "trans": [15.119111500130089, 165.8912624518369, -81.36071547996539]}], "rb_4XMM.renamed.noAb_Seh1_Nup85_47_544_3F3F_NR.pdb_0": [{"rot": [[0.9671997156340971, 0.10962528068152788, 0.22914407675699927], [0.007223217450541032, 0.8898468817614723, -0.45620209573066006], [-0.25391442496830213, 0.4428936947562929, 0.8598678037571449]], "trans": [-220.46251964326245, 417.1999765989555, 31.28657934908051]}], "rb_4XMM.renamed.noAb_Nup120_715-1036_Nup85_553-744_Nup145c_92-99_554-712_remaining_updated_CR.pdb_0": [{"rot": [[0.9980530680319271, 0.0404273554513916, 0.047494234631842755], [-0.04521217714935277, 0.993505016860408, 0.10442049851737085], [-0.042964315768707836, -0.10636451666043308, 0.9933985389389897]], "trans": [-73.70810696123067, -87.2900855931914, 93.31863399679196]}], "rb_4XMM.renamed.noAb_Nup120_715-1036_Nup85_553-744_Nup145c_92-99_554-712_remaining_updated_NR.pdb_0": [{"rot": [[1.0, 0.0, 0.0], [0.0, 1.0, 0.0], [0.0, 0.0, 1.0]], "trans": [0.0, 0.0, 0.0]}], "rb_4XMM.renamed.noAb_Nup120_2-711_3F7F_updated_CR.pdb_0": [{"rot": [[0.9999998891176063, -3.638273667148808e-05, 0.00046951152474384027], [3.544719851968769e-05, 0.9999980144768967, 0.0019924321219096357], [-0.00046958308265108783, -0.0019924152581157675, 0.9999979048843892]], "trans": [1.0515635493543414, -0.4221893103006096, 2.988416197331844]}], "rb_4XMM.renamed.noAb_Nup120_2-711_3F7F_updated_NR.pdb_0": [{"rot": [[0.9968985115036324, 0.062174218110458424, 0.04824649587477521], [-0.06631745551944238, 0.993762906381991, 0.08965088394792396], [-0.042371604350889755, -0.09257241760681469, 0.9948039981037273]], "trans": [-67.509898072282, -23.917503774287525, 77.3040227406525]}], "rb_ScNic96_CTD_cyt_out.pdb_0": [{"rot": [[0.9986900162280948, 0.001778853335259341, -0.05113792298421587], [-0.0006321116484770471, 0.9997481729994059, 0.022431919650666772], [0.051164948169541, -0.02237020932315447, 0.9984396435506989]], "trans": [55.56186110441752, -22.438243112728173, -24.010249535851926]}], "rb_ScNic96_CTD_cyt_in.pdb_0": [{"rot": [[1.0, 0.0, 0.0], [0.0, 1.0, 0.0], [0.0, 0.0, 1.0]], "trans": [0.0, 0.0, 0.0]}], "rb_ScNic96_CTD_nucl_in.pdb_0": [{"rot": [[1.0, 0.0, 0.0], [0.0, 1.0, 0.0], [0.0, 0.0, 1.0]], "trans": [0.0, 0.0, 0.0]}], "rb_ScNic96_CTD_nucl_out.pdb_0": [{"rot": [[0.9995034338865961, 0.030534359182042198, 0.007780652816110045], [-0.030689077941194187, 0.9993164951605994, 0.020608808676271705], [-0.00714605793582127, -0.020837356100952414, 0.9997573397813592]], "trans": [-26.41608700144036, 1.0570569387765545, 21.12267614420682]}], "rb_ScNsp1_complex_cyt_out.pdb_0": [{"rot": [[1.0, 0.0, 0.0], [0.0, 1.0, 0.0], [0.0, 0.0, 1.0]], "trans": [0.0, 0.0, 0.0]}], "rb_ScNsp1_complex_cyt_in.pdb_0": [{"rot": [[1.0, 0.0, 0.0], [0.0, 1.0, 0.0], [0.0, 0.0, 1.0]], "trans": [0.0, 0.0, 0.0]}], "rb_ScNsp1_complex_nucl_in.pdb_0": [{"rot": [[1.0, 0.0, 0.0], [0.0, 1.0, 0.0], [0.0, 0.0, 1.0]], "trans": [0.0, 0.0, 0.0]}], "rb_ScNsp1_complex_nucl_out.pdb_0": [{"rot": [[1.0, 0.0, 0.0], [0.0, 1.0, 0.0], [0.0, 0.0, 1.0]], "trans": [0.0, 0.0, 0.0]}], "rb_ScNup188_NTD_cyt_out.pdb_0": [{"rot": [[1.0, 0.0, 0.0], [0.0, 1.0, 0.0], [0.0, 0.0, 1.0]], "trans": [0.0, 0.0, 0.0]}], "rb_ScNup188_NTD_nucl_out.pdb_0": [{"rot": [[1.0, 0.0, 0.0], [0.0, 1.0, 0.0], [0.0, 0.0, 1.0]], "trans": [0.0, 0.0, 0.0]}], "rb_ScNup188_CTD_cyt_out.pdb_0": [{"rot": [[1.0, 0.0, 0.0], [0.0, 1.0, 0.0], [0.0, 0.0, 1.0]], "trans": [0.0, 0.0, 0.0]}], "rb_ScNup188_CTD_nucl_out.pdb_0": [{"rot": [[1.0, 0.0, 0.0], [0.0, 1.0, 0.0], [0.0, 0.0, 1.0]], "trans": [0.0, 0.0, 0.0]}], "rb_ScNup192_NTD_cyt_in.pdb_0": [{"rot": [[1.0, 0.0, 0.0], [0.0, 1.0, 0.0], [0.0, 0.0, 1.0]], "trans": [0.0, 0.0, 0.0]}], "rb_ScNup192_NTD_nucl_in.pdb_0": [{"rot": [[1.0, 0.0, 0.0], [0.0, 1.0, 0.0], [0.0, 0.0, 1.0]], "trans": [0.0, 0.0, 0.0]}], "rb_ScNup192_CTD_cyt_in.pdb_0": [{"rot": [[1.0, 0.0, 0.0], [0.0, 1.0, 0.0], [0.0, 0.0, 1.0]], "trans": [0.0, 0.0, 0.0]}], "rb_ScNup192_CTD_nucl_in.pdb_0": [{"rot": [[1.0, 0.0, 0.0], [0.0, 1.0, 0.0], [0.0, 0.0, 1.0]], "trans": [0.0, 0.0, 0.0]}], "rb_ScNup157_NTD_cyt_out.pdb_0": [{"rot": [[1.0, 0.0, 0.0], [0.0, 1.0, 0.0], [0.0, 0.0, 1.0]], "trans": [0.0, 0.0, 0.0]}], "rb_ScNup157_NTD_nucl_out.pdb_0": [{"rot": [[1.0, 0.0, 0.0], [0.0, 1.0, 0.0], [0.0, 0.0, 1.0]], "trans": [0.0, 0.0, 0.0]}], "rb_ScNup157_CTD_cyt_out.pdb_0": [{"rot": [[1.0, 0.0, 0.0], [0.0, 1.0, 0.0], [0.0, 0.0, 1.0]], "trans": [0.0, 0.0, 0.0]}], "rb_ScNup157_CTD_nucl_out.pdb_0": [{"rot": [[1.0, 0.0, 0.0], [0.0, 1.0, 0.0], [0.0, 0.0, 1.0]], "trans": [0.0, 0.0, 0.0]}], "rb_ScNup170_NTD_cyt_in.pdb_0": [{"rot": [[0.9933968217196794, -0.06478954182758671, -0.09468405286536864], [0.035303025270872965, 0.9578626764683948, -0.2850487492263876], [0.10916249815740127, 0.2798238880056085, 0.9538250052800361]], "trans": [136.29901336346848, 273.53437430669686, -218.843672078071]}], "rb_ScNup170_NTD_nucl_in.pdb_0": [{"rot": [[0.9821708469834609, 0.04040310766519153, 0.18359742979351804], [-0.0596786974927749, 0.9931247494035749, 0.10070593422262736], [-0.17826631875190754, -0.10986728818479696, 0.9778293811220655]], "trans": [-184.06401866313774, -43.45250539575159, 223.6617695068055]}], "rb_ScNup170_CTD_cyt_in.pdb_0": [{"rot": [[1.0, 0.0, 0.0], [0.0, 1.0, 0.0], [0.0, 0.0, 1.0]], "trans": [0.0, 0.0, 0.0]}], "rb_ScNup170_CTD_nucl_in.pdb_0": [{"rot": [[1.0, 0.0, 0.0], [0.0, 1.0, 0.0], [0.0, 0.0, 1.0]], "trans": [0.0, 0.0, 0.0]}]}
