{"rb_ScNup133N_56-480_renamed_CR.pdb_0": [{"rot": [[0.9982826270973955, 0.020742144814713027, -0.05478649344508091], [-0.018655328241240807, 0.9990909586705936, 0.0383306017548083], [0.055531749150679405, -0.03724271379960949, 0.9977620984508813]], "trans": [56.695374854086594, -26.828091420347164, -32.944018420641214]}], "rb_ScNup133N_56-480_renamed_NR.pdb_0": [{"rot": [[0.9994641526171024, 0.009688756075002435, -0.03126556634856929], [-0.010037063902447563, 0.9998890933857434, -0.011002648610886406], [0.031155496811892912, 0.011310567357810124, 0.9994505520957246]], "trans": [17.193115792415995, 13.186452501485519, -22.04846935267267]}], "rb_ScNup133C_490_881_renamed_relative_3CQC_CR.pdb_0": [{"rot": [[1.0, 0.0, 0.0], [0.0, 1.0, 0.0], [0.0, 0.0, 1.0]], "trans": [0.0, 0.0, 0.0]}], "rb_ScNup133C_490_881_renamed_relative_3CQC_NR.pdb_0": [{"rot": [[1.0, 0.0, 0.0], [0.0, 1.0, 0.0], [0.0, 0.0, 1.0]], "trans": [0.0, 0.0, 0.0]}], "rb_ScNup84_506-726_ScNup133C_882_1155_renamed_relative_3CQC_CR.pdb_0": [{"rot": [[0.9968195138407507, -0.01011820808131182, 0.0790473193189528], [0.009812389430511855, 0.999942798882995, 0.004256286609935239], [-0.07908586371756453, -0.0034671064686869544, 0.9968617784491396]], "trans": [-83.40770832401347, -13.029402973102151, 69.3688757492996]}], "rb_ScNup84_506-726_ScNup133C_882_1155_renamed_relative_3CQC_new_NR.pdb_0": [{"rot": [[0.9996241780563614, -0.012768256016285817, 0.02425848889453175], [0.013633357659299268, 0.9992646266230506, -0.03583765531990881], [-0.023783065489485687, 0.03615491139800433, 0.9990631552498194]], "trans": [-9.363490478536903, 22.869704919681453, -14.742864150764149]}], "rb_4XMM.renamed.noAb_Nup145c_149-550_Sec13_Nup84_7-436_3IKO_updated_CR.pdb_0": [{"rot": [[0.9996173143467063, 0.027518293088294263, 0.0028228361242926153], [-0.027590017612019863, 0.9991787879105954, 0.029673906343479065], [-0.002003942725306487, -0.029740432663629315, 0.9995556467143457]], "trans": [-19.041597932149898, -12.290526669200744, 19.122396493567066]}], "rb_4XMM.renamed.noAb_Nup145c_149-550_Sec13_Nup84_7-436_3IKO_updated_NR.pdb_0": [{"rot": [[0.9999963026397676, -0.0013722754974938292, -0.0023476726248132396], [0.0014287142967886594, 0.9997058742462859, 0.024209993245089316], [0.002313759333308265, -0.024213257885466313, 0.9997041385631649]], "trans": [2.5602821322388536, -19.86086365755341, 13.498140698027896]}], "rb_4XMM.renamed.noAb_Seh1_Nup85_47_544_3F3F_CR.pdb_0": [{"rot": [[0.9947689271309321, 0.1020363835715119, 0.004833015872189383], [-0.10162664420907622, 0.9933431642557866, -0.05423452049297013], [-0.01033473761521677, 0.05345965257975266, 0.9985165290291773]], "trans": [-59.91981084864233, 132.75411532407122, -26.884486168715284]}], "rb_4XMM.renamed.noAb_Seh1_Nup85_47_544_3F3F_NR.pdb_0": [{"rot": [[0.9984023045475965, -0.010885113743898039, 0.05544684457055463], [0.024679884099720228, 0.9667279455943112, -0.25461339817029893], [-0.05083051834157525, 0.2555750251996177, 0.9654520520975352]], "trans": [-36.99654285453164, 203.86776832539147, -84.85250075444128]}], "rb_4XMM.renamed.noAb_Nup120_715-1036_Nup85_553-744_Nup145c_92-99_554-712_remaining_updated_CR.pdb_0": [{"rot": [[0.9999892100146079, 0.0030817988860171626, 0.003475970366147796], [-0.003030522685841635, 0.999887919571534, -0.014661658404161459], [-0.003520765060436932, 0.01465096619803153, 0.9998864702569255]], "trans": [-6.490312690889368, 19.699662643951342, -4.903953102069863]}], "rb_4XMM.renamed.noAb_Nup120_715-1036_Nup85_553-744_Nup145c_92-99_554-712_remaining_updated_NR.pdb_0": [{"rot": [[1.0, 0.0, 0.0], [0.0, 1.0, 0.0], [0.0, 0.0, 1.0]], "trans": [0.0, 0.0, 0.0]}], "rb_4XMM.renamed.noAb_Nup120_2-711_3F7F_updated_CR.pdb_0": [{"rot": [[0.9975427962493604, -0.06995704379946038, -0.0037923177406841376], [0.06969248209714235, 0.9963938597146167, -0.04839663482254884], [0.007164327612932026, 0.04801341839369526, 0.9988209970079751]], "trans": [44.544438964119536, 18.606836651650724, -29.05547962082369]}], "rb_4XMM.renamed.noAb_Nup120_2-711_3F7F_updated_NR.pdb_0": [{"rot": [[0.9892529528800684, 0.13695666800285342, -0.05120025690970861], [-0.13460485578791478, 0.9897899468674141, 0.04687636801753567], [0.05709753073801566, -0.039480782284004465, 0.9975876602153133]], "trans": [-19.307411673541083, 57.01638801819621, -14.805696697805843]}], "rb_ScNic96_CTD_cyt_out.pdb_0": [{"rot": [[0.9996861201370624, -0.022712740845320812, 0.010573202381495516], [0.021878960373407513, 0.9970754283031351, 0.07322500506724956], [-0.01220542085655511, -0.0729706905367707, 0.9972593975612871]], "trans": [3.708135260824065, -88.91374327217818, 54.570970414879866]}], "rb_ScNic96_CTD_cyt_in.pdb_0": [{"rot": [[1.0, 0.0, 0.0], [0.0, 1.0, 0.0], [0.0, 0.0, 1.0]], "trans": [0.0, 0.0, 0.0]}], "rb_ScNic96_CTD_nucl_in.pdb_0": [{"rot": [[1.0, 0.0, 0.0], [0.0, 1.0, 0.0], [0.0, 0.0, 1.0]], "trans": [0.0, 0.0, 0.0]}], "rb_ScNic96_CTD_nucl_out.pdb_0": [{"rot": [[0.9988573718890501, 0.03141479066331449, -0.03601474073875515], [-0.032281796732390934, 0.9991965828287872, -0.023750251851364007], [0.03523969668751726, 0.024885734685854755, 0.9990689986114658]], "trans": [9.841375966385613, 42.25196561332302, -36.46753113052705]}], "rb_ScNsp1_complex_cyt_out.pdb_0": [{"rot": [[1.0, 0.0, 0.0], [0.0, 1.0, 0.0], [0.0, 0.0, 1.0]], "trans": [0.0, 0.0, 0.0]}], "rb_ScNsp1_complex_cyt_in.pdb_0": [{"rot": [[1.0, 0.0, 0.0], [0.0, 1.0, 0.0], [0.0, 0.0, 1.0]], "trans": [0.0, 0.0, 0.0]}], "rb_ScNsp1_complex_nucl_in.pdb_0": [{"rot": [[1.0, 0.0, 0.0], [0.0, 1.0, 0.0], [0.0, 0.0, 1.0]], "trans": [0.0, 0.0, 0.0]}], "rb_ScNsp1_complex_nucl_out.pdb_0": [{"rot": [[1.0, 0.0, 0.0], [0.0, 1.0, 0.0], [0.0, 0.0, 1.0]], "trans": [0.0, 0.0, 0.0]}], "rb_ScNup188_NTD_cyt_out.pdb_0": [{"rot": [[1.0, 0.0, 0.0], [0.0, 1.0, 0.0], [0.0, 0.0, 1.0]], "trans": [0.0, 0.0, 0.0]}], "rb_ScNup188_NTD_nucl_out.pdb_0": [{"rot": [[1.0, 0.0, 0.0], [0.0, 1.0, 0.0], [0.0, 0.0, 1.0]], "trans": [0.0, 0.0, 0.0]}], "rb_ScNup188_CTD_cyt_out.pdb_0": [{"rot": [[1.0, 0.0, 0.0], [0.0, 1.0, 0.0], [0.0, 0.0, 1.0]], "trans": [0.0, 0.0, 0.0]}], "rb_ScNup188_CTD_nucl_out.pdb_0": [{"rot": [[1.0, 0.0, 0.0], [0.0, 1.0, 0.0], [0.0, 0.0, 1.0]], "trans": [0.0, 0.0, 0.0]}], "rb_ScNup192_NTD_cyt_in.pdb_0": [{"rot": [[1.0, 0.0, 0.0], [0.0, 1.0, 0.0], [0.0, 0.0, 1.0]], "trans": [0.0, 0.0, 0.0]}], "rb_ScNup192_NTD_nucl_in.pdb_0": [{"rot": [[1.0, 0.0, 0.0], [0.0, 1.0, 0.0], [0.0, 0.0, 1.0]], "trans": [0.0, 0.0, 0.0]}], "rb_ScNup192_CTD_cyt_in.pdb_0": [{"rot": [[1.0, 0.0, 0.0], [0.0, 1.0, 0.0], [0.0, 0.0, 1.0]], "trans": [0.0, 0.0, 0.0]}], "rb_ScNup192_CTD_nucl_in.pdb_0": [{"rot": [[1.0, 0.0, 0.0], [0.0, 1.0, 0.0], [0.0, 0.0, 1.0]], "trans": [0.0, 0.0, 0.0]}], "rb_ScNup157_NTD_cyt_out.pdb_0": [{"rot": [[1.0, 0.0, 0.0], [0.0, 1.0, 0.0], [0.0, 0.0, 1.0]], "trans": [0.0, 0.0, 0.0]}], "rb_ScNup157_NTD_nucl_out.pdb_0": [{"rot": [[0.9999676624707481, 0.00709846778174357, -0.003779651827838264], [-0.007150913412209104, 0.9998757520588337, -0.014047949393151396], [0.003679463297713481, 0.014074523080126135, 0.9998941790759199]], "trans": [-0.9430071080931839, 18.130000909395676, -11.630411523933617]}], "rb_ScNup157_CTD_cyt_out.pdb_0": [{"rot": [[1.0, 0.0, 0.0], [0.0, 1.0, 0.0], [0.0, 0.0, 1.0]], "trans": [0.0, 0.0, 0.0]}], "rb_ScNup157_CTD_nucl_out.pdb_0": [{"rot": [[0.9997646662541521, 0.008284144590696757, 0.020049565035787947], [-0.008193904175000674, 0.9999559461046802, -0.00457884093027582], [-0.02008661355467286, 0.004413479159834365, 0.9997885022131484]], "trans": [-22.92691143618913, 10.153352027930964, 10.416134339216342]}], "rb_ScNup170_NTD_cyt_in.pdb_0": [{"rot": [[0.9894136700808298, -0.1427185704694314, 0.026305875776062956], [0.14172222065244758, 0.9892334391093258, 0.03649678234140356], [-0.031231420565236548, -0.032382288231358226, 0.9989874802911092]], "trans": [83.62710928643367, -114.55996469571858, 40.00193748372055]}], "rb_ScNup170_NTD_nucl_in.pdb_0": [{"rot": [[0.983730394734738, 0.07318004398191366, 0.164070690977519], [-0.08223699833243284, 0.9954026999708296, 0.04909726057585128], [-0.15972346909676985, -0.061791148666995845, 0.9852259981172367]], "trans": [-185.7205137943355, 22.079755995863593, 175.54719614729038]}], "rb_ScNup170_CTD_cyt_in.pdb_0": [{"rot": [[1.0, 0.0, 0.0], [0.0, 1.0, 0.0], [0.0, 0.0, 1.0]], "trans": [0.0, 0.0, 0.0]}], "rb_ScNup170_CTD_nucl_in.pdb_0": [{"rot": [[1.0, 0.0, 0.0], [0.0, 1.0, 0.0], [0.0, 0.0, 1.0]], "trans": [0.0, 0.0, 0.0]}]}
